#!ascii label  , from subject cvs_avg35_inMNI152 vox2ras=TkReg
553
32887  -26.721  -38.580  -31.573 0.0000000000
32899  -26.489  -38.797  -31.690 0.0000000000
32912  -25.988  -39.140  -32.085 0.0000000000
32913  -26.331  -39.602  -32.252 0.0000000000
32921  -26.018  -39.030  -32.465 0.0000000000
32922  -26.391  -39.433  -32.927 0.0000000000
32923  -27.154  -39.439  -33.316 0.0000000000
32924  -27.960  -39.468  -33.571 0.0000000000
32925  -28.741  -39.593  -33.758 0.0000000000
32932  -29.465  -39.613  -34.013 0.0000000000
32933  -30.276  -39.616  -34.164 0.0000000000
32934  -31.187  -39.539  -34.288 0.0000000000
32935  -32.164  -39.495  -34.394 0.0000000000
32936  -33.170  -39.439  -34.593 0.0000000000
34008  -26.533  -38.353  -31.661 0.0000000000
34009  -27.052  -38.063  -31.473 0.0000000000
34023  -26.180  -38.338  -31.850 0.0000000000
34030  -25.889  -38.367  -32.269 0.0000000000
34038  -25.876  -38.501  -32.900 0.0000000000
34039  -26.565  -38.533  -33.266 0.0000000000
34040  -27.424  -38.536  -33.449 0.0000000000
34041  -28.320  -38.565  -33.579 0.0000000000
34042  -29.220  -38.586  -33.777 0.0000000000
34043  -29.833  -38.229  -34.007 0.0000000000
34052  -29.841  -38.926  -34.058 0.0000000000
34053  -30.530  -38.579  -34.220 0.0000000000
34054  -31.519  -38.565  -34.376 0.0000000000
34055  -32.419  -38.507  -34.507 0.0000000000
34056  -33.198  -38.387  -34.718 0.0000000000
34866  -29.914  -37.604  -25.289 0.0000000000
34867  -30.330  -37.514  -24.861 0.0000000000
34877  -28.552  -37.600  -26.152 0.0000000000
34878  -29.332  -37.291  -25.927 0.0000000000
34921  -26.443  -37.793  -31.684 0.0000000000
34922  -27.040  -37.459  -31.464 0.0000000000
34936  -25.849  -37.617  -31.946 0.0000000000
34944  -25.649  -37.599  -32.587 0.0000000000
34953  -25.978  -37.596  -33.197 0.0000000000
34954  -26.810  -37.568  -33.383 0.0000000000
34955  -27.765  -37.569  -33.460 0.0000000000
34956  -28.684  -37.569  -33.573 0.0000000000
34957  -29.502  -37.521  -33.731 0.0000000000
34958  -30.210  -37.535  -34.043 0.0000000000
34966  -30.994  -37.641  -34.291 0.0000000000
34967  -31.815  -37.632  -34.424 0.0000000000
34968  -32.597  -37.538  -34.598 0.0000000000
35718  -31.275  -35.692  -23.707 0.0000000000
35728  -30.887  -36.886  -24.190 0.0000000000
35729  -31.345  -36.181  -24.131 0.0000000000
35741  -30.286  -36.938  -25.495 0.0000000000
35742  -30.748  -36.807  -25.091 0.0000000000
35743  -31.171  -36.457  -24.604 0.0000000000
35749  -27.470  -36.838  -26.733 0.0000000000
35750  -28.140  -36.846  -26.575 0.0000000000
35751  -28.991  -36.535  -26.489 0.0000000000
35752  -29.953  -36.701  -25.940 0.0000000000
35753  -30.463  -36.605  -25.611 0.0000000000
35761  -27.083  -36.409  -27.229 0.0000000000
35762  -27.895  -36.329  -26.939 0.0000000000
35763  -28.413  -36.326  -26.746 0.0000000000
35773  -26.653  -36.225  -27.908 0.0000000000
35774  -27.462  -36.311  -28.248 0.0000000000
35794  -26.297  -36.716  -31.678 0.0000000000
35795  -27.324  -36.398  -31.376 0.0000000000
35806  -25.568  -36.690  -32.203 0.0000000000
35816  -25.554  -36.618  -32.902 0.0000000000
35825  -26.202  -36.554  -33.275 0.0000000000
35826  -27.154  -36.562  -33.422 0.0000000000
35827  -28.140  -36.570  -33.462 0.0000000000
35828  -29.047  -36.575  -33.574 0.0000000000
35829  -29.886  -36.599  -33.728 0.0000000000
35830  -30.659  -36.688  -34.062 0.0000000000
35837  -31.343  -36.887  -34.290 0.0000000000
35838  -31.999  -36.677  -34.453 0.0000000000
35839  -32.776  -36.566  -34.768 0.0000000000
36608  -31.450  -35.122  -23.635 0.0000000000
36618  -31.729  -35.439  -24.082 0.0000000000
36633  -31.071  -36.232  -25.348 0.0000000000
36634  -31.527  -35.867  -25.006 0.0000000000
36642  -29.101  -35.976  -26.670 0.0000000000
36643  -29.642  -35.813  -26.597 0.0000000000
36644  -30.791  -35.949  -25.860 0.0000000000
36645  -31.461  -35.373  -25.652 0.0000000000
36654  -27.247  -35.985  -27.464 0.0000000000
36655  -27.750  -35.995  -27.374 0.0000000000
36656  -28.698  -35.647  -27.030 0.0000000000
36657  -29.357  -35.340  -26.862 0.0000000000
36665  -26.968  -35.953  -27.579 0.0000000000
36666  -27.335  -35.689  -27.828 0.0000000000
36667  -28.251  -35.686  -27.948 0.0000000000
36684  -25.769  -34.592  -31.792 0.0000000000
36685  -26.693  -35.234  -31.605 0.0000000000
36686  -27.899  -35.254  -31.293 0.0000000000
36696  -25.161  -34.893  -32.131 0.0000000000
36697  -25.706  -35.671  -31.908 0.0000000000
36709  -24.965  -34.879  -32.707 0.0000000000
36710  -25.404  -35.692  -32.513 0.0000000000
36718  -24.942  -34.685  -33.069 0.0000000000
36719  -25.525  -35.346  -33.112 0.0000000000
36720  -26.556  -35.517  -33.342 0.0000000000
36721  -27.573  -35.566  -33.433 0.0000000000
36722  -28.538  -35.588  -33.485 0.0000000000
36723  -29.439  -35.612  -33.585 0.0000000000
36724  -30.315  -35.668  -33.799 0.0000000000
36730  -31.250  -35.835  -34.196 0.0000000000
36731  -32.163  -35.633  -34.574 0.0000000000
37514  -31.814  -34.601  -23.839 0.0000000000
37520  -32.042  -34.782  -24.555 0.0000000000
37534  -31.909  -34.808  -25.397 0.0000000000
37542  -29.686  -35.223  -26.817 0.0000000000
37543  -30.281  -35.005  -26.679 0.0000000000
37544  -31.332  -34.730  -26.194 0.0000000000
37551  -28.826  -34.875  -27.407 0.0000000000
37552  -29.416  -34.800  -27.127 0.0000000000
37553  -30.132  -34.298  -27.166 0.0000000000
37561  -28.317  -34.799  -27.858 0.0000000000
37562  -28.995  -35.070  -28.414 0.0000000000
37570  -28.759  -34.344  -28.616 0.0000000000
37571  -29.402  -34.561  -29.149 0.0000000000
37578  -25.694  -33.737  -31.676 0.0000000000
37579  -26.466  -33.905  -31.575 0.0000000000
37580  -27.555  -34.041  -31.367 0.0000000000
37581  -28.607  -34.254  -31.014 0.0000000000
37595  -25.099  -34.012  -31.864 0.0000000000
37606  -24.669  -34.183  -32.337 0.0000000000
37611  -24.508  -34.221  -32.929 0.0000000000
37612  -25.024  -34.142  -33.308 0.0000000000
37613  -26.010  -34.443  -33.348 0.0000000000
37614  -27.015  -34.566  -33.427 0.0000000000
37615  -28.000  -34.611  -33.452 0.0000000000
37616  -28.932  -34.636  -33.497 0.0000000000
37617  -29.825  -34.652  -33.628 0.0000000000
37623  -30.715  -34.665  -33.888 0.0000000000
37624  -31.535  -34.683  -34.330 0.0000000000
37625  -32.236  -34.581  -34.858 0.0000000000
38442  -31.654  -33.775  -23.612 0.0000000000
38443  -32.125  -33.855  -24.169 0.0000000000
38449  -32.295  -33.862  -24.984 0.0000000000
38450  -32.281  -33.422  -25.449 0.0000000000
38462  -32.046  -33.956  -25.819 0.0000000000
38463  -32.152  -33.136  -25.964 0.0000000000
38472  -30.784  -34.224  -26.858 0.0000000000
38473  -31.460  -33.504  -26.633 0.0000000000
38474  -31.871  -32.772  -26.487 0.0000000000
38484  -28.860  -34.271  -27.627 0.0000000000
38485  -29.527  -33.875  -27.506 0.0000000000
38486  -30.449  -33.465  -27.307 0.0000000000
38487  -31.066  -32.867  -27.189 0.0000000000
38496  -28.469  -33.856  -28.266 0.0000000000
38504  -28.425  -32.849  -29.765 0.0000000000
38505  -28.638  -33.433  -29.322 0.0000000000
38506  -29.388  -34.083  -29.815 0.0000000000
38513  -25.217  -33.136  -31.694 0.0000000000
38514  -26.047  -32.979  -31.513 0.0000000000
38515  -27.066  -32.895  -31.256 0.0000000000
38516  -28.294  -32.988  -30.540 0.0000000000
38517  -29.098  -33.787  -30.334 0.0000000000
38532  -24.208  -32.903  -31.940 0.0000000000
38533  -24.504  -33.286  -31.953 0.0000000000
38544  -24.086  -32.958  -32.200 0.0000000000
38545  -24.271  -33.526  -32.545 0.0000000000
38550  -23.965  -32.974  -32.686 0.0000000000
38551  -24.266  -33.338  -33.131 0.0000000000
38552  -24.809  -33.234  -33.433 0.0000000000
38553  -25.546  -33.449  -33.504 0.0000000000
38554  -26.474  -33.596  -33.516 0.0000000000
38555  -27.439  -33.667  -33.508 0.0000000000
38556  -28.388  -33.689  -33.503 0.0000000000
38557  -29.288  -33.719  -33.551 0.0000000000
38564  -23.942  -32.948  -33.029 0.0000000000
38565  -24.107  -33.101  -33.134 0.0000000000
38566  -30.127  -33.667  -33.710 0.0000000000
38567  -31.032  -33.549  -34.067 0.0000000000
38568  -31.699  -33.877  -34.583 0.0000000000
38575  -31.515  -33.143  -34.567 0.0000000000
39406  -32.010  -32.693  -23.877 0.0000000000
39407  -32.427  -32.099  -24.517 0.0000000000
39414  -32.293  -33.289  -24.503 0.0000000000
39415  -32.470  -32.689  -25.123 0.0000000000
39423  -32.311  -32.335  -26.191 0.0000000000
39431  -31.518  -32.689  -26.893 0.0000000000
39432  -31.869  -32.172  -26.828 0.0000000000
39443  -28.855  -33.508  -27.879 0.0000000000
39444  -29.476  -32.865  -27.834 0.0000000000
39445  -30.457  -32.475  -27.567 0.0000000000
39446  -31.269  -32.104  -27.343 0.0000000000
39447  -31.746  -31.594  -27.188 0.0000000000
39458  -27.916  -32.462  -28.885 0.0000000000
39459  -28.369  -32.734  -28.552 0.0000000000
39460  -29.048  -32.073  -28.239 0.0000000000
39468  -27.997  -32.509  -29.395 0.0000000000
39469  -28.059  -33.023  -28.971 0.0000000000
39483  -24.325  -32.329  -31.724 0.0000000000
39484  -24.622  -32.499  -31.686 0.0000000000
39485  -25.445  -32.285  -31.426 0.0000000000
39486  -26.333  -32.074  -31.074 0.0000000000
39487  -27.200  -32.026  -30.327 0.0000000000
39503  -24.134  -32.475  -31.862 0.0000000000
39504  -24.376  -32.765  -31.818 0.0000000000
39513  -23.827  -32.417  -32.335 0.0000000000
39518  -23.770  -32.477  -32.928 0.0000000000
39519  -24.250  -32.595  -33.317 0.0000000000
39520  -25.039  -32.579  -33.685 0.0000000000
39521  -25.918  -32.682  -33.722 0.0000000000
39522  -26.848  -32.778  -33.680 0.0000000000
39523  -27.782  -32.800  -33.637 0.0000000000
39524  -28.751  -32.755  -33.626 0.0000000000
39525  -29.557  -32.978  -33.644 0.0000000000
39531  -24.036  -32.758  -33.163 0.0000000000
39532  -24.164  -32.935  -33.196 0.0000000000
39533  -29.324  -32.301  -33.717 0.0000000000
39534  -30.134  -32.523  -33.853 0.0000000000
39535  -30.979  -32.439  -34.316 0.0000000000
39544  -31.644  -32.421  -34.797 0.0000000000
40341  -31.749  -31.543  -23.615 0.0000000000
40342  -32.299  -31.450  -24.260 0.0000000000
40349  -32.656  -31.501  -25.005 0.0000000000
40357  -32.651  -31.600  -25.868 0.0000000000
40361  -32.236  -31.419  -26.739 0.0000000000
40371  -29.817  -31.903  -27.954 0.0000000000
40372  -30.633  -31.617  -27.794 0.0000000000
40373  -31.329  -31.172  -27.631 0.0000000000
40374  -31.874  -31.034  -27.301 0.0000000000
40388  -27.842  -31.982  -28.910 0.0000000000
40389  -28.488  -31.525  -28.687 0.0000000000
40390  -29.328  -31.347  -28.389 0.0000000000
40391  -30.111  -31.123  -28.214 0.0000000000
40392  -30.772  -30.921  -28.063 0.0000000000
40403  -26.758  -31.070  -29.913 0.0000000000
40404  -27.314  -31.433  -29.560 0.0000000000
40405  -27.836  -31.190  -29.105 0.0000000000
40423  -24.305  -32.014  -31.682 0.0000000000
40424  -24.841  -31.720  -31.423 0.0000000000
40425  -25.601  -31.450  -31.026 0.0000000000
40426  -26.379  -31.300  -30.391 0.0000000000
40427  -26.877  -31.439  -29.989 0.0000000000
40446  -23.818  -31.832  -31.894 0.0000000000
40459  -23.543  -31.727  -32.478 0.0000000000
40470  -23.695  -31.723  -33.154 0.0000000000
40471  -24.364  -31.725  -33.629 0.0000000000
40472  -25.253  -31.756  -34.003 0.0000000000
40473  -26.229  -31.979  -33.983 0.0000000000
40474  -27.119  -32.000  -33.892 0.0000000000
40475  -28.007  -31.970  -33.799 0.0000000000
40476  -28.740  -31.915  -33.778 0.0000000000
40486  -25.726  -31.323  -34.179 0.0000000000
40487  -26.424  -31.279  -34.203 0.0000000000
40488  -27.316  -31.258  -34.182 0.0000000000
40489  -28.228  -31.270  -34.124 0.0000000000
40490  -29.254  -31.476  -34.042 0.0000000000
40491  -30.232  -31.540  -34.319 0.0000000000
40492  -31.018  -31.603  -34.676 0.0000000000
40503  -31.679  -31.555  -35.066 0.0000000000
41335  -32.066  -30.482  -23.940 0.0000000000
41342  -32.785  -30.338  -24.781 0.0000000000
41343  -33.126  -29.720  -25.122 0.0000000000
41349  -32.921  -30.722  -25.665 0.0000000000
41350  -33.169  -29.931  -25.573 0.0000000000
41354  -32.715  -30.736  -26.486 0.0000000000
41355  -33.103  -30.080  -26.336 0.0000000000
41363  -31.750  -30.613  -27.683 0.0000000000
41364  -32.328  -30.399  -27.340 0.0000000000
41365  -32.862  -30.114  -26.960 0.0000000000
41375  -28.999  -30.862  -28.775 0.0000000000
41376  -29.704  -30.718  -28.724 0.0000000000
41377  -30.525  -30.409  -28.628 0.0000000000
41378  -31.308  -30.388  -28.184 0.0000000000
41379  -31.909  -30.091  -27.967 0.0000000000
41391  -26.995  -30.760  -29.815 0.0000000000
41392  -27.571  -30.595  -29.628 0.0000000000
41393  -28.420  -30.614  -29.222 0.0000000000
41394  -29.310  -30.382  -29.232 0.0000000000
41395  -30.024  -30.259  -29.170 0.0000000000
41414  -24.226  -31.297  -31.550 0.0000000000
41415  -24.911  -30.906  -31.185 0.0000000000
41416  -25.679  -30.667  -30.693 0.0000000000
41417  -26.475  -30.549  -30.246 0.0000000000
41418  -27.047  -30.360  -30.070 0.0000000000
41435  -23.548  -30.994  -31.907 0.0000000000
41448  -23.338  -30.867  -32.700 0.0000000000
41458  -23.742  -30.847  -33.393 0.0000000000
41459  -24.442  -30.840  -33.952 0.0000000000
41460  -25.140  -31.004  -34.215 0.0000000000
41470  -24.814  -30.461  -34.248 0.0000000000
41471  -25.565  -30.576  -34.360 0.0000000000
41472  -26.527  -30.505  -34.468 0.0000000000
41473  -27.490  -30.508  -34.473 0.0000000000
41474  -28.446  -30.554  -34.458 0.0000000000
41475  -29.439  -30.563  -34.584 0.0000000000
41476  -30.376  -30.822  -34.761 0.0000000000
41477  -31.041  -30.953  -35.009 0.0000000000
41486  -29.897  -30.118  -34.910 0.0000000000
41487  -30.587  -30.212  -35.135 0.0000000000
41488  -31.580  -30.536  -35.310 0.0000000000
42345  -32.592  -29.451  -24.163 0.0000000000
42346  -33.100  -29.327  -24.771 0.0000000000
42352  -33.320  -29.243  -25.410 0.0000000000
42358  -33.340  -29.338  -26.176 0.0000000000
42367  -32.748  -29.753  -27.441 0.0000000000
42368  -33.140  -29.457  -27.065 0.0000000000
42372  -31.147  -29.867  -28.780 0.0000000000
42373  -31.715  -29.669  -28.495 0.0000000000
42374  -32.450  -29.414  -28.125 0.0000000000
42375  -32.908  -29.360  -27.672 0.0000000000
42383  -28.184  -30.160  -29.838 0.0000000000
42384  -28.970  -30.014  -29.817 0.0000000000
42385  -29.852  -29.847  -29.702 0.0000000000
42386  -30.671  -29.733  -29.344 0.0000000000
42387  -31.538  -29.192  -29.242 0.0000000000
42388  -32.033  -29.199  -28.725 0.0000000000
42400  -24.187  -30.419  -31.473 0.0000000000
42401  -25.007  -30.110  -31.058 0.0000000000
42402  -25.861  -29.965  -30.695 0.0000000000
42403  -26.722  -29.980  -30.535 0.0000000000
42404  -27.596  -29.979  -30.323 0.0000000000
42405  -28.563  -29.785  -30.447 0.0000000000
42406  -29.652  -29.417  -30.583 0.0000000000
42407  -30.540  -29.314  -30.068 0.0000000000
42408  -31.062  -29.249  -29.748 0.0000000000
42418  -23.558  -29.906  -32.194 0.0000000000
42419  -24.457  -29.575  -31.660 0.0000000000
42420  -25.390  -29.511  -31.408 0.0000000000
42421  -26.313  -29.596  -31.248 0.0000000000
42422  -27.230  -29.656  -31.132 0.0000000000
42423  -28.137  -29.592  -31.082 0.0000000000
42424  -28.946  -29.401  -31.096 0.0000000000
42433  -23.332  -30.071  -33.053 0.0000000000
42441  -23.832  -29.936  -33.704 0.0000000000
42442  -24.342  -30.118  -34.110 0.0000000000
42448  -24.144  -29.619  -34.131 0.0000000000
42449  -24.739  -29.755  -34.366 0.0000000000
42450  -25.655  -29.693  -34.632 0.0000000000
42451  -26.692  -29.705  -34.799 0.0000000000
42452  -27.660  -29.804  -34.753 0.0000000000
42453  -28.540  -29.780  -34.787 0.0000000000
42454  -29.272  -29.744  -34.910 0.0000000000
42459  -27.050  -29.321  -35.118 0.0000000000
42460  -27.722  -29.178  -35.172 0.0000000000
42461  -28.675  -29.085  -35.228 0.0000000000
42462  -29.788  -29.326  -35.287 0.0000000000
42463  -30.891  -29.494  -35.465 0.0000000000
43286  -33.051  -28.594  -24.327 0.0000000000
43289  -33.381  -28.512  -25.011 0.0000000000
43295  -33.475  -28.561  -25.844 0.0000000000
43302  -33.440  -28.640  -26.745 0.0000000000
43305  -32.708  -28.919  -28.389 0.0000000000
43306  -33.166  -28.732  -27.936 0.0000000000
43317  -31.852  -28.707  -29.568 0.0000000000
43318  -32.464  -28.583  -29.028 0.0000000000
43319  -33.148  -28.203  -28.613 0.0000000000
43329  -30.125  -29.006  -31.091 0.0000000000
43330  -30.556  -28.944  -30.715 0.0000000000
43331  -31.413  -28.656  -30.217 0.0000000000
43332  -32.005  -28.444  -29.744 0.0000000000
43340  -24.173  -29.117  -32.379 0.0000000000
43341  -24.954  -28.916  -32.111 0.0000000000
43342  -25.929  -29.059  -31.995 0.0000000000
43343  -26.898  -29.166  -31.872 0.0000000000
43344  -27.843  -29.220  -31.775 0.0000000000
43345  -28.711  -29.146  -31.681 0.0000000000
43346  -29.658  -28.842  -31.603 0.0000000000
43347  -30.511  -28.598  -31.258 0.0000000000
43348  -30.972  -28.534  -30.876 0.0000000000
43357  -23.650  -29.105  -33.113 0.0000000000
43358  -24.507  -28.221  -32.949 0.0000000000
43359  -25.566  -28.326  -32.659 0.0000000000
43360  -26.588  -28.505  -32.565 0.0000000000
43361  -27.589  -28.663  -32.448 0.0000000000
43362  -28.533  -28.730  -32.261 0.0000000000
43363  -29.123  -28.766  -32.040 0.0000000000
43372  -23.907  -29.087  -34.004 0.0000000000
43373  -24.089  -28.292  -33.763 0.0000000000
43381  -24.299  -29.247  -34.283 0.0000000000
43382  -24.635  -28.623  -34.638 0.0000000000
43383  -25.906  -29.007  -35.010 0.0000000000
43384  -26.563  -29.165  -35.116 0.0000000000
43388  -24.781  -27.936  -35.121 0.0000000000
43389  -25.412  -28.223  -35.297 0.0000000000
43390  -26.644  -28.621  -35.443 0.0000000000
43391  -27.795  -28.466  -35.643 0.0000000000
43392  -28.951  -28.244  -35.897 0.0000000000
43393  -30.244  -28.569  -35.774 0.0000000000
43394  -31.299  -28.755  -35.808 0.0000000000
43403  -29.121  -27.666  -36.418 0.0000000000
43404  -29.786  -27.836  -36.310 0.0000000000
43405  -30.761  -28.021  -36.282 0.0000000000
44211  -33.204  -27.598  -24.461 0.0000000000
44215  -33.464  -27.704  -25.440 0.0000000000
44224  -33.560  -27.905  -26.245 0.0000000000
44232  -33.618  -27.771  -27.085 0.0000000000
44240  -33.553  -27.684  -28.118 0.0000000000
44252  -32.661  -28.052  -29.468 0.0000000000
44253  -33.187  -27.680  -29.190 0.0000000000
44261  -31.693  -28.147  -30.530 0.0000000000
44262  -32.317  -27.894  -30.130 0.0000000000
44263  -33.228  -27.157  -30.017 0.0000000000
44272  -29.860  -28.474  -32.019 0.0000000000
44273  -30.315  -28.294  -31.874 0.0000000000
44274  -31.363  -27.939  -31.216 0.0000000000
44275  -32.289  -27.334  -31.090 0.0000000000
44283  -24.748  -27.503  -33.390 0.0000000000
44284  -25.275  -27.624  -33.191 0.0000000000
44285  -26.281  -27.703  -33.271 0.0000000000
44286  -27.336  -28.018  -33.121 0.0000000000
44287  -28.368  -28.158  -32.941 0.0000000000
44288  -29.564  -28.226  -32.470 0.0000000000
44289  -30.803  -27.534  -32.429 0.0000000000
44290  -31.446  -27.364  -31.971 0.0000000000
44296  -24.411  -27.529  -33.647 0.0000000000
44297  -27.154  -27.371  -33.667 0.0000000000
44298  -28.055  -27.476  -33.600 0.0000000000
44299  -29.102  -27.515  -33.387 0.0000000000
44300  -30.163  -27.348  -33.192 0.0000000000
44301  -30.750  -27.143  -33.072 0.0000000000
44310  -24.251  -27.503  -34.286 0.0000000000
44318  -24.457  -27.458  -34.985 0.0000000000
44319  -24.988  -27.462  -35.466 0.0000000000
44320  -25.919  -27.592  -35.775 0.0000000000
44321  -26.975  -27.829  -35.959 0.0000000000
44322  -27.862  -27.824  -36.125 0.0000000000
44334  -26.454  -27.228  -36.225 0.0000000000
44335  -27.247  -27.206  -36.482 0.0000000000
44336  -28.396  -27.318  -36.592 0.0000000000
44337  -29.386  -27.242  -36.861 0.0000000000
44338  -30.299  -27.412  -36.785 0.0000000000
44339  -31.218  -27.455  -36.767 0.0000000000
44354  -29.992  -26.960  -37.205 0.0000000000
45272  -33.281  -26.852  -25.052 0.0000000000
45282  -33.607  -26.875  -26.079 0.0000000000
45287  -33.868  -26.687  -27.306 0.0000000000
45288  -34.167  -26.160  -27.860 0.0000000000
45296  -33.875  -26.861  -28.424 0.0000000000
45297  -34.321  -26.080  -28.633 0.0000000000
45310  -33.812  -26.693  -29.403 0.0000000000
45311  -34.342  -25.930  -29.571 0.0000000000
45318  -32.887  -27.041  -30.683 0.0000000000
45319  -33.693  -26.270  -30.509 0.0000000000
45320  -34.298  -25.733  -30.174 0.0000000000
45328  -31.927  -27.188  -31.687 0.0000000000
45329  -32.773  -26.426  -31.545 0.0000000000
45330  -33.464  -25.971  -31.198 0.0000000000
45337  -24.665  -27.171  -33.634 0.0000000000
45338  -25.031  -27.048  -33.556 0.0000000000
45339  -25.679  -27.135  -33.588 0.0000000000
45340  -31.076  -27.045  -32.943 0.0000000000
45341  -31.673  -26.771  -32.481 0.0000000000
45342  -32.410  -25.967  -32.417 0.0000000000
45348  -24.632  -26.717  -34.035 0.0000000000
45349  -25.459  -26.502  -33.961 0.0000000000
45350  -26.451  -26.800  -33.979 0.0000000000
45351  -27.651  -26.694  -34.171 0.0000000000
45352  -28.708  -26.859  -34.001 0.0000000000
45353  -29.722  -26.806  -33.833 0.0000000000
45354  -30.881  -26.468  -33.527 0.0000000000
45355  -31.881  -25.929  -33.079 0.0000000000
45356  -32.376  -25.619  -32.826 0.0000000000
45365  -24.406  -26.671  -34.712 0.0000000000
45366  -28.441  -26.230  -34.385 0.0000000000
45367  -29.255  -26.220  -34.318 0.0000000000
45368  -30.143  -26.134  -34.192 0.0000000000
45369  -30.634  -25.974  -34.056 0.0000000000
45380  -24.681  -26.630  -35.419 0.0000000000
45381  -25.253  -26.904  -35.869 0.0000000000
45382  -25.879  -26.915  -36.129 0.0000000000
45397  -25.009  -26.367  -35.910 0.0000000000
45398  -25.501  -26.380  -36.171 0.0000000000
45399  -26.371  -26.469  -36.555 0.0000000000
45400  -27.542  -26.335  -37.107 0.0000000000
45401  -28.709  -26.654  -37.225 0.0000000000
45402  -29.473  -26.704  -37.353 0.0000000000
45417  -28.332  -26.005  -37.575 0.0000000000
46385  -33.088  -25.700  -25.193 0.0000000000
46398  -33.715  -25.619  -26.404 0.0000000000
46399  -33.963  -25.100  -27.034 0.0000000000
46402  -34.033  -25.767  -27.263 0.0000000000
46403  -34.371  -25.292  -27.803 0.0000000000
46412  -34.689  -25.199  -28.832 0.0000000000
46424  -34.681  -25.209  -29.813 0.0000000000
46426  -33.772  -25.763  -31.043 0.0000000000
46427  -34.292  -25.356  -30.765 0.0000000000
46435  -32.929  -25.780  -32.061 0.0000000000
46436  -33.619  -25.398  -31.714 0.0000000000
46437  -34.265  -24.972  -31.366 0.0000000000
46446  -32.933  -25.306  -32.599 0.0000000000
46447  -33.475  -25.012  -32.383 0.0000000000
46455  -24.625  -26.202  -34.567 0.0000000000
46456  -25.104  -25.765  -34.535 0.0000000000
46457  -26.078  -25.835  -34.427 0.0000000000
46458  -26.966  -26.103  -34.386 0.0000000000
46459  -30.950  -25.747  -34.050 0.0000000000
46460  -31.573  -25.367  -33.903 0.0000000000
46461  -32.329  -25.271  -33.259 0.0000000000
46466  -24.579  -25.812  -35.091 0.0000000000
46467  -24.944  -24.993  -35.073 0.0000000000
46468  -26.869  -25.458  -34.656 0.0000000000
46469  -27.776  -25.681  -34.608 0.0000000000
46470  -28.797  -25.600  -34.670 0.0000000000
46471  -29.699  -25.559  -34.609 0.0000000000
46480  -24.904  -25.897  -35.780 0.0000000000
46481  -24.987  -25.150  -35.755 0.0000000000
46493  -25.173  -26.048  -36.085 0.0000000000
46494  -25.554  -25.598  -36.371 0.0000000000
46495  -26.637  -25.504  -37.094 0.0000000000
46496  -27.243  -25.769  -37.280 0.0000000000
46508  -26.935  -24.928  -37.433 0.0000000000
46509  -27.577  -25.409  -37.569 0.0000000000
47501  -33.226  -24.867  -25.812 0.0000000000
47526  -33.617  -24.451  -26.482 0.0000000000
47527  -34.140  -24.389  -27.265 0.0000000000
47530  -34.643  -24.210  -28.110 0.0000000000
47544  -35.072  -24.202  -29.245 0.0000000000
47545  -35.256  -23.618  -29.515 0.0000000000
47555  -34.932  -24.559  -30.286 0.0000000000
47556  -35.271  -23.798  -30.002 0.0000000000
47559  -34.684  -24.577  -31.087 0.0000000000
47560  -35.150  -23.935  -30.787 0.0000000000
47566  -33.792  -24.723  -32.272 0.0000000000
47567  -34.328  -24.404  -31.847 0.0000000000
47568  -34.865  -24.002  -31.407 0.0000000000
47589  -25.439  -25.105  -34.844 0.0000000000
47590  -25.659  -25.389  -34.673 0.0000000000
47600  -25.583  -24.681  -35.234 0.0000000000
47601  -26.198  -24.969  -34.923 0.0000000000
47602  -27.321  -24.783  -35.080 0.0000000000
47603  -28.323  -24.966  -35.090 0.0000000000
47614  -25.383  -24.571  -35.680 0.0000000000
47615  -27.457  -24.314  -35.398 0.0000000000
47616  -27.922  -24.343  -35.479 0.0000000000
47628  -25.579  -24.499  -36.426 0.0000000000
47629  -25.931  -24.984  -36.818 0.0000000000
47643  -25.835  -23.973  -36.870 0.0000000000
47644  -26.301  -24.407  -37.194 0.0000000000
48657  -33.771  -23.703  -26.963 0.0000000000
48658  -34.186  -23.590  -27.501 0.0000000000
48676  -34.477  -23.325  -28.003 0.0000000000
48698  -34.888  -23.422  -28.557 0.0000000000
48699  -35.206  -23.297  -29.149 0.0000000000
48703  -35.363  -23.144  -29.730 0.0000000000
48706  -35.378  -23.165  -30.484 0.0000000000
48738  -26.089  -24.406  -35.385 0.0000000000
48739  -26.733  -24.328  -35.341 0.0000000000
48740  -27.212  -24.305  -35.360 0.0000000000
48751  -25.766  -24.267  -35.618 0.0000000000
48752  -26.311  -23.788  -35.750 0.0000000000
48753  -27.316  -23.818  -35.670 0.0000000000
48773  -25.679  -23.929  -36.042 0.0000000000
48774  -26.147  -23.376  -36.423 0.0000000000
48793  -25.806  -23.789  -36.584 0.0000000000
49789  -33.821  -23.288  -27.308 0.0000000000
49843  -34.548  -22.709  -28.347 0.0000000000
49844  -34.990  -22.810  -28.783 0.0000000000
49861  -35.208  -22.554  -29.296 0.0000000000
51026  -34.782  -22.156  -28.830 0.0000000000
