#!ascii label  , from subject cvs_avg35_inMNI152 vox2ras=TkReg
917
47642  -58.863  -23.174  -37.165 0.0000000000
47662  -58.971  -23.339  -37.555 0.0000000000
47680  -58.786  -23.373  -38.299 0.0000000000
47690  -58.442  -22.847  -38.754 0.0000000000
48770  -57.358  -23.328  -36.064 0.0000000000
48771  -57.981  -23.397  -36.396 0.0000000000
48772  -58.386  -23.364  -36.650 0.0000000000
48789  -57.703  -22.665  -36.494 0.0000000000
48790  -58.152  -22.725  -36.724 0.0000000000
48791  -58.612  -22.827  -36.961 0.0000000000
48792  -58.906  -22.704  -37.406 0.0000000000
48807  -59.085  -22.748  -38.026 0.0000000000
48825  -58.724  -22.585  -38.646 0.0000000000
48841  -57.887  -22.694  -38.965 0.0000000000
48842  -58.416  -22.383  -38.899 0.0000000000
49912  -56.712  -22.606  -36.088 0.0000000000
49913  -57.265  -22.492  -36.300 0.0000000000
49930  -56.348  -21.867  -36.229 0.0000000000
49931  -56.977  -21.844  -36.264 0.0000000000
49932  -57.510  -21.888  -36.531 0.0000000000
49933  -57.959  -21.953  -36.781 0.0000000000
49934  -58.377  -21.985  -36.977 0.0000000000
49935  -58.757  -22.034  -37.292 0.0000000000
49946  -59.154  -22.116  -37.772 0.0000000000
49964  -59.130  -22.020  -38.398 0.0000000000
49979  -57.113  -22.242  -38.950 0.0000000000
49980  -57.747  -22.096  -39.043 0.0000000000
49981  -58.255  -22.044  -39.058 0.0000000000
49982  -58.617  -22.066  -38.935 0.0000000000
51130  -56.563  -21.066  -36.275 0.0000000000
51131  -57.273  -21.086  -36.465 0.0000000000
51132  -57.806  -21.150  -36.829 0.0000000000
51133  -58.255  -21.197  -37.070 0.0000000000
51134  -58.674  -21.297  -37.282 0.0000000000
51148  -59.121  -21.441  -37.622 0.0000000000
51164  -59.363  -21.571  -38.333 0.0000000000
51177  -56.738  -21.367  -39.104 0.0000000000
51178  -57.457  -21.320  -39.180 0.0000000000
51179  -58.088  -21.338  -39.193 0.0000000000
51180  -58.566  -21.622  -39.123 0.0000000000
51181  -58.981  -21.687  -38.896 0.0000000000
52314  -55.958  -20.137  -36.361 0.0000000000
52315  -56.904  -20.207  -36.455 0.0000000000
52316  -57.553  -20.337  -36.889 0.0000000000
52317  -58.159  -20.370  -37.349 0.0000000000
52318  -58.686  -20.609  -37.448 0.0000000000
52319  -59.068  -20.853  -37.605 0.0000000000
52332  -58.695  -19.960  -37.704 0.0000000000
52333  -59.069  -20.099  -37.971 0.0000000000
52334  -59.448  -20.863  -38.170 0.0000000000
52347  -59.150  -20.194  -38.760 0.0000000000
52348  -59.208  -21.047  -38.903 0.0000000000
52359  -55.455  -20.428  -38.954 0.0000000000
52360  -56.304  -20.386  -39.240 0.0000000000
52361  -57.109  -20.414  -39.440 0.0000000000
52362  -57.819  -20.439  -39.419 0.0000000000
52363  -58.522  -20.466  -39.278 0.0000000000
52364  -58.812  -21.363  -39.155 0.0000000000
52371  -58.062  -19.972  -39.510 0.0000000000
52372  -58.221  -19.780  -39.531 0.0000000000
53495  -55.748  -19.178  -36.478 0.0000000000
53496  -56.455  -19.346  -36.605 0.0000000000
53497  -57.242  -19.388  -36.941 0.0000000000
53498  -57.798  -19.724  -37.325 0.0000000000
53510  -57.777  -19.029  -37.399 0.0000000000
53511  -58.358  -19.343  -37.666 0.0000000000
53512  -58.933  -19.276  -38.050 0.0000000000
53523  -54.909  -19.534  -38.879 0.0000000000
53524  -59.033  -19.303  -38.704 0.0000000000
53531  -55.682  -19.489  -39.303 0.0000000000
53532  -56.615  -19.206  -39.822 0.0000000000
53533  -57.461  -19.713  -39.719 0.0000000000
53534  -57.816  -19.858  -39.588 0.0000000000
53535  -58.702  -19.415  -39.343 0.0000000000
53546  -56.937  -18.750  -40.370 0.0000000000
53547  -57.319  -18.998  -40.179 0.0000000000
53548  -57.881  -19.342  -39.825 0.0000000000
53549  -58.293  -19.486  -39.587 0.0000000000
54564  -55.094  -18.482  -36.435 0.0000000000
54565  -56.009  -18.458  -36.752 0.0000000000
54566  -56.721  -18.736  -36.898 0.0000000000
54583  -56.540  -18.147  -37.064 0.0000000000
54584  -57.248  -18.339  -37.278 0.0000000000
54585  -58.118  -18.298  -37.728 0.0000000000
54586  -58.677  -18.632  -38.017 0.0000000000
54603  -54.269  -18.609  -38.958 0.0000000000
54604  -55.093  -18.845  -39.154 0.0000000000
54605  -58.530  -17.937  -38.298 0.0000000000
54606  -58.772  -18.409  -38.681 0.0000000000
54616  -54.791  -18.221  -39.281 0.0000000000
54617  -55.562  -18.456  -39.690 0.0000000000
54618  -56.147  -18.542  -40.111 0.0000000000
54619  -58.638  -18.465  -39.436 0.0000000000
54631  -55.852  -18.133  -40.233 0.0000000000
54632  -56.487  -18.267  -40.562 0.0000000000
54633  -57.175  -18.470  -40.748 0.0000000000
54634  -57.683  -18.526  -40.501 0.0000000000
54635  -58.207  -18.462  -40.183 0.0000000000
54645  -56.955  -17.904  -41.242 0.0000000000
54646  -57.549  -18.082  -41.208 0.0000000000
54647  -58.023  -18.079  -40.980 0.0000000000
54648  -58.187  -18.002  -40.798 0.0000000000
55632  -55.363  -17.505  -36.750 0.0000000000
55633  -56.077  -17.750  -37.032 0.0000000000
55646  -55.877  -17.153  -37.156 0.0000000000
55647  -56.589  -17.412  -37.390 0.0000000000
55648  -57.513  -17.397  -37.782 0.0000000000
55649  -58.157  -17.524  -38.092 0.0000000000
55667  -52.538  -17.733  -38.791 0.0000000000
55668  -53.462  -17.785  -38.988 0.0000000000
55669  -54.194  -17.812  -39.197 0.0000000000
55670  -57.861  -16.959  -38.339 0.0000000000
55671  -58.301  -17.214  -38.677 0.0000000000
55672  -58.567  -17.659  -38.857 0.0000000000
55687  -51.738  -17.093  -39.377 0.0000000000
55688  -52.773  -17.038  -39.219 0.0000000000
55689  -53.710  -17.068  -39.302 0.0000000000
55690  -54.707  -17.441  -39.625 0.0000000000
55691  -55.415  -17.731  -40.023 0.0000000000
55692  -58.445  -17.156  -39.211 0.0000000000
55693  -58.555  -17.539  -39.509 0.0000000000
55708  -55.111  -17.177  -40.125 0.0000000000
55709  -55.715  -17.454  -40.531 0.0000000000
55710  -56.365  -17.421  -41.077 0.0000000000
55711  -58.466  -17.577  -40.277 0.0000000000
55725  -56.789  -17.231  -41.625 0.0000000000
55726  -57.356  -17.580  -41.743 0.0000000000
55727  -57.953  -17.700  -41.672 0.0000000000
55728  -58.344  -17.477  -41.167 0.0000000000
55737  -57.148  -17.015  -42.048 0.0000000000
55738  -57.704  -17.118  -42.140 0.0000000000
55739  -58.254  -17.097  -41.979 0.0000000000
55740  -58.449  -16.887  -41.742 0.0000000000
56835  -54.582  -16.548  -36.858 0.0000000000
56836  -55.380  -16.718  -37.092 0.0000000000
56846  -55.064  -16.077  -37.277 0.0000000000
56847  -55.878  -16.399  -37.689 0.0000000000
56848  -56.831  -16.716  -37.932 0.0000000000
56849  -57.384  -16.728  -38.207 0.0000000000
56862  -56.437  -16.138  -38.290 0.0000000000
56863  -57.022  -16.270  -38.432 0.0000000000
56864  -57.502  -16.357  -38.750 0.0000000000
56865  -57.986  -16.663  -38.818 0.0000000000
56880  -52.368  -16.687  -39.554 0.0000000000
56881  -53.008  -16.260  -39.708 0.0000000000
56882  -54.071  -16.456  -39.715 0.0000000000
56883  -54.676  -16.747  -39.983 0.0000000000
56884  -57.829  -16.212  -39.181 0.0000000000
56885  -58.225  -16.601  -39.291 0.0000000000
56886  -58.453  -16.687  -39.760 0.0000000000
56897  -52.093  -16.523  -39.989 0.0000000000
56898  -52.529  -16.058  -40.539 0.0000000000
56899  -54.448  -16.243  -40.098 0.0000000000
56900  -55.047  -16.493  -40.494 0.0000000000
56901  -55.798  -16.746  -40.991 0.0000000000
56902  -56.291  -16.822  -41.439 0.0000000000
56903  -58.577  -16.704  -40.388 0.0000000000
56912  -52.071  -16.663  -40.690 0.0000000000
56913  -52.403  -16.419  -41.317 0.0000000000
56914  -55.342  -16.107  -41.038 0.0000000000
56915  -55.860  -16.197  -41.475 0.0000000000
56916  -56.570  -16.423  -41.976 0.0000000000
56917  -58.627  -16.822  -40.977 0.0000000000
56923  -52.810  -16.203  -42.154 0.0000000000
56924  -52.901  -15.530  -42.223 0.0000000000
56925  -57.354  -16.412  -42.351 0.0000000000
56926  -58.072  -16.496  -42.451 0.0000000000
56927  -58.534  -16.462  -42.146 0.0000000000
56928  -58.669  -16.530  -41.621 0.0000000000
56934  -52.921  -15.635  -42.679 0.0000000000
58127  -53.948  -16.033  -36.878 0.0000000000
58134  -53.572  -15.071  -37.202 0.0000000000
58135  -54.203  -15.464  -37.286 0.0000000000
58136  -55.140  -15.386  -37.734 0.0000000000
58151  -55.840  -15.352  -38.457 0.0000000000
58152  -56.711  -15.697  -38.727 0.0000000000
58153  -57.145  -15.962  -38.826 0.0000000000
58169  -53.738  -15.869  -39.965 0.0000000000
58170  -54.146  -15.993  -39.993 0.0000000000
58171  -55.937  -14.716  -38.807 0.0000000000
58172  -56.463  -14.942  -38.956 0.0000000000
58173  -57.397  -15.362  -39.286 0.0000000000
58174  -58.123  -15.881  -39.614 0.0000000000
58175  -58.357  -16.247  -39.759 0.0000000000
58186  -53.267  -15.543  -40.434 0.0000000000
58187  -54.293  -15.702  -40.501 0.0000000000
58188  -54.928  -15.873  -40.850 0.0000000000
58189  -57.749  -14.770  -39.774 0.0000000000
58190  -58.118  -15.113  -39.929 0.0000000000
58191  -58.549  -15.749  -40.340 0.0000000000
58200  -52.800  -15.509  -41.343 0.0000000000
58201  -53.706  -14.957  -41.163 0.0000000000
58202  -55.053  -15.255  -41.416 0.0000000000
58203  -56.084  -15.774  -41.942 0.0000000000
58204  -56.444  -15.976  -42.144 0.0000000000
58205  -58.979  -15.792  -41.335 0.0000000000
58213  -52.876  -15.505  -41.947 0.0000000000
58214  -53.148  -14.910  -42.062 0.0000000000
58215  -55.299  -14.719  -41.998 0.0000000000
58216  -55.871  -15.068  -42.138 0.0000000000
58217  -56.714  -15.649  -42.427 0.0000000000
58218  -57.859  -15.670  -42.977 0.0000000000
58219  -58.623  -15.978  -42.740 0.0000000000
58220  -59.100  -15.806  -42.280 0.0000000000
58227  -52.802  -14.944  -42.972 0.0000000000
58228  -58.353  -15.178  -43.353 0.0000000000
58229  -58.743  -15.396  -43.152 0.0000000000
58230  -59.034  -15.525  -42.813 0.0000000000
59507  -53.621  -14.506  -37.535 0.0000000000
59508  -54.445  -14.523  -37.910 0.0000000000
59509  -55.150  -14.749  -38.203 0.0000000000
59523  -54.827  -14.194  -38.380 0.0000000000
59524  -55.431  -14.346  -38.653 0.0000000000
59535  -56.097  -14.143  -39.005 0.0000000000
59536  -56.872  -14.278  -39.303 0.0000000000
59537  -57.456  -14.286  -39.729 0.0000000000
59550  -57.979  -14.317  -40.186 0.0000000000
59551  -58.587  -14.643  -40.577 0.0000000000
59552  -59.149  -14.819  -41.140 0.0000000000
59553  -59.625  -14.413  -41.516 0.0000000000
59563  -53.623  -14.559  -41.668 0.0000000000
59564  -54.159  -14.533  -41.588 0.0000000000
59565  -59.473  -14.883  -41.631 0.0000000000
59566  -59.912  -14.423  -41.919 0.0000000000
59576  -53.791  -14.318  -41.994 0.0000000000
59577  -54.649  -14.310  -42.061 0.0000000000
59578  -55.531  -14.410  -42.452 0.0000000000
59579  -56.381  -14.726  -42.737 0.0000000000
59580  -57.190  -14.992  -42.975 0.0000000000
59581  -59.593  -15.078  -42.100 0.0000000000
59582  -59.907  -14.489  -42.448 0.0000000000
59591  -53.631  -14.021  -42.662 0.0000000000
59592  -54.932  -13.768  -42.698 0.0000000000
59593  -55.946  -13.974  -43.084 0.0000000000
59594  -56.925  -14.301  -43.399 0.0000000000
59595  -57.926  -14.734  -43.521 0.0000000000
59596  -58.828  -14.846  -43.609 0.0000000000
59597  -59.516  -14.870  -42.966 0.0000000000
59598  -60.014  -14.259  -42.790 0.0000000000
60846  -53.189  -13.494  -37.850 0.0000000000
60847  -53.885  -13.983  -37.914 0.0000000000
60859  -53.501  -13.004  -38.255 0.0000000000
60860  -54.220  -13.456  -38.463 0.0000000000
60861  -54.914  -13.866  -38.668 0.0000000000
60869  -54.525  -13.041  -39.059 0.0000000000
60870  -55.227  -13.409  -39.129 0.0000000000
60871  -56.496  -13.306  -39.600 0.0000000000
60872  -57.124  -13.755  -39.667 0.0000000000
60883  -56.866  -12.821  -40.073 0.0000000000
60884  -57.496  -13.285  -40.331 0.0000000000
60885  -58.477  -13.753  -40.699 0.0000000000
60886  -59.198  -14.062  -41.009 0.0000000000
60887  -59.503  -14.247  -41.307 0.0000000000
60895  -57.838  -12.787  -40.899 0.0000000000
60896  -58.338  -12.960  -40.961 0.0000000000
60897  -59.169  -13.217  -41.099 0.0000000000
60898  -59.825  -13.683  -41.580 0.0000000000
60907  -60.279  -13.816  -42.423 0.0000000000
60918  -54.289  -13.318  -43.156 0.0000000000
60919  -55.356  -13.276  -43.311 0.0000000000
60920  -56.493  -13.336  -43.830 0.0000000000
60921  -57.609  -13.895  -44.047 0.0000000000
60922  -58.617  -14.175  -44.126 0.0000000000
60923  -59.510  -14.199  -43.840 0.0000000000
60924  -60.173  -13.837  -43.277 0.0000000000
60933  -56.810  -12.846  -44.290 0.0000000000
60934  -57.401  -13.102  -44.372 0.0000000000
60935  -58.345  -13.358  -44.491 0.0000000000
60936  -59.322  -13.468  -44.403 0.0000000000
60937  -60.059  -13.493  -44.061 0.0000000000
62194  -53.100  -12.673  -38.101 0.0000000000
62208  -52.843  -12.071  -38.181 0.0000000000
62209  -53.463  -12.373  -38.635 0.0000000000
62210  -54.107  -12.709  -39.032 0.0000000000
62219  -53.858  -12.014  -39.320 0.0000000000
62220  -54.653  -12.421  -39.455 0.0000000000
62221  -55.670  -12.399  -39.761 0.0000000000
62222  -56.449  -12.534  -39.995 0.0000000000
62231  -56.212  -11.982  -40.216 0.0000000000
62232  -56.892  -12.268  -40.594 0.0000000000
62233  -57.532  -12.532  -40.864 0.0000000000
62242  -57.435  -12.000  -41.132 0.0000000000
62243  -58.084  -12.238  -41.209 0.0000000000
62244  -58.987  -12.331  -41.229 0.0000000000
62245  -59.858  -12.550  -41.456 0.0000000000
62246  -60.590  -12.735  -42.117 0.0000000000
62247  -61.087  -12.360  -42.741 0.0000000000
62255  -60.873  -13.118  -42.934 0.0000000000
62256  -61.152  -12.406  -43.418 0.0000000000
62268  -54.725  -12.743  -43.556 0.0000000000
62269  -55.609  -12.780  -43.780 0.0000000000
62270  -60.671  -13.017  -43.790 0.0000000000
62271  -60.935  -12.271  -44.138 0.0000000000
62281  -55.178  -12.199  -43.999 0.0000000000
62282  -56.216  -12.440  -44.282 0.0000000000
62283  -57.090  -12.473  -44.673 0.0000000000
62284  -58.001  -12.592  -44.821 0.0000000000
62285  -59.018  -12.703  -44.904 0.0000000000
62286  -60.137  -12.583  -44.555 0.0000000000
62287  -60.631  -11.978  -44.475 0.0000000000
63467  -52.280  -11.657  -38.115 0.0000000000
63481  -52.017  -11.009  -38.253 0.0000000000
63482  -52.755  -11.312  -38.638 0.0000000000
63483  -53.336  -11.611  -39.081 0.0000000000
63497  -53.093  -11.017  -39.232 0.0000000000
63498  -53.566  -11.242  -39.540 0.0000000000
63499  -54.262  -11.432  -39.836 0.0000000000
63500  -55.003  -11.767  -39.901 0.0000000000
63511  -54.864  -11.099  -40.137 0.0000000000
63512  -55.605  -11.396  -40.254 0.0000000000
63513  -56.373  -11.373  -40.670 0.0000000000
63521  -57.032  -11.391  -41.173 0.0000000000
63522  -57.837  -11.373  -41.361 0.0000000000
63523  -58.713  -11.456  -41.402 0.0000000000
63524  -59.614  -11.606  -41.518 0.0000000000
63525  -60.409  -11.763  -41.863 0.0000000000
63526  -60.918  -11.773  -42.444 0.0000000000
63534  -61.270  -11.716  -43.084 0.0000000000
63545  -61.235  -11.720  -43.774 0.0000000000
63558  -54.614  -11.623  -44.309 0.0000000000
63559  -55.639  -11.687  -44.576 0.0000000000
63560  -56.602  -11.795  -44.884 0.0000000000
63561  -57.556  -11.857  -45.107 0.0000000000
63562  -58.548  -11.912  -45.211 0.0000000000
63563  -59.560  -11.867  -45.163 0.0000000000
63564  -60.394  -11.457  -44.843 0.0000000000
63565  -60.959  -11.549  -44.318 0.0000000000
63575  -55.084  -11.035  -44.878 0.0000000000
63576  -56.096  -11.036  -45.040 0.0000000000
63577  -57.077  -11.085  -45.243 0.0000000000
63578  -58.060  -11.131  -45.384 0.0000000000
63579  -59.054  -11.151  -45.423 0.0000000000
63580  -59.883  -11.116  -45.229 0.0000000000
63581  -60.223  -11.088  -45.078 0.0000000000
64747  -51.618  -10.275  -37.987 0.0000000000
64748  -52.235  -10.310  -38.530 0.0000000000
64761  -52.733  -10.363  -39.102 0.0000000000
64762  -53.246  -10.428  -39.645 0.0000000000
64763  -53.767  -10.779  -39.913 0.0000000000
64776  -53.636  -10.197  -40.073 0.0000000000
64777  -54.259  -10.470  -40.266 0.0000000000
64778  -55.169  -10.432  -40.535 0.0000000000
64779  -55.935  -10.705  -40.650 0.0000000000
64789  -55.810  -9.972  -40.963 0.0000000000
64790  -56.556  -10.500  -41.187 0.0000000000
64791  -57.419  -10.613  -41.521 0.0000000000
64792  -58.372  -10.509  -41.682 0.0000000000
64793  -59.313  -10.750  -41.731 0.0000000000
64794  -60.070  -10.955  -42.042 0.0000000000
64795  -60.623  -11.156  -42.346 0.0000000000
64802  -59.079  -10.066  -42.049 0.0000000000
64803  -59.812  -10.157  -42.184 0.0000000000
64804  -60.614  -10.343  -42.542 0.0000000000
64805  -61.094  -11.019  -42.816 0.0000000000
64812  -61.199  -10.280  -43.359 0.0000000000
64813  -61.266  -11.070  -43.573 0.0000000000
64824  -61.012  -10.629  -44.401 0.0000000000
64825  -61.205  -11.220  -44.043 0.0000000000
64839  -54.589  -10.292  -44.916 0.0000000000
64840  -55.567  -10.306  -45.226 0.0000000000
64841  -56.538  -10.365  -45.537 0.0000000000
64842  -57.543  -10.428  -45.732 0.0000000000
64843  -58.603  -10.440  -45.809 0.0000000000
64844  -59.649  -10.415  -45.582 0.0000000000
64845  -60.325  -10.692  -45.101 0.0000000000
65915  -51.804  -9.401  -38.360 0.0000000000
65916  -52.356  -9.510  -38.953 0.0000000000
65929  -52.744  -9.561  -39.610 0.0000000000
65930  -53.225  -9.806  -40.047 0.0000000000
65945  -52.932  -9.241  -40.275 0.0000000000
65946  -53.609  -9.579  -40.652 0.0000000000
65947  -54.470  -9.799  -40.853 0.0000000000
65948  -55.122  -9.766  -41.037 0.0000000000
65959  -54.007  -9.281  -41.263 0.0000000000
65960  -54.667  -9.265  -41.431 0.0000000000
65961  -55.484  -9.369  -41.491 0.0000000000
65962  -56.295  -9.554  -41.621 0.0000000000
65963  -57.018  -9.897  -41.780 0.0000000000
65964  -57.738  -9.950  -41.851 0.0000000000
65973  -56.749  -9.304  -42.104 0.0000000000
65974  -57.411  -9.340  -42.262 0.0000000000
65975  -58.426  -9.501  -42.217 0.0000000000
65976  -59.423  -9.438  -42.394 0.0000000000
65977  -60.203  -9.544  -42.580 0.0000000000
65983  -60.817  -9.521  -43.042 0.0000000000
65989  -61.117  -9.419  -44.007 0.0000000000
66004  -54.100  -9.590  -44.996 0.0000000000
66005  -55.038  -9.577  -45.349 0.0000000000
66006  -55.944  -9.659  -45.802 0.0000000000
66007  -56.969  -9.648  -46.120 0.0000000000
66008  -58.067  -9.752  -46.226 0.0000000000
66009  -59.286  -9.487  -46.068 0.0000000000
66010  -60.433  -9.509  -45.138 0.0000000000
66017  -57.571  -9.119  -46.354 0.0000000000
66018  -58.348  -8.934  -46.375 0.0000000000
66019  -59.151  -8.620  -46.247 0.0000000000
67090  -51.330  -8.485  -38.106 0.0000000000
67101  -52.076  -8.449  -38.897 0.0000000000
67102  -52.394  -9.012  -39.337 0.0000000000
67113  -52.236  -7.960  -39.405 0.0000000000
67114  -52.485  -8.491  -39.862 0.0000000000
67128  -53.075  -8.504  -40.929 0.0000000000
67129  -53.603  -8.983  -41.204 0.0000000000
67142  -53.298  -7.960  -41.428 0.0000000000
67143  -53.953  -8.376  -41.741 0.0000000000
67144  -55.073  -8.715  -41.928 0.0000000000
67145  -55.967  -8.841  -41.943 0.0000000000
67146  -56.424  -9.054  -42.066 0.0000000000
67158  -54.248  -7.810  -42.270 0.0000000000
67159  -54.770  -8.042  -42.390 0.0000000000
67160  -55.664  -8.244  -42.432 0.0000000000
67161  -56.680  -8.537  -42.639 0.0000000000
67162  -57.885  -8.673  -42.714 0.0000000000
67163  -58.980  -8.684  -42.741 0.0000000000
67164  -59.898  -8.857  -42.839 0.0000000000
67165  -60.413  -9.117  -42.906 0.0000000000
67179  -56.841  -8.101  -43.133 0.0000000000
67180  -57.343  -8.083  -43.205 0.0000000000
67181  -58.415  -8.017  -43.280 0.0000000000
67182  -59.646  -8.163  -43.548 0.0000000000
67183  -60.485  -8.828  -43.392 0.0000000000
67190  -60.281  -7.858  -44.455 0.0000000000
67191  -60.689  -8.522  -44.228 0.0000000000
67202  -52.767  -8.793  -45.060 0.0000000000
67203  -53.655  -8.985  -45.104 0.0000000000
67204  -54.474  -8.890  -45.439 0.0000000000
67205  -55.396  -8.869  -45.889 0.0000000000
67206  -56.248  -8.986  -46.212 0.0000000000
67207  -56.953  -8.886  -46.355 0.0000000000
67208  -59.919  -8.347  -45.534 0.0000000000
67209  -60.440  -8.527  -44.941 0.0000000000
67221  -55.836  -8.426  -46.152 0.0000000000
67222  -56.479  -8.311  -46.346 0.0000000000
67223  -57.489  -8.348  -46.488 0.0000000000
67224  -58.484  -8.153  -46.455 0.0000000000
67225  -59.289  -7.960  -46.147 0.0000000000
68290  -50.741  -7.078  -38.008 0.0000000000
68291  -51.333  -7.480  -38.518 0.0000000000
68303  -51.915  -7.469  -39.197 0.0000000000
68304  -52.214  -7.510  -39.805 0.0000000000
68317  -52.524  -7.576  -40.531 0.0000000000
68329  -52.912  -7.489  -41.227 0.0000000000
68330  -53.378  -7.427  -41.731 0.0000000000
68341  -53.885  -7.382  -42.212 0.0000000000
68342  -54.488  -7.360  -42.589 0.0000000000
68343  -55.403  -7.435  -42.918 0.0000000000
68344  -56.089  -7.917  -42.802 0.0000000000
68361  -55.815  -6.989  -43.335 0.0000000000
68362  -56.564  -7.507  -43.280 0.0000000000
68363  -57.762  -7.264  -43.525 0.0000000000
68364  -58.904  -7.254  -44.058 0.0000000000
68365  -59.703  -7.585  -44.062 0.0000000000
68379  -59.285  -6.848  -45.025 0.0000000000
68380  -59.798  -7.417  -44.724 0.0000000000
68392  -52.443  -7.928  -45.472 0.0000000000
68393  -53.688  -8.182  -45.502 0.0000000000
68394  -54.858  -8.186  -45.764 0.0000000000
68395  -55.444  -8.283  -45.989 0.0000000000
68396  -59.008  -6.996  -45.835 0.0000000000
68397  -59.532  -7.502  -45.545 0.0000000000
68410  -52.022  -7.088  -45.928 0.0000000000
68411  -53.149  -7.234  -45.888 0.0000000000
68412  -54.316  -7.410  -46.023 0.0000000000
68413  -55.572  -7.690  -46.235 0.0000000000
68414  -56.754  -7.521  -46.506 0.0000000000
68415  -57.833  -7.441  -46.600 0.0000000000
68416  -58.700  -7.443  -46.297 0.0000000000
68417  -59.228  -7.482  -46.029 0.0000000000
69522  -50.655  -6.320  -37.817 0.0000000000
69523  -51.014  -6.513  -38.486 0.0000000000
69536  -51.456  -6.627  -39.131 0.0000000000
69537  -51.904  -6.909  -39.626 0.0000000000
69548  -51.725  -6.296  -39.762 0.0000000000
69549  -52.145  -6.684  -40.269 0.0000000000
69560  -52.518  -6.717  -40.994 0.0000000000
69561  -52.989  -6.667  -41.538 0.0000000000
69570  -53.463  -6.629  -42.041 0.0000000000
69571  -53.999  -6.592  -42.660 0.0000000000
69572  -54.695  -6.840  -42.959 0.0000000000
69579  -54.449  -6.269  -43.129 0.0000000000
69580  -55.183  -6.491  -43.413 0.0000000000
69581  -56.115  -6.472  -43.678 0.0000000000
69582  -57.099  -6.480  -43.830 0.0000000000
69583  -58.066  -6.374  -44.063 0.0000000000
69591  -58.656  -6.140  -44.724 0.0000000000
69598  -58.709  -6.216  -45.576 0.0000000000
69606  -52.598  -6.485  -46.391 0.0000000000
69607  -53.683  -6.585  -46.410 0.0000000000
69608  -54.814  -6.667  -46.469 0.0000000000
69609  -55.969  -6.649  -46.540 0.0000000000
69610  -57.110  -6.571  -46.543 0.0000000000
69611  -58.234  -6.525  -46.327 0.0000000000
70680  -50.645  -5.407  -37.581 0.0000000000
70705  -50.891  -5.532  -38.578 0.0000000000
70706  -51.190  -6.060  -38.866 0.0000000000
70730  -51.011  -5.248  -39.088 0.0000000000
70731  -51.289  -5.635  -39.379 0.0000000000
70744  -51.776  -5.670  -40.417 0.0000000000
70745  -52.251  -6.173  -40.780 0.0000000000
70757  -51.847  -5.132  -41.065 0.0000000000
70758  -52.553  -5.647  -41.432 0.0000000000
70759  -53.141  -6.117  -41.794 0.0000000000
70771  -52.838  -5.146  -42.042 0.0000000000
70772  -53.349  -5.625  -42.350 0.0000000000
70773  -53.959  -5.880  -42.986 0.0000000000
70782  -53.733  -5.322  -43.034 0.0000000000
70783  -54.477  -5.484  -43.521 0.0000000000
70784  -55.506  -5.709  -43.938 0.0000000000
70785  -56.521  -5.597  -44.199 0.0000000000
70786  -57.495  -5.654  -44.262 0.0000000000
70787  -58.160  -5.591  -44.488 0.0000000000
70794  -55.068  -5.023  -44.093 0.0000000000
70795  -55.790  -4.989  -44.373 0.0000000000
70796  -56.470  -4.809  -44.520 0.0000000000
70797  -58.441  -5.339  -44.824 0.0000000000
70805  -58.537  -5.350  -45.354 0.0000000000
70811  -52.013  -5.894  -46.929 0.0000000000
70812  -53.036  -5.889  -46.893 0.0000000000
70813  -54.090  -5.844  -46.810 0.0000000000
70814  -55.171  -5.801  -46.805 0.0000000000
70815  -56.311  -5.609  -46.776 0.0000000000
70816  -57.432  -5.622  -46.555 0.0000000000
70817  -58.243  -5.346  -46.149 0.0000000000
70824  -52.378  -5.332  -47.454 0.0000000000
70825  -53.393  -5.221  -47.374 0.0000000000
70826  -54.401  -5.135  -47.319 0.0000000000
70827  -55.400  -5.037  -47.273 0.0000000000
70828  -56.162  -4.823  -47.240 0.0000000000
71931  -50.569  -4.533  -38.194 0.0000000000
71959  -50.746  -4.690  -39.395 0.0000000000
71960  -51.287  -5.132  -39.939 0.0000000000
71981  -50.581  -4.070  -40.244 0.0000000000
71982  -51.205  -4.649  -40.624 0.0000000000
71995  -51.898  -4.546  -41.729 0.0000000000
71996  -52.529  -4.942  -41.933 0.0000000000
72006  -52.017  -4.087  -42.376 0.0000000000
72007  -52.765  -4.495  -42.573 0.0000000000
72008  -53.394  -4.984  -42.811 0.0000000000
72018  -53.076  -4.058  -43.230 0.0000000000
72019  -53.608  -4.584  -43.386 0.0000000000
72020  -54.436  -4.502  -44.034 0.0000000000
72021  -57.154  -4.919  -44.492 0.0000000000
72022  -57.873  -4.997  -44.568 0.0000000000
72023  -58.237  -5.109  -44.692 0.0000000000
72029  -55.198  -4.357  -44.495 0.0000000000
72030  -56.012  -4.308  -44.799 0.0000000000
72031  -56.827  -4.222  -44.788 0.0000000000
72032  -57.619  -4.285  -44.795 0.0000000000
72033  -58.328  -4.571  -45.043 0.0000000000
72041  -58.467  -4.512  -45.850 0.0000000000
72047  -56.923  -4.882  -46.988 0.0000000000
72048  -57.681  -4.768  -46.696 0.0000000000
72049  -58.163  -4.359  -46.511 0.0000000000
72053  -51.901  -4.894  -48.134 0.0000000000
72054  -52.797  -4.774  -47.941 0.0000000000
72055  -53.645  -4.458  -47.932 0.0000000000
72056  -54.666  -4.410  -47.667 0.0000000000
72057  -55.599  -4.273  -47.553 0.0000000000
72058  -56.481  -4.188  -47.375 0.0000000000
72059  -57.318  -4.173  -47.089 0.0000000000
72060  -57.821  -4.209  -46.857 0.0000000000
72065  -51.520  -4.464  -48.899 0.0000000000
72066  -52.449  -4.462  -48.545 0.0000000000
72067  -53.044  -4.415  -48.301 0.0000000000
72988  -50.706  -3.372  -37.784 0.0000000000
73016  -50.216  -3.660  -38.790 0.0000000000
73042  -49.791  -2.961  -40.000 0.0000000000
73043  -50.122  -3.674  -39.740 0.0000000000
73064  -49.811  -2.857  -40.464 0.0000000000
73065  -50.229  -3.331  -40.713 0.0000000000
73066  -50.780  -3.951  -40.714 0.0000000000
73082  -50.553  -3.174  -41.736 0.0000000000
73083  -50.997  -3.860  -41.325 0.0000000000
73095  -50.740  -3.036  -42.268 0.0000000000
73096  -51.342  -3.487  -42.371 0.0000000000
73097  -52.091  -3.778  -42.768 0.0000000000
73108  -51.799  -3.299  -43.098 0.0000000000
73109  -52.533  -3.509  -43.382 0.0000000000
73110  -53.291  -3.755  -43.697 0.0000000000
73111  -53.884  -3.940  -43.991 0.0000000000
73119  -53.012  -3.148  -43.974 0.0000000000
73120  -53.631  -3.309  -44.235 0.0000000000
73121  -54.492  -3.535  -44.579 0.0000000000
73122  -55.461  -3.683  -44.983 0.0000000000
73123  -56.363  -3.504  -45.222 0.0000000000
73124  -57.269  -3.545  -45.085 0.0000000000
73125  -58.052  -3.590  -45.134 0.0000000000
73133  -55.058  -3.096  -45.153 0.0000000000
73134  -55.746  -3.100  -45.386 0.0000000000
73135  -56.185  -3.055  -45.445 0.0000000000
73136  -58.530  -3.669  -45.679 0.0000000000
73144  -58.476  -3.787  -46.349 0.0000000000
73150  -53.651  -4.102  -48.259 0.0000000000
73151  -54.055  -3.964  -48.143 0.0000000000
73152  -54.940  -3.729  -47.985 0.0000000000
73153  -55.963  -3.560  -47.979 0.0000000000
73154  -56.959  -3.522  -47.623 0.0000000000
73155  -57.972  -3.519  -47.100 0.0000000000
73160  -51.622  -4.183  -49.185 0.0000000000
73161  -52.098  -4.146  -49.128 0.0000000000
73162  -53.270  -3.928  -48.734 0.0000000000
73163  -54.304  -3.466  -48.603 0.0000000000
73164  -55.210  -3.198  -48.547 0.0000000000
73165  -55.968  -2.965  -48.542 0.0000000000
73171  -52.336  -3.550  -49.520 0.0000000000
73172  -53.183  -3.264  -49.506 0.0000000000
74075  -50.671  -2.268  -38.078 0.0000000000
74076  -51.360  -2.445  -37.690 0.0000000000
74099  -49.917  -2.102  -38.976 0.0000000000
74100  -50.152  -2.539  -38.664 0.0000000000
74119  -49.783  -2.305  -39.455 0.0000000000
74120  -49.905  -3.038  -39.294 0.0000000000
74141  -49.691  -2.336  -40.349 0.0000000000
74142  -49.814  -2.704  -40.757 0.0000000000
74163  -49.716  -2.321  -40.864 0.0000000000
74164  -49.917  -2.571  -41.339 0.0000000000
74178  -50.341  -2.530  -42.213 0.0000000000
74179  -50.840  -2.822  -42.620 0.0000000000
74190  -50.653  -2.275  -42.848 0.0000000000
74191  -51.257  -2.640  -43.232 0.0000000000
74192  -51.882  -2.931  -43.584 0.0000000000
74200  -51.632  -2.399  -43.879 0.0000000000
74201  -52.339  -2.624  -44.129 0.0000000000
74202  -53.221  -2.625  -44.524 0.0000000000
74203  -53.871  -2.881  -44.695 0.0000000000
74204  -56.426  -2.995  -45.438 0.0000000000
74205  -56.930  -2.844  -45.420 0.0000000000
74206  -57.728  -2.888  -45.298 0.0000000000
74213  -53.644  -2.384  -44.986 0.0000000000
74214  -54.361  -2.561  -45.186 0.0000000000
74215  -55.279  -2.502  -45.528 0.0000000000
74216  -56.199  -2.552  -45.657 0.0000000000
74217  -56.902  -2.160  -45.701 0.0000000000
74218  -58.333  -2.852  -45.567 0.0000000000
74227  -58.518  -2.840  -46.410 0.0000000000
74235  -56.575  -3.022  -48.206 0.0000000000
74236  -57.373  -2.646  -47.964 0.0000000000
74237  -58.230  -2.372  -47.380 0.0000000000
74240  -53.827  -3.228  -49.175 0.0000000000
74241  -54.601  -2.911  -49.168 0.0000000000
74242  -55.527  -2.637  -49.072 0.0000000000
74243  -56.548  -2.332  -48.820 0.0000000000
74244  -57.339  -1.956  -48.549 0.0000000000
74250  -51.556  -3.019  -49.995 0.0000000000
74251  -52.607  -2.817  -49.980 0.0000000000
74252  -53.781  -2.554  -49.846 0.0000000000
74253  -54.931  -2.262  -49.658 0.0000000000
74254  -55.874  -2.016  -49.560 0.0000000000
74255  -56.560  -1.697  -49.444 0.0000000000
74261  -52.887  -2.079  -50.395 0.0000000000
74262  -53.679  -1.816  -50.392 0.0000000000
75152  -50.688  -1.904  -38.177 0.0000000000
75153  -51.015  -1.810  -38.037 0.0000000000
75154  -51.980  -1.605  -38.017 0.0000000000
75174  -50.061  -1.969  -38.776 0.0000000000
75175  -50.479  -1.661  -38.498 0.0000000000
75176  -51.247  -1.232  -38.350 0.0000000000
75177  -51.802  -1.035  -38.370 0.0000000000
75196  -49.936  -1.615  -39.139 0.0000000000
75197  -50.259  -1.018  -39.009 0.0000000000
75219  -49.632  -1.541  -39.947 0.0000000000
75241  -49.597  -1.649  -41.008 0.0000000000
75242  -49.842  -1.972  -41.850 0.0000000000
75263  -49.681  -1.283  -41.934 0.0000000000
75264  -50.078  -1.688  -42.643 0.0000000000
75274  -50.711  -1.715  -43.535 0.0000000000
75275  -51.261  -2.103  -43.809 0.0000000000
75285  -50.742  -1.161  -44.185 0.0000000000
75286  -51.527  -1.576  -44.508 0.0000000000
75287  -52.703  -1.981  -44.824 0.0000000000
75288  -53.278  -2.152  -44.955 0.0000000000
75289  -57.553  -2.271  -45.601 0.0000000000
75290  -58.033  -2.430  -45.490 0.0000000000
75297  -51.740  -1.029  -45.189 0.0000000000
75298  -52.329  -1.284  -45.336 0.0000000000
75299  -53.512  -1.654  -45.541 0.0000000000
75300  -54.679  -1.822  -45.808 0.0000000000
75301  -55.611  -1.855  -46.027 0.0000000000
75302  -56.459  -1.739  -46.085 0.0000000000
75303  -57.330  -1.570  -46.118 0.0000000000
75304  -58.245  -1.940  -45.949 0.0000000000
75310  -53.673  -1.134  -46.068 0.0000000000
75311  -54.179  -1.183  -46.245 0.0000000000
75312  -55.082  -1.210  -46.439 0.0000000000
75313  -55.949  -1.151  -46.518 0.0000000000
75314  -56.692  -1.065  -46.464 0.0000000000
75315  -58.462  -1.784  -46.793 0.0000000000
75323  -57.900  -1.839  -48.099 0.0000000000
75324  -58.285  -1.440  -47.589 0.0000000000
75330  -57.106  -1.604  -49.079 0.0000000000
75331  -57.725  -1.343  -48.745 0.0000000000
75332  -58.159  -1.215  -48.262 0.0000000000
75335  -54.462  -1.783  -50.198 0.0000000000
75336  -55.352  -1.614  -50.066 0.0000000000
75337  -56.246  -1.301  -50.044 0.0000000000
75338  -57.021  -1.158  -49.649 0.0000000000
75339  -57.480  -1.139  -49.252 0.0000000000
75347  -54.074  -1.210  -50.657 0.0000000000
75348  -54.939  -1.105  -50.456 0.0000000000
75349  -55.647  -1.061  -50.353 0.0000000000
76226  -52.637  -1.259  -38.009 0.0000000000
76227  -53.224  -1.096  -38.008 0.0000000000
76244  -50.789  -0.786  -38.731 0.0000000000
76245  -51.522  -0.571  -38.591 0.0000000000
76246  -52.428  -0.671  -38.351 0.0000000000
76262  -49.823  -0.759  -39.517 0.0000000000
76263  -50.354  -0.266  -39.164 0.0000000000
76286  -49.520  -0.588  -40.382 0.0000000000
76305  -49.447  -0.506  -41.449 0.0000000000
76327  -49.671  -0.564  -42.727 0.0000000000
76328  -50.111  -1.243  -43.187 0.0000000000
76347  -49.803  0.015  -43.829 0.0000000000
76348  -50.227  -0.868  -43.741 0.0000000000
76358  -49.943  0.476  -44.475 0.0000000000
76359  -50.709  -0.298  -44.787 0.0000000000
76360  -51.441  -0.808  -45.050 0.0000000000
76369  -51.089  0.131  -45.530 0.0000000000
76370  -51.779  -0.339  -45.757 0.0000000000
76371  -52.894  -0.844  -45.904 0.0000000000
76372  -53.418  -1.060  -45.991 0.0000000000
76373  -57.927  -1.250  -46.434 0.0000000000
76374  -58.256  -1.429  -46.525 0.0000000000
76383  -52.234  0.185  -46.323 0.0000000000
76384  -52.744  -0.105  -46.337 0.0000000000
76385  -53.608  -0.558  -46.416 0.0000000000
76386  -54.597  -0.419  -46.863 0.0000000000
76387  -55.485  -0.546  -46.855 0.0000000000
76388  -56.284  -0.220  -46.871 0.0000000000
76389  -57.353  -0.606  -46.733 0.0000000000
76390  -58.244  -0.802  -47.033 0.0000000000
76399  -54.824  0.083  -47.205 0.0000000000
76400  -55.240  -0.025  -47.165 0.0000000000
76401  -55.693  -0.073  -47.039 0.0000000000
76402  -58.302  -0.663  -47.999 0.0000000000
76410  -57.821  -0.899  -49.126 0.0000000000
76411  -58.138  -0.726  -48.761 0.0000000000
76415  -56.108  -0.695  -50.363 0.0000000000
76416  -56.826  -0.318  -50.125 0.0000000000
76417  -57.592  -0.550  -49.473 0.0000000000
76418  -57.950  -0.619  -49.178 0.0000000000
76427  -54.543  -0.429  -50.800 0.0000000000
76428  -55.531  -0.396  -50.556 0.0000000000
76429  -56.178  -0.246  -50.430 0.0000000000
77353  -51.049  -0.031  -38.903 0.0000000000
77354  -51.854  0.308  -38.817 0.0000000000
77355  -52.870  0.272  -38.595 0.0000000000
77372  -49.815  0.404  -39.764 0.0000000000
77373  -50.694  0.516  -39.275 0.0000000000
77374  -51.268  0.499  -39.057 0.0000000000
77392  -49.369  0.507  -40.808 0.0000000000
77410  -49.261  0.565  -41.936 0.0000000000
77426  -49.396  0.707  -43.024 0.0000000000
77446  -49.572  0.981  -43.959 0.0000000000
77464  -49.792  1.102  -44.596 0.0000000000
77465  -50.204  0.808  -45.024 0.0000000000
77475  -50.726  0.657  -45.509 0.0000000000
77476  -51.267  0.607  -45.970 0.0000000000
77484  -51.892  0.645  -46.385 0.0000000000
77485  -52.586  0.625  -46.676 0.0000000000
77486  -53.400  0.381  -46.853 0.0000000000
77487  -53.985  0.024  -46.922 0.0000000000
77488  -56.291  0.511  -47.255 0.0000000000
77489  -56.975  0.500  -47.230 0.0000000000
77490  -57.735  0.036  -47.232 0.0000000000
77500  -53.922  0.440  -47.098 0.0000000000
77501  -54.415  0.377  -47.212 0.0000000000
77502  -55.042  0.508  -47.371 0.0000000000
77503  -55.730  0.506  -47.294 0.0000000000
77504  -57.703  0.820  -47.641 0.0000000000
77505  -58.121  0.081  -47.778 0.0000000000
77517  -58.157  0.898  -48.337 0.0000000000
77518  -58.278  0.023  -48.606 0.0000000000
77526  -56.950  0.559  -50.118 0.0000000000
77527  -57.720  0.598  -49.462 0.0000000000
77528  -58.056  -0.247  -49.180 0.0000000000
77538  -55.047  0.421  -50.732 0.0000000000
77539  -56.163  0.486  -50.476 0.0000000000
78551  -51.902  0.792  -39.003 0.0000000000
78552  -52.333  0.881  -38.939 0.0000000000
78569  -49.896  1.017  -39.856 0.0000000000
78570  -50.365  1.236  -39.681 0.0000000000
78571  -51.532  1.172  -39.226 0.0000000000
78591  -49.720  1.366  -40.238 0.0000000000
78592  -50.316  1.963  -40.077 0.0000000000
78606  -49.179  1.813  -41.338 0.0000000000
78623  -49.064  1.539  -42.368 0.0000000000
78640  -49.116  1.794  -43.368 0.0000000000
78661  -49.467  1.910  -44.472 0.0000000000
78662  -49.878  1.455  -45.028 0.0000000000
78676  -49.784  2.014  -45.268 0.0000000000
78677  -50.309  1.583  -45.687 0.0000000000
78678  -50.886  1.208  -45.993 0.0000000000
78689  -50.830  1.792  -46.227 0.0000000000
78690  -51.407  1.477  -46.453 0.0000000000
78691  -52.233  1.450  -46.858 0.0000000000
78692  -53.069  1.272  -47.102 0.0000000000
78693  -55.395  1.823  -47.563 0.0000000000
78694  -56.120  1.300  -47.505 0.0000000000
78695  -57.101  1.500  -47.618 0.0000000000
78704  -53.893  1.019  -47.283 0.0000000000
78705  -54.646  1.084  -47.459 0.0000000000
78706  -55.368  1.128  -47.498 0.0000000000
78707  -55.741  0.977  -47.465 0.0000000000
78708  -57.790  1.692  -47.967 0.0000000000
78719  -57.866  1.699  -48.828 0.0000000000
78731  -55.855  1.824  -50.200 0.0000000000
78732  -56.797  1.449  -49.988 0.0000000000
78733  -57.471  1.583  -49.427 0.0000000000
78744  -55.483  1.201  -50.552 0.0000000000
78745  -56.115  1.253  -50.391 0.0000000000
79870  -50.998  2.062  -39.706 0.0000000000
79971  -49.517  2.707  -45.161 0.0000000000
79972  -49.966  2.557  -45.833 0.0000000000
79984  -50.569  2.408  -46.232 0.0000000000
79985  -51.111  2.332  -46.531 0.0000000000
79986  -51.800  2.386  -46.853 0.0000000000
79987  -52.810  2.387  -47.198 0.0000000000
79988  -53.804  2.609  -47.486 0.0000000000
79989  -54.810  2.491  -47.574 0.0000000000
79990  -55.789  2.459  -47.606 0.0000000000
79991  -56.627  2.286  -47.634 0.0000000000
80001  -53.561  1.822  -47.381 0.0000000000
80002  -54.262  1.791  -47.536 0.0000000000
80003  -54.895  1.675  -47.559 0.0000000000
80004  -57.270  2.308  -47.789 0.0000000000
80016  -57.617  2.460  -48.319 0.0000000000
80030  -56.243  2.491  -49.628 0.0000000000
80031  -57.200  2.462  -49.163 0.0000000000
81193  -49.669  3.423  -45.723 0.0000000000
81194  -50.492  3.387  -46.303 0.0000000000
81195  -51.315  3.910  -46.540 0.0000000000
81196  -51.767  4.145  -46.612 0.0000000000
81211  -50.857  2.814  -46.472 0.0000000000
81212  -51.274  3.081  -46.656 0.0000000000
81213  -52.117  3.565  -46.868 0.0000000000
81214  -53.212  3.545  -47.265 0.0000000000
81215  -54.245  3.527  -47.487 0.0000000000
81216  -55.301  3.457  -47.547 0.0000000000
81217  -56.449  3.334  -47.676 0.0000000000
81218  -56.935  2.748  -47.682 0.0000000000
81228  -57.131  3.789  -47.976 0.0000000000
81229  -57.288  3.028  -47.850 0.0000000000
81241  -56.862  3.716  -48.543 0.0000000000
81242  -57.282  3.141  -48.485 0.0000000000
81257  -55.697  3.354  -49.249 0.0000000000
81258  -56.564  3.272  -49.046 0.0000000000
81259  -57.022  3.167  -48.861 0.0000000000
82403  -49.858  4.309  -46.002 0.0000000000
82404  -50.674  4.531  -46.268 0.0000000000
82405  -51.504  4.709  -46.416 0.0000000000
82406  -52.096  4.963  -46.513 0.0000000000
82426  -52.060  4.387  -46.635 0.0000000000
82427  -52.719  4.562  -46.831 0.0000000000
82428  -53.693  4.504  -47.251 0.0000000000
82429  -54.713  4.456  -47.390 0.0000000000
82430  -55.741  4.409  -47.513 0.0000000000
82447  -56.547  4.445  -47.697 0.0000000000
82462  -56.775  4.523  -48.137 0.0000000000
82480  -55.210  4.283  -48.890 0.0000000000
82481  -56.221  4.417  -48.622 0.0000000000
83562  -50.856  5.439  -46.143 0.0000000000
83563  -51.604  5.611  -46.351 0.0000000000
83564  -52.451  5.584  -46.564 0.0000000000
83580  -53.313  5.387  -46.799 0.0000000000
83581  -54.140  5.364  -47.088 0.0000000000
83582  -55.144  5.399  -47.265 0.0000000000
83583  -56.076  5.284  -47.462 0.0000000000
83601  -56.568  5.253  -47.755 0.0000000000
83622  -56.586  5.358  -48.179 0.0000000000
83645  -55.638  5.301  -48.596 0.0000000000
83646  -56.212  5.496  -48.429 0.0000000000
84709  -51.835  6.523  -46.369 0.0000000000
84710  -53.073  6.472  -46.583 0.0000000000
84711  -53.640  6.961  -46.573 0.0000000000
84726  -53.726  5.898  -46.744 0.0000000000
84727  -54.312  6.411  -46.785 0.0000000000
84728  -55.680  6.366  -47.259 0.0000000000
84729  -56.299  5.746  -47.507 0.0000000000
84744  -56.049  6.883  -47.752 0.0000000000
84745  -56.471  6.026  -47.721 0.0000000000
84765  -55.782  6.923  -48.327 0.0000000000
84766  -56.357  6.195  -48.218 0.0000000000
84786  -55.274  6.178  -48.598 0.0000000000
84787  -55.955  6.069  -48.535 0.0000000000
85817  -52.129  7.489  -46.389 0.0000000000
85818  -53.141  7.523  -46.537 0.0000000000
85819  -53.982  7.438  -46.595 0.0000000000
85832  -54.776  7.392  -46.862 0.0000000000
85833  -55.463  7.580  -47.272 0.0000000000
85854  -55.708  7.895  -47.818 0.0000000000
85875  -55.368  7.760  -48.358 0.0000000000
85888  -54.984  7.100  -48.630 0.0000000000
86928  -52.433  8.415  -46.436 0.0000000000
86929  -53.564  8.350  -46.634 0.0000000000
86930  -54.269  7.938  -46.675 0.0000000000
86938  -53.774  8.837  -46.800 0.0000000000
86939  -54.546  8.484  -47.004 0.0000000000
86940  -55.305  8.155  -47.365 0.0000000000
86958  -54.608  8.951  -47.609 0.0000000000
86959  -55.126  8.453  -47.552 0.0000000000
86979  -54.690  9.028  -47.946 0.0000000000
86980  -55.075  8.584  -48.113 0.0000000000
86992  -54.040  8.200  -48.831 0.0000000000
86993  -54.749  7.992  -48.608 0.0000000000
88025  -52.778  9.112  -46.602 0.0000000000
88026  -53.406  8.955  -46.735 0.0000000000
88036  -53.425  9.495  -46.979 0.0000000000
88037  -54.199  9.097  -47.244 0.0000000000
88051  -53.597  9.901  -47.630 0.0000000000
88052  -54.034  9.384  -47.493 0.0000000000
88072  -53.662  10.070  -48.011 0.0000000000
88073  -54.176  9.449  -48.082 0.0000000000
88074  -54.634  8.949  -48.159 0.0000000000
88090  -53.804  8.974  -48.670 0.0000000000
88091  -54.461  8.721  -48.421 0.0000000000
89127  -53.650  9.870  -48.184 0.0000000000
89140  -53.484  9.658  -48.438 0.0000000000
