#!ascii label  , from subject cvs_avg35_inMNI152 vox2ras=TkReg
557
55189  -30.752  -17.070  0.773 0.0000000000
55196  -30.839  -17.025  -0.138 0.0000000000
55197  -31.281  -17.598  -0.352 0.0000000000
55200  -31.081  -16.951  -0.787 0.0000000000
56362  -30.038  -15.800  1.249 0.0000000000
56363  -30.445  -16.131  1.802 0.0000000000
56370  -29.841  -15.855  0.567 0.0000000000
56371  -30.289  -16.421  1.044 0.0000000000
56378  -29.847  -15.852  -0.302 0.0000000000
56379  -30.293  -16.468  0.147 0.0000000000
56382  -29.926  -15.719  -0.867 0.0000000000
56383  -30.527  -16.237  -1.010 0.0000000000
56384  -31.084  -16.706  -1.235 0.0000000000
56387  -30.755  -15.947  -1.739 0.0000000000
56388  -31.152  -16.404  -1.937 0.0000000000
57626  -30.741  -15.361  2.355 0.0000000000
57636  -29.710  -15.049  1.030 0.0000000000
57637  -30.193  -15.377  1.654 0.0000000000
57646  -29.466  -15.166  0.113 0.0000000000
57654  -29.524  -15.256  -0.713 0.0000000000
57660  -29.908  -15.423  -1.428 0.0000000000
57661  -30.442  -15.700  -1.713 0.0000000000
57664  -30.193  -15.349  -2.049 0.0000000000
57665  -30.755  -15.528  -2.322 0.0000000000
58997  -30.807  -14.262  2.308 0.0000000000
59007  -29.735  -14.150  1.044 0.0000000000
59008  -30.213  -14.453  1.682 0.0000000000
59016  -29.424  -14.295  0.416 0.0000000000
59024  -28.926  -14.029  -1.153 0.0000000000
59025  -29.184  -14.368  -0.469 0.0000000000
59033  -28.860  -14.137  -1.856 0.0000000000
59034  -29.256  -14.723  -1.316 0.0000000000
59036  -28.899  -14.036  -2.696 0.0000000000
59037  -29.597  -14.823  -2.297 0.0000000000
59038  -30.253  -15.154  -2.452 0.0000000000
59040  -28.886  -13.772  -3.437 0.0000000000
59041  -29.446  -14.339  -3.281 0.0000000000
59042  -30.412  -14.878  -3.150 0.0000000000
59048  -28.876  -13.581  -3.891 0.0000000000
59049  -29.228  -13.879  -3.966 0.0000000000
59050  -29.955  -14.269  -4.021 0.0000000000
60351  -30.571  -13.448  1.856 0.0000000000
60352  -31.330  -13.429  2.470 0.0000000000
60361  -29.566  -13.450  0.647 0.0000000000
60362  -29.992  -13.455  1.277 0.0000000000
60369  -29.227  -13.506  -0.036 0.0000000000
60376  -28.683  -13.370  -1.472 0.0000000000
60377  -28.936  -13.435  -0.745 0.0000000000
60386  -28.585  -13.408  -2.245 0.0000000000
60388  -28.570  -13.343  -2.998 0.0000000000
60394  -28.623  -13.248  -3.716 0.0000000000
60404  -28.899  -13.350  -4.434 0.0000000000
60405  -29.570  -13.728  -4.637 0.0000000000
60423  -29.247  -13.316  -5.107 0.0000000000
61672  -30.889  -12.461  1.894 0.0000000000
61673  -31.609  -12.307  2.378 0.0000000000
61693  -29.749  -12.615  0.871 0.0000000000
61694  -30.251  -12.596  1.401 0.0000000000
61709  -29.363  -12.649  0.206 0.0000000000
61717  -28.715  -12.494  -1.056 0.0000000000
61718  -29.058  -12.805  -0.392 0.0000000000
61729  -28.494  -12.637  -1.910 0.0000000000
61738  -28.439  -12.794  -2.591 0.0000000000
61748  -28.401  -12.635  -3.285 0.0000000000
61754  -28.459  -12.632  -4.202 0.0000000000
61758  -28.792  -12.704  -5.335 0.0000000000
61759  -29.373  -13.091  -5.535 0.0000000000
61766  -28.847  -12.208  -6.423 0.0000000000
61767  -29.657  -12.879  -6.270 0.0000000000
61777  -28.783  -11.875  -7.040 0.0000000000
61778  -29.385  -12.196  -7.463 0.0000000000
61790  -29.581  -11.827  -8.423 0.0000000000
61791  -30.186  -12.290  -8.374 0.0000000000
61806  -29.590  -11.544  -8.888 0.0000000000
61807  -30.007  -11.814  -9.211 0.0000000000
61808  -30.676  -12.215  -9.221 0.0000000000
61823  -30.183  -11.609  -9.695 0.0000000000
61824  -30.464  -11.816  -9.786 0.0000000000
61825  -30.992  -12.105  -9.897 0.0000000000
62951  -31.065  -11.329  1.994 0.0000000000
62952  -31.856  -11.395  2.504 0.0000000000
62953  -32.523  -11.508  2.750 0.0000000000
62974  -29.919  -11.975  1.077 0.0000000000
62975  -30.359  -11.624  1.402 0.0000000000
62996  -29.541  -11.587  0.459 0.0000000000
62997  -29.922  -11.512  0.999 0.0000000000
63011  -28.726  -11.431  -1.067 0.0000000000
63012  -29.054  -11.948  -0.381 0.0000000000
63023  -28.525  -11.837  -1.655 0.0000000000
63036  -28.379  -11.902  -2.550 0.0000000000
63043  -28.297  -11.809  -3.654 0.0000000000
63046  -28.317  -11.844  -4.692 0.0000000000
63049  -28.455  -11.719  -5.665 0.0000000000
63051  -28.539  -11.471  -6.567 0.0000000000
63059  -28.741  -11.374  -7.561 0.0000000000
63060  -29.199  -11.688  -8.002 0.0000000000
63072  -28.751  -10.906  -8.116 0.0000000000
63073  -29.167  -11.244  -8.508 0.0000000000
63087  -29.630  -11.174  -9.349 0.0000000000
63088  -29.995  -11.475  -9.605 0.0000000000
63104  -29.751  -10.753  -9.835 0.0000000000
63105  -30.158  -11.211  -10.086 0.0000000000
63106  -30.808  -11.640  -10.399 0.0000000000
63120  -30.546  -11.103  -10.769 0.0000000000
63121  -31.156  -11.279  -11.170 0.0000000000
63134  -31.674  -11.012  -11.731 0.0000000000
64166  -32.605  -9.963  3.115 0.0000000000
64180  -30.893  -10.409  1.938 0.0000000000
64181  -31.369  -10.521  2.325 0.0000000000
64182  -32.217  -10.507  2.837 0.0000000000
64197  -30.480  -10.616  1.478 0.0000000000
64216  -29.563  -10.401  0.288 0.0000000000
64217  -29.975  -10.922  0.925 0.0000000000
64236  -28.756  -10.859  -1.131 0.0000000000
64237  -29.047  -10.779  -0.561 0.0000000000
64258  -28.589  -10.767  -1.798 0.0000000000
64259  -28.814  -10.550  -1.192 0.0000000000
64269  -28.389  -10.861  -3.041 0.0000000000
64272  -28.286  -10.957  -4.157 0.0000000000
64277  -28.294  -11.107  -5.053 0.0000000000
64282  -28.365  -10.847  -5.837 0.0000000000
64286  -28.434  -10.658  -6.796 0.0000000000
64294  -28.572  -10.480  -7.684 0.0000000000
64306  -28.864  -10.387  -8.573 0.0000000000
64307  -29.237  -10.792  -8.979 0.0000000000
64320  -28.944  -9.949  -9.028 0.0000000000
64321  -29.329  -10.296  -9.449 0.0000000000
64337  -29.887  -10.278  -10.404 0.0000000000
64338  -30.264  -10.762  -10.662 0.0000000000
64352  -30.026  -9.884  -10.993 0.0000000000
64353  -30.455  -10.402  -11.321 0.0000000000
64354  -31.161  -10.709  -11.785 0.0000000000
64369  -30.932  -10.223  -12.140 0.0000000000
64370  -31.621  -10.519  -12.441 0.0000000000
64371  -32.392  -10.706  -12.683 0.0000000000
64385  -31.955  -10.278  -13.055 0.0000000000
64386  -32.477  -10.371  -13.375 0.0000000000
64402  -32.783  -10.260  -13.905 0.0000000000
64403  -33.412  -10.407  -14.197 0.0000000000
64424  -33.716  -10.225  -14.815 0.0000000000
64425  -34.377  -10.319  -15.223 0.0000000000
65404  -32.847  -9.420  3.309 0.0000000000
65423  -31.002  -10.002  2.124 0.0000000000
65424  -31.316  -9.497  2.365 0.0000000000
65425  -32.124  -9.400  2.969 0.0000000000
65435  -30.666  -9.602  1.629 0.0000000000
65436  -30.935  -9.041  1.858 0.0000000000
65446  -29.657  -9.628  0.265 0.0000000000
65447  -30.032  -9.867  0.851 0.0000000000
65458  -29.341  -9.747  -0.369 0.0000000000
65476  -28.742  -9.995  -1.897 0.0000000000
65477  -28.957  -9.890  -1.349 0.0000000000
65488  -28.709  -9.819  -2.522 0.0000000000
65489  -28.894  -9.635  -1.987 0.0000000000
65494  -28.505  -10.024  -3.634 0.0000000000
65499  -28.452  -10.171  -4.879 0.0000000000
65504  -28.489  -9.936  -6.031 0.0000000000
65508  -28.516  -9.785  -7.033 0.0000000000
65511  -28.615  -9.687  -7.942 0.0000000000
65519  -28.792  -9.571  -8.680 0.0000000000
65527  -29.057  -9.476  -9.291 0.0000000000
65528  -29.423  -9.451  -10.005 0.0000000000
65540  -29.749  -9.392  -10.765 0.0000000000
65551  -30.097  -9.434  -11.402 0.0000000000
65552  -30.523  -9.563  -12.104 0.0000000000
65565  -31.122  -9.733  -12.817 0.0000000000
65566  -31.605  -10.042  -13.001 0.0000000000
65578  -31.111  -9.196  -13.298 0.0000000000
65579  -31.765  -9.595  -13.616 0.0000000000
65580  -32.373  -9.965  -13.871 0.0000000000
65594  -31.885  -9.167  -14.231 0.0000000000
65595  -32.513  -9.578  -14.517 0.0000000000
65596  -33.219  -9.970  -14.760 0.0000000000
65614  -32.645  -9.127  -15.178 0.0000000000
65615  -33.290  -9.574  -15.423 0.0000000000
65616  -34.072  -9.922  -15.941 0.0000000000
65638  -33.693  -9.312  -16.316 0.0000000000
66611  -33.133  -8.731  3.492 0.0000000000
66631  -31.700  -8.607  2.579 0.0000000000
66632  -32.445  -8.401  3.025 0.0000000000
66645  -30.699  -8.734  1.475 0.0000000000
66646  -31.132  -8.365  1.910 0.0000000000
66657  -29.851  -9.275  0.485 0.0000000000
66658  -30.175  -8.733  0.778 0.0000000000
66672  -29.661  -8.957  -0.021 0.0000000000
66673  -29.939  -8.205  0.015 0.0000000000
66685  -29.380  -8.977  -0.949 0.0000000000
66694  -28.931  -9.333  -2.607 0.0000000000
66695  -29.205  -8.927  -2.211 0.0000000000
66702  -28.876  -9.296  -3.096 0.0000000000
66703  -29.278  -8.590  -3.476 0.0000000000
66706  -28.835  -9.265  -4.160 0.0000000000
66707  -29.327  -8.486  -4.597 0.0000000000
66710  -28.818  -9.190  -5.288 0.0000000000
66711  -29.322  -8.374  -5.713 0.0000000000
66713  -28.786  -9.061  -6.367 0.0000000000
66714  -29.216  -8.273  -6.798 0.0000000000
66717  -28.759  -8.974  -7.361 0.0000000000
66718  -29.082  -8.242  -7.798 0.0000000000
66720  -28.776  -8.938  -8.241 0.0000000000
66721  -29.055  -8.307  -8.699 0.0000000000
66728  -28.884  -8.967  -8.918 0.0000000000
66729  -29.196  -8.609  -9.562 0.0000000000
66743  -29.520  -8.636  -10.446 0.0000000000
66755  -29.832  -8.658  -11.177 0.0000000000
66756  -30.223  -8.695  -11.899 0.0000000000
66771  -30.614  -8.805  -12.838 0.0000000000
66784  -31.162  -8.586  -13.747 0.0000000000
66785  -31.614  -8.960  -14.072 0.0000000000
66798  -31.233  -8.097  -14.182 0.0000000000
66799  -31.792  -8.470  -14.592 0.0000000000
66800  -32.350  -8.896  -15.002 0.0000000000
66812  -32.003  -7.925  -15.130 0.0000000000
66813  -32.553  -8.384  -15.645 0.0000000000
66814  -33.196  -8.923  -16.045 0.0000000000
66832  -32.832  -7.813  -16.363 0.0000000000
67801  -33.141  -7.913  3.341 0.0000000000
67802  -33.807  -7.304  3.567 0.0000000000
67803  -34.450  -7.336  3.926 0.0000000000
67816  -31.780  -7.439  2.297 0.0000000000
67817  -32.670  -7.342  2.831 0.0000000000
67818  -33.209  -7.290  3.143 0.0000000000
67827  -30.663  -7.978  1.153 0.0000000000
67828  -31.131  -7.362  1.396 0.0000000000
67837  -30.439  -7.498  0.301 0.0000000000
67838  -30.797  -7.368  0.825 0.0000000000
67852  -29.727  -8.378  -0.554 0.0000000000
67853  -30.051  -7.682  -0.559 0.0000000000
67865  -29.692  -8.178  -1.277 0.0000000000
67866  -30.126  -7.357  -1.388 0.0000000000
67876  -29.779  -7.900  -2.013 0.0000000000
67877  -30.195  -7.243  -2.312 0.0000000000
67885  -29.735  -7.910  -2.871 0.0000000000
67886  -30.324  -7.206  -3.272 0.0000000000
67889  -29.826  -7.817  -3.923 0.0000000000
67890  -30.504  -7.143  -4.290 0.0000000000
67893  -29.932  -7.740  -5.014 0.0000000000
67894  -30.586  -7.011  -5.330 0.0000000000
67897  -29.924  -7.528  -6.202 0.0000000000
67898  -30.564  -6.814  -6.169 0.0000000000
67902  -29.595  -7.540  -7.349 0.0000000000
67905  -29.423  -7.572  -8.343 0.0000000000
67910  -29.383  -7.691  -9.274 0.0000000000
67923  -29.497  -7.848  -10.149 0.0000000000
67939  -29.707  -7.955  -10.889 0.0000000000
67940  -30.004  -7.944  -11.517 0.0000000000
67952  -30.306  -7.901  -12.330 0.0000000000
67964  -30.619  -7.879  -13.240 0.0000000000
67978  -30.920  -7.754  -13.905 0.0000000000
67979  -31.273  -7.663  -14.348 0.0000000000
67992  -31.665  -7.542  -14.819 0.0000000000
67993  -32.093  -7.417  -15.416 0.0000000000
68009  -32.557  -7.220  -16.180 0.0000000000
68944  -33.869  -6.330  3.363 0.0000000000
68945  -34.592  -6.549  3.852 0.0000000000
68946  -35.016  -5.959  3.970 0.0000000000
68955  -31.850  -6.757  2.113 0.0000000000
68956  -32.271  -6.424  2.308 0.0000000000
68957  -33.199  -6.556  2.940 0.0000000000
68964  -31.634  -6.458  1.625 0.0000000000
68965  -32.015  -5.937  1.882 0.0000000000
68973  -30.642  -6.919  0.098 0.0000000000
68974  -30.955  -6.654  0.465 0.0000000000
68983  -30.626  -6.683  -0.490 0.0000000000
68984  -30.864  -6.343  -0.107 0.0000000000
68992  -30.521  -6.597  -1.661 0.0000000000
68997  -30.658  -6.550  -2.637 0.0000000000
69002  -30.901  -6.537  -3.577 0.0000000000
69005  -31.198  -6.340  -4.607 0.0000000000
69006  -31.586  -5.951  -4.856 0.0000000000
69009  -31.156  -6.264  -5.643 0.0000000000
69010  -31.433  -6.075  -5.126 0.0000000000
69013  -30.188  -6.852  -6.981 0.0000000000
69014  -30.822  -6.250  -6.610 0.0000000000
69017  -29.894  -6.853  -7.964 0.0000000000
69018  -30.486  -6.189  -7.575 0.0000000000
69021  -29.767  -6.938  -8.941 0.0000000000
69022  -30.226  -6.221  -8.573 0.0000000000
69026  -29.741  -7.087  -9.868 0.0000000000
69027  -30.106  -6.341  -9.529 0.0000000000
69035  -29.838  -7.328  -10.703 0.0000000000
69036  -30.088  -6.608  -10.466 0.0000000000
69051  -29.931  -7.554  -11.171 0.0000000000
69052  -30.159  -7.133  -11.569 0.0000000000
69065  -30.469  -7.214  -12.791 0.0000000000
69081  -30.742  -7.246  -13.581 0.0000000000
69094  -30.972  -7.278  -14.070 0.0000000000
69095  -31.263  -7.116  -14.411 0.0000000000
69112  -31.696  -6.956  -14.974 0.0000000000
69113  -32.228  -6.737  -15.701 0.0000000000
70182  -34.211  -5.771  3.428 0.0000000000
70183  -34.737  -5.510  3.651 0.0000000000
70184  -35.448  -5.328  3.985 0.0000000000
70192  -32.920  -5.678  2.527 0.0000000000
70193  -33.637  -5.481  2.990 0.0000000000
70201  -31.924  -5.606  1.500 0.0000000000
70202  -32.413  -5.325  1.955 0.0000000000
70212  -31.528  -5.622  0.803 0.0000000000
70221  -30.878  -6.163  -0.639 0.0000000000
70222  -31.145  -5.778  -0.327 0.0000000000
70228  -30.886  -6.063  -1.090 0.0000000000
70229  -31.252  -5.318  -1.377 0.0000000000
70231  -30.900  -5.890  -2.019 0.0000000000
70232  -31.425  -5.232  -2.332 0.0000000000
70235  -31.196  -5.936  -2.920 0.0000000000
70236  -31.724  -5.338  -3.251 0.0000000000
70238  -31.422  -5.987  -3.722 0.0000000000
70239  -31.868  -5.601  -4.298 0.0000000000
70241  -31.425  -5.936  -5.724 0.0000000000
70242  -31.776  -5.685  -5.392 0.0000000000
70244  -31.376  -5.845  -6.136 0.0000000000
70245  -31.817  -5.300  -6.289 0.0000000000
70248  -31.207  -5.491  -7.103 0.0000000000
70249  -31.731  -4.963  -6.891 0.0000000000
70252  -30.760  -5.532  -8.174 0.0000000000
70254  -30.541  -5.597  -9.132 0.0000000000
70258  -30.415  -5.758  -10.003 0.0000000000
70270  -30.334  -6.208  -10.957 0.0000000000
70284  -30.469  -6.725  -12.456 0.0000000000
70285  -31.187  -4.831  -12.882 0.0000000000
70300  -30.721  -6.822  -13.431 0.0000000000
70301  -30.769  -6.600  -13.395 0.0000000000
70315  -30.932  -6.953  -13.970 0.0000000000
70316  -31.187  -6.751  -14.244 0.0000000000
70335  -31.880  -6.608  -15.223 0.0000000000
71383  -34.295  -5.001  3.278 0.0000000000
71384  -34.948  -4.465  3.390 0.0000000000
71385  -35.852  -4.264  3.660 0.0000000000
71404  -33.168  -4.623  2.398 0.0000000000
71405  -33.949  -4.446  2.920 0.0000000000
71406  -34.439  -4.394  3.147 0.0000000000
71417  -32.093  -4.702  1.191 0.0000000000
71418  -32.614  -4.340  1.794 0.0000000000
71428  -31.648  -4.624  0.270 0.0000000000
71430  -31.488  -4.488  -0.733 0.0000000000
71432  -31.523  -4.411  -1.751 0.0000000000
71434  -31.855  -4.465  -2.685 0.0000000000
71437  -32.249  -4.615  -3.658 0.0000000000
71440  -32.524  -4.805  -4.723 0.0000000000
71441  -32.771  -4.370  -5.273 0.0000000000
71443  -32.424  -4.936  -5.688 0.0000000000
71444  -32.900  -4.308  -5.956 0.0000000000
71446  -32.279  -4.702  -6.490 0.0000000000
71447  -32.705  -4.099  -6.772 0.0000000000
71450  -31.531  -4.948  -7.296 0.0000000000
71451  -31.958  -4.424  -7.357 0.0000000000
71452  -32.515  -3.839  -7.399 0.0000000000
71454  -31.329  -4.924  -7.840 0.0000000000
71455  -31.626  -4.264  -8.314 0.0000000000
71459  -31.085  -4.924  -8.736 0.0000000000
71460  -31.426  -4.240  -9.151 0.0000000000
71464  -30.893  -4.970  -9.542 0.0000000000
71465  -31.243  -4.314  -9.748 0.0000000000
71470  -30.782  -5.092  -10.104 0.0000000000
71471  -31.163  -4.373  -9.986 0.0000000000
71483  -30.955  -4.919  -11.671 0.0000000000
71484  -31.217  -4.380  -12.358 0.0000000000
71497  -31.410  -4.288  -13.232 0.0000000000
71517  -31.646  -4.432  -14.116 0.0000000000
71518  -31.948  -4.136  -14.803 0.0000000000
71538  -31.846  -4.865  -14.807 0.0000000000
71539  -32.178  -4.497  -15.457 0.0000000000
72588  -34.959  -3.924  3.191 0.0000000000
72589  -35.332  -3.621  3.213 0.0000000000
72590  -36.296  -3.303  3.219 0.0000000000
72609  -32.999  -3.545  2.027 0.0000000000
72610  -33.714  -3.566  2.545 0.0000000000
72611  -34.614  -3.679  2.990 0.0000000000
72612  -35.106  -3.166  3.012 0.0000000000
72636  -31.985  -3.848  0.712 0.0000000000
72637  -32.438  -3.524  1.349 0.0000000000
72652  -31.684  -3.316  -0.041 0.0000000000
72653  -32.089  -3.096  0.760 0.0000000000
72659  -31.560  -3.456  -1.189 0.0000000000
72661  -31.680  -3.513  -2.181 0.0000000000
72663  -32.079  -3.568  -3.123 0.0000000000
72665  -32.568  -3.607  -4.229 0.0000000000
72666  -32.784  -3.039  -4.684 0.0000000000
72669  -32.787  -4.112  -4.837 0.0000000000
72670  -33.009  -3.532  -5.253 0.0000000000
72672  -33.300  -3.582  -6.313 0.0000000000
72674  -33.039  -3.512  -7.140 0.0000000000
72677  -32.165  -3.745  -7.965 0.0000000000
72678  -32.661  -3.338  -7.793 0.0000000000
72680  -32.076  -3.428  -8.732 0.0000000000
72681  -32.404  -3.296  -8.250 0.0000000000
72685  -31.736  -3.531  -9.426 0.0000000000
72687  -31.539  -3.746  -9.761 0.0000000000
72691  -31.445  -3.437  -11.946 0.0000000000
72698  -31.522  -3.476  -12.847 0.0000000000
72712  -31.690  -3.482  -13.670 0.0000000000
72729  -31.920  -3.439  -14.428 0.0000000000
72730  -32.164  -3.460  -15.153 0.0000000000
73664  -35.597  -2.513  3.019 0.0000000000
73665  -36.655  -2.340  2.807 0.0000000000
73672  -32.830  -2.830  1.711 0.0000000000
73673  -33.402  -2.445  2.163 0.0000000000
73674  -34.252  -2.693  2.681 0.0000000000
73675  -34.875  -2.815  2.911 0.0000000000
73698  -32.495  -2.349  1.180 0.0000000000
73699  -32.922  -2.333  1.703 0.0000000000
73724  -31.837  -2.171  -0.072 0.0000000000
73725  -32.023  -2.488  0.468 0.0000000000
73741  -31.642  -2.461  -0.782 0.0000000000
73745  -31.606  -2.570  -1.686 0.0000000000
73747  -31.752  -2.601  -2.614 0.0000000000
73749  -32.143  -2.582  -3.512 0.0000000000
73750  -32.548  -2.481  -4.308 0.0000000000
73753  -32.968  -2.473  -5.017 0.0000000000
73756  -33.564  -2.522  -5.949 0.0000000000
73757  -33.847  -1.947  -6.352 0.0000000000
73760  -33.559  -2.935  -6.927 0.0000000000
73761  -33.912  -2.197  -6.834 0.0000000000
73764  -33.127  -2.968  -7.596 0.0000000000
73765  -33.558  -2.347  -7.731 0.0000000000
73769  -32.372  -2.949  -8.825 0.0000000000
73770  -32.755  -2.648  -8.453 0.0000000000
73771  -33.306  -2.169  -8.302 0.0000000000
73775  -32.315  -2.741  -9.138 0.0000000000
73776  -32.639  -2.314  -8.992 0.0000000000
73778  -32.070  -2.780  -9.549 0.0000000000
73780  -31.702  -2.602  -11.552 0.0000000000
73786  -31.697  -2.623  -12.487 0.0000000000
73801  -31.769  -2.679  -13.292 0.0000000000
73815  -31.939  -2.622  -14.001 0.0000000000
73816  -32.163  -2.551  -14.743 0.0000000000
74716  -34.703  -1.037  2.969 0.0000000000
74717  -35.431  -1.320  3.141 0.0000000000
74718  -36.285  -1.447  3.108 0.0000000000
74719  -37.108  -1.481  2.841 0.0000000000
74729  -33.515  -1.254  2.159 0.0000000000
74730  -34.112  -1.661  2.609 0.0000000000
74731  -34.819  -2.008  2.909 0.0000000000
74746  -32.700  -1.310  1.135 0.0000000000
74747  -33.019  -1.739  1.668 0.0000000000
74762  -31.964  -1.657  -0.079 0.0000000000
74763  -32.214  -1.562  0.396 0.0000000000
74777  -31.818  -1.616  -0.506 0.0000000000
74778  -32.053  -1.307  -0.158 0.0000000000
74782  -31.673  -1.698  -1.255 0.0000000000
74786  -31.703  -1.724  -2.098 0.0000000000
74789  -31.896  -1.648  -2.955 0.0000000000
74790  -32.278  -1.565  -3.806 0.0000000000
74792  -32.683  -1.579  -4.634 0.0000000000
74794  -33.212  -1.604  -5.356 0.0000000000
74795  -33.689  -1.502  -6.027 0.0000000000
74803  -33.175  -2.026  -8.560 0.0000000000
74806  -32.571  -2.191  -9.195 0.0000000000
74807  -32.988  -1.695  -8.994 0.0000000000
74810  -32.459  -2.072  -9.381 0.0000000000
74813  -32.447  -1.847  -9.610 0.0000000000
74818  -31.970  -1.710  -12.169 0.0000000000
74833  -31.913  -1.937  -12.996 0.0000000000
74850  -31.964  -2.044  -13.602 0.0000000000
75788  -34.687  -0.259  2.963 0.0000000000
75789  -35.219  -0.413  3.230 0.0000000000
75790  -35.984  -0.490  3.432 0.0000000000
75791  -36.993  -0.535  3.363 0.0000000000
75807  -33.546  -0.394  2.081 0.0000000000
75808  -34.103  -0.558  2.581 0.0000000000
75826  -32.855  -0.777  1.142 0.0000000000
75827  -33.136  -0.775  1.565 0.0000000000
75842  -32.637  -0.709  0.704 0.0000000000
75854  -31.994  -1.120  -0.421 0.0000000000
75855  -32.313  -0.606  -0.186 0.0000000000
75858  -31.868  -0.984  -0.845 0.0000000000
75859  -32.294  -0.235  -1.177 0.0000000000
75863  -31.837  -0.929  -1.648 0.0000000000
75864  -32.285  -0.242  -2.108 0.0000000000
75867  -31.914  -0.984  -2.397 0.0000000000
75868  -32.329  -0.555  -3.109 0.0000000000
75870  -32.648  -0.607  -4.157 0.0000000000
75872  -32.974  -0.747  -4.975 0.0000000000
75873  -33.405  -0.733  -5.603 0.0000000000
76925  -34.989  0.235  3.161 0.0000000000
76926  -35.584  0.391  3.436 0.0000000000
76927  -36.469  0.477  3.672 0.0000000000
76946  -33.857  0.194  2.279 0.0000000000
76947  -34.485  0.456  2.734 0.0000000000
76962  -33.003  -0.333  1.095 0.0000000000
76963  -33.443  0.343  1.514 0.0000000000
76970  -32.949  0.255  0.512 0.0000000000
76971  -33.405  1.079  0.832 0.0000000000
76974  -32.859  0.643  -0.600 0.0000000000
76977  -32.795  0.616  -1.676 0.0000000000
76980  -32.837  0.475  -2.622 0.0000000000
76982  -33.054  0.423  -3.599 0.0000000000
76983  -33.514  0.897  -4.167 0.0000000000
76985  -33.237  0.149  -4.639 0.0000000000
76986  -33.656  0.914  -4.805 0.0000000000
76988  -33.316  -0.252  -5.194 0.0000000000
78123  -35.092  0.973  3.192 0.0000000000
78124  -35.844  1.550  3.549 0.0000000000
78125  -37.000  1.475  3.836 0.0000000000
78143  -34.042  1.022  2.161 0.0000000000
78144  -34.710  1.539  2.685 0.0000000000
78145  -35.211  1.583  3.145 0.0000000000
78166  -33.796  1.636  1.427 0.0000000000
78167  -34.247  1.864  2.095 0.0000000000
78180  -33.249  1.263  0.121 0.0000000000
78181  -33.534  1.914  0.600 0.0000000000
78184  -33.297  1.605  -0.515 0.0000000000
78185  -33.405  2.097  -0.069 0.0000000000
78187  -33.246  1.555  -1.260 0.0000000000
78190  -33.284  1.500  -2.285 0.0000000000
78191  -33.459  1.756  -2.973 0.0000000000
78193  -33.312  1.095  -2.984 0.0000000000
78194  -33.524  1.473  -3.570 0.0000000000
78196  -33.734  1.637  -4.380 0.0000000000
79402  -35.897  2.657  3.313 0.0000000000
79403  -36.645  2.440  3.637 0.0000000000
79415  -34.708  2.597  2.347 0.0000000000
79416  -35.293  2.215  3.011 0.0000000000
79433  -33.731  2.755  1.052 0.0000000000
79434  -34.126  2.468  1.742 0.0000000000
79457  -33.440  2.658  0.294 0.0000000000
79478  -33.245  2.568  -0.681 0.0000000000
79479  -33.347  2.582  -0.138 0.0000000000
79484  -33.133  2.563  -1.766 0.0000000000
79487  -33.191  2.608  -2.907 0.0000000000
79488  -33.509  2.101  -3.284 0.0000000000
79491  -33.099  3.014  -3.486 0.0000000000
79492  -33.440  2.472  -3.798 0.0000000000
80676  -35.918  3.069  3.159 0.0000000000
80677  -36.342  3.231  3.279 0.0000000000
80684  -34.880  3.315  2.267 0.0000000000
80685  -35.550  3.255  2.803 0.0000000000
80686  -36.253  3.852  2.918 0.0000000000
80695  -33.762  3.533  1.076 0.0000000000
80696  -34.286  3.433  1.694 0.0000000000
80705  -33.201  3.744  0.016 0.0000000000
80706  -33.408  3.574  0.382 0.0000000000
80728  -33.095  3.564  -0.311 0.0000000000
80729  -33.296  2.995  -0.087 0.0000000000
80749  -32.767  3.481  -1.200 0.0000000000
80762  -32.620  3.493  -2.282 0.0000000000
81912  -35.038  3.919  2.155 0.0000000000
81913  -35.814  4.229  2.459 0.0000000000
81914  -36.672  4.419  2.584 0.0000000000
81922  -33.846  4.297  1.009 0.0000000000
81923  -34.567  4.414  1.556 0.0000000000
81924  -35.365  4.661  1.822 0.0000000000
81925  -36.233  4.848  1.949 0.0000000000
81936  -33.127  4.063  -0.044 0.0000000000
81937  -33.400  4.444  0.286 0.0000000000
81947  -32.772  4.460  -0.635 0.0000000000
81948  -33.125  4.517  -0.136 0.0000000000
81962  -32.357  4.357  -1.687 0.0000000000
83098  -33.937  4.774  0.901 0.0000000000
83099  -34.208  4.880  1.060 0.0000000000
83100  -34.881  5.105  1.281 0.0000000000
83101  -35.708  5.328  1.383 0.0000000000
83109  -33.816  5.064  0.547 0.0000000000
83110  -34.434  5.395  0.746 0.0000000000
83111  -35.146  5.690  0.801 0.0000000000
83125  -33.218  5.047  -0.146 0.0000000000
84218  -34.117  5.562  0.353 0.0000000000
