#!ascii label  , from subject cvs_avg35_inMNI152 vox2ras=TkReg
281
32782  -15.583  -38.985  -23.183 0.0000000000
32783  -16.285  -39.025  -22.862 0.0000000000
33893  -16.872  -38.735  -22.852 0.0000000000
33909  -15.368  -38.156  -23.778 0.0000000000
33910  -16.391  -38.284  -23.294 0.0000000000
33911  -17.311  -38.183  -23.067 0.0000000000
33929  -14.330  -37.972  -24.341 0.0000000000
33930  -14.825  -38.025  -24.104 0.0000000000
34832  -15.629  -37.583  -24.072 0.0000000000
34833  -16.187  -37.399  -23.912 0.0000000000
34834  -17.075  -37.503  -23.502 0.0000000000
34849  -13.504  -37.047  -24.525 0.0000000000
34850  -14.299  -37.212  -24.693 0.0000000000
34851  -15.185  -37.464  -24.381 0.0000000000
34852  -15.774  -37.299  -24.202 0.0000000000
35713  -16.355  -36.943  -24.098 0.0000000000
35714  -16.768  -36.713  -24.001 0.0000000000
35715  -17.664  -36.847  -23.661 0.0000000000
35722  -12.671  -36.254  -23.635 0.0000000000
35723  -13.267  -36.278  -24.388 0.0000000000
35724  -14.157  -36.279  -24.908 0.0000000000
35725  -15.086  -36.471  -24.996 0.0000000000
35726  -16.081  -36.727  -24.404 0.0000000000
35727  -16.611  -36.424  -24.339 0.0000000000
35739  -14.574  -35.864  -25.138 0.0000000000
35740  -14.728  -36.078  -25.143 0.0000000000
36574  -14.628  -35.863  -22.202 0.0000000000
36587  -13.189  -35.557  -22.800 0.0000000000
36588  -14.082  -35.267  -22.710 0.0000000000
36589  -15.028  -35.039  -22.551 0.0000000000
36590  -15.826  -34.792  -22.408 0.0000000000
36601  -12.653  -35.785  -23.139 0.0000000000
36602  -13.176  -35.289  -23.458 0.0000000000
36603  -17.337  -36.330  -23.978 0.0000000000
36604  -17.998  -36.080  -23.887 0.0000000000
36605  -19.251  -35.638  -23.607 0.0000000000
36606  -20.097  -34.898  -23.247 0.0000000000
36610  -12.843  -35.626  -23.585 0.0000000000
36611  -13.238  -35.374  -24.123 0.0000000000
36612  -13.709  -35.687  -24.660 0.0000000000
36613  -15.304  -36.020  -25.144 0.0000000000
36614  -15.753  -35.966  -24.994 0.0000000000
36615  -16.949  -35.843  -24.609 0.0000000000
36616  -18.205  -35.210  -24.397 0.0000000000
36617  -18.973  -34.654  -24.236 0.0000000000
36628  -13.789  -35.113  -24.672 0.0000000000
36629  -14.273  -35.411  -25.065 0.0000000000
36630  -15.082  -35.620  -25.369 0.0000000000
36631  -16.091  -35.224  -25.460 0.0000000000
36632  -16.884  -34.837  -25.360 0.0000000000
37496  -13.740  -34.819  -23.296 0.0000000000
37497  -14.511  -34.431  -23.117 0.0000000000
37498  -15.432  -34.233  -22.956 0.0000000000
37499  -16.437  -34.151  -22.663 0.0000000000
37510  -13.613  -34.580  -23.900 0.0000000000
37511  -19.696  -34.400  -23.777 0.0000000000
37512  -20.429  -34.004  -23.253 0.0000000000
37516  -13.809  -34.555  -24.469 0.0000000000
37517  -17.587  -34.833  -25.030 0.0000000000
37518  -18.356  -34.157  -24.902 0.0000000000
37519  -19.260  -33.788  -24.366 0.0000000000
37528  -14.092  -34.604  -25.002 0.0000000000
37529  -14.622  -34.661  -25.406 0.0000000000
37530  -15.387  -34.491  -25.695 0.0000000000
37531  -16.308  -34.189  -25.758 0.0000000000
37532  -17.331  -33.936  -25.526 0.0000000000
37533  -18.014  -33.347  -25.330 0.0000000000
38424  -14.190  -33.846  -23.786 0.0000000000
38425  -14.920  -33.474  -23.466 0.0000000000
38426  -15.884  -33.301  -23.234 0.0000000000
38427  -16.774  -33.240  -22.913 0.0000000000
38429  -21.239  -33.502  -22.731 0.0000000000
38439  -14.057  -33.820  -24.374 0.0000000000
38440  -20.032  -33.306  -23.749 0.0000000000
38441  -20.707  -33.196  -23.223 0.0000000000
38446  -14.096  -33.907  -24.873 0.0000000000
38447  -18.745  -33.060  -24.848 0.0000000000
38448  -19.495  -32.965  -24.324 0.0000000000
38456  -14.340  -34.063  -25.261 0.0000000000
38457  -14.773  -33.765  -25.597 0.0000000000
38458  -15.561  -33.399  -25.893 0.0000000000
38459  -16.553  -33.143  -25.994 0.0000000000
38460  -17.418  -32.874  -25.736 0.0000000000
38461  -18.071  -32.589  -25.327 0.0000000000
39381  -14.472  -32.848  -23.828 0.0000000000
39382  -15.262  -32.146  -23.657 0.0000000000
39383  -16.394  -32.353  -23.161 0.0000000000
39384  -17.174  -32.523  -22.745 0.0000000000
39386  -21.170  -32.715  -22.989 0.0000000000
39387  -21.846  -32.346  -22.552 0.0000000000
39388  -22.880  -32.295  -22.146 0.0000000000
39400  -14.196  -32.937  -24.317 0.0000000000
39401  -14.401  -32.039  -24.164 0.0000000000
39402  -19.946  -32.294  -23.890 0.0000000000
39403  -20.676  -32.383  -23.320 0.0000000000
39404  -21.324  -32.073  -22.948 0.0000000000
39410  -14.135  -33.099  -24.893 0.0000000000
39411  -14.255  -32.160  -24.805 0.0000000000
39412  -18.575  -32.156  -24.912 0.0000000000
39413  -19.267  -32.251  -24.469 0.0000000000
39417  -14.363  -33.455  -25.247 0.0000000000
39418  -14.738  -32.559  -25.530 0.0000000000
39419  -15.819  -32.257  -26.096 0.0000000000
39420  -16.850  -32.105  -26.118 0.0000000000
39421  -17.589  -32.036  -25.678 0.0000000000
39422  -18.068  -31.946  -25.275 0.0000000000
40319  -15.383  -30.816  -23.664 0.0000000000
40320  -16.197  -31.243  -23.282 0.0000000000
40321  -17.020  -31.608  -22.785 0.0000000000
40322  -17.723  -31.973  -22.379 0.0000000000
40323  -21.856  -31.325  -22.833 0.0000000000
40324  -22.682  -31.360  -22.547 0.0000000000
40325  -23.639  -31.279  -22.366 0.0000000000
40326  -24.609  -31.306  -22.307 0.0000000000
40337  -14.696  -31.143  -24.038 0.0000000000
40338  -19.727  -31.306  -24.067 0.0000000000
40339  -20.529  -31.441  -23.432 0.0000000000
40340  -21.165  -31.572  -23.127 0.0000000000
40345  -14.445  -31.298  -24.622 0.0000000000
40346  -17.889  -30.904  -25.331 0.0000000000
40347  -18.367  -31.354  -24.964 0.0000000000
40348  -19.005  -31.594  -24.598 0.0000000000
40352  -14.551  -31.334  -25.207 0.0000000000
40353  -15.269  -31.247  -25.785 0.0000000000
40354  -16.268  -31.170  -26.159 0.0000000000
40355  -17.265  -31.149  -25.817 0.0000000000
40356  -17.829  -31.490  -25.452 0.0000000000
41284  -17.792  -29.906  -19.165 0.0000000000
41297  -18.192  -30.485  -21.709 0.0000000000
41307  -15.403  -30.188  -23.719 0.0000000000
41308  -16.187  -30.028  -23.466 0.0000000000
41309  -17.025  -30.524  -22.800 0.0000000000
41310  -17.662  -31.017  -22.299 0.0000000000
41311  -22.088  -30.710  -22.977 0.0000000000
41312  -22.568  -30.696  -22.864 0.0000000000
41313  -23.437  -30.360  -22.812 0.0000000000
41314  -24.440  -30.455  -22.676 0.0000000000
41315  -25.406  -30.552  -22.650 0.0000000000
41316  -26.390  -30.643  -22.628 0.0000000000
41326  -14.895  -30.293  -23.951 0.0000000000
41327  -15.359  -29.710  -23.866 0.0000000000
41328  -19.757  -30.217  -24.000 0.0000000000
41329  -20.481  -30.448  -23.537 0.0000000000
41330  -21.501  -30.606  -23.194 0.0000000000
41331  -22.438  -30.241  -23.097 0.0000000000
41332  -22.925  -30.231  -22.989 0.0000000000
41337  -14.566  -30.524  -24.533 0.0000000000
41338  -14.801  -29.760  -24.446 0.0000000000
41339  -17.551  -30.102  -25.279 0.0000000000
41340  -18.355  -30.434  -24.786 0.0000000000
41341  -19.060  -30.800  -24.475 0.0000000000
41345  -14.442  -30.780  -24.936 0.0000000000
41346  -14.833  -30.225  -25.247 0.0000000000
41347  -15.810  -30.192  -25.853 0.0000000000
41348  -16.734  -30.342  -25.903 0.0000000000
42260  -17.163  -29.612  -19.163 0.0000000000
42280  -16.609  -29.119  -19.426 0.0000000000
42281  -17.587  -29.216  -19.748 0.0000000000
42282  -18.285  -29.504  -20.217 0.0000000000
42286  -17.528  -28.560  -20.806 0.0000000000
42287  -17.867  -28.946  -20.633 0.0000000000
42288  -18.335  -29.593  -20.794 0.0000000000
42293  -17.642  -28.673  -21.344 0.0000000000
42294  -18.009  -29.534  -21.519 0.0000000000
42295  -18.498  -30.071  -21.142 0.0000000000
42307  -16.587  -29.334  -23.340 0.0000000000
42308  -17.333  -29.155  -22.633 0.0000000000
42309  -17.665  -30.129  -22.197 0.0000000000
42310  -23.706  -29.734  -22.974 0.0000000000
42311  -24.295  -29.529  -22.904 0.0000000000
42312  -25.239  -29.676  -22.838 0.0000000000
42313  -26.205  -29.755  -22.809 0.0000000000
42314  -27.209  -29.778  -22.677 0.0000000000
42326  -16.041  -29.263  -23.733 0.0000000000
42327  -16.740  -28.915  -23.430 0.0000000000
42328  -19.725  -29.352  -23.893 0.0000000000
42329  -20.361  -29.544  -23.665 0.0000000000
42330  -21.255  -29.588  -23.487 0.0000000000
42331  -22.259  -29.573  -23.386 0.0000000000
42332  -23.243  -29.635  -23.156 0.0000000000
42333  -23.839  -29.396  -22.984 0.0000000000
42340  -15.470  -29.287  -24.397 0.0000000000
42341  -16.495  -28.929  -24.326 0.0000000000
42342  -17.422  -29.209  -24.548 0.0000000000
42343  -18.285  -29.516  -24.384 0.0000000000
42344  -19.091  -29.833  -24.263 0.0000000000
42349  -15.014  -29.453  -24.912 0.0000000000
42350  -15.645  -29.447  -25.143 0.0000000000
42351  -16.619  -29.572  -25.321 0.0000000000
43206  -16.794  -28.537  -19.956 0.0000000000
43207  -17.382  -28.637  -20.286 0.0000000000
43223  -16.041  -28.117  -20.391 0.0000000000
43224  -17.075  -28.213  -20.771 0.0000000000
43225  -17.459  -28.562  -20.573 0.0000000000
43234  -17.315  -28.136  -21.709 0.0000000000
43245  -17.205  -28.045  -22.478 0.0000000000
43246  -17.237  -27.905  -22.934 0.0000000000
43247  -24.484  -29.022  -22.922 0.0000000000
43248  -25.025  -28.881  -22.940 0.0000000000
43249  -26.042  -28.890  -22.933 0.0000000000
43250  -26.933  -28.986  -22.827 0.0000000000
43251  -27.980  -28.867  -22.600 0.0000000000
43259  -17.095  -28.423  -23.056 0.0000000000
43260  -17.435  -28.132  -23.366 0.0000000000
43261  -17.784  -28.120  -23.682 0.0000000000
43262  -19.716  -28.968  -23.849 0.0000000000
43263  -20.076  -28.903  -23.752 0.0000000000
43264  -20.922  -28.793  -23.718 0.0000000000
43265  -21.983  -28.623  -23.720 0.0000000000
43266  -23.060  -28.722  -23.570 0.0000000000
43267  -24.168  -28.733  -23.150 0.0000000000
43268  -25.109  -28.206  -23.170 0.0000000000
43269  -26.704  -28.419  -22.969 0.0000000000
43270  -27.467  -28.237  -22.913 0.0000000000
43271  -28.540  -28.069  -22.948 0.0000000000
43278  -17.057  -28.603  -23.608 0.0000000000
43279  -17.402  -28.560  -23.936 0.0000000000
43280  -18.161  -28.524  -24.011 0.0000000000
43281  -19.338  -28.687  -24.002 0.0000000000
43282  -20.425  -28.161  -23.856 0.0000000000
43283  -21.375  -27.971  -23.879 0.0000000000
43284  -22.117  -27.799  -23.977 0.0000000000
44138  -15.035  -27.381  -20.707 0.0000000000
44139  -16.261  -27.695  -21.115 0.0000000000
44140  -16.869  -27.867  -21.320 0.0000000000
44161  -15.117  -26.924  -21.480 0.0000000000
44162  -15.789  -27.142  -21.862 0.0000000000
44163  -16.709  -27.677  -21.859 0.0000000000
44172  -15.998  -26.907  -22.520 0.0000000000
44173  -16.706  -27.307  -22.825 0.0000000000
44174  -17.231  -27.699  -23.191 0.0000000000
44175  -25.833  -28.254  -23.088 0.0000000000
44176  -26.333  -28.309  -23.030 0.0000000000
44186  -16.910  -26.986  -23.419 0.0000000000
44187  -17.480  -27.415  -23.715 0.0000000000
44188  -18.054  -27.889  -23.874 0.0000000000
44189  -22.796  -27.901  -23.870 0.0000000000
44190  -23.758  -27.743  -23.697 0.0000000000
44191  -24.778  -27.671  -23.463 0.0000000000
44192  -25.721  -27.598  -23.371 0.0000000000
44193  -26.737  -27.728  -23.190 0.0000000000
44194  -27.955  -27.502  -23.258 0.0000000000
44195  -28.963  -27.398  -23.313 0.0000000000
44203  -17.983  -26.906  -24.210 0.0000000000
44204  -18.624  -27.501  -24.241 0.0000000000
44205  -19.919  -27.513  -24.273 0.0000000000
44206  -20.934  -27.388  -24.247 0.0000000000
44207  -21.802  -27.323  -24.305 0.0000000000
44208  -22.576  -27.259  -24.201 0.0000000000
44209  -23.221  -27.289  -24.020 0.0000000000
45199  -14.428  -26.533  -21.580 0.0000000000
45200  -15.178  -26.740  -21.860 0.0000000000
45216  -14.570  -26.144  -22.253 0.0000000000
45217  -15.364  -26.399  -22.556 0.0000000000
45218  -16.122  -26.745  -22.838 0.0000000000
45228  -15.616  -25.995  -23.228 0.0000000000
45229  -16.348  -26.401  -23.500 0.0000000000
45230  -17.033  -26.808  -23.690 0.0000000000
45231  -23.763  -26.994  -24.038 0.0000000000
45232  -24.491  -27.002  -23.910 0.0000000000
45233  -25.421  -26.961  -23.802 0.0000000000
45234  -26.406  -26.924  -23.687 0.0000000000
45235  -27.464  -26.851  -23.601 0.0000000000
45236  -28.550  -26.788  -23.617 0.0000000000
45246  -16.689  -25.986  -24.134 0.0000000000
45247  -17.314  -26.428  -24.187 0.0000000000
45249  -19.548  -26.694  -24.741 0.0000000000
45250  -20.570  -26.798  -24.751 0.0000000000
45251  -21.453  -26.801  -24.713 0.0000000000
45252  -22.278  -26.678  -24.669 0.0000000000
45253  -23.195  -26.647  -24.403 0.0000000000
45254  -24.122  -26.411  -24.302 0.0000000000
45255  -25.042  -26.337  -24.232 0.0000000000
45256  -26.018  -26.353  -24.244 0.0000000000
45257  -27.031  -26.272  -24.146 0.0000000000
45258  -28.082  -26.165  -24.046 0.0000000000
46330  -13.931  -25.813  -22.184 0.0000000000
46331  -14.571  -25.790  -22.637 0.0000000000
46342  -14.990  -25.569  -23.245 0.0000000000
46343  -15.672  -25.691  -23.649 0.0000000000
46350  -16.118  -25.453  -24.311 0.0000000000
