#!ascii label  , from subject cvs_avg35_inMNI152 vox2ras=TkReg
636
108160  -43.051  32.037  5.698 0.0000000000
108902  -43.809  32.090  5.918 0.0000000000
108903  -44.778  32.119  6.115 0.0000000000
108904  -45.751  32.122  6.382 0.0000000000
108920  -42.535  32.283  5.227 0.0000000000
108921  -43.369  32.429  5.266 0.0000000000
108922  -44.356  32.605  5.312 0.0000000000
108923  -45.394  32.593  5.634 0.0000000000
108924  -46.320  32.722  5.982 0.0000000000
108938  -41.910  32.579  4.658 0.0000000000
108939  -42.807  32.675  4.627 0.0000000000
108940  -43.683  32.805  4.614 0.0000000000
108941  -44.396  32.962  4.552 0.0000000000
109674  -47.190  32.986  6.411 0.0000000000
109684  -45.087  33.025  4.828 0.0000000000
109685  -45.965  33.163  5.139 0.0000000000
109686  -46.723  33.509  5.618 0.0000000000
109687  -47.678  33.882  5.848 0.0000000000
109688  -48.719  33.674  6.084 0.0000000000
109701  -41.275  32.999  4.073 0.0000000000
109702  -42.218  33.021  4.014 0.0000000000
109703  -43.138  33.098  3.968 0.0000000000
109704  -44.008  33.197  3.976 0.0000000000
109705  -44.700  33.480  4.263 0.0000000000
109706  -45.466  33.866  4.534 0.0000000000
109707  -46.303  33.994  4.912 0.0000000000
109708  -47.047  34.097  5.108 0.0000000000
109720  -40.687  33.440  3.439 0.0000000000
109721  -41.649  33.481  3.447 0.0000000000
109722  -42.573  33.519  3.412 0.0000000000
109723  -43.521  33.729  3.385 0.0000000000
109724  -44.350  33.820  3.689 0.0000000000
109725  -44.920  34.070  3.999 0.0000000000
109738  -41.127  33.996  2.903 0.0000000000
109739  -42.068  34.019  2.915 0.0000000000
109740  -42.860  34.034  2.964 0.0000000000
110485  -48.445  34.274  5.395 0.0000000000
110486  -49.267  34.261  5.570 0.0000000000
110487  -50.165  34.230  5.663 0.0000000000
110488  -51.059  34.652  5.509 0.0000000000
110498  -46.145  34.235  4.204 0.0000000000
110499  -46.881  34.276  4.308 0.0000000000
110500  -47.777  34.476  4.685 0.0000000000
110501  -48.906  34.832  4.532 0.0000000000
110502  -49.833  34.730  4.965 0.0000000000
110503  -50.379  34.767  5.258 0.0000000000
110512  -44.139  34.187  3.170 0.0000000000
110513  -44.782  34.335  3.387 0.0000000000
110514  -45.591  34.394  3.672 0.0000000000
110515  -46.495  34.536  3.602 0.0000000000
110516  -47.425  34.792  3.579 0.0000000000
110517  -48.174  35.024  3.929 0.0000000000
110527  -40.606  34.519  2.448 0.0000000000
110528  -41.627  34.692  2.418 0.0000000000
110529  -42.596  34.582  2.568 0.0000000000
110530  -43.534  34.505  2.763 0.0000000000
110531  -44.435  34.739  2.842 0.0000000000
110532  -45.250  34.832  2.970 0.0000000000
110533  -46.070  34.901  3.049 0.0000000000
110534  -46.826  34.958  3.019 0.0000000000
110545  -40.141  35.023  2.049 0.0000000000
110546  -40.950  35.091  2.113 0.0000000000
111284  -51.135  35.273  5.162 0.0000000000
111293  -49.229  35.385  4.089 0.0000000000
111294  -49.673  35.301  4.403 0.0000000000
111295  -50.508  35.424  4.729 0.0000000000
111305  -48.062  35.290  3.287 0.0000000000
111306  -48.815  35.599  3.501 0.0000000000
111307  -49.559  35.756  3.922 0.0000000000
111308  -49.986  35.713  4.288 0.0000000000
111317  -42.359  35.121  2.158 0.0000000000
111318  -43.145  35.149  2.237 0.0000000000
111319  -44.027  35.232  2.340 0.0000000000
111320  -44.891  35.349  2.456 0.0000000000
111321  -45.733  35.378  2.535 0.0000000000
111322  -46.546  35.372  2.565 0.0000000000
111323  -47.536  35.553  2.617 0.0000000000
111324  -48.299  35.643  2.949 0.0000000000
111332  -36.011  36.305  1.754 0.0000000000
111333  -36.562  35.962  1.723 0.0000000000
111335  -38.634  35.420  1.750 0.0000000000
111336  -39.713  35.533  1.624 0.0000000000
111337  -40.684  35.579  1.667 0.0000000000
111338  -41.703  35.502  1.803 0.0000000000
111339  -42.726  35.667  1.765 0.0000000000
111340  -43.636  35.755  1.815 0.0000000000
111341  -44.543  35.826  1.866 0.0000000000
111342  -45.425  35.859  1.969 0.0000000000
111343  -46.267  35.820  2.096 0.0000000000
111344  -46.861  35.706  2.206 0.0000000000
111978  -50.556  35.930  4.423 0.0000000000
111979  -50.920  36.034  4.406 0.0000000000
111987  -48.995  36.013  3.084 0.0000000000
111988  -49.374  36.232  3.289 0.0000000000
111989  -50.280  36.209  3.943 0.0000000000
111996  -35.165  36.693  2.315 0.0000000000
111997  -47.852  36.160  2.128 0.0000000000
111998  -48.637  36.310  2.609 0.0000000000
111999  -49.367  36.840  2.813 0.0000000000
112004  -35.621  36.701  1.804 0.0000000000
112005  -36.312  36.829  1.289 0.0000000000
112006  -37.234  36.413  1.193 0.0000000000
112007  -38.232  36.216  1.184 0.0000000000
112008  -39.270  36.148  1.176 0.0000000000
112009  -40.292  36.136  1.152 0.0000000000
112010  -41.288  36.164  1.238 0.0000000000
112011  -42.277  36.205  1.288 0.0000000000
112012  -43.227  36.291  1.334 0.0000000000
112013  -44.136  36.374  1.388 0.0000000000
112014  -45.118  36.494  1.378 0.0000000000
112015  -45.991  36.396  1.633 0.0000000000
112016  -47.054  36.300  1.818 0.0000000000
112017  -47.933  36.744  1.950 0.0000000000
112025  -36.594  37.355  1.078 0.0000000000
112026  -37.040  37.189  0.993 0.0000000000
112027  -37.869  37.010  0.831 0.0000000000
112028  -38.858  36.892  0.776 0.0000000000
112029  -39.875  36.801  0.723 0.0000000000
112030  -40.882  36.797  0.771 0.0000000000
112031  -41.868  36.811  0.820 0.0000000000
112032  -42.823  36.868  0.897 0.0000000000
112033  -43.736  36.920  0.956 0.0000000000
112034  -44.545  36.938  1.004 0.0000000000
112638  -49.894  36.818  3.150 0.0000000000
112639  -50.635  37.078  3.138 0.0000000000
112647  -35.253  37.185  1.912 0.0000000000
112648  -49.150  37.067  2.409 0.0000000000
112649  -49.916  37.574  2.343 0.0000000000
112650  -50.954  37.901  2.592 0.0000000000
112655  -35.187  37.597  1.816 0.0000000000
112656  -35.615  37.504  1.475 0.0000000000
112657  -36.264  37.666  1.123 0.0000000000
112658  -45.726  36.827  1.256 0.0000000000
112659  -46.362  37.030  1.281 0.0000000000
112660  -47.436  37.400  1.367 0.0000000000
112661  -48.731  37.486  1.763 0.0000000000
112662  -49.524  38.179  1.645 0.0000000000
112669  -36.775  37.786  0.930 0.0000000000
112670  -37.467  37.811  0.646 0.0000000000
112671  -38.428  37.687  0.418 0.0000000000
112672  -39.457  37.534  0.340 0.0000000000
112673  -40.476  37.452  0.327 0.0000000000
112674  -41.474  37.440  0.383 0.0000000000
112675  -42.443  37.460  0.461 0.0000000000
112676  -43.368  37.517  0.573 0.0000000000
112677  -44.289  37.573  0.675 0.0000000000
112678  -45.407  37.435  0.873 0.0000000000
112679  -46.533  37.860  0.893 0.0000000000
112680  -47.333  38.190  0.884 0.0000000000
113323  -50.083  38.413  1.781 0.0000000000
113324  -50.661  38.702  2.039 0.0000000000
113331  -35.902  38.454  1.048 0.0000000000
113332  -36.440  38.125  0.959 0.0000000000
113333  -48.105  38.226  1.081 0.0000000000
113334  -48.942  38.750  1.208 0.0000000000
113335  -49.812  38.870  1.476 0.0000000000
113336  -50.282  38.884  1.708 0.0000000000
113341  -36.230  39.022  0.733 0.0000000000
113342  -36.794  38.575  0.626 0.0000000000
113343  -37.924  38.688  0.122 0.0000000000
113344  -39.043  38.320  -0.020 0.0000000000
113345  -40.070  38.158  -0.082 0.0000000000
113346  -41.084  38.074  -0.084 0.0000000000
113347  -42.080  38.047  -0.019 0.0000000000
113348  -43.029  38.072  0.119 0.0000000000
113349  -43.879  38.168  0.323 0.0000000000
113350  -44.788  38.421  0.344 0.0000000000
113351  -45.840  38.446  0.520 0.0000000000
113352  -46.824  38.699  0.573 0.0000000000
113353  -47.745  38.858  0.714 0.0000000000
113354  -48.348  38.850  0.894 0.0000000000
113363  -38.193  39.282  -0.206 0.0000000000
113364  -38.769  39.110  -0.229 0.0000000000
113365  -39.701  38.965  -0.279 0.0000000000
113366  -40.698  38.849  -0.322 0.0000000000
113367  -41.703  38.773  -0.294 0.0000000000
113368  -42.689  38.737  -0.185 0.0000000000
113369  -43.610  38.714  0.007 0.0000000000
113370  -44.198  38.642  0.159 0.0000000000
113988  -50.777  39.230  1.906 0.0000000000
113989  -51.141  39.377  2.001 0.0000000000
113998  -48.971  39.303  1.055 0.0000000000
113999  -49.435  39.512  1.175 0.0000000000
114000  -50.461  39.519  1.612 0.0000000000
114001  -51.113  40.073  1.724 0.0000000000
114006  -36.509  39.525  0.405 0.0000000000
114007  -37.166  39.243  0.199 0.0000000000
114008  -44.869  38.875  0.138 0.0000000000
114009  -45.310  38.966  0.138 0.0000000000
114010  -46.245  39.190  0.125 0.0000000000
114011  -47.298  39.619  0.254 0.0000000000
114012  -48.534  39.624  0.787 0.0000000000
114013  -49.296  40.205  0.942 0.0000000000
114019  -36.970  39.789  0.023 0.0000000000
114020  -37.664  39.655  -0.183 0.0000000000
114021  -38.473  39.744  -0.432 0.0000000000
114022  -39.328  39.708  -0.572 0.0000000000
114023  -40.309  39.615  -0.670 0.0000000000
114024  -41.334  39.495  -0.663 0.0000000000
114025  -42.349  39.414  -0.594 0.0000000000
114026  -43.376  39.339  -0.463 0.0000000000
114027  -44.545  39.179  -0.173 0.0000000000
114028  -45.641  39.556  -0.350 0.0000000000
114029  -46.576  39.923  -0.336 0.0000000000
114030  -47.216  40.377  -0.178 0.0000000000
114663  -49.973  40.260  1.176 0.0000000000
114664  -50.759  40.609  1.241 0.0000000000
114665  -51.513  40.537  1.399 0.0000000000
114673  -36.617  40.061  0.092 0.0000000000
114674  -47.880  40.725  0.249 0.0000000000
114675  -48.856  40.747  0.670 0.0000000000
114676  -49.668  40.832  0.865 0.0000000000
114677  -50.196  40.771  1.024 0.0000000000
114682  -36.998  40.532  -0.240 0.0000000000
114683  -38.055  40.426  -0.529 0.0000000000
114684  -38.922  40.388  -0.685 0.0000000000
114685  -39.877  40.568  -0.895 0.0000000000
114686  -40.974  40.268  -1.005 0.0000000000
114687  -41.992  40.138  -0.994 0.0000000000
114688  -43.014  40.027  -0.988 0.0000000000
114689  -44.068  39.955  -0.900 0.0000000000
114690  -45.117  40.006  -0.863 0.0000000000
114691  -46.030  40.279  -0.770 0.0000000000
114692  -46.806  40.823  -0.583 0.0000000000
114693  -47.359  40.871  -0.224 0.0000000000
114699  -40.121  41.204  -1.077 0.0000000000
114700  -40.727  41.054  -1.117 0.0000000000
114701  -41.656  40.935  -1.145 0.0000000000
114702  -42.646  40.842  -1.176 0.0000000000
114703  -43.661  40.756  -1.221 0.0000000000
114704  -44.688  40.723  -1.199 0.0000000000
114705  -45.644  40.784  -1.046 0.0000000000
114706  -46.221  40.841  -0.844 0.0000000000
114736  -49.653  40.817  -4.609 0.0000000000
114737  -50.571  41.158  -4.469 0.0000000000
114742  -49.529  41.362  -5.414 0.0000000000
114755  -48.311  41.648  -6.229 0.0000000000
115382  -50.933  41.147  0.946 0.0000000000
115383  -51.398  41.053  1.052 0.0000000000
115391  -48.072  41.369  0.065 0.0000000000
115392  -48.543  41.352  0.316 0.0000000000
115393  -49.331  41.565  0.462 0.0000000000
115394  -50.328  41.344  0.771 0.0000000000
115395  -51.134  41.575  0.768 0.0000000000
115396  -52.067  41.390  0.641 0.0000000000
115403  -37.704  41.245  -0.711 0.0000000000
115404  -38.630  41.052  -0.771 0.0000000000
115405  -39.226  40.886  -0.810 0.0000000000
115406  -46.979  41.360  -0.725 0.0000000000
115407  -47.567  41.505  -0.435 0.0000000000
115408  -48.381  41.736  -0.059 0.0000000000
115409  -48.843  41.754  0.194 0.0000000000
115415  -37.476  41.959  -1.123 0.0000000000
115416  -38.384  41.778  -1.090 0.0000000000
115417  -39.455  41.496  -1.082 0.0000000000
115418  -40.412  41.663  -1.319 0.0000000000
115419  -41.309  41.643  -1.380 0.0000000000
115420  -42.269  41.595  -1.402 0.0000000000
115421  -43.266  41.538  -1.425 0.0000000000
115422  -44.286  41.479  -1.448 0.0000000000
115423  -45.330  41.462  -1.342 0.0000000000
115424  -46.422  41.441  -0.998 0.0000000000
115425  -47.077  41.666  -0.821 0.0000000000
115439  -51.277  41.281  -4.169 0.0000000000
115440  -52.019  41.354  -4.007 0.0000000000
115441  -52.594  41.561  -3.656 0.0000000000
115448  -50.276  41.453  -5.080 0.0000000000
115449  -50.960  41.681  -4.698 0.0000000000
115450  -51.757  41.859  -4.601 0.0000000000
115451  -52.294  41.718  -4.228 0.0000000000
115453  -49.082  41.756  -5.951 0.0000000000
115454  -49.969  42.094  -5.765 0.0000000000
115455  -50.805  42.009  -5.274 0.0000000000
115456  -51.260  42.020  -4.943 0.0000000000
115464  -48.834  42.214  -6.744 0.0000000000
115465  -49.402  42.178  -6.249 0.0000000000
115477  -48.309  42.260  -7.285 0.0000000000
116147  -49.442  41.979  0.281 0.0000000000
116148  -49.831  42.026  0.372 0.0000000000
116149  -50.617  42.135  0.462 0.0000000000
116150  -51.335  42.158  0.434 0.0000000000
116157  -47.679  41.976  -0.700 0.0000000000
116158  -48.126  42.075  -0.548 0.0000000000
116159  -49.118  42.291  -0.023 0.0000000000
116160  -50.035  42.715  0.211 0.0000000000
116161  -50.909  42.880  0.216 0.0000000000
116162  -51.835  42.618  -0.162 0.0000000000
116168  -38.009  42.384  -1.606 0.0000000000
116169  -38.956  42.295  -1.596 0.0000000000
116170  -39.932  42.238  -1.671 0.0000000000
116171  -40.890  42.253  -1.746 0.0000000000
116172  -41.851  42.239  -1.784 0.0000000000
116173  -42.841  42.227  -1.777 0.0000000000
116174  -43.854  42.188  -1.788 0.0000000000
116175  -44.899  42.169  -1.728 0.0000000000
116176  -46.011  42.170  -1.554 0.0000000000
116177  -47.331  42.322  -1.139 0.0000000000
116178  -48.534  42.703  -0.819 0.0000000000
116179  -49.140  42.909  -0.534 0.0000000000
116180  -52.453  42.790  -1.243 0.0000000000
116184  -37.560  42.863  -2.179 0.0000000000
116185  -38.464  42.806  -2.199 0.0000000000
116186  -39.414  42.752  -2.254 0.0000000000
116187  -40.390  42.740  -2.301 0.0000000000
116188  -41.371  42.746  -2.326 0.0000000000
116189  -42.363  42.746  -2.344 0.0000000000
116190  -43.375  42.750  -2.338 0.0000000000
116191  -44.413  42.769  -2.291 0.0000000000
116192  -45.492  42.789  -2.174 0.0000000000
116193  -46.567  42.832  -1.926 0.0000000000
116194  -47.166  42.881  -1.747 0.0000000000
116195  -52.920  42.584  -2.311 0.0000000000
116199  -52.885  42.432  -3.372 0.0000000000
116206  -52.033  42.273  -4.929 0.0000000000
116207  -52.492  42.329  -4.427 0.0000000000
116212  -50.337  42.439  -6.229 0.0000000000
116213  -50.834  42.393  -5.912 0.0000000000
116214  -51.551  42.365  -5.355 0.0000000000
116215  -52.175  42.680  -5.273 0.0000000000
116217  -49.288  42.509  -7.210 0.0000000000
116218  -49.833  42.487  -6.717 0.0000000000
116219  -50.729  42.641  -6.626 0.0000000000
116220  -51.557  42.815  -6.274 0.0000000000
116221  -51.935  42.734  -5.775 0.0000000000
116231  -48.824  42.532  -7.786 0.0000000000
116232  -49.688  42.827  -7.643 0.0000000000
116233  -50.454  42.955  -7.399 0.0000000000
116234  -51.185  43.112  -7.114 0.0000000000
116243  -48.799  42.782  -8.775 0.0000000000
116244  -49.512  43.066  -8.546 0.0000000000
116245  -50.259  43.301  -8.298 0.0000000000
116246  -50.943  43.443  -7.999 0.0000000000
116255  -49.469  43.071  -9.552 0.0000000000
116256  -50.202  43.364  -9.320 0.0000000000
116257  -50.849  43.566  -9.014 0.0000000000
116267  -49.473  42.839  -10.544 0.0000000000
116268  -50.256  43.210  -10.377 0.0000000000
116269  -50.849  43.580  -10.068 0.0000000000
116932  -49.557  43.027  -0.281 0.0000000000
116933  -50.199  43.419  -0.250 0.0000000000
116934  -51.096  43.481  -0.447 0.0000000000
116935  -51.743  43.368  -0.881 0.0000000000
116941  -47.472  42.931  -1.677 0.0000000000
116942  -48.073  43.107  -1.539 0.0000000000
116943  -49.249  43.556  -1.082 0.0000000000
116944  -50.353  43.994  -0.966 0.0000000000
116945  -51.170  43.963  -1.220 0.0000000000
116946  -51.866  43.721  -1.568 0.0000000000
116952  -37.971  43.516  -2.461 0.0000000000
116953  -38.892  43.475  -2.532 0.0000000000
116954  -39.852  43.447  -2.606 0.0000000000
116955  -40.834  43.463  -2.600 0.0000000000
116956  -41.832  43.490  -2.565 0.0000000000
116957  -42.841  43.503  -2.568 0.0000000000
116958  -43.859  43.512  -2.599 0.0000000000
116959  -44.910  43.547  -2.602 0.0000000000
116960  -46.041  43.554  -2.502 0.0000000000
116961  -47.292  43.422  -2.238 0.0000000000
116962  -48.427  43.807  -2.128 0.0000000000
116963  -49.135  44.251  -1.945 0.0000000000
116964  -52.413  43.474  -2.136 0.0000000000
116968  -52.643  43.354  -3.017 0.0000000000
116974  -52.654  43.269  -3.996 0.0000000000
116981  -52.501  43.271  -4.977 0.0000000000
116985  -51.906  43.077  -6.404 0.0000000000
116986  -52.213  43.292  -6.093 0.0000000000
116993  -51.752  43.292  -6.756 0.0000000000
116994  -52.027  43.836  -7.093 0.0000000000
117004  -51.533  43.615  -7.619 0.0000000000
117005  -51.788  44.156  -8.155 0.0000000000
117012  -51.362  43.803  -8.638 0.0000000000
117013  -51.445  44.234  -9.272 0.0000000000
117021  -51.223  43.907  -9.676 0.0000000000
117722  -49.744  44.497  -1.591 0.0000000000
117723  -50.544  44.654  -1.643 0.0000000000
117724  -51.358  44.554  -1.888 0.0000000000
117725  -51.931  44.119  -2.143 0.0000000000
117732  -38.332  44.173  -2.813 0.0000000000
117733  -39.275  44.168  -2.904 0.0000000000
117734  -40.254  44.160  -2.974 0.0000000000
117735  -41.253  44.219  -2.912 0.0000000000
117736  -42.267  44.274  -2.822 0.0000000000
117737  -43.273  44.290  -2.810 0.0000000000
117738  -44.264  44.319  -2.834 0.0000000000
117739  -45.309  44.535  -2.803 0.0000000000
117740  -46.534  44.494  -2.613 0.0000000000
117741  -47.661  44.522  -2.425 0.0000000000
117742  -48.554  44.708  -2.233 0.0000000000
117743  -49.229  44.973  -2.044 0.0000000000
117744  -51.720  44.712  -2.465 0.0000000000
117745  -52.220  44.126  -2.727 0.0000000000
117750  -38.650  44.763  -3.360 0.0000000000
117751  -39.634  44.795  -3.458 0.0000000000
117752  -40.653  44.846  -3.461 0.0000000000
117753  -41.678  44.891  -3.394 0.0000000000
117754  -42.697  44.890  -3.369 0.0000000000
117755  -43.671  44.909  -3.310 0.0000000000
117756  -44.533  45.021  -3.158 0.0000000000
117757  -45.093  45.266  -3.030 0.0000000000
117758  -51.938  44.786  -3.105 0.0000000000
117759  -52.376  44.231  -3.644 0.0000000000
117763  -52.499  44.053  -4.536 0.0000000000
117770  -52.461  44.127  -5.474 0.0000000000
117777  -52.330  44.313  -6.465 0.0000000000
117780  -52.041  44.524  -7.370 0.0000000000
117788  -51.785  44.675  -8.082 0.0000000000
117798  -51.576  44.610  -8.872 0.0000000000
118409  -48.952  45.958  -2.021 0.0000000000
118410  -49.760  45.522  -1.940 0.0000000000
118411  -50.799  45.561  -2.074 0.0000000000
118412  -51.353  45.111  -2.269 0.0000000000
118419  -45.769  45.578  -2.850 0.0000000000
118420  -47.019  45.471  -2.411 0.0000000000
118421  -47.991  45.367  -2.288 0.0000000000
118422  -48.727  45.405  -2.165 0.0000000000
118423  -49.191  45.475  -2.046 0.0000000000
118424  -50.915  45.945  -2.477 0.0000000000
118425  -51.347  45.497  -2.808 0.0000000000
118431  -39.002  45.523  -3.691 0.0000000000
118432  -40.010  45.597  -3.672 0.0000000000
118433  -41.046  45.697  -3.458 0.0000000000
118434  -42.115  45.709  -3.392 0.0000000000
118435  -43.136  45.642  -3.391 0.0000000000
118436  -44.038  45.606  -3.338 0.0000000000
118437  -44.738  45.584  -3.220 0.0000000000
118438  -45.162  45.573  -3.096 0.0000000000
118439  -51.839  45.268  -3.996 0.0000000000
118440  -52.314  44.611  -4.252 0.0000000000
118443  -51.929  45.622  -5.221 0.0000000000
118444  -52.327  44.820  -4.878 0.0000000000
118448  -52.046  45.813  -6.267 0.0000000000
118449  -52.396  45.027  -5.852 0.0000000000
118456  -51.786  45.670  -7.158 0.0000000000
118457  -52.162  45.100  -6.800 0.0000000000
118464  -51.439  45.513  -7.918 0.0000000000
118465  -51.830  45.087  -7.615 0.0000000000
118470  -51.586  45.062  -8.441 0.0000000000
119030  -46.916  47.015  -1.768 0.0000000000
119031  -47.349  46.942  -1.766 0.0000000000
119032  -48.303  46.707  -1.877 0.0000000000
119033  -49.278  46.568  -1.904 0.0000000000
119034  -50.070  46.366  -1.993 0.0000000000
119042  -41.839  47.035  -2.913 0.0000000000
119043  -42.301  47.008  -2.900 0.0000000000
119044  -43.261  46.956  -2.930 0.0000000000
119045  -44.226  46.866  -2.994 0.0000000000
119046  -45.258  46.629  -2.892 0.0000000000
119047  -46.566  46.722  -2.192 0.0000000000
119048  -47.583  46.178  -2.047 0.0000000000
119049  -48.323  45.938  -2.121 0.0000000000
119050  -50.514  46.417  -2.381 0.0000000000
119051  -50.885  46.189  -2.809 0.0000000000
119057  -39.386  46.294  -3.777 0.0000000000
119058  -40.341  46.411  -3.517 0.0000000000
119059  -41.511  46.680  -3.169 0.0000000000
119060  -42.652  46.411  -3.228 0.0000000000
119061  -43.628  46.294  -3.254 0.0000000000
119062  -44.493  46.159  -3.225 0.0000000000
119063  -45.090  45.906  -3.146 0.0000000000
119064  -50.496  46.757  -3.026 0.0000000000
119065  -51.041  46.199  -3.535 0.0000000000
119068  -49.683  47.184  -4.378 0.0000000000
119069  -50.219  47.018  -4.076 0.0000000000
119070  -51.193  46.224  -4.639 0.0000000000
119073  -49.043  47.161  -5.258 0.0000000000
119074  -49.456  47.081  -4.941 0.0000000000
119075  -50.447  46.665  -5.296 0.0000000000
119076  -51.350  46.273  -5.756 0.0000000000
119080  -49.070  47.124  -5.657 0.0000000000
119081  -49.771  46.886  -5.965 0.0000000000
119082  -50.609  46.575  -6.371 0.0000000000
119083  -51.371  46.207  -6.761 0.0000000000
119090  -49.126  47.068  -6.502 0.0000000000
119091  -49.865  46.848  -6.942 0.0000000000
119092  -50.615  46.398  -7.451 0.0000000000
119093  -51.308  45.998  -7.505 0.0000000000
119701  -39.401  47.582  -2.521 0.0000000000
119702  -47.037  47.384  -1.792 0.0000000000
119703  -47.808  47.671  -1.758 0.0000000000
119704  -48.796  47.549  -1.854 0.0000000000
119705  -49.679  47.100  -1.973 0.0000000000
119706  -50.159  46.807  -2.109 0.0000000000
119712  -39.681  47.377  -2.821 0.0000000000
119713  -40.728  47.438  -2.793 0.0000000000
119714  -41.719  47.380  -2.820 0.0000000000
119715  -42.848  47.595  -2.798 0.0000000000
119716  -43.923  47.598  -2.895 0.0000000000
119717  -44.880  47.517  -2.885 0.0000000000
119718  -45.838  47.552  -2.582 0.0000000000
119719  -46.709  47.732  -2.180 0.0000000000
119720  -47.229  47.879  -1.902 0.0000000000
119721  -48.962  48.008  -2.059 0.0000000000
119722  -49.292  47.601  -2.441 0.0000000000
119723  -50.066  47.074  -2.455 0.0000000000
119726  -38.962  46.714  -3.580 0.0000000000
119727  -39.573  46.908  -3.418 0.0000000000
119728  -40.492  47.032  -3.129 0.0000000000
119729  -41.109  47.135  -2.932 0.0000000000
119730  -47.866  48.018  -3.791 0.0000000000
119731  -48.644  47.811  -3.490 0.0000000000
119732  -49.278  47.585  -3.227 0.0000000000
119733  -49.867  47.263  -3.117 0.0000000000
119736  -46.886  47.905  -4.949 0.0000000000
119737  -47.731  47.689  -4.612 0.0000000000
119738  -48.520  47.564  -4.276 0.0000000000
119739  -49.333  47.403  -4.084 0.0000000000
119740  -49.688  47.327  -3.612 0.0000000000
119744  -47.654  47.501  -5.492 0.0000000000
119745  -48.595  47.283  -5.117 0.0000000000
119746  -48.975  47.302  -4.607 0.0000000000
119751  -48.416  47.268  -6.045 0.0000000000
120452  -39.759  48.453  -2.358 0.0000000000
120453  -40.707  48.718  -2.298 0.0000000000
120454  -41.216  48.906  -2.189 0.0000000000
120466  -39.409  47.883  -2.328 0.0000000000
120467  -40.463  48.242  -2.439 0.0000000000
120468  -41.519  48.626  -2.351 0.0000000000
120469  -42.601  48.769  -2.424 0.0000000000
120470  -43.098  48.993  -2.567 0.0000000000
120471  -47.980  48.172  -1.935 0.0000000000
120472  -48.299  48.030  -1.799 0.0000000000
120478  -39.675  47.615  -2.518 0.0000000000
120479  -40.190  47.742  -2.563 0.0000000000
120480  -41.152  47.942  -2.633 0.0000000000
120481  -42.253  48.118  -2.628 0.0000000000
120482  -43.635  48.521  -2.906 0.0000000000
120483  -44.685  48.228  -3.104 0.0000000000
120484  -45.509  48.289  -2.964 0.0000000000
120485  -46.449  48.255  -2.742 0.0000000000
120486  -47.481  48.173  -2.329 0.0000000000
120487  -48.441  48.180  -2.201 0.0000000000
120488  -48.897  48.033  -2.346 0.0000000000
120490  -44.191  48.972  -4.112 0.0000000000
120491  -44.656  48.565  -3.914 0.0000000000
120492  -45.402  48.434  -3.803 0.0000000000
120493  -46.269  48.430  -3.580 0.0000000000
120494  -47.194  48.379  -3.260 0.0000000000
120495  -48.093  48.268  -2.959 0.0000000000
120496  -48.790  47.973  -2.752 0.0000000000
120500  -44.566  48.556  -4.855 0.0000000000
120501  -45.306  48.434  -4.654 0.0000000000
120502  -46.155  48.359  -4.429 0.0000000000
120503  -47.009  48.126  -4.116 0.0000000000
120509  -46.050  48.156  -5.259 0.0000000000
121189  -40.148  48.868  -2.272 0.0000000000
121190  -41.020  49.045  -2.030 0.0000000000
121191  -41.779  49.388  -1.899 0.0000000000
121192  -42.475  49.584  -1.646 0.0000000000
121205  -41.549  49.035  -2.108 0.0000000000
121206  -42.153  49.134  -2.077 0.0000000000
121207  -42.959  49.356  -2.023 0.0000000000
121223  -43.401  49.354  -2.664 0.0000000000
121239  -43.804  49.397  -3.444 0.0000000000
121925  -42.982  50.657  -0.367 0.0000000000
121926  -43.848  50.791  -0.059 0.0000000000
121927  -44.469  51.015  0.031 0.0000000000
121931  -39.762  49.126  -2.448 0.0000000000
121932  -40.474  49.214  -2.290 0.0000000000
121933  -41.205  49.529  -1.949 0.0000000000
121934  -42.045  49.997  -1.157 0.0000000000
121935  -43.324  50.140  -1.151 0.0000000000
121936  -44.333  50.814  -0.675 0.0000000000
121942  -39.991  49.331  -2.630 0.0000000000
121943  -40.587  49.604  -2.554 0.0000000000
121944  -41.247  50.080  -2.059 0.0000000000
121945  -42.003  50.515  -1.844 0.0000000000
121946  -43.558  49.849  -2.060 0.0000000000
121947  -44.286  50.523  -1.876 0.0000000000
121954  -40.881  49.982  -2.734 0.0000000000
121955  -41.426  50.379  -2.713 0.0000000000
121956  -42.079  50.896  -2.541 0.0000000000
121957  -43.806  50.037  -2.816 0.0000000000
121958  -44.505  50.713  -3.082 0.0000000000
121970  -41.698  50.991  -3.251 0.0000000000
121971  -42.204  51.210  -2.909 0.0000000000
122618  -42.771  50.999  0.082 0.0000000000
122619  -43.505  51.266  0.371 0.0000000000
122620  -44.516  51.522  0.514 0.0000000000
122621  -45.093  52.090  0.904 0.0000000000
122625  -42.570  50.919  -0.811 0.0000000000
122626  -43.125  51.520  -0.107 0.0000000000
122627  -44.974  51.394  -0.198 0.0000000000
122628  -45.402  52.035  0.302 0.0000000000
122635  -42.514  51.193  -1.808 0.0000000000
122636  -43.114  51.690  -1.097 0.0000000000
122637  -45.049  51.350  -1.258 0.0000000000
122638  -45.569  52.144  -0.695 0.0000000000
122645  -42.508  51.432  -2.551 0.0000000000
122646  -43.028  51.850  -2.096 0.0000000000
122647  -45.067  51.383  -2.401 0.0000000000
122648  -45.644  52.233  -1.934 0.0000000000
122657  -42.406  51.754  -3.116 0.0000000000
122658  -42.803  51.867  -2.659 0.0000000000
122659  -45.041  51.807  -3.470 0.0000000000
122660  -45.409  52.024  -2.749 0.0000000000
123273  -44.046  51.758  0.744 0.0000000000
123274  -44.563  52.350  0.749 0.0000000000
123275  -45.350  52.668  0.595 0.0000000000
123280  -43.731  52.023  0.467 0.0000000000
123281  -44.319  52.565  0.161 0.0000000000
123282  -46.017  52.862  -0.095 0.0000000000
123287  -43.703  52.233  -0.401 0.0000000000
123288  -44.352  52.913  -0.622 0.0000000000
123289  -46.145  52.982  -1.202 0.0000000000
123294  -43.783  52.697  -1.549 0.0000000000
123295  -44.414  53.265  -1.190 0.0000000000
123296  -46.053  53.111  -2.146 0.0000000000
123302  -42.437  52.746  -3.380 0.0000000000
123303  -43.156  52.539  -2.698 0.0000000000
123304  -45.277  52.430  -3.560 0.0000000000
123305  -45.598  52.749  -3.101 0.0000000000
123311  -45.133  52.671  -4.047 0.0000000000
123312  -45.420  53.189  -3.643 0.0000000000
123868  -44.670  52.792  0.442 0.0000000000
123869  -44.959  53.018  0.566 0.0000000000
123875  -44.782  53.091  0.006 0.0000000000
123876  -45.364  53.284  -0.015 0.0000000000
123880  -44.942  53.581  -0.798 0.0000000000
123881  -45.865  53.742  -0.845 0.0000000000
123885  -43.816  53.381  -2.408 0.0000000000
123886  -44.506  53.701  -1.779 0.0000000000
123887  -46.180  53.765  -1.737 0.0000000000
123893  -43.231  53.724  -3.177 0.0000000000
123894  -45.303  53.853  -3.208 0.0000000000
123895  -45.841  53.704  -2.675 0.0000000000
123902  -45.128  53.702  -3.947 0.0000000000
123903  -45.518  53.483  -3.328 0.0000000000
124471  -45.334  54.137  -1.507 0.0000000000
124472  -45.939  54.213  -1.479 0.0000000000
124476  -44.161  54.106  -2.727 0.0000000000
124477  -44.980  54.235  -2.367 0.0000000000
124478  -45.729  54.234  -2.118 0.0000000000
124483  -43.656  54.734  -3.349 0.0000000000
124484  -44.565  54.341  -3.436 0.0000000000
124485  -45.302  54.009  -2.725 0.0000000000
124492  -44.546  54.307  -4.240 0.0000000000
