#!ascii label  , from subject cvs_avg35_inMNI152 vox2ras=TkReg
322
81875  -62.681  4.850  9.065 0.0000000000
81891  -62.672  4.334  8.522 0.0000000000
81893  -46.173  5.496  7.618 0.0000000000
81894  -46.750  5.215  7.684 0.0000000000
81895  -47.621  5.005  7.813 0.0000000000
81898  -63.204  4.250  7.760 0.0000000000
81899  -63.363  4.338  6.934 0.0000000000
81901  -63.419  4.297  5.990 0.0000000000
83022  -62.298  5.033  9.767 0.0000000000
83023  -62.741  5.393  9.551 0.0000000000
83038  -63.212  5.352  8.493 0.0000000000
83039  -63.421  5.830  7.868 0.0000000000
83043  -46.602  5.975  7.066 0.0000000000
83044  -47.471  5.603  7.148 0.0000000000
83045  -48.319  5.406  7.264 0.0000000000
83046  -49.226  5.209  7.541 0.0000000000
83047  -50.149  5.325  7.420 0.0000000000
83048  -51.024  5.464  7.499 0.0000000000
83049  -51.998  5.635  7.565 0.0000000000
83050  -53.000  5.956  7.636 0.0000000000
83051  -54.105  6.388  7.681 0.0000000000
83052  -54.805  6.427  7.300 0.0000000000
83053  -63.248  4.757  8.118 0.0000000000
83054  -63.394  5.282  7.444 0.0000000000
83056  -46.957  6.335  6.592 0.0000000000
83057  -47.359  6.127  6.608 0.0000000000
83058  -48.136  5.989  6.484 0.0000000000
83059  -48.974  5.723  6.646 0.0000000000
83060  -49.816  5.609  6.619 0.0000000000
83061  -50.704  5.580  6.564 0.0000000000
83062  -51.635  5.601  6.589 0.0000000000
83063  -52.613  5.686  6.628 0.0000000000
83064  -53.623  5.905  6.655 0.0000000000
83065  -54.646  6.154  6.616 0.0000000000
83066  -55.410  6.180  6.344 0.0000000000
83067  -63.416  5.251  6.327 0.0000000000
83069  -48.797  6.172  6.036 0.0000000000
83070  -49.460  6.023  5.946 0.0000000000
83071  -50.300  5.931  5.672 0.0000000000
83072  -51.231  5.728  5.686 0.0000000000
83073  -52.164  5.642  5.678 0.0000000000
83074  -53.142  5.670  5.717 0.0000000000
83075  -54.109  5.813  5.722 0.0000000000
83076  -55.001  5.990  5.674 0.0000000000
83077  -55.770  6.097  5.744 0.0000000000
83078  -63.378  5.223  5.349 0.0000000000
83080  -50.876  5.986  5.000 0.0000000000
83081  -51.657  5.841  4.722 0.0000000000
83082  -52.653  5.711  4.834 0.0000000000
83083  -53.592  5.718  4.863 0.0000000000
83084  -54.525  5.801  4.877 0.0000000000
83085  -55.452  5.982  4.865 0.0000000000
83086  -56.008  6.074  5.251 0.0000000000
83087  -63.321  5.167  4.384 0.0000000000
83089  -52.264  5.898  4.088 0.0000000000
83090  -53.065  5.882  4.065 0.0000000000
83091  -53.982  5.881  4.082 0.0000000000
83092  -54.869  5.984  4.182 0.0000000000
83093  -55.361  6.071  4.273 0.0000000000
84137  -62.891  6.505  9.664 0.0000000000
84148  -63.197  6.342  8.873 0.0000000000
84149  -63.380  6.373  8.098 0.0000000000
84155  -55.057  6.702  7.931 0.0000000000
84156  -56.041  6.797  7.779 0.0000000000
84157  -56.700  6.893  7.318 0.0000000000
84158  -63.395  6.359  7.364 0.0000000000
84160  -46.639  6.777  6.495 0.0000000000
84161  -47.220  6.571  6.269 0.0000000000
84162  -47.726  6.453  6.183 0.0000000000
84163  -55.373  6.401  7.097 0.0000000000
84164  -56.165  6.352  6.680 0.0000000000
84165  -57.097  6.671  6.597 0.0000000000
84166  -57.682  6.846  6.214 0.0000000000
84167  -63.398  6.186  6.553 0.0000000000
84169  -47.052  7.009  6.009 0.0000000000
84170  -47.556  6.893  5.858 0.0000000000
84171  -48.257  6.714  5.672 0.0000000000
84172  -49.079  6.517  5.468 0.0000000000
84173  -49.706  6.344  5.300 0.0000000000
84174  -56.455  6.182  5.760 0.0000000000
84175  -57.192  6.317  5.589 0.0000000000
84176  -57.940  6.690  5.528 0.0000000000
84177  -63.369  6.131  5.659 0.0000000000
84179  -48.760  7.022  5.097 0.0000000000
84180  -49.382  6.891  4.753 0.0000000000
84181  -50.240  6.448  4.695 0.0000000000
84182  -50.960  6.236  4.337 0.0000000000
84183  -55.641  6.104  4.381 0.0000000000
84184  -56.270  6.111  4.715 0.0000000000
84185  -57.293  6.248  4.625 0.0000000000
84186  -58.155  6.562  4.612 0.0000000000
84187  -63.321  6.117  4.713 0.0000000000
84189  -49.849  7.052  4.132 0.0000000000
84190  -50.563  6.840  3.744 0.0000000000
84191  -51.525  6.334  3.682 0.0000000000
84192  -52.469  6.268  3.390 0.0000000000
84193  -53.395  6.247  3.340 0.0000000000
84194  -54.358  6.219  3.413 0.0000000000
84195  -55.433  6.200  3.729 0.0000000000
84196  -56.471  6.284  3.690 0.0000000000
84197  -57.404  6.361  3.682 0.0000000000
84198  -58.240  6.589  3.655 0.0000000000
84199  -63.269  6.020  3.743 0.0000000000
84201  -51.082  6.953  3.045 0.0000000000
84202  -51.823  6.806  2.777 0.0000000000
84203  -52.749  6.743  2.609 0.0000000000
84204  -53.718  6.646  2.596 0.0000000000
84205  -54.689  6.549  2.695 0.0000000000
84206  -55.682  6.557  2.680 0.0000000000
84207  -56.634  6.489  2.843 0.0000000000
84208  -57.457  6.486  2.799 0.0000000000
84209  -58.259  6.636  2.741 0.0000000000
84210  -63.263  5.795  2.949 0.0000000000
84212  -56.116  6.647  2.278 0.0000000000
84213  -56.617  6.643  2.015 0.0000000000
84214  -57.498  6.597  1.994 0.0000000000
84215  -58.227  6.721  1.893 0.0000000000
84224  -56.881  6.727  1.422 0.0000000000
84225  -57.489  6.744  1.252 0.0000000000
84226  -58.160  6.842  1.170 0.0000000000
85265  -62.723  7.421  9.754 0.0000000000
85275  -63.069  7.437  8.881 0.0000000000
85276  -63.282  7.050  8.322 0.0000000000
85281  -56.693  7.376  7.944 0.0000000000
85282  -57.348  7.455  7.577 0.0000000000
85283  -58.204  7.884  7.589 0.0000000000
85284  -58.777  8.064  7.234 0.0000000000
85285  -63.236  7.727  8.120 0.0000000000
85286  -63.319  7.314  7.558 0.0000000000
85290  -57.744  7.245  6.888 0.0000000000
85291  -58.310  7.409  6.500 0.0000000000
85292  -59.091  7.946  6.526 0.0000000000
85293  -63.334  7.159  6.625 0.0000000000
85295  -46.687  7.564  6.043 0.0000000000
85296  -47.254  7.460  5.662 0.0000000000
85297  -47.764  7.284  5.467 0.0000000000
85298  -58.656  7.228  5.560 0.0000000000
85299  -59.398  7.820  5.586 0.0000000000
85300  -63.338  6.890  5.915 0.0000000000
85302  -47.529  7.817  5.268 0.0000000000
85303  -48.170  7.625  4.948 0.0000000000
85304  -48.836  7.419  4.646 0.0000000000
85305  -58.876  7.119  4.593 0.0000000000
85306  -59.630  7.729  4.552 0.0000000000
85307  -60.014  8.059  4.135 0.0000000000
85308  -63.339  7.028  5.086 0.0000000000
85310  -48.609  7.953  4.384 0.0000000000
85311  -49.230  7.688  4.083 0.0000000000
85312  -49.950  7.649  3.581 0.0000000000
85313  -58.933  7.070  3.603 0.0000000000
85314  -59.571  7.504  3.486 0.0000000000
85315  -60.165  7.987  3.428 0.0000000000
85316  -63.285  7.021  4.067 0.0000000000
85318  -50.554  7.617  3.044 0.0000000000
85319  -51.262  7.660  2.440 0.0000000000
85320  -52.063  7.505  2.079 0.0000000000
85321  -53.068  7.472  1.901 0.0000000000
85322  -54.053  7.076  1.940 0.0000000000
85323  -54.859  6.872  2.014 0.0000000000
85324  -58.916  7.034  2.652 0.0000000000
85325  -59.551  7.472  2.550 0.0000000000
85326  -60.188  7.986  2.485 0.0000000000
85327  -63.240  6.845  2.917 0.0000000000
85329  -51.639  7.960  1.992 0.0000000000
85330  -51.889  8.000  1.794 0.0000000000
85331  -53.682  7.852  1.592 0.0000000000
85332  -54.402  7.636  1.476 0.0000000000
85333  -55.514  6.983  1.646 0.0000000000
85334  -56.222  6.933  1.291 0.0000000000
85335  -58.846  7.067  1.725 0.0000000000
85336  -59.481  7.553  1.566 0.0000000000
85337  -60.119  8.128  1.543 0.0000000000
85338  -63.259  7.004  1.738 0.0000000000
85340  -54.850  7.794  1.095 0.0000000000
85341  -55.555  7.516  0.786 0.0000000000
85342  -56.593  7.020  0.702 0.0000000000
85343  -57.540  6.948  0.512 0.0000000000
85344  -58.588  7.156  0.648 0.0000000000
85345  -59.469  7.803  0.541 0.0000000000
85346  -60.120  8.332  0.812 0.0000000000
85353  -55.908  7.626  0.078 0.0000000000
85354  -56.732  7.302  -0.119 0.0000000000
85355  -57.658  7.293  -0.263 0.0000000000
85356  -58.588  7.562  -0.335 0.0000000000
85357  -59.291  8.058  -0.426 0.0000000000
85367  -56.069  7.757  -0.575 0.0000000000
85368  -56.779  7.666  -0.890 0.0000000000
85369  -57.720  7.731  -1.065 0.0000000000
86392  -62.688  8.353  9.131 0.0000000000
86395  -58.724  8.538  7.842 0.0000000000
86396  -59.148  8.913  7.440 0.0000000000
86397  -62.973  8.511  8.156 0.0000000000
86398  -63.180  8.161  7.587 0.0000000000
86402  -59.585  8.754  6.507 0.0000000000
86403  -63.013  8.810  7.299 0.0000000000
86404  -63.192  8.262  6.721 0.0000000000
86407  -46.940  8.326  5.509 0.0000000000
86408  -59.928  8.650  5.550 0.0000000000
86409  -60.249  8.996  5.160 0.0000000000
86410  -63.272  7.886  5.652 0.0000000000
86412  -47.558  8.503  4.929 0.0000000000
86413  -48.150  8.577  4.442 0.0000000000
86414  -60.053  8.461  4.759 0.0000000000
86415  -60.342  8.794  4.364 0.0000000000
86416  -63.245  7.975  4.513 0.0000000000
86418  -48.761  8.608  3.984 0.0000000000
86419  -49.470  8.570  3.466 0.0000000000
86420  -50.101  8.250  3.130 0.0000000000
86421  -60.544  8.704  3.402 0.0000000000
86422  -63.220  7.974  3.447 0.0000000000
86424  -49.957  8.885  2.973 0.0000000000
86425  -50.585  8.552  2.592 0.0000000000
86426  -51.422  8.542  2.076 0.0000000000
86427  -52.190  8.397  1.778 0.0000000000
86428  -53.134  8.573  1.599 0.0000000000
86429  -60.602  8.650  2.446 0.0000000000
86430  -63.215  7.984  2.362 0.0000000000
86432  -51.771  8.229  1.867 0.0000000000
86433  -51.979  8.226  1.752 0.0000000000
86434  -53.778  8.607  1.400 0.0000000000
86435  -54.251  8.552  1.122 0.0000000000
86436  -60.576  8.735  1.492 0.0000000000
86437  -63.238  8.009  1.292 0.0000000000
86442  -54.760  8.499  0.670 0.0000000000
86443  -55.314  8.150  0.256 0.0000000000
86444  -59.859  8.295  0.142 0.0000000000
86445  -60.430  8.875  0.404 0.0000000000
86455  -55.011  8.794  0.146 0.0000000000
86456  -55.439  8.378  -0.391 0.0000000000
86470  -55.811  8.319  -1.286 0.0000000000
86471  -56.863  8.145  -1.674 0.0000000000
86486  -55.552  8.930  -1.758 0.0000000000
86487  -56.073  8.774  -2.164 0.0000000000
87503  -62.394  9.236  8.445 0.0000000000
87507  -59.878  9.669  7.443 0.0000000000
87508  -60.362  9.829  7.062 0.0000000000
87509  -62.585  9.379  7.477 0.0000000000
87513  -60.069  9.398  6.444 0.0000000000
87514  -60.524  9.743  6.349 0.0000000000
87515  -62.790  9.369  6.454 0.0000000000
87516  -63.113  8.850  5.815 0.0000000000
87519  -47.136  9.374  5.218 0.0000000000
87520  -60.276  9.318  5.769 0.0000000000
87521  -60.587  9.545  5.331 0.0000000000
87522  -62.766  9.556  5.322 0.0000000000
87523  -63.171  8.865  4.916 0.0000000000
87525  -47.738  9.447  4.666 0.0000000000
87526  -48.364  9.481  4.177 0.0000000000
87527  -60.744  9.541  4.274 0.0000000000
87528  -61.054  9.814  3.859 0.0000000000
87529  -62.717  9.566  4.334 0.0000000000
87530  -63.073  8.872  3.912 0.0000000000
87532  -48.986  9.500  3.683 0.0000000000
87533  -49.598  9.549  3.180 0.0000000000
87534  -60.874  9.278  3.298 0.0000000000
87535  -61.275  9.621  3.248 0.0000000000
87536  -62.551  9.493  3.412 0.0000000000
87537  -62.953  8.893  2.900 0.0000000000
87539  -50.220  9.543  2.710 0.0000000000
87540  -50.934  9.482  2.282 0.0000000000
87541  -51.776  9.501  1.989 0.0000000000
87542  -52.655  9.514  1.793 0.0000000000
87543  -53.402  9.531  1.597 0.0000000000
87544  -60.983  9.209  2.393 0.0000000000
87545  -61.518  9.562  2.417 0.0000000000
87546  -62.274  9.638  2.406 0.0000000000
87547  -62.990  8.919  1.831 0.0000000000
87549  -53.891  9.444  1.353 0.0000000000
87550  -54.224  9.378  0.988 0.0000000000
87551  -61.001  9.322  1.376 0.0000000000
87552  -61.665  9.725  1.222 0.0000000000
87553  -62.525  9.532  1.112 0.0000000000
87554  -63.097  8.840  0.822 0.0000000000
87561  -54.556  9.454  0.462 0.0000000000
87562  -60.941  9.747  0.255 0.0000000000
87563  -61.588  9.965  0.315 0.0000000000
87574  -54.862  9.418  -0.433 0.0000000000
87575  -55.291  8.777  -0.872 0.0000000000
87585  -54.849  9.966  -1.259 0.0000000000
87586  -55.223  9.143  -1.307 0.0000000000
87596  -54.911  10.299  -1.707 0.0000000000
88616  -61.945  9.793  8.615 0.0000000000
88621  -60.295  10.211  8.509 0.0000000000
88622  -60.922  10.259  8.394 0.0000000000
88623  -61.504  10.108  8.058 0.0000000000
88624  -62.119  9.963  7.744 0.0000000000
88629  -60.476  10.052  7.749 0.0000000000
88630  -60.903  10.062  7.271 0.0000000000
88631  -61.559  10.129  7.003 0.0000000000
88632  -62.216  10.025  6.739 0.0000000000
88636  -61.000  10.050  6.184 0.0000000000
88637  -61.594  10.133  5.982 0.0000000000
88638  -62.226  10.026  5.708 0.0000000000
88643  -61.057  10.004  5.206 0.0000000000
88644  -61.596  10.109  5.026 0.0000000000
88645  -62.202  10.027  4.694 0.0000000000
88647  -48.128  10.169  4.590 0.0000000000
88648  -48.802  10.515  4.176 0.0000000000
88649  -49.518  10.816  3.806 0.0000000000
88650  -61.134  10.021  4.484 0.0000000000
88651  -61.560  10.054  4.038 0.0000000000
88652  -62.177  9.940  3.789 0.0000000000
88654  -49.339  10.210  3.555 0.0000000000
88655  -50.048  10.511  3.175 0.0000000000
88656  -50.754  10.783  2.836 0.0000000000
88657  -61.719  9.802  3.261 0.0000000000
88658  -62.101  9.788  3.093 0.0000000000
88660  -50.602  10.192  2.599 0.0000000000
88661  -51.301  10.451  2.381 0.0000000000
88662  -52.222  10.470  2.089 0.0000000000
88663  -53.082  10.465  1.905 0.0000000000
88664  -53.752  10.428  1.610 0.0000000000
88665  -54.104  10.687  1.354 0.0000000000
88666  -61.808  9.684  2.843 0.0000000000
88667  -62.012  9.761  2.789 0.0000000000
88669  -54.039  10.041  1.314 0.0000000000
88670  -54.260  10.232  0.957 0.0000000000
88671  -62.151  9.925  0.544 0.0000000000
88672  -62.519  9.688  0.512 0.0000000000
88680  -54.512  10.453  0.310 0.0000000000
89627  -49.991  11.240  3.741 0.0000000000
89631  -51.169  11.167  2.771 0.0000000000
