#!ascii label  , from subject cvs_avg35_inMNI152 vox2ras=TkReg
449
114175  -43.020  39.485  -28.763 0.0000000000
114176  -43.612  39.758  -28.994 0.0000000000
114184  -43.246  39.491  -29.692 0.0000000000
114866  -43.028  40.786  -27.490 0.0000000000
114867  -43.807  41.044  -27.787 0.0000000000
114875  -43.622  40.219  -28.300 0.0000000000
114876  -44.205  41.037  -28.484 0.0000000000
114884  -43.830  40.447  -29.270 0.0000000000
114885  -44.204  41.335  -29.131 0.0000000000
114898  -43.172  40.424  -30.209 0.0000000000
115600  -41.781  42.191  -27.167 0.0000000000
115601  -42.456  42.240  -27.116 0.0000000000
115608  -42.338  41.551  -27.249 0.0000000000
115609  -43.283  41.805  -27.320 0.0000000000
115610  -44.101  41.825  -27.942 0.0000000000
115619  -44.369  41.910  -28.656 0.0000000000
115632  -43.241  41.682  -30.060 0.0000000000
115633  -43.577  41.448  -29.774 0.0000000000
115634  -44.201  42.126  -29.235 0.0000000000
115652  -42.744  41.509  -30.305 0.0000000000
115653  -43.223  41.090  -30.121 0.0000000000
116355  -40.871  43.433  -26.021 0.0000000000
116356  -41.225  43.592  -26.148 0.0000000000
116359  -40.669  43.278  -26.625 0.0000000000
116360  -41.236  43.410  -26.607 0.0000000000
116361  -41.504  43.561  -26.961 0.0000000000
116366  -41.212  42.622  -27.067 0.0000000000
116367  -41.908  42.996  -27.082 0.0000000000
116368  -42.850  42.789  -27.172 0.0000000000
116378  -43.640  42.702  -27.664 0.0000000000
116379  -44.207  42.664  -28.303 0.0000000000
116393  -44.403  42.627  -28.854 0.0000000000
116409  -43.243  42.148  -29.983 0.0000000000
116410  -43.760  42.554  -29.601 0.0000000000
116411  -44.198  42.996  -29.242 0.0000000000
116425  -41.751  42.410  -30.496 0.0000000000
116426  -42.639  42.705  -30.152 0.0000000000
117111  -40.568  43.852  -25.411 0.0000000000
117112  -41.267  43.824  -25.829 0.0000000000
117113  -41.341  44.063  -26.049 0.0000000000
117119  -40.225  43.616  -26.023 0.0000000000
117120  -41.341  43.724  -26.309 0.0000000000
117121  -41.391  43.917  -26.487 0.0000000000
117130  -41.814  44.620  -27.217 0.0000000000
117131  -41.946  43.867  -27.150 0.0000000000
117132  -42.437  43.329  -27.203 0.0000000000
117147  -42.090  44.806  -27.385 0.0000000000
117148  -42.415  44.462  -27.389 0.0000000000
117149  -43.047  43.696  -27.466 0.0000000000
117150  -43.918  43.541  -28.009 0.0000000000
117165  -44.248  43.477  -28.769 0.0000000000
117174  -43.285  43.050  -29.862 0.0000000000
117175  -43.788  43.597  -29.590 0.0000000000
117176  -44.131  43.600  -29.236 0.0000000000
117181  -40.910  43.387  -30.541 0.0000000000
117182  -41.989  43.521  -30.284 0.0000000000
117183  -42.858  43.627  -30.066 0.0000000000
117184  -43.353  43.662  -29.867 0.0000000000
117189  -40.212  43.415  -30.829 0.0000000000
117891  -40.027  44.618  -25.094 0.0000000000
117892  -40.979  44.580  -25.488 0.0000000000
117893  -41.328  44.195  -25.798 0.0000000000
117901  -41.385  45.092  -26.087 0.0000000000
117902  -41.413  44.375  -26.068 0.0000000000
117914  -41.503  45.133  -26.881 0.0000000000
117915  -41.493  44.483  -26.699 0.0000000000
117931  -41.852  45.171  -27.337 0.0000000000
117932  -42.401  45.089  -27.503 0.0000000000
117933  -43.206  44.787  -27.757 0.0000000000
117934  -43.596  44.136  -27.858 0.0000000000
117944  -43.620  45.096  -28.194 0.0000000000
117945  -43.874  44.523  -28.437 0.0000000000
117950  -43.784  44.212  -29.626 0.0000000000
117951  -44.006  44.337  -29.296 0.0000000000
117957  -40.895  44.234  -30.578 0.0000000000
117958  -41.485  44.530  -30.538 0.0000000000
117959  -42.459  44.449  -30.271 0.0000000000
117960  -43.390  44.344  -29.940 0.0000000000
117961  -43.743  44.563  -29.648 0.0000000000
117968  -39.397  44.408  -30.819 0.0000000000
117969  -40.359  44.301  -30.675 0.0000000000
117970  -40.964  44.640  -30.671 0.0000000000
118592  -40.835  45.332  -25.638 0.0000000000
118618  -41.231  45.802  -26.545 0.0000000000
118627  -41.495  45.795  -27.186 0.0000000000
118628  -42.069  45.779  -27.581 0.0000000000
118629  -42.796  45.656  -27.767 0.0000000000
118631  -43.366  45.611  -28.138 0.0000000000
118632  -43.774  45.507  -28.576 0.0000000000
118637  -44.017  45.343  -29.119 0.0000000000
118644  -41.582  45.096  -30.729 0.0000000000
118645  -42.086  45.298  -30.689 0.0000000000
118646  -43.016  45.286  -30.357 0.0000000000
118647  -43.797  45.350  -29.884 0.0000000000
118659  -39.243  45.329  -30.694 0.0000000000
118660  -40.133  45.433  -30.724 0.0000000000
118661  -41.221  45.443  -30.840 0.0000000000
118662  -42.076  46.125  -31.115 0.0000000000
119277  -41.595  46.563  -27.509 0.0000000000
119278  -42.469  46.594  -27.973 0.0000000000
119279  -43.079  46.116  -28.064 0.0000000000
119281  -42.818  47.167  -28.311 0.0000000000
119282  -43.489  46.597  -28.626 0.0000000000
119283  -43.999  45.971  -28.933 0.0000000000
119290  -43.938  47.077  -29.273 0.0000000000
119291  -44.090  46.438  -29.552 0.0000000000
119302  -38.829  46.482  -30.420 0.0000000000
119303  -39.515  46.978  -30.625 0.0000000000
119304  -42.787  46.096  -30.885 0.0000000000
119305  -43.476  46.101  -30.558 0.0000000000
119306  -43.935  46.487  -30.365 0.0000000000
119322  -39.105  45.891  -30.593 0.0000000000
119323  -39.823  46.468  -30.754 0.0000000000
119324  -40.796  46.503  -31.126 0.0000000000
119325  -41.689  46.804  -31.500 0.0000000000
119326  -42.616  46.978  -31.459 0.0000000000
119327  -43.334  46.770  -31.026 0.0000000000
119328  -43.683  46.643  -30.718 0.0000000000
119344  -41.969  47.382  -31.778 0.0000000000
119345  -42.179  47.226  -31.690 0.0000000000
119979  -41.721  47.272  -27.777 0.0000000000
119987  -42.201  47.738  -28.172 0.0000000000
119988  -43.035  47.775  -28.561 0.0000000000
120004  -38.231  47.946  -29.813 0.0000000000
120005  -43.706  47.802  -29.169 0.0000000000
120006  -44.158  47.537  -29.765 0.0000000000
120024  -38.489  47.461  -29.989 0.0000000000
120025  -39.326  47.485  -30.455 0.0000000000
120026  -44.166  47.336  -30.419 0.0000000000
120042  -39.966  47.512  -30.806 0.0000000000
120043  -40.723  47.590  -31.370 0.0000000000
120044  -41.175  47.160  -31.542 0.0000000000
120045  -42.873  47.560  -31.625 0.0000000000
120046  -43.375  47.633  -31.493 0.0000000000
120047  -43.827  47.179  -30.914 0.0000000000
120060  -41.149  48.178  -31.809 0.0000000000
120061  -41.580  47.764  -31.832 0.0000000000
120062  -42.448  47.737  -31.804 0.0000000000
120063  -42.998  47.859  -31.721 0.0000000000
120726  -42.478  48.693  -28.517 0.0000000000
120727  -43.253  48.609  -28.921 0.0000000000
120745  -38.135  48.513  -29.615 0.0000000000
120746  -38.690  48.788  -29.827 0.0000000000
120747  -43.631  48.643  -29.385 0.0000000000
120748  -44.013  48.418  -29.787 0.0000000000
120763  -38.558  48.218  -29.898 0.0000000000
120764  -39.199  48.434  -30.199 0.0000000000
120765  -39.864  48.783  -30.611 0.0000000000
120766  -44.286  48.259  -30.417 0.0000000000
120777  -39.786  48.125  -30.620 0.0000000000
120778  -40.342  48.504  -31.074 0.0000000000
120779  -43.650  48.081  -31.665 0.0000000000
120780  -44.125  48.231  -31.378 0.0000000000
120785  -40.889  48.654  -31.727 0.0000000000
120786  -41.415  48.711  -32.133 0.0000000000
120787  -42.144  48.562  -32.312 0.0000000000
120788  -43.230  48.444  -32.021 0.0000000000
120789  -44.053  49.035  -32.210 0.0000000000
121482  -37.592  49.660  -28.999 0.0000000000
121483  -38.194  50.126  -29.176 0.0000000000
121485  -42.907  49.563  -29.085 0.0000000000
121486  -43.395  49.053  -29.268 0.0000000000
121497  -37.890  49.041  -29.329 0.0000000000
121498  -38.452  49.531  -29.484 0.0000000000
121499  -39.068  49.287  -29.916 0.0000000000
121500  -43.242  49.877  -29.601 0.0000000000
121501  -43.674  49.369  -29.792 0.0000000000
121502  -44.186  48.937  -30.228 0.0000000000
121510  -39.602  49.441  -30.330 0.0000000000
121511  -40.209  49.486  -30.840 0.0000000000
121512  -44.071  49.448  -30.373 0.0000000000
121513  -44.418  49.212  -30.841 0.0000000000
121519  -40.638  49.480  -31.520 0.0000000000
121520  -44.462  49.453  -31.714 0.0000000000
121524  -41.056  49.521  -32.196 0.0000000000
121525  -41.660  49.546  -32.805 0.0000000000
121526  -42.573  49.329  -32.831 0.0000000000
121527  -43.464  49.477  -32.784 0.0000000000
122238  -38.053  50.700  -28.922 0.0000000000
122240  -42.170  50.488  -28.908 0.0000000000
122249  -38.631  50.613  -29.331 0.0000000000
122250  -39.259  50.293  -29.860 0.0000000000
122251  -42.930  50.521  -29.675 0.0000000000
122252  -43.432  50.033  -29.907 0.0000000000
122257  -39.929  50.388  -30.516 0.0000000000
122258  -40.448  50.401  -31.180 0.0000000000
122259  -43.154  50.946  -30.185 0.0000000000
122260  -43.831  50.353  -30.581 0.0000000000
122261  -44.438  49.907  -31.211 0.0000000000
122266  -40.757  50.401  -31.958 0.0000000000
122273  -41.066  50.416  -32.737 0.0000000000
122903  -37.888  51.590  -28.599 0.0000000000
122915  -38.564  51.547  -29.049 0.0000000000
122916  -39.152  51.440  -29.566 0.0000000000
122918  -42.149  51.354  -29.215 0.0000000000
122923  -39.673  51.358  -30.188 0.0000000000
122924  -40.189  51.340  -30.833 0.0000000000
122930  -40.500  51.315  -31.592 0.0000000000
122936  -40.751  51.312  -32.388 0.0000000000
123480  -37.115  52.594  -27.896 0.0000000000
123494  -37.715  52.516  -28.359 0.0000000000
123495  -38.392  52.483  -28.803 0.0000000000
123508  -38.989  52.433  -29.327 0.0000000000
123509  -39.487  52.348  -29.925 0.0000000000
123515  -39.866  52.264  -30.594 0.0000000000
123516  -40.218  52.201  -31.262 0.0000000000
123522  -40.445  52.182  -31.990 0.0000000000
124072  -36.900  53.435  -27.735 0.0000000000
124082  -37.494  53.416  -28.185 0.0000000000
124083  -38.120  53.399  -28.636 0.0000000000
124094  -38.727  53.408  -29.160 0.0000000000
124095  -39.253  53.329  -29.763 0.0000000000
124103  -39.626  53.184  -30.412 0.0000000000
124104  -39.943  53.071  -31.064 0.0000000000
124110  -40.176  52.915  -31.653 0.0000000000
124117  -40.453  53.105  -32.267 0.0000000000
124671  -34.771  54.359  -26.698 0.0000000000
124682  -35.367  54.363  -27.048 0.0000000000
124683  -36.034  54.368  -27.396 0.0000000000
124684  -36.609  54.082  -27.629 0.0000000000
124692  -36.509  54.679  -27.731 0.0000000000
124693  -37.134  54.446  -28.094 0.0000000000
124694  -37.781  54.105  -28.506 0.0000000000
124703  -37.642  54.776  -28.731 0.0000000000
124704  -38.279  54.433  -29.076 0.0000000000
124705  -38.926  54.299  -29.688 0.0000000000
124711  -39.413  54.236  -30.330 0.0000000000
124712  -39.826  53.830  -30.847 0.0000000000
124719  -39.735  54.613  -31.012 0.0000000000
124720  -40.183  54.002  -31.612 0.0000000000
125277  -34.573  55.296  -26.898 0.0000000000
125278  -35.054  54.849  -27.046 0.0000000000
125287  -34.872  55.782  -27.302 0.0000000000
125288  -35.496  55.389  -27.437 0.0000000000
125289  -36.157  54.989  -27.617 0.0000000000
125297  -35.870  55.988  -27.887 0.0000000000
125298  -36.452  55.469  -28.007 0.0000000000
125299  -37.200  55.470  -28.661 0.0000000000
125310  -37.793  55.449  -29.273 0.0000000000
125311  -38.549  55.426  -29.915 0.0000000000
125312  -39.034  54.860  -30.142 0.0000000000
125320  -38.694  55.947  -30.468 0.0000000000
125321  -39.190  55.445  -30.698 0.0000000000
125328  -39.795  55.440  -31.784 0.0000000000
125329  -40.237  54.754  -32.155 0.0000000000
125337  -39.832  55.951  -32.456 0.0000000000
125839  -34.046  55.756  -26.824 0.0000000000
125849  -33.208  56.729  -27.174 0.0000000000
125850  -34.349  56.383  -27.346 0.0000000000
125851  -35.018  56.050  -27.485 0.0000000000
125862  -34.694  56.801  -27.766 0.0000000000
125863  -35.258  56.590  -27.897 0.0000000000
125864  -36.115  56.410  -28.338 0.0000000000
125865  -36.715  56.172  -28.669 0.0000000000
125875  -35.729  57.039  -28.647 0.0000000000
125876  -36.366  56.947  -29.133 0.0000000000
125877  -37.200  56.385  -29.357 0.0000000000
125878  -37.875  56.202  -29.824 0.0000000000
125886  -36.754  57.130  -29.824 0.0000000000
125887  -37.354  56.961  -30.278 0.0000000000
125888  -38.189  56.469  -30.502 0.0000000000
125889  -38.714  56.295  -30.867 0.0000000000
125898  -37.640  57.079  -30.966 0.0000000000
125899  -38.217  56.905  -31.357 0.0000000000
125900  -39.038  56.379  -31.485 0.0000000000
125907  -38.554  56.974  -32.022 0.0000000000
125908  -39.255  56.610  -32.490 0.0000000000
126422  -32.829  57.305  -27.707 0.0000000000
126423  -33.650  57.154  -27.654 0.0000000000
126439  -32.382  57.761  -28.347 0.0000000000
126440  -33.314  57.642  -28.246 0.0000000000
126441  -34.388  57.331  -28.117 0.0000000000
126442  -35.147  57.359  -28.600 0.0000000000
126450  -32.864  58.033  -28.849 0.0000000000
126451  -33.694  57.954  -28.875 0.0000000000
126452  -34.595  57.828  -29.078 0.0000000000
126453  -35.514  57.524  -29.383 0.0000000000
126454  -36.161  57.404  -29.856 0.0000000000
126461  -33.108  58.293  -29.343 0.0000000000
126462  -33.854  58.348  -29.496 0.0000000000
126463  -34.860  58.145  -29.890 0.0000000000
126464  -35.683  57.759  -30.222 0.0000000000
126465  -36.500  57.552  -30.501 0.0000000000
126466  -37.100  57.450  -30.956 0.0000000000
126475  -35.381  58.168  -30.449 0.0000000000
126476  -35.836  57.970  -30.833 0.0000000000
126477  -36.544  57.869  -31.338 0.0000000000
126478  -37.386  57.487  -31.603 0.0000000000
126479  -37.978  57.366  -32.029 0.0000000000
126488  -36.932  57.925  -31.957 0.0000000000
126489  -37.431  57.764  -32.396 0.0000000000
126490  -38.279  57.391  -32.742 0.0000000000
126499  -37.638  57.891  -33.126 0.0000000000
127049  -31.618  58.258  -28.729 0.0000000000
127050  -32.315  58.130  -28.809 0.0000000000
127056  -30.942  59.194  -29.566 0.0000000000
127057  -31.588  58.896  -29.718 0.0000000000
127058  -32.375  58.395  -29.268 0.0000000000
127066  -32.020  59.265  -30.167 0.0000000000
127067  -32.808  58.878  -29.885 0.0000000000
127068  -34.033  58.870  -29.845 0.0000000000
127069  -35.106  58.758  -30.287 0.0000000000
127070  -35.420  59.051  -30.602 0.0000000000
127078  -35.546  58.361  -30.681 0.0000000000
127079  -35.884  58.650  -30.973 0.0000000000
127080  -36.848  58.632  -31.706 0.0000000000
127081  -37.209  59.054  -32.074 0.0000000000
127090  -37.100  58.202  -32.213 0.0000000000
127091  -37.413  58.581  -32.567 0.0000000000
127638  -31.037  59.473  -29.814 0.0000000000
127639  -33.341  60.254  -29.604 0.0000000000
127640  -33.784  60.153  -29.518 0.0000000000
127641  -34.499  60.095  -29.593 0.0000000000
127647  -30.908  60.018  -29.785 0.0000000000
127648  -31.470  59.776  -30.111 0.0000000000
127649  -32.312  59.852  -30.094 0.0000000000
127650  -33.259  59.778  -29.739 0.0000000000
127651  -34.331  59.469  -29.753 0.0000000000
127652  -35.230  59.612  -30.070 0.0000000000
127653  -35.869  59.806  -30.413 0.0000000000
127660  -35.730  59.289  -30.661 0.0000000000
127661  -36.376  59.493  -30.979 0.0000000000
127662  -37.089  59.554  -31.610 0.0000000000
127671  -37.564  59.574  -32.314 0.0000000000
128180  -30.997  61.104  -29.809 0.0000000000
128181  -32.864  61.261  -29.561 0.0000000000
128182  -33.281  60.837  -29.414 0.0000000000
128183  -34.128  60.813  -29.225 0.0000000000
128184  -35.030  60.671  -29.532 0.0000000000
128185  -35.704  60.924  -29.783 0.0000000000
128192  -31.083  60.466  -29.934 0.0000000000
128193  -31.649  60.790  -30.119 0.0000000000
128194  -32.595  60.793  -29.776 0.0000000000
128195  -33.107  60.376  -29.642 0.0000000000
128196  -35.638  60.284  -30.019 0.0000000000
128197  -36.291  60.592  -30.399 0.0000000000
128198  -36.891  60.960  -30.946 0.0000000000
128206  -36.862  60.207  -31.076 0.0000000000
128207  -37.453  60.625  -31.657 0.0000000000
128698  -33.810  62.128  -28.916 0.0000000000
128699  -34.053  62.130  -28.895 0.0000000000
128707  -31.231  61.815  -29.789 0.0000000000
128708  -33.070  61.621  -29.392 0.0000000000
128709  -33.661  61.836  -29.032 0.0000000000
128710  -34.510  61.696  -29.141 0.0000000000
128711  -35.344  61.615  -29.422 0.0000000000
128712  -36.122  61.621  -29.754 0.0000000000
128717  -31.938  61.840  -30.110 0.0000000000
128718  -32.589  61.941  -29.693 0.0000000000
128719  -36.750  61.676  -30.395 0.0000000000
128720  -37.304  61.712  -31.084 0.0000000000
129150  -33.848  62.469  -28.863 0.0000000000
129151  -34.381  62.653  -28.958 0.0000000000
129152  -35.003  62.995  -29.120 0.0000000000
129160  -30.812  62.693  -29.364 0.0000000000
129161  -31.454  62.767  -29.703 0.0000000000
129162  -33.048  62.392  -29.294 0.0000000000
129163  -33.434  62.776  -28.942 0.0000000000
129164  -34.972  62.303  -29.196 0.0000000000
129165  -35.688  62.601  -29.363 0.0000000000
129166  -36.565  62.585  -29.857 0.0000000000
129177  -32.109  62.961  -29.983 0.0000000000
129178  -32.621  62.869  -29.564 0.0000000000
129179  -37.235  62.704  -30.544 0.0000000000
129613  -33.324  63.558  -28.731 0.0000000000
129614  -33.787  63.371  -28.649 0.0000000000
129615  -34.657  63.642  -28.713 0.0000000000
129616  -35.540  63.718  -29.016 0.0000000000
129629  -30.988  63.670  -29.387 0.0000000000
129630  -31.593  63.686  -29.723 0.0000000000
129631  -32.951  63.383  -29.015 0.0000000000
129632  -33.356  63.262  -28.820 0.0000000000
129633  -36.281  63.481  -29.458 0.0000000000
129634  -37.064  63.575  -30.150 0.0000000000
129635  -37.464  64.030  -30.435 0.0000000000
129649  -32.033  63.912  -30.039 0.0000000000
129650  -32.405  63.685  -29.555 0.0000000000
129651  -37.356  63.287  -30.490 0.0000000000
130074  -34.770  65.148  -28.242 0.0000000000
130075  -35.014  65.176  -28.287 0.0000000000
130086  -33.288  64.268  -28.502 0.0000000000
130087  -34.218  64.564  -28.303 0.0000000000
130088  -35.129  64.663  -28.503 0.0000000000
130089  -36.054  64.648  -28.909 0.0000000000
130090  -36.540  64.929  -29.136 0.0000000000
130106  -31.258  64.179  -29.565 0.0000000000
130107  -32.588  64.427  -28.974 0.0000000000
130108  -36.122  64.063  -29.192 0.0000000000
130109  -36.678  64.437  -29.509 0.0000000000
130110  -37.305  64.456  -30.160 0.0000000000
130124  -31.054  65.013  -29.943 0.0000000000
130125  -31.573  64.572  -29.927 0.0000000000
130126  -32.216  64.582  -29.632 0.0000000000
130140  -31.524  65.785  -31.225 0.0000000000
130141  -31.789  65.517  -31.022 0.0000000000
130142  -32.158  65.539  -30.850 0.0000000000
130154  -31.614  65.906  -31.445 0.0000000000
130155  -31.850  65.680  -31.410 0.0000000000
130156  -32.163  65.576  -31.126 0.0000000000
130532  -34.471  65.608  -27.974 0.0000000000
130533  -35.255  65.639  -28.050 0.0000000000
130534  -36.153  65.854  -28.145 0.0000000000
130535  -36.599  65.982  -28.315 0.0000000000
130542  -32.913  65.363  -28.447 0.0000000000
130543  -33.680  65.416  -28.091 0.0000000000
130544  -35.250  65.200  -28.333 0.0000000000
130545  -35.734  65.258  -28.440 0.0000000000
130546  -36.706  65.550  -28.841 0.0000000000
130547  -37.775  66.064  -29.350 0.0000000000
130565  -32.408  65.427  -29.098 0.0000000000
130566  -36.815  65.051  -29.323 0.0000000000
130567  -37.419  65.238  -29.828 0.0000000000
130583  -31.441  65.222  -30.348 0.0000000000
130584  -32.225  65.419  -29.932 0.0000000000
130599  -31.198  65.787  -30.899 0.0000000000
130600  -32.159  65.596  -30.583 0.0000000000
130601  -32.191  65.899  -30.901 0.0000000000
130611  -31.479  66.117  -31.443 0.0000000000
130612  -31.919  66.122  -31.508 0.0000000000
130613  -32.172  65.961  -31.243 0.0000000000
130973  -34.157  66.429  -27.750 0.0000000000
130974  -35.005  66.470  -27.632 0.0000000000
130975  -35.880  66.446  -27.651 0.0000000000
130976  -36.810  66.425  -27.935 0.0000000000
130977  -37.776  66.845  -28.189 0.0000000000
130982  -32.751  66.372  -28.585 0.0000000000
130983  -33.395  66.374  -28.095 0.0000000000
130984  -36.843  66.073  -28.416 0.0000000000
130985  -37.384  66.281  -28.609 0.0000000000
131005  -32.415  66.401  -29.268 0.0000000000
131020  -32.300  66.460  -29.978 0.0000000000
131032  -30.719  66.138  -31.044 0.0000000000
131033  -32.187  66.528  -30.740 0.0000000000
131034  -32.211  66.175  -31.002 0.0000000000
131040  -31.089  66.539  -31.572 0.0000000000
131041  -32.137  66.662  -31.613 0.0000000000
131042  -32.204  66.323  -31.240 0.0000000000
131409  -36.290  67.609  -27.200 0.0000000000
131419  -33.955  67.371  -27.786 0.0000000000
131420  -34.798  67.419  -27.522 0.0000000000
131421  -35.715  67.377  -27.336 0.0000000000
131422  -36.452  67.135  -27.400 0.0000000000
131423  -37.329  67.242  -27.483 0.0000000000
131434  -32.699  67.334  -28.749 0.0000000000
131435  -33.283  67.326  -28.264 0.0000000000
131453  -32.396  67.360  -29.362 0.0000000000
131464  -32.258  67.415  -30.044 0.0000000000
131473  -32.103  67.492  -30.828 0.0000000000
131481  -31.915  67.545  -31.743 0.0000000000
