#!ascii label  , from subject cvs_avg35_inMNI152 vox2ras=TkReg
584
32067  -8.037  -38.995  30.711 0.0000000000
32080  -6.406  -38.774  29.224 0.0000000000
33207  -8.572  -38.435  32.446 0.0000000000
33208  -9.169  -37.814  32.199 0.0000000000
33215  -8.666  -38.640  31.220 0.0000000000
33216  -9.154  -37.975  31.606 0.0000000000
33225  -7.738  -38.796  29.863 0.0000000000
33226  -8.652  -38.662  30.265 0.0000000000
33227  -9.233  -38.152  30.696 0.0000000000
33241  -7.170  -38.638  28.400 0.0000000000
33242  -7.742  -38.668  28.873 0.0000000000
33243  -8.595  -38.568  29.335 0.0000000000
33244  -9.315  -38.304  29.785 0.0000000000
33257  -5.652  -38.580  28.199 0.0000000000
33258  -6.545  -38.613  28.039 0.0000000000
33259  -7.260  -38.623  27.804 0.0000000000
33260  -7.877  -38.642  28.039 0.0000000000
33261  -8.629  -38.469  28.394 0.0000000000
33262  -9.342  -38.248  28.866 0.0000000000
33272  -4.867  -38.400  27.568 0.0000000000
33273  -5.921  -38.552  27.343 0.0000000000
33274  -6.898  -38.609  27.243 0.0000000000
33275  -7.773  -38.641  27.280 0.0000000000
33276  -8.601  -38.442  27.488 0.0000000000
33277  -9.551  -38.103  27.799 0.0000000000
33278  -10.177  -37.886  27.432 0.0000000000
33287  -4.172  -38.278  26.700 0.0000000000
33288  -5.312  -38.305  26.568 0.0000000000
33289  -6.424  -38.472  26.490 0.0000000000
33290  -7.473  -38.565  26.500 0.0000000000
33291  -8.456  -38.493  26.607 0.0000000000
33292  -9.304  -38.269  26.823 0.0000000000
33293  -10.041  -38.060  26.894 0.0000000000
33304  -4.763  -38.020  25.696 0.0000000000
33305  -5.958  -38.167  25.679 0.0000000000
33306  -7.100  -38.337  25.696 0.0000000000
33307  -8.187  -38.463  25.747 0.0000000000
33308  -9.338  -38.294  25.832 0.0000000000
33309  -9.828  -38.181  26.350 0.0000000000
33318  -4.257  -38.076  24.578 0.0000000000
33319  -5.574  -37.787  24.848 0.0000000000
33320  -6.750  -38.028  24.897 0.0000000000
33321  -7.857  -38.238  24.949 0.0000000000
33322  -8.868  -38.284  25.046 0.0000000000
33323  -9.461  -38.225  25.120 0.0000000000
33335  -4.045  -38.425  23.481 0.0000000000
34249  -9.115  -37.114  33.357 0.0000000000
34255  -8.871  -37.697  33.235 0.0000000000
34256  -9.259  -37.420  32.707 0.0000000000
34265  -9.532  -37.349  31.969 0.0000000000
34273  -9.633  -37.392  31.078 0.0000000000
34274  -9.935  -37.127  30.500 0.0000000000
34285  -9.709  -37.692  30.202 0.0000000000
34286  -10.132  -37.180  29.841 0.0000000000
34299  -9.841  -37.815  29.363 0.0000000000
34300  -10.419  -37.310  28.958 0.0000000000
34301  -10.874  -37.091  28.403 0.0000000000
34313  -9.936  -37.868  28.583 0.0000000000
34314  -10.438  -37.648  27.992 0.0000000000
34315  -11.138  -37.100  27.698 0.0000000000
34326  -10.645  -37.620  27.087 0.0000000000
34327  -11.423  -37.005  26.666 0.0000000000
34333  -9.914  -38.085  25.195 0.0000000000
34334  -10.496  -37.749  25.908 0.0000000000
34335  -11.395  -37.012  25.674 0.0000000000
34341  -4.656  -37.634  23.662 0.0000000000
34342  -5.396  -37.461  24.017 0.0000000000
34343  -6.501  -37.627  24.143 0.0000000000
34344  -7.606  -37.850  24.224 0.0000000000
34345  -8.648  -37.995  24.323 0.0000000000
34346  -9.613  -37.977  24.536 0.0000000000
34347  -10.418  -37.683  24.752 0.0000000000
34348  -11.095  -37.224  24.906 0.0000000000
34356  -5.324  -37.050  23.304 0.0000000000
34357  -6.351  -37.208  23.454 0.0000000000
34358  -7.428  -37.430  23.557 0.0000000000
34359  -8.467  -37.611  23.653 0.0000000000
34360  -9.406  -37.676  23.774 0.0000000000
34361  -10.368  -37.442  23.822 0.0000000000
34362  -10.829  -37.328  24.323 0.0000000000
35153  -8.937  -36.493  33.640 0.0000000000
35154  -9.308  -36.596  33.028 0.0000000000
35161  -9.584  -36.663  32.421 0.0000000000
35168  -9.858  -36.609  31.642 0.0000000000
35169  -10.015  -36.303  31.104 0.0000000000
35175  -9.951  -36.795  30.960 0.0000000000
35176  -10.182  -36.492  30.464 0.0000000000
35182  -10.572  -36.468  29.603 0.0000000000
35183  -10.975  -36.139  29.096 0.0000000000
35193  -10.834  -36.703  28.895 0.0000000000
35194  -11.214  -36.364  28.402 0.0000000000
35205  -11.548  -36.259  27.538 0.0000000000
35219  -11.846  -36.025  26.762 0.0000000000
35220  -12.051  -35.750  26.212 0.0000000000
35232  -11.841  -36.379  25.983 0.0000000000
35233  -12.118  -35.831  25.619 0.0000000000
35244  -11.785  -36.380  25.011 0.0000000000
35245  -12.164  -35.799  25.142 0.0000000000
35254  -10.801  -37.058  23.417 0.0000000000
35255  -11.250  -36.773  23.953 0.0000000000
36048  -8.592  -35.829  33.984 0.0000000000
36057  -9.084  -35.726  33.069 0.0000000000
36058  -9.421  -36.186  32.707 0.0000000000
36066  -9.242  -35.322  32.508 0.0000000000
36067  -9.591  -35.788  32.214 0.0000000000
36072  -9.925  -35.866  31.489 0.0000000000
36073  -10.112  -35.763  30.935 0.0000000000
36078  -10.383  -35.736  30.283 0.0000000000
36085  -10.807  -35.553  29.586 0.0000000000
36086  -11.261  -35.537  28.901 0.0000000000
36093  -11.486  -35.519  28.191 0.0000000000
36100  -11.758  -35.353  27.437 0.0000000000
36109  -12.033  -35.226  26.685 0.0000000000
36110  -12.248  -35.211  26.010 0.0000000000
36118  -12.383  -35.333  25.364 0.0000000000
36129  -11.758  -36.163  24.355 0.0000000000
36130  -12.303  -35.609  24.586 0.0000000000
36142  -11.789  -35.992  23.872 0.0000000000
36143  -12.520  -35.473  23.550 0.0000000000
36144  -13.046  -35.113  23.064 0.0000000000
36946  -6.814  -33.846  33.469 0.0000000000
36947  -7.635  -34.261  33.341 0.0000000000
36948  -8.348  -35.130  33.674 0.0000000000
36960  -8.175  -34.161  32.636 0.0000000000
36961  -8.820  -34.674  32.480 0.0000000000
36962  -9.356  -35.170  32.164 0.0000000000
36971  -9.156  -34.427  31.740 0.0000000000
36972  -9.700  -34.943  31.377 0.0000000000
36973  -10.141  -35.312  30.732 0.0000000000
36981  -9.885  -34.540  30.678 0.0000000000
36982  -10.279  -34.878  30.254 0.0000000000
36989  -10.983  -34.619  29.119 0.0000000000
36990  -11.417  -35.032  28.640 0.0000000000
36994  -11.015  -34.186  28.489 0.0000000000
36995  -11.401  -34.586  28.124 0.0000000000
37000  -11.798  -34.496  27.181 0.0000000000
37007  -12.169  -34.494  26.408 0.0000000000
37008  -12.469  -34.580  25.695 0.0000000000
37015  -12.698  -34.844  25.072 0.0000000000
37021  -13.010  -34.689  24.334 0.0000000000
37022  -13.288  -34.215  23.755 0.0000000000
37029  -13.141  -34.831  23.566 0.0000000000
37030  -13.318  -34.431  23.025 0.0000000000
37839  -5.583  -33.536  34.025 0.0000000000
37847  -4.955  -33.014  33.414 0.0000000000
37848  -6.170  -33.449  33.260 0.0000000000
37849  -7.022  -33.684  32.901 0.0000000000
37858  -5.683  -32.940  32.566 0.0000000000
37859  -6.717  -33.169  32.078 0.0000000000
37860  -7.767  -33.755  32.320 0.0000000000
37861  -8.376  -34.104  32.281 0.0000000000
37872  -7.037  -32.992  31.378 0.0000000000
37873  -7.705  -33.157  31.268 0.0000000000
37874  -8.684  -33.920  31.599 0.0000000000
37875  -9.293  -34.304  31.370 0.0000000000
37886  -8.021  -32.915  30.644 0.0000000000
37887  -8.636  -33.220  30.424 0.0000000000
37888  -9.515  -34.054  30.655 0.0000000000
37889  -9.984  -34.371  30.354 0.0000000000
37899  -8.932  -33.018  29.719 0.0000000000
37900  -9.516  -33.324  29.460 0.0000000000
37901  -10.149  -34.123  29.737 0.0000000000
37908  -9.845  -33.159  28.694 0.0000000000
37909  -10.485  -33.624  28.479 0.0000000000
37910  -11.053  -34.009  28.175 0.0000000000
37916  -10.702  -33.335  27.707 0.0000000000
37917  -11.195  -33.709  27.540 0.0000000000
37923  -11.831  -33.732  26.693 0.0000000000
37924  -12.309  -33.764  26.021 0.0000000000
37931  -12.855  -33.851  25.204 0.0000000000
37938  -13.261  -33.611  24.295 0.0000000000
37939  -13.477  -33.515  23.470 0.0000000000
37946  -13.623  -33.590  22.532 0.0000000000
38033  -13.469  -33.048  16.618 0.0000000000
38050  -13.910  -33.104  16.066 0.0000000000
38063  -14.450  -33.154  15.209 0.0000000000
38064  -14.753  -32.813  14.514 0.0000000000
38072  -15.049  -32.882  13.853 0.0000000000
38081  -15.252  -32.820  13.056 0.0000000000
38089  -15.292  -32.608  12.508 0.0000000000
38804  -3.986  -32.651  33.592 0.0000000000
38805  -4.389  -32.569  33.042 0.0000000000
38812  -3.889  -32.230  32.899 0.0000000000
38813  -4.797  -32.392  32.290 0.0000000000
38814  -5.838  -32.644  31.806 0.0000000000
38821  -5.386  -32.197  30.912 0.0000000000
38822  -6.570  -32.707  31.093 0.0000000000
38823  -7.194  -32.894  31.048 0.0000000000
38831  -5.645  -32.071  30.107 0.0000000000
38832  -6.390  -32.303  29.972 0.0000000000
38833  -7.488  -32.719  30.403 0.0000000000
38834  -8.166  -32.841  30.296 0.0000000000
38844  -6.726  -32.155  29.298 0.0000000000
38845  -7.429  -32.284  29.197 0.0000000000
38846  -8.443  -32.719  29.590 0.0000000000
38847  -9.071  -32.916  29.333 0.0000000000
38858  -7.862  -32.079  28.536 0.0000000000
38859  -8.376  -32.331  28.685 0.0000000000
38860  -9.347  -32.683  28.515 0.0000000000
38861  -9.997  -33.061  28.304 0.0000000000
38869  -9.683  -32.472  27.720 0.0000000000
38870  -10.299  -32.811  27.527 0.0000000000
38871  -10.871  -33.167  27.329 0.0000000000
38878  -10.656  -32.491  26.775 0.0000000000
38879  -11.301  -32.815  26.572 0.0000000000
38880  -11.947  -33.257  26.253 0.0000000000
38886  -11.680  -32.372  25.819 0.0000000000
38887  -12.233  -32.796  25.640 0.0000000000
38894  -12.995  -32.755  24.771 0.0000000000
38895  -13.357  -32.698  23.964 0.0000000000
38903  -13.714  -32.599  23.084 0.0000000000
38909  -14.062  -32.537  21.922 0.0000000000
38910  -14.390  -31.926  21.543 0.0000000000
38920  -14.441  -32.205  20.999 0.0000000000
38930  -14.191  -32.515  20.059 0.0000000000
38953  -13.751  -32.402  18.461 0.0000000000
38965  -13.764  -32.198  17.658 0.0000000000
38979  -13.366  -32.669  17.127 0.0000000000
38980  -13.693  -32.238  16.694 0.0000000000
38997  -13.962  -32.251  15.757 0.0000000000
39016  -14.352  -32.221  14.925 0.0000000000
39017  -14.814  -32.199  14.221 0.0000000000
39032  -15.262  -32.179  13.580 0.0000000000
39043  -15.596  -32.134  12.847 0.0000000000
39052  -14.885  -32.750  11.551 0.0000000000
39053  -15.398  -32.225  11.935 0.0000000000
39062  -14.940  -32.177  11.003 0.0000000000
39063  -15.335  -31.791  11.445 0.0000000000
39786  -3.865  -31.782  32.173 0.0000000000
39787  -4.443  -31.881  31.478 0.0000000000
39796  -3.401  -31.114  32.229 0.0000000000
39797  -3.829  -31.205  31.301 0.0000000000
39798  -4.551  -31.661  30.778 0.0000000000
39805  -4.242  -31.226  30.438 0.0000000000
39806  -5.113  -31.565  29.850 0.0000000000
39807  -5.811  -32.013  29.739 0.0000000000
39814  -5.534  -31.194  28.728 0.0000000000
39815  -6.228  -31.863  29.100 0.0000000000
39816  -6.905  -32.057  28.928 0.0000000000
39824  -5.880  -30.924  28.244 0.0000000000
39825  -6.329  -31.331  28.324 0.0000000000
39826  -7.310  -31.696  28.193 0.0000000000
39827  -8.331  -31.992  28.057 0.0000000000
39828  -8.827  -32.270  28.190 0.0000000000
39837  -7.725  -31.292  27.498 0.0000000000
39838  -8.393  -31.380  27.296 0.0000000000
39839  -9.257  -32.052  27.530 0.0000000000
39840  -9.864  -32.334  27.358 0.0000000000
39849  -8.766  -31.075  26.673 0.0000000000
39850  -9.383  -31.268  26.473 0.0000000000
39851  -10.225  -32.038  26.681 0.0000000000
39852  -10.850  -32.277  26.398 0.0000000000
39861  -9.807  -30.983  25.798 0.0000000000
39862  -10.265  -31.357  25.842 0.0000000000
39863  -11.219  -31.793  25.595 0.0000000000
39864  -11.901  -32.150  25.439 0.0000000000
39872  -11.654  -31.349  24.768 0.0000000000
39873  -12.355  -31.743  24.625 0.0000000000
39874  -13.063  -32.176  24.300 0.0000000000
39884  -12.702  -31.283  23.824 0.0000000000
39885  -13.230  -31.691  23.618 0.0000000000
39894  -13.863  -31.652  22.645 0.0000000000
39895  -14.282  -31.535  21.920 0.0000000000
39905  -14.711  -31.467  21.252 0.0000000000
39915  -14.940  -31.674  20.203 0.0000000000
39916  -15.152  -31.220  19.726 0.0000000000
39926  -14.345  -32.107  19.270 0.0000000000
39927  -14.908  -31.479  19.248 0.0000000000
39938  -14.358  -31.796  18.446 0.0000000000
39939  -14.937  -31.162  18.475 0.0000000000
39951  -14.380  -31.504  17.540 0.0000000000
39952  -14.967  -30.854  17.825 0.0000000000
39968  -14.237  -31.448  16.527 0.0000000000
39985  -14.208  -31.354  15.590 0.0000000000
40001  -14.397  -31.355  14.577 0.0000000000
40002  -14.896  -31.638  13.925 0.0000000000
40012  -14.670  -31.050  13.940 0.0000000000
40013  -15.278  -31.311  13.387 0.0000000000
40016  -15.667  -31.348  12.516 0.0000000000
40019  -15.548  -31.333  11.735 0.0000000000
40022  -14.882  -31.333  10.834 0.0000000000
40023  -15.210  -31.377  11.222 0.0000000000
40028  -14.360  -31.589  10.255 0.0000000000
40748  -3.364  -30.443  31.819 0.0000000000
40749  -3.591  -30.606  31.170 0.0000000000
40768  -3.532  -30.116  31.079 0.0000000000
40769  -3.818  -30.585  30.533 0.0000000000
40770  -4.245  -30.887  29.847 0.0000000000
40785  -3.693  -29.927  30.428 0.0000000000
40786  -3.904  -30.033  29.565 0.0000000000
40787  -4.649  -30.738  29.053 0.0000000000
40801  -4.358  -30.041  28.605 0.0000000000
40802  -5.315  -30.372  27.983 0.0000000000
40803  -6.309  -30.864  27.802 0.0000000000
40804  -6.789  -31.252  27.896 0.0000000000
40816  -5.491  -30.090  27.175 0.0000000000
40817  -6.250  -30.378  26.924 0.0000000000
40818  -7.237  -30.993  27.283 0.0000000000
40819  -7.929  -31.090  27.187 0.0000000000
40830  -6.652  -30.236  26.284 0.0000000000
40831  -7.302  -30.387  26.222 0.0000000000
40832  -8.280  -30.816  26.552 0.0000000000
40833  -8.944  -30.903  26.324 0.0000000000
40844  -7.733  -30.113  25.665 0.0000000000
40845  -8.260  -30.297  25.759 0.0000000000
40846  -9.282  -30.510  25.567 0.0000000000
40847  -10.252  -30.845  25.305 0.0000000000
40848  -10.714  -31.198  25.290 0.0000000000
40858  -9.708  -30.059  24.815 0.0000000000
40859  -10.216  -30.350  24.803 0.0000000000
40860  -11.148  -30.743  24.520 0.0000000000
40861  -11.861  -31.127  24.369 0.0000000000
40872  -11.569  -30.264  23.766 0.0000000000
40873  -12.269  -30.652  23.621 0.0000000000
40874  -12.918  -31.042  23.455 0.0000000000
40885  -12.731  -30.134  22.951 0.0000000000
40886  -13.360  -30.606  22.692 0.0000000000
40887  -13.989  -31.083  22.252 0.0000000000
40898  -13.748  -30.057  21.894 0.0000000000
40899  -14.295  -30.603  21.626 0.0000000000
40910  -14.989  -30.786  20.717 0.0000000000
40911  -15.219  -30.939  20.043 0.0000000000
40921  -15.245  -30.756  19.338 0.0000000000
40933  -15.286  -30.385  18.466 0.0000000000
40946  -14.740  -30.925  17.160 0.0000000000
40947  -15.164  -30.167  17.505 0.0000000000
40961  -14.697  -30.531  16.448 0.0000000000
40962  -15.111  -29.703  16.848 0.0000000000
40975  -14.473  -30.455  15.399 0.0000000000
40985  -14.451  -30.388  14.470 0.0000000000
40996  -14.783  -30.410  13.649 0.0000000000
40997  -15.340  -30.506  12.942 0.0000000000
41000  -15.566  -30.590  12.152 0.0000000000
41003  -14.950  -30.227  11.272 0.0000000000
41004  -15.215  -30.633  11.430 0.0000000000
41006  -14.693  -30.552  10.783 0.0000000000
41007  -15.025  -30.969  11.054 0.0000000000
41721  -3.640  -29.659  31.753 0.0000000000
41741  -3.730  -29.432  30.917 0.0000000000
41742  -4.148  -28.998  30.906 0.0000000000
41759  -3.733  -29.430  30.141 0.0000000000
41760  -3.873  -29.224  29.580 0.0000000000
41775  -4.140  -29.214  28.743 0.0000000000
41776  -4.547  -29.631  27.993 0.0000000000
41789  -4.526  -28.836  27.645 0.0000000000
41790  -4.992  -29.584  27.176 0.0000000000
41791  -5.599  -29.890  26.660 0.0000000000
41806  -4.620  -28.933  26.742 0.0000000000
41807  -5.301  -29.214  26.107 0.0000000000
41808  -6.242  -29.908  26.049 0.0000000000
41809  -6.829  -30.152  25.969 0.0000000000
41825  -5.486  -28.896  25.476 0.0000000000
41826  -6.156  -29.175  25.235 0.0000000000
41827  -7.161  -29.843  25.436 0.0000000000
41828  -8.170  -29.853  25.266 0.0000000000
41829  -8.724  -30.049  25.295 0.0000000000
41845  -6.518  -28.913  24.677 0.0000000000
41846  -7.010  -29.213  24.715 0.0000000000
41847  -7.915  -29.349  24.768 0.0000000000
41848  -9.102  -29.566  24.551 0.0000000000
41849  -10.172  -29.793  24.361 0.0000000000
41850  -10.659  -30.133  24.303 0.0000000000
41867  -9.525  -28.985  23.932 0.0000000000
41868  -10.062  -29.192  23.933 0.0000000000
41869  -11.080  -29.584  23.624 0.0000000000
41870  -11.788  -30.006  23.422 0.0000000000
41884  -11.492  -29.079  22.901 0.0000000000
41885  -12.187  -29.506  22.726 0.0000000000
41886  -12.928  -29.886  22.626 0.0000000000
41900  -12.580  -28.963  21.938 0.0000000000
41901  -13.203  -29.458  21.955 0.0000000000
41902  -13.995  -29.604  21.232 0.0000000000
41916  -14.716  -29.869  20.677 0.0000000000
41917  -15.210  -30.243  20.045 0.0000000000
41928  -15.352  -29.805  19.264 0.0000000000
41938  -15.442  -29.450  18.358 0.0000000000
41948  -15.381  -29.200  17.468 0.0000000000
41959  -14.882  -29.618  16.099 0.0000000000
41960  -15.206  -28.965  16.728 0.0000000000
41969  -14.625  -29.509  15.183 0.0000000000
41979  -14.495  -29.514  14.193 0.0000000000
41991  -14.779  -29.589  13.160 0.0000000000
41992  -15.262  -29.982  12.488 0.0000000000
41994  -14.945  -29.381  12.266 0.0000000000
41995  -15.286  -29.991  11.838 0.0000000000
41997  -14.796  -29.630  11.345 0.0000000000
41998  -15.077  -30.113  11.484 0.0000000000
42677  -3.854  -29.066  30.472 0.0000000000
42678  -4.265  -28.788  30.391 0.0000000000
42695  -3.844  -28.936  30.012 0.0000000000
42696  -4.316  -28.672  29.577 0.0000000000
42715  -4.648  -28.293  28.531 0.0000000000
42733  -4.694  -28.123  27.592 0.0000000000
42746  -4.575  -28.157  26.767 0.0000000000
42747  -4.690  -28.577  26.178 0.0000000000
42753  -4.496  -27.930  25.838 0.0000000000
42754  -5.006  -28.495  25.498 0.0000000000
42755  -5.570  -28.657  25.084 0.0000000000
42760  -4.651  -27.876  25.101 0.0000000000
42761  -5.199  -28.199  24.704 0.0000000000
42762  -6.068  -28.501  24.483 0.0000000000
42763  -6.812  -28.702  24.291 0.0000000000
42764  -7.570  -28.802  24.270 0.0000000000
42765  -8.357  -28.928  24.217 0.0000000000
42775  -6.513  -28.306  23.925 0.0000000000
42776  -7.161  -28.326  23.763 0.0000000000
42777  -8.062  -28.395  23.733 0.0000000000
42778  -9.008  -28.656  23.630 0.0000000000
42779  -9.788  -28.681  23.496 0.0000000000
42780  -10.433  -28.809  23.381 0.0000000000
42791  -9.456  -28.348  23.091 0.0000000000
42792  -10.046  -28.329  22.914 0.0000000000
42793  -10.952  -28.528  22.759 0.0000000000
42794  -11.620  -28.780  22.458 0.0000000000
42804  -11.383  -28.287  22.113 0.0000000000
42805  -12.021  -28.499  21.855 0.0000000000
42806  -12.849  -28.398  21.227 0.0000000000
42807  -13.582  -28.904  21.029 0.0000000000
42818  -13.540  -28.272  20.615 0.0000000000
42819  -14.372  -28.672  20.270 0.0000000000
42820  -15.083  -29.410  19.960 0.0000000000
42830  -14.675  -28.188  19.572 0.0000000000
42831  -15.175  -28.649  19.226 0.0000000000
42844  -15.410  -28.498  18.120 0.0000000000
42858  -15.347  -28.400  17.264 0.0000000000
42867  -14.935  -28.501  16.021 0.0000000000
42868  -15.200  -28.379  16.710 0.0000000000
42875  -14.597  -28.565  14.896 0.0000000000
42884  -14.436  -28.584  13.851 0.0000000000
42894  -14.483  -28.630  12.827 0.0000000000
42902  -14.553  -28.720  11.895 0.0000000000
43677  -4.509  -27.165  25.243 0.0000000000
43689  -4.775  -27.341  24.279 0.0000000000
43690  -5.611  -27.923  23.992 0.0000000000
43691  -6.133  -28.147  23.897 0.0000000000
43699  -4.921  -26.966  23.650 0.0000000000
43700  -5.412  -27.303  23.554 0.0000000000
43701  -6.407  -27.672  23.329 0.0000000000
43702  -7.576  -27.862  23.208 0.0000000000
43703  -8.532  -28.075  23.097 0.0000000000
43704  -9.076  -28.249  23.037 0.0000000000
43711  -6.584  -27.282  22.856 0.0000000000
43712  -7.072  -27.314  22.728 0.0000000000
43713  -8.125  -27.418  22.614 0.0000000000
43714  -9.254  -27.816  22.482 0.0000000000
43715  -10.239  -27.924  22.273 0.0000000000
43716  -10.890  -27.966  22.050 0.0000000000
43722  -9.746  -27.483  21.837 0.0000000000
43723  -10.413  -27.507  21.602 0.0000000000
43724  -11.344  -27.697  21.463 0.0000000000
43725  -12.136  -27.827  21.160 0.0000000000
43726  -12.572  -27.775  20.839 0.0000000000
43732  -11.682  -27.402  20.883 0.0000000000
43733  -12.234  -27.324  20.593 0.0000000000
43734  -13.063  -27.528  20.419 0.0000000000
43735  -13.785  -27.853  20.159 0.0000000000
43743  -13.579  -27.287  19.848 0.0000000000
43744  -14.210  -27.606  19.518 0.0000000000
43745  -14.794  -27.876  19.184 0.0000000000
43757  -14.573  -27.394  18.889 0.0000000000
43758  -15.057  -27.702  18.523 0.0000000000
43767  -15.295  -27.751  17.725 0.0000000000
43772  -14.984  -27.678  16.147 0.0000000000
43773  -15.199  -27.698  16.808 0.0000000000
43780  -14.725  -27.664  15.524 0.0000000000
43793  -14.396  -27.644  14.550 0.0000000000
43810  -14.212  -27.527  13.436 0.0000000000
44651  -4.600  -26.500  23.738 0.0000000000
44652  -5.214  -26.590  23.142 0.0000000000
44653  -5.806  -27.117  23.126 0.0000000000
44660  -5.529  -26.216  22.591 0.0000000000
44661  -6.283  -26.774  22.632 0.0000000000
44662  -7.466  -26.591  22.104 0.0000000000
44663  -8.670  -27.038  21.936 0.0000000000
44664  -9.296  -27.291  21.827 0.0000000000
44671  -7.637  -26.037  21.637 0.0000000000
44672  -8.320  -26.304  21.543 0.0000000000
44673  -9.516  -26.702  21.203 0.0000000000
44674  -10.724  -27.090  20.978 0.0000000000
44675  -11.295  -27.256  20.917 0.0000000000
44684  -9.836  -26.010  20.699 0.0000000000
44685  -10.437  -26.310  20.632 0.0000000000
44686  -11.446  -26.722  20.498 0.0000000000
44687  -12.541  -26.562  19.939 0.0000000000
44688  -13.213  -26.946  19.890 0.0000000000
44701  -12.842  -26.049  19.452 0.0000000000
44702  -13.557  -26.538  19.205 0.0000000000
44703  -14.214  -27.076  18.955 0.0000000000
44714  -13.845  -26.181  18.442 0.0000000000
44715  -14.541  -26.721  18.238 0.0000000000
44716  -15.092  -27.276  18.031 0.0000000000
44722  -14.936  -26.541  17.127 0.0000000000
44723  -15.147  -27.114  17.496 0.0000000000
44728  -14.935  -26.921  16.229 0.0000000000
44729  -15.164  -27.022  16.909 0.0000000000
44742  -14.091  -26.326  14.859 0.0000000000
44743  -14.416  -26.752  15.248 0.0000000000
44762  -13.733  -26.138  14.498 0.0000000000
44763  -14.014  -26.806  14.263 0.0000000000
45791  -6.634  -26.210  22.087 0.0000000000
45802  -6.870  -25.659  21.675 0.0000000000
45803  -7.853  -25.586  21.246 0.0000000000
45804  -8.674  -25.900  21.087 0.0000000000
45817  -8.423  -25.325  20.831 0.0000000000
45818  -9.237  -25.529  20.666 0.0000000000
45819  -10.134  -25.473  20.322 0.0000000000
45820  -10.957  -25.806  20.198 0.0000000000
45821  -11.679  -25.990  19.915 0.0000000000
45832  -10.666  -25.163  19.964 0.0000000000
45833  -11.294  -25.263  19.698 0.0000000000
45834  -12.213  -25.516  19.363 0.0000000000
45835  -12.986  -25.680  19.125 0.0000000000
45842  -12.693  -25.131  18.823 0.0000000000
45843  -13.386  -25.468  18.397 0.0000000000
45844  -13.989  -25.941  17.981 0.0000000000
45851  -13.852  -25.360  17.527 0.0000000000
45852  -14.418  -25.936  17.353 0.0000000000
45863  -14.205  -25.310  16.676 0.0000000000
45864  -14.650  -26.038  16.430 0.0000000000
45881  -14.096  -25.676  15.428 0.0000000000
45882  -14.595  -26.305  15.817 0.0000000000
46947  -7.863  -24.957  20.815 0.0000000000
46966  -8.505  -24.572  20.441 0.0000000000
46967  -9.556  -24.653  20.143 0.0000000000
46968  -10.220  -24.813  19.966 0.0000000000
46981  -10.023  -24.285  19.780 0.0000000000
46982  -10.687  -24.494  19.562 0.0000000000
46983  -11.560  -24.619  19.137 0.0000000000
46984  -12.203  -24.770  18.859 0.0000000000
46995  -11.924  -24.289  18.651 0.0000000000
46996  -12.602  -24.358  18.190 0.0000000000
46997  -13.364  -24.790  17.664 0.0000000000
47003  -13.101  -24.159  17.028 0.0000000000
47004  -13.698  -24.807  17.042 0.0000000000
47016  -13.039  -24.029  15.883 0.0000000000
47017  -13.660  -24.713  16.203 0.0000000000
47035  -13.286  -24.764  15.236 0.0000000000
48094  -9.057  -23.871  19.878 0.0000000000
48095  -9.652  -24.058  19.797 0.0000000000
48109  -8.774  -23.113  19.460 0.0000000000
48110  -9.927  -23.472  19.257 0.0000000000
48111  -11.055  -23.903  18.968 0.0000000000
48112  -11.561  -24.102  18.765 0.0000000000
48127  -10.242  -22.932  18.631 0.0000000000
48128  -10.773  -23.283  18.594 0.0000000000
48129  -11.688  -23.624  18.218 0.0000000000
48130  -12.234  -23.860  18.007 0.0000000000
48143  -11.854  -23.118  17.242 0.0000000000
48144  -12.341  -23.707  17.544 0.0000000000
48158  -11.900  -22.927  16.673 0.0000000000
48159  -12.389  -23.361  16.466 0.0000000000
48170  -12.526  -23.486  15.471 0.0000000000
49256  -8.471  -22.364  18.950 0.0000000000
49257  -9.199  -22.793  19.040 0.0000000000
49273  -8.811  -21.983  18.445 0.0000000000
49274  -9.613  -22.332  18.359 0.0000000000
49275  -10.603  -22.746  18.203 0.0000000000
49276  -11.088  -23.098  18.204 0.0000000000
49292  -9.912  -21.923  17.618 0.0000000000
49293  -10.532  -22.245  17.513 0.0000000000
49294  -11.224  -22.841  17.715 0.0000000000
49310  -10.689  -21.959  16.729 0.0000000000
49311  -11.373  -22.495  16.743 0.0000000000
49312  -11.901  -22.822  16.247 0.0000000000
49322  -10.941  -21.996  15.998 0.0000000000
49323  -11.570  -22.505  15.751 0.0000000000
49324  -12.113  -22.987  15.642 0.0000000000
50448  -8.293  -21.498  18.388 0.0000000000
50449  -8.963  -21.681  18.139 0.0000000000
50470  -8.713  -21.234  17.871 0.0000000000
50471  -9.370  -21.445  17.522 0.0000000000
50472  -10.134  -21.666  17.090 0.0000000000
50496  -9.722  -21.203  16.721 0.0000000000
50497  -10.321  -21.535  16.301 0.0000000000
50516  -9.804  -21.068  15.882 0.0000000000
51686  -7.841  -20.671  18.028 0.0000000000
51687  -8.336  -21.011  17.898 0.0000000000
51694  -7.944  -20.425  17.409 0.0000000000
51695  -8.543  -20.718  17.243 0.0000000000
51696  -9.247  -20.991  17.008 0.0000000000
51708  -8.664  -20.406  16.262 0.0000000000
51709  -9.224  -20.799  16.466 0.0000000000
52857  -7.989  -20.336  17.139 0.0000000000
52867  -8.090  -20.178  16.716 0.0000000000
