#!ascii label  , from subject cvs_avg35_inMNI152 vox2ras=TkReg
647
56256  -45.433  -16.284  17.317 0.0000000000
57479  -45.715  -16.226  17.352 0.0000000000
57480  -46.298  -16.069  17.422 0.0000000000
57481  -47.488  -15.796  17.642 0.0000000000
57482  -48.344  -15.058  17.432 0.0000000000
57503  -45.496  -15.792  16.877 0.0000000000
57504  -46.636  -15.443  16.803 0.0000000000
57505  -47.652  -15.069  16.761 0.0000000000
57506  -48.266  -14.584  16.847 0.0000000000
58750  -56.000  -14.169  26.312 0.0000000000
58811  -48.957  -14.693  17.858 0.0000000000
58825  -48.731  -14.264  17.236 0.0000000000
58826  -49.391  -14.003  17.640 0.0000000000
58827  -50.216  -13.807  17.857 0.0000000000
58849  -44.814  -14.961  16.367 0.0000000000
58850  -45.903  -14.855  16.344 0.0000000000
58851  -46.928  -14.614  16.329 0.0000000000
58852  -47.854  -14.162  16.413 0.0000000000
58853  -48.418  -14.082  16.796 0.0000000000
58872  -45.314  -14.269  15.749 0.0000000000
58873  -46.337  -14.137  15.814 0.0000000000
58874  -47.219  -13.922  15.956 0.0000000000
58875  -47.709  -13.777  16.037 0.0000000000
60039  -59.409  -13.697  27.405 0.0000000000
60054  -57.439  -14.264  26.636 0.0000000000
60055  -58.384  -14.219  26.873 0.0000000000
60056  -59.480  -13.694  26.512 0.0000000000
60068  -54.565  -13.629  25.425 0.0000000000
60069  -55.645  -13.700  25.565 0.0000000000
60070  -57.063  -13.990  25.850 0.0000000000
60071  -58.450  -13.787  25.631 0.0000000000
60072  -59.609  -13.419  25.453 0.0000000000
60073  -60.151  -13.084  25.020 0.0000000000
60092  -53.131  -13.180  24.859 0.0000000000
60093  -54.044  -13.266  24.757 0.0000000000
60094  -55.042  -13.213  24.826 0.0000000000
60095  -56.166  -13.280  24.881 0.0000000000
60096  -57.352  -13.315  24.825 0.0000000000
60097  -58.496  -13.256  24.516 0.0000000000
60098  -59.569  -13.243  24.407 0.0000000000
60099  -60.387  -12.924  24.260 0.0000000000
60115  -58.839  -13.158  23.631 0.0000000000
60116  -59.682  -13.186  23.481 0.0000000000
60117  -60.450  -13.005  23.243 0.0000000000
60122  -58.908  -13.281  22.756 0.0000000000
60123  -59.756  -13.269  22.524 0.0000000000
60124  -60.692  -13.029  22.290 0.0000000000
60125  -61.229  -12.772  21.747 0.0000000000
60130  -58.270  -13.297  21.446 0.0000000000
60131  -58.805  -13.419  21.764 0.0000000000
60132  -59.838  -13.275  21.568 0.0000000000
60140  -58.350  -13.314  21.146 0.0000000000
60141  -59.026  -13.377  20.804 0.0000000000
60173  -48.697  -13.864  16.916 0.0000000000
60174  -49.139  -13.659  16.993 0.0000000000
60175  -49.948  -13.471  17.091 0.0000000000
60176  -50.840  -13.382  17.130 0.0000000000
60177  -51.672  -13.513  17.080 0.0000000000
60190  -48.080  -13.623  16.086 0.0000000000
60191  -48.639  -13.576  16.448 0.0000000000
60192  -49.598  -13.112  16.275 0.0000000000
60193  -50.516  -13.009  16.475 0.0000000000
60194  -51.464  -12.952  16.252 0.0000000000
60195  -52.522  -13.438  16.497 0.0000000000
60210  -45.839  -13.461  15.418 0.0000000000
60211  -46.804  -13.384  15.534 0.0000000000
60212  -47.700  -13.326  15.715 0.0000000000
60213  -48.498  -13.161  15.844 0.0000000000
60214  -49.019  -13.146  15.991 0.0000000000
60215  -51.753  -12.543  15.658 0.0000000000
60216  -52.360  -12.756  15.725 0.0000000000
61282  -59.413  -12.925  28.007 0.0000000000
61283  -59.841  -12.935  27.297 0.0000000000
61301  -60.218  -12.861  26.429 0.0000000000
61302  -60.469  -12.469  25.921 0.0000000000
61317  -60.328  -12.981  25.645 0.0000000000
61318  -60.605  -12.527  25.224 0.0000000000
61327  -52.517  -12.787  24.316 0.0000000000
61328  -53.423  -12.790  24.200 0.0000000000
61329  -54.384  -12.801  24.136 0.0000000000
61330  -55.391  -12.700  24.185 0.0000000000
61331  -56.423  -12.760  24.115 0.0000000000
61332  -57.394  -12.853  23.932 0.0000000000
61333  -58.086  -12.900  23.639 0.0000000000
61334  -60.922  -12.273  24.531 0.0000000000
61335  -61.147  -12.056  24.038 0.0000000000
61351  -50.491  -12.447  23.644 0.0000000000
61352  -51.608  -12.612  23.784 0.0000000000
61353  -52.723  -12.433  23.587 0.0000000000
61354  -53.708  -12.378  23.509 0.0000000000
61355  -54.670  -12.308  23.483 0.0000000000
61356  -55.631  -12.286  23.438 0.0000000000
61357  -56.548  -12.462  23.288 0.0000000000
61358  -57.387  -12.684  23.087 0.0000000000
61359  -58.174  -12.933  22.917 0.0000000000
61360  -60.888  -12.562  23.766 0.0000000000
61361  -61.248  -12.173  23.412 0.0000000000
61375  -48.911  -11.848  22.948 0.0000000000
61376  -49.898  -12.028  22.815 0.0000000000
61377  -50.960  -12.177  22.821 0.0000000000
61378  -52.035  -12.105  22.854 0.0000000000
61379  -53.060  -12.058  22.809 0.0000000000
61380  -54.015  -11.964  22.809 0.0000000000
61381  -54.918  -12.039  22.670 0.0000000000
61382  -55.805  -12.100  22.633 0.0000000000
61383  -56.630  -12.398  22.422 0.0000000000
61384  -57.460  -12.820  22.250 0.0000000000
61385  -58.201  -13.175  22.135 0.0000000000
61386  -61.026  -12.726  23.067 0.0000000000
61387  -61.441  -12.394  22.517 0.0000000000
61392  -55.247  -11.938  22.134 0.0000000000
61393  -55.830  -12.052  21.731 0.0000000000
61394  -56.724  -12.589  21.503 0.0000000000
61395  -57.730  -13.127  21.381 0.0000000000
61396  -58.234  -13.266  21.687 0.0000000000
61402  -55.888  -12.297  20.734 0.0000000000
61403  -56.840  -13.000  20.482 0.0000000000
61404  -58.007  -13.257  20.343 0.0000000000
61405  -58.818  -13.237  19.982 0.0000000000
61412  -56.052  -12.624  19.445 0.0000000000
61413  -57.197  -13.037  19.351 0.0000000000
61427  -55.934  -12.429  18.659 0.0000000000
61428  -56.570  -12.523  18.335 0.0000000000
61445  -56.667  -12.218  17.599 0.0000000000
61465  -49.849  -12.664  15.782 0.0000000000
61466  -50.353  -12.710  15.906 0.0000000000
61467  -50.867  -12.753  16.025 0.0000000000
61484  -45.425  -12.718  15.006 0.0000000000
61485  -46.410  -12.691  15.142 0.0000000000
61486  -47.351  -12.655  15.261 0.0000000000
61487  -48.246  -12.583  15.408 0.0000000000
61488  -49.285  -12.490  15.549 0.0000000000
61489  -50.143  -12.273  15.525 0.0000000000
61490  -51.074  -12.306  15.576 0.0000000000
61491  -52.061  -12.116  15.384 0.0000000000
61492  -53.172  -12.261  15.381 0.0000000000
61502  -46.074  -11.989  14.710 0.0000000000
61503  -47.041  -11.995  14.788 0.0000000000
61504  -47.973  -11.995  14.873 0.0000000000
61505  -48.758  -11.967  15.067 0.0000000000
62645  -58.425  -11.107  28.057 0.0000000000
62646  -59.084  -11.828  28.227 0.0000000000
62647  -59.607  -12.341  27.733 0.0000000000
62664  -55.983  -10.857  26.666 0.0000000000
62665  -57.199  -10.759  27.184 0.0000000000
62666  -58.242  -10.693  27.402 0.0000000000
62667  -59.167  -10.934  27.531 0.0000000000
62668  -59.892  -11.828  27.208 0.0000000000
62669  -60.381  -11.929  26.379 0.0000000000
62687  -55.286  -10.834  26.194 0.0000000000
62688  -60.642  -11.954  25.789 0.0000000000
62700  -60.859  -11.666  25.196 0.0000000000
62701  -61.099  -11.526  24.500 0.0000000000
62707  -61.269  -11.509  23.893 0.0000000000
62721  -48.349  -11.308  22.491 0.0000000000
62722  -49.274  -11.324  22.124 0.0000000000
62723  -50.400  -11.489  22.176 0.0000000000
62724  -51.430  -11.669  22.058 0.0000000000
62725  -52.476  -11.628  22.083 0.0000000000
62726  -53.461  -11.673  22.084 0.0000000000
62727  -54.337  -11.792  22.091 0.0000000000
62728  -54.839  -11.864  22.106 0.0000000000
62729  -61.488  -11.510  23.148 0.0000000000
62742  -49.430  -10.958  21.584 0.0000000000
62743  -49.978  -11.061  21.609 0.0000000000
62744  -50.841  -11.139  21.248 0.0000000000
62745  -51.951  -11.217  21.277 0.0000000000
62746  -52.988  -11.314  21.252 0.0000000000
62747  -53.957  -11.593  21.313 0.0000000000
62748  -54.915  -11.814  21.497 0.0000000000
62749  -55.463  -11.953  21.189 0.0000000000
62750  -61.812  -11.532  22.211 0.0000000000
62755  -50.998  -10.846  20.656 0.0000000000
62756  -51.550  -10.886  20.645 0.0000000000
62757  -52.475  -10.862  20.242 0.0000000000
62758  -53.598  -11.321  20.334 0.0000000000
62759  -54.525  -11.709  20.567 0.0000000000
62760  -55.204  -11.904  20.789 0.0000000000
62767  -52.571  -10.684  19.435 0.0000000000
62768  -53.283  -11.011  19.068 0.0000000000
62769  -54.337  -11.629  19.476 0.0000000000
62770  -55.204  -12.040  19.947 0.0000000000
62777  -53.571  -11.029  17.760 0.0000000000
62778  -54.242  -11.457  18.278 0.0000000000
62779  -55.319  -12.006  18.620 0.0000000000
62780  -55.926  -12.292  18.260 0.0000000000
62791  -53.773  -11.010  16.922 0.0000000000
62792  -54.167  -11.242  17.343 0.0000000000
62793  -54.930  -11.491  17.405 0.0000000000
62794  -55.971  -12.031  17.444 0.0000000000
62812  -53.625  -10.918  16.305 0.0000000000
62813  -54.353  -11.142  16.406 0.0000000000
62814  -55.401  -11.434  16.331 0.0000000000
62833  -49.861  -11.933  15.295 0.0000000000
62834  -50.390  -11.543  15.304 0.0000000000
62835  -51.419  -11.425  15.386 0.0000000000
62836  -52.516  -11.438  15.414 0.0000000000
62837  -53.557  -11.289  15.600 0.0000000000
62838  -54.818  -11.486  15.310 0.0000000000
62851  -46.731  -11.230  14.590 0.0000000000
62852  -47.706  -11.256  14.589 0.0000000000
62853  -48.675  -11.293  14.706 0.0000000000
62854  -49.581  -11.450  15.039 0.0000000000
62855  -50.132  -11.070  15.106 0.0000000000
63924  -56.380  -10.480  26.049 0.0000000000
63925  -57.029  -10.410  26.337 0.0000000000
63926  -58.018  -10.243  26.614 0.0000000000
63927  -59.038  -10.323  26.741 0.0000000000
63928  -59.858  -10.852  26.745 0.0000000000
63929  -60.193  -11.391  26.628 0.0000000000
63944  -54.146  -10.597  24.831 0.0000000000
63945  -54.703  -10.626  25.096 0.0000000000
63946  -55.731  -10.510  25.578 0.0000000000
63947  -56.839  -10.119  25.612 0.0000000000
63948  -57.756  -9.947  25.869 0.0000000000
63949  -58.829  -9.817  25.845 0.0000000000
63950  -59.965  -10.079  25.861 0.0000000000
63951  -60.465  -11.151  25.980 0.0000000000
63963  -53.685  -10.493  24.414 0.0000000000
63964  -54.585  -10.340  24.382 0.0000000000
63965  -55.459  -10.188  24.571 0.0000000000
63966  -56.634  -9.815  24.610 0.0000000000
63967  -57.643  -9.727  25.152 0.0000000000
63968  -58.243  -9.723  25.461 0.0000000000
63969  -60.354  -9.961  25.190 0.0000000000
63970  -60.803  -10.557  24.852 0.0000000000
63971  -61.163  -11.043  24.309 0.0000000000
63980  -53.374  -10.086  23.550 0.0000000000
63981  -54.360  -9.994  23.601 0.0000000000
63982  -55.212  -9.916  23.844 0.0000000000
63983  -55.951  -9.751  23.985 0.0000000000
63984  -61.000  -10.267  24.306 0.0000000000
63985  -61.239  -10.643  23.888 0.0000000000
63992  -48.065  -10.784  22.078 0.0000000000
63993  -48.587  -11.058  22.012 0.0000000000
63996  -53.593  -9.851  23.109 0.0000000000
63997  -53.928  -9.872  23.104 0.0000000000
63998  -61.528  -10.634  22.876 0.0000000000
64012  -47.851  -10.364  21.468 0.0000000000
64013  -48.833  -10.678  21.468 0.0000000000
64014  -49.732  -10.610  21.277 0.0000000000
64015  -50.277  -10.733  21.281 0.0000000000
64016  -61.840  -10.533  21.864 0.0000000000
64029  -48.486  -9.931  20.646 0.0000000000
64030  -49.413  -10.258  20.652 0.0000000000
64031  -50.448  -10.475  20.651 0.0000000000
64032  -51.261  -10.595  20.220 0.0000000000
64033  -51.801  -10.657  20.171 0.0000000000
64043  -48.695  -9.638  20.210 0.0000000000
64044  -49.070  -9.812  20.073 0.0000000000
64045  -49.933  -10.086  19.772 0.0000000000
64046  -50.864  -10.324  19.628 0.0000000000
64047  -51.869  -10.492  19.461 0.0000000000
64048  -52.546  -10.608  18.875 0.0000000000
64056  -50.432  -10.005  18.973 0.0000000000
64057  -51.212  -10.255  18.651 0.0000000000
64058  -52.050  -10.415  18.304 0.0000000000
64059  -52.837  -10.664  18.029 0.0000000000
64066  -50.574  -10.005  17.981 0.0000000000
64067  -51.409  -10.257  17.545 0.0000000000
64068  -52.269  -10.493  17.223 0.0000000000
64069  -53.131  -10.742  16.902 0.0000000000
64082  -50.656  -10.068  16.785 0.0000000000
64083  -51.555  -10.419  16.442 0.0000000000
64084  -52.509  -10.634  16.253 0.0000000000
64085  -53.165  -10.818  16.000 0.0000000000
64100  -49.825  -10.353  15.255 0.0000000000
64101  -50.437  -10.537  15.494 0.0000000000
64102  -51.910  -10.796  15.627 0.0000000000
64103  -52.834  -10.936  15.682 0.0000000000
64104  -53.195  -10.966  15.697 0.0000000000
64110  -46.414  -10.461  14.657 0.0000000000
64111  -47.383  -10.487  14.601 0.0000000000
64112  -48.383  -10.530  14.646 0.0000000000
64113  -49.446  -10.536  14.954 0.0000000000
64114  -49.929  -10.857  15.041 0.0000000000
65154  -59.258  -9.657  25.356 0.0000000000
65155  -59.502  -9.756  25.545 0.0000000000
65166  -57.181  -9.533  24.011 0.0000000000
65167  -57.731  -9.496  24.355 0.0000000000
65168  -58.733  -9.525  24.909 0.0000000000
65169  -59.880  -9.638  25.021 0.0000000000
65170  -60.480  -9.928  24.814 0.0000000000
65185  -52.969  -9.863  23.100 0.0000000000
65186  -53.355  -9.847  23.109 0.0000000000
65187  -55.144  -9.698  23.193 0.0000000000
65188  -55.866  -9.654  23.282 0.0000000000
65189  -56.735  -9.531  23.524 0.0000000000
65190  -57.660  -9.344  23.552 0.0000000000
65191  -58.568  -9.225  23.851 0.0000000000
65192  -59.614  -9.264  24.072 0.0000000000
65193  -60.734  -9.778  24.076 0.0000000000
65194  -61.273  -10.093  23.411 0.0000000000
65206  -52.779  -9.700  22.448 0.0000000000
65207  -53.660  -9.759  22.607 0.0000000000
65208  -54.671  -9.687  22.643 0.0000000000
65209  -55.685  -9.589  22.537 0.0000000000
65210  -56.511  -9.453  22.638 0.0000000000
65211  -57.399  -9.220  22.614 0.0000000000
65212  -58.309  -9.002  22.978 0.0000000000
65213  -59.272  -8.843  23.197 0.0000000000
65214  -60.299  -8.951  23.226 0.0000000000
65215  -61.246  -9.513  22.673 0.0000000000
65228  -52.545  -9.526  21.621 0.0000000000
65229  -53.506  -9.610  21.655 0.0000000000
65230  -54.505  -9.649  21.687 0.0000000000
65231  -55.465  -9.535  21.758 0.0000000000
65232  -56.439  -9.326  21.773 0.0000000000
65233  -56.932  -9.270  22.171 0.0000000000
65234  -61.634  -9.476  21.372 0.0000000000
65249  -47.998  -9.559  20.513 0.0000000000
65252  -52.370  -9.345  20.721 0.0000000000
65253  -53.289  -9.468  20.783 0.0000000000
65254  -54.262  -9.528  20.803 0.0000000000
65255  -55.440  -9.329  20.766 0.0000000000
65256  -56.009  -9.336  21.259 0.0000000000
65257  -61.789  -9.441  20.318 0.0000000000
65270  -48.440  -9.385  19.808 0.0000000000
65271  -49.433  -9.621  19.351 0.0000000000
65272  -49.973  -9.771  19.194 0.0000000000
65274  -52.185  -9.168  19.968 0.0000000000
65275  -53.057  -9.316  19.943 0.0000000000
65276  -53.989  -9.319  20.000 0.0000000000
65277  -54.802  -9.183  20.125 0.0000000000
65289  -48.082  -9.054  18.644 0.0000000000
65290  -49.072  -9.408  18.561 0.0000000000
65291  -49.922  -9.656  18.583 0.0000000000
65292  -61.956  -8.895  19.054 0.0000000000
65303  -48.663  -9.281  17.544 0.0000000000
65304  -49.747  -9.656  17.409 0.0000000000
65320  -48.099  -9.230  16.603 0.0000000000
65321  -49.134  -9.571  16.417 0.0000000000
65322  -49.959  -9.946  16.137 0.0000000000
65336  -47.521  -9.441  15.721 0.0000000000
65337  -48.570  -9.624  15.617 0.0000000000
65338  -49.558  -10.023  15.422 0.0000000000
65339  -49.990  -10.168  15.643 0.0000000000
65344  -47.007  -9.802  14.948 0.0000000000
65345  -47.998  -9.823  14.894 0.0000000000
65346  -48.931  -10.001  14.952 0.0000000000
65347  -49.361  -10.125  15.013 0.0000000000
66367  -57.583  -9.015  22.191 0.0000000000
66368  -57.977  -8.833  22.265 0.0000000000
66369  -58.852  -8.501  22.414 0.0000000000
66370  -59.830  -8.382  22.503 0.0000000000
66371  -60.648  -8.603  22.433 0.0000000000
66385  -56.809  -9.086  21.435 0.0000000000
66386  -57.333  -8.956  21.726 0.0000000000
66387  -58.335  -8.393  21.653 0.0000000000
66388  -59.327  -7.934  21.689 0.0000000000
66389  -60.352  -8.007  21.730 0.0000000000
66390  -61.089  -8.614  21.731 0.0000000000
66404  -56.104  -8.985  20.216 0.0000000000
66405  -56.643  -8.957  20.848 0.0000000000
66406  -57.752  -8.340  20.725 0.0000000000
66407  -58.702  -7.898  21.067 0.0000000000
66408  -59.206  -7.693  21.188 0.0000000000
66409  -60.958  -7.918  21.231 0.0000000000
66410  -61.374  -8.371  20.730 0.0000000000
66423  -52.741  -9.042  19.169 0.0000000000
66424  -53.756  -9.036  19.160 0.0000000000
66425  -54.688  -8.871  19.394 0.0000000000
66426  -55.613  -8.837  19.730 0.0000000000
66427  -56.634  -8.541  19.699 0.0000000000
66428  -57.172  -8.508  20.223 0.0000000000
66429  -61.671  -8.390  19.601 0.0000000000
66444  -52.418  -8.571  18.477 0.0000000000
66445  -53.446  -8.476  18.320 0.0000000000
66446  -54.457  -8.465  18.554 0.0000000000
66447  -55.462  -8.390  18.879 0.0000000000
66448  -56.104  -8.421  19.222 0.0000000000
66449  -61.963  -8.187  18.719 0.0000000000
66450  -62.146  -8.315  17.814 0.0000000000
66462  -52.386  -8.158  17.842 0.0000000000
66463  -52.924  -8.311  18.017 0.0000000000
66464  -62.286  -8.365  16.791 0.0000000000
67604  -59.443  -7.639  21.234 0.0000000000
67605  -59.803  -7.616  21.289 0.0000000000
67622  -57.871  -8.064  20.272 0.0000000000
67623  -58.300  -7.855  20.359 0.0000000000
67624  -59.330  -7.495  20.641 0.0000000000
67625  -60.404  -7.425  20.845 0.0000000000
67626  -61.025  -7.606  20.663 0.0000000000
67641  -56.998  -8.226  19.312 0.0000000000
67642  -57.578  -8.060  19.729 0.0000000000
67643  -58.584  -7.414  19.679 0.0000000000
67644  -59.338  -7.107  19.785 0.0000000000
67645  -60.804  -7.186  20.299 0.0000000000
67646  -61.257  -7.308  19.919 0.0000000000
67661  -53.651  -8.168  17.916 0.0000000000
67662  -54.094  -8.077  17.929 0.0000000000
67663  -55.119  -7.671  17.965 0.0000000000
67664  -56.673  -7.895  18.692 0.0000000000
67665  -57.925  -7.293  18.935 0.0000000000
67666  -58.542  -7.065  19.096 0.0000000000
67667  -61.695  -7.006  18.986 0.0000000000
67668  -62.063  -7.170  18.191 0.0000000000
67682  -52.333  -7.581  17.572 0.0000000000
67683  -53.362  -7.874  17.659 0.0000000000
67684  -54.300  -7.550  17.576 0.0000000000
67685  -54.686  -7.290  17.547 0.0000000000
67686  -62.248  -7.311  17.283 0.0000000000
67708  -55.013  -6.855  12.140 0.0000000000
67709  -55.842  -6.848  12.391 0.0000000000
67710  -56.786  -6.799  12.641 0.0000000000
68795  -59.994  -6.978  20.127 0.0000000000
68796  -60.503  -7.047  20.247 0.0000000000
68816  -58.964  -6.948  19.266 0.0000000000
68817  -59.561  -6.482  19.301 0.0000000000
68818  -60.563  -6.523  19.602 0.0000000000
68819  -61.280  -6.183  19.165 0.0000000000
68836  -52.624  -6.346  17.820 0.0000000000
68837  -53.612  -6.381  17.458 0.0000000000
68838  -54.769  -6.732  17.474 0.0000000000
68839  -56.227  -6.731  17.690 0.0000000000
68840  -57.477  -6.749  17.960 0.0000000000
68841  -58.610  -6.484  18.630 0.0000000000
68842  -59.287  -5.855  18.782 0.0000000000
68843  -61.670  -5.871  18.752 0.0000000000
68844  -61.970  -6.075  18.359 0.0000000000
68856  -52.986  -7.035  17.416 0.0000000000
68857  -53.945  -7.155  17.283 0.0000000000
68858  -54.455  -7.199  17.384 0.0000000000
68859  -56.999  -6.279  17.656 0.0000000000
68860  -57.369  -6.133  17.656 0.0000000000
68861  -62.239  -6.248  17.626 0.0000000000
68864  -62.480  -6.403  16.739 0.0000000000
68873  -54.920  -6.340  12.210 0.0000000000
68874  -55.479  -6.316  12.380 0.0000000000
68875  -56.283  -6.285  12.607 0.0000000000
68876  -57.225  -6.240  12.860 0.0000000000
68877  -58.303  -6.309  12.978 0.0000000000
68886  -54.175  -6.448  11.964 0.0000000000
70047  -52.663  -5.095  18.714 0.0000000000
70048  -59.811  -5.370  19.004 0.0000000000
70049  -60.741  -5.241  19.041 0.0000000000
70050  -61.415  -5.061  18.832 0.0000000000
70068  -52.965  -5.511  18.011 0.0000000000
70069  -54.309  -5.665  17.653 0.0000000000
70070  -55.508  -5.768  17.696 0.0000000000
70071  -56.762  -5.724  17.696 0.0000000000
70072  -57.851  -5.689  17.847 0.0000000000
70073  -58.877  -5.480  18.422 0.0000000000
70074  -59.316  -5.412  18.739 0.0000000000
70075  -61.904  -5.067  18.446 0.0000000000
70076  -62.221  -5.235  17.833 0.0000000000
70092  -57.095  -6.006  17.580 0.0000000000
70093  -57.280  -5.875  17.649 0.0000000000
70094  -62.519  -5.416  17.016 0.0000000000
70102  -62.766  -5.671  16.251 0.0000000000
70109  -58.575  -5.025  13.417 0.0000000000
70110  -59.385  -5.049  13.282 0.0000000000
70116  -55.031  -5.677  12.312 0.0000000000
70117  -55.831  -5.774  12.570 0.0000000000
70118  -56.585  -5.595  12.865 0.0000000000
70119  -57.686  -5.392  13.226 0.0000000000
70120  -58.852  -5.670  13.162 0.0000000000
70131  -53.398  -5.643  11.676 0.0000000000
70132  -54.191  -5.291  12.075 0.0000000000
71217  -59.008  -4.195  18.664 0.0000000000
71218  -59.332  -4.329  18.850 0.0000000000
71219  -60.137  -4.232  19.071 0.0000000000
71220  -60.932  -4.093  19.011 0.0000000000
71235  -52.831  -4.767  18.161 0.0000000000
71236  -53.920  -4.886  18.023 0.0000000000
71237  -54.923  -5.047  18.117 0.0000000000
71238  -55.974  -4.943  18.002 0.0000000000
71239  -57.159  -4.728  17.931 0.0000000000
71240  -58.599  -4.460  18.321 0.0000000000
71241  -59.229  -4.984  18.650 0.0000000000
71242  -61.629  -3.969  18.565 0.0000000000
71243  -62.154  -4.268  17.992 0.0000000000
71261  -50.708  -4.208  16.898 0.0000000000
71262  -51.360  -4.177  17.588 0.0000000000
71263  -52.497  -4.426  17.593 0.0000000000
71264  -53.607  -4.399  17.597 0.0000000000
71265  -54.111  -4.416  17.909 0.0000000000
71266  -62.405  -4.418  17.211 0.0000000000
71281  -49.873  -4.066  15.972 0.0000000000
71282  -50.563  -4.283  16.198 0.0000000000
71283  -51.299  -4.354  16.523 0.0000000000
71284  -52.150  -4.404  16.781 0.0000000000
71285  -53.083  -4.310  16.915 0.0000000000
71286  -62.726  -4.608  16.146 0.0000000000
71293  -49.722  -4.070  15.233 0.0000000000
71294  -50.362  -4.334  15.460 0.0000000000
71295  -51.138  -4.402  15.710 0.0000000000
71296  -51.917  -4.498  15.969 0.0000000000
71297  -52.685  -4.335  16.079 0.0000000000
71300  -49.697  -3.990  14.776 0.0000000000
71301  -50.131  -4.264  14.780 0.0000000000
71302  -50.917  -4.339  14.946 0.0000000000
71303  -51.811  -4.388  15.238 0.0000000000
71304  -52.343  -4.345  15.560 0.0000000000
71307  -56.295  -4.275  13.240 0.0000000000
71308  -57.153  -4.322  13.570 0.0000000000
71309  -58.024  -4.502  13.628 0.0000000000
71310  -59.044  -4.464  13.680 0.0000000000
71311  -59.970  -4.483  13.482 0.0000000000
71317  -54.088  -4.251  12.143 0.0000000000
71318  -54.814  -4.664  12.342 0.0000000000
71319  -55.830  -4.980  12.726 0.0000000000
71320  -56.790  -4.873  13.183 0.0000000000
71321  -57.382  -4.761  13.410 0.0000000000
71330  -52.739  -4.833  11.343 0.0000000000
71331  -53.664  -4.771  11.837 0.0000000000
71332  -54.193  -4.693  12.076 0.0000000000
72414  -59.048  -3.925  18.733 0.0000000000
72415  -59.491  -3.390  19.075 0.0000000000
72416  -60.364  -3.254  19.145 0.0000000000
72417  -61.087  -3.075  18.897 0.0000000000
72433  -54.533  -4.526  18.023 0.0000000000
72434  -55.243  -4.402  17.936 0.0000000000
72435  -56.277  -4.135  17.928 0.0000000000
72436  -57.540  -3.727  18.041 0.0000000000
72437  -58.796  -3.462  18.494 0.0000000000
72438  -59.170  -2.985  18.833 0.0000000000
72439  -61.561  -2.911  18.273 0.0000000000
72440  -62.009  -3.455  18.056 0.0000000000
72455  -53.934  -4.120  17.500 0.0000000000
72456  -54.392  -4.119  17.625 0.0000000000
72457  -55.381  -3.909  17.437 0.0000000000
72458  -56.563  -3.567  17.315 0.0000000000
72459  -57.322  -3.449  17.630 0.0000000000
72460  -61.895  -2.924  17.547 0.0000000000
72461  -62.199  -3.578  17.435 0.0000000000
72475  -48.987  -3.232  16.436 0.0000000000
72476  -49.380  -3.535  16.631 0.0000000000
72477  -50.113  -4.103  16.655 0.0000000000
72478  -53.846  -4.092  17.149 0.0000000000
72479  -54.498  -3.909  16.839 0.0000000000
72480  -55.426  -3.699  16.575 0.0000000000
72481  -56.319  -3.449  16.377 0.0000000000
72482  -62.126  -3.085  17.061 0.0000000000
72483  -62.324  -3.500  16.573 0.0000000000
72493  -48.946  -3.265  16.071 0.0000000000
72494  -49.345  -3.640  15.686 0.0000000000
72495  -53.581  -4.093  16.300 0.0000000000
72496  -54.385  -3.867  15.816 0.0000000000
72497  -55.439  -3.608  15.551 0.0000000000
72498  -56.534  -3.308  15.472 0.0000000000
72499  -57.364  -3.084  15.202 0.0000000000
72500  -58.118  -3.000  15.152 0.0000000000
72501  -62.077  -2.987  15.162 0.0000000000
72502  -62.338  -3.447  15.434 0.0000000000
72509  -48.964  -3.268  15.430 0.0000000000
72510  -49.297  -3.555  14.846 0.0000000000
72511  -49.813  -3.865  14.370 0.0000000000
72512  -50.558  -4.078  14.251 0.0000000000
72513  -51.555  -4.181  14.406 0.0000000000
72514  -52.915  -4.063  15.020 0.0000000000
72515  -54.380  -3.780  14.648 0.0000000000
72516  -55.543  -3.564  14.504 0.0000000000
72517  -56.581  -3.435  14.490 0.0000000000
72518  -57.524  -3.386  14.567 0.0000000000
72519  -58.537  -3.269  14.694 0.0000000000
72520  -59.387  -3.345  14.577 0.0000000000
72521  -60.335  -3.268  14.559 0.0000000000
72522  -61.549  -3.215  14.744 0.0000000000
72523  -62.404  -3.953  14.354 0.0000000000
72525  -49.500  -3.365  14.208 0.0000000000
72526  -50.082  -3.492  13.766 0.0000000000
72527  -51.008  -3.815  13.617 0.0000000000
72528  -52.097  -3.926  13.634 0.0000000000
72529  -53.337  -3.827  13.629 0.0000000000
72530  -54.563  -3.714  13.552 0.0000000000
72531  -55.724  -3.770  13.544 0.0000000000
72532  -56.830  -3.782  13.872 0.0000000000
72533  -57.778  -3.832  14.067 0.0000000000
72534  -58.724  -3.858  14.109 0.0000000000
72535  -59.684  -3.838  14.018 0.0000000000
72536  -60.705  -3.865  13.871 0.0000000000
72540  -50.602  -3.278  13.183 0.0000000000
72541  -51.362  -3.520  12.861 0.0000000000
72542  -52.378  -3.653  12.603 0.0000000000
72543  -53.578  -3.803  12.540 0.0000000000
72544  -54.737  -3.951  12.737 0.0000000000
72545  -55.502  -4.241  12.830 0.0000000000
72550  -51.999  -3.378  11.274 0.0000000000
72551  -52.413  -3.696  11.639 0.0000000000
72552  -53.343  -4.179  11.815 0.0000000000
72554  -51.912  -3.583  10.801 0.0000000000
72555  -52.232  -4.297  10.947 0.0000000000
73519  -59.389  -2.777  18.969 0.0000000000
73520  -59.828  -2.584  19.039 0.0000000000
73521  -60.538  -2.465  18.952 0.0000000000
73535  -57.675  -3.407  17.723 0.0000000000
73536  -58.238  -3.198  17.927 0.0000000000
73537  -59.208  -2.733  18.380 0.0000000000
73538  -60.057  -2.293  18.354 0.0000000000
73539  -60.872  -2.438  18.317 0.0000000000
73552  -56.858  -3.316  16.878 0.0000000000
73553  -57.514  -3.170  17.290 0.0000000000
73554  -58.542  -2.765  17.460 0.0000000000
73555  -59.503  -2.451  17.579 0.0000000000
73556  -60.410  -2.331  17.580 0.0000000000
73557  -61.225  -2.557  17.541 0.0000000000
73572  -57.077  -3.147  16.429 0.0000000000
73573  -57.904  -2.856  16.612 0.0000000000
73574  -58.842  -2.615  16.661 0.0000000000
73575  -59.845  -2.478  16.706 0.0000000000
73576  -60.801  -2.489  16.729 0.0000000000
73577  -61.769  -2.710  16.623 0.0000000000
73578  -62.196  -2.979  15.970 0.0000000000
73586  -48.722  -2.821  15.663 0.0000000000
73587  -57.392  -3.001  15.900 0.0000000000
73588  -58.114  -2.830  15.846 0.0000000000
73589  -59.102  -2.807  15.627 0.0000000000
73590  -60.278  -2.672  15.902 0.0000000000
73591  -61.153  -2.676  15.911 0.0000000000
73592  -61.858  -2.823  15.569 0.0000000000
73593  -62.200  -2.977  15.601 0.0000000000
73602  -48.835  -2.942  14.969 0.0000000000
73603  -49.049  -2.958  14.373 0.0000000000
73604  -59.215  -3.009  14.968 0.0000000000
73605  -59.859  -2.919  15.122 0.0000000000
73606  -60.779  -2.848  15.250 0.0000000000
73607  -61.349  -2.820  15.357 0.0000000000
73612  -49.518  -2.889  13.896 0.0000000000
73613  -50.090  -2.796  13.415 0.0000000000
73615  -50.697  -2.774  12.426 0.0000000000
73616  -51.684  -3.268  12.171 0.0000000000
73617  -52.158  -3.387  12.038 0.0000000000
73622  -50.808  -2.276  11.276 0.0000000000
73623  -51.593  -3.085  11.474 0.0000000000
73624  -51.984  -3.285  11.811 0.0000000000
73626  -50.819  -2.020  10.309 0.0000000000
73627  -51.345  -2.773  10.519 0.0000000000
74630  -48.674  -2.216  15.921 0.0000000000
74639  -48.753  -2.393  15.079 0.0000000000
74640  -49.028  -1.728  15.229 0.0000000000
74651  -48.878  -2.616  14.646 0.0000000000
74652  -49.243  -2.264  14.316 0.0000000000
74653  -49.809  -1.547  14.627 0.0000000000
74662  -49.727  -2.470  13.789 0.0000000000
74663  -50.066  -1.939  13.434 0.0000000000
74668  -50.442  -1.693  12.105 0.0000000000
74673  -50.505  -1.377  10.931 0.0000000000
74675  -50.660  -1.411  9.955 0.0000000000
75704  -50.365  -0.989  13.993 0.0000000000
75716  -50.449  -1.015  12.854 0.0000000000
75729  -50.533  -0.870  11.779 0.0000000000
75730  -51.025  -0.420  12.420 0.0000000000
75738  -50.645  -0.681  10.987 0.0000000000
75739  -51.053  -0.332  11.456 0.0000000000
75742  -50.653  -0.772  10.242 0.0000000000
75743  -51.079  -0.269  10.590 0.0000000000
