#!ascii label  , from subject cvs_avg35_inMNI152 vox2ras=TkReg
532
74998  -48.315  -0.912  -27.318 0.0000000000
74999  -48.669  -0.808  -27.329 0.0000000000
75005  -47.858  -1.218  -27.892 0.0000000000
75006  -48.868  -0.990  -27.841 0.0000000000
75007  -49.436  -0.842  -28.058 0.0000000000
75018  -47.742  -1.464  -28.983 0.0000000000
75019  -48.677  -1.393  -28.715 0.0000000000
75033  -46.964  -1.054  -30.325 0.0000000000
75034  -47.654  -1.443  -29.994 0.0000000000
75035  -48.543  -1.553  -29.674 0.0000000000
75052  -46.980  -0.945  -30.834 0.0000000000
75053  -47.530  -1.156  -30.968 0.0000000000
75054  -48.419  -1.461  -30.597 0.0000000000
75072  -47.826  -0.979  -31.505 0.0000000000
75073  -48.327  -1.165  -31.348 0.0000000000
75074  -49.162  -1.259  -31.153 0.0000000000
76048  -47.046  -0.025  -26.078 0.0000000000
76049  -47.976  -0.304  -25.861 0.0000000000
76050  -48.987  -0.257  -25.798 0.0000000000
76051  -49.530  -0.053  -25.778 0.0000000000
76068  -46.742  -0.140  -27.028 0.0000000000
76069  -47.615  -0.699  -26.867 0.0000000000
76070  -48.725  -0.665  -26.777 0.0000000000
76071  -49.845  -0.192  -26.437 0.0000000000
76085  -46.481  -0.299  -27.973 0.0000000000
76086  -47.060  -0.799  -27.573 0.0000000000
76087  -48.932  -0.764  -27.373 0.0000000000
76088  -49.596  -0.622  -27.559 0.0000000000
76097  -46.484  -0.435  -28.950 0.0000000000
76098  -47.024  -1.003  -28.427 0.0000000000
76109  -46.519  -0.479  -29.902 0.0000000000
76110  -46.986  -1.095  -29.413 0.0000000000
76126  -46.628  -0.485  -30.800 0.0000000000
76127  -47.001  -0.778  -31.185 0.0000000000
76142  -46.783  -0.345  -31.425 0.0000000000
76143  -47.364  -0.577  -31.740 0.0000000000
76144  -48.129  -0.832  -31.911 0.0000000000
76145  -48.917  -0.983  -31.883 0.0000000000
76168  -47.858  -0.361  -32.318 0.0000000000
77123  -49.858  1.234  -23.129 0.0000000000
77124  -50.315  1.146  -22.971 0.0000000000
77139  -49.549  1.006  -23.809 0.0000000000
77140  -50.457  0.839  -23.471 0.0000000000
77155  -47.690  0.984  -24.910 0.0000000000
77156  -48.080  0.893  -24.818 0.0000000000
77157  -48.960  0.782  -24.544 0.0000000000
77158  -49.900  0.504  -24.379 0.0000000000
77159  -50.848  0.599  -24.409 0.0000000000
77172  -46.845  0.641  -25.802 0.0000000000
77173  -47.438  0.686  -25.273 0.0000000000
77174  -48.451  0.285  -25.210 0.0000000000
77175  -49.420  0.242  -25.224 0.0000000000
77176  -50.299  0.374  -25.170 0.0000000000
77190  -46.628  0.686  -26.470 0.0000000000
77191  -49.925  0.108  -25.715 0.0000000000
77192  -50.593  0.304  -26.032 0.0000000000
77205  -46.179  1.221  -27.986 0.0000000000
77206  -46.291  0.850  -27.598 0.0000000000
77219  -46.052  1.136  -28.357 0.0000000000
77220  -46.173  0.386  -28.579 0.0000000000
77227  -45.724  0.955  -29.149 0.0000000000
77228  -46.110  0.235  -29.515 0.0000000000
77238  -45.573  0.817  -30.083 0.0000000000
77239  -46.111  0.172  -30.448 0.0000000000
77247  -45.738  0.788  -30.927 0.0000000000
77248  -46.273  0.304  -31.456 0.0000000000
77249  -46.806  -0.005  -31.876 0.0000000000
77268  -46.572  0.515  -32.136 0.0000000000
77269  -47.221  0.265  -32.504 0.0000000000
78323  -51.542  2.073  -21.818 0.0000000000
78324  -51.998  1.821  -21.626 0.0000000000
78336  -49.657  1.795  -22.926 0.0000000000
78337  -50.305  1.614  -22.705 0.0000000000
78338  -51.276  1.592  -22.326 0.0000000000
78352  -48.663  1.770  -23.972 0.0000000000
78353  -49.223  1.657  -23.488 0.0000000000
78354  -50.706  1.245  -22.899 0.0000000000
78355  -51.152  1.069  -23.027 0.0000000000
78369  -47.707  1.491  -24.860 0.0000000000
78370  -48.377  1.388  -24.383 0.0000000000
78371  -48.962  1.311  -24.037 0.0000000000
78385  -46.760  1.443  -25.745 0.0000000000
78386  -47.210  1.465  -25.208 0.0000000000
78399  -46.432  1.556  -26.791 0.0000000000
78412  -46.169  1.724  -28.011 0.0000000000
78413  -46.300  1.638  -27.455 0.0000000000
78426  -45.770  1.763  -28.818 0.0000000000
78431  -45.451  1.687  -29.742 0.0000000000
78439  -45.471  1.579  -30.739 0.0000000000
78452  -45.852  1.348  -31.782 0.0000000000
78453  -46.241  0.836  -32.046 0.0000000000
78474  -46.026  1.603  -32.306 0.0000000000
78475  -46.500  1.304  -32.685 0.0000000000
78476  -47.185  0.881  -33.027 0.0000000000
78489  -46.773  1.884  -33.396 0.0000000000
79630  -51.790  2.436  -21.611 0.0000000000
79647  -49.914  2.231  -22.686 0.0000000000
79648  -50.571  2.382  -22.462 0.0000000000
79649  -51.297  2.628  -22.061 0.0000000000
79663  -48.841  2.255  -23.768 0.0000000000
79664  -49.399  2.500  -23.228 0.0000000000
79675  -47.706  2.029  -24.867 0.0000000000
79676  -48.234  2.322  -24.527 0.0000000000
79688  -46.835  2.035  -25.697 0.0000000000
79689  -47.369  2.261  -25.387 0.0000000000
79690  -48.079  3.051  -25.201 0.0000000000
79702  -46.714  2.325  -26.231 0.0000000000
79703  -47.229  3.006  -26.164 0.0000000000
79712  -46.239  2.243  -27.977 0.0000000000
79713  -46.382  2.465  -27.484 0.0000000000
79723  -46.084  2.556  -28.416 0.0000000000
79724  -46.357  3.115  -28.114 0.0000000000
79733  -45.586  2.578  -29.367 0.0000000000
79742  -45.394  2.539  -30.385 0.0000000000
79757  -45.510  2.429  -31.432 0.0000000000
79776  -45.892  2.206  -32.376 0.0000000000
79777  -46.357  2.380  -33.159 0.0000000000
80890  -51.889  3.329  -21.711 0.0000000000
80903  -50.031  2.961  -22.840 0.0000000000
80904  -50.826  3.391  -22.686 0.0000000000
80905  -51.386  3.370  -22.220 0.0000000000
80916  -48.960  2.996  -23.928 0.0000000000
80917  -49.666  3.569  -23.539 0.0000000000
80918  -50.244  3.543  -23.105 0.0000000000
80927  -48.752  3.599  -24.699 0.0000000000
80928  -49.207  3.633  -24.118 0.0000000000
80932  -47.744  3.313  -25.829 0.0000000000
80933  -48.307  3.798  -25.574 0.0000000000
80939  -46.860  3.254  -26.841 0.0000000000
80940  -47.542  3.879  -26.602 0.0000000000
80941  -47.990  3.884  -26.089 0.0000000000
80948  -46.741  3.712  -27.721 0.0000000000
80949  -47.102  3.861  -27.169 0.0000000000
80957  -46.168  3.193  -28.490 0.0000000000
80958  -46.364  3.674  -28.438 0.0000000000
80969  -45.939  3.420  -29.017 0.0000000000
80970  -46.288  4.130  -28.946 0.0000000000
80985  -45.585  3.467  -29.991 0.0000000000
80998  -45.462  3.506  -31.042 0.0000000000
81012  -45.620  3.444  -32.173 0.0000000000
81013  -45.957  3.032  -32.870 0.0000000000
81027  -45.818  3.744  -32.998 0.0000000000
81028  -46.265  3.393  -33.600 0.0000000000
82111  -51.939  3.899  -21.943 0.0000000000
82119  -51.013  3.913  -22.918 0.0000000000
82120  -51.550  4.209  -22.478 0.0000000000
82121  -52.297  5.055  -22.158 0.0000000000
82126  -49.865  4.096  -23.740 0.0000000000
82127  -50.524  4.266  -23.438 0.0000000000
82128  -51.316  5.096  -23.279 0.0000000000
82135  -49.060  4.119  -24.784 0.0000000000
82136  -49.524  4.364  -24.378 0.0000000000
82137  -50.322  5.109  -24.322 0.0000000000
82143  -48.921  4.400  -25.287 0.0000000000
82144  -49.432  5.083  -25.287 0.0000000000
82150  -47.835  4.530  -26.922 0.0000000000
82151  -48.317  4.584  -26.314 0.0000000000
82158  -46.986  4.216  -27.904 0.0000000000
82159  -47.400  4.498  -27.600 0.0000000000
82166  -46.817  4.437  -28.400 0.0000000000
82167  -47.333  5.135  -28.366 0.0000000000
82176  -45.998  4.237  -29.647 0.0000000000
82177  -46.487  4.826  -29.301 0.0000000000
82195  -45.713  4.451  -30.565 0.0000000000
82211  -45.556  4.685  -31.697 0.0000000000
82223  -45.657  4.504  -32.731 0.0000000000
82235  -45.938  4.367  -33.500 0.0000000000
82236  -46.327  4.298  -34.203 0.0000000000
83300  -51.977  5.674  -22.838 0.0000000000
83301  -52.789  5.909  -22.315 0.0000000000
83309  -50.994  5.399  -24.020 0.0000000000
83310  -51.539  5.983  -23.619 0.0000000000
83316  -49.928  5.465  -24.961 0.0000000000
83317  -50.690  6.002  -24.906 0.0000000000
83318  -51.258  6.229  -24.295 0.0000000000
83324  -49.065  5.277  -25.988 0.0000000000
83325  -49.668  5.971  -25.805 0.0000000000
83326  -50.162  6.047  -25.344 0.0000000000
83331  -48.101  5.149  -27.192 0.0000000000
83332  -48.765  5.780  -26.868 0.0000000000
83333  -49.236  5.907  -26.350 0.0000000000
83339  -47.934  5.725  -28.024 0.0000000000
83340  -48.371  5.781  -27.462 0.0000000000
83345  -46.977  5.294  -28.969 0.0000000000
83346  -47.391  5.832  -28.774 0.0000000000
83353  -46.125  5.125  -30.076 0.0000000000
83354  -46.696  5.778  -29.755 0.0000000000
83355  -47.098  5.801  -29.235 0.0000000000
83371  -45.843  5.660  -30.953 0.0000000000
83372  -46.241  5.747  -30.325 0.0000000000
83387  -45.604  5.725  -31.855 0.0000000000
83395  -45.588  5.456  -32.554 0.0000000000
83409  -45.761  5.295  -33.407 0.0000000000
83410  -46.032  4.958  -33.965 0.0000000000
83431  -45.902  5.531  -34.062 0.0000000000
83432  -46.275  5.256  -34.614 0.0000000000
84416  -51.985  6.531  -23.330 0.0000000000
84417  -52.642  6.860  -22.946 0.0000000000
84424  -51.756  7.029  -23.966 0.0000000000
84425  -52.200  7.074  -23.452 0.0000000000
84430  -50.826  6.593  -25.268 0.0000000000
84431  -51.204  6.871  -24.890 0.0000000000
84437  -49.829  6.560  -26.147 0.0000000000
84438  -50.368  6.742  -25.770 0.0000000000
84439  -50.904  6.915  -25.414 0.0000000000
84444  -49.005  6.394  -27.196 0.0000000000
84445  -49.454  6.611  -26.775 0.0000000000
84446  -49.907  6.863  -26.352 0.0000000000
84453  -48.203  6.386  -28.213 0.0000000000
84454  -48.674  6.492  -27.790 0.0000000000
84455  -49.149  6.682  -27.401 0.0000000000
84461  -47.857  6.656  -28.760 0.0000000000
84462  -48.340  6.690  -28.322 0.0000000000
84475  -46.912  6.745  -30.114 0.0000000000
84476  -47.255  6.348  -29.434 0.0000000000
84494  -45.929  6.580  -31.043 0.0000000000
84495  -46.321  6.425  -30.519 0.0000000000
84511  -45.695  6.467  -31.637 0.0000000000
84526  -45.565  6.316  -32.407 0.0000000000
84541  -45.606  6.160  -33.178 0.0000000000
84563  -45.725  6.015  -33.805 0.0000000000
84564  -45.888  6.115  -34.414 0.0000000000
84591  -46.282  6.186  -35.166 0.0000000000
85545  -52.983  7.556  -23.138 0.0000000000
85555  -52.026  7.709  -24.102 0.0000000000
85556  -52.562  7.832  -23.718 0.0000000000
85564  -51.720  7.935  -24.632 0.0000000000
85565  -52.170  8.045  -24.204 0.0000000000
85572  -50.553  7.428  -26.143 0.0000000000
85573  -51.064  7.626  -25.621 0.0000000000
85580  -49.604  7.149  -27.115 0.0000000000
85581  -50.031  7.498  -26.810 0.0000000000
85582  -50.683  7.925  -26.355 0.0000000000
85589  -48.931  6.987  -28.093 0.0000000000
85590  -49.339  7.342  -27.793 0.0000000000
85591  -49.798  7.931  -27.550 0.0000000000
85599  -47.979  7.519  -29.155 0.0000000000
85600  -48.547  7.298  -28.503 0.0000000000
85601  -48.894  7.837  -28.472 0.0000000000
85614  -46.984  7.188  -30.240 0.0000000000
85615  -47.380  7.375  -29.901 0.0000000000
85628  -46.119  6.970  -30.845 0.0000000000
85629  -46.560  7.469  -30.642 0.0000000000
85630  -47.065  7.907  -30.433 0.0000000000
85642  -45.880  7.316  -31.338 0.0000000000
85643  -46.148  7.777  -31.207 0.0000000000
85661  -45.605  7.146  -32.218 0.0000000000
85680  -45.556  6.885  -32.946 0.0000000000
85697  -45.674  6.934  -33.870 0.0000000000
85698  -45.849  6.784  -34.743 0.0000000000
85716  -45.717  7.480  -34.673 0.0000000000
85717  -46.003  7.219  -35.424 0.0000000000
86643  -52.813  8.560  -24.031 0.0000000000
86651  -51.928  8.612  -24.787 0.0000000000
86652  -52.434  8.719  -24.446 0.0000000000
86653  -52.946  8.909  -24.186 0.0000000000
86657  -51.648  8.832  -25.336 0.0000000000
86658  -52.073  8.925  -24.885 0.0000000000
86665  -50.479  8.577  -26.837 0.0000000000
86666  -51.005  8.674  -26.174 0.0000000000
86675  -49.586  8.477  -28.029 0.0000000000
86676  -50.046  8.517  -27.461 0.0000000000
86686  -48.238  7.888  -29.069 0.0000000000
86687  -48.536  8.369  -29.047 0.0000000000
86688  -49.098  8.380  -28.534 0.0000000000
86704  -47.942  8.344  -29.668 0.0000000000
86705  -48.269  8.800  -29.557 0.0000000000
86718  -46.873  8.410  -30.797 0.0000000000
86719  -47.376  8.382  -30.351 0.0000000000
86730  -45.980  7.883  -31.477 0.0000000000
86731  -46.272  8.344  -31.458 0.0000000000
86754  -45.764  7.978  -31.981 0.0000000000
86755  -45.965  8.528  -32.055 0.0000000000
86776  -45.608  7.812  -32.996 0.0000000000
86797  -45.595  8.132  -34.079 0.0000000000
86811  -45.664  8.304  -35.147 0.0000000000
86812  -45.909  7.943  -35.925 0.0000000000
86824  -45.712  8.681  -35.953 0.0000000000
86825  -46.116  8.315  -36.633 0.0000000000
87767  -52.661  9.278  -24.640 0.0000000000
87768  -53.238  9.552  -24.508 0.0000000000
87775  -51.794  9.760  -25.547 0.0000000000
87776  -52.342  9.553  -25.018 0.0000000000
87777  -52.855  10.064  -25.074 0.0000000000
87784  -50.703  9.558  -26.738 0.0000000000
87785  -51.314  9.652  -26.065 0.0000000000
87794  -49.820  9.364  -27.964 0.0000000000
87795  -50.228  9.405  -27.371 0.0000000000
87807  -48.848  8.912  -29.007 0.0000000000
87808  -49.248  9.432  -28.778 0.0000000000
87823  -48.100  9.005  -29.852 0.0000000000
87824  -48.507  9.477  -29.695 0.0000000000
87825  -49.017  9.953  -29.407 0.0000000000
87835  -47.221  8.882  -30.753 0.0000000000
87836  -47.722  9.373  -30.540 0.0000000000
87837  -48.160  9.855  -30.413 0.0000000000
87846  -46.981  9.294  -31.396 0.0000000000
87847  -47.437  9.780  -31.267 0.0000000000
87871  -45.772  8.521  -32.517 0.0000000000
87872  -46.182  9.159  -32.296 0.0000000000
87886  -45.646  8.978  -33.292 0.0000000000
87887  -46.065  9.854  -33.066 0.0000000000
87899  -45.585  9.219  -34.415 0.0000000000
87909  -45.591  9.448  -35.440 0.0000000000
87920  -45.710  9.444  -36.501 0.0000000000
87921  -46.107  8.991  -37.208 0.0000000000
87933  -45.883  9.708  -37.314 0.0000000000
88888  -52.062  10.151  -25.467 0.0000000000
88889  -52.485  10.657  -25.459 0.0000000000
88890  -53.282  10.602  -25.136 0.0000000000
88897  -50.997  10.547  -26.610 0.0000000000
88898  -51.736  10.613  -25.953 0.0000000000
88899  -52.131  11.150  -25.836 0.0000000000
88904  -50.017  9.938  -27.780 0.0000000000
88905  -50.311  10.534  -27.462 0.0000000000
88914  -49.743  10.473  -28.348 0.0000000000
88915  -50.041  11.053  -28.045 0.0000000000
88930  -48.922  10.479  -29.865 0.0000000000
88931  -49.297  10.473  -29.223 0.0000000000
88943  -47.990  10.067  -30.752 0.0000000000
88944  -48.401  10.514  -30.636 0.0000000000
88961  -47.309  9.952  -31.668 0.0000000000
88962  -47.767  10.463  -31.470 0.0000000000
88963  -48.269  10.903  -31.249 0.0000000000
88984  -46.924  10.342  -32.425 0.0000000000
88985  -47.516  10.881  -32.230 0.0000000000
88993  -45.749  9.880  -33.809 0.0000000000
88994  -46.198  10.708  -33.646 0.0000000000
89007  -45.667  10.508  -34.674 0.0000000000
89008  -45.982  11.107  -34.245 0.0000000000
89020  -45.568  10.515  -35.905 0.0000000000
89028  -45.642  10.524  -36.929 0.0000000000
89844  -53.096  11.488  -25.521 0.0000000000
89845  -53.969  11.477  -25.233 0.0000000000
89852  -51.341  11.295  -26.504 0.0000000000
89853  -51.895  11.705  -26.205 0.0000000000
89854  -52.501  11.606  -25.817 0.0000000000
89859  -50.814  11.622  -27.109 0.0000000000
89860  -51.374  11.993  -26.697 0.0000000000
89865  -49.919  11.539  -28.508 0.0000000000
89866  -50.287  11.657  -27.908 0.0000000000
89879  -49.260  11.099  -29.740 0.0000000000
89880  -49.589  11.418  -29.180 0.0000000000
89891  -49.033  11.375  -30.451 0.0000000000
89892  -49.412  11.776  -29.925 0.0000000000
89911  -48.222  11.228  -31.620 0.0000000000
89912  -48.609  11.467  -31.183 0.0000000000
89929  -47.347  11.234  -32.639 0.0000000000
89930  -47.895  11.564  -32.256 0.0000000000
89931  -48.419  11.850  -31.788 0.0000000000
89943  -46.901  11.527  -33.312 0.0000000000
89944  -47.440  11.885  -32.893 0.0000000000
89952  -45.874  11.546  -34.653 0.0000000000
89953  -46.318  11.606  -34.078 0.0000000000
89967  -45.644  11.483  -35.418 0.0000000000
89980  -45.605  11.665  -36.461 0.0000000000
89987  -45.739  11.462  -37.574 0.0000000000
90773  -52.916  12.045  -25.813 0.0000000000
90774  -53.514  12.531  -25.740 0.0000000000
90775  -54.654  12.533  -25.256 0.0000000000
90781  -51.829  12.641  -26.680 0.0000000000
90782  -52.611  12.558  -26.196 0.0000000000
90783  -53.131  13.073  -26.120 0.0000000000
90788  -50.696  12.569  -27.789 0.0000000000
90789  -51.230  12.631  -27.177 0.0000000000
90795  -49.868  12.013  -28.984 0.0000000000
90796  -50.224  12.563  -28.683 0.0000000000
90808  -49.763  12.533  -29.564 0.0000000000
90809  -50.085  13.053  -29.242 0.0000000000
90820  -48.959  11.958  -30.941 0.0000000000
90821  -49.322  12.493  -30.616 0.0000000000
90839  -48.883  12.504  -31.486 0.0000000000
90840  -49.235  12.967  -31.186 0.0000000000
90853  -47.738  12.600  -32.787 0.0000000000
90854  -48.344  12.569  -32.247 0.0000000000
90867  -46.679  12.442  -33.975 0.0000000000
90868  -47.225  12.536  -33.368 0.0000000000
90880  -45.831  12.139  -35.093 0.0000000000
90881  -46.222  12.294  -34.611 0.0000000000
90891  -45.799  12.460  -35.785 0.0000000000
90892  -46.129  12.720  -35.197 0.0000000000
91692  -54.255  13.517  -25.670 0.0000000000
91693  -55.047  13.567  -25.316 0.0000000000
91700  -52.277  13.285  -26.677 0.0000000000
91701  -52.886  13.639  -26.434 0.0000000000
91702  -53.530  13.599  -26.047 0.0000000000
91707  -51.077  13.302  -27.634 0.0000000000
91708  -51.744  13.638  -27.236 0.0000000000
91709  -52.403  13.958  -26.868 0.0000000000
91716  -50.762  13.591  -28.339 0.0000000000
91717  -51.246  13.984  -27.844 0.0000000000
91726  -50.038  13.513  -29.656 0.0000000000
91727  -50.369  13.592  -29.101 0.0000000000
91738  -49.713  13.406  -30.283 0.0000000000
91753  -49.175  13.433  -31.577 0.0000000000
91754  -49.459  13.478  -30.997 0.0000000000
91772  -48.105  13.598  -32.723 0.0000000000
91773  -48.748  13.409  -32.141 0.0000000000
91792  -47.016  13.347  -33.885 0.0000000000
91793  -47.501  13.429  -33.282 0.0000000000
92707  -54.018  14.407  -25.975 0.0000000000
92708  -54.765  14.467  -25.622 0.0000000000
92716  -52.855  14.618  -26.716 0.0000000000
92717  -53.433  14.443  -26.329 0.0000000000
92721  -51.677  14.699  -27.755 0.0000000000
92722  -52.258  14.673  -27.199 0.0000000000
92729  -50.735  14.454  -29.030 0.0000000000
92730  -51.172  14.646  -28.408 0.0000000000
92737  -50.015  14.072  -30.140 0.0000000000
92738  -50.355  14.407  -29.675 0.0000000000
92756  -49.789  14.310  -30.787 0.0000000000
92757  -50.150  14.737  -30.332 0.0000000000
92768  -49.103  14.025  -32.023 0.0000000000
92769  -49.432  14.279  -31.498 0.0000000000
92784  -48.196  14.286  -32.919 0.0000000000
92785  -48.647  14.411  -32.564 0.0000000000
92786  -49.156  14.677  -32.076 0.0000000000
92805  -47.334  14.030  -33.742 0.0000000000
92806  -47.827  14.379  -33.368 0.0000000000
92807  -48.281  14.708  -33.094 0.0000000000
93704  -53.823  14.945  -26.215 0.0000000000
93705  -54.352  15.440  -26.034 0.0000000000
93706  -55.196  15.382  -25.640 0.0000000000
93707  -55.864  15.466  -25.260 0.0000000000
93712  -52.760  15.533  -27.013 0.0000000000
93713  -53.499  15.482  -26.525 0.0000000000
93714  -53.992  16.089  -26.308 0.0000000000
93719  -51.535  15.657  -28.272 0.0000000000
93720  -52.120  15.660  -27.558 0.0000000000
93727  -50.631  14.990  -29.461 0.0000000000
93728  -50.959  15.588  -29.148 0.0000000000
93738  -50.451  15.542  -30.023 0.0000000000
93739  -50.692  16.123  -29.665 0.0000000000
93761  -49.687  14.810  -31.253 0.0000000000
93762  -50.019  15.391  -31.045 0.0000000000
93779  -49.535  15.234  -31.744 0.0000000000
93780  -49.852  15.780  -31.671 0.0000000000
93798  -48.562  15.130  -33.012 0.0000000000
93799  -49.038  15.425  -32.568 0.0000000000
94766  -54.921  15.986  -25.935 0.0000000000
94767  -55.369  16.438  -25.714 0.0000000000
94776  -53.156  16.099  -26.873 0.0000000000
94777  -53.626  16.697  -26.707 0.0000000000
94778  -54.587  16.643  -26.233 0.0000000000
94779  -55.093  17.050  -26.080 0.0000000000
94788  -51.823  16.751  -27.916 0.0000000000
94789  -52.734  16.713  -27.225 0.0000000000
94790  -53.241  17.197  -26.992 0.0000000000
94802  -51.275  16.691  -28.730 0.0000000000
94817  -50.525  16.665  -30.097 0.0000000000
94818  -50.806  16.730  -29.427 0.0000000000
94842  -50.314  16.459  -30.890 0.0000000000
94858  -49.635  16.207  -32.241 0.0000000000
94859  -50.061  16.324  -31.636 0.0000000000
95841  -55.612  17.162  -25.327 0.0000000000
95848  -54.175  17.758  -26.604 0.0000000000
95849  -54.845  17.625  -26.267 0.0000000000
95850  -55.238  17.463  -25.843 0.0000000000
95856  -52.235  18.022  -27.708 0.0000000000
95857  -53.049  17.807  -27.193 0.0000000000
95858  -53.561  17.589  -26.899 0.0000000000
95871  -51.497  17.794  -28.442 0.0000000000
95889  -50.588  17.659  -29.917 0.0000000000
95890  -50.957  17.705  -29.151 0.0000000000
95912  -50.411  17.507  -30.775 0.0000000000
95921  -49.933  16.822  -32.103 0.0000000000
95922  -50.179  17.366  -31.769 0.0000000000
95927  -49.691  17.398  -32.737 0.0000000000
95928  -50.053  17.876  -32.359 0.0000000000
96865  -55.214  18.122  -25.451 0.0000000000
96872  -54.249  18.663  -26.827 0.0000000000
96873  -54.602  18.475  -26.475 0.0000000000
96874  -54.976  18.295  -26.062 0.0000000000
96880  -52.441  19.088  -28.037 0.0000000000
96881  -53.021  18.786  -27.658 0.0000000000
96882  -53.697  18.475  -27.100 0.0000000000
96897  -51.802  19.020  -28.461 0.0000000000
96911  -50.812  18.785  -29.709 0.0000000000
96912  -51.222  18.601  -28.987 0.0000000000
96930  -50.510  18.562  -30.582 0.0000000000
96938  -50.314  18.344  -31.450 0.0000000000
96945  -49.936  18.528  -32.736 0.0000000000
96946  -50.174  18.228  -32.103 0.0000000000
97942  -54.731  18.929  -25.252 0.0000000000
97950  -54.786  18.970  -25.838 0.0000000000
97957  -54.080  19.143  -27.108 0.0000000000
97958  -54.425  19.429  -26.765 0.0000000000
97959  -54.709  18.992  -26.274 0.0000000000
97968  -52.315  19.673  -28.368 0.0000000000
97969  -52.891  19.910  -28.191 0.0000000000
97970  -53.610  19.565  -27.464 0.0000000000
97971  -54.081  19.597  -27.151 0.0000000000
97988  -52.102  20.085  -28.868 0.0000000000
97989  -52.486  20.116  -28.575 0.0000000000
98003  -50.984  19.505  -29.871 0.0000000000
98004  -51.394  19.643  -29.445 0.0000000000
98023  -50.799  19.674  -30.433 0.0000000000
98024  -51.106  19.843  -30.022 0.0000000000
98032  -50.430  19.375  -31.344 0.0000000000
98039  -50.020  19.464  -32.755 0.0000000000
98040  -50.168  19.021  -32.127 0.0000000000
99059  -54.353  20.497  -26.620 0.0000000000
99060  -54.662  19.738  -26.204 0.0000000000
99069  -53.051  20.613  -28.446 0.0000000000
99070  -53.447  20.804  -27.931 0.0000000000
99071  -54.011  20.227  -27.191 0.0000000000
99089  -52.238  20.533  -29.060 0.0000000000
99090  -52.617  20.752  -28.928 0.0000000000
99091  -53.157  21.082  -28.606 0.0000000000
99106  -51.999  20.727  -29.431 0.0000000000
99107  -52.400  21.126  -29.404 0.0000000000
99128  -50.939  20.219  -30.638 0.0000000000
99129  -51.306  20.502  -30.383 0.0000000000
99147  -50.798  20.424  -31.163 0.0000000000
99148  -51.168  20.893  -31.013 0.0000000000
99155  -50.073  19.849  -32.753 0.0000000000
99156  -50.267  20.158  -32.393 0.0000000000
99162  -49.977  19.917  -33.095 0.0000000000
99163  -50.137  20.516  -33.305 0.0000000000
100170  -53.147  21.633  -29.049 0.0000000000
100184  -52.287  21.277  -29.639 0.0000000000
100185  -52.676  21.690  -29.636 0.0000000000
100200  -52.047  21.511  -30.137 0.0000000000
100201  -52.465  22.108  -30.156 0.0000000000
100222  -51.059  21.063  -31.319 0.0000000000
100223  -51.453  21.607  -31.138 0.0000000000
100229  -50.832  21.310  -31.950 0.0000000000
100230  -51.280  22.175  -31.987 0.0000000000
100233  -50.477  21.374  -33.147 0.0000000000
101238  -52.157  22.600  -30.644 0.0000000000
101262  -51.655  22.839  -31.546 0.0000000000
101277  -50.986  22.111  -32.654 0.0000000000
