#!ascii label  , from subject cvs_avg35_inMNI152 vox2ras=TkReg
891
86100  -17.200  8.400  35.251 0.0000000000
86107  -17.533  8.297  34.531 0.0000000000
86114  -17.747  8.150  33.801 0.0000000000
86115  -18.090  8.107  33.196 0.0000000000
86124  -18.587  8.072  32.679 0.0000000000
86125  -19.088  8.057  32.183 0.0000000000
87202  -17.021  9.339  35.584 0.0000000000
87203  -17.568  9.202  35.028 0.0000000000
87204  -18.012  9.630  34.740 0.0000000000
87211  -17.791  9.028  34.082 0.0000000000
87212  -18.270  9.654  34.159 0.0000000000
87220  -17.963  8.625  33.537 0.0000000000
87221  -18.510  9.055  33.265 0.0000000000
87222  -19.017  9.458  33.068 0.0000000000
87230  -18.867  8.568  32.636 0.0000000000
87231  -19.292  9.017  32.449 0.0000000000
88257  -20.748  10.823  40.418 0.0000000000
88258  -21.117  10.676  40.501 0.0000000000
88259  -22.010  10.543  40.519 0.0000000000
88260  -22.977  10.583  40.349 0.0000000000
88261  -23.754  10.664  40.126 0.0000000000
88269  -20.681  10.722  39.994 0.0000000000
88270  -21.353  10.460  39.757 0.0000000000
88271  -22.288  10.220  39.658 0.0000000000
88272  -23.265  10.132  39.574 0.0000000000
88273  -24.126  10.444  39.525 0.0000000000
88282  -19.981  10.819  38.507 0.0000000000
88283  -20.441  10.677  38.906 0.0000000000
88284  -21.556  10.332  38.791 0.0000000000
88285  -22.550  10.098  38.708 0.0000000000
88286  -23.544  10.251  38.615 0.0000000000
88287  -24.331  10.506  38.830 0.0000000000
88296  -19.975  10.831  37.967 0.0000000000
88297  -20.853  10.619  37.859 0.0000000000
88298  -21.839  10.320  37.818 0.0000000000
88299  -22.753  10.314  37.778 0.0000000000
88300  -23.459  10.545  37.703 0.0000000000
88307  -17.160  10.420  36.017 0.0000000000
88308  -18.103  10.753  35.924 0.0000000000
88309  -19.005  10.986  36.107 0.0000000000
88310  -20.025  10.888  36.803 0.0000000000
88311  -21.192  10.636  36.881 0.0000000000
88312  -22.118  10.409  36.935 0.0000000000
88313  -22.937  10.580  36.918 0.0000000000
88314  -23.487  10.721  37.132 0.0000000000
88320  -17.393  9.756  35.498 0.0000000000
88321  -17.817  10.004  35.379 0.0000000000
88322  -18.640  10.253  35.024 0.0000000000
88323  -19.619  10.848  35.473 0.0000000000
88324  -20.639  10.892  35.799 0.0000000000
88325  -21.629  10.774  36.113 0.0000000000
88326  -22.343  10.750  36.362 0.0000000000
88331  -18.775  9.947  33.858 0.0000000000
88332  -19.365  10.572  34.361 0.0000000000
88333  -20.156  10.896  34.876 0.0000000000
88340  -18.896  9.655  33.339 0.0000000000
88341  -19.364  10.040  33.210 0.0000000000
88342  -20.040  10.825  33.882 0.0000000000
89276  -19.535  13.283  41.497 0.0000000000
89277  -19.822  13.047  41.533 0.0000000000
89287  -19.565  12.776  41.404 0.0000000000
89288  -20.265  12.380  41.285 0.0000000000
89289  -21.136  11.906  41.199 0.0000000000
89290  -21.858  11.859  41.143 0.0000000000
89301  -19.591  12.109  40.840 0.0000000000
89302  -20.482  11.293  40.588 0.0000000000
89303  -21.543  11.080  41.150 0.0000000000
89304  -22.550  11.436  40.774 0.0000000000
89305  -23.579  11.362  40.390 0.0000000000
89306  -24.470  11.197  40.170 0.0000000000
89307  -25.234  11.462  39.933 0.0000000000
89316  -18.529  11.787  39.526 0.0000000000
89317  -19.231  11.541  39.838 0.0000000000
89318  -20.042  10.939  39.537 0.0000000000
89319  -24.852  10.857  39.396 0.0000000000
89320  -25.457  11.431  39.163 0.0000000000
89329  -17.447  11.785  38.126 0.0000000000
89330  -18.387  11.637  38.702 0.0000000000
89331  -19.588  11.074  38.652 0.0000000000
89332  -20.003  10.837  39.036 0.0000000000
89333  -24.026  10.610  38.221 0.0000000000
89334  -24.760  10.949  38.359 0.0000000000
89341  -16.998  11.422  37.064 0.0000000000
89342  -17.948  11.529  37.436 0.0000000000
89343  -18.814  11.304  37.699 0.0000000000
89344  -19.435  11.081  37.732 0.0000000000
89345  -24.010  10.857  37.514 0.0000000000
89353  -17.686  11.244  36.529 0.0000000000
89354  -18.453  11.319  36.722 0.0000000000
89355  -19.236  11.182  37.047 0.0000000000
89356  -19.656  11.003  37.374 0.0000000000
89357  -22.760  10.901  36.325 0.0000000000
89367  -20.643  11.063  35.150 0.0000000000
89368  -21.188  11.185  35.319 0.0000000000
89379  -20.636  11.258  34.573 0.0000000000
90229  -19.277  14.198  41.910 0.0000000000
90230  -19.520  14.261  42.132 0.0000000000
90236  -18.825  13.389  41.432 0.0000000000
90237  -19.206  13.559  41.623 0.0000000000
90238  -19.642  13.840  41.608 0.0000000000
90243  -19.060  12.697  41.251 0.0000000000
90244  -20.231  13.252  41.506 0.0000000000
90245  -21.030  12.857  41.118 0.0000000000
90246  -21.564  12.297  41.100 0.0000000000
90255  -18.358  12.479  40.223 0.0000000000
90256  -18.866  12.187  40.572 0.0000000000
90257  -21.350  13.219  40.702 0.0000000000
90258  -22.073  12.651  40.484 0.0000000000
90259  -23.239  12.126  40.255 0.0000000000
90260  -24.249  12.094  40.268 0.0000000000
90261  -25.017  11.988  40.348 0.0000000000
90272  -17.999  12.168  39.537 0.0000000000
90273  -18.548  11.942  39.990 0.0000000000
90274  -22.468  13.123  39.552 0.0000000000
90275  -22.958  12.624  39.658 0.0000000000
90276  -23.834  12.612  39.750 0.0000000000
90277  -25.809  12.288  39.945 0.0000000000
90289  -17.662  12.046  38.851 0.0000000000
90290  -22.483  13.286  39.037 0.0000000000
90291  -22.804  13.010  39.004 0.0000000000
90292  -23.443  12.802  39.096 0.0000000000
91144  -19.329  14.264  42.594 0.0000000000
91145  -19.911  14.318  42.432 0.0000000000
91146  -20.391  14.509  42.246 0.0000000000
91152  -19.049  14.196  42.029 0.0000000000
91153  -20.113  14.097  41.638 0.0000000000
91154  -20.604  14.296  41.623 0.0000000000
91161  -20.563  13.631  41.363 0.0000000000
91162  -21.037  13.838  41.036 0.0000000000
91170  -21.483  13.721  40.224 0.0000000000
91171  -22.025  13.423  39.791 0.0000000000
91172  -24.803  12.402  40.339 0.0000000000
91173  -25.213  12.628  40.250 0.0000000000
91179  -21.717  13.949  39.339 0.0000000000
91180  -22.167  13.526  39.119 0.0000000000
91181  -24.630  12.858  40.107 0.0000000000
91193  -21.863  13.914  38.506 0.0000000000
91194  -22.465  13.466  38.486 0.0000000000
91195  -23.227  13.217  38.436 0.0000000000
91196  -24.318  13.259  38.964 0.0000000000
91207  -22.075  13.831  37.706 0.0000000000
91208  -22.764  13.596  37.725 0.0000000000
91209  -23.612  13.788  37.741 0.0000000000
91221  -22.378  13.836  37.127 0.0000000000
91222  -22.995  13.812  37.082 0.0000000000
91223  -23.357  14.007  37.158 0.0000000000
92129  -20.650  14.814  43.164 0.0000000000
92136  -20.906  14.822  42.253 0.0000000000
92145  -21.002  14.745  41.405 0.0000000000
92151  -21.165  14.631  40.550 0.0000000000
92155  -21.357  14.606  39.643 0.0000000000
92163  -21.477  14.559  38.714 0.0000000000
92170  -21.588  14.425  37.790 0.0000000000
92171  -23.592  14.102  37.200 0.0000000000
92172  -24.143  14.262  37.273 0.0000000000
92180  -21.831  14.281  36.848 0.0000000000
92181  -22.515  14.154  36.563 0.0000000000
92182  -23.390  14.253  36.619 0.0000000000
92191  -22.079  14.465  36.133 0.0000000000
92192  -22.669  14.603  35.831 0.0000000000
92193  -23.618  14.751  35.629 0.0000000000
92201  -22.962  15.114  35.047 0.0000000000
92202  -23.745  15.332  34.778 0.0000000000
92210  -23.169  15.240  34.393 0.0000000000
92211  -23.466  15.375  34.275 0.0000000000
93169  -21.198  15.576  42.857 0.0000000000
93177  -21.231  15.552  41.882 0.0000000000
93185  -21.169  15.533  40.929 0.0000000000
93193  -21.202  15.475  39.978 0.0000000000
93203  -21.254  15.378  39.013 0.0000000000
93210  -21.292  15.215  38.053 0.0000000000
93217  -21.355  15.045  37.069 0.0000000000
93224  -21.648  15.039  35.970 0.0000000000
93225  -22.104  14.744  35.767 0.0000000000
93234  -21.775  15.516  34.970 0.0000000000
93235  -22.260  15.108  35.328 0.0000000000
93236  -23.742  15.501  34.171 0.0000000000
93247  -21.734  15.622  34.263 0.0000000000
93248  -22.405  15.347  34.244 0.0000000000
93249  -23.299  15.440  33.804 0.0000000000
93250  -23.899  15.758  33.756 0.0000000000
94179  -21.650  16.438  42.354 0.0000000000
94187  -21.409  16.447  41.324 0.0000000000
94194  -21.254  16.429  40.340 0.0000000000
94201  -21.232  16.321  39.348 0.0000000000
94208  -20.970  16.538  37.759 0.0000000000
94209  -21.173  16.161  38.350 0.0000000000
94216  -20.938  16.591  37.006 0.0000000000
94217  -21.195  15.895  37.450 0.0000000000
94224  -20.749  16.499  36.012 0.0000000000
94225  -21.213  15.824  36.492 0.0000000000
94232  -20.781  16.500  35.006 0.0000000000
94233  -21.235  15.878  35.488 0.0000000000
94239  -20.803  16.456  34.031 0.0000000000
94240  -21.274  15.932  34.517 0.0000000000
94248  -20.973  16.744  33.192 0.0000000000
94249  -21.664  16.018  33.447 0.0000000000
94250  -22.737  15.764  33.132 0.0000000000
94251  -23.648  15.987  33.119 0.0000000000
94259  -20.901  17.009  32.672 0.0000000000
94260  -21.348  16.645  32.219 0.0000000000
94261  -22.262  16.047  32.167 0.0000000000
94262  -23.259  16.249  32.259 0.0000000000
94263  -24.274  16.628  32.455 0.0000000000
94269  -21.536  16.922  31.514 0.0000000000
94270  -22.031  16.736  31.265 0.0000000000
94271  -22.892  16.464  31.364 0.0000000000
94272  -23.796  16.780  31.487 0.0000000000
94279  -22.243  17.125  30.812 0.0000000000
94280  -22.601  17.053  30.850 0.0000000000
94281  -23.297  16.947  30.855 0.0000000000
95232  -21.651  17.458  41.700 0.0000000000
95240  -21.345  17.380  40.720 0.0000000000
95246  -20.775  18.093  39.400 0.0000000000
95247  -21.080  17.453  39.705 0.0000000000
95252  -20.723  17.828  38.793 0.0000000000
95253  -21.054  16.999  38.676 0.0000000000
95258  -20.548  17.269  37.793 0.0000000000
95259  -20.917  16.736  38.161 0.0000000000
95267  -20.447  17.275  36.549 0.0000000000
95275  -20.407  17.215  35.489 0.0000000000
95282  -20.450  17.157  34.504 0.0000000000
95289  -20.566  17.085  33.725 0.0000000000
95297  -20.614  17.352  33.082 0.0000000000
95305  -20.681  17.370  32.204 0.0000000000
95306  -21.173  17.158  31.620 0.0000000000
95315  -20.790  17.765  31.257 0.0000000000
95316  -21.580  17.351  31.036 0.0000000000
95317  -22.000  17.174  30.829 0.0000000000
95325  -20.706  18.204  30.753 0.0000000000
95326  -21.082  17.939  30.345 0.0000000000
95327  -22.048  17.569  30.262 0.0000000000
95328  -23.031  17.676  30.654 0.0000000000
95329  -24.007  17.445  30.715 0.0000000000
95337  -21.056  18.214  29.884 0.0000000000
95338  -21.383  18.148  29.863 0.0000000000
96246  -20.515  18.959  40.565 0.0000000000
96247  -21.130  18.507  40.985 0.0000000000
96254  -20.562  18.431  39.995 0.0000000000
96255  -21.042  17.945  40.361 0.0000000000
96262  -20.389  18.475  39.084 0.0000000000
96270  -19.532  18.971  37.833 0.0000000000
96271  -20.019  18.436  38.141 0.0000000000
96278  -19.635  18.843  37.207 0.0000000000
96279  -20.147  18.131  36.986 0.0000000000
96286  -19.674  18.705  36.260 0.0000000000
96287  -20.132  18.007  35.922 0.0000000000
96293  -19.712  18.622  35.293 0.0000000000
96294  -20.184  17.944  34.905 0.0000000000
96302  -19.764  18.594  34.341 0.0000000000
96303  -20.233  17.839  33.833 0.0000000000
96311  -19.806  18.679  33.390 0.0000000000
96312  -20.236  18.031  32.822 0.0000000000
96320  -19.835  18.774  32.470 0.0000000000
96321  -20.220  18.166  31.923 0.0000000000
96328  -19.937  18.820  31.767 0.0000000000
96329  -20.362  18.598  31.173 0.0000000000
96337  -20.574  18.604  30.362 0.0000000000
96338  -20.823  18.354  29.958 0.0000000000
96339  -22.627  18.543  30.271 0.0000000000
96340  -23.601  18.458  30.468 0.0000000000
96346  -20.680  18.691  29.931 0.0000000000
96347  -21.021  18.677  29.744 0.0000000000
96348  -21.794  18.732  29.642 0.0000000000
97303  -19.737  19.966  40.433 0.0000000000
97304  -20.075  19.303  40.186 0.0000000000
97310  -18.934  20.393  39.417 0.0000000000
97311  -19.424  19.887  39.616 0.0000000000
97312  -20.004  19.059  39.362 0.0000000000
97320  -18.693  20.091  38.865 0.0000000000
97321  -19.394  19.301  38.496 0.0000000000
97322  -19.973  18.830  38.777 0.0000000000
97329  -18.480  19.899  37.872 0.0000000000
97330  -19.049  19.294  37.469 0.0000000000
97337  -18.487  19.862  36.840 0.0000000000
97338  -19.084  19.270  36.535 0.0000000000
97346  -18.566  19.794  35.868 0.0000000000
97347  -19.164  19.215  35.595 0.0000000000
97355  -18.640  19.677  34.931 0.0000000000
97356  -19.259  19.176  34.709 0.0000000000
97362  -18.834  19.562  34.231 0.0000000000
97363  -19.323  19.233  33.878 0.0000000000
97370  -18.836  19.727  33.614 0.0000000000
97371  -19.312  19.490  32.955 0.0000000000
97377  -19.537  19.473  31.958 0.0000000000
97378  -19.977  19.229  31.403 0.0000000000
97386  -19.821  19.813  31.369 0.0000000000
97387  -20.216  19.449  30.789 0.0000000000
97388  -22.401  19.324  29.779 0.0000000000
97389  -23.052  19.431  30.291 0.0000000000
97395  -20.448  19.310  29.951 0.0000000000
97396  -21.063  19.573  29.565 0.0000000000
97397  -21.808  19.869  29.448 0.0000000000
98400  -19.218  20.938  40.484 0.0000000000
98407  -19.183  20.807  39.961 0.0000000000
98408  -19.475  20.325  40.155 0.0000000000
98416  -18.553  20.896  39.178 0.0000000000
98423  -18.275  20.794  38.239 0.0000000000
98429  -18.134  21.248  36.883 0.0000000000
98430  -18.205  20.869  37.156 0.0000000000
98438  -18.114  21.207  36.509 0.0000000000
98439  -18.277  20.555  36.206 0.0000000000
98446  -18.081  21.136  35.803 0.0000000000
98447  -18.247  20.561  35.188 0.0000000000
98452  -18.427  20.256  34.114 0.0000000000
98459  -18.665  20.369  33.034 0.0000000000
98460  -19.034  20.035  32.320 0.0000000000
98466  -18.740  20.679  32.190 0.0000000000
98467  -19.299  20.389  31.647 0.0000000000
98473  -19.916  20.474  31.010 0.0000000000
98474  -20.148  20.075  30.342 0.0000000000
98475  -22.541  20.222  29.689 0.0000000000
98483  -19.941  20.772  30.383 0.0000000000
98484  -20.351  20.437  29.829 0.0000000000
98485  -21.076  20.636  29.468 0.0000000000
98486  -21.843  20.922  29.400 0.0000000000
99483  -18.627  21.681  39.751 0.0000000000
99489  -17.885  22.161  38.323 0.0000000000
99490  -18.061  21.832  38.670 0.0000000000
99495  -17.871  22.043  37.930 0.0000000000
99496  -18.076  21.406  37.702 0.0000000000
99502  -17.983  21.676  37.053 0.0000000000
99503  -18.125  21.315  37.278 0.0000000000
99511  -17.839  21.774  36.108 0.0000000000
99517  -17.886  21.621  35.126 0.0000000000
99518  -18.137  21.068  34.411 0.0000000000
99523  -17.876  21.804  34.126 0.0000000000
99524  -18.254  21.138  33.588 0.0000000000
99530  -18.093  21.944  33.336 0.0000000000
99531  -18.394  21.433  32.619 0.0000000000
99536  -18.804  21.390  31.624 0.0000000000
99537  -19.387  20.934  31.269 0.0000000000
99542  -18.947  21.996  31.215 0.0000000000
99543  -19.469  21.469  30.844 0.0000000000
99544  -22.568  21.425  29.657 0.0000000000
99552  -19.718  21.372  30.041 0.0000000000
99553  -20.343  21.495  29.643 0.0000000000
99554  -21.113  21.643  29.370 0.0000000000
99555  -21.794  21.809  29.342 0.0000000000
100543  -18.604  22.482  40.464 0.0000000000
100551  -17.831  22.966  39.055 0.0000000000
100552  -18.184  22.637  39.508 0.0000000000
100559  -17.762  22.644  38.404 0.0000000000
100560  -17.913  22.498  38.919 0.0000000000
100566  -17.664  22.652  37.513 0.0000000000
100572  -17.597  22.579  36.605 0.0000000000
100580  -17.528  22.528  35.671 0.0000000000
100587  -17.553  22.549  34.713 0.0000000000
100593  -17.651  22.651  33.738 0.0000000000
100600  -17.994  22.610  32.614 0.0000000000
100601  -18.303  21.945  32.061 0.0000000000
100607  -17.881  22.996  31.954 0.0000000000
100608  -18.364  22.479  31.569 0.0000000000
100614  -18.908  22.504  30.713 0.0000000000
100615  -19.361  21.943  30.318 0.0000000000
100624  -18.802  22.984  30.214 0.0000000000
100625  -19.435  22.436  29.873 0.0000000000
100626  -20.407  22.494  29.522 0.0000000000
100627  -21.255  22.560  29.380 0.0000000000
100628  -22.069  22.525  29.415 0.0000000000
101537  -19.872  23.437  42.306 0.0000000000
101538  -20.283  23.792  42.824 0.0000000000
101545  -18.653  23.401  41.042 0.0000000000
101546  -19.242  23.434  41.699 0.0000000000
101553  -18.420  23.484  40.164 0.0000000000
101561  -17.632  23.575  38.830 0.0000000000
101562  -17.972  23.577  39.495 0.0000000000
101570  -17.468  23.527  38.026 0.0000000000
101580  -17.405  23.508  37.130 0.0000000000
101587  -17.262  23.404  36.230 0.0000000000
101593  -17.247  23.354  35.318 0.0000000000
101600  -16.918  24.179  34.190 0.0000000000
101601  -17.239  23.406  34.385 0.0000000000
101608  -16.980  24.284  33.699 0.0000000000
101609  -17.353  23.702  33.375 0.0000000000
101618  -17.550  23.578  32.290 0.0000000000
101624  -17.924  23.445  31.490 0.0000000000
101625  -18.425  23.028  31.132 0.0000000000
101631  -17.836  24.032  31.211 0.0000000000
101632  -18.400  23.600  30.737 0.0000000000
101640  -18.879  23.536  29.932 0.0000000000
101641  -19.729  23.422  29.634 0.0000000000
101642  -20.629  23.423  29.462 0.0000000000
101643  -21.501  23.452  29.436 0.0000000000
102439  -20.811  24.519  43.712 0.0000000000
102447  -20.003  24.421  42.660 0.0000000000
102448  -20.435  24.492  43.090 0.0000000000
102457  -18.925  24.355  41.422 0.0000000000
102458  -19.482  24.414  42.099 0.0000000000
102466  -18.553  24.342  40.690 0.0000000000
102476  -17.750  24.418  39.293 0.0000000000
102477  -18.268  24.423  39.923 0.0000000000
102485  -17.449  24.415  38.546 0.0000000000
102496  -17.280  24.473  37.685 0.0000000000
102508  -16.867  24.819  36.321 0.0000000000
102509  -17.143  24.439  36.749 0.0000000000
102516  -16.722  24.859  35.678 0.0000000000
102517  -16.959  24.139  35.902 0.0000000000
102524  -16.672  24.889  34.792 0.0000000000
102525  -16.989  24.144  35.044 0.0000000000
102533  -16.666  24.848  33.880 0.0000000000
102534  -17.032  24.450  33.367 0.0000000000
102543  -16.872  25.024  33.144 0.0000000000
102544  -17.194  24.380  32.724 0.0000000000
102554  -16.901  24.995  32.465 0.0000000000
102555  -17.267  24.457  31.730 0.0000000000
102565  -17.819  24.603  30.946 0.0000000000
102566  -18.429  24.515  30.289 0.0000000000
102580  -19.161  24.375  29.765 0.0000000000
102581  -20.017  24.273  29.547 0.0000000000
102582  -20.901  24.306  29.444 0.0000000000
103266  -21.012  25.394  44.152 0.0000000000
103267  -21.548  25.331  44.840 0.0000000000
103275  -20.128  25.801  42.952 0.0000000000
103276  -20.458  25.542  43.286 0.0000000000
103282  -19.830  25.410  42.638 0.0000000000
103283  -20.205  24.975  42.900 0.0000000000
103291  -18.680  25.112  41.118 0.0000000000
103292  -19.100  25.420  41.792 0.0000000000
103299  -18.410  25.262  40.465 0.0000000000
103309  -17.524  25.156  39.025 0.0000000000
103310  -17.967  25.415  39.691 0.0000000000
103321  -17.227  25.387  38.315 0.0000000000
103332  -16.810  25.888  37.005 0.0000000000
103333  -16.976  25.577  37.311 0.0000000000
103350  -16.691  25.606  36.491 0.0000000000
103351  -16.962  25.117  36.712 0.0000000000
103364  -16.453  25.678  35.444 0.0000000000
103370  -16.387  25.687  34.477 0.0000000000
103380  -16.481  25.698  33.584 0.0000000000
103389  -16.710  25.695  32.800 0.0000000000
103401  -16.822  25.542  32.001 0.0000000000
103402  -17.244  25.468  31.237 0.0000000000
103412  -17.883  25.497  30.610 0.0000000000
103413  -18.760  25.463  30.151 0.0000000000
103414  -19.618  25.736  30.069 0.0000000000
103415  -20.554  25.736  30.105 0.0000000000
103424  -19.532  25.000  29.749 0.0000000000
103425  -20.277  25.057  29.642 0.0000000000
103426  -21.168  25.066  29.615 0.0000000000
103981  -19.496  26.373  47.229 0.0000000000
103982  -19.894  26.570  47.516 0.0000000000
103989  -17.880  26.881  46.778 0.0000000000
103990  -18.588  26.350  46.906 0.0000000000
103991  -19.120  26.126  47.067 0.0000000000
103992  -20.507  26.752  47.348 0.0000000000
103998  -15.927  26.877  46.095 0.0000000000
103999  -16.735  26.495  46.309 0.0000000000
104000  -17.534  26.302  46.554 0.0000000000
104001  -18.115  26.126  46.720 0.0000000000
104002  -21.922  26.450  46.150 0.0000000000
104007  -13.921  27.001  45.036 0.0000000000
104008  -14.746  26.714  45.281 0.0000000000
104009  -15.600  26.358  45.500 0.0000000000
104010  -16.246  26.244  45.890 0.0000000000
104011  -21.672  26.197  45.219 0.0000000000
104021  -20.809  26.381  44.015 0.0000000000
104022  -21.282  26.040  44.585 0.0000000000
104030  -20.029  26.425  42.971 0.0000000000
104031  -20.458  26.357  43.450 0.0000000000
104034  -18.873  26.888  41.874 0.0000000000
104035  -19.368  26.269  42.265 0.0000000000
104043  -18.521  26.175  41.160 0.0000000000
104044  -18.972  26.191  41.770 0.0000000000
104053  -18.227  26.060  40.284 0.0000000000
104061  -17.392  26.174  39.141 0.0000000000
104062  -17.917  26.349  39.804 0.0000000000
104071  -16.734  26.877  37.648 0.0000000000
104072  -16.868  26.561  38.057 0.0000000000
104081  -16.713  26.488  37.168 0.0000000000
104082  -16.817  26.200  37.540 0.0000000000
104097  -16.358  26.556  36.078 0.0000000000
104117  -16.247  26.573  35.036 0.0000000000
104129  -16.256  26.550  34.064 0.0000000000
104142  -16.441  26.496  33.180 0.0000000000
104151  -16.698  26.400  32.396 0.0000000000
104159  -16.908  26.353  31.626 0.0000000000
104160  -17.326  26.407  30.912 0.0000000000
104161  -20.940  26.929  31.142 0.0000000000
104162  -21.425  26.842  31.266 0.0000000000
104170  -18.055  26.476  30.513 0.0000000000
104171  -18.896  26.569  30.409 0.0000000000
104172  -19.824  26.598  30.461 0.0000000000
104173  -20.834  26.591  30.806 0.0000000000
104703  -19.724  26.541  47.198 0.0000000000
104704  -19.762  26.546  47.270 0.0000000000
104715  -13.875  27.880  46.920 0.0000000000
104716  -14.818  27.854  47.028 0.0000000000
104717  -15.748  27.870  47.066 0.0000000000
104718  -16.642  27.885  46.961 0.0000000000
104719  -17.485  27.764  46.877 0.0000000000
104720  -18.306  27.445  46.973 0.0000000000
104721  -19.248  26.919  47.205 0.0000000000
104722  -20.223  27.082  47.179 0.0000000000
104723  -20.743  26.956  47.168 0.0000000000
104731  -13.554  27.609  46.362 0.0000000000
104732  -14.496  27.530  46.441 0.0000000000
104733  -15.413  27.466  46.522 0.0000000000
104734  -16.301  27.368  46.554 0.0000000000
104735  -17.132  27.164  46.642 0.0000000000
104736  -20.742  27.590  46.702 0.0000000000
104737  -21.218  27.223  46.572 0.0000000000
104745  -14.183  27.254  45.777 0.0000000000
104746  -15.089  27.109  45.892 0.0000000000
104747  -21.076  27.670  45.040 0.0000000000
104748  -21.558  27.081  45.540 0.0000000000
104755  -20.803  27.417  44.256 0.0000000000
104756  -21.260  26.827  44.747 0.0000000000
104759  -20.002  27.652  43.148 0.0000000000
104760  -20.446  27.036  43.588 0.0000000000
104763  -18.833  27.960  42.040 0.0000000000
104764  -19.431  27.272  42.494 0.0000000000
104769  -18.441  27.497  41.256 0.0000000000
104775  -18.082  27.041  40.365 0.0000000000
104782  -17.263  27.430  38.951 0.0000000000
104783  -17.669  26.988  39.626 0.0000000000
104789  -16.706  27.591  37.631 0.0000000000
104790  -16.914  27.459  38.302 0.0000000000
104797  -16.448  27.556  36.560 0.0000000000
104807  -16.252  27.531  35.523 0.0000000000
104823  -16.237  27.486  34.511 0.0000000000
104833  -16.301  27.404  33.545 0.0000000000
104843  -16.556  27.260  32.685 0.0000000000
104844  -21.949  27.777  33.156 0.0000000000
104855  -16.846  27.042  32.047 0.0000000000
104856  -21.109  27.836  31.901 0.0000000000
104857  -21.562  27.590  32.485 0.0000000000
104864  -17.036  27.225  31.389 0.0000000000
104865  -17.515  27.349  30.768 0.0000000000
104866  -19.252  28.015  30.889 0.0000000000
104867  -19.681  27.895  30.966 0.0000000000
104868  -20.656  27.426  31.272 0.0000000000
104869  -21.545  27.208  31.812 0.0000000000
104876  -18.221  27.451  30.555 0.0000000000
104877  -19.077  27.655  30.726 0.0000000000
104878  -20.101  27.247  30.796 0.0000000000
104879  -20.509  27.082  30.963 0.0000000000
105442  -14.213  28.408  47.161 0.0000000000
105443  -15.154  28.431  47.357 0.0000000000
105444  -16.101  28.483  47.315 0.0000000000
105445  -16.980  28.507  47.094 0.0000000000
105446  -17.837  28.393  47.032 0.0000000000
105447  -18.762  28.257  46.950 0.0000000000
105448  -19.616  27.802  46.897 0.0000000000
105452  -19.414  28.569  46.637 0.0000000000
105453  -20.308  28.219  46.483 0.0000000000
105454  -21.009  27.889  46.283 0.0000000000
105456  -20.804  28.355  45.562 0.0000000000
105457  -21.298  27.708  45.781 0.0000000000
105460  -20.180  29.302  44.129 0.0000000000
105461  -20.541  28.564  44.508 0.0000000000
105463  -20.015  28.777  43.525 0.0000000000
105464  -20.425  27.913  43.772 0.0000000000
105466  -18.976  29.048  42.067 0.0000000000
105467  -19.450  28.398  42.680 0.0000000000
105469  -18.555  28.640  41.336 0.0000000000
105473  -18.173  28.268  40.548 0.0000000000
105480  -17.458  28.626  39.125 0.0000000000
105481  -17.773  27.921  39.751 0.0000000000
105491  -16.740  28.907  37.772 0.0000000000
105492  -17.033  28.244  38.399 0.0000000000
105500  -16.506  28.641  36.891 0.0000000000
105513  -16.330  28.542  35.904 0.0000000000
105528  -16.249  28.470  34.891 0.0000000000
105542  -16.331  28.373  33.889 0.0000000000
105543  -21.860  28.694  34.197 0.0000000000
105555  -16.435  28.238  32.893 0.0000000000
105556  -20.988  28.747  33.186 0.0000000000
105557  -21.610  28.421  33.520 0.0000000000
105558  -22.217  28.045  33.824 0.0000000000
105570  -16.924  27.948  32.048 0.0000000000
105571  -20.056  28.677  32.151 0.0000000000
105572  -20.833  28.314  32.481 0.0000000000
105573  -21.321  28.110  33.020 0.0000000000
105586  -17.263  28.114  31.258 0.0000000000
105587  -17.729  28.214  30.728 0.0000000000
105588  -19.068  28.424  31.061 0.0000000000
105589  -19.905  28.332  31.445 0.0000000000
105590  -20.551  28.186  31.799 0.0000000000
105602  -18.300  28.236  30.663 0.0000000000
105603  -18.658  28.306  30.794 0.0000000000
106190  -14.545  29.060  47.183 0.0000000000
106191  -15.490  29.134  47.432 0.0000000000
106192  -16.439  29.162  47.378 0.0000000000
106193  -17.308  29.131  47.154 0.0000000000
106194  -18.071  29.022  47.005 0.0000000000
106204  -14.919  29.681  46.928 0.0000000000
106205  -15.809  29.840  47.246 0.0000000000
106206  -16.741  29.846  47.174 0.0000000000
106207  -17.628  29.751  46.931 0.0000000000
106208  -18.696  29.440  46.584 0.0000000000
106209  -19.661  29.064  46.325 0.0000000000
106218  -19.422  29.797  45.890 0.0000000000
106219  -20.207  29.114  45.758 0.0000000000
106228  -19.934  29.834  44.841 0.0000000000
106229  -20.408  28.982  45.160 0.0000000000
106236  -19.807  29.864  43.750 0.0000000000
106239  -18.994  29.944  42.083 0.0000000000
106240  -19.370  29.620  42.854 0.0000000000
106244  -18.671  29.686  41.399 0.0000000000
106248  -18.326  29.338  40.659 0.0000000000
106253  -17.566  29.558  39.233 0.0000000000
106254  -17.971  29.127  39.856 0.0000000000
106263  -16.870  29.831  37.831 0.0000000000
106264  -17.156  29.428  38.517 0.0000000000
106277  -16.611  29.685  37.127 0.0000000000
106293  -16.456  29.568  36.204 0.0000000000
106294  -22.635  29.650  36.413 0.0000000000
106309  -16.358  29.471  35.212 0.0000000000
106310  -21.966  29.806  35.119 0.0000000000
106311  -22.506  29.391  35.566 0.0000000000
106325  -16.445  29.362  34.198 0.0000000000
106326  -21.614  29.440  34.462 0.0000000000
106327  -22.263  29.091  34.803 0.0000000000
106328  -23.593  30.322  33.893 0.0000000000
106337  -16.521  29.213  33.208 0.0000000000
106338  -20.776  29.580  33.318 0.0000000000
106339  -21.331  29.133  33.773 0.0000000000
106349  -16.940  29.084  32.210 0.0000000000
106350  -17.377  29.459  31.918 0.0000000000
106351  -18.711  29.561  32.166 0.0000000000
106352  -19.589  29.398  32.419 0.0000000000
106353  -20.389  29.131  32.736 0.0000000000
106354  -22.809  29.809  32.000 0.0000000000
106364  -17.201  28.585  31.702 0.0000000000
106365  -17.595  29.086  31.286 0.0000000000
106366  -18.471  29.136  31.436 0.0000000000
106367  -19.200  28.804  31.891 0.0000000000
106377  -17.940  28.710  30.660 0.0000000000
106378  -18.361  28.826  30.804 0.0000000000
106998  -15.224  30.357  46.552 0.0000000000
106999  -16.096  30.551  47.073 0.0000000000
107000  -16.994  30.574  46.958 0.0000000000
107001  -17.845  30.475  46.577 0.0000000000
107002  -18.611  30.479  46.095 0.0000000000
107012  -19.164  30.666  45.451 0.0000000000
107023  -19.302  30.878  44.757 0.0000000000
107036  -19.424  30.790  44.026 0.0000000000
107049  -19.028  30.655  42.535 0.0000000000
107050  -19.325  30.604  43.299 0.0000000000
107061  -18.742  30.660  41.657 0.0000000000
107071  -18.164  30.838  40.127 0.0000000000
107072  -18.334  30.447  40.662 0.0000000000
107079  -17.923  30.333  39.688 0.0000000000
107080  -18.160  29.818  40.204 0.0000000000
107087  -17.125  30.553  38.265 0.0000000000
107088  -17.418  30.240  38.925 0.0000000000
107089  -22.783  31.303  38.067 0.0000000000
107090  -23.417  31.126  38.229 0.0000000000
107101  -16.833  30.576  37.433 0.0000000000
107102  -22.560  30.827  37.420 0.0000000000
107103  -23.099  30.693  37.728 0.0000000000
107113  -16.663  30.556  36.506 0.0000000000
107114  -21.672  30.745  36.306 0.0000000000
107115  -22.279  30.357  36.751 0.0000000000
107116  -22.896  30.116  37.167 0.0000000000
107126  -16.593  30.475  35.493 0.0000000000
107127  -21.587  30.466  35.446 0.0000000000
107128  -22.101  30.054  35.940 0.0000000000
107129  -23.672  31.250  35.141 0.0000000000
107137  -16.603  30.300  34.509 0.0000000000
107138  -19.958  30.935  34.196 0.0000000000
107139  -20.754  30.561  34.418 0.0000000000
107140  -21.390  30.177  34.716 0.0000000000
107141  -22.897  31.080  33.987 0.0000000000
107142  -23.425  30.855  34.340 0.0000000000
107150  -16.852  30.237  33.443 0.0000000000
107151  -17.728  30.748  33.061 0.0000000000
107152  -18.662  30.829  33.125 0.0000000000
107153  -19.590  30.667  33.345 0.0000000000
107154  -20.399  30.308  33.669 0.0000000000
107155  -21.099  29.906  34.014 0.0000000000
107156  -22.672  30.772  33.204 0.0000000000
107157  -23.213  30.496  33.549 0.0000000000
107164  -16.818  29.709  32.741 0.0000000000
107165  -17.340  30.008  32.304 0.0000000000
107166  -18.267  30.342  32.368 0.0000000000
107167  -19.179  30.216  32.626 0.0000000000
107168  -20.121  30.036  32.831 0.0000000000
107169  -21.893  30.930  32.047 0.0000000000
107170  -22.466  30.500  32.423 0.0000000000
107171  -23.004  30.132  32.778 0.0000000000
107178  -17.587  29.578  31.842 0.0000000000
107179  -17.983  29.741  31.785 0.0000000000
107181  -22.272  30.254  31.630 0.0000000000
107808  -15.662  30.963  46.536 0.0000000000
107809  -16.287  31.262  46.760 0.0000000000
107810  -17.152  31.324  46.607 0.0000000000
107811  -17.947  31.278  46.224 0.0000000000
107812  -18.528  31.193  45.747 0.0000000000
107814  -15.562  31.595  46.017 0.0000000000
107815  -16.385  31.967  46.288 0.0000000000
107816  -17.261  32.050  46.148 0.0000000000
107817  -18.056  31.925  45.701 0.0000000000
107818  -18.723  31.521  45.088 0.0000000000
107820  -19.000  31.454  44.343 0.0000000000
107822  -18.812  31.720  43.452 0.0000000000
107823  -18.913  31.538  43.699 0.0000000000
107827  -18.957  31.487  43.120 0.0000000000
107828  -19.168  31.111  43.534 0.0000000000
107831  -18.811  31.578  42.168 0.0000000000
107836  -18.277  31.243  40.411 0.0000000000
107837  -18.578  31.606  41.133 0.0000000000
107842  -18.051  31.317  39.811 0.0000000000
107843  -22.523  31.937  38.511 0.0000000000
107844  -22.754  31.957  38.615 0.0000000000
107848  -17.239  31.080  38.332 0.0000000000
107849  -17.541  31.290  38.827 0.0000000000
107850  -21.881  32.106  38.156 0.0000000000
107851  -22.308  31.951  38.391 0.0000000000
107852  -23.053  31.799  38.532 0.0000000000
107853  -23.620  31.863  38.279 0.0000000000
107862  -17.139  31.386  37.895 0.0000000000
107863  -17.431  31.972  38.212 0.0000000000
107864  -21.749  32.060  37.778 0.0000000000
107865  -22.090  31.442  37.656 0.0000000000
107866  -23.684  32.325  37.297 0.0000000000
107867  -23.882  32.067  37.646 0.0000000000
107875  -16.892  31.410  36.918 0.0000000000
107876  -20.923  32.268  36.431 0.0000000000
107877  -21.434  31.790  36.716 0.0000000000
107878  -22.002  31.014  36.999 0.0000000000
107879  -23.657  32.160  36.828 0.0000000000
107880  -23.933  31.830  36.684 0.0000000000
107888  -16.942  31.552  35.846 0.0000000000
107889  -17.321  32.053  35.106 0.0000000000
107890  -19.567  32.455  35.256 0.0000000000
107891  -20.477  32.082  35.744 0.0000000000
107892  -21.181  31.214  35.663 0.0000000000
107893  -22.759  32.034  35.136 0.0000000000
107894  -23.361  31.858  35.891 0.0000000000
107895  -23.872  31.503  35.900 0.0000000000
107902  -16.949  31.257  34.703 0.0000000000
107903  -17.690  31.985  34.353 0.0000000000
107904  -18.650  32.002  34.256 0.0000000000
107905  -19.626  31.802  34.687 0.0000000000
107906  -20.590  31.306  34.876 0.0000000000
107907  -21.198  30.822  34.950 0.0000000000
107908  -22.528  31.689  34.374 0.0000000000
107909  -23.147  31.446  34.807 0.0000000000
107918  -16.837  30.807  34.072 0.0000000000
107919  -17.296  31.170  33.806 0.0000000000
107920  -18.161  31.433  33.657 0.0000000000
107921  -19.080  31.270  33.889 0.0000000000
107922  -21.690  31.809  33.272 0.0000000000
107923  -22.318  31.406  33.599 0.0000000000
107931  -21.492  31.565  32.485 0.0000000000
107932  -22.062  31.126  32.854 0.0000000000
108599  -16.493  32.601  45.720 0.0000000000
108600  -17.309  32.572  45.471 0.0000000000
108601  -18.056  32.353  44.928 0.0000000000
108602  -18.524  31.876  44.497 0.0000000000
108604  -18.253  32.334  44.191 0.0000000000
108605  -18.626  31.820  43.974 0.0000000000
108607  -18.610  32.154  43.528 0.0000000000
108608  -18.639  31.786  43.682 0.0000000000
108611  -18.782  32.418  42.723 0.0000000000
108616  -18.790  32.570  41.829 0.0000000000
108621  -18.315  31.984  40.334 0.0000000000
108622  -18.668  32.719  40.914 0.0000000000
108625  -18.006  32.205  39.563 0.0000000000
108626  -22.623  32.148  38.519 0.0000000000
108627  -22.901  32.198  38.595 0.0000000000
108630  -17.725  32.496  38.730 0.0000000000
108631  -21.797  32.487  38.054 0.0000000000
108632  -22.451  32.656  38.317 0.0000000000
108633  -23.272  32.385  38.356 0.0000000000
108634  -23.783  32.272  38.106 0.0000000000
108641  -17.318  32.024  37.798 0.0000000000
108642  -17.487  32.664  37.834 0.0000000000
108643  -20.867  32.960  36.997 0.0000000000
108644  -21.267  32.720  37.223 0.0000000000
108645  -22.905  33.020  37.899 0.0000000000
108646  -23.510  32.487  37.683 0.0000000000
108647  -23.815  32.283  37.858 0.0000000000
108656  -17.189  32.094  37.303 0.0000000000
108657  -17.373  32.872  36.898 0.0000000000
108658  -20.658  32.830  36.529 0.0000000000
108659  -21.088  32.399  36.724 0.0000000000
108660  -22.892  33.047  37.064 0.0000000000
108661  -23.311  32.524  36.885 0.0000000000
108670  -17.128  32.156  36.534 0.0000000000
108671  -17.461  32.754  35.815 0.0000000000
108672  -18.052  33.205  35.170 0.0000000000
108673  -18.980  33.036  35.215 0.0000000000
108674  -19.832  33.044  35.775 0.0000000000
108675  -21.965  33.210  35.605 0.0000000000
108676  -22.529  32.852  35.920 0.0000000000
108677  -23.242  32.316  36.406 0.0000000000
108685  -17.698  32.585  34.966 0.0000000000
108686  -18.324  32.572  34.748 0.0000000000
108687  -19.012  32.380  34.820 0.0000000000
108688  -21.656  33.165  35.024 0.0000000000
108689  -22.106  32.386  34.707 0.0000000000
108700  -21.929  31.944  33.980 0.0000000000
109356  -16.571  33.154  45.099 0.0000000000
109357  -17.312  32.990  44.856 0.0000000000
109358  -17.794  32.841  44.439 0.0000000000
109361  -16.791  33.452  44.671 0.0000000000
109362  -17.301  33.444  44.299 0.0000000000
109363  -18.025  33.117  43.835 0.0000000000
109366  -18.419  33.135  43.178 0.0000000000
109370  -18.606  33.395  42.463 0.0000000000
109376  -18.716  33.611  41.596 0.0000000000
109382  -18.340  32.799  40.179 0.0000000000
109383  -18.562  33.750  40.580 0.0000000000
109386  -18.086  33.347  39.517 0.0000000000
109387  -18.323  34.292  39.916 0.0000000000
109388  -21.645  33.571  38.059 0.0000000000
109389  -21.844  33.605  38.202 0.0000000000
109393  -17.755  33.519  38.478 0.0000000000
109394  -21.069  33.610  37.427 0.0000000000
109395  -21.522  33.391  37.770 0.0000000000
109396  -22.253  33.508  38.016 0.0000000000
109402  -17.627  33.669  37.506 0.0000000000
109403  -20.824  33.441  37.088 0.0000000000
109404  -21.175  33.145  37.390 0.0000000000
109405  -22.461  33.606  37.404 0.0000000000
109414  -17.755  33.726  36.534 0.0000000000
109415  -18.292  34.041  36.095 0.0000000000
109416  -19.035  34.066  35.998 0.0000000000
109417  -19.814  33.717  36.346 0.0000000000
109418  -21.915  33.951  36.316 0.0000000000
109419  -22.195  33.693  36.565 0.0000000000
109428  -17.960  33.528  35.796 0.0000000000
109429  -18.593  33.592  35.642 0.0000000000
109430  -19.335  33.506  35.785 0.0000000000
109431  -19.666  33.420  35.966 0.0000000000
109432  -21.776  33.695  35.843 0.0000000000
109433  -22.177  33.410  36.106 0.0000000000
110121  -16.433  33.620  44.750 0.0000000000
110126  -17.442  34.139  43.582 0.0000000000
110127  -18.016  33.586  43.391 0.0000000000
110130  -17.659  34.653  42.930 0.0000000000
110131  -18.141  33.942  43.022 0.0000000000
110136  -17.759  35.032  42.607 0.0000000000
110137  -18.265  34.496  42.311 0.0000000000
110145  -18.547  34.597  41.438 0.0000000000
110150  -18.490  34.883  40.616 0.0000000000
110154  -17.986  34.379  39.128 0.0000000000
110155  -18.261  35.124  39.770 0.0000000000
110156  -21.664  33.817  38.035 0.0000000000
110157  -21.998  34.064  38.247 0.0000000000
110161  -17.827  34.524  38.165 0.0000000000
110162  -20.928  34.077  37.373 0.0000000000
110163  -21.501  34.315  37.661 0.0000000000
110164  -22.181  34.176  37.697 0.0000000000
110169  -17.868  34.597  37.237 0.0000000000
110170  -18.311  34.936  36.904 0.0000000000
110171  -18.993  35.019  36.755 0.0000000000
110172  -19.964  34.603  36.869 0.0000000000
110173  -21.743  34.666  37.306 0.0000000000
110174  -22.157  34.184  37.053 0.0000000000
110181  -18.108  34.411  36.596 0.0000000000
110182  -18.658  34.510  36.437 0.0000000000
110183  -19.369  34.387  36.458 0.0000000000
110184  -19.721  34.245  36.547 0.0000000000
110185  -21.666  34.403  36.586 0.0000000000
110186  -22.054  34.123  36.736 0.0000000000
110940  -17.944  35.508  42.325 0.0000000000
110941  -18.340  35.086  41.923 0.0000000000
110948  -18.033  36.134  42.161 0.0000000000
110949  -18.327  35.688  41.508 0.0000000000
110953  -18.373  35.836  40.460 0.0000000000
110957  -18.053  35.426  38.843 0.0000000000
110958  -18.247  35.922  39.642 0.0000000000
110962  -18.041  35.426  37.862 0.0000000000
110963  -18.319  35.849  37.794 0.0000000000
110964  -20.583  35.166  37.467 0.0000000000
110965  -21.213  35.384  37.559 0.0000000000
110969  -18.121  35.177  37.321 0.0000000000
110970  -18.531  35.546  37.413 0.0000000000
110971  -19.236  35.486  37.184 0.0000000000
110972  -19.820  35.473  37.325 0.0000000000
110973  -21.462  35.471  37.119 0.0000000000
111716  -18.085  36.722  41.893 0.0000000000
111717  -18.246  36.691  41.045 0.0000000000
111720  -18.302  36.680  40.096 0.0000000000
111722  -18.185  35.966  38.336 0.0000000000
111723  -18.212  36.492  39.034 0.0000000000
111725  -18.218  35.961  37.992 0.0000000000
111726  -18.601  36.400  38.009 0.0000000000
111727  -19.570  36.663  37.843 0.0000000000
111728  -20.497  36.346  37.746 0.0000000000
111732  -18.881  35.913  37.502 0.0000000000
111733  -19.324  36.026  37.548 0.0000000000
111734  -19.974  35.965  37.569 0.0000000000
112388  -18.169  37.574  41.512 0.0000000000
112395  -18.375  37.577  40.661 0.0000000000
112398  -18.490  37.469  39.646 0.0000000000
112402  -18.539  37.206  38.812 0.0000000000
