#!ascii label  , from subject cvs_avg35_inMNI152 vox2ras=TkReg
518
45890  -51.961  -25.211  15.113 0.0000000000
45892  -53.528  -25.465  15.534 0.0000000000
47039  -52.462  -24.853  15.186 0.0000000000
47040  -53.123  -24.837  15.351 0.0000000000
47041  -54.012  -24.633  15.596 0.0000000000
47051  -51.032  -24.462  14.523 0.0000000000
47052  -51.924  -24.500  14.805 0.0000000000
47053  -52.796  -24.321  14.963 0.0000000000
47054  -53.451  -24.301  15.163 0.0000000000
48171  -53.983  -24.033  15.078 0.0000000000
48172  -54.680  -23.999  15.260 0.0000000000
48173  -55.552  -23.950  15.313 0.0000000000
48182  -50.701  -23.846  14.195 0.0000000000
48183  -51.550  -23.844  14.264 0.0000000000
48184  -52.473  -23.795  14.354 0.0000000000
48185  -53.459  -23.776  14.533 0.0000000000
48186  -54.409  -23.633  14.555 0.0000000000
48187  -55.251  -23.573  14.644 0.0000000000
48188  -56.136  -23.537  14.580 0.0000000000
48199  -50.283  -23.460  13.665 0.0000000000
48200  -51.162  -23.462  13.595 0.0000000000
48201  -52.091  -23.428  13.584 0.0000000000
48202  -53.095  -23.363  13.539 0.0000000000
48203  -54.082  -23.288  13.762 0.0000000000
48204  -55.026  -23.277  13.899 0.0000000000
48205  -55.705  -23.317  14.085 0.0000000000
48212  -50.701  -23.087  12.943 0.0000000000
48213  -51.658  -23.132  12.840 0.0000000000
48214  -52.581  -23.145  12.816 0.0000000000
49331  -56.143  -23.251  13.987 0.0000000000
49332  -56.756  -23.211  13.973 0.0000000000
49342  -53.176  -23.137  12.824 0.0000000000
49343  -53.780  -23.112  12.873 0.0000000000
49344  -54.750  -23.047  12.989 0.0000000000
49345  -55.938  -23.130  13.233 0.0000000000
49346  -57.213  -22.990  12.988 0.0000000000
49353  -50.155  -22.688  12.319 0.0000000000
49354  -51.164  -22.793  12.149 0.0000000000
49355  -52.178  -22.802  12.125 0.0000000000
49356  -53.222  -22.807  12.219 0.0000000000
49357  -54.291  -22.691  12.139 0.0000000000
49358  -55.344  -22.696  12.112 0.0000000000
49359  -56.444  -22.618  12.041 0.0000000000
49360  -57.556  -22.475  11.869 0.0000000000
49369  -50.604  -22.246  11.633 0.0000000000
49370  -51.650  -22.277  11.585 0.0000000000
49371  -52.721  -22.255  11.587 0.0000000000
49372  -53.789  -22.304  11.459 0.0000000000
49373  -54.826  -22.326  11.263 0.0000000000
49374  -55.781  -22.450  11.139 0.0000000000
49375  -56.771  -22.331  10.976 0.0000000000
49376  -57.820  -22.205  10.776 0.0000000000
49384  -55.296  -22.177  10.671 0.0000000000
49385  -55.974  -22.152  10.290 0.0000000000
49386  -56.937  -21.805  10.263 0.0000000000
49387  -57.849  -21.478  10.358 0.0000000000
49388  -58.439  -21.259  10.346 0.0000000000
50490  -56.790  -21.867  17.624 0.0000000000
50491  -57.831  -21.827  17.528 0.0000000000
50508  -55.032  -21.611  16.943 0.0000000000
50509  -56.069  -21.607  16.774 0.0000000000
50510  -57.106  -21.806  16.594 0.0000000000
50511  -58.174  -21.681  16.515 0.0000000000
50523  -55.405  -21.383  15.984 0.0000000000
50524  -56.416  -21.459  15.719 0.0000000000
50525  -57.533  -21.574  15.534 0.0000000000
50533  -54.979  -21.189  15.406 0.0000000000
50534  -55.686  -21.100  15.039 0.0000000000
50535  -56.843  -21.216  14.406 0.0000000000
50536  -58.126  -21.300  14.519 0.0000000000
50546  -56.988  -21.056  13.254 0.0000000000
50547  -57.810  -21.015  13.552 0.0000000000
50548  -58.766  -21.067  13.515 0.0000000000
50552  -56.967  -20.769  12.324 0.0000000000
50553  -57.778  -20.778  12.617 0.0000000000
50554  -58.325  -20.825  12.963 0.0000000000
50559  -49.981  -21.498  11.258 0.0000000000
50560  -51.058  -21.538  11.395 0.0000000000
50561  -52.120  -21.524  11.412 0.0000000000
50562  -53.327  -21.528  11.174 0.0000000000
50563  -54.324  -21.899  10.869 0.0000000000
50564  -54.868  -22.044  10.721 0.0000000000
50565  -56.946  -20.753  11.338 0.0000000000
50566  -57.737  -20.677  11.688 0.0000000000
50573  -49.245  -21.176  10.938 0.0000000000
50574  -53.666  -21.160  11.010 0.0000000000
50575  -54.138  -21.288  10.822 0.0000000000
50576  -55.084  -21.569  10.512 0.0000000000
50577  -56.053  -21.338  10.032 0.0000000000
50578  -56.895  -20.923  10.327 0.0000000000
50579  -58.016  -20.840  10.732 0.0000000000
51704  -51.791  -19.982  17.307 0.0000000000
51705  -52.358  -20.327  17.815 0.0000000000
51718  -51.709  -19.857  16.895 0.0000000000
51719  -52.226  -20.220  16.548 0.0000000000
51720  -53.327  -20.688  16.966 0.0000000000
51721  -54.239  -21.105  17.377 0.0000000000
51730  -52.481  -20.085  15.423 0.0000000000
51731  -53.370  -20.477  15.691 0.0000000000
51732  -54.444  -20.964  16.152 0.0000000000
51738  -52.490  -19.798  14.899 0.0000000000
51739  -53.301  -19.900  14.483 0.0000000000
51740  -54.652  -20.686  14.652 0.0000000000
51741  -55.933  -20.663  14.076 0.0000000000
51742  -56.530  -20.832  13.730 0.0000000000
51747  -53.541  -19.733  13.273 0.0000000000
51748  -54.334  -20.217  13.324 0.0000000000
51749  -55.399  -20.553  13.220 0.0000000000
51750  -56.321  -20.682  13.119 0.0000000000
51754  -53.456  -19.697  12.710 0.0000000000
51755  -54.031  -20.020  12.290 0.0000000000
51756  -55.135  -20.298  12.186 0.0000000000
51757  -56.157  -20.419  12.168 0.0000000000
51758  -58.333  -20.696  12.546 0.0000000000
51759  -58.830  -20.764  12.546 0.0000000000
51763  -49.647  -20.673  10.982 0.0000000000
51764  -50.514  -20.679  11.243 0.0000000000
51765  -51.446  -20.806  11.435 0.0000000000
51766  -52.461  -20.590  11.444 0.0000000000
51767  -53.270  -20.339  11.513 0.0000000000
51768  -53.946  -20.298  11.564 0.0000000000
51769  -54.860  -20.442  11.360 0.0000000000
51770  -55.949  -20.543  11.076 0.0000000000
51771  -58.340  -20.619  12.058 0.0000000000
51772  -58.903  -20.678  11.701 0.0000000000
51776  -48.978  -20.613  10.355 0.0000000000
51777  -53.294  -21.081  11.240 0.0000000000
51778  -53.834  -20.789  11.091 0.0000000000
51779  -54.557  -20.811  10.861 0.0000000000
51780  -55.426  -20.851  10.553 0.0000000000
51781  -56.085  -20.783  10.280 0.0000000000
51782  -58.381  -20.673  11.377 0.0000000000
51783  -58.811  -20.776  11.005 0.0000000000
51791  -48.882  -20.032  9.655 0.0000000000
52855  -52.108  -19.693  18.682 0.0000000000
52864  -51.619  -19.420  17.241 0.0000000000
52865  -51.799  -19.543  17.916 0.0000000000
52875  -51.613  -19.530  16.516 0.0000000000
52876  -51.886  -19.861  15.874 0.0000000000
52886  -51.612  -19.301  15.762 0.0000000000
52887  -51.970  -19.702  15.199 0.0000000000
52894  -51.689  -19.092  15.042 0.0000000000
52895  -52.341  -19.386  14.513 0.0000000000
52896  -52.976  -19.344  13.847 0.0000000000
52900  -51.827  -18.853  14.431 0.0000000000
52901  -52.337  -18.890  13.707 0.0000000000
52902  -53.062  -19.312  13.078 0.0000000000
52905  -52.639  -18.835  12.733 0.0000000000
52906  -53.239  -19.616  12.313 0.0000000000
52907  -53.667  -20.037  11.990 0.0000000000
52910  -49.451  -20.238  10.689 0.0000000000
52911  -49.897  -19.901  11.010 0.0000000000
52912  -51.091  -19.608  11.320 0.0000000000
52913  -52.531  -19.212  11.734 0.0000000000
52914  -53.400  -19.998  11.859 0.0000000000
52915  -53.734  -20.219  11.839 0.0000000000
52917  -49.415  -19.828  10.210 0.0000000000
52918  -50.076  -19.006  10.214 0.0000000000
52919  -50.802  -18.625  10.670 0.0000000000
52922  -48.516  -19.809  9.102 0.0000000000
52923  -49.277  -19.237  9.149 0.0000000000
52924  -49.800  -18.736  9.424 0.0000000000
52936  -48.312  -19.263  8.528 0.0000000000
52937  -48.807  -18.876  8.497 0.0000000000
53974  -52.115  -19.011  18.406 0.0000000000
53975  -52.815  -18.346  18.513 0.0000000000
53988  -51.537  -18.906  16.955 0.0000000000
53989  -51.965  -18.611  17.668 0.0000000000
53990  -52.725  -17.956  17.784 0.0000000000
53999  -51.475  -18.789  16.335 0.0000000000
54006  -51.482  -18.589  15.634 0.0000000000
54012  -51.547  -18.384  14.912 0.0000000000
54015  -51.705  -18.255  14.133 0.0000000000
54016  -52.120  -18.108  13.329 0.0000000000
54020  -52.361  -17.999  12.420 0.0000000000
54023  -51.536  -18.385  11.115 0.0000000000
54024  -52.175  -17.787  11.570 0.0000000000
54027  -50.620  -18.490  10.051 0.0000000000
54028  -51.033  -17.937  10.220 0.0000000000
54032  -49.678  -18.618  9.004 0.0000000000
54033  -50.218  -18.088  9.283 0.0000000000
54034  -50.777  -17.423  9.689 0.0000000000
54039  -47.828  -18.874  8.209 0.0000000000
54040  -48.289  -18.605  8.215 0.0000000000
54041  -49.126  -18.168  8.376 0.0000000000
54042  -49.685  -17.675  8.614 0.0000000000
54052  -47.360  -18.329  7.910 0.0000000000
54053  -48.152  -17.957  7.898 0.0000000000
54054  -48.509  -17.677  7.929 0.0000000000
55050  -53.460  -17.579  18.084 0.0000000000
55051  -54.077  -16.824  18.244 0.0000000000
55052  -54.550  -16.532  17.945 0.0000000000
55069  -51.663  -18.256  16.835 0.0000000000
55070  -52.247  -17.757  17.205 0.0000000000
55071  -53.133  -17.453  17.350 0.0000000000
55072  -53.939  -17.077  17.482 0.0000000000
55073  -54.561  -16.674  17.548 0.0000000000
55083  -51.479  -18.160  16.182 0.0000000000
55084  -51.830  -17.539  16.401 0.0000000000
55085  -52.680  -17.243  16.685 0.0000000000
55086  -53.600  -17.016  16.770 0.0000000000
55087  -54.444  -16.702  16.850 0.0000000000
55096  -51.520  -17.791  15.558 0.0000000000
55097  -51.878  -17.236  15.744 0.0000000000
55103  -51.580  -17.660  14.722 0.0000000000
55105  -51.737  -17.453  13.918 0.0000000000
55106  -52.192  -17.224  13.143 0.0000000000
55110  -52.279  -16.918  12.196 0.0000000000
55112  -51.752  -17.299  10.779 0.0000000000
55113  -52.162  -16.938  11.396 0.0000000000
55116  -51.245  -17.075  10.053 0.0000000000
55121  -50.452  -17.046  9.249 0.0000000000
55122  -50.841  -16.856  9.659 0.0000000000
55126  -49.276  -17.159  8.245 0.0000000000
55127  -49.933  -17.141  8.711 0.0000000000
55135  -46.590  -17.544  7.518 0.0000000000
55136  -47.433  -17.500  7.501 0.0000000000
55137  -48.128  -17.372  7.497 0.0000000000
55138  -48.686  -17.241  7.791 0.0000000000
56222  -54.483  -16.195  18.267 0.0000000000
56223  -54.871  -16.260  17.725 0.0000000000
56241  -55.006  -16.261  17.035 0.0000000000
56257  -52.308  -17.064  16.091 0.0000000000
56258  -53.058  -16.807  16.090 0.0000000000
56259  -54.068  -16.601  16.094 0.0000000000
56260  -55.087  -16.285  16.110 0.0000000000
56268  -51.762  -17.250  15.202 0.0000000000
56269  -52.377  -16.814  15.348 0.0000000000
56270  -53.449  -16.455  15.306 0.0000000000
56271  -54.561  -16.319  15.293 0.0000000000
56272  -55.582  -15.964  15.148 0.0000000000
56273  -56.109  -15.624  14.692 0.0000000000
56275  -51.871  -16.930  14.570 0.0000000000
56276  -52.710  -16.180  14.301 0.0000000000
56277  -53.920  -15.981  14.613 0.0000000000
56278  -54.925  -15.982  14.543 0.0000000000
56279  -55.669  -15.742  14.441 0.0000000000
56280  -56.099  -15.588  14.350 0.0000000000
56283  -52.011  -16.720  13.795 0.0000000000
56284  -52.397  -16.287  13.081 0.0000000000
56288  -52.389  -16.103  12.205 0.0000000000
56290  -52.040  -16.432  10.970 0.0000000000
56291  -52.259  -16.293  11.595 0.0000000000
56293  -51.555  -16.425  10.420 0.0000000000
56298  -50.669  -16.305  9.355 0.0000000000
56299  -51.094  -16.357  9.869 0.0000000000
56302  -49.567  -16.371  8.223 0.0000000000
56303  -50.205  -16.349  8.787 0.0000000000
56311  -46.750  -16.858  7.200 0.0000000000
56312  -47.559  -16.845  7.096 0.0000000000
56313  -48.290  -16.763  7.103 0.0000000000
56314  -48.965  -16.377  7.363 0.0000000000
57465  -54.212  -15.633  18.105 0.0000000000
57466  -54.696  -15.798  17.885 0.0000000000
57483  -53.926  -15.272  17.943 0.0000000000
57484  -54.365  -15.295  17.610 0.0000000000
57485  -54.941  -15.710  17.336 0.0000000000
57507  -54.788  -15.114  17.026 0.0000000000
57508  -55.324  -15.435  16.488 0.0000000000
57509  -55.902  -15.198  15.831 0.0000000000
57518  -55.665  -15.649  15.735 0.0000000000
57519  -56.487  -15.313  15.188 0.0000000000
57520  -57.042  -14.796  15.019 0.0000000000
57524  -53.543  -15.692  13.945 0.0000000000
57525  -54.382  -15.663  13.965 0.0000000000
57526  -55.241  -15.660  13.909 0.0000000000
57527  -55.981  -15.544  13.942 0.0000000000
57528  -56.619  -15.421  14.253 0.0000000000
57529  -57.494  -14.975  14.501 0.0000000000
57530  -57.928  -14.498  14.156 0.0000000000
57534  -53.068  -15.689  13.323 0.0000000000
57535  -53.921  -15.561  13.304 0.0000000000
57536  -54.794  -15.571  13.265 0.0000000000
57537  -55.686  -15.500  13.238 0.0000000000
57538  -56.588  -15.461  13.376 0.0000000000
57539  -57.505  -15.285  13.602 0.0000000000
57540  -58.319  -14.672  13.597 0.0000000000
57541  -58.892  -14.301  13.133 0.0000000000
57544  -52.807  -15.688  12.472 0.0000000000
57545  -53.564  -15.521  12.607 0.0000000000
57546  -54.371  -15.489  12.636 0.0000000000
57547  -55.217  -15.417  12.516 0.0000000000
57548  -56.306  -15.311  12.366 0.0000000000
57549  -57.393  -15.357  12.743 0.0000000000
57550  -58.379  -15.155  12.929 0.0000000000
57551  -59.271  -14.587  12.894 0.0000000000
57552  -59.922  -14.545  12.734 0.0000000000
57554  -52.187  -15.910  11.180 0.0000000000
57555  -52.561  -15.651  11.574 0.0000000000
57556  -53.280  -15.420  11.835 0.0000000000
57557  -54.102  -15.403  11.960 0.0000000000
57558  -54.740  -15.403  12.102 0.0000000000
57559  -56.679  -15.117  11.733 0.0000000000
57560  -57.273  -15.184  11.936 0.0000000000
57561  -58.224  -15.140  12.150 0.0000000000
57562  -59.190  -14.871  12.334 0.0000000000
57563  -59.850  -14.652  12.507 0.0000000000
57565  -51.893  -15.737  10.692 0.0000000000
57566  -52.339  -15.573  10.984 0.0000000000
57571  -50.961  -15.780  9.554 0.0000000000
57572  -51.394  -15.652  10.085 0.0000000000
57574  -49.929  -15.731  8.336 0.0000000000
57575  -50.616  -15.403  8.854 0.0000000000
57576  -51.236  -15.231  9.468 0.0000000000
57581  -49.484  -15.533  7.550 0.0000000000
57582  -49.988  -15.058  8.074 0.0000000000
58830  -53.489  -14.738  17.726 0.0000000000
58831  -54.254  -14.785  17.098 0.0000000000
58854  -53.113  -14.088  16.928 0.0000000000
58855  -53.850  -14.312  16.721 0.0000000000
58856  -54.740  -14.380  16.393 0.0000000000
58857  -55.628  -14.633  16.010 0.0000000000
58858  -56.180  -14.743  15.594 0.0000000000
58876  -55.257  -13.934  15.744 0.0000000000
58877  -55.899  -14.143  15.486 0.0000000000
58878  -56.546  -14.300  15.070 0.0000000000
58879  -57.140  -14.431  14.711 0.0000000000
58883  -56.962  -13.864  14.540 0.0000000000
58884  -57.539  -14.124  14.285 0.0000000000
58885  -58.072  -14.082  13.869 0.0000000000
58888  -58.622  -13.971  13.360 0.0000000000
58889  -59.492  -13.983  13.105 0.0000000000
58890  -60.427  -13.930  13.088 0.0000000000
58891  -61.233  -13.890  13.048 0.0000000000
58892  -61.853  -13.807  12.859 0.0000000000
58895  -55.109  -15.346  11.987 0.0000000000
58896  -55.534  -15.248  11.936 0.0000000000
58897  -59.955  -14.336  12.900 0.0000000000
58898  -60.472  -14.400  12.699 0.0000000000
58899  -61.245  -14.133  12.433 0.0000000000
58900  -61.884  -13.734  12.259 0.0000000000
58903  -52.577  -15.398  11.036 0.0000000000
58904  -52.966  -15.198  11.124 0.0000000000
58905  -53.814  -15.128  11.184 0.0000000000
58906  -54.916  -15.087  11.410 0.0000000000
58907  -56.107  -14.912  11.388 0.0000000000
58908  -57.063  -14.873  11.271 0.0000000000
58909  -57.983  -14.854  11.393 0.0000000000
58910  -59.009  -14.719  11.592 0.0000000000
58911  -60.239  -14.462  11.902 0.0000000000
58912  -61.387  -13.848  11.645 0.0000000000
58913  -61.897  -13.587  11.850 0.0000000000
58917  -51.826  -15.327  10.316 0.0000000000
58918  -52.383  -15.093  10.537 0.0000000000
58919  -53.283  -14.621  10.518 0.0000000000
58920  -54.339  -14.521  10.516 0.0000000000
58921  -55.569  -14.294  10.351 0.0000000000
58922  -56.699  -14.405  10.617 0.0000000000
58923  -57.652  -14.380  10.726 0.0000000000
58924  -58.630  -14.297  10.866 0.0000000000
58925  -59.682  -14.173  11.009 0.0000000000
58926  -60.664  -13.908  11.100 0.0000000000
58927  -61.215  -13.644  11.083 0.0000000000
58932  -51.779  -14.941  9.861 0.0000000000
58933  -52.594  -14.192  9.628 0.0000000000
58934  -53.749  -14.021  9.861 0.0000000000
58935  -54.719  -13.986  9.797 0.0000000000
58936  -55.332  -13.906  9.671 0.0000000000
58938  -50.565  -14.402  8.173 0.0000000000
58939  -51.508  -14.420  8.950 0.0000000000
58940  -52.192  -13.914  8.946 0.0000000000
58945  -49.863  -14.510  7.100 0.0000000000
60133  -60.667  -12.998  21.302 0.0000000000
60134  -61.310  -12.699  21.037 0.0000000000
60142  -59.968  -13.088  20.725 0.0000000000
60143  -60.809  -12.788  20.428 0.0000000000
60144  -61.348  -12.604  20.576 0.0000000000
60152  -59.444  -13.147  20.178 0.0000000000
60153  -60.063  -12.867  20.012 0.0000000000
60154  -60.556  -12.682  19.881 0.0000000000
60196  -53.528  -13.641  16.261 0.0000000000
60197  -54.131  -13.854  16.225 0.0000000000
60217  -53.178  -13.063  15.792 0.0000000000
60218  -54.326  -13.220  15.454 0.0000000000
60219  -55.490  -13.500  15.151 0.0000000000
60220  -56.055  -13.784  15.078 0.0000000000
60222  -54.615  -12.546  14.809 0.0000000000
60223  -55.174  -12.825  14.685 0.0000000000
60224  -56.204  -13.285  14.529 0.0000000000
60225  -57.315  -13.262  14.012 0.0000000000
60226  -57.775  -13.704  13.986 0.0000000000
60227  -60.715  -12.712  13.508 0.0000000000
60228  -61.272  -12.517  13.638 0.0000000000
60229  -61.638  -12.227  13.749 0.0000000000
60232  -57.776  -12.958  13.732 0.0000000000
60233  -58.125  -13.365  13.654 0.0000000000
60234  -59.016  -13.298  13.229 0.0000000000
60235  -60.081  -13.212  13.268 0.0000000000
60236  -61.003  -13.269  13.299 0.0000000000
60237  -61.849  -12.907  13.319 0.0000000000
60238  -62.294  -12.628  13.343 0.0000000000
60241  -62.223  -13.319  12.700 0.0000000000
60242  -62.433  -12.796  13.060 0.0000000000
60245  -61.892  -13.412  11.515 0.0000000000
60246  -62.249  -13.172  11.891 0.0000000000
60247  -62.489  -12.856  12.463 0.0000000000
60252  -56.492  -13.951  9.972 0.0000000000
60263  -53.408  -13.721  9.211 0.0000000000
60264  -54.221  -13.641  9.198 0.0000000000
60265  -55.078  -13.719  9.142 0.0000000000
60266  -55.939  -13.710  9.392 0.0000000000
60275  -51.165  -13.746  8.228 0.0000000000
60276  -51.894  -13.563  8.482 0.0000000000
60277  -52.779  -13.567  8.689 0.0000000000
60278  -53.710  -13.370  8.622 0.0000000000
60279  -54.615  -13.288  8.470 0.0000000000
60280  -55.579  -13.299  8.581 0.0000000000
60288  -50.709  -13.686  7.446 0.0000000000
60289  -51.514  -13.140  7.695 0.0000000000
60290  -52.375  -13.081  7.984 0.0000000000
60291  -53.227  -13.071  8.033 0.0000000000
60292  -53.960  -13.085  8.065 0.0000000000
60302  -51.141  -13.150  6.847 0.0000000000
61397  -61.734  -12.305  21.557 0.0000000000
61406  -61.380  -12.524  20.208 0.0000000000
61407  -61.824  -12.314  20.608 0.0000000000
61408  -62.180  -11.874  20.538 0.0000000000
61414  -58.308  -13.027  19.288 0.0000000000
61415  -59.365  -12.842  19.391 0.0000000000
61416  -60.294  -12.566  19.366 0.0000000000
61417  -61.055  -12.496  19.624 0.0000000000
61418  -61.734  -12.285  19.782 0.0000000000
61419  -62.192  -11.964  20.026 0.0000000000
61429  -57.725  -12.662  18.407 0.0000000000
61430  -58.819  -12.505  18.394 0.0000000000
61431  -59.894  -12.331  18.453 0.0000000000
61432  -60.832  -12.248  18.675 0.0000000000
61433  -61.561  -12.148  18.958 0.0000000000
61434  -62.101  -11.900  19.265 0.0000000000
61446  -57.292  -12.252  17.632 0.0000000000
61447  -58.247  -12.142  17.576 0.0000000000
61448  -59.424  -11.834  17.234 0.0000000000
61449  -60.567  -11.835  17.605 0.0000000000
61450  -61.328  -11.769  18.024 0.0000000000
61451  -61.854  -11.633  18.431 0.0000000000
61468  -59.706  -11.399  16.424 0.0000000000
61469  -60.435  -11.262  16.278 0.0000000000
61470  -61.165  -11.305  16.866 0.0000000000
61471  -61.630  -11.258  17.423 0.0000000000
61493  -54.208  -12.096  15.048 0.0000000000
61494  -60.842  -11.309  14.938 0.0000000000
61495  -61.261  -11.182  15.400 0.0000000000
61496  -61.548  -10.956  16.050 0.0000000000
61506  -54.959  -12.094  14.649 0.0000000000
61507  -55.752  -12.313  14.400 0.0000000000
61508  -56.695  -12.417  14.159 0.0000000000
61509  -57.766  -12.417  13.884 0.0000000000
61510  -58.755  -12.075  13.870 0.0000000000
61511  -59.704  -11.909  13.894 0.0000000000
61512  -60.640  -11.902  14.036 0.0000000000
61513  -61.312  -11.740  14.214 0.0000000000
61514  -61.829  -11.620  14.229 0.0000000000
61515  -62.263  -11.545  13.937 0.0000000000
61518  -58.020  -12.859  13.652 0.0000000000
61519  -58.497  -12.752  13.568 0.0000000000
61520  -59.385  -12.596  13.482 0.0000000000
61521  -60.166  -12.462  13.564 0.0000000000
61522  -62.154  -12.383  13.520 0.0000000000
61523  -62.447  -12.103  13.461 0.0000000000
61525  -62.766  -12.308  12.699 0.0000000000
61546  -54.444  -13.010  7.773 0.0000000000
61547  -55.174  -13.012  7.839 0.0000000000
61559  -51.674  -12.878  7.036 0.0000000000
61560  -52.094  -12.857  7.373 0.0000000000
61561  -52.766  -12.786  7.355 0.0000000000
61562  -53.724  -12.792  7.351 0.0000000000
61563  -54.652  -12.798  7.130 0.0000000000
61581  -51.588  -12.917  6.523 0.0000000000
61582  -52.156  -12.745  6.697 0.0000000000
61583  -52.979  -12.542  6.575 0.0000000000
61584  -53.938  -12.445  6.447 0.0000000000
62761  -62.093  -11.550  21.145 0.0000000000
62762  -62.264  -11.409  20.355 0.0000000000
62771  -62.281  -11.397  19.643 0.0000000000
62781  -62.189  -11.266  18.860 0.0000000000
62795  -56.874  -11.901  17.011 0.0000000000
62796  -57.720  -11.823  16.902 0.0000000000
62797  -58.528  -11.740  16.812 0.0000000000
62798  -62.048  -11.061  17.962 0.0000000000
62815  -56.345  -11.650  16.251 0.0000000000
62816  -57.246  -11.561  16.151 0.0000000000
62817  -58.139  -11.481  16.117 0.0000000000
62818  -59.093  -11.389  16.177 0.0000000000
62819  -59.800  -11.172  15.914 0.0000000000
62820  -61.987  -10.869  16.873 0.0000000000
62839  -55.837  -11.578  15.368 0.0000000000
62840  -56.744  -11.533  15.305 0.0000000000
62841  -57.669  -11.476  15.265 0.0000000000
62842  -58.592  -11.341  15.279 0.0000000000
62843  -59.460  -11.181  15.264 0.0000000000
62844  -60.226  -11.133  15.259 0.0000000000
62845  -62.082  -10.891  15.611 0.0000000000
62856  -55.502  -11.769  14.747 0.0000000000
62857  -56.258  -11.804  14.626 0.0000000000
62858  -57.187  -11.765  14.490 0.0000000000
62859  -58.162  -11.676  14.469 0.0000000000
62860  -59.102  -11.509  14.496 0.0000000000
62861  -59.974  -11.369  14.517 0.0000000000
62862  -60.492  -11.382  14.647 0.0000000000
62863  -62.356  -10.970  14.515 0.0000000000
62864  -62.586  -11.305  13.744 0.0000000000
62867  -62.956  -11.526  13.058 0.0000000000
64034  -62.093  -10.512  20.744 0.0000000000
64035  -62.277  -10.868  20.021 0.0000000000
64049  -62.083  -10.236  19.973 0.0000000000
64050  -62.238  -10.606  19.343 0.0000000000
64060  -62.216  -10.513  18.529 0.0000000000
64070  -62.201  -10.309  17.602 0.0000000000
64086  -62.256  -10.227  16.509 0.0000000000
64105  -62.394  -10.174  15.440 0.0000000000
64115  -62.535  -9.984  14.496 0.0000000000
64116  -62.552  -10.648  14.001 0.0000000000
65278  -62.003  -9.599  19.391 0.0000000000
65279  -62.188  -10.068  18.936 0.0000000000
65293  -62.135  -9.429  18.431 0.0000000000
65305  -62.221  -9.368  17.240 0.0000000000
65323  -62.364  -9.331  16.183 0.0000000000
65340  -62.548  -9.248  15.232 0.0000000000
