#!ascii label  , from subject cvs_avg35_inMNI152 vox2ras=TkReg
208
90304  43.558  16.478  19.053 0.0000000000
90305  42.666  16.781  19.000 0.0000000000
90306  41.929  16.907  18.991 0.0000000000
90322  42.133  16.605  18.331 0.0000000000
90323  41.339  16.985  18.490 0.0000000000
90324  40.732  17.266  18.384 0.0000000000
90336  41.566  16.615  17.652 0.0000000000
90337  40.837  16.979  17.814 0.0000000000
90349  40.971  16.644  16.990 0.0000000000
91287  44.992  17.639  21.358 0.0000000000
91288  43.975  17.698  21.259 0.0000000000
91289  43.119  17.764  21.091 0.0000000000
91301  44.561  17.201  20.601 0.0000000000
91302  43.565  17.321  20.528 0.0000000000
91303  42.550  17.459  20.507 0.0000000000
91304  41.727  17.457  20.209 0.0000000000
91305  40.950  17.620  20.047 0.0000000000
91306  40.279  17.896  19.844 0.0000000000
91317  44.091  16.837  19.816 0.0000000000
91318  43.110  17.007  19.767 0.0000000000
91319  42.215  17.105  19.668 0.0000000000
91320  41.377  17.292  19.379 0.0000000000
91321  40.614  17.603  19.353 0.0000000000
91322  39.860  17.870  19.238 0.0000000000
91323  39.323  17.996  18.876 0.0000000000
91337  40.885  17.360  18.860 0.0000000000
91338  40.344  17.545  18.730 0.0000000000
91339  39.731  17.702  18.494 0.0000000000
91340  39.016  17.837  18.309 0.0000000000
91341  38.482  17.892  17.979 0.0000000000
91350  40.252  17.370  18.070 0.0000000000
91351  39.604  17.462  17.764 0.0000000000
91352  38.883  17.531  17.513 0.0000000000
91364  40.252  17.087  17.306 0.0000000000
91365  39.540  17.174  16.911 0.0000000000
92304  44.374  18.383  21.776 0.0000000000
92305  43.353  18.391  21.585 0.0000000000
92306  42.199  18.185  21.263 0.0000000000
92307  40.995  18.403  21.268 0.0000000000
92308  39.926  18.539  21.069 0.0000000000
92309  38.912  18.769  20.826 0.0000000000
92310  38.321  18.864  20.764 0.0000000000
92322  41.955  17.676  20.734 0.0000000000
92323  41.360  17.798  20.760 0.0000000000
92324  40.476  18.026  20.546 0.0000000000
92325  39.448  18.240  20.024 0.0000000000
92326  38.186  18.600  20.166 0.0000000000
92327  37.549  18.780  19.916 0.0000000000
92335  39.321  18.100  19.307 0.0000000000
92336  38.647  18.206  19.085 0.0000000000
92337  37.478  18.608  19.229 0.0000000000
92352  38.517  18.060  18.413 0.0000000000
92353  37.927  18.167  18.284 0.0000000000
93322  44.077  19.821  22.649 0.0000000000
93323  43.108  20.005  22.412 0.0000000000
93324  42.073  19.881  22.376 0.0000000000
93325  41.014  19.774  22.299 0.0000000000
93326  39.944  19.727  22.247 0.0000000000
93327  38.858  19.805  22.114 0.0000000000
93328  37.797  19.989  22.051 0.0000000000
93329  37.285  20.289  21.912 0.0000000000
93338  44.772  19.085  22.276 0.0000000000
93339  43.740  19.158  22.113 0.0000000000
93340  42.687  19.129  21.940 0.0000000000
93341  41.589  19.123  21.771 0.0000000000
93342  40.491  19.160  21.675 0.0000000000
93343  39.400  19.229  21.526 0.0000000000
93344  38.200  19.280  21.266 0.0000000000
93345  37.083  20.001  21.333 0.0000000000
93346  36.506  20.345  21.031 0.0000000000
93353  37.993  18.909  20.697 0.0000000000
93354  37.382  19.176  20.386 0.0000000000
93355  36.296  20.022  20.377 0.0000000000
93362  37.256  18.926  19.738 0.0000000000
94348  43.372  20.851  25.969 0.0000000000
94358  43.599  20.446  24.888 0.0000000000
94367  43.624  20.743  23.864 0.0000000000
94368  42.262  21.149  23.075 0.0000000000
94369  41.834  21.080  23.109 0.0000000000
94370  40.919  21.016  23.116 0.0000000000
94371  39.950  20.912  23.214 0.0000000000
94372  38.985  21.022  23.126 0.0000000000
94373  38.039  21.142  23.129 0.0000000000
94381  44.258  20.080  23.262 0.0000000000
94382  43.397  20.780  23.028 0.0000000000
94383  42.459  20.802  22.841 0.0000000000
94384  41.475  20.493  22.755 0.0000000000
94385  40.463  20.367  22.751 0.0000000000
94386  39.434  20.368  22.706 0.0000000000
94387  38.388  20.475  22.637 0.0000000000
94388  37.279  20.804  22.375 0.0000000000
94389  36.725  21.239  22.157 0.0000000000
94395  37.016  20.473  21.798 0.0000000000
94396  36.472  20.904  21.489 0.0000000000
94397  35.832  21.289  21.207 0.0000000000
94404  36.212  20.533  20.860 0.0000000000
94405  35.532  20.880  20.548 0.0000000000
95450  43.259  21.526  26.710 0.0000000000
95455  43.215  21.585  25.691 0.0000000000
95458  43.206  21.644  24.622 0.0000000000
95459  42.612  21.901  24.217 0.0000000000
95460  41.776  21.819  24.214 0.0000000000
95461  40.818  21.838  24.235 0.0000000000
95462  39.881  21.903  24.208 0.0000000000
95463  38.999  21.937  24.193 0.0000000000
95464  38.267  21.922  24.203 0.0000000000
95467  43.136  21.426  23.660 0.0000000000
95468  42.409  21.381  23.418 0.0000000000
95469  41.374  21.448  23.610 0.0000000000
95470  40.406  21.431  23.672 0.0000000000
95471  39.469  21.470  23.665 0.0000000000
95472  38.580  21.552  23.658 0.0000000000
95473  37.720  21.776  23.709 0.0000000000
95474  37.088  21.951  23.378 0.0000000000
95476  43.029  21.337  23.199 0.0000000000
95477  42.869  21.188  22.997 0.0000000000
95478  37.360  21.457  23.074 0.0000000000
95479  36.717  21.730  22.711 0.0000000000
95480  36.172  22.013  22.337 0.0000000000
95484  36.408  21.547  22.064 0.0000000000
95485  35.819  21.797  21.724 0.0000000000
95486  35.155  22.013  21.413 0.0000000000
95491  35.401  21.538  21.138 0.0000000000
96540  42.975  22.280  26.661 0.0000000000
96541  42.391  22.480  26.317 0.0000000000
96542  41.667  22.625  26.228 0.0000000000
96543  40.818  22.798  26.175 0.0000000000
96544  39.959  22.971  26.110 0.0000000000
96545  39.219  23.094  26.027 0.0000000000
96554  42.891  22.261  25.558 0.0000000000
96555  42.258  22.419  25.523 0.0000000000
96556  41.463  22.520  25.488 0.0000000000
96557  40.572  22.611  25.457 0.0000000000
96558  39.676  22.698  25.437 0.0000000000
96559  38.718  22.880  25.467 0.0000000000
96560  37.897  22.824  25.181 0.0000000000
96561  37.332  23.063  24.877 0.0000000000
96564  42.706  22.274  24.873 0.0000000000
96565  42.055  22.257  24.834 0.0000000000
96566  41.177  22.262  24.819 0.0000000000
96567  40.248  22.282  24.816 0.0000000000
96568  39.331  22.342  24.800 0.0000000000
96569  38.471  22.349  24.735 0.0000000000
96570  37.662  22.414  24.436 0.0000000000
96571  36.952  22.953  24.261 0.0000000000
96574  37.188  22.329  23.852 0.0000000000
96575  36.568  22.624  23.420 0.0000000000
96576  36.010  22.911  23.014 0.0000000000
96579  36.244  22.390  22.767 0.0000000000
96580  35.670  22.651  22.412 0.0000000000
96584  35.291  22.392  21.833 0.0000000000
97637  39.382  23.599  31.988 0.0000000000
97649  40.714  23.144  31.443 0.0000000000
97650  39.939  23.440  31.361 0.0000000000
97651  39.137  23.645  31.367 0.0000000000
97660  41.468  22.895  30.644 0.0000000000
97661  40.635  23.113  30.563 0.0000000000
97662  39.814  23.469  30.507 0.0000000000
97663  38.954  23.752  30.444 0.0000000000
97674  41.374  22.815  29.735 0.0000000000
97675  40.535  23.135  29.649 0.0000000000
97676  39.686  23.479  29.579 0.0000000000
97677  38.853  23.797  29.461 0.0000000000
97688  42.128  22.690  28.896 0.0000000000
97689  41.257  22.788  28.789 0.0000000000
97690  40.410  23.122  28.718 0.0000000000
97691  39.544  23.410  28.640 0.0000000000
97692  38.752  23.757  28.504 0.0000000000
97702  42.769  22.548  27.951 0.0000000000
97703  41.958  22.648  27.920 0.0000000000
97704  41.124  22.783  27.862 0.0000000000
97705  40.270  23.083  27.801 0.0000000000
97706  39.391  23.328  27.709 0.0000000000
97707  38.522  23.680  27.532 0.0000000000
97708  37.904  23.858  27.089 0.0000000000
97716  42.423  22.527  27.140 0.0000000000
97717  41.810  22.663  27.043 0.0000000000
97718  40.986  22.805  26.987 0.0000000000
97719  40.119  23.029  26.921 0.0000000000
97720  39.268  23.231  26.795 0.0000000000
97721  38.437  23.364  26.460 0.0000000000
97722  37.518  23.751  26.398 0.0000000000
97723  36.824  23.911  25.935 0.0000000000
97724  36.123  23.909  25.761 0.0000000000
97733  37.969  23.190  25.837 0.0000000000
97734  37.368  23.383  25.548 0.0000000000
97735  36.620  23.489  25.100 0.0000000000
97736  35.770  23.855  25.088 0.0000000000
97741  36.062  23.354  24.146 0.0000000000
97745  36.017  23.141  23.432 0.0000000000
98698  38.674  24.450  31.352 0.0000000000
98706  38.475  24.668  30.219 0.0000000000
98707  38.116  25.110  29.588 0.0000000000
98715  38.390  24.450  29.179 0.0000000000
98716  37.852  24.980  28.899 0.0000000000
98723  38.203  24.351  28.315 0.0000000000
98724  37.642  24.871  28.073 0.0000000000
98733  37.919  24.258  27.656 0.0000000000
98734  37.365  24.609  27.147 0.0000000000
98735  36.879  24.913  26.638 0.0000000000
98745  37.030  24.394  26.438 0.0000000000
98746  36.355  24.613  26.220 0.0000000000
99638  38.454  25.518  31.162 0.0000000000
99644  38.243  25.822  30.138 0.0000000000
99645  38.032  25.777  29.261 0.0000000000
99652  37.668  25.702  28.481 0.0000000000
99659  37.314  25.579  27.630 0.0000000000
99663  37.032  25.476  26.903 0.0000000000
