#!ascii label  , from subject cvs_avg35_inMNI152 vox2ras=TkReg
159
26155  32.510  -43.636  -25.582 0.0000000000
26161  32.208  -43.531  -26.568 0.0000000000
26168  32.276  -43.459  -27.602 0.0000000000
26174  32.472  -43.409  -28.539 0.0000000000
26181  32.458  -43.319  -29.361 0.0000000000
26919  32.271  -42.686  -23.973 0.0000000000
26920  31.554  -42.703  -23.310 0.0000000000
26937  32.619  -42.613  -24.815 0.0000000000
26953  32.544  -42.537  -25.790 0.0000000000
26963  32.319  -42.463  -26.801 0.0000000000
26969  32.405  -42.435  -27.809 0.0000000000
26973  32.472  -42.403  -28.732 0.0000000000
26977  32.315  -42.372  -29.528 0.0000000000
27745  31.292  -41.683  -22.977 0.0000000000
27758  32.430  -41.658  -24.142 0.0000000000
27759  31.878  -41.727  -23.504 0.0000000000
27772  32.709  -41.450  -25.009 0.0000000000
27786  32.743  -41.534  -26.065 0.0000000000
27800  32.658  -41.482  -27.050 0.0000000000
27809  32.590  -41.429  -28.040 0.0000000000
27818  32.492  -41.424  -28.972 0.0000000000
27822  32.175  -41.391  -29.753 0.0000000000
28664  31.604  -41.027  -23.084 0.0000000000
28677  32.567  -40.816  -24.275 0.0000000000
28678  32.124  -40.684  -23.584 0.0000000000
28693  32.707  -40.497  -24.733 0.0000000000
28708  33.003  -40.199  -25.888 0.0000000000
28709  32.848  -40.490  -25.450 0.0000000000
28723  33.166  -40.004  -26.340 0.0000000000
28724  33.003  -40.707  -26.335 0.0000000000
28737  33.316  -39.773  -26.809 0.0000000000
28738  33.100  -40.403  -27.286 0.0000000000
28747  32.756  -40.475  -28.383 0.0000000000
28754  32.464  -40.415  -29.267 0.0000000000
28755  31.968  -40.362  -30.013 0.0000000000
29676  31.518  -40.234  -22.951 0.0000000000
29689  32.818  -39.425  -24.256 0.0000000000
29690  32.669  -39.815  -24.102 0.0000000000
29691  31.995  -39.579  -23.345 0.0000000000
29704  32.888  -39.428  -24.583 0.0000000000
29705  32.808  -39.961  -24.921 0.0000000000
29721  33.046  -39.624  -25.447 0.0000000000
29722  32.850  -40.006  -25.274 0.0000000000
29736  33.364  -39.282  -26.341 0.0000000000
29751  33.509  -39.343  -27.295 0.0000000000
29752  33.216  -39.783  -28.004 0.0000000000
29762  33.687  -39.186  -28.240 0.0000000000
29763  32.966  -39.447  -28.793 0.0000000000
29771  32.405  -39.351  -29.647 0.0000000000
29772  31.707  -39.369  -30.189 0.0000000000
30788  32.894  -39.077  -24.168 0.0000000000
30789  32.475  -38.843  -23.656 0.0000000000
30790  31.761  -38.627  -23.172 0.0000000000
30806  33.170  -38.765  -24.730 0.0000000000
30820  33.448  -38.574  -25.590 0.0000000000
30835  33.679  -38.352  -26.622 0.0000000000
30854  34.264  -37.670  -28.108 0.0000000000
30855  33.999  -38.478  -27.745 0.0000000000
30867  34.129  -37.530  -28.644 0.0000000000
30868  33.645  -38.206  -28.963 0.0000000000
30869  32.869  -38.796  -29.270 0.0000000000
30879  33.023  -37.675  -29.381 0.0000000000
30880  32.507  -38.149  -29.763 0.0000000000
30881  32.112  -38.812  -30.087 0.0000000000
30889  31.998  -37.750  -30.280 0.0000000000
30890  31.560  -38.297  -30.403 0.0000000000
31879  33.016  -38.193  -24.012 0.0000000000
31880  32.293  -37.815  -23.493 0.0000000000
31904  33.971  -37.070  -25.241 0.0000000000
31905  33.567  -37.707  -24.768 0.0000000000
31925  34.087  -36.957  -25.925 0.0000000000
31926  33.749  -37.686  -25.749 0.0000000000
31944  34.169  -36.890  -26.691 0.0000000000
31945  33.898  -37.495  -26.428 0.0000000000
31964  34.339  -36.800  -27.552 0.0000000000
31965  34.035  -37.622  -27.195 0.0000000000
31974  34.276  -36.957  -28.390 0.0000000000
31975  33.952  -37.129  -28.962 0.0000000000
31983  33.327  -37.167  -29.296 0.0000000000
31984  32.702  -37.158  -29.661 0.0000000000
31990  32.189  -37.194  -30.170 0.0000000000
31991  31.577  -37.267  -30.520 0.0000000000
32927  33.007  -36.912  -23.953 0.0000000000
32928  32.062  -36.705  -23.365 0.0000000000
32949  34.184  -36.293  -25.374 0.0000000000
32950  33.772  -36.542  -24.648 0.0000000000
32967  34.393  -36.196  -26.196 0.0000000000
32982  34.363  -36.220  -26.919 0.0000000000
32995  34.452  -35.933  -27.440 0.0000000000
33003  34.439  -36.119  -28.149 0.0000000000
33004  34.131  -36.309  -28.804 0.0000000000
33011  33.612  -36.394  -29.224 0.0000000000
33012  32.957  -36.364  -29.537 0.0000000000
33018  32.404  -36.370  -30.041 0.0000000000
33917  32.655  -35.758  -23.655 0.0000000000
33935  33.998  -35.499  -24.848 0.0000000000
33936  33.409  -35.695  -24.164 0.0000000000
33953  34.392  -35.374  -25.674 0.0000000000
33969  34.525  -35.229  -26.757 0.0000000000
33984  34.502  -35.209  -27.830 0.0000000000
33997  34.259  -35.333  -28.730 0.0000000000
33998  33.888  -35.760  -29.178 0.0000000000
34006  33.810  -35.111  -29.309 0.0000000000
34007  33.306  -35.532  -29.507 0.0000000000
34008  32.694  -35.567  -29.909 0.0000000000
34950  33.093  -34.930  -23.849 0.0000000000
34951  32.447  -34.730  -23.533 0.0000000000
34966  34.237  -34.529  -25.143 0.0000000000
34967  33.687  -34.524  -24.380 0.0000000000
34984  34.588  -34.409  -25.942 0.0000000000
34997  34.642  -34.137  -26.673 0.0000000000
35013  34.583  -34.230  -27.461 0.0000000000
35024  34.393  -34.299  -28.380 0.0000000000
35030  34.049  -34.377  -29.176 0.0000000000
35031  33.318  -34.460  -29.734 0.0000000000
35032  32.946  -35.036  -29.821 0.0000000000
35843  33.116  -33.953  -23.813 0.0000000000
35844  32.358  -33.619  -23.433 0.0000000000
35860  34.118  -33.731  -24.782 0.0000000000
35861  33.716  -33.338  -24.294 0.0000000000
35879  34.460  -33.605  -25.415 0.0000000000
35893  34.675  -33.472  -26.199 0.0000000000
35908  34.762  -33.290  -27.062 0.0000000000
35919  34.632  -33.146  -28.082 0.0000000000
35925  34.294  -33.423  -28.975 0.0000000000
35926  33.760  -33.522  -29.594 0.0000000000
36706  33.236  -32.603  -23.760 0.0000000000
36719  34.336  -32.645  -24.860 0.0000000000
36720  33.806  -32.612  -24.284 0.0000000000
36737  34.603  -32.810  -25.734 0.0000000000
36752  34.773  -32.526  -26.496 0.0000000000
36765  34.965  -31.759  -27.713 0.0000000000
36766  34.863  -32.132  -27.496 0.0000000000
36775  34.941  -31.792  -27.959 0.0000000000
36776  34.722  -32.103  -28.253 0.0000000000
36782  34.432  -32.436  -28.868 0.0000000000
36783  34.015  -32.655  -29.481 0.0000000000
37584  33.486  -31.451  -23.933 0.0000000000
37601  34.528  -31.331  -24.893 0.0000000000
37602  33.910  -31.884  -24.326 0.0000000000
37618  35.072  -30.831  -26.414 0.0000000000
37619  34.744  -31.773  -25.801 0.0000000000
37636  35.162  -30.974  -27.196 0.0000000000
37637  34.935  -31.633  -26.778 0.0000000000
37651  35.093  -31.357  -27.841 0.0000000000
37652  35.020  -31.533  -27.324 0.0000000000
37664  34.868  -31.499  -28.328 0.0000000000
37665  34.585  -31.574  -28.809 0.0000000000
37672  34.106  -31.659  -29.497 0.0000000000
38543  34.617  -30.335  -24.948 0.0000000000
38544  34.026  -30.688  -24.375 0.0000000000
38558  35.263  -29.873  -26.206 0.0000000000
38559  34.868  -30.605  -25.598 0.0000000000
38576  35.404  -30.094  -27.006 0.0000000000
38592  35.354  -30.329  -27.849 0.0000000000
38608  34.925  -30.629  -28.786 0.0000000000
38609  34.491  -31.115  -29.184 0.0000000000
39500  34.419  -29.570  -24.705 0.0000000000
39516  34.939  -29.482  -25.472 0.0000000000
