#!ascii label  , from subject cvs_avg35_inMNI152 vox2ras=TkReg
286
34058  42.208  -35.880  -34.976 0.0000000000
34059  41.646  -35.485  -34.832 0.0000000000
34060  40.792  -35.609  -34.455 0.0000000000
34061  40.082  -35.598  -34.118 0.0000000000
34077  42.304  -35.413  -35.545 0.0000000000
34078  41.891  -34.939  -35.216 0.0000000000
34085  43.103  -35.682  -36.788 0.0000000000
34086  42.776  -35.553  -36.355 0.0000000000
34095  43.555  -35.664  -37.224 0.0000000000
35071  39.211  -34.579  -33.652 0.0000000000
35081  40.994  -34.946  -34.742 0.0000000000
35082  40.314  -34.773  -34.484 0.0000000000
35083  39.748  -34.915  -34.027 0.0000000000
35097  41.964  -34.459  -35.618 0.0000000000
35098  41.399  -34.532  -35.102 0.0000000000
35099  40.778  -34.386  -34.843 0.0000000000
35108  42.966  -35.101  -36.880 0.0000000000
35109  42.487  -34.620  -36.339 0.0000000000
35115  45.489  -34.515  -37.032 0.0000000000
35116  44.738  -34.617  -37.235 0.0000000000
35117  43.968  -34.668  -37.376 0.0000000000
35118  43.302  -34.606  -37.199 0.0000000000
35119  42.783  -34.437  -36.992 0.0000000000
35965  39.354  -33.683  -33.865 0.0000000000
35966  38.744  -33.793  -33.624 0.0000000000
35967  37.801  -33.666  -33.613 0.0000000000
35977  40.278  -33.836  -34.755 0.0000000000
35978  39.734  -34.147  -34.204 0.0000000000
35979  37.426  -33.018  -33.713 0.0000000000
35994  42.079  -33.625  -36.104 0.0000000000
35995  41.463  -33.733  -35.487 0.0000000000
35996  40.907  -33.907  -35.092 0.0000000000
36009  42.553  -33.785  -36.772 0.0000000000
36014  45.551  -33.418  -36.718 0.0000000000
36015  44.934  -33.536  -37.112 0.0000000000
36016  44.212  -33.671  -37.298 0.0000000000
36017  43.508  -33.821  -37.294 0.0000000000
36018  42.983  -33.969  -37.191 0.0000000000
36823  39.411  -33.339  -33.974 0.0000000000
36824  39.172  -33.248  -33.797 0.0000000000
36825  38.577  -33.149  -33.705 0.0000000000
36833  40.111  -33.389  -34.874 0.0000000000
36834  39.648  -33.218  -34.443 0.0000000000
36835  39.061  -32.619  -33.891 0.0000000000
36836  38.110  -32.573  -33.788 0.0000000000
36837  37.170  -32.425  -33.887 0.0000000000
36854  42.064  -33.111  -36.119 0.0000000000
36855  41.694  -32.893  -35.864 0.0000000000
36856  40.629  -33.113  -35.208 0.0000000000
36857  39.907  -32.531  -35.089 0.0000000000
36872  42.317  -32.900  -36.468 0.0000000000
36873  41.963  -32.465  -36.206 0.0000000000
36876  45.611  -32.264  -36.455 0.0000000000
36877  45.110  -32.440  -37.015 0.0000000000
36878  44.399  -32.588  -37.189 0.0000000000
36879  43.637  -32.818  -37.239 0.0000000000
36880  42.940  -33.222  -37.130 0.0000000000
37719  39.416  -32.363  -34.574 0.0000000000
37720  38.859  -31.902  -34.301 0.0000000000
37721  37.896  -31.645  -34.193 0.0000000000
37722  36.875  -31.617  -34.377 0.0000000000
37735  45.851  -32.080  -35.563 0.0000000000
37736  45.727  -31.616  -35.348 0.0000000000
37737  41.145  -32.502  -35.627 0.0000000000
37738  40.608  -32.172  -35.518 0.0000000000
37739  39.664  -31.670  -35.245 0.0000000000
37740  38.693  -31.161  -34.872 0.0000000000
37741  37.665  -30.926  -34.883 0.0000000000
37742  36.561  -31.003  -35.174 0.0000000000
37755  45.796  -31.602  -36.014 0.0000000000
37756  45.808  -30.883  -35.914 0.0000000000
37757  42.178  -32.200  -36.518 0.0000000000
37758  41.566  -31.993  -36.050 0.0000000000
37759  40.708  -31.411  -35.966 0.0000000000
37760  40.011  -30.985  -35.933 0.0000000000
37767  45.601  -31.246  -36.594 0.0000000000
37768  45.286  -31.332  -37.063 0.0000000000
37769  44.651  -31.568  -37.230 0.0000000000
37770  43.845  -31.528  -37.365 0.0000000000
37771  42.853  -32.078  -37.093 0.0000000000
37775  44.891  -30.854  -37.383 0.0000000000
37776  44.415  -30.822  -37.558 0.0000000000
37777  44.002  -30.763  -37.723 0.0000000000
38662  44.685  -30.603  -34.040 0.0000000000
38663  44.161  -30.374  -33.243 0.0000000000
38672  45.487  -31.183  -34.958 0.0000000000
38673  45.294  -30.476  -34.798 0.0000000000
38688  45.683  -30.479  -35.496 0.0000000000
38689  45.511  -29.766  -35.256 0.0000000000
38690  39.338  -30.869  -35.543 0.0000000000
38691  38.543  -30.566  -35.623 0.0000000000
38692  37.505  -30.438  -35.723 0.0000000000
38693  36.684  -30.499  -35.899 0.0000000000
38703  45.789  -30.681  -36.462 0.0000000000
38704  45.911  -30.094  -36.255 0.0000000000
38705  42.167  -31.676  -36.719 0.0000000000
38706  41.579  -31.189  -36.651 0.0000000000
38707  40.697  -30.741  -36.618 0.0000000000
38708  39.586  -30.430  -36.425 0.0000000000
38709  38.416  -30.046  -36.578 0.0000000000
38710  37.240  -29.951  -36.370 0.0000000000
38719  45.652  -30.494  -37.159 0.0000000000
38720  45.223  -30.540  -37.419 0.0000000000
38721  43.220  -31.283  -37.406 0.0000000000
38722  42.538  -31.066  -37.331 0.0000000000
38723  41.600  -30.581  -37.457 0.0000000000
38724  40.542  -30.196  -37.514 0.0000000000
38725  39.456  -29.941  -37.355 0.0000000000
38726  38.713  -29.646  -37.461 0.0000000000
38730  45.381  -29.986  -37.790 0.0000000000
38731  44.844  -30.220  -37.848 0.0000000000
38732  44.250  -30.324  -38.120 0.0000000000
38733  43.494  -30.628  -38.004 0.0000000000
38734  42.519  -30.455  -38.314 0.0000000000
38735  41.545  -30.124  -38.462 0.0000000000
38736  40.743  -29.867  -38.331 0.0000000000
38740  44.956  -29.575  -38.160 0.0000000000
38741  44.563  -29.630  -38.665 0.0000000000
38742  44.064  -30.033  -38.927 0.0000000000
38743  43.353  -30.143  -39.125 0.0000000000
38744  42.488  -30.046  -39.366 0.0000000000
38745  41.731  -29.831  -39.261 0.0000000000
38749  44.408  -29.449  -39.578 0.0000000000
38750  43.990  -29.716  -39.822 0.0000000000
38751  43.398  -29.807  -40.135 0.0000000000
38752  42.713  -29.758  -40.152 0.0000000000
38757  44.488  -29.435  -40.319 0.0000000000
38758  44.192  -29.635  -40.672 0.0000000000
38759  43.725  -29.632  -40.926 0.0000000000
39596  43.089  -29.411  -32.815 0.0000000000
39606  44.458  -29.517  -33.873 0.0000000000
39607  43.832  -29.424  -33.203 0.0000000000
39617  45.060  -29.456  -34.711 0.0000000000
39632  45.738  -29.407  -35.968 0.0000000000
39633  45.421  -29.092  -35.437 0.0000000000
39641  46.017  -29.921  -36.967 0.0000000000
39642  45.981  -29.262  -36.799 0.0000000000
39643  37.875  -29.487  -37.128 0.0000000000
39644  36.852  -29.158  -36.692 0.0000000000
39653  45.689  -29.628  -37.565 0.0000000000
39654  45.843  -29.236  -37.379 0.0000000000
39655  40.091  -29.826  -38.028 0.0000000000
39656  39.387  -29.559  -38.120 0.0000000000
39657  38.454  -29.191  -38.076 0.0000000000
39658  37.644  -28.767  -37.472 0.0000000000
39662  45.207  -29.271  -38.019 0.0000000000
39663  41.154  -29.729  -38.892 0.0000000000
39664  40.347  -29.487  -38.771 0.0000000000
39665  39.355  -29.087  -38.910 0.0000000000
39666  38.545  -28.775  -38.780 0.0000000000
39670  44.851  -29.045  -38.780 0.0000000000
39671  44.690  -29.147  -39.419 0.0000000000
39672  42.129  -29.709  -39.825 0.0000000000
39673  41.349  -29.342  -39.641 0.0000000000
39674  40.358  -28.920  -39.442 0.0000000000
39675  39.701  -28.582  -39.457 0.0000000000
39680  45.001  -28.820  -39.803 0.0000000000
39681  44.861  -29.196  -40.189 0.0000000000
39682  43.150  -29.575  -40.656 0.0000000000
39683  42.389  -29.289  -40.539 0.0000000000
39684  41.607  -28.896  -40.365 0.0000000000
39690  45.415  -28.925  -40.700 0.0000000000
39691  44.978  -29.425  -41.040 0.0000000000
39692  44.341  -29.533  -41.478 0.0000000000
39693  43.409  -29.223  -41.411 0.0000000000
39694  42.621  -28.831  -41.235 0.0000000000
39697  45.642  -29.006  -41.528 0.0000000000
39698  45.183  -29.277  -42.077 0.0000000000
39699  44.305  -29.046  -42.204 0.0000000000
39700  43.595  -28.691  -42.127 0.0000000000
40574  42.869  -28.771  -32.741 0.0000000000
40587  44.138  -28.721  -33.757 0.0000000000
40588  43.316  -28.368  -33.436 0.0000000000
40589  42.865  -28.267  -32.909 0.0000000000
40599  44.552  -28.620  -34.472 0.0000000000
40600  44.012  -27.957  -34.239 0.0000000000
40613  45.483  -28.655  -35.965 0.0000000000
40614  44.962  -28.307  -35.438 0.0000000000
40615  44.348  -27.905  -34.954 0.0000000000
40625  45.679  -28.605  -36.650 0.0000000000
40626  45.178  -28.044  -36.459 0.0000000000
40627  37.084  -28.134  -36.904 0.0000000000
40635  45.426  -28.946  -37.860 0.0000000000
40636  45.522  -28.524  -37.625 0.0000000000
40637  45.329  -28.025  -37.182 0.0000000000
40638  37.997  -28.505  -38.293 0.0000000000
40643  44.965  -28.756  -38.363 0.0000000000
40644  45.051  -28.417  -38.486 0.0000000000
40645  38.983  -28.478  -39.275 0.0000000000
40652  44.923  -28.517  -39.219 0.0000000000
40653  45.049  -28.092  -39.514 0.0000000000
40654  40.983  -28.764  -40.031 0.0000000000
40662  45.354  -28.316  -40.290 0.0000000000
40663  45.285  -27.742  -40.321 0.0000000000
40664  42.017  -28.718  -40.890 0.0000000000
40672  45.747  -28.333  -41.306 0.0000000000
40673  43.018  -28.600  -41.712 0.0000000000
40678  45.676  -28.318  -42.248 0.0000000000
40679  45.021  -28.520  -42.673 0.0000000000
41536  43.056  -27.653  -33.761 0.0000000000
41537  42.798  -27.473  -33.155 0.0000000000
41548  43.381  -27.551  -34.211 0.0000000000
41549  42.960  -27.109  -34.117 0.0000000000
41560  44.310  -27.619  -35.594 0.0000000000
41561  43.574  -27.275  -35.164 0.0000000000
41562  43.168  -27.127  -34.651 0.0000000000
41574  44.575  -27.575  -36.281 0.0000000000
41575  43.901  -27.195  -36.192 0.0000000000
41584  45.072  -27.810  -37.876 0.0000000000
41585  44.596  -27.308  -37.323 0.0000000000
41586  44.218  -27.188  -36.751 0.0000000000
41591  44.965  -27.877  -38.763 0.0000000000
41592  44.652  -27.153  -38.497 0.0000000000
41598  45.025  -27.525  -39.860 0.0000000000
41599  44.798  -27.082  -39.493 0.0000000000
41605  45.550  -27.659  -41.074 0.0000000000
41606  45.166  -26.954  -40.805 0.0000000000
41607  44.957  -27.047  -40.118 0.0000000000
41616  45.738  -27.553  -41.918 0.0000000000
41617  45.555  -26.888  -41.717 0.0000000000
42475  42.591  -26.350  -32.845 0.0000000000
42487  42.681  -26.323  -33.825 0.0000000000
42496  43.173  -26.789  -35.417 0.0000000000
42497  42.890  -26.440  -35.010 0.0000000000
42510  43.200  -26.528  -36.021 0.0000000000
42511  42.839  -25.986  -35.744 0.0000000000
42523  44.240  -26.735  -37.518 0.0000000000
42524  43.820  -26.563  -37.144 0.0000000000
42530  44.260  -26.306  -38.057 0.0000000000
42531  43.896  -25.931  -37.678 0.0000000000
42538  44.549  -26.102  -39.335 0.0000000000
42546  44.899  -26.422  -40.209 0.0000000000
43525  42.653  -25.458  -32.569 0.0000000000
43542  42.500  -25.383  -33.375 0.0000000000
43558  42.486  -25.186  -34.443 0.0000000000
43567  42.647  -25.332  -35.514 0.0000000000
43577  43.262  -25.918  -36.800 0.0000000000
43578  42.899  -25.542  -36.330 0.0000000000
43592  43.483  -25.397  -37.448 0.0000000000
43593  43.148  -25.440  -36.889 0.0000000000
43602  43.980  -25.456  -38.039 0.0000000000
44534  44.470  -24.631  -31.579 0.0000000000
44535  43.543  -24.610  -32.001 0.0000000000
44536  42.925  -24.845  -32.333 0.0000000000
44547  43.137  -24.267  -32.515 0.0000000000
44548  42.675  -24.529  -32.926 0.0000000000
44566  42.476  -24.431  -33.692 0.0000000000
44584  42.445  -24.121  -34.376 0.0000000000
44597  42.523  -24.196  -35.256 0.0000000000
44605  42.760  -24.568  -36.170 0.0000000000
44621  43.071  -24.871  -36.883 0.0000000000
45633  44.243  -23.848  -32.157 0.0000000000
45634  43.580  -23.891  -32.447 0.0000000000
45647  44.816  -22.967  -32.460 0.0000000000
45648  43.903  -23.237  -32.637 0.0000000000
45649  43.114  -23.516  -32.996 0.0000000000
45650  42.657  -23.964  -33.324 0.0000000000
45664  42.951  -23.045  -33.444 0.0000000000
45665  42.612  -23.452  -33.790 0.0000000000
45682  42.531  -23.386  -34.707 0.0000000000
45698  42.683  -23.312  -35.371 0.0000000000
46792  45.556  -22.299  -32.646 0.0000000000
46793  44.867  -22.208  -32.865 0.0000000000
46794  44.127  -22.403  -33.030 0.0000000000
46795  43.616  -22.929  -32.988 0.0000000000
46807  43.738  -22.090  -33.390 0.0000000000
46808  43.343  -22.608  -33.355 0.0000000000
46809  42.869  -22.690  -33.730 0.0000000000
46822  42.686  -22.720  -34.315 0.0000000000
47874  46.074  -21.622  -32.843 0.0000000000
47875  45.190  -21.525  -33.117 0.0000000000
47876  44.595  -21.885  -33.139 0.0000000000
47886  44.920  -21.084  -33.468 0.0000000000
47887  44.199  -21.472  -33.644 0.0000000000
47888  43.369  -21.998  -33.680 0.0000000000
47889  43.082  -22.340  -33.668 0.0000000000
47901  43.325  -21.720  -34.318 0.0000000000
47902  42.896  -22.176  -34.001 0.0000000000
48968  46.435  -20.778  -33.073 0.0000000000
48969  45.802  -21.122  -33.094 0.0000000000
48983  46.098  -20.174  -33.377 0.0000000000
48984  45.501  -20.633  -33.439 0.0000000000
48985  44.825  -20.779  -33.760 0.0000000000
49969  47.362  -20.318  -33.187 0.0000000000
49970  46.979  -20.441  -33.103 0.0000000000
49981  46.781  -19.853  -33.361 0.0000000000
