#!ascii label  , from subject cvs_avg35_inMNI152 vox2ras=TkReg
229
15826  32.784  -53.894  27.533 0.0000000000
15840  35.137  -54.508  26.531 0.0000000000
15841  34.222  -54.283  26.512 0.0000000000
15842  33.421  -54.173  26.972 0.0000000000
15843  33.028  -54.063  27.230 0.0000000000
15851  36.380  -54.195  25.363 0.0000000000
15852  35.390  -54.193  25.883 0.0000000000
15853  34.795  -54.255  26.111 0.0000000000
15861  36.903  -54.228  24.750 0.0000000000
16613  32.480  -53.524  27.890 0.0000000000
16614  32.279  -52.901  28.207 0.0000000000
16627  32.567  -53.499  27.206 0.0000000000
16628  32.350  -53.057  27.324 0.0000000000
16642  33.889  -54.029  25.958 0.0000000000
16643  33.388  -54.014  26.233 0.0000000000
16644  32.794  -53.789  26.711 0.0000000000
16645  32.386  -53.233  26.630 0.0000000000
16652  36.143  -53.435  24.983 0.0000000000
16653  35.556  -53.600  25.366 0.0000000000
16654  34.542  -53.798  25.684 0.0000000000
16655  33.574  -53.658  25.636 0.0000000000
16656  32.790  -53.620  25.867 0.0000000000
16657  32.475  -53.398  26.210 0.0000000000
16663  37.195  -53.825  23.977 0.0000000000
16664  36.731  -53.669  24.448 0.0000000000
16671  37.547  -53.906  23.336 0.0000000000
16672  37.051  -53.495  23.805 0.0000000000
16682  37.728  -53.688  22.536 0.0000000000
16698  37.718  -53.323  22.000 0.0000000000
17408  32.169  -52.334  28.899 0.0000000000
17426  32.283  -52.175  28.103 0.0000000000
17441  32.282  -52.387  27.374 0.0000000000
17456  32.172  -52.706  26.706 0.0000000000
17466  36.021  -53.219  24.863 0.0000000000
17467  35.756  -53.181  24.921 0.0000000000
17468  35.026  -53.137  25.061 0.0000000000
17469  34.043  -53.095  25.155 0.0000000000
17470  33.013  -53.289  25.076 0.0000000000
17471  32.039  -52.914  25.718 0.0000000000
17479  36.128  -53.173  24.588 0.0000000000
17480  35.580  -52.838  24.481 0.0000000000
17481  34.643  -52.700  24.488 0.0000000000
17482  33.601  -52.746  24.417 0.0000000000
17483  32.438  -52.714  24.380 0.0000000000
17484  31.510  -52.411  24.715 0.0000000000
17492  37.137  -53.318  23.434 0.0000000000
17493  36.472  -52.877  23.720 0.0000000000
17494  35.328  -52.394  23.844 0.0000000000
17495  34.293  -52.302  23.788 0.0000000000
17496  33.257  -52.394  23.640 0.0000000000
17497  32.381  -52.289  23.543 0.0000000000
17504  37.325  -53.076  22.770 0.0000000000
17505  36.595  -52.359  22.550 0.0000000000
17516  37.904  -53.339  21.310 0.0000000000
17517  37.412  -52.541  21.536 0.0000000000
17518  36.581  -51.879  21.728 0.0000000000
17532  37.962  -52.996  20.455 0.0000000000
17533  37.489  -52.166  20.280 0.0000000000
17547  37.987  -52.573  19.188 0.0000000000
17548  37.510  -51.844  19.532 0.0000000000
18283  32.073  -51.086  29.468 0.0000000000
18284  32.063  -51.636  29.417 0.0000000000
18303  32.192  -51.033  28.948 0.0000000000
18304  32.253  -51.633  28.515 0.0000000000
18322  32.298  -51.002  28.138 0.0000000000
18323  32.224  -51.553  27.513 0.0000000000
18341  31.761  -51.970  26.578 0.0000000000
18352  31.020  -51.978  25.499 0.0000000000
18359  31.700  -52.283  23.929 0.0000000000
18360  30.890  -51.809  24.176 0.0000000000
18368  35.845  -52.221  23.137 0.0000000000
18369  34.987  -51.910  23.153 0.0000000000
18370  33.949  -51.891  23.048 0.0000000000
18371  32.895  -52.075  22.864 0.0000000000
18372  31.767  -51.755  23.058 0.0000000000
18373  30.930  -51.309  23.388 0.0000000000
18380  35.724  -51.701  22.322 0.0000000000
18381  34.640  -51.506  22.451 0.0000000000
18382  33.605  -51.399  22.237 0.0000000000
18383  32.471  -51.571  22.424 0.0000000000
18384  32.013  -51.539  22.555 0.0000000000
18394  36.929  -51.681  20.933 0.0000000000
18395  36.074  -51.199  21.231 0.0000000000
18396  35.064  -51.191  21.780 0.0000000000
18397  34.390  -51.240  21.990 0.0000000000
18409  36.962  -51.397  20.006 0.0000000000
18410  36.577  -51.276  20.612 0.0000000000
18423  37.673  -51.783  18.940 0.0000000000
18424  37.260  -51.367  19.205 0.0000000000
18437  37.435  -51.334  18.459 0.0000000000
19169  31.968  -50.190  30.656 0.0000000000
19170  31.852  -50.963  30.455 0.0000000000
19183  32.105  -50.474  29.603 0.0000000000
19184  31.977  -51.175  29.859 0.0000000000
19204  32.305  -50.341  28.473 0.0000000000
19224  32.229  -50.451  27.226 0.0000000000
19225  32.002  -51.216  26.805 0.0000000000
19242  31.810  -50.230  26.535 0.0000000000
19243  31.424  -50.854  26.231 0.0000000000
19252  30.895  -50.920  25.087 0.0000000000
19258  30.861  -50.768  24.082 0.0000000000
19267  31.171  -51.224  22.741 0.0000000000
19268  30.932  -50.633  23.200 0.0000000000
19278  33.458  -50.961  21.740 0.0000000000
19279  32.792  -51.129  21.861 0.0000000000
19280  31.853  -51.227  22.243 0.0000000000
19281  31.275  -50.634  22.397 0.0000000000
19289  35.747  -50.856  20.741 0.0000000000
19290  35.194  -50.799  21.080 0.0000000000
19291  34.185  -50.821  21.519 0.0000000000
19292  33.231  -50.480  21.380 0.0000000000
19293  32.232  -50.641  21.648 0.0000000000
19294  31.650  -50.657  21.939 0.0000000000
19303  36.619  -51.004  19.751 0.0000000000
19304  36.208  -50.902  20.225 0.0000000000
19305  35.379  -50.586  20.380 0.0000000000
19306  34.473  -50.398  20.672 0.0000000000
19307  33.860  -50.391  21.062 0.0000000000
19320  36.854  -51.055  19.426 0.0000000000
19321  36.393  -50.652  19.330 0.0000000000
19322  35.660  -50.385  19.647 0.0000000000
19323  34.838  -50.189  19.884 0.0000000000
19336  36.929  -50.894  18.806 0.0000000000
19337  36.403  -50.320  18.428 0.0000000000
19349  37.024  -50.777  17.906 0.0000000000
19350  36.505  -50.027  17.440 0.0000000000
20097  32.269  -49.201  31.073 0.0000000000
20111  32.134  -49.438  29.936 0.0000000000
20123  32.248  -49.544  28.916 0.0000000000
20135  32.366  -49.571  27.931 0.0000000000
20149  32.310  -49.530  27.209 0.0000000000
20168  32.071  -49.730  26.652 0.0000000000
20169  31.500  -49.888  26.204 0.0000000000
20183  31.109  -50.177  25.631 0.0000000000
20192  30.983  -50.011  24.845 0.0000000000
20200  30.978  -49.891  23.896 0.0000000000
20208  31.065  -49.856  22.899 0.0000000000
20219  33.138  -50.098  21.126 0.0000000000
20220  32.626  -50.084  21.200 0.0000000000
20221  31.469  -49.919  21.679 0.0000000000
20231  34.216  -50.089  20.137 0.0000000000
20232  33.447  -49.975  20.622 0.0000000000
20233  32.208  -49.526  20.634 0.0000000000
20234  31.349  -49.246  20.975 0.0000000000
20246  35.890  -50.091  18.950 0.0000000000
20247  35.186  -49.748  19.163 0.0000000000
20248  34.105  -49.577  19.512 0.0000000000
20249  33.002  -49.264  19.868 0.0000000000
20250  32.194  -48.986  19.986 0.0000000000
20269  35.703  -49.372  18.146 0.0000000000
20270  34.655  -49.109  18.654 0.0000000000
20271  34.011  -49.083  18.868 0.0000000000
20289  36.202  -49.014  16.955 0.0000000000
21028  32.266  -48.223  30.880 0.0000000000
21040  32.127  -48.541  30.116 0.0000000000
21052  32.201  -48.717  29.206 0.0000000000
21064  32.309  -48.775  28.297 0.0000000000
21077  32.344  -48.868  27.437 0.0000000000
21096  32.242  -49.122  26.833 0.0000000000
21097  31.822  -49.158  26.345 0.0000000000
21112  31.307  -49.298  25.641 0.0000000000
21126  31.136  -49.089  24.699 0.0000000000
21137  31.079  -48.996  23.702 0.0000000000
21143  31.046  -48.963  22.658 0.0000000000
21151  31.059  -48.813  21.689 0.0000000000
21160  31.563  -48.926  20.373 0.0000000000
21161  31.020  -48.599  20.875 0.0000000000
21171  33.458  -48.901  19.140 0.0000000000
21172  32.593  -48.542  19.443 0.0000000000
21173  31.731  -48.482  19.824 0.0000000000
21174  31.162  -48.414  20.243 0.0000000000
21190  35.675  -48.470  17.510 0.0000000000
21191  35.059  -48.109  18.076 0.0000000000
21192  33.988  -48.357  18.622 0.0000000000
21193  33.210  -48.202  18.999 0.0000000000
21211  35.935  -47.898  16.918 0.0000000000
21212  35.535  -47.874  17.482 0.0000000000
21227  36.354  -48.293  16.098 0.0000000000
21949  31.923  -47.749  30.215 0.0000000000
21961  32.032  -47.951  29.322 0.0000000000
21962  31.677  -47.235  29.381 0.0000000000
21973  32.214  -48.131  28.584 0.0000000000
21974  31.997  -47.406  28.374 0.0000000000
21985  32.284  -47.930  27.656 0.0000000000
21986  32.135  -47.324  27.707 0.0000000000
22003  32.201  -48.426  26.693 0.0000000000
22004  31.668  -48.612  26.096 0.0000000000
22018  31.820  -48.035  26.219 0.0000000000
22019  31.377  -48.277  25.531 0.0000000000
22033  31.123  -48.141  24.542 0.0000000000
22052  31.015  -48.072  23.521 0.0000000000
22061  30.946  -48.034  22.523 0.0000000000
22067  30.890  -47.947  21.598 0.0000000000
22073  30.882  -47.844  20.719 0.0000000000
22082  32.637  -47.870  19.088 0.0000000000
22083  31.923  -47.964  19.329 0.0000000000
22084  31.093  -47.835  19.791 0.0000000000
22095  34.710  -47.460  17.791 0.0000000000
22096  34.203  -47.584  18.134 0.0000000000
22097  33.221  -47.328  18.535 0.0000000000
22098  32.148  -47.343  18.914 0.0000000000
22118  35.713  -47.333  16.609 0.0000000000
22119  35.107  -47.161  17.116 0.0000000000
22120  34.283  -47.041  17.678 0.0000000000
22121  33.814  -47.120  18.038 0.0000000000
22136  36.035  -47.487  16.088 0.0000000000
22137  35.545  -46.904  16.158 0.0000000000
22150  36.340  -47.745  15.256 0.0000000000
22151  35.797  -47.037  15.274 0.0000000000
22890  31.434  -46.740  28.494 0.0000000000
22900  32.206  -47.321  27.374 0.0000000000
22901  31.833  -46.781  27.393 0.0000000000
22902  31.136  -46.378  27.789 0.0000000000
22915  32.187  -47.477  26.720 0.0000000000
22916  31.848  -46.819  26.141 0.0000000000
22930  31.753  -47.563  25.978 0.0000000000
22931  31.353  -47.380  25.344 0.0000000000
22941  31.079  -47.159  24.363 0.0000000000
22942  30.806  -46.650  23.891 0.0000000000
22959  30.910  -47.263  23.321 0.0000000000
22972  30.791  -47.232  22.417 0.0000000000
23027  34.561  -46.531  16.644 0.0000000000
23028  34.157  -46.535  17.044 0.0000000000
23045  34.864  -46.472  16.188 0.0000000000
23063  35.174  -46.501  15.431 0.0000000000
23833  31.202  -46.294  27.272 0.0000000000
23844  31.226  -46.268  26.592 0.0000000000
23858  31.104  -46.466  25.418 0.0000000000
23870  30.831  -46.384  24.534 0.0000000000
