#!ascii label  , from subject cvs_avg35_inMNI152 vox2ras=TkReg
233
3344  26.309  -74.315  -31.863 0.0000000000
3356  25.901  -74.188  -32.335 0.0000000000
3710  23.666  -73.256  -25.743 0.0000000000
3711  23.193  -73.427  -25.648 0.0000000000
3712  22.496  -73.517  -25.606 0.0000000000
3722  24.302  -73.456  -26.565 0.0000000000
3723  23.733  -73.595  -26.375 0.0000000000
3724  22.749  -73.925  -26.178 0.0000000000
3725  21.963  -73.845  -26.006 0.0000000000
3737  25.419  -73.520  -27.661 0.0000000000
3738  24.477  -73.633  -27.169 0.0000000000
3739  23.533  -73.946  -27.338 0.0000000000
3740  22.855  -73.908  -27.040 0.0000000000
3741  22.151  -73.711  -26.860 0.0000000000
3751  26.720  -73.489  -28.669 0.0000000000
3752  25.968  -73.789  -28.363 0.0000000000
3753  24.820  -73.980  -28.299 0.0000000000
3754  23.795  -73.852  -28.166 0.0000000000
3755  22.747  -73.641  -28.084 0.0000000000
3756  22.325  -73.646  -27.460 0.0000000000
3766  27.467  -73.056  -29.296 0.0000000000
3767  27.025  -73.511  -29.346 0.0000000000
3768  26.306  -73.953  -29.327 0.0000000000
3769  25.279  -74.090  -29.337 0.0000000000
3770  23.981  -73.667  -29.402 0.0000000000
3771  23.277  -73.623  -28.756 0.0000000000
3784  27.503  -73.314  -29.947 0.0000000000
3785  26.841  -73.925  -30.146 0.0000000000
3786  25.875  -74.167  -30.297 0.0000000000
3787  24.861  -73.809  -30.427 0.0000000000
3788  24.042  -73.250  -30.610 0.0000000000
3804  27.615  -73.721  -31.047 0.0000000000
3805  26.545  -74.216  -31.085 0.0000000000
3806  25.534  -73.959  -31.534 0.0000000000
3807  24.569  -73.305  -31.395 0.0000000000
3808  24.038  -72.947  -31.247 0.0000000000
3823  25.780  -74.084  -33.019 0.0000000000
3824  25.437  -73.753  -32.597 0.0000000000
3825  24.966  -73.335  -32.286 0.0000000000
3836  25.663  -73.976  -33.396 0.0000000000
3837  25.359  -73.525  -33.423 0.0000000000
3838  25.171  -73.304  -32.884 0.0000000000
4186  21.276  -72.207  -23.676 0.0000000000
4187  20.884  -72.262  -23.624 0.0000000000
4188  20.122  -72.267  -23.556 0.0000000000
4189  14.858  -72.140  -23.560 0.0000000000
4190  14.491  -72.193  -23.478 0.0000000000
4195  22.160  -72.677  -24.734 0.0000000000
4196  21.498  -72.468  -24.194 0.0000000000
4197  20.397  -72.557  -24.273 0.0000000000
4198  19.273  -72.211  -24.142 0.0000000000
4199  18.274  -71.940  -24.635 0.0000000000
4200  17.706  -71.853  -24.866 0.0000000000
4201  14.793  -72.272  -24.131 0.0000000000
4202  13.949  -72.555  -24.045 0.0000000000
4211  23.562  -72.726  -25.413 0.0000000000
4212  22.763  -72.904  -25.063 0.0000000000
4213  21.791  -73.185  -25.319 0.0000000000
4214  20.778  -72.955  -25.153 0.0000000000
4215  19.790  -72.621  -25.224 0.0000000000
4216  18.830  -72.253  -25.379 0.0000000000
4217  17.921  -72.050  -25.503 0.0000000000
4218  15.078  -72.223  -25.355 0.0000000000
4219  14.282  -72.509  -25.067 0.0000000000
4230  24.500  -72.860  -26.416 0.0000000000
4231  23.996  -72.947  -25.832 0.0000000000
4232  21.534  -73.536  -25.962 0.0000000000
4233  21.063  -73.255  -26.025 0.0000000000
4234  20.245  -72.849  -26.156 0.0000000000
4235  19.333  -72.490  -26.293 0.0000000000
4236  18.381  -72.256  -26.424 0.0000000000
4237  15.073  -72.136  -26.037 0.0000000000
4238  14.635  -72.242  -26.138 0.0000000000
4239  13.786  -72.514  -26.053 0.0000000000
4251  26.875  -72.543  -27.888 0.0000000000
4252  26.311  -72.968  -27.693 0.0000000000
4253  25.363  -72.889  -27.089 0.0000000000
4254  21.502  -73.454  -26.623 0.0000000000
4255  20.737  -73.065  -26.998 0.0000000000
4256  19.830  -72.653  -27.184 0.0000000000
4257  18.946  -72.380  -27.305 0.0000000000
4258  18.100  -72.205  -27.461 0.0000000000
4259  14.212  -72.275  -26.855 0.0000000000
4260  13.528  -72.489  -27.170 0.0000000000
4270  27.338  -72.810  -28.588 0.0000000000
4271  27.067  -72.918  -28.212 0.0000000000
4272  26.560  -73.351  -28.167 0.0000000000
4273  22.156  -73.186  -28.591 0.0000000000
4274  21.585  -73.222  -27.863 0.0000000000
4275  20.385  -72.706  -28.017 0.0000000000
4276  19.446  -72.400  -28.218 0.0000000000
4277  18.668  -72.246  -28.154 0.0000000000
4278  18.093  -72.050  -28.290 0.0000000000
4279  14.119  -72.147  -27.665 0.0000000000
4280  13.499  -72.435  -28.468 0.0000000000
4286  27.495  -72.670  -28.938 0.0000000000
4287  27.229  -73.109  -28.806 0.0000000000
4288  23.364  -72.983  -30.207 0.0000000000
4289  22.685  -73.065  -29.336 0.0000000000
4290  21.670  -72.796  -29.035 0.0000000000
4291  20.782  -72.563  -28.946 0.0000000000
4292  20.026  -72.405  -28.770 0.0000000000
4301  27.838  -72.518  -29.597 0.0000000000
4306  14.068  -71.993  -31.195 0.0000000000
4314  27.994  -72.901  -30.410 0.0000000000
4344  25.104  -73.043  -33.488 0.0000000000
4713  20.863  -71.133  -22.767 0.0000000000
4714  20.064  -71.181  -22.522 0.0000000000
4715  19.109  -71.075  -22.495 0.0000000000
4716  18.133  -71.017  -22.548 0.0000000000
4717  17.107  -71.053  -22.669 0.0000000000
4718  16.107  -71.203  -22.745 0.0000000000
4719  15.459  -71.219  -22.805 0.0000000000
4730  21.318  -71.719  -23.387 0.0000000000
4731  20.507  -71.849  -23.031 0.0000000000
4732  19.516  -71.832  -23.078 0.0000000000
4733  18.633  -71.560  -23.018 0.0000000000
4734  17.717  -71.490  -23.155 0.0000000000
4735  16.667  -71.498  -23.331 0.0000000000
4736  15.339  -71.754  -23.398 0.0000000000
4737  14.321  -71.737  -23.132 0.0000000000
4743  22.506  -72.020  -24.461 0.0000000000
4744  21.907  -71.648  -23.901 0.0000000000
4745  18.965  -71.839  -23.481 0.0000000000
4746  18.396  -71.765  -23.745 0.0000000000
4747  17.471  -71.688  -24.149 0.0000000000
4748  16.406  -71.812  -24.311 0.0000000000
4749  15.585  -72.068  -24.631 0.0000000000
4760  23.606  -72.241  -25.446 0.0000000000
4761  23.235  -72.038  -25.204 0.0000000000
4762  17.166  -71.821  -25.151 0.0000000000
4763  16.247  -71.867  -25.545 0.0000000000
4764  15.607  -72.055  -25.421 0.0000000000
4778  24.395  -72.040  -26.516 0.0000000000
4779  23.821  -71.915  -25.923 0.0000000000
4780  23.193  -71.449  -25.607 0.0000000000
4781  17.253  -71.949  -26.540 0.0000000000
4782  16.267  -71.815  -26.628 0.0000000000
4783  15.499  -71.952  -26.224 0.0000000000
4784  15.030  -72.029  -26.400 0.0000000000
4797  26.666  -72.175  -27.769 0.0000000000
4798  25.991  -72.056  -27.427 0.0000000000
4799  24.983  -71.919  -27.010 0.0000000000
4800  24.199  -71.415  -26.862 0.0000000000
4801  17.424  -71.914  -27.951 0.0000000000
4802  16.544  -71.741  -27.599 0.0000000000
4803  15.782  -71.761  -27.219 0.0000000000
4804  14.909  -71.877  -27.186 0.0000000000
4818  27.382  -72.501  -28.542 0.0000000000
4819  27.180  -72.075  -28.251 0.0000000000
4823  19.014  -72.163  -28.639 0.0000000000
4824  18.581  -71.935  -28.830 0.0000000000
4825  17.815  -71.703  -28.907 0.0000000000
4826  16.861  -71.563  -28.785 0.0000000000
4827  15.689  -71.568  -28.427 0.0000000000
4828  14.456  -71.813  -28.614 0.0000000000
4829  13.872  -72.121  -29.255 0.0000000000
4840  27.596  -72.054  -28.936 0.0000000000
4847  16.236  -71.355  -29.930 0.0000000000
4848  15.068  -71.442  -29.647 0.0000000000
4849  14.265  -71.827  -29.684 0.0000000000
4850  13.853  -72.149  -29.751 0.0000000000
4870  15.386  -71.317  -30.714 0.0000000000
4871  14.541  -71.613  -30.508 0.0000000000
4872  13.888  -72.099  -30.302 0.0000000000
4886  14.801  -71.543  -31.388 0.0000000000
5281  19.387  -69.706  -22.293 0.0000000000
5282  19.140  -69.822  -22.230 0.0000000000
5290  21.005  -70.451  -22.790 0.0000000000
5291  20.520  -70.447  -22.541 0.0000000000
5292  19.641  -70.194  -22.300 0.0000000000
5293  18.679  -70.235  -22.269 0.0000000000
5294  17.679  -70.287  -22.479 0.0000000000
5295  16.546  -70.385  -22.764 0.0000000000
5296  15.708  -70.835  -22.707 0.0000000000
5308  21.324  -70.805  -23.045 0.0000000000
5309  15.735  -70.484  -22.932 0.0000000000
5310  14.930  -70.851  -23.135 0.0000000000
5323  22.086  -70.950  -24.349 0.0000000000
5324  21.667  -70.848  -23.596 0.0000000000
5325  14.826  -70.345  -24.294 0.0000000000
5338  22.618  -71.057  -25.242 0.0000000000
5831  19.182  -69.404  -22.284 0.0000000000
5832  18.835  -69.555  -22.267 0.0000000000
5840  20.856  -70.053  -22.703 0.0000000000
5841  20.467  -69.550  -22.550 0.0000000000
5842  19.634  -69.399  -22.335 0.0000000000
5843  18.294  -69.539  -22.408 0.0000000000
5844  17.472  -69.388  -22.867 0.0000000000
5845  16.711  -69.730  -23.083 0.0000000000
5852  21.253  -69.725  -23.155 0.0000000000
5853  20.852  -69.262  -22.769 0.0000000000
5854  16.896  -69.292  -23.761 0.0000000000
5855  16.098  -69.962  -23.323 0.0000000000
5856  15.551  -70.380  -23.230 0.0000000000
5865  21.745  -70.135  -24.035 0.0000000000
5866  16.817  -69.123  -24.942 0.0000000000
5867  16.123  -69.625  -24.348 0.0000000000
5868  15.481  -70.176  -23.832 0.0000000000
5875  16.784  -69.083  -25.956 0.0000000000
5876  16.121  -69.456  -25.447 0.0000000000
5877  15.390  -69.874  -24.921 0.0000000000
5886  16.693  -68.923  -26.734 0.0000000000
5887  16.177  -69.264  -26.398 0.0000000000
5897  16.661  -68.830  -27.065 0.0000000000
5898  16.354  -68.978  -27.103 0.0000000000
6382  18.981  -69.208  -22.261 0.0000000000
6383  18.743  -69.138  -22.344 0.0000000000
6392  19.968  -68.807  -22.401 0.0000000000
6393  19.187  -68.769  -22.286 0.0000000000
6394  18.403  -68.644  -22.647 0.0000000000
6395  17.880  -68.686  -22.991 0.0000000000
6402  20.735  -68.526  -22.760 0.0000000000
6403  18.130  -68.159  -23.225 0.0000000000
6404  17.638  -68.674  -23.524 0.0000000000
6416  18.040  -68.013  -24.050 0.0000000000
6417  17.473  -68.582  -24.504 0.0000000000
6426  18.029  -67.794  -25.175 0.0000000000
6427  17.356  -68.565  -25.610 0.0000000000
6436  17.791  -68.049  -26.559 0.0000000000
6437  17.148  -68.687  -26.458 0.0000000000
6445  17.863  -68.131  -27.777 0.0000000000
6446  16.917  -68.628  -27.337 0.0000000000
6956  19.760  -67.895  -22.457 0.0000000000
6957  18.945  -67.871  -22.475 0.0000000000
6958  18.554  -67.709  -22.897 0.0000000000
6967  20.392  -67.428  -22.755 0.0000000000
6968  18.434  -67.464  -23.581 0.0000000000
6981  18.379  -67.379  -24.361 0.0000000000
7571  19.823  -67.066  -22.767 0.0000000000
7572  19.231  -67.217  -22.678 0.0000000000
7573  18.844  -67.389  -22.716 0.0000000000
7587  18.768  -67.037  -23.092 0.0000000000
