#!ascii label  , from subject cvs_avg35_inMNI152 vox2ras=TkReg
276
2365  12.579  -77.006  -23.746 0.0000000000
2378  13.533  -76.383  -24.827 0.0000000000
2379  12.070  -76.926  -25.014 0.0000000000
2390  12.823  -76.359  -25.975 0.0000000000
2391  12.039  -76.788  -26.058 0.0000000000
2400  12.849  -76.145  -26.863 0.0000000000
2401  12.334  -76.478  -26.717 0.0000000000
2402  11.576  -76.757  -26.719 0.0000000000
2410  12.890  -76.087  -27.206 0.0000000000
2411  12.630  -76.222  -27.311 0.0000000000
2412  12.002  -76.483  -27.373 0.0000000000
2413  11.173  -76.605  -27.549 0.0000000000
2424  12.369  -76.246  -27.798 0.0000000000
2425  11.814  -76.325  -28.093 0.0000000000
2426  10.970  -76.353  -28.406 0.0000000000
2802  14.563  -75.764  -25.066 0.0000000000
2803  14.018  -75.862  -25.392 0.0000000000
2811  15.309  -75.289  -25.725 0.0000000000
2812  14.368  -75.542  -25.884 0.0000000000
2813  13.645  -75.909  -25.870 0.0000000000
2820  16.053  -74.878  -26.743 0.0000000000
2821  14.813  -75.102  -26.672 0.0000000000
2822  13.905  -75.564  -26.685 0.0000000000
2823  13.270  -75.940  -26.555 0.0000000000
2834  15.837  -74.668  -27.471 0.0000000000
2835  15.216  -74.775  -27.444 0.0000000000
2836  14.213  -75.209  -27.762 0.0000000000
2837  13.192  -75.906  -27.438 0.0000000000
2838  12.724  -76.131  -27.754 0.0000000000
2850  13.932  -75.351  -28.698 0.0000000000
2851  13.488  -75.645  -28.336 0.0000000000
2852  12.649  -76.017  -28.428 0.0000000000
2853  11.677  -76.074  -28.938 0.0000000000
2854  10.771  -75.995  -29.144 0.0000000000
2862  14.111  -75.290  -29.308 0.0000000000
2863  13.395  -75.595  -29.295 0.0000000000
2864  12.416  -75.762  -29.583 0.0000000000
2865  11.460  -75.648  -29.740 0.0000000000
2866  10.509  -75.308  -29.676 0.0000000000
2877  14.019  -75.330  -30.110 0.0000000000
2878  13.120  -75.415  -30.379 0.0000000000
2879  12.219  -75.282  -30.334 0.0000000000
2880  11.363  -75.048  -30.268 0.0000000000
2881  10.800  -74.757  -29.948 0.0000000000
2888  13.844  -75.151  -31.030 0.0000000000
2889  13.235  -75.170  -31.024 0.0000000000
3288  16.475  -74.564  -27.716 0.0000000000
3289  15.603  -74.580  -28.047 0.0000000000
3290  14.908  -74.765  -28.152 0.0000000000
3291  9.688  -74.092  -27.734 0.0000000000
3292  9.417  -73.951  -27.523 0.0000000000
3300  16.061  -74.375  -28.754 0.0000000000
3301  15.162  -74.602  -28.837 0.0000000000
3302  14.456  -74.961  -28.732 0.0000000000
3303  10.736  -74.203  -28.622 0.0000000000
3304  9.995  -74.188  -28.213 0.0000000000
3305  9.376  -73.920  -28.010 0.0000000000
3315  15.480  -74.484  -29.732 0.0000000000
3316  14.659  -74.916  -29.595 0.0000000000
3317  11.889  -74.102  -29.867 0.0000000000
3318  11.213  -74.210  -29.336 0.0000000000
3319  10.332  -74.513  -29.282 0.0000000000
3320  9.217  -73.989  -28.853 0.0000000000
3331  14.818  -74.809  -30.691 0.0000000000
3332  12.780  -75.068  -30.870 0.0000000000
3333  12.319  -74.425  -30.688 0.0000000000
3334  11.385  -74.515  -30.040 0.0000000000
3335  10.904  -74.499  -29.714 0.0000000000
3348  14.476  -74.511  -31.815 0.0000000000
3349  13.298  -74.598  -31.351 0.0000000000
3350  12.889  -74.224  -31.205 0.0000000000
3701  11.743  -73.307  -24.436 0.0000000000
3702  11.216  -73.347  -24.411 0.0000000000
3703  10.430  -73.361  -24.638 0.0000000000
3704  9.836  -73.337  -24.913 0.0000000000
3713  11.563  -73.483  -24.851 0.0000000000
3714  10.907  -73.688  -25.109 0.0000000000
3715  10.085  -73.709  -25.299 0.0000000000
3716  9.504  -73.385  -25.442 0.0000000000
3726  11.579  -73.459  -25.902 0.0000000000
3727  10.541  -73.819  -26.100 0.0000000000
3728  9.634  -73.761  -26.162 0.0000000000
3729  9.038  -73.141  -26.215 0.0000000000
3730  8.860  -72.614  -26.633 0.0000000000
3742  11.980  -73.296  -27.325 0.0000000000
3743  11.034  -73.763  -27.125 0.0000000000
3744  10.004  -74.032  -27.200 0.0000000000
3745  9.114  -73.631  -27.033 0.0000000000
3746  8.655  -72.907  -27.040 0.0000000000
3757  12.382  -73.276  -28.590 0.0000000000
3758  11.415  -73.798  -28.327 0.0000000000
3759  10.654  -74.058  -27.899 0.0000000000
3760  9.027  -73.740  -27.656 0.0000000000
3761  8.632  -73.272  -27.645 0.0000000000
3776  13.099  -73.021  -30.317 0.0000000000
3777  12.624  -73.470  -29.910 0.0000000000
3778  11.897  -73.766  -29.237 0.0000000000
3779  8.882  -73.589  -28.139 0.0000000000
3780  8.546  -73.049  -28.343 0.0000000000
3795  12.997  -73.315  -30.689 0.0000000000
3796  12.723  -73.760  -30.815 0.0000000000
3815  13.840  -74.033  -31.915 0.0000000000
3816  13.266  -73.654  -31.382 0.0000000000
3817  12.754  -74.033  -31.095 0.0000000000
3830  13.933  -73.440  -32.026 0.0000000000
4191  13.744  -72.208  -23.387 0.0000000000
4203  12.960  -72.615  -23.922 0.0000000000
4204  11.850  -72.838  -24.092 0.0000000000
4205  10.884  -72.805  -24.199 0.0000000000
4206  9.983  -72.733  -24.789 0.0000000000
4207  9.528  -73.139  -25.005 0.0000000000
4220  13.362  -72.825  -24.952 0.0000000000
4221  12.312  -73.246  -24.799 0.0000000000
4222  9.681  -72.352  -25.652 0.0000000000
4223  9.354  -72.865  -25.459 0.0000000000
4240  12.754  -72.921  -26.249 0.0000000000
4241  9.547  -72.216  -26.039 0.0000000000
4242  9.259  -72.407  -26.251 0.0000000000
4243  8.951  -72.355  -26.688 0.0000000000
4261  12.819  -72.816  -27.719 0.0000000000
4262  9.091  -72.134  -26.789 0.0000000000
4263  8.775  -72.243  -27.097 0.0000000000
4281  12.912  -72.840  -28.468 0.0000000000
4282  8.514  -72.362  -27.903 0.0000000000
4293  13.399  -72.607  -29.747 0.0000000000
4294  12.954  -72.907  -29.051 0.0000000000
4307  13.401  -72.691  -30.845 0.0000000000
4324  13.965  -72.735  -31.817 0.0000000000
4738  13.680  -71.783  -23.178 0.0000000000
4750  13.156  -71.946  -23.404 0.0000000000
4751  12.400  -71.980  -23.845 0.0000000000
4752  11.513  -72.115  -24.191 0.0000000000
4753  10.774  -72.174  -24.572 0.0000000000
4765  12.008  -71.553  -24.323 0.0000000000
4766  11.435  -71.417  -24.988 0.0000000000
4767  10.385  -71.951  -25.355 0.0000000000
4785  10.982  -71.353  -26.261 0.0000000000
4786  9.843  -71.924  -26.318 0.0000000000
4787  9.354  -72.036  -26.659 0.0000000000
4805  11.098  -71.207  -27.107 0.0000000000
4806  10.417  -71.411  -27.151 0.0000000000
4807  9.362  -71.658  -27.298 0.0000000000
4808  8.766  -71.897  -27.564 0.0000000000
4830  9.469  -71.011  -28.205 0.0000000000
4831  8.920  -71.554  -28.118 0.0000000000
4852  8.737  -71.774  -28.734 0.0000000000
5311  13.885  -71.329  -23.337 0.0000000000
5312  13.439  -71.587  -23.357 0.0000000000
5326  14.043  -70.753  -23.995 0.0000000000
5327  13.136  -71.311  -23.909 0.0000000000
5328  12.465  -71.433  -24.170 0.0000000000
5339  14.835  -70.069  -25.057 0.0000000000
5340  14.259  -70.273  -24.895 0.0000000000
5341  13.414  -70.557  -24.781 0.0000000000
5342  12.366  -70.944  -24.791 0.0000000000
5343  11.910  -71.009  -25.178 0.0000000000
5352  15.061  -69.928  -25.447 0.0000000000
5353  14.644  -70.000  -25.676 0.0000000000
5354  13.893  -70.187  -25.648 0.0000000000
5355  13.007  -70.403  -25.730 0.0000000000
5356  11.977  -70.770  -25.816 0.0000000000
5360  14.341  -69.968  -26.232 0.0000000000
5361  13.723  -70.043  -26.493 0.0000000000
5362  12.753  -70.208  -26.852 0.0000000000
5363  11.683  -70.674  -27.065 0.0000000000
5364  10.969  -70.814  -27.648 0.0000000000
5365  10.111  -70.871  -27.881 0.0000000000
5374  12.297  -70.103  -27.629 0.0000000000
5375  11.612  -70.177  -27.975 0.0000000000
5888  15.330  -69.710  -26.038 0.0000000000
5889  14.753  -69.856  -26.252 0.0000000000
5899  15.637  -69.307  -26.978 0.0000000000
5900  14.644  -69.648  -26.924 0.0000000000
5901  13.639  -69.717  -27.386 0.0000000000
5902  12.929  -69.816  -27.720 0.0000000000
5909  15.924  -68.940  -27.507 0.0000000000
5910  15.233  -69.008  -27.653 0.0000000000
5911  14.298  -69.161  -27.965 0.0000000000
5912  13.434  -69.407  -28.201 0.0000000000
5913  12.483  -69.631  -28.402 0.0000000000
5922  13.906  -69.001  -28.579 0.0000000000
5923  13.300  -69.122  -29.017 0.0000000000
6447  16.319  -68.800  -27.548 0.0000000000
6457  17.948  -67.972  -28.706 0.0000000000
6458  17.077  -68.205  -28.407 0.0000000000
6459  16.026  -68.623  -28.178 0.0000000000
6460  14.892  -68.695  -28.423 0.0000000000
6461  14.319  -68.832  -28.530 0.0000000000
6469  18.627  -67.701  -29.507 0.0000000000
6470  18.100  -67.754  -29.495 0.0000000000
6471  17.283  -67.853  -29.290 0.0000000000
6472  16.348  -68.059  -29.153 0.0000000000
6473  15.313  -68.285  -29.127 0.0000000000
6474  14.196  -68.666  -29.168 0.0000000000
6475  13.547  -68.837  -29.503 0.0000000000
6487  18.036  -67.633  -30.020 0.0000000000
6488  17.521  -67.651  -30.024 0.0000000000
6489  16.642  -67.725  -30.045 0.0000000000
6490  15.730  -67.913  -29.941 0.0000000000
6491  14.742  -68.249  -30.028 0.0000000000
6504  16.087  -67.790  -30.588 0.0000000000
6505  15.340  -67.969  -30.808 0.0000000000
6506  14.288  -68.135  -30.975 0.0000000000
7028  18.494  -67.666  -29.976 0.0000000000
7040  18.946  -67.658  -30.635 0.0000000000
7041  17.979  -67.530  -30.636 0.0000000000
7042  17.027  -67.543  -30.727 0.0000000000
7043  16.492  -67.672  -30.698 0.0000000000
7057  21.407  -67.553  -31.700 0.0000000000
7058  20.439  -67.497  -31.655 0.0000000000
7059  19.446  -67.575  -31.572 0.0000000000
7060  18.411  -67.512  -31.582 0.0000000000
7061  17.362  -67.506  -31.595 0.0000000000
7062  16.197  -67.717  -31.458 0.0000000000
7063  14.938  -67.863  -31.801 0.0000000000
7075  23.306  -67.662  -32.777 0.0000000000
7076  22.727  -67.887  -32.737 0.0000000000
7077  21.874  -67.789  -32.676 0.0000000000
7078  20.911  -67.637  -32.616 0.0000000000
7079  19.912  -67.540  -32.566 0.0000000000
7080  18.890  -67.456  -32.538 0.0000000000
7081  17.845  -67.442  -32.570 0.0000000000
7082  16.739  -67.559  -32.649 0.0000000000
7083  15.546  -67.675  -32.759 0.0000000000
7094  23.633  -67.448  -33.159 0.0000000000
7095  23.182  -67.696  -33.378 0.0000000000
7096  22.419  -67.725  -33.516 0.0000000000
7097  21.462  -67.600  -33.545 0.0000000000
7098  20.441  -67.449  -33.509 0.0000000000
7099  19.411  -67.325  -33.464 0.0000000000
7100  18.383  -67.267  -33.465 0.0000000000
7101  17.334  -67.311  -33.569 0.0000000000
7102  16.148  -67.287  -33.819 0.0000000000
7112  23.677  -67.344  -33.717 0.0000000000
7113  23.126  -67.389  -34.111 0.0000000000
7114  22.148  -67.339  -34.340 0.0000000000
7115  21.075  -67.158  -34.335 0.0000000000
7116  20.001  -67.023  -34.282 0.0000000000
7117  18.960  -66.920  -34.227 0.0000000000
7118  17.952  -66.855  -34.226 0.0000000000
7119  16.978  -66.767  -34.302 0.0000000000
7696  25.125  -66.171  -33.226 0.0000000000
7709  25.194  -66.144  -33.628 0.0000000000
7710  24.798  -66.440  -33.726 0.0000000000
7711  24.138  -67.026  -33.373 0.0000000000
7722  24.685  -66.429  -34.140 0.0000000000
7723  24.156  -66.814  -34.294 0.0000000000
7724  23.012  -66.736  -34.803 0.0000000000
7725  21.843  -66.565  -34.890 0.0000000000
7726  20.701  -66.403  -34.825 0.0000000000
7727  19.607  -66.276  -34.710 0.0000000000
7728  18.568  -66.200  -34.619 0.0000000000
7729  17.598  -66.136  -34.577 0.0000000000
8373  26.158  -65.396  -33.374 0.0000000000
8374  25.611  -65.835  -33.505 0.0000000000
8375  25.204  -66.138  -33.848 0.0000000000
8391  25.680  -65.535  -33.970 0.0000000000
8392  25.012  -65.925  -34.237 0.0000000000
8393  23.927  -65.881  -34.926 0.0000000000
8394  22.701  -65.730  -35.116 0.0000000000
8395  21.494  -65.582  -35.091 0.0000000000
8396  20.325  -65.465  -34.997 0.0000000000
8397  19.215  -65.397  -34.851 0.0000000000
9019  26.560  -64.751  -33.366 0.0000000000
9020  26.026  -65.322  -33.726 0.0000000000
9028  26.307  -64.354  -33.852 0.0000000000
9029  25.787  -64.843  -34.156 0.0000000000
9030  24.726  -64.879  -34.792 0.0000000000
9031  23.561  -64.759  -35.117 0.0000000000
9032  22.334  -64.628  -35.143 0.0000000000
9033  21.121  -64.525  -35.036 0.0000000000
9683  26.075  -63.812  -34.056 0.0000000000
9684  25.307  -63.961  -34.507 0.0000000000
9685  24.341  -63.805  -34.874 0.0000000000
9686  23.167  -63.632  -34.986 0.0000000000
9687  21.951  -63.546  -34.901 0.0000000000
