#!ascii label  , from subject cvs_avg35_inMNI152 vox2ras=TkReg
286
61883  65.546  -9.132  -34.094 0.0000000000
61884  64.820  -9.247  -34.235 0.0000000000
61885  64.210  -8.952  -34.393 0.0000000000
61903  65.541  -8.601  -34.512 0.0000000000
61904  65.158  -8.666  -34.458 0.0000000000
61905  64.758  -8.748  -34.419 0.0000000000
62922  65.567  -8.263  -32.359 0.0000000000
62927  66.093  -8.231  -33.267 0.0000000000
62928  65.930  -8.293  -32.799 0.0000000000
62946  66.091  -8.597  -33.878 0.0000000000
62947  64.271  -8.250  -34.593 0.0000000000
62948  63.714  -8.264  -34.484 0.0000000000
62971  65.975  -8.428  -34.555 0.0000000000
62972  65.481  -8.217  -34.746 0.0000000000
62973  64.804  -8.201  -34.659 0.0000000000
63951  63.280  -7.385  -27.786 0.0000000000
63953  60.253  -7.202  -27.675 0.0000000000
63954  59.513  -7.482  -27.681 0.0000000000
63955  58.796  -7.764  -27.821 0.0000000000
63972  64.127  -6.927  -28.820 0.0000000000
63974  59.804  -7.036  -28.168 0.0000000000
63975  59.159  -7.202  -28.319 0.0000000000
63976  58.292  -7.352  -28.658 0.0000000000
63998  64.227  -7.100  -29.348 0.0000000000
64000  57.720  -7.108  -29.306 0.0000000000
64024  65.526  -7.236  -31.490 0.0000000000
64025  65.140  -7.606  -31.242 0.0000000000
64027  66.363  -7.059  -32.478 0.0000000000
64028  65.828  -7.445  -32.124 0.0000000000
64029  65.331  -7.958  -31.895 0.0000000000
64031  66.914  -6.650  -33.567 0.0000000000
64032  66.532  -7.266  -33.121 0.0000000000
64033  65.992  -7.904  -32.773 0.0000000000
64041  66.795  -6.966  -33.921 0.0000000000
64042  66.427  -7.662  -34.197 0.0000000000
64043  64.192  -7.496  -34.768 0.0000000000
64044  63.177  -7.448  -34.449 0.0000000000
64060  65.995  -7.764  -35.063 0.0000000000
64061  65.270  -7.668  -34.948 0.0000000000
64062  64.818  -7.635  -34.904 0.0000000000
65200  62.465  -7.114  -26.936 0.0000000000
65201  62.059  -6.866  -26.915 0.0000000000
65202  61.425  -6.909  -27.079 0.0000000000
65216  64.357  -6.229  -28.096 0.0000000000
65217  63.871  -6.616  -27.981 0.0000000000
65218  62.809  -6.699  -27.364 0.0000000000
65219  61.880  -6.503  -27.621 0.0000000000
65220  61.028  -6.842  -27.675 0.0000000000
65242  65.253  -5.799  -28.884 0.0000000000
65243  64.577  -6.380  -28.734 0.0000000000
65244  64.074  -6.839  -28.527 0.0000000000
65245  61.316  -6.337  -28.190 0.0000000000
65246  60.494  -6.530  -28.492 0.0000000000
65247  59.607  -6.665  -28.720 0.0000000000
65248  58.943  -6.787  -28.943 0.0000000000
65278  65.463  -5.992  -29.631 0.0000000000
65279  64.746  -6.672  -29.931 0.0000000000
65280  60.003  -6.246  -29.185 0.0000000000
65281  59.326  -6.309  -29.376 0.0000000000
65282  58.365  -6.414  -29.708 0.0000000000
65283  57.315  -6.670  -29.813 0.0000000000
65302  65.487  -6.534  -30.629 0.0000000000
65303  64.977  -7.037  -30.673 0.0000000000
65304  58.134  -5.838  -30.311 0.0000000000
65305  57.575  -6.038  -30.317 0.0000000000
65316  66.500  -6.430  -31.730 0.0000000000
65317  65.837  -6.830  -31.481 0.0000000000
65318  65.357  -7.041  -31.111 0.0000000000
65320  67.280  -6.045  -32.839 0.0000000000
65321  66.735  -6.588  -32.517 0.0000000000
65322  66.246  -6.866  -32.090 0.0000000000
65324  67.158  -6.116  -33.498 0.0000000000
65325  66.973  -6.545  -33.133 0.0000000000
65331  66.937  -6.326  -34.066 0.0000000000
65332  66.521  -6.696  -34.420 0.0000000000
65333  64.256  -6.438  -34.960 0.0000000000
65334  63.353  -6.527  -34.749 0.0000000000
65343  66.187  -6.980  -34.872 0.0000000000
65344  65.534  -7.036  -35.058 0.0000000000
65345  64.866  -7.116  -35.052 0.0000000000
66445  64.618  -5.997  -28.149 0.0000000000
66446  64.180  -5.834  -27.929 0.0000000000
66447  63.360  -5.929  -27.880 0.0000000000
66448  62.566  -6.025  -27.846 0.0000000000
66462  66.489  -4.918  -29.207 0.0000000000
66463  65.965  -5.256  -29.083 0.0000000000
66464  64.877  -5.413  -28.420 0.0000000000
66465  63.816  -5.180  -28.351 0.0000000000
66466  62.907  -5.458  -28.346 0.0000000000
66467  61.984  -5.780  -28.394 0.0000000000
66468  61.236  -5.997  -28.789 0.0000000000
66499  67.249  -4.724  -29.848 0.0000000000
66500  66.856  -4.942  -29.598 0.0000000000
66501  66.274  -5.513  -29.799 0.0000000000
66502  63.289  -5.000  -28.884 0.0000000000
66503  62.571  -5.155  -29.086 0.0000000000
66504  61.635  -5.403  -29.258 0.0000000000
66505  60.678  -5.710  -29.454 0.0000000000
66506  59.843  -5.781  -29.705 0.0000000000
66507  59.170  -5.832  -29.890 0.0000000000
66542  67.394  -4.847  -30.241 0.0000000000
66543  66.926  -5.454  -30.373 0.0000000000
66544  66.163  -5.950  -30.442 0.0000000000
66545  60.284  -5.366  -30.052 0.0000000000
66546  59.658  -5.319  -30.301 0.0000000000
66547  58.707  -5.446  -30.413 0.0000000000
66548  57.859  -5.327  -30.595 0.0000000000
66549  57.014  -5.424  -30.665 0.0000000000
66563  67.625  -5.147  -31.326 0.0000000000
66564  66.832  -5.961  -31.127 0.0000000000
66565  66.152  -6.350  -31.079 0.0000000000
66572  67.574  -5.329  -32.482 0.0000000000
66573  67.150  -5.942  -32.015 0.0000000000
66577  67.360  -5.456  -33.268 0.0000000000
66579  67.072  -5.597  -33.936 0.0000000000
66580  66.380  -5.813  -34.536 0.0000000000
66581  65.406  -5.575  -34.828 0.0000000000
66582  64.470  -5.578  -34.881 0.0000000000
66583  63.547  -5.626  -34.848 0.0000000000
66584  62.585  -5.640  -34.807 0.0000000000
66589  66.200  -6.454  -34.680 0.0000000000
66590  65.815  -6.345  -34.936 0.0000000000
66591  65.060  -6.331  -35.086 0.0000000000
67550  66.984  -4.189  -29.418 0.0000000000
67551  66.499  -4.532  -29.183 0.0000000000
67552  65.585  -4.562  -28.835 0.0000000000
67553  64.469  -4.398  -28.951 0.0000000000
67554  63.717  -4.695  -28.899 0.0000000000
67566  67.359  -4.321  -29.817 0.0000000000
67567  66.948  -4.507  -29.470 0.0000000000
67568  64.184  -3.846  -29.412 0.0000000000
67569  63.350  -4.217  -29.546 0.0000000000
67570  62.121  -4.615  -29.709 0.0000000000
67571  61.202  -4.968  -29.909 0.0000000000
67572  60.679  -5.198  -30.028 0.0000000000
67609  67.785  -4.194  -30.731 0.0000000000
67610  63.063  -3.685  -30.151 0.0000000000
67611  62.507  -3.894  -30.186 0.0000000000
67612  61.567  -4.143  -30.285 0.0000000000
67613  60.471  -4.578  -30.399 0.0000000000
67614  59.327  -4.516  -30.650 0.0000000000
67615  58.326  -4.540  -30.771 0.0000000000
67616  57.404  -4.598  -30.862 0.0000000000
67617  56.495  -4.699  -30.948 0.0000000000
67650  67.911  -4.114  -31.652 0.0000000000
67672  67.817  -4.553  -32.256 0.0000000000
67692  67.446  -4.612  -33.011 0.0000000000
67693  66.993  -4.395  -33.539 0.0000000000
67694  66.202  -4.260  -33.710 0.0000000000
67695  65.162  -4.169  -33.731 0.0000000000
67696  64.059  -4.179  -33.758 0.0000000000
67697  63.069  -4.192  -33.946 0.0000000000
67698  62.216  -4.235  -34.011 0.0000000000
67699  61.528  -4.226  -34.023 0.0000000000
67717  67.212  -4.986  -33.636 0.0000000000
67718  66.705  -4.928  -34.081 0.0000000000
67719  65.809  -4.865  -34.324 0.0000000000
67720  64.786  -4.826  -34.411 0.0000000000
67721  63.786  -4.859  -34.459 0.0000000000
67722  62.847  -4.849  -34.551 0.0000000000
67723  61.953  -4.808  -34.530 0.0000000000
68717  66.982  -3.940  -29.418 0.0000000000
68718  66.754  -3.921  -29.288 0.0000000000
68719  66.129  -3.899  -29.084 0.0000000000
68720  65.380  -3.914  -29.097 0.0000000000
68728  67.066  -3.665  -29.648 0.0000000000
68729  66.498  -3.335  -29.525 0.0000000000
68730  65.769  -3.280  -29.418 0.0000000000
68731  64.858  -3.426  -29.464 0.0000000000
68732  64.078  -3.339  -29.771 0.0000000000
68752  67.456  -3.387  -30.367 0.0000000000
68753  63.460  -3.273  -30.102 0.0000000000
68754  62.826  -3.159  -30.289 0.0000000000
68755  62.004  -3.211  -30.359 0.0000000000
68756  60.990  -3.366  -30.449 0.0000000000
68757  59.886  -3.493  -30.575 0.0000000000
68758  58.817  -3.600  -30.774 0.0000000000
68759  57.822  -3.698  -30.974 0.0000000000
68760  56.931  -3.888  -30.989 0.0000000000
68784  67.585  -3.280  -31.335 0.0000000000
68785  57.297  -3.279  -31.100 0.0000000000
68804  67.304  -3.534  -32.451 0.0000000000
68805  66.279  -2.858  -32.781 0.0000000000
68806  65.243  -2.694  -32.935 0.0000000000
68807  64.663  -2.512  -33.012 0.0000000000
68815  67.174  -4.065  -33.087 0.0000000000
68816  66.665  -3.746  -33.184 0.0000000000
68817  65.674  -3.508  -33.216 0.0000000000
68818  64.418  -3.182  -33.146 0.0000000000
68819  63.284  -3.342  -33.500 0.0000000000
68820  62.386  -3.419  -33.707 0.0000000000
68821  61.653  -3.535  -33.809 0.0000000000
68822  60.996  -3.624  -33.915 0.0000000000
69784  66.872  -2.665  -30.094 0.0000000000
69785  66.178  -2.560  -29.786 0.0000000000
69786  65.412  -2.534  -29.715 0.0000000000
69787  64.606  -2.558  -29.810 0.0000000000
69788  63.913  -2.576  -30.012 0.0000000000
69802  67.180  -2.408  -30.922 0.0000000000
69808  58.259  -2.904  -30.937 0.0000000000
69809  57.705  -3.095  -31.065 0.0000000000
69824  66.956  -2.269  -31.833 0.0000000000
69825  66.656  -1.627  -32.085 0.0000000000
69845  66.794  -2.647  -32.372 0.0000000000
69846  66.351  -1.971  -32.310 0.0000000000
69847  65.587  -2.003  -32.672 0.0000000000
69848  64.857  -1.988  -32.991 0.0000000000
69862  64.194  -2.134  -33.157 0.0000000000
69863  63.436  -2.359  -33.418 0.0000000000
69864  62.596  -2.529  -33.687 0.0000000000
69865  61.715  -2.561  -33.942 0.0000000000
69866  61.241  -3.059  -33.886 0.0000000000
69871  61.285  -2.015  -34.261 0.0000000000
69872  60.735  -2.563  -34.219 0.0000000000
70778  66.415  -1.934  -30.154 0.0000000000
70779  65.866  -1.644  -29.915 0.0000000000
70780  65.058  -1.750  -29.819 0.0000000000
70794  66.654  -1.581  -30.675 0.0000000000
70795  66.281  -1.279  -30.336 0.0000000000
70816  66.772  -1.435  -31.343 0.0000000000
70817  66.700  -1.190  -31.890 0.0000000000
70836  66.400  -1.093  -32.289 0.0000000000
70837  65.837  -1.168  -32.629 0.0000000000
70838  65.121  -1.217  -32.979 0.0000000000
70855  64.382  -1.310  -33.288 0.0000000000
70856  63.636  -1.466  -33.566 0.0000000000
70857  62.741  -1.527  -33.922 0.0000000000
70858  62.194  -2.007  -33.942 0.0000000000
70868  62.319  -0.982  -34.211 0.0000000000
70869  61.793  -1.434  -34.248 0.0000000000
70870  60.902  -1.489  -34.528 0.0000000000
70871  59.880  -1.547  -34.691 0.0000000000
70877  59.407  -1.013  -35.163 0.0000000000
71852  66.271  -0.711  -30.792 0.0000000000
71853  65.873  -0.667  -30.345 0.0000000000
71873  66.504  -0.699  -31.140 0.0000000000
71874  66.585  -0.462  -31.616 0.0000000000
71892  66.482  -0.307  -32.156 0.0000000000
71893  66.032  -0.337  -32.585 0.0000000000
71894  65.415  -0.385  -32.967 0.0000000000
71912  64.650  -0.418  -33.327 0.0000000000
71913  63.872  -0.607  -33.645 0.0000000000
71914  63.262  -0.852  -33.916 0.0000000000
71929  62.715  -0.560  -34.179 0.0000000000
71930  62.034  -0.401  -34.406 0.0000000000
71931  61.212  -0.508  -34.727 0.0000000000
71932  60.491  -0.824  -34.825 0.0000000000
71939  60.596  -0.185  -35.050 0.0000000000
71940  59.905  -0.432  -35.222 0.0000000000
71941  59.061  -0.505  -35.635 0.0000000000
71948  58.481  -0.246  -36.225 0.0000000000
71956  58.256  -0.098  -36.871 0.0000000000
71957  57.861  -0.282  -37.423 0.0000000000
71964  58.442  0.089  -38.750 0.0000000000
71983  58.946  -0.009  -39.293 0.0000000000
72973  66.226  -0.355  -30.930 0.0000000000
72990  66.328  -0.281  -31.143 0.0000000000
72991  66.396  0.265  -31.293 0.0000000000
73007  66.486  0.538  -31.897 0.0000000000
73008  66.117  0.625  -32.497 0.0000000000
73009  65.684  0.282  -32.879 0.0000000000
73027  63.309  -0.053  -34.019 0.0000000000
73046  62.604  0.485  -34.392 0.0000000000
73047  61.617  0.576  -34.764 0.0000000000
73048  60.980  0.269  -35.054 0.0000000000
73060  61.027  0.933  -35.187 0.0000000000
73061  60.404  0.571  -35.437 0.0000000000
73062  59.582  0.420  -35.881 0.0000000000
73063  58.983  0.166  -36.155 0.0000000000
73068  59.213  0.712  -36.466 0.0000000000
73069  58.670  0.375  -36.702 0.0000000000
73073  59.065  0.953  -37.203 0.0000000000
73074  58.507  0.353  -37.565 0.0000000000
73075  58.170  0.101  -38.045 0.0000000000
73080  59.437  0.734  -38.268 0.0000000000
73081  58.569  0.229  -38.449 0.0000000000
73082  58.196  0.097  -38.320 0.0000000000
73097  59.190  0.324  -38.837 0.0000000000
74226  60.754  1.582  -35.581 0.0000000000
74227  60.059  1.383  -36.149 0.0000000000
74228  59.595  0.944  -36.296 0.0000000000
74234  60.078  1.741  -36.986 0.0000000000
74235  59.570  1.238  -36.739 0.0000000000
74244  59.845  1.246  -37.509 0.0000000000
75426  60.611  2.128  -36.105 0.0000000000
75442  60.428  2.043  -36.599 0.0000000000
