#!ascii label  , from subject cvs_avg35_inMNI152 vox2ras=TkReg
287
124184  43.400  61.266  -31.997 0.0000000000
124185  42.889  61.017  -31.901 0.0000000000
124186  41.960  60.743  -31.865 0.0000000000
124187  41.136  60.777  -31.964 0.0000000000
124204  42.523  60.268  -32.367 0.0000000000
124208  38.973  61.227  -32.133 0.0000000000
124659  43.179  62.080  -31.053 0.0000000000
124660  42.785  61.977  -30.895 0.0000000000
124661  41.900  61.854  -30.788 0.0000000000
124662  41.117  61.907  -30.957 0.0000000000
124681  44.050  62.040  -31.847 0.0000000000
124682  43.480  61.851  -31.536 0.0000000000
124683  42.420  61.389  -31.331 0.0000000000
124684  41.486  61.319  -31.396 0.0000000000
124685  40.637  61.558  -31.744 0.0000000000
124700  43.695  61.414  -32.061 0.0000000000
124701  39.955  61.442  -32.415 0.0000000000
124702  39.280  61.578  -32.498 0.0000000000
124703  38.638  61.779  -32.107 0.0000000000
125224  41.678  63.046  -30.054 0.0000000000
125225  40.976  62.997  -30.021 0.0000000000
125226  40.593  63.098  -30.126 0.0000000000
125245  43.206  62.540  -30.889 0.0000000000
125246  42.324  62.652  -30.447 0.0000000000
125247  41.372  62.439  -30.394 0.0000000000
125248  40.456  62.663  -30.787 0.0000000000
125249  39.997  63.094  -30.938 0.0000000000
125271  44.307  62.520  -31.780 0.0000000000
125272  43.804  62.707  -31.287 0.0000000000
125273  40.076  62.247  -32.022 0.0000000000
125274  39.889  62.901  -31.574 0.0000000000
125275  37.921  62.254  -31.814 0.0000000000
125276  37.267  62.808  -31.536 0.0000000000
125277  36.702  63.031  -31.070 0.0000000000
125286  39.729  61.984  -32.566 0.0000000000
125287  39.410  62.541  -32.546 0.0000000000
125288  38.334  62.658  -32.590 0.0000000000
125289  37.650  62.867  -32.243 0.0000000000
125784  41.076  64.140  -29.101 0.0000000000
125785  40.274  64.151  -28.919 0.0000000000
125786  39.750  64.325  -28.896 0.0000000000
125796  43.331  64.067  -30.319 0.0000000000
125797  42.400  63.632  -29.921 0.0000000000
125798  41.433  63.559  -29.578 0.0000000000
125799  40.512  63.469  -29.595 0.0000000000
125800  39.793  63.973  -29.375 0.0000000000
125817  44.543  63.928  -31.293 0.0000000000
125818  43.757  63.464  -30.901 0.0000000000
125819  43.001  63.252  -30.462 0.0000000000
125820  40.371  63.190  -30.182 0.0000000000
125821  39.935  63.496  -30.333 0.0000000000
125822  36.182  63.404  -31.058 0.0000000000
125838  44.775  63.349  -31.723 0.0000000000
125839  44.242  63.199  -31.397 0.0000000000
125840  39.800  63.421  -31.180 0.0000000000
125841  37.250  63.340  -32.097 0.0000000000
125842  36.652  63.530  -31.671 0.0000000000
125843  35.740  63.933  -31.596 0.0000000000
125854  39.659  63.501  -32.004 0.0000000000
125855  38.898  63.550  -32.694 0.0000000000
125856  37.786  63.628  -32.565 0.0000000000
125857  36.968  63.937  -32.174 0.0000000000
125858  36.356  64.037  -32.019 0.0000000000
126314  41.438  64.816  -29.069 0.0000000000
126315  40.794  64.843  -28.835 0.0000000000
126316  39.920  64.880  -28.686 0.0000000000
126317  39.296  65.181  -28.642 0.0000000000
126326  43.617  64.868  -30.326 0.0000000000
126327  42.924  64.724  -29.895 0.0000000000
126328  41.960  64.485  -29.390 0.0000000000
126329  39.279  64.674  -29.089 0.0000000000
126330  38.921  65.158  -28.802 0.0000000000
126344  45.729  65.041  -31.397 0.0000000000
126345  45.148  64.812  -31.267 0.0000000000
126346  44.159  64.592  -30.757 0.0000000000
126347  39.444  64.322  -29.916 0.0000000000
126363  45.176  64.029  -31.611 0.0000000000
126364  39.449  64.225  -31.088 0.0000000000
126365  39.065  64.828  -31.713 0.0000000000
126366  36.434  64.741  -31.662 0.0000000000
126367  35.974  64.611  -31.618 0.0000000000
126368  34.976  64.520  -31.454 0.0000000000
126375  39.302  64.251  -32.185 0.0000000000
126376  38.377  64.513  -32.195 0.0000000000
126377  37.383  64.455  -32.126 0.0000000000
126378  36.588  64.516  -31.892 0.0000000000
126379  36.138  64.303  -31.889 0.0000000000
126798  42.157  66.162  -29.143 0.0000000000
126799  41.579  65.643  -28.928 0.0000000000
126800  40.586  65.673  -28.579 0.0000000000
126801  39.687  65.747  -28.400 0.0000000000
126802  38.845  65.682  -28.438 0.0000000000
126803  38.245  65.927  -28.621 0.0000000000
126812  44.313  66.224  -30.405 0.0000000000
126813  43.689  65.732  -30.186 0.0000000000
126814  42.513  65.670  -29.480 0.0000000000
126815  41.859  65.129  -29.206 0.0000000000
126816  39.168  64.848  -29.617 0.0000000000
126817  38.662  65.506  -29.389 0.0000000000
126818  38.010  66.008  -29.021 0.0000000000
126819  34.415  66.025  -29.882 0.0000000000
126820  33.890  65.836  -29.972 0.0000000000
126830  45.834  65.610  -31.184 0.0000000000
126831  44.683  65.716  -30.706 0.0000000000
126832  44.024  65.237  -30.507 0.0000000000
126833  39.171  64.959  -30.248 0.0000000000
126834  38.808  65.619  -30.487 0.0000000000
126835  37.346  65.890  -30.798 0.0000000000
126836  36.849  65.814  -30.737 0.0000000000
126837  35.874  65.730  -30.567 0.0000000000
126838  34.709  65.632  -30.364 0.0000000000
126852  39.125  65.114  -31.046 0.0000000000
126853  38.351  65.356  -31.298 0.0000000000
126854  37.410  65.427  -31.149 0.0000000000
126855  36.449  65.076  -31.331 0.0000000000
126856  35.367  65.131  -31.228 0.0000000000
126857  34.358  65.012  -31.202 0.0000000000
126864  37.701  64.970  -31.768 0.0000000000
126865  37.005  64.849  -31.669 0.0000000000
126866  36.667  64.810  -31.654 0.0000000000
127292  45.531  66.659  -25.927 0.0000000000
127293  44.944  66.693  -25.646 0.0000000000
127294  44.124  66.605  -25.545 0.0000000000
127295  43.097  66.597  -25.608 0.0000000000
127296  42.027  66.640  -25.626 0.0000000000
127297  41.016  66.702  -25.499 0.0000000000
127298  40.220  66.758  -25.216 0.0000000000
127303  45.627  66.578  -26.587 0.0000000000
127310  39.000  67.063  -27.937 0.0000000000
127311  38.630  67.002  -27.887 0.0000000000
127312  37.930  66.924  -27.876 0.0000000000
127315  46.366  66.767  -28.505 0.0000000000
127316  41.941  66.538  -28.940 0.0000000000
127317  41.243  66.567  -28.675 0.0000000000
127318  40.300  66.596  -28.369 0.0000000000
127319  39.274  66.728  -28.096 0.0000000000
127320  38.385  66.370  -28.099 0.0000000000
127321  37.769  66.599  -28.560 0.0000000000
127329  46.163  66.750  -30.355 0.0000000000
127330  44.138  66.635  -30.212 0.0000000000
127331  43.464  66.722  -29.803 0.0000000000
127332  42.626  66.838  -29.239 0.0000000000
127333  38.542  66.043  -30.054 0.0000000000
127334  37.949  66.484  -29.660 0.0000000000
127335  34.713  66.899  -29.730 0.0000000000
127336  34.308  66.618  -29.737 0.0000000000
127337  33.273  66.510  -29.645 0.0000000000
127346  46.256  66.215  -30.670 0.0000000000
127347  45.551  66.549  -30.651 0.0000000000
127348  44.800  66.734  -30.410 0.0000000000
127349  38.243  66.094  -30.576 0.0000000000
127350  37.409  66.408  -30.518 0.0000000000
127351  36.434  66.539  -30.280 0.0000000000
127352  35.232  66.673  -29.882 0.0000000000
127353  34.695  66.201  -29.869 0.0000000000
127363  37.838  65.865  -30.896 0.0000000000
127364  37.589  65.914  -30.849 0.0000000000
127788  45.644  67.026  -26.275 0.0000000000
127789  45.232  67.414  -26.080 0.0000000000
127790  44.460  67.516  -25.740 0.0000000000
127791  43.586  67.544  -25.631 0.0000000000
127792  42.605  67.573  -25.592 0.0000000000
127793  41.613  67.603  -25.493 0.0000000000
127794  40.666  67.700  -25.273 0.0000000000
127799  45.665  67.372  -26.838 0.0000000000
127800  45.243  68.041  -26.652 0.0000000000
127803  45.940  67.594  -27.874 0.0000000000
127804  39.637  67.670  -27.983 0.0000000000
127805  39.108  67.510  -27.853 0.0000000000
127806  38.171  67.616  -27.691 0.0000000000
127807  37.117  67.611  -27.968 0.0000000000
127808  36.381  68.454  -28.156 0.0000000000
127810  46.352  67.029  -29.461 0.0000000000
127811  45.681  67.824  -29.053 0.0000000000
127812  45.065  68.077  -29.379 0.0000000000
127813  42.961  68.040  -28.966 0.0000000000
127814  42.102  67.519  -28.802 0.0000000000
127815  40.978  67.483  -28.484 0.0000000000
127816  40.038  67.473  -28.150 0.0000000000
127817  39.517  67.338  -28.023 0.0000000000
127818  37.232  67.350  -29.108 0.0000000000
127819  36.597  68.126  -28.875 0.0000000000
127824  46.296  66.934  -29.994 0.0000000000
127825  45.699  67.242  -30.075 0.0000000000
127826  44.637  67.544  -29.842 0.0000000000
127827  43.492  67.688  -29.342 0.0000000000
127828  42.800  67.526  -29.076 0.0000000000
127829  37.202  67.303  -30.013 0.0000000000
127830  36.700  67.946  -29.700 0.0000000000
127831  34.545  67.393  -29.723 0.0000000000
127832  33.621  67.419  -29.633 0.0000000000
127843  45.294  66.991  -30.410 0.0000000000
127844  45.104  67.193  -30.243 0.0000000000
127845  36.838  66.978  -30.202 0.0000000000
127846  36.165  67.559  -30.030 0.0000000000
127847  35.205  67.717  -29.855 0.0000000000
128245  40.889  68.827  -25.004 0.0000000000
128246  40.194  68.500  -24.851 0.0000000000
128249  44.677  68.364  -26.244 0.0000000000
128250  43.994  68.441  -25.769 0.0000000000
128251  43.166  68.531  -25.558 0.0000000000
128252  42.241  68.516  -25.427 0.0000000000
128253  41.324  68.507  -25.254 0.0000000000
128254  40.729  68.378  -25.124 0.0000000000
128256  45.406  68.208  -27.400 0.0000000000
128257  44.926  68.716  -27.007 0.0000000000
128259  45.411  68.253  -28.307 0.0000000000
128260  44.677  68.841  -27.926 0.0000000000
128261  44.047  69.107  -28.097 0.0000000000
128262  40.817  68.893  -28.120 0.0000000000
128263  39.857  68.383  -27.900 0.0000000000
128264  38.747  68.454  -27.583 0.0000000000
128265  37.692  68.519  -27.512 0.0000000000
128266  36.765  68.798  -27.643 0.0000000000
128267  35.992  69.223  -27.927 0.0000000000
128268  35.883  69.674  -28.119 0.0000000000
128270  45.370  68.196  -28.740 0.0000000000
128271  44.940  68.393  -28.888 0.0000000000
128272  43.806  68.656  -28.674 0.0000000000
128273  42.686  68.569  -28.587 0.0000000000
128274  41.600  68.538  -28.413 0.0000000000
128275  40.657  68.163  -28.243 0.0000000000
128276  36.150  69.041  -28.807 0.0000000000
128277  35.968  69.548  -28.398 0.0000000000
128279  44.742  68.094  -29.378 0.0000000000
128280  44.326  68.121  -29.259 0.0000000000
128281  36.921  69.030  -30.494 0.0000000000
128282  36.565  68.813  -29.737 0.0000000000
128283  34.640  68.176  -29.904 0.0000000000
128284  33.924  68.190  -29.777 0.0000000000
128285  32.944  68.376  -29.684 0.0000000000
128296  36.315  68.644  -30.475 0.0000000000
128297  35.212  68.659  -30.312 0.0000000000
128685  42.453  69.961  -24.996 0.0000000000
128686  41.821  69.883  -24.882 0.0000000000
128691  44.171  69.074  -26.161 0.0000000000
128692  43.647  69.500  -25.770 0.0000000000
128693  42.850  69.526  -25.327 0.0000000000
128694  41.990  69.296  -25.206 0.0000000000
128695  41.373  69.222  -25.036 0.0000000000
128697  44.386  69.151  -26.770 0.0000000000
128698  43.834  69.664  -26.566 0.0000000000
128699  37.609  70.043  -26.925 0.0000000000
128700  36.933  70.165  -26.942 0.0000000000
128701  36.636  70.323  -27.126 0.0000000000
128703  44.469  69.088  -27.302 0.0000000000
128704  43.811  69.516  -27.518 0.0000000000
128705  42.780  69.949  -27.926 0.0000000000
128706  41.590  69.702  -27.984 0.0000000000
128707  40.409  69.556  -27.756 0.0000000000
128708  39.369  69.373  -27.516 0.0000000000
128709  38.285  69.475  -27.242 0.0000000000
128710  37.271  69.439  -27.248 0.0000000000
128711  36.481  69.857  -27.393 0.0000000000
128712  35.989  70.037  -27.891 0.0000000000
128714  43.746  69.181  -28.149 0.0000000000
128715  43.224  69.228  -28.213 0.0000000000
128716  42.389  69.245  -28.281 0.0000000000
128717  36.141  69.945  -28.950 0.0000000000
128718  35.989  70.093  -28.401 0.0000000000
128720  36.964  69.404  -30.193 0.0000000000
128721  36.604  69.745  -29.653 0.0000000000
129141  43.271  70.315  -25.598 0.0000000000
129142  42.987  70.465  -25.089 0.0000000000
129151  43.335  70.455  -26.338 0.0000000000
129152  42.698  71.035  -26.814 0.0000000000
129153  42.244  71.162  -27.006 0.0000000000
129154  40.117  71.086  -27.150 0.0000000000
129161  43.538  70.044  -26.906 0.0000000000
129162  43.122  70.388  -27.200 0.0000000000
129163  42.150  70.723  -27.388 0.0000000000
129164  40.957  70.604  -27.397 0.0000000000
129165  39.848  70.288  -27.402 0.0000000000
129166  39.022  70.096  -27.180 0.0000000000
129167  36.465  70.449  -27.241 0.0000000000
129168  36.184  70.796  -27.584 0.0000000000
129170  36.234  70.777  -28.924 0.0000000000
129171  36.098  70.803  -28.306 0.0000000000
129174  36.609  70.641  -29.486 0.0000000000
129660  43.147  70.920  -25.499 0.0000000000
129678  43.213  70.812  -25.848 0.0000000000
129679  42.926  71.390  -25.976 0.0000000000
129680  42.050  71.578  -26.655 0.0000000000
129681  40.910  71.587  -26.805 0.0000000000
129696  42.002  71.181  -27.063 0.0000000000
129697  41.621  71.161  -27.095 0.0000000000
130117  41.407  72.393  -26.205 0.0000000000
