#!ascii label  , from subject cvs_avg35_inMNI152 vox2ras=TkReg
121
60414  8.590  -10.594  15.331 0.0000000000
60417  8.597  -10.655  14.372 0.0000000000
60421  8.501  -10.668  13.407 0.0000000000
61416  8.196  -9.944  16.188 0.0000000000
61417  7.889  -9.528  16.528 0.0000000000
61421  8.288  -9.893  15.757 0.0000000000
61422  8.005  -9.143  15.372 0.0000000000
61426  8.405  -9.827  14.823 0.0000000000
61427  8.006  -9.064  14.300 0.0000000000
61432  8.400  -9.819  13.853 0.0000000000
61433  8.028  -9.151  13.437 0.0000000000
61439  8.293  -9.773  12.938 0.0000000000
61440  7.889  -8.932  12.682 0.0000000000
61447  8.314  -9.569  12.017 0.0000000000
61448  7.965  -8.690  11.995 0.0000000000
62447  7.492  -8.438  17.105 0.0000000000
62452  7.577  -8.392  15.982 0.0000000000
62456  7.487  -8.349  14.841 0.0000000000
62460  7.386  -8.308  13.561 0.0000000000
62465  7.478  -8.142  12.373 0.0000000000
62470  8.551  -8.670  11.498 0.0000000000
62471  7.907  -8.089  11.674 0.0000000000
63540  7.529  -7.586  17.569 0.0000000000
63558  7.464  -7.541  16.602 0.0000000000
63563  7.112  -7.356  15.450 0.0000000000
63564  6.791  -6.757  15.167 0.0000000000
63569  7.055  -7.710  14.427 0.0000000000
63570  6.740  -6.933  14.528 0.0000000000
63575  6.854  -7.449  13.780 0.0000000000
63576  6.601  -6.753  13.600 0.0000000000
63581  6.818  -7.381  12.835 0.0000000000
63582  6.546  -6.552  12.908 0.0000000000
63586  9.446  -7.217  11.362 0.0000000000
63587  8.756  -7.516  11.421 0.0000000000
63588  7.453  -7.242  11.806 0.0000000000
63596  10.048  -7.546  11.233 0.0000000000
63597  9.235  -8.276  11.330 0.0000000000
64746  7.326  -6.589  16.385 0.0000000000
64756  6.912  -6.398  15.620 0.0000000000
64757  6.639  -6.241  15.037 0.0000000000
64762  6.553  -6.078  14.250 0.0000000000
64769  6.500  -5.969  13.364 0.0000000000
64777  6.798  -6.573  12.272 0.0000000000
64778  6.580  -5.933  12.625 0.0000000000
64786  10.329  -6.178  11.288 0.0000000000
64787  9.495  -6.582  11.393 0.0000000000
64788  8.206  -6.434  11.469 0.0000000000
64789  7.267  -6.208  11.765 0.0000000000
64790  6.809  -5.916  12.110 0.0000000000
64800  10.836  -6.648  10.857 0.0000000000
64801  10.256  -6.737  11.233 0.0000000000
64812  10.501  -5.955  9.465 0.0000000000
66041  6.758  -5.865  15.485 0.0000000000
66042  6.603  -5.277  15.101 0.0000000000
66052  6.491  -5.174  13.917 0.0000000000
66055  6.461  -5.192  12.989 0.0000000000
66057  6.704  -5.264  12.274 0.0000000000
66059  10.693  -5.439  11.100 0.0000000000
66060  9.893  -5.504  11.406 0.0000000000
66061  8.841  -5.534  11.480 0.0000000000
66062  7.757  -5.474  11.570 0.0000000000
66063  7.061  -5.499  11.830 0.0000000000
66068  10.887  -5.761  10.438 0.0000000000
66075  10.692  -5.479  9.866 0.0000000000
66076  10.152  -5.394  9.313 0.0000000000
66085  9.487  -5.527  8.716 0.0000000000
66086  8.669  -5.546  8.256 0.0000000000
66087  8.094  -5.125  7.968 0.0000000000
66100  8.034  -5.829  7.802 0.0000000000
66101  7.403  -5.476  7.638 0.0000000000
67178  6.484  -4.115  14.483 0.0000000000
67186  6.439  -4.313  13.397 0.0000000000
67189  6.606  -4.384  12.546 0.0000000000
67192  10.687  -4.590  11.089 0.0000000000
67193  10.260  -4.697  11.360 0.0000000000
67194  9.420  -4.645  11.464 0.0000000000
67195  8.345  -4.569  11.554 0.0000000000
67196  7.221  -4.568  11.827 0.0000000000
67198  10.737  -4.811  10.520 0.0000000000
67200  10.406  -4.574  9.811 0.0000000000
67201  9.559  -4.429  9.132 0.0000000000
67202  9.066  -3.864  8.955 0.0000000000
67204  9.093  -4.959  8.604 0.0000000000
67205  8.611  -4.388  8.486 0.0000000000
67206  7.751  -4.443  7.933 0.0000000000
67208  7.021  -4.532  7.644 0.0000000000
67209  6.337  -4.575  7.536 0.0000000000
68340  6.391  -3.341  13.671 0.0000000000
68347  6.479  -3.583  12.907 0.0000000000
68355  10.467  -4.141  11.258 0.0000000000
68356  9.966  -3.954  11.447 0.0000000000
68357  9.069  -3.706  11.500 0.0000000000
68358  7.960  -3.520  11.713 0.0000000000
68359  6.868  -3.302  12.140 0.0000000000
68367  10.667  -3.953  10.902 0.0000000000
68368  10.398  -3.478  10.588 0.0000000000
68376  10.544  -4.035  10.356 0.0000000000
68377  10.138  -3.507  9.929 0.0000000000
68378  9.363  -3.324  9.372 0.0000000000
68385  8.704  -3.356  8.896 0.0000000000
68386  7.957  -3.452  8.398 0.0000000000
68387  7.325  -3.109  8.193 0.0000000000
68390  7.366  -3.790  7.927 0.0000000000
68391  6.783  -3.504  7.787 0.0000000000
69426  6.380  -2.514  12.931 0.0000000000
69431  10.321  -3.658  11.210 0.0000000000
69432  9.787  -3.070  11.292 0.0000000000
69433  8.767  -2.625  11.605 0.0000000000
69434  7.644  -2.414  11.794 0.0000000000
69435  6.813  -2.117  12.166 0.0000000000
69439  10.361  -3.314  10.987 0.0000000000
69440  10.026  -2.690  10.693 0.0000000000
69445  9.655  -2.459  9.948 0.0000000000
69446  8.893  -2.425  9.391 0.0000000000
69447  8.255  -2.116  9.181 0.0000000000
69456  8.298  -2.742  8.891 0.0000000000
69457  7.681  -2.395  8.688 0.0000000000
69458  6.955  -2.405  8.232 0.0000000000
70447  9.406  -1.782  11.320 0.0000000000
70456  9.509  -1.605  10.595 0.0000000000
70460  9.175  -1.574  9.953 0.0000000000
