#!ascii label  , from subject cvs_avg35_inMNI152 vox2ras=TkReg
341
123992  31.206  60.850  -2.568 0.0000000000
123993  30.476  60.370  -2.440 0.0000000000
123994  29.449  60.210  -2.680 0.0000000000
123995  28.554  60.225  -2.666 0.0000000000
123996  27.745  60.321  -2.397 0.0000000000
123997  26.990  60.682  -2.362 0.0000000000
124002  31.253  61.150  -3.069 0.0000000000
124003  30.662  61.046  -3.338 0.0000000000
124004  29.758  60.649  -3.369 0.0000000000
124005  28.826  60.548  -3.393 0.0000000000
124006  27.881  60.694  -3.342 0.0000000000
124007  27.271  60.804  -2.971 0.0000000000
124012  30.478  61.345  -3.846 0.0000000000
124013  29.995  61.174  -4.010 0.0000000000
124014  29.095  60.978  -4.074 0.0000000000
124015  28.303  60.910  -3.970 0.0000000000
124475  32.894  62.072  -1.204 0.0000000000
124481  32.911  62.208  -2.115 0.0000000000
124482  32.091  61.533  -1.816 0.0000000000
124483  31.569  61.075  -2.152 0.0000000000
124489  32.970  62.382  -2.625 0.0000000000
124490  32.457  61.965  -2.964 0.0000000000
124491  31.676  61.326  -2.700 0.0000000000
124492  26.462  61.106  -2.228 0.0000000000
124493  26.071  61.570  -2.075 0.0000000000
124496  32.085  62.255  -3.927 0.0000000000
124497  31.375  61.586  -3.577 0.0000000000
124498  30.751  61.432  -3.755 0.0000000000
124499  27.202  61.075  -3.515 0.0000000000
124500  26.618  61.322  -3.132 0.0000000000
124501  26.238  61.501  -2.630 0.0000000000
124506  31.775  62.604  -4.209 0.0000000000
124507  31.355  62.285  -4.249 0.0000000000
124508  30.512  61.808  -4.258 0.0000000000
124509  29.289  61.823  -4.622 0.0000000000
124510  28.382  61.437  -4.427 0.0000000000
124511  27.480  61.405  -4.160 0.0000000000
124512  26.940  61.388  -3.744 0.0000000000
124520  28.795  62.273  -5.007 0.0000000000
124521  28.328  61.985  -4.843 0.0000000000
124522  27.870  61.746  -4.602 0.0000000000
125009  33.569  62.524  -1.611 0.0000000000
125016  34.066  62.958  -1.898 0.0000000000
125017  33.540  62.763  -2.469 0.0000000000
125018  33.022  62.585  -2.953 0.0000000000
125019  25.662  62.165  -1.773 0.0000000000
125027  33.337  63.076  -3.092 0.0000000000
125028  32.744  62.873  -3.549 0.0000000000
125029  26.326  61.716  -3.418 0.0000000000
125030  25.888  62.029  -3.011 0.0000000000
125038  32.088  63.029  -4.101 0.0000000000
125039  31.492  62.992  -4.419 0.0000000000
125040  30.718  62.846  -4.677 0.0000000000
125041  29.956  62.451  -4.800 0.0000000000
125042  27.100  61.791  -4.403 0.0000000000
125043  26.564  61.846  -4.025 0.0000000000
125044  25.731  62.629  -4.074 0.0000000000
125052  29.989  63.158  -5.063 0.0000000000
125053  29.233  62.764  -5.196 0.0000000000
125054  28.337  62.593  -5.274 0.0000000000
125055  27.339  62.223  -4.882 0.0000000000
125056  26.231  62.741  -4.792 0.0000000000
125057  25.683  63.099  -4.636 0.0000000000
125566  25.394  63.553  0.634 0.0000000000
125573  25.527  62.770  -0.610 0.0000000000
125574  25.243  63.440  -0.414 0.0000000000
125582  25.405  62.877  -1.266 0.0000000000
125583  24.881  63.652  -1.640 0.0000000000
125591  34.078  63.339  -2.292 0.0000000000
125592  25.247  62.900  -2.308 0.0000000000
125593  24.682  63.752  -2.733 0.0000000000
125599  34.212  63.884  -2.354 0.0000000000
125600  33.880  63.616  -2.846 0.0000000000
125601  33.316  63.742  -3.464 0.0000000000
125602  25.202  63.068  -3.381 0.0000000000
125603  24.643  63.871  -3.756 0.0000000000
125609  32.617  63.766  -4.027 0.0000000000
125610  31.817  63.819  -4.492 0.0000000000
125611  31.151  63.524  -4.694 0.0000000000
125612  25.241  63.378  -4.318 0.0000000000
125613  24.834  64.095  -4.645 0.0000000000
125618  31.218  64.153  -4.832 0.0000000000
125619  30.525  63.884  -5.097 0.0000000000
125620  29.596  63.831  -5.702 0.0000000000
125621  28.653  63.350  -5.773 0.0000000000
125622  27.696  63.162  -5.681 0.0000000000
125623  26.705  63.249  -5.505 0.0000000000
125624  25.640  63.753  -5.244 0.0000000000
125625  25.053  64.437  -5.196 0.0000000000
125635  29.412  64.329  -6.122 0.0000000000
125636  28.947  64.118  -6.225 0.0000000000
125637  28.067  63.888  -6.265 0.0000000000
125638  27.138  63.868  -6.169 0.0000000000
125639  26.359  64.029  -5.923 0.0000000000
126084  25.359  64.960  2.492 0.0000000000
126092  25.348  65.038  1.636 0.0000000000
126093  25.257  64.185  2.082 0.0000000000
126101  25.341  65.162  0.893 0.0000000000
126102  25.443  64.333  1.159 0.0000000000
126109  25.083  65.346  0.536 0.0000000000
126110  25.016  64.699  0.194 0.0000000000
126117  24.660  64.565  -1.043 0.0000000000
126124  24.444  64.566  -2.133 0.0000000000
126129  34.417  64.687  -2.170 0.0000000000
126130  34.188  65.222  -2.626 0.0000000000
126131  24.216  64.756  -3.164 0.0000000000
126132  24.059  65.405  -3.382 0.0000000000
126137  34.131  64.195  -2.639 0.0000000000
126138  33.840  64.679  -3.040 0.0000000000
126139  33.074  64.667  -3.792 0.0000000000
126140  24.359  64.629  -4.154 0.0000000000
126141  24.105  65.257  -3.876 0.0000000000
126147  32.349  64.687  -4.340 0.0000000000
126148  31.662  64.764  -4.797 0.0000000000
126149  24.630  64.903  -4.886 0.0000000000
126150  24.292  65.196  -4.438 0.0000000000
126160  30.988  64.805  -5.214 0.0000000000
126161  30.188  64.839  -5.822 0.0000000000
126162  29.664  64.470  -6.044 0.0000000000
126163  25.360  64.584  -5.567 0.0000000000
126164  25.022  65.014  -5.454 0.0000000000
126175  29.991  65.387  -6.312 0.0000000000
126176  29.391  64.994  -6.464 0.0000000000
126177  28.442  64.629  -6.688 0.0000000000
126178  27.541  64.547  -6.667 0.0000000000
126179  26.617  64.729  -6.486 0.0000000000
126180  25.805  64.698  -6.025 0.0000000000
126181  25.355  65.084  -5.841 0.0000000000
126188  29.201  65.426  -6.906 0.0000000000
126189  28.748  65.325  -7.041 0.0000000000
126190  27.903  65.235  -7.112 0.0000000000
126191  27.152  65.214  -6.930 0.0000000000
126593  25.571  65.776  1.991 0.0000000000
126600  25.485  65.769  1.241 0.0000000000
126606  25.252  65.809  0.711 0.0000000000
126607  24.908  65.758  0.191 0.0000000000
126615  24.619  65.601  -0.631 0.0000000000
126622  24.317  65.621  -1.779 0.0000000000
126623  24.178  66.182  -2.256 0.0000000000
126628  34.453  65.772  -2.314 0.0000000000
126629  33.964  65.791  -2.913 0.0000000000
126630  24.234  65.166  -2.471 0.0000000000
126631  24.087  65.775  -2.823 0.0000000000
126636  33.394  65.646  -3.540 0.0000000000
126637  32.746  65.599  -4.158 0.0000000000
126638  24.002  65.891  -3.666 0.0000000000
126642  32.090  65.617  -4.729 0.0000000000
126643  31.466  65.590  -5.199 0.0000000000
126644  24.387  65.481  -4.826 0.0000000000
126645  24.133  65.807  -4.403 0.0000000000
126656  30.894  65.654  -5.643 0.0000000000
126657  30.431  65.811  -6.184 0.0000000000
126658  24.640  65.616  -5.393 0.0000000000
126659  24.305  65.943  -4.983 0.0000000000
126667  29.899  66.018  -6.794 0.0000000000
126668  29.425  65.574  -6.843 0.0000000000
126669  25.994  65.247  -6.562 0.0000000000
126670  25.444  65.597  -6.366 0.0000000000
126671  25.058  65.480  -5.863 0.0000000000
126675  29.630  66.377  -7.311 0.0000000000
126676  29.206  65.942  -7.262 0.0000000000
126677  28.255  66.053  -7.522 0.0000000000
126678  27.299  65.964  -7.419 0.0000000000
126679  26.401  65.631  -6.994 0.0000000000
126680  25.801  65.700  -6.776 0.0000000000
126685  27.910  66.494  -7.769 0.0000000000
126686  27.700  66.308  -7.647 0.0000000000
127061  25.883  66.558  2.366 0.0000000000
127069  25.573  66.655  1.373 0.0000000000
127070  25.234  67.145  0.968 0.0000000000
127078  25.404  66.217  0.940 0.0000000000
127079  25.046  66.650  0.555 0.0000000000
127089  24.634  66.508  -0.307 0.0000000000
127100  24.399  66.497  -1.071 0.0000000000
127101  24.205  66.670  -1.841 0.0000000000
127108  34.222  66.789  -2.595 0.0000000000
127109  33.603  66.673  -3.325 0.0000000000
127110  24.081  66.669  -2.571 0.0000000000
127117  33.054  66.539  -3.988 0.0000000000
127118  32.487  66.521  -4.613 0.0000000000
127119  23.992  66.598  -3.326 0.0000000000
127128  31.875  66.587  -5.434 0.0000000000
127129  31.332  66.132  -5.581 0.0000000000
127130  24.017  66.560  -4.158 0.0000000000
127142  31.784  67.028  -6.052 0.0000000000
127143  31.141  66.690  -6.211 0.0000000000
127144  30.520  66.328  -6.522 0.0000000000
127145  24.363  66.463  -5.420 0.0000000000
127146  24.178  66.410  -4.789 0.0000000000
127151  30.983  67.234  -6.798 0.0000000000
127152  30.596  66.877  -6.984 0.0000000000
127153  25.230  66.028  -6.569 0.0000000000
127154  24.853  66.127  -6.212 0.0000000000
127158  30.001  66.947  -7.566 0.0000000000
127159  29.429  66.672  -7.684 0.0000000000
127160  28.889  66.484  -7.770 0.0000000000
127161  27.077  66.357  -7.579 0.0000000000
127162  26.602  66.333  -7.488 0.0000000000
127163  25.442  66.402  -7.060 0.0000000000
127164  24.750  66.743  -6.622 0.0000000000
127170  29.140  67.106  -8.158 0.0000000000
127171  28.344  66.885  -8.030 0.0000000000
127172  27.324  66.791  -7.821 0.0000000000
127173  26.163  67.044  -7.730 0.0000000000
127174  25.518  67.080  -7.553 0.0000000000
127550  25.266  67.615  1.352 0.0000000000
127553  24.844  67.622  0.753 0.0000000000
127559  24.512  67.550  -0.157 0.0000000000
127560  24.325  68.083  -0.610 0.0000000000
127569  34.634  67.193  -2.220 0.0000000000
127570  24.425  67.026  -0.682 0.0000000000
127571  24.273  67.564  -1.158 0.0000000000
127579  34.394  67.826  -2.520 0.0000000000
127580  33.756  67.676  -3.097 0.0000000000
127581  24.133  67.513  -2.217 0.0000000000
127586  33.209  67.621  -3.903 0.0000000000
127587  32.788  67.235  -4.414 0.0000000000
127588  24.020  67.303  -2.967 0.0000000000
127596  32.811  67.932  -4.575 0.0000000000
127597  32.459  67.577  -5.147 0.0000000000
127598  23.877  67.409  -3.743 0.0000000000
127605  32.204  67.608  -6.122 0.0000000000
127606  31.757  67.354  -6.441 0.0000000000
127607  24.263  66.913  -5.479 0.0000000000
127608  23.973  67.266  -4.992 0.0000000000
127616  24.357  66.981  -5.993 0.0000000000
127617  23.857  67.844  -6.008 0.0000000000
127623  25.154  67.134  -7.480 0.0000000000
127624  24.436  67.541  -7.083 0.0000000000
127625  23.846  68.208  -6.529 0.0000000000
127634  27.962  67.533  -8.689 0.0000000000
127635  26.734  67.831  -8.619 0.0000000000
127636  25.323  67.636  -8.060 0.0000000000
127637  24.588  67.996  -7.818 0.0000000000
128028  24.825  68.449  1.233 0.0000000000
128031  24.472  68.438  0.489 0.0000000000
128032  24.285  68.561  -0.193 0.0000000000
128039  24.248  68.672  -0.875 0.0000000000
128051  24.210  68.568  -1.790 0.0000000000
128059  24.080  68.335  -2.939 0.0000000000
128068  23.485  68.444  -4.050 0.0000000000
128069  22.991  69.009  -4.591 0.0000000000
128075  23.285  68.340  -5.199 0.0000000000
128076  22.812  69.117  -5.309 0.0000000000
128082  23.132  68.677  -6.168 0.0000000000
128083  22.727  69.298  -5.833 0.0000000000
128089  24.240  68.560  -7.515 0.0000000000
128090  23.753  68.635  -6.889 0.0000000000
128096  26.634  68.507  -8.919 0.0000000000
128097  25.820  68.744  -8.725 0.0000000000
128098  24.729  68.548  -8.147 0.0000000000
128474  24.312  69.349  1.035 0.0000000000
128475  23.978  69.700  0.522 0.0000000000
128478  24.179  69.112  0.319 0.0000000000
128479  24.053  69.539  -0.212 0.0000000000
128483  24.201  70.318  -1.350 0.0000000000
128484  24.168  69.753  -1.212 0.0000000000
128494  24.272  70.204  -1.660 0.0000000000
128495  24.233  69.627  -2.251 0.0000000000
128503  23.935  69.484  -3.261 0.0000000000
128511  23.303  69.616  -3.945 0.0000000000
128512  22.824  69.790  -4.626 0.0000000000
128520  22.640  69.853  -5.409 0.0000000000
128526  23.138  69.055  -6.784 0.0000000000
128527  22.698  69.669  -6.359 0.0000000000
128532  24.258  69.058  -7.825 0.0000000000
128533  23.428  69.529  -7.418 0.0000000000
128534  22.665  70.047  -6.923 0.0000000000
128541  25.572  69.661  -8.995 0.0000000000
128542  24.525  69.572  -8.306 0.0000000000
128543  23.802  70.056  -7.901 0.0000000000
128930  23.911  70.098  1.026 0.0000000000
128931  23.797  70.471  0.459 0.0000000000
128935  23.927  70.517  -0.429 0.0000000000
128938  24.256  70.707  -1.430 0.0000000000
128939  24.093  70.619  -1.050 0.0000000000
128946  24.384  70.636  -1.965 0.0000000000
128947  24.285  70.447  -2.722 0.0000000000
128954  23.803  70.454  -3.366 0.0000000000
128960  23.178  70.586  -3.953 0.0000000000
128961  22.751  70.660  -4.727 0.0000000000
128968  22.576  70.648  -5.581 0.0000000000
128976  22.570  70.654  -6.408 0.0000000000
128984  23.245  70.497  -7.824 0.0000000000
128985  22.705  70.583  -7.209 0.0000000000
128994  25.565  70.028  -9.356 0.0000000000
128995  24.789  70.496  -8.979 0.0000000000
128996  23.926  70.560  -8.219 0.0000000000
129006  24.915  70.945  -9.669 0.0000000000
129431  23.725  71.404  0.965 0.0000000000
129434  23.716  71.330  0.160 0.0000000000
129438  24.104  71.804  -0.884 0.0000000000
129439  23.943  71.391  -0.674 0.0000000000
129442  24.301  71.442  -1.354 0.0000000000
129443  24.139  71.040  -1.141 0.0000000000
129451  24.524  71.436  -2.252 0.0000000000
129452  24.298  71.106  -2.973 0.0000000000
129460  24.470  71.770  -2.823 0.0000000000
129461  23.841  71.483  -3.359 0.0000000000
129468  23.117  71.538  -4.056 0.0000000000
129469  22.729  71.543  -4.877 0.0000000000
129474  22.559  71.522  -5.723 0.0000000000
129481  22.521  71.502  -6.603 0.0000000000
129490  23.339  71.012  -8.106 0.0000000000
129491  22.752  71.485  -7.654 0.0000000000
129501  24.438  71.204  -9.140 0.0000000000
129502  23.665  71.601  -8.500 0.0000000000
129503  22.826  72.014  -8.057 0.0000000000
129511  24.395  71.770  -9.447 0.0000000000
129512  23.862  72.185  -8.866 0.0000000000
129913  24.682  72.417  -2.266 0.0000000000
129921  24.421  72.461  -2.982 0.0000000000
129922  23.707  72.455  -3.550 0.0000000000
129930  23.058  72.464  -4.248 0.0000000000
129931  22.710  72.398  -5.066 0.0000000000
129937  22.540  72.378  -5.874 0.0000000000
129943  22.511  72.428  -6.738 0.0000000000
129951  22.636  72.530  -7.525 0.0000000000
129960  23.380  72.629  -8.624 0.0000000000
129961  22.860  72.566  -8.189 0.0000000000
129968  24.417  72.645  -9.826 0.0000000000
129969  23.903  72.697  -9.074 0.0000000000
130334  23.592  73.385  -3.747 0.0000000000
130343  23.040  73.387  -4.572 0.0000000000
130344  22.694  73.055  -5.297 0.0000000000
130351  22.921  73.695  -5.217 0.0000000000
130352  22.625  73.337  -5.955 0.0000000000
130359  22.559  73.325  -6.853 0.0000000000
130366  22.619  73.373  -7.650 0.0000000000
130371  23.340  73.396  -8.727 0.0000000000
130372  22.857  73.337  -8.326 0.0000000000
130380  23.908  73.500  -9.213 0.0000000000
130772  22.734  73.983  -6.324 0.0000000000
130779  22.655  74.236  -7.024 0.0000000000
130783  22.902  74.687  -8.129 0.0000000000
130784  22.674  74.210  -7.982 0.0000000000
130788  23.332  74.329  -8.561 0.0000000000
130789  22.936  73.846  -8.474 0.0000000000
131191  22.798  74.753  -7.468 0.0000000000
131194  23.196  75.200  -7.817 0.0000000000
131195  22.805  74.760  -7.844 0.0000000000
