#!ascii label  , from subject cvs_avg35_inMNI152 vox2ras=TkReg
295
59406  38.200  -10.971  4.100 0.0000000000
59407  37.793  -11.174  4.092 0.0000000000
59408  36.873  -11.257  4.116 0.0000000000
59409  36.149  -11.064  4.084 0.0000000000
59414  40.083  -11.255  3.204 0.0000000000
59415  39.613  -11.492  3.328 0.0000000000
59416  38.526  -11.259  3.839 0.0000000000
59417  37.984  -11.557  3.884 0.0000000000
59426  41.513  -11.537  2.849 0.0000000000
59427  40.445  -11.502  3.016 0.0000000000
59428  39.873  -11.942  3.043 0.0000000000
60471  39.188  -10.111  4.313 0.0000000000
60472  38.316  -10.456  4.356 0.0000000000
60473  37.352  -10.413  4.418 0.0000000000
60474  36.503  -10.413  4.310 0.0000000000
60475  35.765  -10.472  4.070 0.0000000000
60481  40.935  -10.201  3.159 0.0000000000
60482  40.175  -10.730  3.361 0.0000000000
60483  39.346  -10.725  3.794 0.0000000000
60484  38.831  -10.643  4.076 0.0000000000
60485  35.042  -10.564  3.679 0.0000000000
60486  34.392  -10.651  3.195 0.0000000000
60494  42.334  -10.660  2.637 0.0000000000
60495  41.341  -10.664  2.828 0.0000000000
60496  40.716  -10.779  3.029 0.0000000000
61488  39.761  -8.878  4.977 0.0000000000
61489  39.490  -8.875  4.974 0.0000000000
61494  41.285  -8.986  3.846 0.0000000000
61495  40.906  -9.080  4.055 0.0000000000
61496  39.960  -9.232  4.624 0.0000000000
61497  38.865  -9.334  4.803 0.0000000000
61498  37.828  -9.493  4.674 0.0000000000
61499  36.908  -9.537  4.508 0.0000000000
61500  36.129  -9.642  4.251 0.0000000000
61505  42.930  -9.217  2.814 0.0000000000
61506  42.519  -9.272  2.984 0.0000000000
61507  41.517  -9.316  3.436 0.0000000000
61508  40.524  -9.758  3.726 0.0000000000
61509  39.816  -10.104  3.948 0.0000000000
61510  35.489  -9.676  3.896 0.0000000000
61511  34.753  -9.631  3.347 0.0000000000
61512  34.040  -10.091  2.829 0.0000000000
61519  43.195  -9.584  2.602 0.0000000000
61520  42.042  -9.909  2.794 0.0000000000
61521  41.446  -10.017  2.980 0.0000000000
61522  34.265  -9.290  2.771 0.0000000000
62521  41.350  -8.043  4.810 0.0000000000
62522  40.629  -8.138  5.086 0.0000000000
62523  39.870  -8.432  5.110 0.0000000000
62524  39.106  -8.407  5.066 0.0000000000
62528  42.208  -8.279  3.986 0.0000000000
62529  41.481  -8.624  4.126 0.0000000000
62530  40.769  -8.638  4.638 0.0000000000
62531  40.301  -8.630  4.919 0.0000000000
62532  38.283  -8.512  4.861 0.0000000000
62533  37.396  -8.606  4.599 0.0000000000
62534  36.453  -8.613  4.216 0.0000000000
62535  35.884  -9.136  4.048 0.0000000000
62541  45.002  -8.198  2.850 0.0000000000
62542  44.026  -8.395  3.001 0.0000000000
62543  43.111  -8.787  3.059 0.0000000000
62544  42.330  -8.762  3.455 0.0000000000
62545  41.874  -8.732  3.730 0.0000000000
62546  36.210  -8.081  3.770 0.0000000000
62547  35.613  -8.643  3.607 0.0000000000
62548  34.854  -8.600  2.937 0.0000000000
62553  46.374  -8.331  1.997 0.0000000000
62554  45.573  -8.834  2.174 0.0000000000
62555  44.310  -8.960  2.451 0.0000000000
62556  43.631  -8.923  2.664 0.0000000000
62566  46.200  -8.762  1.913 0.0000000000
63640  42.471  -7.123  4.781 0.0000000000
63641  42.019  -7.339  4.915 0.0000000000
63642  41.141  -7.418  5.231 0.0000000000
63643  40.301  -7.505  5.267 0.0000000000
63644  39.517  -7.609  5.162 0.0000000000
63649  44.382  -6.816  3.729 0.0000000000
63650  43.839  -6.991  3.952 0.0000000000
63651  42.771  -7.354  4.379 0.0000000000
63652  41.967  -7.931  4.465 0.0000000000
63653  38.772  -7.618  4.953 0.0000000000
63654  37.927  -7.583  4.609 0.0000000000
63655  37.148  -7.895  4.367 0.0000000000
63660  45.322  -7.346  3.010 0.0000000000
63661  44.533  -7.356  3.411 0.0000000000
63662  43.507  -7.851  3.566 0.0000000000
63663  42.786  -8.213  3.686 0.0000000000
63664  37.403  -7.233  4.216 0.0000000000
63665  36.738  -7.501  3.885 0.0000000000
63666  36.088  -7.574  3.298 0.0000000000
63667  35.445  -7.942  2.999 0.0000000000
63672  46.877  -7.432  2.056 0.0000000000
63673  45.916  -7.708  2.521 0.0000000000
63674  35.709  -7.315  2.756 0.0000000000
64858  42.974  -6.341  4.963 0.0000000000
64859  42.608  -6.672  4.966 0.0000000000
64860  41.679  -6.659  5.251 0.0000000000
64861  40.798  -6.689  5.332 0.0000000000
64862  39.929  -6.721  5.196 0.0000000000
64863  39.250  -6.984  5.016 0.0000000000
64867  45.019  -5.861  3.771 0.0000000000
64868  44.492  -6.272  3.996 0.0000000000
64869  43.376  -6.362  4.661 0.0000000000
64870  42.921  -6.794  4.690 0.0000000000
64871  39.423  -6.388  4.893 0.0000000000
64872  38.733  -6.656  4.645 0.0000000000
64873  37.952  -6.637  4.235 0.0000000000
64877  45.990  -5.935  2.980 0.0000000000
64878  45.349  -6.383  3.336 0.0000000000
64879  44.690  -6.701  3.615 0.0000000000
64880  37.384  -6.626  3.770 0.0000000000
64881  36.740  -6.632  3.227 0.0000000000
64882  36.177  -6.892  2.833 0.0000000000
64887  47.224  -6.472  2.093 0.0000000000
64888  46.326  -6.508  2.627 0.0000000000
64889  45.714  -6.985  2.843 0.0000000000
64890  36.423  -6.302  2.696 0.0000000000
66140  42.894  -5.980  5.110 0.0000000000
66141  42.156  -5.932  5.250 0.0000000000
66142  41.293  -5.870  5.266 0.0000000000
66143  40.496  -5.985  5.185 0.0000000000
66144  39.878  -5.989  4.987 0.0000000000
66153  44.799  -5.496  4.001 0.0000000000
66154  44.218  -5.441  4.460 0.0000000000
66155  43.437  -5.311  4.961 0.0000000000
66156  40.882  -5.418  5.072 0.0000000000
66157  40.279  -5.354  4.824 0.0000000000
66158  39.390  -5.657  4.537 0.0000000000
66159  38.543  -5.837  4.067 0.0000000000
66160  37.947  -6.079  3.763 0.0000000000
66166  45.844  -5.503  3.191 0.0000000000
66167  45.340  -5.281  3.611 0.0000000000
66168  38.232  -5.559  3.594 0.0000000000
66169  37.575  -5.704  3.218 0.0000000000
66170  36.884  -5.896  2.806 0.0000000000
66175  46.991  -5.712  2.334 0.0000000000
66176  46.442  -5.364  2.772 0.0000000000
66177  37.186  -5.309  2.607 0.0000000000
66178  36.476  -5.531  2.320 0.0000000000
67231  42.598  -5.201  5.105 0.0000000000
67232  41.770  -5.241  5.065 0.0000000000
67233  41.268  -5.295  5.073 0.0000000000
67249  44.808  -4.630  3.977 0.0000000000
67250  44.004  -4.532  4.521 0.0000000000
67251  43.087  -4.415  4.777 0.0000000000
67252  42.146  -4.498  4.757 0.0000000000
67253  41.114  -4.740  4.722 0.0000000000
67254  40.015  -4.559  4.130 0.0000000000
67255  39.030  -5.058  3.906 0.0000000000
67256  38.576  -5.322  3.704 0.0000000000
67270  46.037  -4.567  3.176 0.0000000000
67271  45.373  -4.543  3.599 0.0000000000
67272  39.872  -4.090  3.516 0.0000000000
67273  39.345  -4.378  3.466 0.0000000000
67274  38.495  -4.872  3.259 0.0000000000
67275  37.780  -4.745  2.672 0.0000000000
67288  47.234  -4.684  2.307 0.0000000000
67289  46.630  -4.674  2.756 0.0000000000
67290  37.078  -4.572  2.254 0.0000000000
68407  44.859  -4.106  3.849 0.0000000000
68408  44.494  -3.964  4.003 0.0000000000
68409  43.599  -3.643  4.194 0.0000000000
68410  42.567  -3.654  4.288 0.0000000000
68411  41.686  -3.879  4.299 0.0000000000
68412  40.905  -3.999  4.107 0.0000000000
68419  46.996  -3.048  2.851 0.0000000000
68420  46.483  -3.386  2.970 0.0000000000
68421  45.248  -3.722  3.530 0.0000000000
68422  44.313  -3.218  3.694 0.0000000000
68423  43.597  -2.970  3.687 0.0000000000
68424  42.036  -3.296  3.882 0.0000000000
68425  41.341  -3.347  3.697 0.0000000000
68426  40.393  -3.657  3.489 0.0000000000
68427  39.652  -3.724  3.072 0.0000000000
68428  38.980  -4.027  2.929 0.0000000000
68429  38.363  -4.176  2.707 0.0000000000
68442  47.445  -3.304  2.473 0.0000000000
68443  46.762  -4.110  2.726 0.0000000000
68444  39.252  -3.463  2.724 0.0000000000
68445  38.663  -3.465  2.592 0.0000000000
68446  37.774  -3.686  2.372 0.0000000000
69483  42.915  -3.045  3.795 0.0000000000
69484  42.420  -3.135  3.800 0.0000000000
69493  47.039  -2.475  3.003 0.0000000000
69494  45.908  -2.565  3.062 0.0000000000
69495  44.867  -2.567  3.228 0.0000000000
69496  43.941  -2.518  3.262 0.0000000000
69497  43.130  -2.480  3.343 0.0000000000
69498  42.096  -2.497  3.278 0.0000000000
69499  40.872  -2.812  3.107 0.0000000000
69500  40.044  -3.129  2.834 0.0000000000
69501  39.585  -3.291  2.719 0.0000000000
69515  47.663  -2.541  2.704 0.0000000000
69516  41.794  -1.795  2.690 0.0000000000
69517  41.167  -2.081  2.653 0.0000000000
69518  40.267  -2.357  2.587 0.0000000000
69519  39.308  -2.751  2.554 0.0000000000
69520  38.257  -2.678  2.529 0.0000000000
70511  47.469  -1.324  3.490 0.0000000000
70512  46.430  -1.624  3.075 0.0000000000
70513  45.419  -1.578  2.753 0.0000000000
70514  44.296  -1.864  2.766 0.0000000000
70515  43.388  -1.950  2.841 0.0000000000
70516  42.792  -2.051  2.985 0.0000000000
70531  45.266  -1.044  2.348 0.0000000000
70532  44.531  -1.093  2.195 0.0000000000
70533  43.622  -1.364  2.352 0.0000000000
70534  42.559  -1.357  2.405 0.0000000000
70535  41.404  -1.309  2.433 0.0000000000
70536  40.514  -1.496  2.513 0.0000000000
70537  39.633  -1.739  2.591 0.0000000000
70538  38.724  -1.844  2.759 0.0000000000
70549  44.205  -0.805  1.683 0.0000000000
70550  43.774  -0.918  1.830 0.0000000000
70551  43.266  -1.030  2.039 0.0000000000
71576  46.619  -0.714  3.213 0.0000000000
71577  46.106  -1.127  2.886 0.0000000000
71578  40.490  0.150  3.238 0.0000000000
71591  46.476  -0.161  2.914 0.0000000000
71592  45.888  -0.579  2.497 0.0000000000
71593  45.157  -0.770  2.032 0.0000000000
71594  42.474  -0.431  1.893 0.0000000000
71595  41.750  -0.520  2.256 0.0000000000
71596  40.758  -0.473  2.739 0.0000000000
71597  39.949  -0.998  2.791 0.0000000000
71607  45.396  -0.336  1.692 0.0000000000
71608  44.671  -0.635  1.468 0.0000000000
71609  43.959  -0.685  1.210 0.0000000000
71610  43.184  -0.540  1.518 0.0000000000
71618  45.103  -0.249  0.997 0.0000000000
71619  44.466  -0.354  0.557 0.0000000000
71620  43.623  -0.253  0.610 0.0000000000
71621  43.041  -0.108  0.845 0.0000000000
71625  44.056  -0.184  -0.035 0.0000000000
71626  43.627  0.057  -0.035 0.0000000000
72698  46.929  0.107  3.240 0.0000000000
72699  41.248  0.791  3.120 0.0000000000
72700  40.905  0.677  3.309 0.0000000000
72713  46.603  0.427  2.465 0.0000000000
72714  45.955  0.082  1.915 0.0000000000
72715  42.170  0.104  2.077 0.0000000000
72716  41.470  0.445  2.746 0.0000000000
72717  40.894  0.196  3.001 0.0000000000
72727  46.307  0.636  1.581 0.0000000000
72728  45.662  0.183  1.180 0.0000000000
72729  43.013  0.494  0.886 0.0000000000
72730  42.780  0.246  1.277 0.0000000000
72737  46.115  0.693  0.586 0.0000000000
72738  45.288  0.128  0.210 0.0000000000
72739  44.594  -0.033  -0.183 0.0000000000
72740  43.228  0.315  0.556 0.0000000000
72741  42.973  0.158  0.843 0.0000000000
72745  45.962  0.730  -0.740 0.0000000000
72746  45.001  0.337  -0.695 0.0000000000
72747  44.121  0.313  -0.636 0.0000000000
72748  43.678  0.508  -0.091 0.0000000000
72752  45.782  0.984  -1.493 0.0000000000
72753  45.286  0.737  -1.312 0.0000000000
72754  44.686  0.690  -1.081 0.0000000000
73839  42.167  1.596  3.018 0.0000000000
73840  41.415  1.238  3.302 0.0000000000
73858  46.753  0.999  1.950 0.0000000000
73859  43.049  1.487  1.850 0.0000000000
73860  42.412  0.923  2.272 0.0000000000
73861  41.839  1.071  2.812 0.0000000000
73873  46.772  1.371  1.257 0.0000000000
73874  43.143  1.002  0.955 0.0000000000
73875  42.858  0.885  1.587 0.0000000000
73882  47.192  1.660  -0.279 0.0000000000
73883  46.630  1.236  0.069 0.0000000000
73884  43.976  1.509  -0.258 0.0000000000
73885  43.566  0.962  0.170 0.0000000000
73889  47.261  1.643  -1.259 0.0000000000
73890  46.700  1.308  -0.863 0.0000000000
73891  44.295  1.170  -1.004 0.0000000000
73892  43.841  0.894  -0.448 0.0000000000
73897  47.327  1.770  -2.095 0.0000000000
73898  46.401  1.519  -1.814 0.0000000000
73899  45.442  1.358  -1.576 0.0000000000
73900  44.862  1.077  -1.414 0.0000000000
73907  47.289  1.943  -2.514 0.0000000000
73908  46.972  1.777  -2.365 0.0000000000
75057  47.204  1.935  1.115 0.0000000000
75060  43.624  1.986  1.251 0.0000000000
75069  47.064  1.698  0.543 0.0000000000
75071  44.251  2.301  0.355 0.0000000000
75072  43.677  1.566  0.468 0.0000000000
75078  44.986  2.782  -0.337 0.0000000000
75079  44.568  2.007  -0.782 0.0000000000
75085  46.245  2.246  -2.196 0.0000000000
75086  45.567  2.330  -1.494 0.0000000000
75087  44.908  1.598  -1.336 0.0000000000
75094  46.901  2.207  -2.545 0.0000000000
76257  46.562  3.039  -2.080 0.0000000000
76258  45.980  3.077  -1.447 0.0000000000
