#!ascii label  , from subject cvs_avg35_inMNI152 vox2ras=TkReg
274
87036  15.176  13.534  51.022 0.0000000000
87050  15.155  14.021  50.567 0.0000000000
87051  14.600  13.844  50.401 0.0000000000
87052  13.520  13.782  50.106 0.0000000000
87065  13.312  13.989  49.503 0.0000000000
88052  16.091  14.273  50.973 0.0000000000
88053  15.564  14.200  50.589 0.0000000000
88062  16.639  14.817  50.664 0.0000000000
88063  16.128  14.656  50.106 0.0000000000
88064  15.265  14.305  49.917 0.0000000000
88065  14.371  14.185  49.588 0.0000000000
88066  13.687  14.108  49.391 0.0000000000
88074  15.769  14.813  49.330 0.0000000000
88075  15.024  14.684  48.896 0.0000000000
88076  14.054  14.430  48.862 0.0000000000
88077  13.170  14.296  49.047 0.0000000000
88084  14.419  14.994  48.425 0.0000000000
88085  13.587  14.944  48.539 0.0000000000
88086  12.782  14.943  48.860 0.0000000000
88087  12.459  15.126  49.220 0.0000000000
89048  17.288  15.447  50.633 0.0000000000
89049  16.700  15.216  50.124 0.0000000000
89056  16.967  15.740  49.904 0.0000000000
89057  16.446  15.466  49.330 0.0000000000
89058  15.753  15.224  48.750 0.0000000000
89059  12.998  16.145  49.448 0.0000000000
89060  12.451  15.692  49.677 0.0000000000
89065  16.098  15.852  48.517 0.0000000000
89066  15.167  15.625  48.368 0.0000000000
89067  14.174  15.688  48.498 0.0000000000
89068  13.260  15.700  49.015 0.0000000000
89069  12.707  15.348  49.125 0.0000000000
90027  13.119  16.968  50.125 0.0000000000
90028  12.606  16.618  50.514 0.0000000000
90033  18.128  16.984  50.312 0.0000000000
90034  17.513  16.504  49.973 0.0000000000
90035  16.926  16.056  49.518 0.0000000000
90036  14.227  16.887  49.244 0.0000000000
90037  13.511  16.694  49.525 0.0000000000
90038  12.877  16.470  49.791 0.0000000000
90048  17.268  16.919  49.379 0.0000000000
90049  16.770  16.527  49.025 0.0000000000
90050  15.751  16.648  48.556 0.0000000000
90051  14.746  16.563  48.761 0.0000000000
90052  13.984  16.298  48.935 0.0000000000
91009  12.955  18.079  51.677 0.0000000000
91023  13.762  18.112  50.648 0.0000000000
91024  13.251  17.612  50.890 0.0000000000
91025  12.669  17.071  51.213 0.0000000000
91033  18.701  17.889  50.165 0.0000000000
91034  18.040  17.528  49.827 0.0000000000
91035  17.518  17.214  49.549 0.0000000000
91036  14.698  18.011  49.414 0.0000000000
91037  14.132  17.814  49.802 0.0000000000
91038  13.471  17.306  50.049 0.0000000000
91048  17.610  17.630  49.454 0.0000000000
91049  17.172  17.478  49.189 0.0000000000
91050  16.329  17.499  48.924 0.0000000000
91051  15.196  17.675  49.149 0.0000000000
91052  14.606  17.203  49.236 0.0000000000
92027  13.825  19.183  51.467 0.0000000000
92028  13.423  18.657  51.550 0.0000000000
92040  13.996  18.759  50.835 0.0000000000
92041  13.637  18.269  51.011 0.0000000000
92046  20.001  18.843  50.418 0.0000000000
92047  19.259  18.500  50.130 0.0000000000
92048  18.573  18.393  49.613 0.0000000000
92049  14.828  18.527  49.503 0.0000000000
92050  14.441  18.781  50.093 0.0000000000
92057  17.754  18.270  49.253 0.0000000000
92058  16.875  18.331  49.070 0.0000000000
92059  16.058  18.379  49.122 0.0000000000
92060  15.461  18.610  49.248 0.0000000000
92066  25.357  18.665  46.980 0.0000000000
92067  24.862  18.838  46.701 0.0000000000
92074  25.862  18.575  46.225 0.0000000000
92075  25.135  18.733  46.209 0.0000000000
92076  24.574  18.892  46.241 0.0000000000
92083  26.278  18.861  45.427 0.0000000000
92084  25.406  18.896  45.515 0.0000000000
92085  24.751  18.914  45.671 0.0000000000
92086  24.364  18.956  45.822 0.0000000000
93008  13.863  20.382  52.142 0.0000000000
93014  14.162  19.777  51.390 0.0000000000
93015  13.651  19.540  51.934 0.0000000000
93016  13.105  19.292  52.163 0.0000000000
93025  14.953  19.989  50.027 0.0000000000
93026  14.529  19.490  50.537 0.0000000000
93030  24.642  19.903  48.966 0.0000000000
93031  23.568  20.334  49.347 0.0000000000
93032  22.686  20.356  50.068 0.0000000000
93033  21.760  19.928  50.236 0.0000000000
93034  20.780  19.387  50.319 0.0000000000
93035  19.648  19.372  49.493 0.0000000000
93036  19.006  18.915  49.558 0.0000000000
93037  15.982  19.823  48.995 0.0000000000
93038  15.313  19.406  49.402 0.0000000000
93039  14.784  19.264  49.876 0.0000000000
93042  25.032  19.060  47.594 0.0000000000
93043  24.466  19.583  47.986 0.0000000000
93044  23.794  20.088  48.353 0.0000000000
93045  19.138  19.945  48.948 0.0000000000
93046  18.502  19.351  49.082 0.0000000000
93047  17.369  19.232  48.954 0.0000000000
93048  16.499  19.149  48.980 0.0000000000
93049  15.846  19.080  49.073 0.0000000000
93052  24.897  18.902  47.080 0.0000000000
93053  24.380  19.208  46.946 0.0000000000
93054  23.512  19.818  47.342 0.0000000000
93055  22.916  20.009  46.959 0.0000000000
93059  24.039  19.141  46.063 0.0000000000
93060  23.616  19.544  46.411 0.0000000000
93061  23.095  19.885  46.489 0.0000000000
93067  26.489  19.655  44.854 0.0000000000
93068  25.553  19.631  44.859 0.0000000000
93069  24.838  19.314  45.078 0.0000000000
93070  24.214  19.289  45.403 0.0000000000
93071  23.528  19.705  45.560 0.0000000000
93072  23.259  19.793  46.031 0.0000000000
93078  25.228  20.080  44.612 0.0000000000
93079  24.857  19.948  44.652 0.0000000000
93080  24.234  19.790  44.857 0.0000000000
93081  23.846  19.712  45.103 0.0000000000
94124  14.363  20.766  51.576 0.0000000000
94127  15.083  20.822  50.128 0.0000000000
94128  14.676  20.351  50.811 0.0000000000
94131  22.883  20.586  48.837 0.0000000000
94132  22.420  20.694  49.116 0.0000000000
94133  21.601  20.594  49.393 0.0000000000
94134  20.838  20.197  49.453 0.0000000000
94135  20.325  19.839  49.417 0.0000000000
94136  17.805  21.122  48.666 0.0000000000
94137  17.021  20.929  48.774 0.0000000000
94138  16.188  20.696  49.011 0.0000000000
94139  15.513  20.366  49.488 0.0000000000
94143  23.083  20.361  48.408 0.0000000000
94144  22.333  20.676  48.309 0.0000000000
94145  21.285  21.064  48.351 0.0000000000
94146  20.494  20.982  48.784 0.0000000000
94147  19.631  20.515  48.883 0.0000000000
94148  18.557  20.487  48.786 0.0000000000
94149  17.702  20.228  48.779 0.0000000000
94150  16.800  20.039  48.833 0.0000000000
94154  23.260  20.146  47.915 0.0000000000
94155  22.630  20.322  47.452 0.0000000000
94156  21.658  20.861  47.461 0.0000000000
94160  22.543  20.233  46.481 0.0000000000
94161  21.839  20.647  46.566 0.0000000000
94166  25.730  20.594  44.576 0.0000000000
94167  25.316  21.102  44.378 0.0000000000
94168  23.089  20.099  45.200 0.0000000000
94169  22.813  20.145  45.697 0.0000000000
94170  22.065  20.577  45.736 0.0000000000
94174  25.427  20.226  44.596 0.0000000000
94175  25.004  20.662  44.375 0.0000000000
94176  24.179  20.520  44.449 0.0000000000
94177  23.424  20.261  44.782 0.0000000000
94178  22.645  20.491  44.982 0.0000000000
94179  22.320  20.568  45.285 0.0000000000
95247  14.392  21.682  51.560 0.0000000000
95250  15.766  21.826  49.486 0.0000000000
95251  15.236  21.584  50.100 0.0000000000
95252  14.771  21.221  50.860 0.0000000000
95255  17.785  21.547  48.495 0.0000000000
95256  17.177  21.683  48.608 0.0000000000
95257  16.319  21.468  49.014 0.0000000000
95258  15.670  21.179  49.529 0.0000000000
95261  20.622  21.382  47.831 0.0000000000
95262  20.212  21.496  48.059 0.0000000000
95263  19.317  21.630  48.254 0.0000000000
95264  18.368  21.445  48.486 0.0000000000
95265  17.706  21.767  48.408 0.0000000000
95267  20.829  21.243  47.388 0.0000000000
95268  20.128  21.523  47.351 0.0000000000
95269  19.317  21.834  47.417 0.0000000000
95270  18.762  21.963  47.005 0.0000000000
95272  21.031  21.090  46.584 0.0000000000
95273  20.258  21.406  46.611 0.0000000000
95274  19.546  21.669  46.627 0.0000000000
95275  18.889  21.884  46.546 0.0000000000
95280  25.469  21.622  44.496 0.0000000000
95281  21.252  21.022  45.706 0.0000000000
95282  20.394  21.363  45.790 0.0000000000
95283  19.690  21.585  45.907 0.0000000000
95284  19.080  21.798  45.859 0.0000000000
95289  24.928  21.623  44.379 0.0000000000
95290  24.137  21.573  44.227 0.0000000000
95291  23.370  21.179  44.302 0.0000000000
95292  22.560  21.078  44.460 0.0000000000
95293  21.739  21.079  44.880 0.0000000000
95294  20.538  21.546  44.880 0.0000000000
95295  19.698  21.675  45.193 0.0000000000
95296  19.303  21.765  45.452 0.0000000000
95301  23.757  22.006  44.177 0.0000000000
95302  23.339  21.949  44.144 0.0000000000
95303  22.528  21.889  44.129 0.0000000000
95304  21.660  21.834  44.195 0.0000000000
95305  20.959  21.819  44.339 0.0000000000
96337  15.760  22.132  49.412 0.0000000000
96338  15.386  22.233  49.802 0.0000000000
96339  14.820  22.190  50.710 0.0000000000
96341  16.903  22.123  48.527 0.0000000000
96342  16.167  22.267  48.951 0.0000000000
96343  15.664  22.336  49.359 0.0000000000
96345  18.853  22.047  47.958 0.0000000000
96346  18.425  22.024  48.046 0.0000000000
96347  17.534  22.115  48.249 0.0000000000
96348  16.630  22.478  48.216 0.0000000000
96350  19.045  21.991  47.810 0.0000000000
96351  18.522  22.032  47.402 0.0000000000
96352  17.711  22.260  47.455 0.0000000000
96353  16.924  22.572  47.500 0.0000000000
96358  18.309  22.005  46.545 0.0000000000
96359  17.731  22.254  46.643 0.0000000000
96360  17.063  22.594  46.665 0.0000000000
96367  18.389  21.999  45.739 0.0000000000
96368  17.744  22.261  45.812 0.0000000000
96369  17.185  22.570  45.837 0.0000000000
96374  25.099  22.152  44.623 0.0000000000
96375  24.361  22.653  44.639 0.0000000000
96378  20.250  22.072  44.166 0.0000000000
96379  19.598  22.043  44.438 0.0000000000
96380  18.830  22.046  44.937 0.0000000000
96381  17.784  22.500  44.831 0.0000000000
96382  17.366  22.564  45.317 0.0000000000
96387  23.971  22.159  44.262 0.0000000000
96388  23.552  22.423  44.288 0.0000000000
96391  20.595  22.581  43.786 0.0000000000
96392  19.588  22.569  43.729 0.0000000000
96393  18.777  22.481  43.991 0.0000000000
96394  18.284  22.503  44.334 0.0000000000
97456  14.946  22.772  50.048 0.0000000000
97459  15.686  22.773  48.759 0.0000000000
97460  15.328  22.793  49.263 0.0000000000
97461  14.689  23.422  49.689 0.0000000000
97464  15.892  22.803  48.266 0.0000000000
97465  15.266  23.269  48.459 0.0000000000
97466  14.829  23.461  48.982 0.0000000000
97470  16.113  22.850  47.503 0.0000000000
97471  15.443  23.345  47.607 0.0000000000
97477  16.300  22.893  46.661 0.0000000000
97478  15.592  23.372  46.723 0.0000000000
97485  16.499  22.915  45.766 0.0000000000
97486  15.773  23.378  45.799 0.0000000000
97496  17.287  22.978  44.235 0.0000000000
97497  16.869  22.951  44.827 0.0000000000
97498  16.059  23.439  44.890 0.0000000000
97510  18.725  23.104  43.225 0.0000000000
97511  17.807  22.982  43.691 0.0000000000
97512  16.737  23.447  43.668 0.0000000000
97513  16.321  23.467  44.283 0.0000000000
97526  17.242  23.474  43.065 0.0000000000
98549  14.663  23.789  48.465 0.0000000000
98550  14.285  24.184  49.084 0.0000000000
98556  14.774  23.813  47.766 0.0000000000
98557  14.296  24.391  48.123 0.0000000000
98564  14.866  23.847  46.867 0.0000000000
98565  14.341  24.497  47.191 0.0000000000
98575  15.053  23.900  45.905 0.0000000000
98576  14.414  24.569  46.157 0.0000000000
98586  15.324  23.924  44.940 0.0000000000
98587  14.667  24.579  45.097 0.0000000000
98595  16.207  23.952  43.151 0.0000000000
98596  15.697  24.042  43.838 0.0000000000
98597  15.017  24.474  44.316 0.0000000000
99514  13.897  25.139  47.714 0.0000000000
99523  13.921  25.265  46.666 0.0000000000
99524  13.631  26.029  46.354 0.0000000000
99530  13.984  25.519  45.401 0.0000000000
99531  13.625  26.184  45.684 0.0000000000
99537  15.087  24.680  43.818 0.0000000000
99538  14.543  25.271  44.070 0.0000000000
100393  14.003  25.917  44.495 0.0000000000
100394  13.585  26.583  44.970 0.0000000000
