#!ascii label  , from subject cvs_avg35_inMNI152 vox2ras=TkReg
251
79980  43.150  6.702  -30.912 0.0000000000
80003  42.916  7.153  -31.425 0.0000000000
80004  42.346  7.008  -31.326 0.0000000000
81152  43.927  7.190  -30.937 0.0000000000
81170  44.819  7.905  -30.883 0.0000000000
81171  44.293  7.763  -31.218 0.0000000000
81172  43.469  7.598  -31.544 0.0000000000
81173  42.618  7.491  -31.720 0.0000000000
81174  41.771  7.480  -31.630 0.0000000000
81189  42.944  7.986  -32.030 0.0000000000
81190  42.200  7.968  -32.082 0.0000000000
81191  41.346  8.060  -31.904 0.0000000000
82267  45.312  8.436  -30.766 0.0000000000
82268  44.781  8.488  -31.426 0.0000000000
82269  44.125  8.208  -31.688 0.0000000000
82284  44.377  8.760  -31.970 0.0000000000
82285  43.648  8.500  -32.196 0.0000000000
82286  42.734  8.489  -32.493 0.0000000000
82287  41.811  8.541  -32.473 0.0000000000
82288  40.825  8.676  -32.172 0.0000000000
83384  45.769  9.033  -30.533 0.0000000000
83396  46.082  9.687  -30.682 0.0000000000
83397  45.492  9.367  -31.327 0.0000000000
83398  44.862  9.154  -31.894 0.0000000000
83413  45.174  9.715  -32.079 0.0000000000
83414  44.414  9.529  -32.547 0.0000000000
83415  43.353  9.162  -32.843 0.0000000000
83416  42.399  9.122  -32.941 0.0000000000
83417  41.501  9.273  -32.852 0.0000000000
83418  40.664  9.733  -32.764 0.0000000000
83445  44.372  10.060  -33.030 0.0000000000
83446  43.878  9.876  -33.218 0.0000000000
83447  42.971  9.700  -33.415 0.0000000000
83448  42.068  9.737  -33.414 0.0000000000
83449  41.331  9.923  -33.302 0.0000000000
84478  46.202  10.380  -31.226 0.0000000000
84479  45.641  10.146  -31.836 0.0000000000
84495  46.002  10.784  -31.881 0.0000000000
84496  45.297  10.538  -32.581 0.0000000000
84497  44.654  10.195  -32.899 0.0000000000
84498  40.177  10.419  -32.963 0.0000000000
84526  45.170  11.081  -33.098 0.0000000000
84527  44.533  10.699  -33.407 0.0000000000
84528  43.520  10.376  -33.788 0.0000000000
84529  42.590  10.286  -33.910 0.0000000000
84530  41.717  10.362  -33.836 0.0000000000
84531  40.797  10.608  -33.594 0.0000000000
84532  40.087  10.961  -33.324 0.0000000000
84546  44.442  11.195  -33.846 0.0000000000
84547  43.990  11.071  -34.107 0.0000000000
84548  43.124  10.880  -34.425 0.0000000000
84549  42.205  10.870  -34.407 0.0000000000
84550  41.441  10.936  -34.243 0.0000000000
85585  46.726  10.929  -30.893 0.0000000000
85599  47.216  11.917  -31.153 0.0000000000
85600  46.686  11.448  -31.438 0.0000000000
85618  46.115  11.462  -32.245 0.0000000000
85619  45.619  11.550  -32.844 0.0000000000
85639  45.164  11.623  -33.472 0.0000000000
85640  44.680  11.306  -33.718 0.0000000000
85641  40.341  11.314  -33.772 0.0000000000
85658  45.145  12.140  -33.816 0.0000000000
85659  44.586  11.768  -34.126 0.0000000000
85660  43.649  11.787  -34.771 0.0000000000
85661  42.705  11.491  -34.885 0.0000000000
85662  41.784  11.597  -34.799 0.0000000000
85663  40.877  11.489  -34.336 0.0000000000
85664  40.306  11.891  -34.075 0.0000000000
85673  43.534  12.258  -35.154 0.0000000000
85674  43.121  12.119  -35.279 0.0000000000
85675  42.415  12.042  -35.242 0.0000000000
86661  48.040  12.614  -30.785 0.0000000000
86662  47.487  12.150  -31.021 0.0000000000
86672  47.870  13.072  -31.328 0.0000000000
86673  47.232  12.603  -31.615 0.0000000000
86674  46.592  12.015  -31.973 0.0000000000
86693  46.910  13.085  -32.189 0.0000000000
86694  46.298  12.550  -32.593 0.0000000000
86695  45.673  12.079  -33.078 0.0000000000
86711  46.061  13.009  -33.098 0.0000000000
86712  45.633  12.602  -33.434 0.0000000000
86727  45.096  12.656  -34.145 0.0000000000
86728  44.327  12.650  -34.838 0.0000000000
86729  43.781  12.361  -35.071 0.0000000000
86730  41.204  12.111  -34.866 0.0000000000
86731  40.622  12.306  -34.596 0.0000000000
86743  44.198  13.102  -35.291 0.0000000000
86744  43.674  12.803  -35.520 0.0000000000
86745  42.733  12.669  -35.744 0.0000000000
86746  41.796  12.469  -35.389 0.0000000000
86747  41.022  12.776  -35.160 0.0000000000
86748  40.462  12.996  -34.855 0.0000000000
86755  43.598  13.194  -35.922 0.0000000000
86756  43.298  13.105  -36.020 0.0000000000
87678  48.276  13.547  -31.218 0.0000000000
87686  47.823  13.558  -31.667 0.0000000000
87687  47.352  13.556  -32.131 0.0000000000
87705  46.820  13.559  -32.557 0.0000000000
87706  46.345  13.495  -33.021 0.0000000000
87720  45.975  13.369  -33.402 0.0000000000
87721  45.611  13.418  -33.900 0.0000000000
87737  45.098  13.486  -34.623 0.0000000000
87738  44.537  13.358  -35.110 0.0000000000
87754  44.882  13.880  -35.201 0.0000000000
87755  44.270  13.640  -35.689 0.0000000000
87756  43.807  13.304  -35.856 0.0000000000
87757  42.105  13.076  -35.939 0.0000000000
87758  41.427  13.225  -35.753 0.0000000000
87759  40.648  13.582  -35.521 0.0000000000
87772  44.130  14.006  -36.130 0.0000000000
87773  43.658  13.681  -36.193 0.0000000000
87774  42.750  13.496  -36.337 0.0000000000
87775  41.857  13.648  -36.340 0.0000000000
87776  41.144  13.838  -36.162 0.0000000000
88678  48.711  14.125  -31.120 0.0000000000
88687  48.916  14.678  -31.329 0.0000000000
88688  48.363  14.416  -31.704 0.0000000000
88689  47.794  14.138  -32.074 0.0000000000
88709  48.008  14.711  -32.283 0.0000000000
88710  47.379  14.437  -32.636 0.0000000000
88711  46.707  14.133  -32.961 0.0000000000
88729  46.946  14.690  -33.240 0.0000000000
88730  46.261  14.284  -33.656 0.0000000000
88731  45.665  14.071  -34.261 0.0000000000
88748  45.938  14.687  -34.352 0.0000000000
88749  45.455  14.450  -34.868 0.0000000000
88765  44.951  14.548  -35.655 0.0000000000
88766  44.425  14.294  -36.045 0.0000000000
88785  44.609  14.835  -36.194 0.0000000000
88786  44.065  14.523  -36.442 0.0000000000
88787  43.249  14.437  -36.814 0.0000000000
88788  42.324  14.209  -36.838 0.0000000000
88789  41.466  14.321  -36.690 0.0000000000
88799  42.677  14.804  -37.271 0.0000000000
88800  41.935  14.787  -37.283 0.0000000000
89688  49.293  15.463  -31.369 0.0000000000
89689  48.794  15.019  -31.685 0.0000000000
89709  49.132  16.076  -31.867 0.0000000000
89710  48.484  15.570  -32.293 0.0000000000
89711  47.857  15.074  -32.630 0.0000000000
89726  48.142  16.117  -32.952 0.0000000000
89727  47.503  15.589  -33.326 0.0000000000
89728  46.801  15.029  -33.636 0.0000000000
89741  47.135  16.184  -34.151 0.0000000000
89742  46.506  15.515  -34.405 0.0000000000
89743  45.872  15.052  -34.697 0.0000000000
89755  46.281  15.908  -35.149 0.0000000000
89756  45.747  15.438  -35.329 0.0000000000
89776  45.104  15.424  -36.140 0.0000000000
89777  44.469  15.415  -36.665 0.0000000000
89778  43.830  15.106  -36.890 0.0000000000
89788  44.084  15.641  -37.193 0.0000000000
89789  43.379  15.437  -37.464 0.0000000000
89790  42.462  15.336  -37.724 0.0000000000
89799  42.945  15.893  -38.093 0.0000000000
89800  42.183  15.957  -38.178 0.0000000000
90710  50.049  16.658  -30.599 0.0000000000
90711  49.784  16.029  -30.982 0.0000000000
90725  49.977  17.159  -31.189 0.0000000000
90726  49.603  16.651  -31.519 0.0000000000
90740  49.019  16.665  -32.251 0.0000000000
90741  48.498  16.666  -32.819 0.0000000000
90755  48.022  16.668  -33.375 0.0000000000
90756  47.576  16.670  -33.938 0.0000000000
90770  47.189  16.845  -34.557 0.0000000000
90771  46.874  16.297  -34.591 0.0000000000
90782  47.039  17.222  -34.941 0.0000000000
90783  46.586  16.674  -35.257 0.0000000000
90784  46.114  16.109  -35.520 0.0000000000
90796  46.283  17.099  -35.935 0.0000000000
90797  45.681  16.515  -36.247 0.0000000000
90798  44.974  15.943  -36.576 0.0000000000
90807  45.247  17.030  -36.988 0.0000000000
90808  44.617  16.451  -37.241 0.0000000000
90809  43.984  15.967  -37.521 0.0000000000
90817  44.325  16.901  -37.847 0.0000000000
90818  43.752  16.472  -38.017 0.0000000000
90819  42.810  16.626  -38.582 0.0000000000
90820  41.895  16.636  -38.622 0.0000000000
90828  42.734  17.069  -38.847 0.0000000000
90829  42.474  17.043  -38.879 0.0000000000
91747  49.766  17.698  -31.551 0.0000000000
91748  49.314  17.593  -32.150 0.0000000000
91762  48.829  17.513  -32.740 0.0000000000
91763  48.409  17.484  -33.320 0.0000000000
91774  47.957  17.491  -33.961 0.0000000000
91775  47.586  17.259  -34.309 0.0000000000
91788  47.721  17.667  -34.386 0.0000000000
91789  47.420  17.632  -34.747 0.0000000000
91802  47.026  17.692  -35.324 0.0000000000
91803  46.598  17.644  -35.847 0.0000000000
91813  46.154  17.603  -36.361 0.0000000000
91814  45.623  17.597  -36.889 0.0000000000
91822  45.011  17.594  -37.569 0.0000000000
91823  44.568  17.133  -37.744 0.0000000000
91831  44.867  18.084  -38.120 0.0000000000
91832  44.341  17.589  -38.359 0.0000000000
91833  43.437  17.173  -38.678 0.0000000000
91834  42.976  17.093  -38.810 0.0000000000
91843  44.185  18.061  -38.876 0.0000000000
91844  43.769  17.850  -39.030 0.0000000000
91845  42.936  17.479  -39.149 0.0000000000
91846  42.024  17.374  -39.216 0.0000000000
92755  49.510  18.540  -32.078 0.0000000000
92763  49.072  18.500  -32.801 0.0000000000
92764  48.692  18.146  -33.214 0.0000000000
92771  48.786  18.782  -33.444 0.0000000000
92772  48.385  18.425  -33.868 0.0000000000
92778  47.860  18.300  -34.555 0.0000000000
92779  47.443  18.448  -35.236 0.0000000000
92785  47.016  18.534  -35.980 0.0000000000
92786  46.515  18.236  -36.325 0.0000000000
92795  46.689  18.815  -36.598 0.0000000000
92796  46.131  18.540  -36.954 0.0000000000
92797  45.558  18.249  -37.363 0.0000000000
92805  45.778  18.856  -37.583 0.0000000000
92806  45.287  18.591  -37.969 0.0000000000
92813  44.805  18.552  -38.614 0.0000000000
92814  44.421  18.277  -38.828 0.0000000000
92821  44.558  18.641  -39.024 0.0000000000
92822  44.175  18.528  -39.264 0.0000000000
92823  43.415  18.396  -39.657 0.0000000000
92824  42.570  18.073  -39.714 0.0000000000
93873  49.406  19.441  -32.733 0.0000000000
93878  49.056  19.427  -33.414 0.0000000000
93879  48.660  19.407  -33.970 0.0000000000
93884  48.214  19.380  -34.655 0.0000000000
93885  47.772  19.076  -35.083 0.0000000000
93891  47.905  19.746  -35.301 0.0000000000
93892  47.511  19.461  -35.789 0.0000000000
93897  47.031  19.563  -36.640 0.0000000000
93898  46.568  19.281  -37.031 0.0000000000
93906  46.685  19.919  -37.271 0.0000000000
93907  46.190  19.602  -37.689 0.0000000000
93908  45.682  19.274  -38.026 0.0000000000
94967  49.285  20.417  -33.538 0.0000000000
94968  48.903  20.059  -33.935 0.0000000000
94974  48.973  20.658  -34.255 0.0000000000
94975  48.606  20.342  -34.582 0.0000000000
94982  48.184  20.388  -35.225 0.0000000000
94983  47.789  20.429  -35.766 0.0000000000
94989  47.414  20.488  -36.467 0.0000000000
94997  46.980  20.573  -37.181 0.0000000000
96027  49.142  21.511  -34.480 0.0000000000
96028  48.819  20.994  -34.686 0.0000000000
96035  48.905  22.021  -35.136 0.0000000000
96036  48.486  21.483  -35.381 0.0000000000
96037  48.022  20.964  -35.631 0.0000000000
96043  48.148  22.024  -36.080 0.0000000000
96044  47.790  21.491  -36.270 0.0000000000
96051  47.245  21.441  -37.096 0.0000000000
