#!ascii label  , from subject cvs_avg35_inMNI152 vox2ras=TkReg
209
77562  51.199  4.511  -21.276 0.0000000000
77578  49.998  5.051  -22.305 0.0000000000
77642  44.017  5.329  -29.195 0.0000000000
77643  43.558  5.074  -29.232 0.0000000000
77644  42.732  4.854  -29.323 0.0000000000
78742  52.158  5.370  -20.523 0.0000000000
78749  52.402  5.862  -20.761 0.0000000000
78750  51.756  5.519  -21.259 0.0000000000
78751  51.011  5.177  -21.744 0.0000000000
78764  51.193  5.852  -21.901 0.0000000000
78765  50.490  5.599  -22.252 0.0000000000
78766  49.730  5.577  -22.659 0.0000000000
78777  49.344  5.813  -23.095 0.0000000000
78819  45.261  5.654  -28.364 0.0000000000
78820  44.763  5.501  -28.731 0.0000000000
78827  44.983  6.030  -28.938 0.0000000000
78828  44.396  5.786  -29.286 0.0000000000
78829  43.775  5.607  -29.577 0.0000000000
78830  43.069  5.455  -29.769 0.0000000000
78846  44.051  6.048  -29.818 0.0000000000
78847  43.479  6.054  -30.122 0.0000000000
78848  42.610  5.973  -30.339 0.0000000000
79880  52.289  6.448  -21.292 0.0000000000
79881  51.636  6.486  -21.811 0.0000000000
79895  50.984  6.538  -22.308 0.0000000000
79896  50.161  6.571  -22.857 0.0000000000
79897  49.635  6.150  -23.016 0.0000000000
79908  49.976  7.046  -23.338 0.0000000000
79909  49.473  6.551  -23.631 0.0000000000
79910  48.879  6.039  -23.923 0.0000000000
79917  49.322  6.983  -24.250 0.0000000000
79918  48.813  6.571  -24.471 0.0000000000
79924  48.200  6.701  -25.288 0.0000000000
79925  47.653  6.607  -26.003 0.0000000000
79933  46.993  6.620  -26.884 0.0000000000
79934  46.558  6.037  -27.137 0.0000000000
79942  46.713  7.038  -27.473 0.0000000000
79943  46.231  6.562  -27.761 0.0000000000
79944  45.686  6.108  -28.137 0.0000000000
79951  46.029  7.052  -28.359 0.0000000000
79952  45.583  6.605  -28.669 0.0000000000
79962  44.888  6.653  -29.624 0.0000000000
79963  44.377  6.269  -29.756 0.0000000000
79978  44.676  7.037  -30.213 0.0000000000
79979  44.163  6.620  -30.293 0.0000000000
81038  52.672  6.947  -21.248 0.0000000000
81049  52.215  7.455  -21.966 0.0000000000
81050  51.446  7.047  -22.215 0.0000000000
81060  51.858  8.078  -22.628 0.0000000000
81061  51.041  7.636  -22.876 0.0000000000
81062  50.296  7.261  -23.192 0.0000000000
81070  50.717  8.187  -23.499 0.0000000000
81071  50.066  7.737  -23.780 0.0000000000
81072  49.561  7.227  -24.100 0.0000000000
81080  49.799  8.147  -24.420 0.0000000000
81081  49.285  7.683  -24.705 0.0000000000
81082  48.680  7.183  -25.011 0.0000000000
81089  49.038  8.118  -25.362 0.0000000000
81090  48.525  7.733  -25.678 0.0000000000
81091  48.010  7.174  -25.850 0.0000000000
81099  48.272  8.070  -26.331 0.0000000000
81100  47.779  7.610  -26.524 0.0000000000
81109  47.046  7.698  -27.534 0.0000000000
81110  46.591  7.255  -27.752 0.0000000000
81119  46.882  8.160  -28.081 0.0000000000
81120  46.432  7.677  -28.311 0.0000000000
81121  45.936  7.337  -28.744 0.0000000000
81133  46.060  7.842  -29.001 0.0000000000
81134  45.621  7.498  -29.398 0.0000000000
81150  45.118  7.574  -30.255 0.0000000000
81151  44.504  7.343  -30.639 0.0000000000
82165  52.706  8.067  -22.105 0.0000000000
82174  52.433  8.594  -22.499 0.0000000000
82175  51.694  8.677  -23.025 0.0000000000
82182  51.130  8.667  -23.466 0.0000000000
82183  50.659  8.680  -23.914 0.0000000000
82189  50.150  8.720  -24.464 0.0000000000
82190  49.694  8.433  -24.771 0.0000000000
82196  49.832  8.943  -24.977 0.0000000000
82197  49.404  8.657  -25.345 0.0000000000
82198  48.940  8.403  -25.743 0.0000000000
82205  49.141  8.875  -25.977 0.0000000000
82206  48.661  8.616  -26.385 0.0000000000
82207  48.160  8.334  -26.724 0.0000000000
82214  48.365  8.814  -27.038 0.0000000000
82215  47.822  8.532  -27.354 0.0000000000
82222  47.287  8.608  -28.016 0.0000000000
82223  46.838  8.611  -28.506 0.0000000000
82235  46.349  8.528  -29.107 0.0000000000
82236  45.953  8.174  -29.415 0.0000000000
82253  46.063  8.599  -29.593 0.0000000000
82254  45.726  8.372  -29.983 0.0000000000
83303  52.715  9.512  -22.695 0.0000000000
83304  52.162  9.502  -23.056 0.0000000000
83312  51.567  9.570  -23.570 0.0000000000
83313  51.069  9.260  -23.870 0.0000000000
83319  51.232  9.832  -24.049 0.0000000000
83320  50.789  9.517  -24.404 0.0000000000
83326  50.264  9.527  -25.101 0.0000000000
83327  49.807  9.257  -25.377 0.0000000000
83333  49.990  9.634  -25.573 0.0000000000
83334  49.611  9.473  -25.968 0.0000000000
83335  49.121  9.234  -26.430 0.0000000000
83343  49.387  9.732  -26.666 0.0000000000
83344  48.854  9.478  -27.109 0.0000000000
83345  48.292  9.195  -27.499 0.0000000000
83351  48.527  9.732  -27.781 0.0000000000
83352  47.923  9.432  -28.148 0.0000000000
83353  47.278  9.179  -28.494 0.0000000000
83365  47.512  9.741  -28.752 0.0000000000
83366  46.912  9.442  -29.079 0.0000000000
83383  46.296  9.274  -29.885 0.0000000000
84389  52.544  10.119  -23.066 0.0000000000
84396  52.689  10.749  -23.246 0.0000000000
84397  52.183  10.438  -23.540 0.0000000000
84402  51.664  10.504  -24.107 0.0000000000
84403  51.224  10.202  -24.450 0.0000000000
84409  51.434  10.808  -24.665 0.0000000000
84410  50.960  10.363  -25.084 0.0000000000
84414  50.314  10.249  -25.890 0.0000000000
84415  49.785  10.115  -26.491 0.0000000000
84422  50.115  10.687  -26.671 0.0000000000
84423  49.532  10.416  -27.221 0.0000000000
84424  48.931  10.165  -27.681 0.0000000000
84431  49.206  10.730  -27.904 0.0000000000
84432  48.592  10.452  -28.337 0.0000000000
84433  47.948  10.167  -28.716 0.0000000000
84447  48.180  10.764  -28.979 0.0000000000
84448  47.550  10.438  -29.332 0.0000000000
84449  46.889  10.076  -29.705 0.0000000000
84464  47.186  10.709  -29.940 0.0000000000
84465  46.661  10.379  -30.399 0.0000000000
85514  53.061  11.387  -23.056 0.0000000000
85523  52.547  11.483  -23.615 0.0000000000
85524  52.146  11.143  -24.012 0.0000000000
85529  52.265  11.865  -24.088 0.0000000000
85530  51.888  11.523  -24.528 0.0000000000
85535  51.419  11.450  -25.256 0.0000000000
85536  50.977  10.971  -25.744 0.0000000000
85540  51.177  11.661  -25.941 0.0000000000
85541  50.719  11.282  -26.445 0.0000000000
85547  50.197  11.389  -27.239 0.0000000000
85548  49.638  11.164  -27.750 0.0000000000
85553  49.942  11.804  -27.892 0.0000000000
85554  49.300  11.493  -28.412 0.0000000000
85555  48.634  11.215  -28.886 0.0000000000
85568  48.929  11.813  -29.090 0.0000000000
85569  48.211  11.509  -29.631 0.0000000000
85570  47.561  11.059  -29.835 0.0000000000
85583  48.040  11.969  -30.271 0.0000000000
85584  47.384  11.475  -30.530 0.0000000000
86587  52.916  12.176  -23.368 0.0000000000
86597  53.051  12.908  -23.448 0.0000000000
86598  52.630  12.605  -23.892 0.0000000000
86605  52.300  12.512  -24.515 0.0000000000
86606  51.927  12.410  -25.117 0.0000000000
86612  51.467  12.429  -25.785 0.0000000000
86619  51.100  12.220  -26.440 0.0000000000
86620  50.754  11.986  -26.961 0.0000000000
86628  50.969  12.668  -26.978 0.0000000000
86629  50.527  12.447  -27.578 0.0000000000
86635  49.955  12.562  -28.377 0.0000000000
86636  49.384  12.277  -28.894 0.0000000000
86648  49.644  12.928  -28.995 0.0000000000
86649  49.032  12.614  -29.558 0.0000000000
86650  48.432  12.315  -30.106 0.0000000000
86660  48.686  12.935  -30.231 0.0000000000
87617  53.309  13.634  -23.226 0.0000000000
87618  52.931  13.654  -23.811 0.0000000000
87626  52.551  13.581  -24.446 0.0000000000
87627  52.252  13.168  -24.951 0.0000000000
87636  52.265  13.901  -25.013 0.0000000000
87637  51.834  13.488  -25.540 0.0000000000
87644  51.248  13.330  -26.465 0.0000000000
87649  50.901  13.400  -27.332 0.0000000000
87650  50.569  13.434  -28.026 0.0000000000
87654  50.126  13.606  -28.720 0.0000000000
87665  49.631  13.607  -29.396 0.0000000000
87666  49.166  13.596  -30.063 0.0000000000
87677  48.698  13.544  -30.677 0.0000000000
88623  53.531  14.560  -22.975 0.0000000000
88624  53.178  14.573  -23.603 0.0000000000
88631  52.808  14.584  -24.169 0.0000000000
88638  52.479  14.637  -24.772 0.0000000000
88639  52.090  14.622  -25.417 0.0000000000
88644  51.532  14.527  -26.145 0.0000000000
88649  51.032  14.529  -27.174 0.0000000000
88650  50.808  14.006  -27.696 0.0000000000
88654  50.934  15.103  -27.683 0.0000000000
88655  50.681  14.663  -28.272 0.0000000000
88665  50.101  14.471  -29.209 0.0000000000
88666  49.656  14.432  -29.873 0.0000000000
88677  49.233  14.451  -30.694 0.0000000000
89604  53.408  15.469  -23.409 0.0000000000
89605  53.028  15.489  -23.959 0.0000000000
89612  52.700  15.522  -24.523 0.0000000000
89618  52.353  15.590  -25.183 0.0000000000
89619  51.865  15.578  -25.883 0.0000000000
89624  51.355  15.555  -26.635 0.0000000000
89629  51.018  15.611  -27.344 0.0000000000
89633  50.837  15.613  -27.938 0.0000000000
89634  50.654  15.728  -28.491 0.0000000000
89646  50.322  15.573  -29.300 0.0000000000
89647  49.971  14.985  -29.655 0.0000000000
89669  50.112  16.087  -29.958 0.0000000000
89670  49.832  15.452  -30.306 0.0000000000
90673  50.705  16.220  -28.179 0.0000000000
90674  50.536  16.593  -28.765 0.0000000000
90687  50.254  16.683  -29.656 0.0000000000
