#!ascii label  , from subject cvs_avg35_inMNI152 vox2ras=TkReg
1423
98760  -36.948  20.984  4.017 0.0000000000
98761  -37.472  20.636  3.582 0.0000000000
98772  -37.826  20.753  2.866 0.0000000000
98783  -38.799  20.779  1.821 0.0000000000
99799  -36.233  21.988  5.210 0.0000000000
99814  -36.123  21.913  4.905 0.0000000000
99815  -36.399  21.556  4.690 0.0000000000
99825  -35.976  21.825  4.335 0.0000000000
99826  -36.382  21.545  3.889 0.0000000000
99827  -36.964  21.304  3.518 0.0000000000
99833  -36.699  21.794  3.246 0.0000000000
99834  -37.287  21.533  2.811 0.0000000000
99835  -37.874  21.185  2.381 0.0000000000
99842  -37.681  21.778  2.124 0.0000000000
99843  -38.278  21.452  1.791 0.0000000000
99844  -39.089  21.411  1.385 0.0000000000
99845  -39.736  21.035  1.206 0.0000000000
99851  -39.651  21.675  1.030 0.0000000000
99852  -40.386  21.248  0.663 0.0000000000
99853  -41.115  21.078  0.172 0.0000000000
99861  -40.872  21.716  0.028 0.0000000000
99862  -41.564  21.463  -0.337 0.0000000000
99863  -42.463  21.387  -0.769 0.0000000000
99873  -42.849  21.740  -1.177 0.0000000000
99874  -43.603  21.560  -1.462 0.0000000000
99939  -44.931  21.886  -5.565 0.0000000000
99960  -44.827  22.182  -6.233 0.0000000000
100870  -33.308  22.942  5.648 0.0000000000
100871  -33.949  22.719  5.345 0.0000000000
100872  -34.844  22.362  5.408 0.0000000000
100873  -35.894  22.126  5.403 0.0000000000
100885  -34.413  22.816  4.745 0.0000000000
100886  -35.009  22.510  4.507 0.0000000000
100887  -35.590  22.110  4.479 0.0000000000
100893  -35.291  22.504  4.034 0.0000000000
100894  -35.730  22.342  3.699 0.0000000000
100895  -36.283  22.158  3.321 0.0000000000
100901  -36.068  22.688  3.096 0.0000000000
100902  -36.645  22.480  2.726 0.0000000000
100903  -37.311  22.440  2.160 0.0000000000
100910  -37.873  22.386  1.662 0.0000000000
100911  -38.594  22.378  1.227 0.0000000000
100912  -39.219  22.128  1.027 0.0000000000
100918  -39.045  22.687  0.767 0.0000000000
100919  -39.700  22.411  0.612 0.0000000000
100920  -40.406  22.378  0.137 0.0000000000
100927  -40.978  22.403  -0.431 0.0000000000
100928  -41.850  22.497  -0.937 0.0000000000
100929  -42.421  22.035  -1.134 0.0000000000
100936  -42.130  23.084  -1.274 0.0000000000
100937  -42.651  22.574  -1.504 0.0000000000
100938  -43.395  22.509  -2.166 0.0000000000
100945  -43.907  22.350  -3.015 0.0000000000
100953  -43.852  22.767  -4.073 0.0000000000
100954  -44.455  22.021  -3.795 0.0000000000
100966  -43.783  23.004  -5.006 0.0000000000
100967  -44.348  22.253  -4.780 0.0000000000
100979  -43.812  23.253  -5.562 0.0000000000
100980  -44.238  22.682  -5.857 0.0000000000
100991  -44.780  22.487  -6.963 0.0000000000
101005  -44.781  22.870  -8.007 0.0000000000
101021  -39.201  22.683  -9.261 0.0000000000
101022  -44.834  23.242  -8.540 0.0000000000
101023  -45.414  22.906  -8.848 0.0000000000
101040  -39.723  22.790  -10.106 0.0000000000
101043  -45.629  23.187  -9.464 0.0000000000
101044  -46.238  22.948  -9.724 0.0000000000
101059  -39.909  23.303  -10.675 0.0000000000
101060  -40.381  23.022  -11.215 0.0000000000
101063  -46.526  23.193  -10.321 0.0000000000
101077  -40.840  23.518  -11.861 0.0000000000
101078  -41.447  23.139  -12.199 0.0000000000
101090  -41.974  23.429  -12.875 0.0000000000
101098  -42.819  23.288  -13.759 0.0000000000
101852  -32.878  23.634  5.419 0.0000000000
101853  -33.453  23.339  5.114 0.0000000000
101858  -33.340  23.919  4.791 0.0000000000
101859  -33.928  23.558  4.430 0.0000000000
101860  -34.583  23.191  4.208 0.0000000000
101866  -34.497  23.768  3.758 0.0000000000
101867  -35.143  23.260  3.599 0.0000000000
101868  -35.706  23.071  3.197 0.0000000000
101874  -35.566  23.621  2.991 0.0000000000
101875  -36.156  23.448  2.673 0.0000000000
101876  -36.992  23.435  2.043 0.0000000000
101877  -37.552  23.060  1.711 0.0000000000
101882  -37.602  23.738  1.510 0.0000000000
101883  -38.117  23.308  1.265 0.0000000000
101884  -38.664  23.297  0.765 0.0000000000
101889  -39.227  23.303  0.398 0.0000000000
101890  -39.905  23.309  0.042 0.0000000000
101891  -40.513  23.054  -0.295 0.0000000000
101896  -40.403  23.746  -0.344 0.0000000000
101897  -41.081  23.459  -0.671 0.0000000000
101898  -41.741  23.592  -1.166 0.0000000000
101902  -42.249  23.620  -1.623 0.0000000000
101903  -42.843  23.534  -2.261 0.0000000000
101904  -43.321  23.130  -2.740 0.0000000000
101908  -43.135  23.789  -2.909 0.0000000000
101909  -43.379  23.467  -3.479 0.0000000000
101913  -43.482  23.676  -4.464 0.0000000000
101920  -43.619  23.780  -5.323 0.0000000000
101927  -43.740  23.646  -6.135 0.0000000000
101928  -44.112  23.134  -6.671 0.0000000000
101934  -43.814  23.811  -7.019 0.0000000000
101935  -44.255  23.274  -7.433 0.0000000000
101942  -38.108  23.484  -8.066 0.0000000000
101943  -43.942  23.918  -7.701 0.0000000000
101944  -44.385  23.655  -8.273 0.0000000000
101950  -38.591  23.515  -8.686 0.0000000000
101951  -38.910  23.196  -9.092 0.0000000000
101952  -44.872  23.641  -9.026 0.0000000000
101953  -45.321  23.408  -9.354 0.0000000000
101960  -38.970  23.778  -9.139 0.0000000000
101961  -39.328  23.543  -9.538 0.0000000000
101962  -45.118  23.748  -9.584 0.0000000000
101963  -45.591  23.582  -9.942 0.0000000000
101964  -46.181  23.386  -10.314 0.0000000000
101973  -39.808  23.762  -10.233 0.0000000000
101974  -40.213  23.859  -10.907 0.0000000000
101975  -45.895  23.746  -10.788 0.0000000000
101976  -46.625  23.438  -10.890 0.0000000000
101988  -40.609  23.964  -11.602 0.0000000000
101989  -41.139  24.120  -12.348 0.0000000000
101990  -46.289  23.798  -11.415 0.0000000000
101991  -46.976  23.683  -11.910 0.0000000000
102002  -41.851  23.964  -13.099 0.0000000000
102003  -42.189  23.560  -13.230 0.0000000000
102004  -47.073  23.910  -12.556 0.0000000000
102015  -42.168  24.284  -13.666 0.0000000000
102016  -42.525  23.808  -13.950 0.0000000000
102017  -43.000  23.403  -14.112 0.0000000000
102029  -42.884  24.011  -14.650 0.0000000000
102030  -43.379  23.651  -14.793 0.0000000000
102037  -43.693  23.879  -15.503 0.0000000000
102048  -44.645  23.866  -16.595 0.0000000000
102758  -32.358  24.599  5.540 0.0000000000
102760  -33.063  24.598  4.855 0.0000000000
102761  -33.597  24.547  4.279 0.0000000000
102763  -34.203  24.511  3.727 0.0000000000
102764  -35.009  24.474  3.211 0.0000000000
102765  -35.553  24.948  2.991 0.0000000000
102767  -35.262  23.926  2.997 0.0000000000
102768  -35.800  24.456  2.769 0.0000000000
102769  -36.597  24.420  2.178 0.0000000000
102771  -37.327  24.469  1.553 0.0000000000
102772  -38.077  24.378  0.956 0.0000000000
102773  -38.382  23.823  0.793 0.0000000000
102775  -38.434  24.816  0.572 0.0000000000
102776  -38.812  24.312  0.265 0.0000000000
102777  -39.404  23.832  0.078 0.0000000000
102779  -39.269  24.832  -0.083 0.0000000000
102780  -39.824  24.437  -0.202 0.0000000000
102781  -40.734  24.430  -0.622 0.0000000000
102782  -41.374  24.423  -1.005 0.0000000000
102784  -41.841  24.437  -1.549 0.0000000000
102785  -42.307  24.455  -2.122 0.0000000000
102787  -42.773  24.585  -3.008 0.0000000000
102788  -43.117  24.110  -3.310 0.0000000000
102790  -42.918  25.102  -3.621 0.0000000000
102791  -43.141  24.574  -3.976 0.0000000000
102798  -43.433  24.597  -5.021 0.0000000000
102805  -43.530  24.565  -5.891 0.0000000000
102809  -37.524  24.364  -7.218 0.0000000000
102810  -43.613  24.547  -6.708 0.0000000000
102813  -37.921  24.388  -7.805 0.0000000000
102814  -38.383  24.460  -8.394 0.0000000000
102815  -43.748  24.566  -7.498 0.0000000000
102816  -43.981  24.468  -8.231 0.0000000000
102821  -38.962  24.596  -9.068 0.0000000000
102822  -39.338  25.151  -9.400 0.0000000000
102823  -44.397  24.365  -8.940 0.0000000000
102828  -39.206  24.122  -9.339 0.0000000000
102829  -39.571  24.635  -9.727 0.0000000000
102830  -44.796  24.247  -9.692 0.0000000000
102831  -45.136  23.941  -9.937 0.0000000000
102839  -40.103  24.681  -10.547 0.0000000000
102840  -40.553  24.725  -11.230 0.0000000000
102841  -44.801  24.747  -10.150 0.0000000000
102842  -45.233  24.322  -10.499 0.0000000000
102851  -40.966  24.808  -11.889 0.0000000000
102852  -41.350  24.969  -12.415 0.0000000000
102853  -45.807  24.360  -11.551 0.0000000000
102854  -46.354  24.006  -11.885 0.0000000000
102863  -41.691  24.801  -12.906 0.0000000000
102864  -45.872  24.807  -12.187 0.0000000000
102865  -46.541  24.377  -12.597 0.0000000000
102866  -47.190  24.048  -12.863 0.0000000000
102876  -41.998  24.754  -13.557 0.0000000000
102877  -42.273  24.635  -14.139 0.0000000000
102878  -46.753  24.799  -13.536 0.0000000000
102879  -47.505  24.282  -13.476 0.0000000000
102893  -42.753  24.546  -14.802 0.0000000000
102894  -43.082  24.161  -14.960 0.0000000000
102895  -46.662  25.134  -14.018 0.0000000000
102896  -47.226  24.919  -14.448 0.0000000000
102897  -48.170  24.490  -14.415 0.0000000000
102908  -42.984  24.922  -15.304 0.0000000000
102909  -43.383  24.475  -15.606 0.0000000000
102910  -43.807  24.013  -15.869 0.0000000000
102911  -47.453  25.140  -15.347 0.0000000000
102912  -48.040  24.811  -15.167 0.0000000000
102923  -43.689  24.722  -16.144 0.0000000000
102924  -44.068  24.442  -16.497 0.0000000000
102925  -44.762  24.142  -17.154 0.0000000000
102926  -47.471  25.260  -15.827 0.0000000000
102927  -47.874  25.031  -15.888 0.0000000000
102928  -48.760  24.783  -15.849 0.0000000000
102937  -44.602  24.812  -17.552 0.0000000000
102938  -45.287  24.379  -17.850 0.0000000000
102939  -45.917  24.377  -18.303 0.0000000000
102946  -44.983  25.021  -18.210 0.0000000000
102947  -45.592  24.933  -18.466 0.0000000000
102948  -46.394  24.770  -18.678 0.0000000000
102949  -47.264  24.858  -18.781 0.0000000000
103568  -32.346  25.666  5.357 0.0000000000
103570  -32.866  25.523  4.827 0.0000000000
103571  -33.444  25.394  4.330 0.0000000000
103573  -33.984  25.357  3.858 0.0000000000
103574  -34.781  25.422  3.503 0.0000000000
103575  -35.470  25.436  3.139 0.0000000000
103577  -35.952  25.417  2.815 0.0000000000
103578  -36.447  25.328  2.370 0.0000000000
103580  -37.033  25.343  1.778 0.0000000000
103581  -37.922  25.466  1.081 0.0000000000
103582  -38.458  25.913  0.818 0.0000000000
103584  -38.261  25.048  0.742 0.0000000000
103585  -38.746  25.490  0.456 0.0000000000
103586  -39.312  26.012  0.207 0.0000000000
103588  -39.016  25.058  0.015 0.0000000000
103589  -39.595  25.528  -0.106 0.0000000000
103590  -40.627  25.484  -0.720 0.0000000000
103591  -41.079  24.979  -0.927 0.0000000000
103594  -41.031  26.031  -1.197 0.0000000000
103595  -41.511  25.529  -1.530 0.0000000000
103596  -41.970  24.995  -1.903 0.0000000000
103599  -41.857  26.079  -2.205 0.0000000000
103600  -42.213  25.549  -2.519 0.0000000000
103603  -42.754  25.646  -3.429 0.0000000000
103604  -43.151  25.639  -4.080 0.0000000000
103611  -43.370  25.533  -4.854 0.0000000000
103618  -43.504  25.489  -5.741 0.0000000000
103623  -43.579  25.384  -6.527 0.0000000000
103627  -37.679  25.278  -7.667 0.0000000000
103628  -38.124  25.318  -8.150 0.0000000000
103629  -43.681  25.350  -7.262 0.0000000000
103630  -43.863  25.317  -8.095 0.0000000000
103634  -38.669  25.493  -8.663 0.0000000000
103635  -39.211  25.679  -9.176 0.0000000000
103636  -44.091  25.067  -8.804 0.0000000000
103640  -39.629  25.727  -9.692 0.0000000000
103641  -44.471  25.132  -9.660 0.0000000000
103646  -40.035  25.642  -10.307 0.0000000000
103647  -40.433  25.625  -11.000 0.0000000000
103648  -44.899  25.307  -10.776 0.0000000000
103649  -45.297  24.808  -11.152 0.0000000000
103652  -40.919  25.630  -11.597 0.0000000000
103653  -41.327  25.650  -12.198 0.0000000000
103654  -45.024  25.778  -11.499 0.0000000000
103655  -45.385  25.280  -11.818 0.0000000000
103659  -41.661  25.626  -12.801 0.0000000000
103660  -45.856  25.252  -12.810 0.0000000000
103661  -46.355  24.916  -13.123 0.0000000000
103665  -41.932  25.545  -13.453 0.0000000000
103666  -42.163  25.406  -14.118 0.0000000000
103667  -45.842  25.790  -13.696 0.0000000000
103668  -46.299  25.245  -13.606 0.0000000000
103676  -42.448  25.183  -14.603 0.0000000000
103677  -45.909  26.120  -14.293 0.0000000000
103678  -46.406  25.613  -14.534 0.0000000000
103679  -46.959  25.345  -15.084 0.0000000000
103688  -42.773  25.365  -15.105 0.0000000000
103689  -43.176  25.404  -15.659 0.0000000000
103690  -46.687  25.726  -15.397 0.0000000000
103691  -47.131  25.441  -15.695 0.0000000000
103700  -43.637  25.285  -16.352 0.0000000000
103701  -44.125  25.454  -17.271 0.0000000000
103702  -46.867  25.812  -16.129 0.0000000000
103703  -47.433  25.414  -16.352 0.0000000000
103704  -48.205  25.108  -16.620 0.0000000000
103714  -44.677  25.610  -17.990 0.0000000000
103715  -47.026  25.802  -16.828 0.0000000000
103716  -47.539  25.498  -17.293 0.0000000000
103717  -48.467  25.142  -17.381 0.0000000000
103726  -45.254  25.633  -18.397 0.0000000000
103727  -45.919  25.546  -18.565 0.0000000000
103728  -46.670  25.473  -18.540 0.0000000000
103729  -47.574  25.376  -18.121 0.0000000000
104319  -32.294  26.552  5.505 0.0000000000
104321  -32.775  26.484  4.934 0.0000000000
104322  -33.556  26.434  4.366 0.0000000000
104323  -34.120  26.800  4.158 0.0000000000
104325  -33.836  25.883  4.059 0.0000000000
104326  -34.476  26.293  3.879 0.0000000000
104327  -35.631  26.404  3.293 0.0000000000
104328  -36.284  26.947  3.099 0.0000000000
104330  -35.904  25.917  2.974 0.0000000000
104331  -36.556  26.393  2.607 0.0000000000
104332  -37.272  26.818  2.305 0.0000000000
104334  -36.831  25.885  2.094 0.0000000000
104335  -37.497  26.361  1.834 0.0000000000
104336  -38.567  26.492  1.151 0.0000000000
104337  -39.245  26.917  1.009 0.0000000000
104339  -38.729  26.116  0.718 0.0000000000
104340  -39.256  26.483  0.580 0.0000000000
104342  -39.802  26.466  0.079 0.0000000000
104343  -40.315  26.402  -0.427 0.0000000000
104346  -40.801  26.507  -0.959 0.0000000000
104347  -41.275  26.625  -1.468 0.0000000000
104350  -41.723  26.648  -2.055 0.0000000000
104351  -42.120  26.627  -2.661 0.0000000000
104354  -42.602  26.537  -3.294 0.0000000000
104355  -43.159  26.522  -3.957 0.0000000000
104364  -43.445  26.501  -4.777 0.0000000000
104372  -43.627  26.414  -5.616 0.0000000000
104378  -43.797  26.427  -6.601 0.0000000000
104379  -44.146  26.992  -7.229 0.0000000000
104385  -37.847  25.865  -8.011 0.0000000000
104386  -43.727  25.882  -7.024 0.0000000000
104387  -43.987  26.326  -7.735 0.0000000000
104390  -37.880  27.046  -8.398 0.0000000000
104391  -38.231  26.422  -8.470 0.0000000000
104392  -38.973  26.499  -8.948 0.0000000000
104393  -44.207  26.026  -9.032 0.0000000000
104396  -39.468  26.637  -9.571 0.0000000000
104397  -44.554  26.135  -10.247 0.0000000000
104402  -39.917  26.638  -10.227 0.0000000000
104403  -40.237  26.584  -10.933 0.0000000000
104404  -44.815  26.261  -11.255 0.0000000000
104409  -40.758  26.560  -11.506 0.0000000000
104410  -41.262  26.525  -12.055 0.0000000000
104411  -45.091  26.227  -12.228 0.0000000000
104412  -45.410  25.696  -12.459 0.0000000000
104416  -41.637  26.480  -12.655 0.0000000000
104417  -45.129  26.640  -13.121 0.0000000000
104418  -45.401  26.018  -13.038 0.0000000000
104423  -41.965  26.439  -13.302 0.0000000000
104424  -42.241  26.354  -14.045 0.0000000000
104425  -45.146  26.925  -13.500 0.0000000000
104426  -45.481  26.595  -13.907 0.0000000000
104430  -42.575  26.066  -14.751 0.0000000000
104431  -46.066  26.483  -15.069 0.0000000000
104432  -46.377  25.993  -15.188 0.0000000000
104437  -42.997  26.186  -15.420 0.0000000000
104438  -43.463  26.303  -16.133 0.0000000000
104439  -46.320  26.675  -16.164 0.0000000000
104440  -46.468  26.176  -15.767 0.0000000000
104444  -43.922  26.347  -16.988 0.0000000000
104445  -44.466  26.405  -17.716 0.0000000000
104446  -46.395  26.687  -16.607 0.0000000000
104447  -46.572  26.337  -16.671 0.0000000000
104450  -44.957  26.409  -18.234 0.0000000000
104451  -46.891  26.046  -17.510 0.0000000000
104452  -47.297  25.725  -17.813 0.0000000000
104457  -45.530  26.264  -18.270 0.0000000000
104458  -46.107  26.108  -18.309 0.0000000000
104459  -46.714  26.024  -18.114 0.0000000000
104460  -47.152  25.868  -17.993 0.0000000000
105044  -32.941  27.795  5.376 0.0000000000
105049  -32.716  27.183  5.250 0.0000000000
105050  -33.320  27.426  4.933 0.0000000000
105051  -34.015  27.454  4.543 0.0000000000
105052  -35.397  27.721  4.325 0.0000000000
105053  -36.137  27.871  4.311 0.0000000000
105055  -34.505  26.914  4.077 0.0000000000
105056  -35.382  27.088  3.742 0.0000000000
105057  -36.376  27.556  3.670 0.0000000000
105058  -37.312  27.718  3.503 0.0000000000
105059  -37.957  27.776  3.247 0.0000000000
105061  -36.729  27.278  3.028 0.0000000000
105062  -37.381  27.323  2.719 0.0000000000
105063  -38.337  27.601  2.654 0.0000000000
105064  -38.987  27.662  2.219 0.0000000000
105066  -37.781  27.040  2.279 0.0000000000
105067  -38.394  27.103  1.920 0.0000000000
105068  -39.221  27.382  1.487 0.0000000000
105070  -39.843  27.394  0.752 0.0000000000
105071  -40.378  27.798  0.481 0.0000000000
105073  -39.846  26.942  0.320 0.0000000000
105074  -40.440  27.448  -0.130 0.0000000000
105075  -41.044  28.040  -0.577 0.0000000000
105077  -40.636  26.978  -0.677 0.0000000000
105078  -41.092  27.520  -1.055 0.0000000000
105081  -41.650  27.542  -1.842 0.0000000000
105082  -42.081  27.529  -2.520 0.0000000000
105085  -42.560  27.472  -3.156 0.0000000000
105086  -43.182  27.451  -3.758 0.0000000000
105095  -43.568  27.417  -4.572 0.0000000000
105102  -43.972  27.461  -5.577 0.0000000000
105103  -44.553  27.930  -5.998 0.0000000000
105108  -43.917  27.027  -6.151 0.0000000000
105109  -44.589  27.666  -6.729 0.0000000000
105110  -45.339  28.227  -7.221 0.0000000000
105115  -44.586  27.318  -7.811 0.0000000000
105116  -45.193  28.005  -7.774 0.0000000000
105120  -38.343  27.677  -8.891 0.0000000000
105121  -38.692  27.065  -8.895 0.0000000000
105122  -44.576  27.039  -8.780 0.0000000000
105123  -45.173  27.771  -8.658 0.0000000000
105126  -38.765  28.187  -9.331 0.0000000000
105127  -39.089  27.622  -9.441 0.0000000000
105128  -44.628  26.980  -9.873 0.0000000000
105129  -45.122  27.692  -9.631 0.0000000000
105132  -39.658  27.598  -10.206 0.0000000000
105133  -40.009  27.550  -10.938 0.0000000000
105134  -44.740  27.022  -10.939 0.0000000000
105135  -45.072  27.777  -10.665 0.0000000000
105139  -40.586  27.531  -11.488 0.0000000000
105140  -41.179  27.492  -12.034 0.0000000000
105141  -44.820  27.025  -11.941 0.0000000000
105142  -45.059  27.810  -11.715 0.0000000000
105146  -41.607  27.362  -12.580 0.0000000000
105147  -44.902  27.016  -12.833 0.0000000000
105148  -45.095  27.706  -12.707 0.0000000000
105152  -41.973  27.323  -13.108 0.0000000000
105153  -42.322  27.375  -13.828 0.0000000000
105154  -45.011  27.007  -13.286 0.0000000000
105155  -45.262  27.433  -13.661 0.0000000000
105159  -42.810  27.328  -14.750 0.0000000000
105160  -43.199  27.909  -15.283 0.0000000000
105161  -45.709  27.378  -14.844 0.0000000000
105165  -42.919  26.717  -15.136 0.0000000000
105166  -43.351  27.318  -15.666 0.0000000000
105167  -46.119  27.268  -15.917 0.0000000000
105172  -43.951  27.319  -16.629 0.0000000000
105173  -44.444  27.327  -17.421 0.0000000000
105174  -46.295  27.008  -16.947 0.0000000000
105175  -46.517  26.488  -17.237 0.0000000000
105179  -44.833  27.313  -17.977 0.0000000000
105180  -46.012  27.131  -17.701 0.0000000000
105181  -46.392  26.527  -17.638 0.0000000000
105185  -45.263  27.163  -18.023 0.0000000000
105186  -45.710  26.815  -17.949 0.0000000000
105187  -46.150  26.502  -17.986 0.0000000000
105789  -32.874  28.602  5.666 0.0000000000
105790  -33.712  28.837  5.580 0.0000000000
105791  -34.515  28.915  5.557 0.0000000000
105792  -35.319  28.965  5.545 0.0000000000
105793  -37.269  29.006  5.497 0.0000000000
105794  -37.605  28.993  5.481 0.0000000000
105795  -38.262  28.988  5.419 0.0000000000
105804  -33.394  28.172  5.354 0.0000000000
105805  -33.975  28.242  5.158 0.0000000000
105806  -34.813  28.461  5.201 0.0000000000
105807  -36.128  28.614  5.221 0.0000000000
105808  -37.079  28.741  5.238 0.0000000000
105809  -37.890  28.581  4.948 0.0000000000
105810  -38.806  28.703  4.860 0.0000000000
105811  -39.522  28.842  4.481 0.0000000000
105814  -36.619  28.153  4.605 0.0000000000
105815  -37.255  28.151  4.351 0.0000000000
105816  -38.155  28.131  4.065 0.0000000000
105817  -39.078  28.365  3.952 0.0000000000
105818  -39.869  28.749  3.777 0.0000000000
105820  -38.580  27.992  3.378 0.0000000000
105821  -39.288  28.123  2.992 0.0000000000
105822  -40.309  28.621  2.852 0.0000000000
105823  -40.989  28.809  2.436 0.0000000000
105825  -39.683  28.049  2.116 0.0000000000
105826  -40.471  28.370  1.914 0.0000000000
105827  -41.307  28.795  1.715 0.0000000000
105829  -39.935  27.896  1.431 0.0000000000
105830  -40.520  28.198  1.021 0.0000000000
105831  -41.247  28.683  0.751 0.0000000000
105833  -40.705  28.167  0.364 0.0000000000
105834  -41.126  28.559  -0.112 0.0000000000
105836  -41.448  28.659  -0.939 0.0000000000
105837  -41.896  29.007  -1.561 0.0000000000
105839  -41.662  28.279  -1.546 0.0000000000
105840  -42.227  28.625  -2.227 0.0000000000
105841  -42.929  28.901  -2.835 0.0000000000
105843  -42.551  28.211  -2.889 0.0000000000
105844  -43.218  28.405  -3.404 0.0000000000
105852  -43.780  28.403  -4.264 0.0000000000
105853  -44.638  28.698  -4.772 0.0000000000
105854  -45.261  28.799  -5.157 0.0000000000
105861  -44.038  28.124  -5.005 0.0000000000
105862  -44.684  28.308  -5.514 0.0000000000
105863  -45.497  28.658  -5.766 0.0000000000
105869  -45.015  28.256  -6.148 0.0000000000
105870  -45.809  28.639  -6.702 0.0000000000
105871  -46.561  29.051  -6.966 0.0000000000
105877  -45.878  28.459  -7.687 0.0000000000
105878  -46.526  28.880  -7.521 0.0000000000
105884  -45.811  28.344  -8.559 0.0000000000
105885  -46.534  28.788  -8.427 0.0000000000
105890  -39.058  28.698  -9.680 0.0000000000
105891  -45.701  28.283  -9.480 0.0000000000
105892  -46.383  28.782  -9.397 0.0000000000
105895  -39.483  28.569  -10.189 0.0000000000
105896  -39.853  28.533  -10.885 0.0000000000
105897  -45.575  28.344  -10.400 0.0000000000
105898  -46.120  28.803  -10.298 0.0000000000
105901  -40.437  28.517  -11.444 0.0000000000
105902  -41.091  28.506  -11.985 0.0000000000
105903  -45.633  28.654  -11.515 0.0000000000
105904  -45.892  28.809  -10.874 0.0000000000
105908  -41.726  28.467  -12.729 0.0000000000
105909  -42.136  28.972  -13.220 0.0000000000
105910  -45.444  28.475  -12.592 0.0000000000
105914  -41.906  27.892  -12.954 0.0000000000
105915  -42.233  28.411  -13.486 0.0000000000
105916  -45.476  28.323  -13.533 0.0000000000
105920  -42.706  28.414  -14.355 0.0000000000
105921  -43.122  28.502  -15.093 0.0000000000
105922  -45.878  28.383  -14.662 0.0000000000
105923  -46.288  28.955  -15.154 0.0000000000
105927  -43.482  28.470  -15.718 0.0000000000
105928  -46.097  28.062  -15.756 0.0000000000
105929  -46.317  28.789  -15.747 0.0000000000
105933  -43.935  28.342  -16.411 0.0000000000
105934  -44.452  28.313  -17.203 0.0000000000
105935  -46.134  27.904  -16.732 0.0000000000
105936  -46.302  28.649  -16.649 0.0000000000
105940  -44.780  28.311  -17.883 0.0000000000
105941  -46.018  27.840  -17.468 0.0000000000
105942  -46.130  28.525  -17.403 0.0000000000
105945  -45.147  28.222  -18.036 0.0000000000
105946  -45.554  27.991  -17.728 0.0000000000
105947  -45.884  28.376  -17.699 0.0000000000
106550  -42.206  30.193  5.400 0.0000000000
106551  -42.449  30.155  5.456 0.0000000000
106555  -32.441  29.529  6.008 0.0000000000
106556  -33.216  29.596  5.745 0.0000000000
106557  -34.076  29.629  5.624 0.0000000000
106558  -34.972  29.595  5.631 0.0000000000
106559  -35.997  29.416  5.662 0.0000000000
106560  -37.036  29.346  5.626 0.0000000000
106561  -37.905  29.561  5.668 0.0000000000
106562  -38.862  29.514  5.509 0.0000000000
106563  -39.846  29.759  5.359 0.0000000000
106564  -40.866  29.862  5.283 0.0000000000
106565  -41.949  29.972  5.316 0.0000000000
106566  -42.893  29.844  5.237 0.0000000000
106567  -43.804  29.748  5.115 0.0000000000
106568  -44.642  29.698  5.126 0.0000000000
106569  -45.355  29.651  5.135 0.0000000000
106579  -36.672  29.013  5.487 0.0000000000
106580  -36.959  29.008  5.504 0.0000000000
106581  -39.500  29.165  5.055 0.0000000000
106582  -40.224  29.341  4.623 0.0000000000
106583  -41.252  29.657  4.528 0.0000000000
106584  -42.230  29.709  4.472 0.0000000000
106585  -43.166  29.639  4.403 0.0000000000
106586  -44.083  29.634  4.354 0.0000000000
106587  -44.949  29.657  4.415 0.0000000000
106588  -45.742  29.630  4.592 0.0000000000
106595  -40.679  29.264  3.722 0.0000000000
106596  -41.565  29.494  3.667 0.0000000000
106597  -42.471  29.543  3.580 0.0000000000
106598  -43.397  29.561  3.523 0.0000000000
106599  -44.375  29.659  3.463 0.0000000000
106600  -45.292  29.709  3.776 0.0000000000
106601  -45.981  29.740  3.939 0.0000000000
106603  -41.040  29.148  3.042 0.0000000000
106604  -41.725  29.266  2.712 0.0000000000
106605  -42.669  29.436  2.709 0.0000000000
106606  -43.519  29.570  2.619 0.0000000000
106607  -44.280  29.762  2.492 0.0000000000
106609  -42.061  29.326  2.022 0.0000000000
106610  -42.756  29.432  1.871 0.0000000000
106611  -43.521  29.685  1.721 0.0000000000
106612  -44.253  29.948  1.697 0.0000000000
106614  -41.971  29.196  1.271 0.0000000000
106615  -42.667  29.593  1.009 0.0000000000
106616  -43.548  29.917  0.767 0.0000000000
106617  -44.216  30.163  1.154 0.0000000000
106619  -41.856  29.187  0.421 0.0000000000
106620  -42.543  29.589  0.084 0.0000000000
106621  -43.230  29.875  -0.300 0.0000000000
106623  -41.773  29.202  -0.324 0.0000000000
106624  -42.291  29.496  -0.896 0.0000000000
106625  -43.182  29.789  -1.191 0.0000000000
106627  -42.557  29.355  -1.654 0.0000000000
106628  -43.364  29.586  -2.131 0.0000000000
106629  -44.378  29.915  -2.583 0.0000000000
106630  -45.107  30.012  -2.874 0.0000000000
106632  -43.679  29.288  -3.054 0.0000000000
106633  -44.533  29.525  -3.311 0.0000000000
106634  -45.461  29.871  -3.568 0.0000000000
106635  -46.124  30.025  -4.077 0.0000000000
106642  -43.903  29.040  -3.695 0.0000000000
106643  -44.626  29.155  -4.046 0.0000000000
106644  -45.486  29.330  -4.521 0.0000000000
106645  -46.280  29.808  -4.788 0.0000000000
106652  -45.898  29.161  -5.258 0.0000000000
106653  -46.491  29.664  -5.537 0.0000000000
106660  -46.151  29.045  -5.908 0.0000000000
106661  -46.773  29.501  -6.421 0.0000000000
106662  -47.421  29.876  -6.966 0.0000000000
106667  -47.067  29.350  -7.279 0.0000000000
106668  -47.774  29.854  -7.742 0.0000000000
106669  -48.385  30.038  -8.372 0.0000000000
106674  -47.201  29.255  -8.155 0.0000000000
106675  -47.865  29.728  -8.727 0.0000000000
106676  -48.492  30.011  -9.116 0.0000000000
106682  -47.242  29.330  -9.313 0.0000000000
106683  -48.155  29.983  -9.696 0.0000000000
106684  -48.492  30.084  -9.502 0.0000000000
106688  -39.427  29.484  -10.101 0.0000000000
106689  -39.813  29.518  -10.704 0.0000000000
106690  -46.827  29.283  -10.354 0.0000000000
106691  -47.578  29.856  -10.455 0.0000000000
106695  -40.339  29.511  -11.310 0.0000000000
106696  -40.950  29.520  -11.874 0.0000000000
106697  -46.148  29.219  -12.009 0.0000000000
106698  -46.406  29.275  -11.351 0.0000000000
106699  -47.160  29.835  -11.325 0.0000000000
106702  -41.577  29.538  -12.488 0.0000000000
106703  -42.202  29.569  -13.031 0.0000000000
106704  -45.987  29.139  -12.623 0.0000000000
106705  -46.689  29.715  -12.581 0.0000000000
106706  -46.917  29.794  -11.926 0.0000000000
106710  -42.438  29.459  -13.585 0.0000000000
106711  -45.856  28.969  -13.494 0.0000000000
106712  -46.475  29.545  -13.578 0.0000000000
106716  -42.678  29.378  -14.138 0.0000000000
106717  -43.079  29.469  -14.906 0.0000000000
106718  -45.841  28.758  -14.065 0.0000000000
106719  -46.337  29.269  -14.585 0.0000000000
106723  -43.456  29.381  -15.644 0.0000000000
106724  -46.559  29.398  -15.694 0.0000000000
106729  -43.884  29.305  -16.276 0.0000000000
106730  -44.383  29.290  -17.041 0.0000000000
106731  -46.589  29.336  -16.601 0.0000000000
106736  -44.673  29.250  -17.875 0.0000000000
106737  -46.405  29.289  -17.425 0.0000000000
106741  -45.076  29.304  -18.371 0.0000000000
106742  -45.473  28.989  -18.095 0.0000000000
106743  -45.966  29.055  -17.960 0.0000000000
106751  -45.260  29.766  -18.561 0.0000000000
106752  -45.460  29.593  -18.382 0.0000000000
106753  -45.913  29.283  -18.015 0.0000000000
107375  -41.860  30.624  5.493 0.0000000000
107376  -42.139  30.460  5.470 0.0000000000
107377  -42.933  30.436  5.751 0.0000000000
107378  -43.865  30.591  5.952 0.0000000000
107379  -44.767  30.559  6.154 0.0000000000
107380  -45.695  30.522  6.210 0.0000000000
107381  -46.467  30.605  6.097 0.0000000000
107385  -32.569  30.525  5.866 0.0000000000
107386  -33.488  30.486  5.610 0.0000000000
107387  -34.402  30.423  5.515 0.0000000000
107388  -35.341  30.339  5.599 0.0000000000
107389  -36.312  30.285  5.727 0.0000000000
107390  -37.282  30.296  5.802 0.0000000000
107391  -38.237  30.323  5.744 0.0000000000
107392  -39.217  30.397  5.618 0.0000000000
107393  -40.271  30.483  5.561 0.0000000000
107394  -41.471  30.555  5.497 0.0000000000
107395  -41.869  30.323  5.427 0.0000000000
107396  -43.563  29.985  5.689 0.0000000000
107397  -44.302  29.910  5.785 0.0000000000
107398  -45.164  29.816  5.833 0.0000000000
107399  -46.103  29.777  5.599 0.0000000000
107400  -47.000  30.302  5.577 0.0000000000
107406  -46.539  29.796  4.654 0.0000000000
107407  -47.161  30.419  4.623 0.0000000000
107415  -44.915  29.820  3.075 0.0000000000
107416  -45.584  29.891  3.197 0.0000000000
107417  -46.521  30.123  3.548 0.0000000000
107418  -47.111  30.703  3.920 0.0000000000
107421  -44.903  30.068  2.481 0.0000000000
107422  -45.591  30.412  2.626 0.0000000000
107423  -46.248  30.654  2.903 0.0000000000
107425  -44.723  30.461  1.809 0.0000000000
107426  -45.258  30.845  2.072 0.0000000000
107428  -44.083  30.085  0.736 0.0000000000
107429  -44.397  30.514  0.898 0.0000000000
107431  -44.023  30.027  0.225 0.0000000000
107432  -44.476  30.544  0.055 0.0000000000
107434  -43.919  30.079  -0.603 0.0000000000
107435  -44.510  30.624  -0.859 0.0000000000
107436  -45.023  30.792  -1.357 0.0000000000
107438  -43.862  30.081  -1.340 0.0000000000
107439  -44.365  30.330  -1.781 0.0000000000
107440  -45.279  30.666  -2.168 0.0000000000
107441  -46.030  30.986  -2.525 0.0000000000
107443  -45.666  30.490  -2.910 0.0000000000
107444  -46.468  30.910  -3.306 0.0000000000
107445  -47.055  31.260  -3.957 0.0000000000
107453  -46.653  30.571  -4.321 0.0000000000
107454  -47.215  31.092  -4.632 0.0000000000
107462  -46.824  30.397  -5.093 0.0000000000
107463  -47.611  30.896  -5.342 0.0000000000
107464  -48.480  31.023  -5.758 0.0000000000
107465  -49.163  31.121  -6.092 0.0000000000
107472  -47.030  30.185  -5.758 0.0000000000
107473  -47.657  30.373  -6.292 0.0000000000
107474  -48.586  30.646  -6.593 0.0000000000
107475  -49.557  30.889  -6.808 0.0000000000
107476  -50.266  31.002  -7.255 0.0000000000
107482  -47.996  30.250  -7.051 0.0000000000
107483  -48.722  30.358  -7.586 0.0000000000
107484  -49.721  30.598  -7.827 0.0000000000
107485  -50.481  30.942  -7.987 0.0000000000
107490  -49.141  30.302  -8.693 0.0000000000
107491  -50.057  30.636  -8.703 0.0000000000
107492  -50.650  31.058  -8.699 0.0000000000
107498  -48.535  30.299  -10.163 0.0000000000
107499  -48.858  30.317  -9.715 0.0000000000
107500  -49.712  30.593  -9.551 0.0000000000
107501  -50.441  30.980  -9.442 0.0000000000
107505  -39.776  30.559  -10.336 0.0000000000
107506  -48.264  30.344  -10.634 0.0000000000
107507  -48.904  30.597  -10.634 0.0000000000
107508  -49.534  30.740  -10.415 0.0000000000
107509  -50.177  30.972  -10.299 0.0000000000
107513  -40.306  30.523  -11.057 0.0000000000
107514  -40.848  30.547  -11.667 0.0000000000
107515  -47.880  30.395  -11.453 0.0000000000
107516  -48.719  30.718  -11.507 0.0000000000
107517  -49.643  31.013  -11.445 0.0000000000
107518  -49.983  30.957  -10.874 0.0000000000
107522  -41.478  30.590  -12.251 0.0000000000
107523  -42.240  30.604  -12.792 0.0000000000
107524  -47.182  30.206  -13.071 0.0000000000
107525  -47.483  30.308  -12.471 0.0000000000
107526  -48.446  30.746  -12.455 0.0000000000
107527  -49.304  31.021  -12.451 0.0000000000
107531  -42.730  30.510  -13.601 0.0000000000
107532  -43.075  31.024  -13.975 0.0000000000
107533  -47.051  30.140  -13.648 0.0000000000
107534  -47.665  30.444  -13.585 0.0000000000
107535  -48.335  30.692  -13.431 0.0000000000
107536  -49.136  30.923  -13.385 0.0000000000
107540  -42.710  29.965  -13.959 0.0000000000
107541  -43.112  30.542  -14.437 0.0000000000
107542  -46.928  30.079  -14.564 0.0000000000
107543  -47.687  30.445  -14.510 0.0000000000
107544  -48.357  30.645  -14.344 0.0000000000
107545  -48.996  30.826  -14.255 0.0000000000
107549  -43.687  30.542  -15.668 0.0000000000
107550  -44.255  31.098  -16.324 0.0000000000
107551  -46.916  30.015  -15.564 0.0000000000
107552  -47.646  30.443  -15.497 0.0000000000
107553  -48.544  30.807  -15.384 0.0000000000
107554  -48.832  30.826  -14.811 0.0000000000
107559  -43.809  29.910  -16.089 0.0000000000
107560  -44.293  30.360  -16.743 0.0000000000
107561  -47.010  29.922  -16.527 0.0000000000
107562  -47.580  30.388  -16.464 0.0000000000
107563  -48.295  30.781  -16.426 0.0000000000
107568  -44.560  30.079  -17.788 0.0000000000
107569  -46.946  29.920  -17.400 0.0000000000
107570  -47.511  30.359  -17.292 0.0000000000
107571  -48.068  30.713  -17.288 0.0000000000
107575  -44.898  30.050  -18.499 0.0000000000
107576  -45.208  30.283  -18.681 0.0000000000
107577  -46.498  30.182  -18.153 0.0000000000
107578  -47.399  30.553  -17.913 0.0000000000
107579  -47.827  30.624  -17.728 0.0000000000
107587  -45.009  30.052  -18.729 0.0000000000
107588  -45.374  30.025  -18.662 0.0000000000
107589  -45.831  29.750  -18.438 0.0000000000
108139  -41.923  30.847  5.530 0.0000000000
108140  -42.393  31.031  5.647 0.0000000000
108141  -43.248  31.338  5.887 0.0000000000
108142  -44.288  31.360  6.127 0.0000000000
108143  -45.257  31.353  6.325 0.0000000000
108144  -46.194  31.338  6.394 0.0000000000
108145  -47.112  31.270  6.227 0.0000000000
108146  -47.905  31.543  6.082 0.0000000000
108148  -32.061  31.533  5.861 0.0000000000
108149  -32.868  31.437  5.586 0.0000000000
108150  -33.757  31.357  5.362 0.0000000000
108151  -34.681  31.238  5.312 0.0000000000
108152  -35.594  31.158  5.440 0.0000000000
108153  -36.554  31.208  5.532 0.0000000000
108154  -37.561  31.089  5.656 0.0000000000
108155  -38.496  31.126  5.618 0.0000000000
108156  -39.527  31.245  5.528 0.0000000000
108157  -40.627  31.214  5.527 0.0000000000
108158  -41.625  31.345  5.488 0.0000000000
108159  -42.427  31.708  5.564 0.0000000000
108161  -47.457  31.093  5.431 0.0000000000
108162  -48.260  31.482  5.415 0.0000000000
108163  -48.807  31.591  5.144 0.0000000000
108167  -37.021  31.661  5.255 0.0000000000
108168  -37.743  31.722  5.187 0.0000000000
108169  -38.649  31.765  5.121 0.0000000000
108170  -39.394  31.877  5.086 0.0000000000
108171  -47.545  31.145  4.590 0.0000000000
108172  -48.207  31.485  4.464 0.0000000000
108173  -48.964  31.687  4.455 0.0000000000
108181  -46.722  30.797  3.344 0.0000000000
108182  -47.383  31.201  3.574 0.0000000000
108183  -48.232  31.553  3.505 0.0000000000
108184  -49.145  31.762  3.447 0.0000000000
108185  -49.688  31.888  3.033 0.0000000000
108192  -45.793  30.921  2.452 0.0000000000
108193  -46.507  31.119  2.614 0.0000000000
108194  -47.402  31.355  2.555 0.0000000000
108195  -48.288  31.536  2.489 0.0000000000
108196  -49.112  31.640  2.371 0.0000000000
108197  -49.833  31.889  2.338 0.0000000000
108199  -44.844  30.949  1.522 0.0000000000
108200  -45.604  31.174  1.721 0.0000000000
108201  -46.530  31.352  1.647 0.0000000000
108202  -47.439  31.468  1.569 0.0000000000
108203  -48.328  31.559  1.490 0.0000000000
108204  -49.230  31.674  1.405 0.0000000000
108205  -49.946  31.980  1.676 0.0000000000
108207  -44.884  31.108  0.824 0.0000000000
108208  -45.709  31.356  0.780 0.0000000000
108209  -46.595  31.466  0.687 0.0000000000
108210  -47.486  31.552  0.602 0.0000000000
108211  -48.355  31.627  0.526 0.0000000000
108212  -49.137  31.722  0.410 0.0000000000
108214  -45.051  31.078  -0.034 0.0000000000
108215  -45.806  31.363  -0.138 0.0000000000
108216  -46.651  31.485  -0.272 0.0000000000
108217  -47.535  31.590  -0.349 0.0000000000
108218  -48.377  31.717  -0.410 0.0000000000
108219  -49.152  31.888  -0.422 0.0000000000
108221  -45.211  31.061  -0.732 0.0000000000
108222  -45.779  31.272  -1.144 0.0000000000
108223  -46.730  31.472  -1.206 0.0000000000
108224  -47.584  31.689  -1.292 0.0000000000
108225  -48.458  31.923  -1.312 0.0000000000
108226  -49.159  32.131  -1.054 0.0000000000
108228  -46.084  31.240  -1.882 0.0000000000
108229  -46.745  31.506  -2.203 0.0000000000
108230  -47.644  31.924  -2.215 0.0000000000
108231  -48.361  32.137  -2.027 0.0000000000
108232  -52.529  31.958  -3.074 0.0000000000
108233  -52.775  31.992  -3.120 0.0000000000
108235  -47.022  31.643  -2.775 0.0000000000
108236  -47.445  31.918  -3.250 0.0000000000
108237  -48.179  32.269  -3.664 0.0000000000
108238  -48.880  32.263  -3.777 0.0000000000
108239  -50.801  32.119  -3.836 0.0000000000
108240  -51.228  32.051  -3.778 0.0000000000
108241  -52.205  31.971  -3.500 0.0000000000
108242  -52.902  32.130  -3.700 0.0000000000
108243  -53.087  32.479  -3.957 0.0000000000
108250  -47.592  31.780  -4.162 0.0000000000
108251  -48.336  32.033  -4.345 0.0000000000
108252  -49.327  32.118  -4.307 0.0000000000
108253  -50.438  32.097  -4.267 0.0000000000
108254  -51.367  31.927  -4.482 0.0000000000
108255  -52.240  31.934  -4.551 0.0000000000
108256  -52.796  32.237  -4.659 0.0000000000
108257  -53.041  32.620  -4.377 0.0000000000
108264  -47.831  31.480  -4.709 0.0000000000
108265  -48.479  31.561  -4.981 0.0000000000
108266  -49.432  31.665  -5.289 0.0000000000
108267  -50.509  31.788  -5.339 0.0000000000
108268  -51.448  31.802  -5.467 0.0000000000
108269  -52.262  31.905  -5.544 0.0000000000
108270  -52.688  32.227  -5.641 0.0000000000
108276  -49.828  31.412  -6.002 0.0000000000
108277  -50.573  31.468  -6.394 0.0000000000
108278  -51.573  31.679  -6.442 0.0000000000
108279  -52.319  31.884  -6.521 0.0000000000
108280  -52.748  32.263  -6.598 0.0000000000
108287  -50.933  31.411  -7.292 0.0000000000
108288  -51.737  31.670  -7.387 0.0000000000
108289  -52.445  31.954  -7.498 0.0000000000
108290  -52.774  32.172  -7.244 0.0000000000
108295  -51.139  31.386  -8.158 0.0000000000
108296  -51.895  31.813  -8.347 0.0000000000
108297  -52.330  31.956  -8.101 0.0000000000
108304  -51.203  31.439  -9.162 0.0000000000
108305  -51.802  31.883  -9.200 0.0000000000
108310  -50.900  31.342  -10.206 0.0000000000
108311  -51.595  31.776  -9.981 0.0000000000
108314  -40.147  31.564  -10.927 0.0000000000
108315  -40.635  31.567  -11.500 0.0000000000
108316  -50.216  31.309  -11.903 0.0000000000
108317  -50.538  31.325  -11.278 0.0000000000
108318  -51.413  31.723  -10.981 0.0000000000
108321  -41.187  31.668  -12.094 0.0000000000
108322  -41.955  31.735  -12.607 0.0000000000
108323  -50.042  31.321  -12.476 0.0000000000
108324  -50.666  31.496  -12.365 0.0000000000
108325  -51.315  31.719  -12.052 0.0000000000
108329  -42.650  31.798  -13.433 0.0000000000
108330  -42.935  31.290  -13.792 0.0000000000
108331  -49.897  31.308  -13.355 0.0000000000
108332  -50.594  31.546  -13.229 0.0000000000
108333  -51.217  31.739  -13.082 0.0000000000
108337  -42.804  32.420  -13.974 0.0000000000
108338  -43.115  31.811  -14.223 0.0000000000
108339  -49.690  31.244  -14.250 0.0000000000
108340  -50.592  31.694  -14.171 0.0000000000
108341  -51.021  31.754  -13.697 0.0000000000
108345  -43.584  31.708  -15.110 0.0000000000
108346  -44.218  31.751  -15.946 0.0000000000
108347  -49.095  31.168  -15.784 0.0000000000
108348  -49.329  31.185  -15.166 0.0000000000
108349  -50.025  31.650  -14.969 0.0000000000
108353  -44.753  31.710  -16.975 0.0000000000
108354  -45.384  32.125  -17.349 0.0000000000
108355  -48.913  31.186  -16.337 0.0000000000
108356  -49.446  31.579  -16.081 0.0000000000
108357  -49.724  31.601  -15.499 0.0000000000
108362  -44.814  30.881  -17.769 0.0000000000
108363  -45.607  31.643  -17.853 0.0000000000
108364  -46.254  31.718  -18.086 0.0000000000
108365  -48.686  31.346  -17.269 0.0000000000
108366  -49.110  31.516  -16.709 0.0000000000
108371  -44.830  30.472  -18.242 0.0000000000
108372  -45.317  30.712  -18.488 0.0000000000
108373  -46.316  31.226  -18.543 0.0000000000
108374  -47.358  31.040  -18.446 0.0000000000
108375  -48.087  30.913  -18.022 0.0000000000
108384  -45.421  30.359  -18.695 0.0000000000
108385  -45.808  30.380  -18.654 0.0000000000
108905  -46.711  32.122  6.603 0.0000000000
108906  -47.701  32.105  6.613 0.0000000000
108907  -48.728  31.953  6.308 0.0000000000
108908  -49.292  32.305  6.192 0.0000000000
108911  -32.314  32.402  5.674 0.0000000000
108912  -33.137  32.346  5.351 0.0000000000
108913  -34.044  32.301  5.115 0.0000000000
108914  -34.933  31.984  5.099 0.0000000000
108915  -35.732  31.935  5.157 0.0000000000
108916  -36.399  31.965  5.108 0.0000000000
108917  -40.046  31.739  5.313 0.0000000000
108918  -40.806  31.904  5.253 0.0000000000
108919  -41.700  32.100  5.236 0.0000000000
108925  -48.866  31.691  5.654 0.0000000000
108926  -49.470  32.000  5.572 0.0000000000
108927  -49.936  32.632  5.040 0.0000000000
108930  -34.520  32.709  4.955 0.0000000000
108931  -35.111  32.666  4.873 0.0000000000
108932  -35.864  32.613  4.712 0.0000000000
108933  -36.864  32.361  4.686 0.0000000000
108934  -37.905  32.356  4.605 0.0000000000
108935  -38.876  32.330  4.570 0.0000000000
108936  -39.932  32.323  4.745 0.0000000000
108937  -40.973  32.474  4.695 0.0000000000
108942  -49.732  31.971  4.475 0.0000000000
108943  -50.392  32.505  4.310 0.0000000000
108944  -50.730  32.820  3.822 0.0000000000
108949  -49.896  32.033  3.723 0.0000000000
108950  -50.341  32.263  3.245 0.0000000000
108951  -50.844  32.926  3.082 0.0000000000
108952  -51.355  33.073  2.767 0.0000000000
108961  -50.427  32.302  2.305 0.0000000000
108962  -50.993  32.617  2.179 0.0000000000
108963  -51.676  32.932  2.185 0.0000000000
108964  -52.248  33.080  1.971 0.0000000000
108969  -49.697  31.940  1.036 0.0000000000
108970  -50.302  32.351  1.331 0.0000000000
108971  -51.028  32.655  1.315 0.0000000000
108972  -51.775  32.784  1.312 0.0000000000
108973  -52.519  33.085  1.371 0.0000000000
108976  -49.694  32.190  0.404 0.0000000000
108977  -50.353  32.526  0.436 0.0000000000
108978  -51.127  32.648  0.439 0.0000000000
108979  -51.976  32.683  0.479 0.0000000000
108980  -52.851  32.932  0.511 0.0000000000
108982  -49.690  32.362  -0.414 0.0000000000
108983  -50.410  32.559  -0.478 0.0000000000
108984  -51.277  32.579  -0.480 0.0000000000
108985  -52.202  32.586  -0.472 0.0000000000
108986  -53.121  32.767  -0.499 0.0000000000
108988  -48.878  32.156  -1.647 0.0000000000
108989  -49.576  32.401  -1.399 0.0000000000
108990  -50.496  32.530  -1.441 0.0000000000
108991  -51.440  32.478  -1.459 0.0000000000
108992  -52.392  32.394  -1.505 0.0000000000
108993  -53.338  32.585  -1.644 0.0000000000
108994  -53.710  32.871  -2.187 0.0000000000
108996  -48.063  32.224  -2.577 0.0000000000
108997  -48.814  32.283  -2.331 0.0000000000
108998  -49.678  32.451  -2.362 0.0000000000
108999  -50.615  32.444  -2.431 0.0000000000
109000  -51.586  32.290  -2.441 0.0000000000
109001  -52.481  32.111  -2.669 0.0000000000
109002  -53.261  32.349  -2.775 0.0000000000
109003  -53.650  32.938  -2.886 0.0000000000
109005  -48.247  32.323  -3.012 0.0000000000
109006  -48.908  32.356  -3.106 0.0000000000
109007  -49.741  32.358  -3.349 0.0000000000
109008  -50.745  32.225  -3.450 0.0000000000
109009  -51.756  32.087  -3.148 0.0000000000
109010  -52.177  31.996  -3.088 0.0000000000
109011  -53.309  32.529  -3.413 0.0000000000
109012  -53.411  32.934  -3.767 0.0000000000
109019  -50.124  32.246  -3.864 0.0000000000
109020  -50.425  32.197  -3.866 0.0000000000
109021  -52.861  32.536  -4.968 0.0000000000
109022  -53.163  32.990  -4.751 0.0000000000
109030  -52.837  32.642  -5.638 0.0000000000
109031  -53.014  33.107  -5.705 0.0000000000
109038  -52.899  32.709  -6.364 0.0000000000
109039  -53.056  33.039  -6.646 0.0000000000
109047  -52.727  32.164  -7.559 0.0000000000
109048  -52.889  32.487  -7.302 0.0000000000
109049  -53.134  32.938  -7.569 0.0000000000
109054  -52.282  31.988  -8.364 0.0000000000
109055  -52.571  32.184  -8.136 0.0000000000
109056  -52.952  32.573  -8.312 0.0000000000
109057  -53.346  33.018  -8.441 0.0000000000
109063  -52.217  32.086  -8.802 0.0000000000
109064  -52.617  32.338  -9.062 0.0000000000
109065  -53.119  32.690  -9.332 0.0000000000
109066  -53.402  33.217  -9.076 0.0000000000
109072  -52.127  32.173  -9.626 0.0000000000
109073  -52.613  32.397  -10.052 0.0000000000
109074  -53.033  32.719  -10.466 0.0000000000
109080  -40.307  32.343  -11.408 0.0000000000
109081  -51.994  32.207  -10.579 0.0000000000
109082  -52.477  32.496  -11.089 0.0000000000
109083  -52.908  32.788  -11.500 0.0000000000
109086  -40.171  33.098  -11.614 0.0000000000
109087  -40.714  32.739  -11.969 0.0000000000
109088  -41.538  32.802  -12.397 0.0000000000
109089  -51.937  32.137  -11.633 0.0000000000
109090  -52.414  32.518  -12.158 0.0000000000
109091  -52.865  32.905  -12.500 0.0000000000
109094  -42.213  32.804  -12.990 0.0000000000
109095  -51.826  32.142  -12.751 0.0000000000
109096  -52.281  32.677  -13.260 0.0000000000
109097  -52.703  32.948  -13.179 0.0000000000
109100  -42.594  32.892  -13.719 0.0000000000
109101  -43.050  32.939  -14.309 0.0000000000
109102  -43.714  33.198  -14.665 0.0000000000
109103  -50.987  31.969  -14.460 0.0000000000
109104  -51.416  32.236  -14.056 0.0000000000
109105  -52.016  32.676  -13.942 0.0000000000
109109  -43.475  32.556  -14.791 0.0000000000
109110  -44.185  32.889  -15.409 0.0000000000
109111  -45.235  33.165  -15.889 0.0000000000
109112  -46.148  33.260  -16.073 0.0000000000
109113  -50.701  32.127  -14.902 0.0000000000
109114  -51.134  32.425  -14.755 0.0000000000
109118  -44.769  32.487  -16.248 0.0000000000
109119  -45.609  32.712  -16.913 0.0000000000
109120  -47.057  33.142  -16.689 0.0000000000
109121  -47.852  33.047  -16.893 0.0000000000
109122  -49.296  32.453  -16.717 0.0000000000
109123  -49.753  32.161  -16.210 0.0000000000
109124  -50.037  31.912  -15.609 0.0000000000
109130  -45.754  32.211  -17.469 0.0000000000
109131  -46.476  32.253  -17.684 0.0000000000
109132  -47.857  32.543  -17.485 0.0000000000
109133  -48.865  32.190  -17.520 0.0000000000
109134  -49.305  31.874  -16.872 0.0000000000
109140  -46.572  31.753  -18.172 0.0000000000
109141  -47.154  31.813  -18.220 0.0000000000
109142  -48.159  31.704  -18.125 0.0000000000
109675  -48.205  32.968  6.484 0.0000000000
109676  -49.049  32.816  6.305 0.0000000000
109677  -49.411  32.585  6.009 0.0000000000
109681  -32.641  33.331  5.516 0.0000000000
109682  -33.418  33.243  5.171 0.0000000000
109683  -34.057  33.278  4.964 0.0000000000
109688  -48.719  33.674  6.084 0.0000000000
109689  -49.632  33.192  5.788 0.0000000000
109690  -50.665  33.397  5.061 0.0000000000
109691  -51.634  33.987  4.998 0.0000000000
109692  -52.082  34.366  4.959 0.0000000000
109694  -34.593  33.292  4.820 0.0000000000
109695  -35.185  33.478  4.576 0.0000000000
109696  -36.103  33.469  4.167 0.0000000000
109697  -37.174  33.037  4.029 0.0000000000
109698  -38.206  32.945  3.961 0.0000000000
109699  -39.249  32.901  3.983 0.0000000000
109700  -40.288  32.914  4.052 0.0000000000
109709  -50.753  33.034  4.330 0.0000000000
109710  -51.309  33.321  4.044 0.0000000000
109711  -52.304  34.035  4.342 0.0000000000
109712  -52.634  34.468  3.973 0.0000000000
109715  -36.168  33.979  3.852 0.0000000000
109716  -36.637  33.801  3.653 0.0000000000
109717  -37.555  33.617  3.450 0.0000000000
109718  -38.597  33.591  3.250 0.0000000000
109719  -39.686  33.413  3.367 0.0000000000
109726  -51.371  33.204  3.268 0.0000000000
109727  -51.999  33.390  3.147 0.0000000000
109728  -52.658  34.126  3.446 0.0000000000
109735  -38.677  33.967  2.800 0.0000000000
109736  -39.207  33.898  2.779 0.0000000000
109737  -40.159  33.889  2.820 0.0000000000
109741  -52.190  33.276  2.437 0.0000000000
109742  -52.692  33.712  2.374 0.0000000000
109748  -52.981  33.813  1.301 0.0000000000
109751  -53.248  33.722  0.304 0.0000000000
109753  -53.666  33.536  -0.730 0.0000000000
109754  -54.060  33.757  -1.328 0.0000000000
109756  -53.855  33.206  -1.574 0.0000000000
109757  -54.017  33.506  -2.150 0.0000000000
109759  -53.816  33.548  -3.083 0.0000000000
109761  -53.546  33.554  -4.032 0.0000000000
109767  -53.272  33.568  -5.019 0.0000000000
109775  -53.080  33.538  -6.021 0.0000000000
109781  -53.125  33.439  -7.002 0.0000000000
109787  -53.206  33.406  -7.903 0.0000000000
109796  -53.260  33.528  -8.663 0.0000000000
109804  -44.914  33.679  -9.595 0.0000000000
109805  -46.021  33.754  -9.545 0.0000000000
109806  -46.968  33.805  -9.860 0.0000000000
109807  -47.702  33.994  -10.026 0.0000000000
109808  -53.259  33.224  -9.817 0.0000000000
109809  -53.191  33.662  -9.289 0.0000000000
109815  -44.159  33.520  -10.381 0.0000000000
109816  -45.157  33.445  -10.469 0.0000000000
109817  -46.166  33.489  -10.578 0.0000000000
109818  -47.119  33.618  -10.692 0.0000000000
109819  -48.125  33.943  -10.677 0.0000000000
109820  -48.898  34.103  -10.958 0.0000000000
109821  -53.082  33.271  -10.792 0.0000000000
109828  -43.310  33.643  -11.212 0.0000000000
109829  -44.282  33.368  -11.348 0.0000000000
109830  -45.299  33.297  -11.444 0.0000000000
109831  -46.306  33.335  -11.523 0.0000000000
109832  -47.302  33.484  -11.577 0.0000000000
109833  -48.279  33.679  -11.638 0.0000000000
109834  -49.358  33.882  -11.618 0.0000000000
109835  -50.257  33.916  -11.925 0.0000000000
109836  -51.015  34.011  -12.104 0.0000000000
109837  -51.576  33.802  -12.154 0.0000000000
109838  -52.911  33.319  -11.753 0.0000000000
109843  -40.403  33.828  -11.970 0.0000000000
109844  -41.144  33.731  -12.215 0.0000000000
109845  -42.188  33.821  -12.152 0.0000000000
109846  -43.400  33.454  -12.239 0.0000000000
109847  -44.411  33.318  -12.334 0.0000000000
109848  -45.420  33.274  -12.416 0.0000000000
109849  -46.442  33.276  -12.474 0.0000000000
109850  -47.457  33.362  -12.518 0.0000000000
109851  -48.480  33.473  -12.563 0.0000000000
109852  -49.478  33.589  -12.669 0.0000000000
109853  -50.378  33.698  -12.805 0.0000000000
109854  -51.189  33.729  -12.849 0.0000000000
109855  -51.949  33.541  -12.613 0.0000000000
109856  -52.576  33.383  -12.416 0.0000000000
109860  -42.791  33.342  -13.066 0.0000000000
109861  -43.611  33.402  -13.149 0.0000000000
109862  -44.527  33.386  -13.289 0.0000000000
109863  -45.548  33.348  -13.386 0.0000000000
109864  -46.592  33.306  -13.430 0.0000000000
109865  -47.618  33.329  -13.485 0.0000000000
109866  -48.636  33.384  -13.554 0.0000000000
109867  -49.624  33.485  -13.640 0.0000000000
109868  -50.560  33.523  -13.678 0.0000000000
109869  -51.445  33.414  -13.575 0.0000000000
109870  -52.294  33.215  -13.331 0.0000000000
109871  -52.760  33.218  -12.898 0.0000000000
109875  -43.062  33.339  -13.730 0.0000000000
109876  -43.695  33.451  -13.980 0.0000000000
109877  -44.610  33.440  -14.342 0.0000000000
109878  -45.753  33.382  -14.318 0.0000000000
109879  -46.781  33.333  -14.399 0.0000000000
109880  -47.805  33.326  -14.467 0.0000000000
109881  -48.811  33.342  -14.517 0.0000000000
109882  -49.795  33.353  -14.557 0.0000000000
109883  -50.752  33.246  -14.486 0.0000000000
109884  -51.734  32.989  -14.324 0.0000000000
109885  -52.377  32.908  -13.873 0.0000000000
109889  -45.112  33.379  -15.074 0.0000000000
109890  -45.985  33.345  -15.215 0.0000000000
109891  -47.030  33.329  -15.464 0.0000000000
109892  -48.036  33.294  -15.365 0.0000000000
109893  -48.971  33.230  -15.433 0.0000000000
109894  -49.931  33.118  -15.385 0.0000000000
109895  -50.784  32.728  -15.089 0.0000000000
109896  -51.362  32.582  -14.644 0.0000000000
109901  -47.546  33.297  -15.963 0.0000000000
109902  -48.127  33.189  -16.255 0.0000000000
109903  -49.094  32.999  -16.331 0.0000000000
109904  -49.871  32.657  -15.936 0.0000000000
109905  -50.222  32.351  -15.572 0.0000000000
109909  -48.362  33.001  -16.898 0.0000000000
109910  -48.748  32.713  -17.091 0.0000000000
110482  -32.174  34.259  5.801 0.0000000000
110483  -33.100  34.345  5.115 0.0000000000
110484  -33.678  33.792  4.987 0.0000000000
110487  -50.165  34.230  5.663 0.0000000000
110488  -51.059  34.652  5.509 0.0000000000
110489  -51.847  34.670  5.209 0.0000000000
110490  -52.248  34.761  4.846 0.0000000000
110494  -33.551  34.903  4.644 0.0000000000
110495  -34.201  34.241  4.611 0.0000000000
110496  -35.320  34.454  4.047 0.0000000000
110497  -35.907  34.114  3.937 0.0000000000
110504  -52.551  34.851  4.297 0.0000000000
110505  -52.849  34.817  3.627 0.0000000000
110507  -35.553  34.949  3.558 0.0000000000
110508  -36.097  34.464  3.550 0.0000000000
110509  -36.955  34.340  2.990 0.0000000000
110510  -37.917  34.101  2.926 0.0000000000
110511  -38.417  34.014  2.837 0.0000000000
110518  -53.006  34.519  2.942 0.0000000000
110523  -37.083  34.679  2.691 0.0000000000
110524  -37.525  34.609  2.608 0.0000000000
110525  -38.558  34.475  2.453 0.0000000000
110526  -39.648  34.426  2.381 0.0000000000
110535  -53.169  34.595  2.097 0.0000000000
110543  -38.718  34.966  2.104 0.0000000000
110544  -39.235  34.973  2.057 0.0000000000
110547  -53.238  34.631  1.069 0.0000000000
110552  -53.367  34.527  0.068 0.0000000000
110556  -53.538  34.397  -0.921 0.0000000000
110557  -54.028  34.143  -1.664 0.0000000000
110560  -53.499  34.522  -1.682 0.0000000000
110561  -53.971  34.157  -2.404 0.0000000000
110564  -53.365  34.534  -2.499 0.0000000000
110565  -53.678  34.132  -3.320 0.0000000000
110568  -52.584  34.636  -3.733 0.0000000000
110569  -52.952  34.543  -3.525 0.0000000000
110570  -53.418  34.065  -4.358 0.0000000000
110577  -52.411  34.562  -4.221 0.0000000000
110578  -52.834  34.270  -4.787 0.0000000000
110579  -53.212  33.968  -5.438 0.0000000000
110590  -51.510  34.515  -5.687 0.0000000000
110591  -51.950  34.473  -5.389 0.0000000000
110592  -52.686  34.180  -5.942 0.0000000000
110593  -53.066  33.895  -6.482 0.0000000000
110601  -51.448  34.572  -6.170 0.0000000000
110602  -52.012  34.408  -6.584 0.0000000000
110603  -52.656  34.189  -7.046 0.0000000000
110604  -53.082  33.862  -7.489 0.0000000000
110613  -47.069  35.166  -7.992 0.0000000000
110614  -48.083  35.206  -7.972 0.0000000000
110615  -49.073  35.113  -7.914 0.0000000000
110616  -50.048  34.955  -7.767 0.0000000000
110617  -51.080  34.695  -7.308 0.0000000000
110618  -51.967  34.335  -7.709 0.0000000000
110619  -52.600  34.135  -8.078 0.0000000000
110620  -53.072  33.829  -8.386 0.0000000000
110630  -46.343  34.486  -8.602 0.0000000000
110631  -47.414  34.710  -8.649 0.0000000000
110632  -48.362  34.804  -8.722 0.0000000000
110633  -49.343  34.755  -8.686 0.0000000000
110634  -50.341  34.653  -8.559 0.0000000000
110635  -51.253  34.443  -8.563 0.0000000000
110636  -51.990  34.177  -8.766 0.0000000000
110637  -52.606  33.980  -8.996 0.0000000000
110638  -53.024  33.821  -9.084 0.0000000000
110648  -46.914  34.146  -9.159 0.0000000000
110649  -47.665  34.308  -9.338 0.0000000000
110650  -48.549  34.386  -9.607 0.0000000000
110651  -49.607  34.470  -9.517 0.0000000000
110652  -50.544  34.416  -9.520 0.0000000000
110653  -51.372  34.262  -9.588 0.0000000000
110654  -52.062  34.037  -9.750 0.0000000000
110655  -52.813  33.777  -9.891 0.0000000000
110656  -53.004  33.848  -9.410 0.0000000000
110664  -48.994  34.282  -10.256 0.0000000000
110665  -49.783  34.270  -10.495 0.0000000000
110666  -50.747  34.291  -10.432 0.0000000000
110667  -51.489  34.150  -10.544 0.0000000000
110668  -52.143  33.928  -10.760 0.0000000000
110669  -52.634  33.626  -11.150 0.0000000000
110677  -50.231  34.186  -11.161 0.0000000000
110678  -50.913  34.190  -11.280 0.0000000000
110679  -51.570  34.020  -11.444 0.0000000000
110680  -52.103  33.678  -11.734 0.0000000000
110681  -52.529  33.515  -11.844 0.0000000000
110687  -41.495  34.206  -11.794 0.0000000000
110688  -41.803  34.093  -11.804 0.0000000000
110689  -52.345  33.517  -12.118 0.0000000000
110690  -52.572  33.482  -12.085 0.0000000000
111284  -51.135  35.273  5.162 0.0000000000
111285  -51.652  35.178  5.180 0.0000000000
111286  -52.059  35.061  5.079 0.0000000000
111290  -33.169  35.514  4.859 0.0000000000
111291  -33.928  35.532  4.148 0.0000000000
111292  -34.579  34.982  4.076 0.0000000000
111296  -51.326  35.603  4.780 0.0000000000
111297  -52.084  35.412  4.597 0.0000000000
111298  -52.702  35.510  3.863 0.0000000000
111301  -34.174  36.007  3.616 0.0000000000
111302  -34.926  35.658  3.426 0.0000000000
111303  -35.913  35.156  3.097 0.0000000000
111304  -36.428  34.768  3.041 0.0000000000
111309  -53.136  35.402  2.905 0.0000000000
111312  -35.109  36.257  2.768 0.0000000000
111313  -35.736  35.952  2.408 0.0000000000
111314  -36.834  35.116  2.491 0.0000000000
111315  -37.914  35.018  2.165 0.0000000000
111316  -38.454  34.974  2.125 0.0000000000
111325  -53.295  35.485  1.780 0.0000000000
111334  -37.550  35.639  1.696 0.0000000000
111345  -53.202  35.434  0.798 0.0000000000
111351  -53.129  35.236  -0.093 0.0000000000
111354  -51.908  35.743  -0.851 0.0000000000
111355  -52.608  35.389  -0.856 0.0000000000
111356  -53.111  35.055  -0.909 0.0000000000
111358  -51.661  35.602  -1.817 0.0000000000
111359  -52.411  35.190  -1.663 0.0000000000
111360  -53.034  34.962  -1.688 0.0000000000
111362  -50.753  35.890  -3.091 0.0000000000
111363  -51.501  35.441  -2.792 0.0000000000
111364  -52.231  35.062  -2.511 0.0000000000
111365  -52.842  34.879  -2.477 0.0000000000
111367  -49.569  36.004  -4.054 0.0000000000
111368  -50.365  35.690  -3.920 0.0000000000
111369  -51.198  35.284  -3.738 0.0000000000
111370  -52.171  34.822  -3.482 0.0000000000
111371  -52.625  34.824  -2.983 0.0000000000
111375  -48.607  36.299  -4.784 0.0000000000
111376  -49.065  35.921  -4.757 0.0000000000
111377  -49.863  35.601  -4.720 0.0000000000
111378  -50.720  35.184  -4.646 0.0000000000
111379  -51.607  34.750  -4.568 0.0000000000
111389  -48.285  36.032  -5.443 0.0000000000
111390  -49.230  35.612  -5.492 0.0000000000
111391  -50.149  35.270  -5.501 0.0000000000
111392  -51.133  34.743  -5.539 0.0000000000
111393  -51.563  34.568  -5.138 0.0000000000
111403  -48.487  35.593  -6.296 0.0000000000
111404  -49.466  35.327  -6.291 0.0000000000
111405  -50.349  35.069  -6.326 0.0000000000
111406  -50.916  34.797  -6.545 0.0000000000
111418  -47.758  35.483  -7.176 0.0000000000
111419  -48.769  35.321  -7.120 0.0000000000
111420  -49.719  35.117  -7.063 0.0000000000
111421  -50.520  34.912  -6.989 0.0000000000
111422  -50.857  34.795  -6.937 0.0000000000
111980  -51.653  36.067  4.233 0.0000000000
111981  -52.295  36.030  3.992 0.0000000000
111990  -51.183  36.545  3.711 0.0000000000
111991  -51.934  36.523  3.473 0.0000000000
111992  -52.596  36.291  3.155 0.0000000000
112000  -52.974  36.309  2.256 0.0000000000
112018  -53.047  36.319  1.354 0.0000000000
112035  -52.162  36.708  0.258 0.0000000000
112036  -52.515  36.440  0.387 0.0000000000
112037  -52.867  36.173  0.573 0.0000000000
112044  -51.801  36.608  -0.290 0.0000000000
112045  -52.298  36.031  -0.141 0.0000000000
112046  -52.741  35.693  -0.134 0.0000000000
112049  -50.615  36.987  -1.873 0.0000000000
112050  -51.300  36.601  -1.195 0.0000000000
112052  -49.575  36.799  -2.822 0.0000000000
112053  -50.333  36.532  -2.588 0.0000000000
112054  -51.065  36.212  -2.239 0.0000000000
112056  -48.684  36.902  -3.830 0.0000000000
112057  -49.232  36.477  -3.508 0.0000000000
112058  -49.973  36.197  -3.306 0.0000000000
112061  -48.467  36.728  -4.490 0.0000000000
112062  -48.887  36.310  -4.193 0.0000000000
112073  -48.229  36.544  -5.001 0.0000000000
112640  -51.532  37.328  2.869 0.0000000000
112641  -52.138  37.023  2.766 0.0000000000
112642  -52.427  36.986  2.351 0.0000000000
112651  -51.428  37.962  2.536 0.0000000000
112652  -52.624  37.121  1.683 0.0000000000
112663  -52.555  37.485  0.764 0.0000000000
112664  -52.623  37.148  0.950 0.0000000000
112681  -51.923  37.250  0.098 0.0000000000
112682  -52.351  37.372  0.546 0.0000000000
112683  -52.591  36.781  0.672 0.0000000000
112692  -51.591  37.475  -0.520 0.0000000000
112698  -49.773  38.018  -2.171 0.0000000000
112699  -50.208  37.814  -1.989 0.0000000000
112700  -51.088  37.785  -1.319 0.0000000000
112702  -48.908  37.917  -3.054 0.0000000000
112703  -49.325  37.765  -2.602 0.0000000000
112704  -49.960  37.140  -2.289 0.0000000000
112707  -48.524  37.779  -3.561 0.0000000000
112708  -48.980  37.090  -3.176 0.0000000000
112712  -48.294  37.276  -4.254 0.0000000000
113315  -51.700  38.025  2.456 0.0000000000
113316  -52.018  37.738  2.452 0.0000000000
113317  -52.224  37.439  2.373 0.0000000000
113325  -51.412  38.569  2.335 0.0000000000
113326  -51.977  38.492  2.284 0.0000000000
113327  -52.378  38.021  2.003 0.0000000000
113337  -52.479  37.837  0.741 0.0000000000
113338  -52.478  38.090  1.141 0.0000000000
113355  -51.986  37.979  -0.043 0.0000000000
113356  -52.278  38.475  0.284 0.0000000000
113357  -52.443  38.400  0.690 0.0000000000
113371  -51.700  38.520  -0.719 0.0000000000
113372  -52.053  38.597  -0.195 0.0000000000
113379  -49.916  38.511  -2.137 0.0000000000
113380  -50.782  38.514  -1.705 0.0000000000
113381  -51.284  38.539  -1.268 0.0000000000
113384  -48.908  38.233  -3.068 0.0000000000
113385  -49.272  38.612  -2.675 0.0000000000
113387  -47.978  38.244  -3.820 0.0000000000
113388  -48.499  38.695  -3.480 0.0000000000
113389  -48.958  38.695  -3.100 0.0000000000
113990  -51.792  39.234  2.073 0.0000000000
113991  -52.193  38.987  1.874 0.0000000000
114002  -52.318  38.884  1.379 0.0000000000
114014  -52.298  38.984  0.151 0.0000000000
114015  -52.405  39.130  0.555 0.0000000000
114031  -51.845  39.038  -0.829 0.0000000000
114032  -52.254  39.251  -0.430 0.0000000000
114033  -52.799  39.892  -0.014 0.0000000000
114041  -50.042  38.961  -2.152 0.0000000000
114042  -50.472  39.148  -2.051 0.0000000000
114043  -51.535  39.246  -1.402 0.0000000000
114044  -52.418  39.918  -1.395 0.0000000000
114051  -49.768  39.178  -2.387 0.0000000000
114052  -50.212  39.705  -2.359 0.0000000000
114054  -48.570  39.268  -3.539 0.0000000000
114055  -49.085  39.289  -3.106 0.0000000000
114655  -51.679  39.960  1.792 0.0000000000
114656  -52.095  39.637  1.647 0.0000000000
114657  -52.186  39.307  1.505 0.0000000000
114666  -52.156  40.455  1.226 0.0000000000
114667  -52.392  39.651  1.188 0.0000000000
114678  -52.321  40.752  0.740 0.0000000000
114679  -52.625  40.286  0.582 0.0000000000
114694  -52.911  40.521  -0.740 0.0000000000
114695  -52.816  40.419  -0.016 0.0000000000
114707  -50.977  39.856  -2.256 0.0000000000
114708  -51.936  40.175  -2.152 0.0000000000
114709  -52.835  40.654  -2.009 0.0000000000
114717  -49.700  39.798  -2.752 0.0000000000
114718  -50.344  40.222  -2.838 0.0000000000
114719  -51.317  40.496  -2.885 0.0000000000
114720  -52.306  40.851  -2.973 0.0000000000
114727  -48.674  39.715  -3.642 0.0000000000
114728  -49.462  40.182  -3.528 0.0000000000
114729  -50.614  40.739  -3.706 0.0000000000
114730  -51.667  40.930  -3.568 0.0000000000
114731  -52.229  41.100  -3.593 0.0000000000
115384  -51.828  40.912  1.146 0.0000000000
115397  -52.417  40.841  0.511 0.0000000000
115410  -52.612  41.702  -0.444 0.0000000000
115411  -52.634  40.892  0.103 0.0000000000
115426  -53.019  41.661  -1.554 0.0000000000
115430  -52.970  41.566  -2.693 0.0000000000
