#!ascii label  , from subject cvs_avg35_inMNI152 vox2ras=TkReg
1267
116893  -11.744  44.352  6.834 0.0000000000
117669  -12.034  44.813  7.339 0.0000000000
117676  -11.510  44.416  6.275 0.0000000000
117677  -11.876  44.974  6.488 0.0000000000
117685  -11.380  44.953  5.623 0.0000000000
117686  -11.837  45.259  6.014 0.0000000000
117695  -11.094  45.367  4.889 0.0000000000
118349  -12.117  46.171  8.144 0.0000000000
118352  -12.267  46.786  7.176 0.0000000000
118359  -12.387  46.938  6.307 0.0000000000
118366  -12.407  46.749  5.400 0.0000000000
118367  -12.452  46.853  5.747 0.0000000000
118378  -11.149  45.898  4.474 0.0000000000
118957  -11.887  46.501  9.290 0.0000000000
118960  -12.058  46.702  8.475 0.0000000000
118963  -12.188  47.012  7.604 0.0000000000
118973  -12.339  47.203  6.684 0.0000000000
118981  -12.422  46.858  5.215 0.0000000000
118982  -12.468  47.134  5.624 0.0000000000
118988  -12.194  46.858  4.793 0.0000000000
118989  -12.387  47.470  5.034 0.0000000000
118998  -10.729  46.800  3.106 0.0000000000
119007  -10.884  47.390  2.581 0.0000000000
119616  -10.648  47.959  10.745 0.0000000000
119617  -10.992  47.410  10.418 0.0000000000
119624  -11.554  47.391  9.588 0.0000000000
119625  -11.893  47.471  8.843 0.0000000000
119628  -12.094  47.650  8.028 0.0000000000
119636  -12.249  47.782  7.142 0.0000000000
119647  -12.434  47.853  6.226 0.0000000000
119652  -12.438  47.965  5.320 0.0000000000
119656  -11.700  47.183  4.139 0.0000000000
119657  -12.285  48.158  4.464 0.0000000000
119661  -11.530  47.869  2.986 0.0000000000
119662  -11.998  48.187  3.652 0.0000000000
119665  -10.754  47.490  2.019 0.0000000000
119666  -11.262  47.880  2.299 0.0000000000
119673  -11.089  47.883  1.808 0.0000000000
120345  -10.100  48.320  11.644 0.0000000000
120362  -10.422  48.509  10.976 0.0000000000
120363  -10.758  48.486  10.382 0.0000000000
120377  -11.195  48.415  9.697 0.0000000000
120378  -11.619  48.117  9.135 0.0000000000
120389  -11.532  48.831  9.083 0.0000000000
120390  -11.865  48.505  8.467 0.0000000000
120401  -12.157  48.550  7.587 0.0000000000
120406  -12.364  48.618  6.729 0.0000000000
120410  -12.469  48.692  5.799 0.0000000000
120415  -12.387  48.741  4.792 0.0000000000
120418  -11.763  48.245  3.098 0.0000000000
120419  -12.062  48.618  3.540 0.0000000000
120422  -11.684  48.334  2.700 0.0000000000
120423  -11.969  49.019  2.565 0.0000000000
120428  -11.473  48.506  1.636 0.0000000000
120429  -11.948  49.245  1.876 0.0000000000
121061  -9.136  49.260  12.976 0.0000000000
121078  -9.497  49.081  12.363 0.0000000000
121079  -9.773  48.917  11.869 0.0000000000
121095  -9.701  49.579  11.881 0.0000000000
121096  -10.043  49.361  11.317 0.0000000000
121110  -10.543  49.470  10.550 0.0000000000
121111  -10.853  49.151  9.975 0.0000000000
121120  -10.790  49.844  9.952 0.0000000000
121121  -11.177  49.551  9.407 0.0000000000
121135  -11.630  49.555  8.629 0.0000000000
121136  -11.976  49.413  7.904 0.0000000000
121149  -12.257  49.430  7.199 0.0000000000
121156  -12.444  49.555  6.348 0.0000000000
121161  -12.490  49.594  5.344 0.0000000000
121165  -12.417  49.603  4.288 0.0000000000
121167  -12.314  49.689  3.253 0.0000000000
121170  -12.249  49.822  2.319 0.0000000000
121173  -11.827  49.166  1.439 0.0000000000
121174  -12.136  49.784  1.386 0.0000000000
121177  -11.681  49.171  0.838 0.0000000000
121178  -12.024  49.914  0.383 0.0000000000
121183  -11.893  50.146  -0.387 0.0000000000
121820  -8.374  50.268  13.683 0.0000000000
121821  -8.919  50.233  13.094 0.0000000000
121832  -9.378  50.159  12.321 0.0000000000
121845  -9.797  50.339  11.559 0.0000000000
121846  -10.219  50.377  10.917 0.0000000000
121853  -10.581  50.497  10.269 0.0000000000
121862  -10.889  50.539  9.600 0.0000000000
121863  -11.302  50.508  8.874 0.0000000000
121876  -11.755  50.509  7.943 0.0000000000
121877  -12.072  49.969  7.527 0.0000000000
121892  -11.886  51.076  7.442 0.0000000000
121893  -12.220  50.539  7.005 0.0000000000
121904  -12.508  50.532  5.903 0.0000000000
121908  -12.598  50.529  4.879 0.0000000000
121911  -12.600  50.553  3.860 0.0000000000
121914  -12.591  50.599  2.865 0.0000000000
121917  -12.548  50.632  1.892 0.0000000000
121920  -12.418  50.684  0.923 0.0000000000
121923  -12.269  50.767  -0.003 0.0000000000
121929  -11.991  50.816  -0.801 0.0000000000
121939  -11.748  50.768  -1.312 0.0000000000
122521  -7.442  51.767  14.099 0.0000000000
122522  -8.012  51.359  13.665 0.0000000000
122523  -8.552  50.963  13.184 0.0000000000
122532  -8.511  51.669  13.037 0.0000000000
122533  -8.972  51.277  12.571 0.0000000000
122543  -9.495  51.270  11.793 0.0000000000
122544  -9.941  51.241  11.155 0.0000000000
122554  -10.260  51.283  10.575 0.0000000000
122564  -10.564  51.397  9.907 0.0000000000
122565  -10.962  51.424  9.188 0.0000000000
122575  -11.345  51.458  8.428 0.0000000000
122586  -11.643  51.576  7.706 0.0000000000
122587  -11.890  51.667  7.063 0.0000000000
122597  -12.289  51.524  6.327 0.0000000000
122603  -12.608  51.482  5.392 0.0000000000
122606  -12.730  51.480  4.407 0.0000000000
122608  -12.744  51.498  3.408 0.0000000000
122611  -12.726  51.521  2.416 0.0000000000
122614  -12.619  51.550  1.434 0.0000000000
122616  -12.468  51.584  0.461 0.0000000000
122622  -12.260  51.599  -0.503 0.0000000000
122630  -11.895  51.489  -1.535 0.0000000000
122641  -11.724  51.792  -2.299 0.0000000000
123171  -7.128  52.487  14.328 0.0000000000
123181  -7.679  52.441  13.710 0.0000000000
123182  -8.207  52.361  13.150 0.0000000000
123192  -8.700  52.322  12.621 0.0000000000
123193  -9.163  52.252  12.000 0.0000000000
123200  -9.670  52.284  11.179 0.0000000000
123201  -9.986  51.788  10.799 0.0000000000
123208  -9.883  52.844  10.768 0.0000000000
123209  -10.158  52.329  10.350 0.0000000000
123217  -10.647  52.303  9.507 0.0000000000
123218  -11.029  52.320  8.789 0.0000000000
123227  -11.381  52.390  8.044 0.0000000000
123236  -11.667  52.348  7.300 0.0000000000
123237  -11.785  52.158  7.003 0.0000000000
123247  -11.694  52.882  7.066 0.0000000000
123248  -11.929  52.464  6.671 0.0000000000
123256  -12.371  52.411  5.798 0.0000000000
123259  -12.660  52.406  4.901 0.0000000000
123262  -12.737  52.418  3.927 0.0000000000
123265  -12.745  52.427  2.933 0.0000000000
123268  -12.701  52.437  1.938 0.0000000000
123271  -12.553  52.450  0.952 0.0000000000
123276  -12.393  52.470  -0.039 0.0000000000
123283  -12.220  52.494  -1.072 0.0000000000
123290  -11.696  52.108  -2.675 0.0000000000
123291  -11.961  52.592  -2.234 0.0000000000
123298  -11.988  53.152  -2.919 0.0000000000
123756  -6.738  53.210  14.483 0.0000000000
123765  -6.573  53.877  14.213 0.0000000000
123766  -7.270  53.470  13.887 0.0000000000
123767  -7.889  53.184  13.221 0.0000000000
123778  -8.392  53.156  12.745 0.0000000000
123779  -8.831  53.140  12.224 0.0000000000
123788  -9.233  53.157  11.641 0.0000000000
123797  -9.651  53.352  11.071 0.0000000000
123798  -10.023  53.383  10.473 0.0000000000
123806  -10.424  53.321  9.714 0.0000000000
123807  -10.740  52.986  9.086 0.0000000000
123817  -10.661  53.647  9.038 0.0000000000
123818  -11.017  53.308  8.431 0.0000000000
123826  -11.462  53.273  7.524 0.0000000000
123833  -11.771  53.418  6.752 0.0000000000
123834  -12.110  53.275  6.052 0.0000000000
123844  -12.370  53.238  5.318 0.0000000000
123849  -12.544  53.305  4.434 0.0000000000
123852  -12.635  53.315  3.437 0.0000000000
123856  -12.634  53.314  2.435 0.0000000000
123860  -12.539  53.310  1.440 0.0000000000
123864  -12.393  53.318  0.453 0.0000000000
123870  -12.264  53.361  -0.542 0.0000000000
123877  -12.144  53.467  -1.553 0.0000000000
123882  -12.099  53.679  -2.523 0.0000000000
123889  -12.052  53.810  -3.597 0.0000000000
124352  -5.462  54.450  14.548 0.0000000000
124353  -6.134  54.190  14.270 0.0000000000
124359  -5.662  54.987  13.732 0.0000000000
124360  -6.455  54.591  13.478 0.0000000000
124361  -7.678  54.057  13.168 0.0000000000
124362  -8.189  53.680  12.942 0.0000000000
124373  -6.764  55.012  12.642 0.0000000000
124374  -7.366  54.715  12.616 0.0000000000
124375  -8.431  54.232  12.345 0.0000000000
124376  -9.014  53.702  12.001 0.0000000000
124384  -8.672  54.650  11.664 0.0000000000
124385  -9.201  54.203  11.524 0.0000000000
124393  -9.736  54.186  10.755 0.0000000000
124394  -10.103  54.197  10.104 0.0000000000
124402  -10.396  54.305  9.358 0.0000000000
124411  -10.717  54.259  8.618 0.0000000000
124412  -11.092  54.211  7.899 0.0000000000
124420  -11.480  54.274  7.073 0.0000000000
124427  -11.903  54.278  6.053 0.0000000000
124428  -12.182  53.762  5.630 0.0000000000
124438  -11.966  54.688  5.459 0.0000000000
124439  -12.233  54.190  5.043 0.0000000000
124444  -12.406  54.165  3.933 0.0000000000
124448  -12.454  54.158  2.918 0.0000000000
124452  -12.361  54.129  1.921 0.0000000000
124455  -12.246  54.116  0.935 0.0000000000
124460  -12.100  54.131  -0.034 0.0000000000
124465  -12.006  54.225  -0.999 0.0000000000
124468  -12.028  54.426  -1.961 0.0000000000
124473  -12.183  54.636  -2.906 0.0000000000
124479  -12.248  54.853  -3.711 0.0000000000
124486  -12.253  54.672  -4.487 0.0000000000
124942  -5.192  55.479  14.612 0.0000000000
124945  -5.336  55.453  13.837 0.0000000000
124946  -5.669  55.429  13.216 0.0000000000
124957  -6.285  55.447  12.662 0.0000000000
124958  -7.132  55.440  12.062 0.0000000000
124959  -7.792  54.937  12.121 0.0000000000
124969  -7.513  55.836  11.621 0.0000000000
124970  -8.248  55.352  11.519 0.0000000000
124971  -8.855  54.845  11.367 0.0000000000
124979  -8.711  55.751  10.899 0.0000000000
124980  -9.252  55.132  10.778 0.0000000000
124981  -9.755  54.677  10.356 0.0000000000
124987  -9.390  55.605  10.138 0.0000000000
124988  -9.860  55.134  9.799 0.0000000000
124995  -10.372  55.144  8.817 0.0000000000
124996  -10.729  54.866  8.174 0.0000000000
125005  -10.559  55.515  8.104 0.0000000000
125006  -10.983  55.185  7.484 0.0000000000
125015  -11.402  55.157  6.572 0.0000000000
125025  -11.668  55.262  5.634 0.0000000000
125026  -11.997  54.957  5.064 0.0000000000
125033  -11.738  55.547  4.753 0.0000000000
125034  -12.130  54.945  4.346 0.0000000000
125038  -11.838  55.656  3.831 0.0000000000
125039  -12.199  54.955  3.377 0.0000000000
125046  -11.851  55.682  2.823 0.0000000000
125047  -12.150  54.928  2.374 0.0000000000
125053  -11.709  55.594  1.812 0.0000000000
125054  -11.956  54.845  1.401 0.0000000000
125059  -11.504  55.456  0.874 0.0000000000
125060  -11.778  54.799  0.449 0.0000000000
125064  -11.371  55.441  -0.028 0.0000000000
125065  -11.693  54.867  -0.497 0.0000000000
125068  -11.392  55.621  -0.941 0.0000000000
125069  -11.743  55.065  -1.421 0.0000000000
125072  -11.585  55.824  -1.702 0.0000000000
125073  -11.949  55.477  -2.369 0.0000000000
125075  -12.245  55.561  -3.337 0.0000000000
125080  -12.434  55.569  -4.231 0.0000000000
125087  -12.503  55.459  -5.225 0.0000000000
125517  -5.712  57.041  15.715 0.0000000000
125520  -5.298  56.515  14.859 0.0000000000
125521  -5.640  57.184  15.058 0.0000000000
125525  -5.021  56.241  13.811 0.0000000000
125526  -5.190  55.932  13.243 0.0000000000
125536  -4.994  56.394  13.079 0.0000000000
125537  -5.542  56.213  12.625 0.0000000000
125538  -6.325  55.977  12.090 0.0000000000
125549  -6.065  56.649  11.970 0.0000000000
125550  -6.927  56.354  11.537 0.0000000000
125551  -7.715  56.137  11.359 0.0000000000
125559  -7.523  56.652  11.112 0.0000000000
125560  -8.257  56.366  10.905 0.0000000000
125561  -8.971  56.049  10.343 0.0000000000
125568  -9.397  56.033  9.645 0.0000000000
125569  -9.860  55.740  9.104 0.0000000000
125575  -9.568  56.396  8.879 0.0000000000
125576  -10.107  55.973  8.435 0.0000000000
125584  -9.743  56.646  8.137 0.0000000000
125585  -10.362  56.263  7.513 0.0000000000
125586  -10.953  55.835  6.896 0.0000000000
125594  -10.585  56.435  6.615 0.0000000000
125595  -11.162  55.947  6.153 0.0000000000
125606  -10.705  56.617  5.776 0.0000000000
125607  -11.269  56.088  5.258 0.0000000000
125618  -10.773  56.752  4.827 0.0000000000
125619  -11.334  56.226  4.311 0.0000000000
125627  -10.805  56.836  3.825 0.0000000000
125628  -11.384  56.318  3.306 0.0000000000
125636  -10.731  56.829  2.771 0.0000000000
125637  -11.303  56.291  2.238 0.0000000000
125640  -10.471  56.720  1.582 0.0000000000
125641  -11.177  56.133  1.187 0.0000000000
125644  -10.528  56.431  0.297 0.0000000000
125645  -11.148  55.934  0.376 0.0000000000
125648  -10.537  56.663  -0.881 0.0000000000
125649  -11.012  56.092  -0.449 0.0000000000
125652  -10.734  56.943  -1.405 0.0000000000
125653  -11.128  56.504  -1.485 0.0000000000
125655  -11.624  56.413  -2.294 0.0000000000
125656  -12.005  56.355  -2.999 0.0000000000
125658  -12.371  56.444  -3.837 0.0000000000
125664  -12.613  56.437  -4.815 0.0000000000
125670  -12.722  56.411  -5.876 0.0000000000
126065  -6.017  57.715  16.368 0.0000000000
126069  -6.005  57.703  15.399 0.0000000000
126073  -5.125  56.837  14.063 0.0000000000
126074  -5.614  57.493  14.329 0.0000000000
126077  -5.060  56.991  13.327 0.0000000000
126078  -5.612  57.832  13.186 0.0000000000
126087  -5.122  56.698  12.783 0.0000000000
126088  -5.288  57.224  12.262 0.0000000000
126097  -6.201  57.256  11.090 0.0000000000
126098  -7.031  56.871  11.041 0.0000000000
126107  -6.536  57.806  9.987 0.0000000000
126108  -7.497  57.201  10.430 0.0000000000
126109  -8.644  56.882  10.162 0.0000000000
126110  -9.092  56.488  9.929 0.0000000000
126120  -6.731  58.059  9.411 0.0000000000
126121  -7.312  57.820  9.568 0.0000000000
126122  -8.300  57.575  9.306 0.0000000000
126123  -9.109  56.821  9.444 0.0000000000
126132  -8.624  57.788  8.133 0.0000000000
126133  -9.168  57.139  8.546 0.0000000000
126146  -8.716  57.872  7.522 0.0000000000
126147  -9.388  57.374  7.287 0.0000000000
126148  -10.113  56.782  6.942 0.0000000000
126160  -9.483  57.795  5.967 0.0000000000
126161  -10.116  57.084  6.347 0.0000000000
126173  -9.565  57.922  4.859 0.0000000000
126174  -10.208  57.318  5.377 0.0000000000
126187  -9.613  57.924  3.832 0.0000000000
126188  -10.238  57.393  4.353 0.0000000000
126197  -9.601  57.888  2.845 0.0000000000
126198  -10.207  57.387  3.330 0.0000000000
126203  -9.473  57.806  1.907 0.0000000000
126204  -10.068  57.324  2.325 0.0000000000
126206  -9.264  57.611  1.005 0.0000000000
126207  -9.801  57.263  1.507 0.0000000000
126209  -9.222  57.498  0.025 0.0000000000
126210  -9.780  56.974  0.678 0.0000000000
126212  -9.517  57.727  -0.856 0.0000000000
126213  -9.899  57.017  -0.422 0.0000000000
126216  -9.785  58.004  -1.275 0.0000000000
126217  -10.389  57.552  -1.491 0.0000000000
126218  -10.901  57.111  -1.690 0.0000000000
126221  -10.765  57.894  -2.182 0.0000000000
126222  -11.252  57.405  -2.410 0.0000000000
126223  -11.709  56.874  -2.784 0.0000000000
126225  -11.565  57.783  -3.119 0.0000000000
126226  -11.930  57.320  -3.385 0.0000000000
126231  -12.441  57.348  -4.380 0.0000000000
126235  -12.708  57.383  -5.360 0.0000000000
126242  -12.833  57.479  -6.400 0.0000000000
126252  -12.859  57.614  -7.461 0.0000000000
126656  -6.137  58.534  17.002 0.0000000000
126659  -6.271  58.539  16.028 0.0000000000
126663  -6.227  58.505  14.996 0.0000000000
126666  -6.047  58.563  13.967 0.0000000000
126671  -5.887  58.726  13.091 0.0000000000
126681  -5.043  59.042  11.720 0.0000000000
126682  -5.461  58.377  12.325 0.0000000000
126689  -4.919  58.847  10.747 0.0000000000
126690  -5.159  58.053  11.381 0.0000000000
126699  -5.202  58.885  9.801 0.0000000000
126700  -5.647  58.221  10.369 0.0000000000
126711  -5.314  58.942  9.229 0.0000000000
126712  -6.024  58.530  9.113 0.0000000000
126713  -7.089  58.220  9.003 0.0000000000
126714  -7.663  57.996  9.147 0.0000000000
126725  -6.174  58.802  8.308 0.0000000000
126726  -6.910  58.687  8.100 0.0000000000
126727  -7.826  58.177  8.560 0.0000000000
126738  -7.201  58.739  7.150 0.0000000000
126739  -8.054  58.326  7.465 0.0000000000
126740  -8.697  57.954  7.186 0.0000000000
126750  -6.923  58.845  6.592 0.0000000000
126751  -7.563  58.622  6.526 0.0000000000
126752  -8.535  58.201  6.471 0.0000000000
126763  -7.024  58.825  5.994 0.0000000000
126764  -7.750  58.747  5.573 0.0000000000
126765  -8.720  58.343  5.290 0.0000000000
126777  -8.121  58.805  4.617 0.0000000000
126778  -8.897  58.399  4.266 0.0000000000
126783  -8.380  58.887  3.698 0.0000000000
126784  -9.051  58.434  3.304 0.0000000000
126786  -8.631  58.994  2.800 0.0000000000
126787  -9.086  58.423  2.355 0.0000000000
126789  -8.645  59.035  1.869 0.0000000000
126790  -8.906  58.309  1.413 0.0000000000
126792  -8.445  59.024  0.857 0.0000000000
126793  -8.706  58.167  0.429 0.0000000000
126795  -8.276  58.912  -0.178 0.0000000000
126796  -8.805  58.169  -0.538 0.0000000000
126798  -8.523  58.899  -1.058 0.0000000000
126799  -9.275  58.402  -1.281 0.0000000000
126800  -9.944  58.287  -1.598 0.0000000000
126803  -9.010  59.102  -1.611 0.0000000000
126804  -9.680  58.856  -1.955 0.0000000000
126805  -10.439  58.448  -2.247 0.0000000000
126806  -10.953  58.160  -2.550 0.0000000000
126809  -10.851  58.605  -2.829 0.0000000000
126810  -11.313  58.328  -3.141 0.0000000000
126811  -11.730  58.044  -3.494 0.0000000000
126816  -11.631  58.491  -3.743 0.0000000000
126817  -12.067  58.193  -4.086 0.0000000000
126822  -12.452  58.183  -4.886 0.0000000000
126827  -12.622  58.371  -5.809 0.0000000000
126837  -12.799  58.560  -6.882 0.0000000000
126847  -12.872  58.650  -8.013 0.0000000000
126850  -12.881  58.680  -9.105 0.0000000000
127255  -6.091  59.407  17.536 0.0000000000
127258  -6.340  59.410  16.641 0.0000000000
127261  -6.429  59.436  15.668 0.0000000000
127264  -6.368  59.478  14.647 0.0000000000
127273  -6.142  59.558  13.626 0.0000000000
127283  -5.184  59.894  11.883 0.0000000000
127284  -5.629  59.530  12.586 0.0000000000
127291  -4.940  59.759  11.123 0.0000000000
127300  -4.927  59.675  10.199 0.0000000000
127312  -5.103  59.604  9.278 0.0000000000
127313  -5.371  59.112  8.830 0.0000000000
127326  -5.277  59.751  8.491 0.0000000000
127327  -5.686  59.155  8.235 0.0000000000
127328  -6.168  58.973  7.812 0.0000000000
127340  -5.423  59.822  7.876 0.0000000000
127341  -5.846  59.567  7.412 0.0000000000
127342  -6.498  59.050  7.137 0.0000000000
127353  -6.256  59.704  6.827 0.0000000000
127354  -6.667  59.441  6.277 0.0000000000
127367  -7.118  59.423  5.404 0.0000000000
127368  -7.595  59.206  4.888 0.0000000000
127381  -7.541  59.689  4.829 0.0000000000
127382  -7.853  59.515  4.168 0.0000000000
127384  -8.363  59.674  3.281 0.0000000000
127386  -8.572  59.787  2.365 0.0000000000
127389  -8.454  59.878  1.380 0.0000000000
127392  -8.036  60.518  -0.227 0.0000000000
127393  -8.189  60.116  0.168 0.0000000000
127396  -7.921  60.438  -0.562 0.0000000000
127397  -8.051  59.666  -0.792 0.0000000000
127399  -7.804  60.327  -1.325 0.0000000000
127400  -8.449  59.681  -1.582 0.0000000000
127402  -8.317  60.505  -2.373 0.0000000000
127403  -9.273  59.701  -2.373 0.0000000000
127404  -10.155  59.180  -2.714 0.0000000000
127405  -10.588  58.854  -2.804 0.0000000000
127408  -8.731  60.719  -3.110 0.0000000000
127409  -9.183  60.388  -3.100 0.0000000000
127410  -9.940  59.916  -3.575 0.0000000000
127411  -10.852  59.113  -3.425 0.0000000000
127412  -11.370  58.765  -3.654 0.0000000000
127415  -10.201  60.197  -4.233 0.0000000000
127416  -10.775  59.926  -4.446 0.0000000000
127417  -11.642  59.057  -4.266 0.0000000000
127418  -12.129  58.632  -4.597 0.0000000000
127421  -11.055  60.202  -5.039 0.0000000000
127422  -11.655  59.904  -5.237 0.0000000000
127423  -12.207  58.987  -5.147 0.0000000000
127426  -12.004  60.114  -5.839 0.0000000000
127427  -12.332  59.539  -6.169 0.0000000000
127432  -12.634  59.632  -7.452 0.0000000000
127437  -12.847  59.695  -8.683 0.0000000000
127439  -12.987  59.670  -9.851 0.0000000000
127440  -13.077  60.106  -10.173 0.0000000000
127443  -12.878  59.427  -10.721 0.0000000000
127444  -13.063  60.007  -10.514 0.0000000000
127450  -12.998  59.989  -11.076 0.0000000000
127819  -5.925  60.277  17.851 0.0000000000
127822  -6.223  60.232  17.149 0.0000000000
127825  -6.421  60.318  16.295 0.0000000000
127828  -6.479  60.380  15.308 0.0000000000
127834  -6.360  60.473  14.296 0.0000000000
127843  -6.041  60.654  13.228 0.0000000000
127852  -5.180  60.648  11.478 0.0000000000
127853  -5.500  60.596  12.326 0.0000000000
127863  -5.035  60.593  10.577 0.0000000000
127872  -5.051  60.549  9.664 0.0000000000
127881  -5.215  60.542  8.787 0.0000000000
127887  -5.417  60.478  8.074 0.0000000000
127894  -5.701  60.413  7.525 0.0000000000
127895  -6.057  60.357  6.988 0.0000000000
127902  -6.513  60.297  6.482 0.0000000000
127903  -6.950  60.295  5.779 0.0000000000
127911  -7.396  60.230  5.094 0.0000000000
127924  -7.728  60.278  4.499 0.0000000000
127925  -8.163  60.459  3.758 0.0000000000
127934  -8.585  60.606  2.893 0.0000000000
127944  -8.514  60.682  1.950 0.0000000000
127952  -8.346  60.747  1.046 0.0000000000
127958  -7.911  60.912  -0.180 0.0000000000
127959  -8.130  60.979  0.435 0.0000000000
127962  -7.536  60.947  -0.836 0.0000000000
127964  -7.430  61.419  -2.082 0.0000000000
127965  -7.424  61.008  -1.680 0.0000000000
127967  -7.734  61.476  -2.647 0.0000000000
127968  -7.697  61.060  -2.471 0.0000000000
127970  -7.947  61.537  -3.065 0.0000000000
127971  -8.305  61.104  -3.364 0.0000000000
127972  -9.118  60.733  -3.641 0.0000000000
127973  -9.528  60.433  -3.660 0.0000000000
127975  -8.737  61.328  -4.341 0.0000000000
127976  -9.070  60.946  -4.334 0.0000000000
127977  -9.798  60.534  -4.312 0.0000000000
127978  -10.352  60.352  -4.517 0.0000000000
127980  -8.848  61.429  -4.775 0.0000000000
127981  -9.024  61.186  -4.907 0.0000000000
127982  -9.628  61.011  -5.316 0.0000000000
127983  -10.600  60.543  -5.149 0.0000000000
127984  -11.216  60.338  -5.337 0.0000000000
127986  -9.820  61.293  -6.003 0.0000000000
127987  -10.457  61.138  -6.320 0.0000000000
127988  -11.465  60.489  -6.021 0.0000000000
127989  -12.101  60.203  -6.185 0.0000000000
127991  -10.705  61.382  -7.125 0.0000000000
127992  -11.361  61.119  -7.301 0.0000000000
127993  -12.199  60.409  -6.844 0.0000000000
127998  -11.677  61.306  -8.053 0.0000000000
127999  -12.275  60.783  -8.184 0.0000000000
128001  -12.772  60.642  -9.567 0.0000000000
128002  -13.033  60.243  -9.967 0.0000000000
128004  -12.869  60.991  -10.161 0.0000000000
128005  -13.020  60.541  -10.346 0.0000000000
128010  -12.931  60.564  -11.518 0.0000000000
128011  -13.055  60.386  -10.882 0.0000000000
128363  -5.869  61.331  17.836 0.0000000000
128364  -6.044  60.759  17.454 0.0000000000
128367  -6.043  61.688  17.226 0.0000000000
128368  -6.192  61.173  16.926 0.0000000000
128371  -6.388  61.215  15.912 0.0000000000
128374  -6.434  61.310  14.931 0.0000000000
128379  -6.261  61.430  14.000 0.0000000000
128389  -5.697  61.989  12.614 0.0000000000
128390  -5.997  61.716  13.222 0.0000000000
128399  -5.417  61.601  11.929 0.0000000000
128400  -5.733  61.308  12.679 0.0000000000
128408  -5.190  61.541  10.929 0.0000000000
128415  -5.115  61.493  10.013 0.0000000000
128421  -5.203  61.480  9.115 0.0000000000
128427  -5.663  61.452  8.182 0.0000000000
128428  -6.142  61.838  7.821 0.0000000000
128433  -5.709  60.924  7.752 0.0000000000
128434  -6.249  61.358  7.317 0.0000000000
128435  -6.902  61.895  6.879 0.0000000000
128442  -6.399  60.822  6.763 0.0000000000
128443  -6.932  61.267  6.351 0.0000000000
128451  -7.541  61.212  5.330 0.0000000000
128452  -7.976  61.817  4.905 0.0000000000
128462  -7.682  60.709  4.833 0.0000000000
128463  -8.056  61.276  4.396 0.0000000000
128470  -8.572  61.538  3.426 0.0000000000
128471  -8.717  62.105  3.207 0.0000000000
128479  -8.611  61.676  2.474 0.0000000000
128480  -8.723  61.947  2.966 0.0000000000
128487  -8.424  61.480  1.546 0.0000000000
128496  -7.968  61.695  0.379 0.0000000000
128497  -8.220  61.374  0.882 0.0000000000
128506  -7.457  61.960  -0.843 0.0000000000
128507  -7.660  61.573  -0.446 0.0000000000
128510  -7.336  61.655  -1.503 0.0000000000
128511  -7.341  61.444  -1.024 0.0000000000
128513  -7.543  61.814  -2.092 0.0000000000
128515  -7.872  61.856  -2.829 0.0000000000
128516  -8.119  61.618  -3.352 0.0000000000
128518  -8.192  61.920  -3.495 0.0000000000
128519  -8.422  61.607  -3.906 0.0000000000
128521  -8.432  61.943  -4.156 0.0000000000
128522  -8.687  61.680  -4.626 0.0000000000
128523  -8.882  61.515  -5.071 0.0000000000
128524  -9.143  61.356  -5.354 0.0000000000
128526  -8.595  61.964  -4.748 0.0000000000
128527  -8.762  61.821  -5.111 0.0000000000
128528  -8.995  61.687  -5.471 0.0000000000
128529  -9.408  61.524  -5.908 0.0000000000
128530  -9.867  61.518  -6.438 0.0000000000
128532  -8.685  62.007  -5.139 0.0000000000
128533  -8.868  61.958  -5.445 0.0000000000
128534  -9.138  61.924  -5.954 0.0000000000
128535  -9.499  61.909  -6.728 0.0000000000
128536  -10.188  61.657  -7.166 0.0000000000
128537  -10.772  61.595  -7.596 0.0000000000
128542  -9.761  62.122  -7.537 0.0000000000
128543  -10.327  61.981  -8.076 0.0000000000
128544  -11.160  61.676  -8.200 0.0000000000
128545  -11.760  61.481  -8.538 0.0000000000
128547  -10.767  62.136  -8.673 0.0000000000
128548  -11.379  61.981  -9.060 0.0000000000
128549  -12.130  61.452  -9.210 0.0000000000
128551  -11.826  62.022  -9.743 0.0000000000
128552  -12.470  61.563  -10.245 0.0000000000
128553  -12.921  61.098  -10.571 0.0000000000
128557  -12.776  61.399  -11.223 0.0000000000
128558  -13.045  60.819  -10.919 0.0000000000
128873  -5.852  62.378  17.094 0.0000000000
128874  -6.115  61.812  16.940 0.0000000000
128877  -5.981  62.806  15.968 0.0000000000
128878  -6.200  61.936  16.411 0.0000000000
128881  -6.083  62.968  14.948 0.0000000000
128882  -6.300  62.093  15.467 0.0000000000
128884  -6.001  62.941  13.999 0.0000000000
128885  -6.271  62.178  14.525 0.0000000000
128893  -5.717  62.670  13.102 0.0000000000
128894  -6.108  62.202  13.769 0.0000000000
128899  -5.462  62.643  12.140 0.0000000000
128903  -5.294  62.522  11.225 0.0000000000
128908  -5.203  62.439  10.316 0.0000000000
128913  -5.211  62.401  9.479 0.0000000000
128919  -5.513  62.434  8.701 0.0000000000
128920  -6.196  62.544  8.027 0.0000000000
128921  -6.682  63.048  7.819 0.0000000000
128925  -6.384  62.058  7.661 0.0000000000
128926  -6.852  62.537  7.373 0.0000000000
128933  -7.475  62.463  6.404 0.0000000000
128934  -7.961  62.879  5.978 0.0000000000
128940  -7.503  61.820  5.898 0.0000000000
128941  -7.972  62.383  5.471 0.0000000000
128949  -8.422  62.368  4.469 0.0000000000
128950  -8.689  62.655  4.103 0.0000000000
128957  -8.461  61.909  3.989 0.0000000000
128958  -8.709  62.429  3.684 0.0000000000
128965  -8.610  62.209  2.391 0.0000000000
128966  -8.752  62.461  2.785 0.0000000000
128973  -8.408  62.967  1.516 0.0000000000
128974  -8.532  62.475  1.911 0.0000000000
128975  -8.705  62.860  2.415 0.0000000000
128982  -8.153  62.639  0.993 0.0000000000
128983  -8.242  61.938  1.115 0.0000000000
128992  -7.638  62.440  -0.733 0.0000000000
128993  -7.807  62.418  -0.045 0.0000000000
129001  -7.484  62.196  -1.395 0.0000000000
129006  -7.780  62.215  -2.150 0.0000000000
129008  -8.075  62.236  -2.929 0.0000000000
129010  -8.292  62.225  -3.666 0.0000000000
129012  -8.456  62.216  -4.350 0.0000000000
129014  -8.606  62.192  -4.920 0.0000000000
129016  -8.790  62.170  -5.325 0.0000000000
129017  -9.059  62.201  -5.719 0.0000000000
129018  -9.315  62.356  -6.316 0.0000000000
129019  -9.537  62.617  -7.114 0.0000000000
129024  -9.741  62.672  -8.112 0.0000000000
129025  -10.274  62.411  -8.671 0.0000000000
129029  -9.958  62.795  -9.044 0.0000000000
129030  -10.654  62.494  -9.332 0.0000000000
129031  -11.243  62.367  -9.786 0.0000000000
129033  -10.135  62.839  -9.805 0.0000000000
129034  -10.672  62.786  -10.333 0.0000000000
129035  -11.612  62.366  -10.561 0.0000000000
129036  -12.253  62.055  -11.094 0.0000000000
129039  -10.950  62.910  -11.263 0.0000000000
129040  -11.667  62.505  -11.592 0.0000000000
129041  -12.298  61.987  -11.930 0.0000000000
129046  -11.036  63.010  -12.211 0.0000000000
129047  -11.712  62.462  -12.561 0.0000000000
129051  -11.029  62.933  -13.205 0.0000000000
129333  -5.487  63.540  16.431 0.0000000000
129336  -5.556  63.701  15.338 0.0000000000
129338  -5.614  63.729  14.332 0.0000000000
129345  -5.560  63.665  13.385 0.0000000000
129351  -5.404  63.579  12.444 0.0000000000
129357  -5.288  63.509  11.486 0.0000000000
129363  -5.226  63.415  10.545 0.0000000000
129368  -5.234  63.273  9.743 0.0000000000
129374  -5.357  63.259  9.085 0.0000000000
129375  -5.856  63.404  8.524 0.0000000000
129376  -6.494  63.565  8.084 0.0000000000
129383  -7.075  63.562  7.666 0.0000000000
129390  -7.536  63.459  6.971 0.0000000000
129391  -8.030  63.416  6.274 0.0000000000
129397  -8.235  63.225  5.710 0.0000000000
129405  -8.495  63.258  5.030 0.0000000000
129406  -8.794  63.139  4.158 0.0000000000
129411  -8.934  63.164  3.364 0.0000000000
129415  -8.890  63.225  2.715 0.0000000000
129420  -8.519  63.444  1.417 0.0000000000
129421  -8.600  63.264  1.848 0.0000000000
129422  -8.713  63.203  2.240 0.0000000000
129429  -8.371  63.393  0.717 0.0000000000
129437  -7.655  62.602  -0.993 0.0000000000
129438  -8.172  63.107  -0.386 0.0000000000
129439  -8.845  63.367  -0.544 0.0000000000
129440  -9.304  63.635  -0.686 0.0000000000
129450  -7.844  62.624  -1.434 0.0000000000
129451  -8.336  63.006  -1.391 0.0000000000
129452  -8.943  63.211  -1.432 0.0000000000
129453  -9.618  63.568  -1.399 0.0000000000
129454  -10.132  63.823  -1.768 0.0000000000
129462  -8.103  62.602  -2.226 0.0000000000
129463  -8.493  62.955  -2.289 0.0000000000
129464  -9.073  63.161  -2.330 0.0000000000
129465  -9.692  63.424  -2.418 0.0000000000
129466  -10.262  63.817  -2.512 0.0000000000
129469  -8.278  62.583  -3.052 0.0000000000
129470  -8.575  62.977  -3.149 0.0000000000
129471  -9.168  63.187  -3.211 0.0000000000
129472  -9.799  63.417  -3.283 0.0000000000
129473  -10.360  63.836  -3.371 0.0000000000
129475  -8.402  62.573  -3.827 0.0000000000
129476  -8.728  62.972  -3.943 0.0000000000
129477  -9.322  63.167  -4.019 0.0000000000
129478  -9.927  63.410  -4.124 0.0000000000
129479  -10.444  63.843  -4.262 0.0000000000
129481  -8.558  62.571  -4.522 0.0000000000
129482  -8.919  62.942  -4.651 0.0000000000
129483  -9.460  63.172  -4.782 0.0000000000
129484  -10.008  63.439  -4.977 0.0000000000
129485  -10.513  63.837  -5.177 0.0000000000
129487  -8.766  62.524  -5.090 0.0000000000
129488  -9.106  62.856  -5.274 0.0000000000
129489  -9.564  63.111  -5.544 0.0000000000
129490  -10.103  63.395  -5.903 0.0000000000
129491  -10.575  63.852  -6.119 0.0000000000
129494  -8.982  62.440  -5.469 0.0000000000
129495  -9.240  62.644  -5.814 0.0000000000
129496  -9.576  62.977  -6.358 0.0000000000
129497  -10.182  63.415  -7.179 0.0000000000
129498  -10.660  63.951  -6.774 0.0000000000
129501  -9.847  63.980  -8.974 0.0000000000
129502  -9.845  63.537  -8.607 0.0000000000
129506  -9.572  63.905  -9.342 0.0000000000
129507  -9.678  63.319  -9.582 0.0000000000
129509  -9.294  63.922  -10.132 0.0000000000
129510  -9.865  63.392  -10.512 0.0000000000
129511  -10.350  63.310  -11.085 0.0000000000
129513  -9.438  64.098  -10.951 0.0000000000
129514  -9.840  63.896  -11.537 0.0000000000
129515  -10.478  63.530  -11.853 0.0000000000
129520  -10.075  64.049  -12.297 0.0000000000
129521  -10.491  63.725  -12.862 0.0000000000
129829  -5.148  64.523  14.628 0.0000000000
129832  -5.282  64.552  13.670 0.0000000000
129835  -5.382  64.539  12.724 0.0000000000
129837  -5.336  64.486  11.762 0.0000000000
129839  -5.284  64.410  10.794 0.0000000000
129841  -5.331  64.317  9.760 0.0000000000
129842  -5.502  64.783  9.198 0.0000000000
129844  -5.358  63.765  9.374 0.0000000000
129845  -5.581  64.178  8.977 0.0000000000
129846  -6.215  64.366  8.420 0.0000000000
129852  -6.948  64.422  8.000 0.0000000000
129860  -7.507  64.409  7.359 0.0000000000
129861  -8.059  64.334  6.646 0.0000000000
129868  -8.440  64.146  5.704 0.0000000000
129877  -8.698  64.230  4.564 0.0000000000
129878  -8.892  63.813  3.756 0.0000000000
129884  -8.881  64.560  3.650 0.0000000000
129885  -9.085  63.863  3.094 0.0000000000
129891  -8.962  65.103  2.299 0.0000000000
129892  -9.018  64.593  2.653 0.0000000000
129893  -8.955  63.719  2.437 0.0000000000
129900  -8.890  64.474  1.674 0.0000000000
129901  -8.871  63.839  1.976 0.0000000000
129902  -8.772  63.532  2.112 0.0000000000
129909  -8.795  64.286  0.836 0.0000000000
129910  -8.970  64.609  0.620 0.0000000000
129916  -8.873  63.823  0.190 0.0000000000
129917  -9.133  64.304  0.027 0.0000000000
129918  -9.523  64.378  -0.516 0.0000000000
129926  -9.992  64.441  -1.066 0.0000000000
129927  -10.305  64.540  -1.770 0.0000000000
129937  -10.513  64.560  -2.593 0.0000000000
129940  -10.644  64.558  -3.497 0.0000000000
129942  -10.710  64.505  -4.436 0.0000000000
129944  -10.753  64.447  -5.371 0.0000000000
129947  -10.761  64.447  -6.293 0.0000000000
129950  -10.195  63.882  -7.995 0.0000000000
129951  -10.611  64.376  -7.432 0.0000000000
129954  -9.790  64.159  -9.196 0.0000000000
129955  -10.125  64.276  -8.701 0.0000000000
129956  -10.498  64.991  -8.300 0.0000000000
129960  -9.691  64.550  -9.699 0.0000000000
129961  -10.295  65.042  -9.138 0.0000000000
129962  -10.559  65.383  -8.753 0.0000000000
129964  -8.810  65.239  -10.953 0.0000000000
129965  -9.062  64.753  -10.721 0.0000000000
129967  -8.555  65.526  -11.766 0.0000000000
129968  -8.722  65.206  -11.566 0.0000000000
129969  -9.235  64.635  -11.760 0.0000000000
129970  -9.634  64.391  -12.272 0.0000000000
129975  -8.472  65.475  -12.048 0.0000000000
129976  -8.585  65.212  -12.399 0.0000000000
129977  -9.149  64.824  -12.731 0.0000000000
129978  -9.809  64.457  -13.058 0.0000000000
129979  -10.158  64.123  -13.640 0.0000000000
129982  -8.398  65.091  -13.219 0.0000000000
129983  -9.027  64.832  -13.635 0.0000000000
129991  -8.185  64.988  -14.109 0.0000000000
130300  -4.950  65.447  13.957 0.0000000000
130303  -5.292  65.497  13.028 0.0000000000
130305  -5.435  65.462  12.053 0.0000000000
130307  -5.407  65.399  11.083 0.0000000000
130309  -5.403  65.294  10.192 0.0000000000
130310  -5.524  65.325  9.456 0.0000000000
130312  -5.890  65.240  8.795 0.0000000000
130313  -6.655  65.316  8.239 0.0000000000
130315  -7.290  65.320  7.673 0.0000000000
130323  -7.864  65.300  7.019 0.0000000000
130324  -8.319  65.238  6.213 0.0000000000
130334  -8.555  65.208  5.289 0.0000000000
130343  -8.663  65.320  4.374 0.0000000000
130349  -8.673  65.393  3.479 0.0000000000
130355  -8.593  65.483  2.293 0.0000000000
130356  -8.664  65.436  2.772 0.0000000000
130362  -8.649  65.472  1.730 0.0000000000
130369  -8.763  65.403  1.149 0.0000000000
130370  -8.907  65.347  0.645 0.0000000000
130377  -9.088  65.284  0.045 0.0000000000
130378  -9.514  65.306  -0.498 0.0000000000
130384  -10.004  65.402  -1.073 0.0000000000
130385  -10.379  65.444  -1.834 0.0000000000
130395  -10.698  65.452  -2.689 0.0000000000
130402  -10.851  65.435  -3.674 0.0000000000
130403  -10.964  65.846  -4.144 0.0000000000
130406  -10.850  65.184  -4.659 0.0000000000
130407  -11.044  65.855  -4.821 0.0000000000
130410  -10.871  65.139  -5.551 0.0000000000
130411  -11.160  65.845  -5.692 0.0000000000
130414  -10.863  65.158  -6.503 0.0000000000
130415  -11.132  65.919  -6.614 0.0000000000
130418  -10.795  65.337  -7.441 0.0000000000
130419  -11.000  66.073  -7.490 0.0000000000
130423  -10.758  65.632  -8.271 0.0000000000
130424  -10.927  66.237  -8.291 0.0000000000
130428  -9.520  65.068  -10.290 0.0000000000
130429  -10.038  65.324  -9.955 0.0000000000
130430  -10.718  65.921  -9.221 0.0000000000
130431  -10.877  66.392  -8.725 0.0000000000
130434  -8.740  65.469  -11.120 0.0000000000
130435  -9.302  65.644  -10.739 0.0000000000
130436  -10.158  66.055  -10.168 0.0000000000
130437  -10.491  66.362  -9.796 0.0000000000
130440  -8.290  65.720  -11.868 0.0000000000
130441  -8.675  65.806  -11.385 0.0000000000
130442  -9.052  66.092  -11.125 0.0000000000
130448  -7.926  65.616  -12.292 0.0000000000
130449  -7.918  65.364  -12.868 0.0000000000
130451  -7.174  65.610  -12.855 0.0000000000
130452  -7.584  65.258  -13.549 0.0000000000
130455  -6.805  65.660  -13.873 0.0000000000
130456  -7.386  65.246  -14.553 0.0000000000
130458  -6.722  65.679  -15.035 0.0000000000
130730  -5.135  66.530  13.413 0.0000000000
130733  -5.421  66.456  12.362 0.0000000000
130735  -5.492  66.399  11.382 0.0000000000
130737  -5.528  66.304  10.377 0.0000000000
130738  -5.657  66.446  9.770 0.0000000000
130740  -5.527  65.947  9.776 0.0000000000
130741  -5.826  66.268  9.230 0.0000000000
130743  -6.427  66.273  8.472 0.0000000000
130744  -7.020  66.192  7.876 0.0000000000
130747  -7.524  66.168  7.331 0.0000000000
130756  -7.982  66.191  6.590 0.0000000000
130757  -8.351  66.079  5.777 0.0000000000
130766  -8.524  66.075  5.036 0.0000000000
130771  -8.042  66.807  4.172 0.0000000000
130772  -8.346  66.279  4.198 0.0000000000
130778  -7.965  66.715  3.692 0.0000000000
130779  -8.311  66.011  3.257 0.0000000000
130785  -8.063  66.384  2.706 0.0000000000
130786  -8.364  65.835  2.739 0.0000000000
130790  -8.205  66.466  1.827 0.0000000000
130791  -8.392  66.812  1.473 0.0000000000
130796  -8.547  66.076  1.156 0.0000000000
130797  -8.808  66.407  0.754 0.0000000000
130798  -9.136  66.736  0.297 0.0000000000
130804  -9.065  66.029  -0.038 0.0000000000
130805  -9.480  66.377  -0.412 0.0000000000
130812  -9.945  66.401  -1.180 0.0000000000
130813  -10.417  66.434  -1.934 0.0000000000
130821  -10.911  66.462  -2.788 0.0000000000
130822  -11.152  66.810  -3.291 0.0000000000
130832  -11.018  66.213  -3.573 0.0000000000
130833  -11.186  66.573  -4.034 0.0000000000
130836  -11.327  66.611  -4.910 0.0000000000
130839  -11.368  66.628  -5.828 0.0000000000
130842  -11.278  66.687  -6.729 0.0000000000
130846  -11.139  66.750  -7.589 0.0000000000
130851  -10.989  66.781  -8.342 0.0000000000
130855  -10.682  66.681  -9.483 0.0000000000
130856  -10.866  66.669  -8.949 0.0000000000
130859  -9.281  66.208  -11.010 0.0000000000
130860  -9.706  66.386  -10.801 0.0000000000
130861  -10.345  66.827  -10.262 0.0000000000
130867  -7.868  65.882  -11.898 0.0000000000
130868  -8.234  66.207  -11.738 0.0000000000
130869  -9.110  66.601  -11.530 0.0000000000
130870  -9.884  67.023  -11.062 0.0000000000
130871  -10.117  67.270  -10.653 0.0000000000
130877  -7.337  66.324  -12.101 0.0000000000
130878  -8.282  66.864  -11.976 0.0000000000
130879  -8.815  67.042  -11.906 0.0000000000
130882  -5.712  66.986  -13.126 0.0000000000
130883  -6.308  66.372  -13.058 0.0000000000
130886  -5.595  66.722  -13.862 0.0000000000
130887  -6.194  66.206  -14.385 0.0000000000
130889  -5.682  66.628  -14.978 0.0000000000
130890  -6.133  66.049  -15.533 0.0000000000
130893  -5.735  66.350  -16.338 0.0000000000
130895  -8.658  67.056  -17.023 0.0000000000
130896  -9.158  66.876  -16.944 0.0000000000
130897  -10.060  66.654  -16.793 0.0000000000
130898  -10.961  66.627  -16.733 0.0000000000
130899  -11.711  66.704  -16.814 0.0000000000
130902  -5.788  66.547  -17.603 0.0000000000
131144  -5.411  67.450  12.613 0.0000000000
131147  -5.538  67.393  11.715 0.0000000000
131149  -5.644  67.341  10.771 0.0000000000
131150  -5.850  67.200  9.783 0.0000000000
131152  -6.279  67.289  8.826 0.0000000000
131155  -6.833  67.237  7.821 0.0000000000
131156  -7.202  66.697  7.517 0.0000000000
131160  -7.043  67.590  7.286 0.0000000000
131161  -7.451  67.103  7.056 0.0000000000
131167  -7.863  66.992  5.895 0.0000000000
131168  -8.232  66.479  5.440 0.0000000000
131176  -7.782  67.339  4.987 0.0000000000
131177  -8.199  66.727  5.029 0.0000000000
131183  -7.758  67.235  4.254 0.0000000000
131184  -8.038  66.899  4.536 0.0000000000
131190  -7.039  68.088  3.622 0.0000000000
131191  -7.413  67.522  3.589 0.0000000000
131197  -6.971  68.083  3.306 0.0000000000
131198  -7.406  67.550  2.679 0.0000000000
131203  -7.787  67.518  1.944 0.0000000000
131204  -8.246  67.548  1.361 0.0000000000
131209  -8.713  67.511  0.717 0.0000000000
131210  -9.149  67.432  0.092 0.0000000000
131215  -9.560  67.371  -0.557 0.0000000000
131222  -9.908  67.417  -1.307 0.0000000000
131223  -10.351  67.451  -2.087 0.0000000000
131230  -10.844  67.571  -2.832 0.0000000000
131231  -11.187  67.295  -3.495 0.0000000000
131241  -11.017  67.933  -3.396 0.0000000000
131242  -11.264  67.522  -4.149 0.0000000000
131249  -11.382  67.429  -5.108 0.0000000000
131255  -11.366  67.435  -6.011 0.0000000000
131260  -11.233  67.432  -6.901 0.0000000000
131264  -11.090  67.399  -7.778 0.0000000000
131268  -10.700  67.711  -8.789 0.0000000000
131269  -10.874  67.340  -8.630 0.0000000000
131271  -10.601  67.463  -9.381 0.0000000000
131272  -10.818  67.010  -9.135 0.0000000000
131274  -10.217  67.642  -10.267 0.0000000000
131280  -9.072  67.169  -11.879 0.0000000000
131281  -9.510  67.553  -11.739 0.0000000000
131282  -9.921  67.703  -10.961 0.0000000000
131286  -6.800  66.925  -12.520 0.0000000000
131287  -7.530  67.389  -12.531 0.0000000000
131288  -8.750  67.520  -12.255 0.0000000000
131289  -9.314  67.902  -12.241 0.0000000000
131293  -5.074  67.875  -13.820 0.0000000000
131294  -5.357  67.555  -13.543 0.0000000000
131295  -6.445  67.525  -12.955 0.0000000000
131296  -7.124  67.896  -12.837 0.0000000000
131299  -4.913  67.657  -14.088 0.0000000000
131300  -5.077  67.082  -14.399 0.0000000000
131303  -4.947  67.603  -14.823 0.0000000000
131304  -5.316  67.136  -15.409 0.0000000000
131305  -7.837  68.347  -15.768 0.0000000000
131306  -8.386  68.095  -15.748 0.0000000000
131307  -9.328  67.825  -15.687 0.0000000000
131308  -10.262  67.715  -15.661 0.0000000000
131309  -11.100  67.688  -15.716 0.0000000000
131310  -11.778  67.757  -15.878 0.0000000000
131315  -5.084  67.693  -15.556 0.0000000000
131316  -5.524  67.523  -16.417 0.0000000000
131317  -6.273  68.086  -16.748 0.0000000000
131318  -7.461  67.986  -16.385 0.0000000000
131319  -8.601  67.425  -16.523 0.0000000000
131320  -9.665  67.264  -16.291 0.0000000000
131321  -10.587  67.180  -16.225 0.0000000000
131322  -11.438  67.189  -16.270 0.0000000000
131323  -12.331  67.374  -16.555 0.0000000000
131324  -12.969  67.620  -17.036 0.0000000000
131334  -5.975  67.440  -17.339 0.0000000000
131335  -6.805  67.473  -17.283 0.0000000000
131336  -7.825  67.289  -17.125 0.0000000000
131337  -8.386  67.139  -17.058 0.0000000000
131588  -5.539  68.334  12.049 0.0000000000
131590  -5.723  68.342  11.201 0.0000000000
131591  -5.911  68.328  10.281 0.0000000000
131593  -6.195  68.328  9.336 0.0000000000
131596  -6.554  68.337  8.359 0.0000000000
131603  -6.883  68.282  7.270 0.0000000000
131604  -7.134  67.697  7.038 0.0000000000
131610  -6.816  68.569  6.240 0.0000000000
131611  -7.207  67.757  6.519 0.0000000000
131614  -6.757  68.628  5.267 0.0000000000
131615  -7.275  67.891  5.586 0.0000000000
131620  -6.155  69.075  4.182 0.0000000000
131621  -6.647  68.598  4.428 0.0000000000
131622  -7.269  67.954  4.579 0.0000000000
131629  -6.091  68.960  3.558 0.0000000000
131630  -6.576  68.484  3.715 0.0000000000
131631  -7.083  68.128  4.008 0.0000000000
131639  -6.046  68.975  3.223 0.0000000000
131640  -6.513  68.632  3.040 0.0000000000
131641  -7.197  68.235  2.428 0.0000000000
131647  -6.816  68.891  2.488 0.0000000000
131648  -7.469  68.527  1.866 0.0000000000
131649  -8.078  68.449  1.116 0.0000000000
131653  -8.539  68.410  0.384 0.0000000000
131654  -9.051  68.084  -0.181 0.0000000000
131659  -8.694  68.758  -0.155 0.0000000000
131660  -9.307  68.421  -0.709 0.0000000000
131666  -9.875  68.420  -1.475 0.0000000000
131667  -10.270  68.405  -2.247 0.0000000000
131674  -10.566  68.504  -2.958 0.0000000000
131684  -10.792  68.542  -3.828 0.0000000000
131685  -11.226  68.153  -4.575 0.0000000000
131694  -10.843  68.800  -4.701 0.0000000000
131695  -11.256  68.204  -5.348 0.0000000000
131703  -10.752  68.832  -5.592 0.0000000000
131704  -11.143  68.190  -6.246 0.0000000000
131714  -10.578  68.786  -6.521 0.0000000000
131715  -10.983  68.109  -7.159 0.0000000000
131726  -10.457  68.640  -7.517 0.0000000000
131727  -10.861  67.967  -8.040 0.0000000000
131736  -10.433  68.278  -8.621 0.0000000000
131737  -10.756  67.819  -8.526 0.0000000000
131745  -10.147  68.332  -9.660 0.0000000000
131750  -9.900  68.420  -10.558 0.0000000000
131759  -9.597  68.350  -12.104 0.0000000000
131760  -9.767  68.437  -11.413 0.0000000000
131765  -7.481  67.997  -12.838 0.0000000000
131766  -8.105  68.086  -12.830 0.0000000000
131767  -9.184  68.355  -12.687 0.0000000000
131770  -4.934  67.997  -13.994 0.0000000000
131771  -5.212  68.338  -13.899 0.0000000000
131772  -6.050  68.318  -13.542 0.0000000000
131773  -7.205  68.488  -13.335 0.0000000000
131774  -8.450  68.725  -13.396 0.0000000000
131775  -9.437  68.774  -13.466 0.0000000000
131778  -4.886  68.072  -14.394 0.0000000000
131779  -4.905  68.715  -14.581 0.0000000000
131780  -7.884  69.087  -14.174 0.0000000000
131781  -8.827  68.796  -14.255 0.0000000000
131782  -9.871  68.623  -14.224 0.0000000000
131783  -10.695  68.548  -14.474 0.0000000000
131784  -11.430  68.598  -14.663 0.0000000000
131785  -12.003  68.707  -14.975 0.0000000000
131788  -4.837  68.184  -15.157 0.0000000000
131789  -5.058  68.953  -15.462 0.0000000000
131790  -8.061  68.704  -15.143 0.0000000000
131791  -9.098  68.437  -15.047 0.0000000000
131792  -10.025  68.290  -15.072 0.0000000000
131793  -10.859  68.193  -15.150 0.0000000000
131794  -11.594  68.220  -15.326 0.0000000000
131795  -12.305  68.387  -15.712 0.0000000000
131804  -5.091  68.213  -15.878 0.0000000000
131805  -5.760  68.660  -16.117 0.0000000000
131806  -6.709  68.596  -16.081 0.0000000000
131807  -7.434  68.587  -15.727 0.0000000000
131808  -12.927  68.335  -16.530 0.0000000000
131809  -13.194  68.226  -17.348 0.0000000000
132089  -5.909  69.339  10.793 0.0000000000
132092  -6.126  69.355  9.873 0.0000000000
132099  -6.416  69.375  8.942 0.0000000000
132106  -6.621  69.407  7.941 0.0000000000
132110  -6.714  69.485  6.894 0.0000000000
132113  -6.537  69.463  5.871 0.0000000000
132116  -6.161  69.711  4.517 0.0000000000
132117  -6.352  69.357  4.922 0.0000000000
132122  -5.976  69.681  3.984 0.0000000000
132123  -6.056  69.888  3.533 0.0000000000
132131  -6.044  69.250  3.335 0.0000000000
132132  -6.241  69.564  2.889 0.0000000000
132142  -6.795  69.553  2.190 0.0000000000
132143  -7.402  69.488  1.421 0.0000000000
132144  -7.982  69.141  0.823 0.0000000000
132150  -7.618  69.797  0.835 0.0000000000
132151  -8.160  69.492  0.286 0.0000000000
132156  -8.640  69.450  -0.433 0.0000000000
132157  -9.147  69.301  -1.137 0.0000000000
132163  -9.775  69.348  -1.795 0.0000000000
132164  -10.236  69.117  -2.450 0.0000000000
132170  -9.942  69.769  -2.372 0.0000000000
132171  -10.324  69.450  -3.121 0.0000000000
132182  -10.434  69.418  -4.080 0.0000000000
132195  -10.454  69.510  -4.974 0.0000000000
132206  -10.293  69.521  -5.903 0.0000000000
132216  -9.565  69.963  -6.958 0.0000000000
132217  -10.023  69.566  -6.909 0.0000000000
132225  -9.396  69.841  -7.465 0.0000000000
132226  -9.912  69.225  -8.002 0.0000000000
132232  -9.140  69.724  -8.448 0.0000000000
132233  -9.684  69.028  -9.033 0.0000000000
132243  -9.064  69.751  -9.489 0.0000000000
132244  -9.631  69.121  -10.012 0.0000000000
132256  -9.255  69.851  -10.305 0.0000000000
132257  -9.676  69.407  -10.990 0.0000000000
132263  -9.767  68.634  -12.442 0.0000000000
132264  -10.060  69.236  -12.079 0.0000000000
132266  -9.937  68.845  -12.833 0.0000000000
132267  -10.658  69.451  -12.861 0.0000000000
132268  -11.196  69.717  -13.135 0.0000000000
132270  -5.263  68.909  -14.181 0.0000000000
132271  -5.746  68.957  -13.968 0.0000000000
132272  -6.442  68.927  -13.844 0.0000000000
132273  -10.279  68.893  -13.433 0.0000000000
132274  -10.960  69.188  -13.447 0.0000000000
132275  -11.531  69.616  -13.630 0.0000000000
132278  -5.458  69.206  -14.648 0.0000000000
132279  -6.205  69.303  -14.470 0.0000000000
132280  -7.003  69.216  -14.231 0.0000000000
132281  -10.635  68.795  -13.883 0.0000000000
132282  -11.264  68.916  -13.996 0.0000000000
132283  -11.929  69.308  -14.382 0.0000000000
132284  -12.371  69.263  -15.153 0.0000000000
132292  -5.890  69.289  -15.332 0.0000000000
132293  -6.682  69.324  -15.059 0.0000000000
132294  -7.403  69.140  -14.924 0.0000000000
132295  -12.728  69.243  -15.990 0.0000000000
132307  -6.408  69.083  -15.719 0.0000000000
132308  -7.042  68.992  -15.521 0.0000000000
132309  -7.496  68.879  -15.343 0.0000000000
132310  -13.035  69.356  -17.192 0.0000000000
132311  -13.240  68.642  -17.676 0.0000000000
132323  -12.955  69.673  -18.335 0.0000000000
132324  -13.242  68.852  -18.189 0.0000000000
132585  -6.308  70.338  9.537 0.0000000000
132597  -6.484  70.401  8.593 0.0000000000
132606  -6.523  70.458  7.571 0.0000000000
132610  -6.238  71.166  6.385 0.0000000000
132611  -6.436  70.577  6.482 0.0000000000
132613  -6.177  71.007  5.859 0.0000000000
132614  -6.327  70.158  5.446 0.0000000000
132617  -6.081  70.551  4.844 0.0000000000
132618  -6.222  69.939  4.889 0.0000000000
132621  -5.992  70.609  4.071 0.0000000000
132622  -6.141  70.565  3.426 0.0000000000
132624  -6.363  70.493  2.686 0.0000000000
132634  -6.708  70.465  1.891 0.0000000000
132635  -7.130  70.458  1.183 0.0000000000
132646  -7.580  70.462  0.585 0.0000000000
132647  -8.109  70.406  -0.029 0.0000000000
132658  -8.622  70.354  -0.794 0.0000000000
132659  -9.035  69.929  -1.481 0.0000000000
132669  -8.801  70.689  -1.501 0.0000000000
132670  -9.286  70.130  -2.032 0.0000000000
132680  -8.917  70.771  -2.168 0.0000000000
132681  -9.544  70.425  -2.859 0.0000000000
132682  -10.161  70.107  -3.605 0.0000000000
132693  -9.569  70.561  -3.816 0.0000000000
132694  -10.121  70.153  -4.390 0.0000000000
132703  -9.407  70.575  -4.678 0.0000000000
132704  -9.930  70.174  -5.290 0.0000000000
132714  -8.691  71.021  -5.783 0.0000000000
132715  -9.025  70.683  -5.618 0.0000000000
132716  -9.746  70.123  -6.201 0.0000000000
132724  -8.596  71.065  -6.252 0.0000000000
132725  -9.083  70.326  -6.754 0.0000000000
132726  -9.645  70.030  -6.707 0.0000000000
132732  -8.281  71.035  -7.219 0.0000000000
132733  -8.731  70.382  -7.829 0.0000000000
132740  -8.170  71.044  -8.170 0.0000000000
132741  -8.533  70.564  -8.950 0.0000000000
132753  -8.774  70.665  -10.052 0.0000000000
132767  -9.548  70.529  -10.764 0.0000000000
132768  -10.203  70.375  -11.497 0.0000000000
132771  -10.938  70.381  -12.345 0.0000000000
132772  -11.433  70.923  -12.642 0.0000000000
132775  -11.128  69.979  -12.819 0.0000000000
132776  -11.553  70.447  -13.118 0.0000000000
132779  -11.936  70.320  -14.072 0.0000000000
132782  -12.215  70.088  -14.829 0.0000000000
132783  -12.478  69.999  -15.480 0.0000000000
132795  -12.627  70.133  -16.283 0.0000000000
132807  -12.591  70.399  -17.007 0.0000000000
132817  -12.623  70.370  -17.782 0.0000000000
132825  -12.482  70.425  -18.666 0.0000000000
133093  -6.319  71.314  8.241 0.0000000000
133102  -6.007  71.974  7.189 0.0000000000
133103  -6.250  71.451  7.268 0.0000000000
133112  -5.987  71.760  6.582 0.0000000000
133113  -6.261  71.259  6.671 0.0000000000
133119  -5.799  71.715  5.587 0.0000000000
133123  -5.798  71.584  4.716 0.0000000000
133130  -5.858  71.550  3.984 0.0000000000
133131  -6.146  71.484  3.281 0.0000000000
133138  -6.379  71.445  2.498 0.0000000000
133145  -6.650  71.483  1.606 0.0000000000
133146  -7.039  71.115  0.890 0.0000000000
133155  -6.748  71.810  0.942 0.0000000000
133156  -7.395  71.465  0.300 0.0000000000
133157  -8.082  71.121  -0.306 0.0000000000
133166  -7.697  71.779  -0.352 0.0000000000
133167  -8.269  71.440  -0.945 0.0000000000
133175  -8.556  71.432  -1.771 0.0000000000
133178  -8.743  71.356  -2.680 0.0000000000
133179  -9.045  70.935  -3.391 0.0000000000
133182  -8.694  71.602  -3.595 0.0000000000
133183  -8.959  70.990  -4.127 0.0000000000
133185  -8.592  71.620  -4.518 0.0000000000
133186  -8.822  70.994  -4.943 0.0000000000
133194  -8.511  71.422  -5.537 0.0000000000
133195  -8.762  70.999  -5.353 0.0000000000
133204  -7.396  72.173  -6.765 0.0000000000
133205  -7.779  71.840  -6.579 0.0000000000
133211  -7.292  72.162  -7.069 0.0000000000
133212  -7.641  71.892  -7.774 0.0000000000
133217  -8.074  71.675  -9.000 0.0000000000
133218  -8.400  71.123  -9.527 0.0000000000
133229  -8.354  72.173  -9.519 0.0000000000
133230  -8.636  71.759  -9.902 0.0000000000
133243  -9.455  71.530  -10.461 0.0000000000
133244  -10.171  71.383  -11.078 0.0000000000
133253  -10.778  71.327  -11.742 0.0000000000
133254  -11.297  71.437  -12.351 0.0000000000
133257  -11.665  71.468  -12.988 0.0000000000
133260  -11.892  71.338  -13.835 0.0000000000
133262  -12.116  71.165  -14.940 0.0000000000
133263  -12.272  70.497  -15.214 0.0000000000
133277  -12.096  71.596  -16.013 0.0000000000
133278  -12.300  70.727  -15.720 0.0000000000
133290  -12.001  71.759  -16.926 0.0000000000
133291  -12.295  70.953  -16.534 0.0000000000
133301  -11.825  71.801  -17.798 0.0000000000
133302  -12.256  71.080  -17.365 0.0000000000
133312  -11.651  71.736  -18.636 0.0000000000
133313  -12.162  71.103  -18.209 0.0000000000
133324  -11.995  71.068  -19.015 0.0000000000
133596  -5.384  72.440  4.563 0.0000000000
133608  -4.960  73.134  4.462 0.0000000000
133609  -5.493  72.625  3.745 0.0000000000
133610  -6.069  72.224  3.050 0.0000000000
133620  -5.723  72.920  3.083 0.0000000000
133621  -6.245  72.560  2.405 0.0000000000
133629  -6.517  72.585  1.491 0.0000000000
133636  -6.747  72.547  0.662 0.0000000000
133637  -7.201  72.472  -0.046 0.0000000000
133644  -7.597  72.424  -0.825 0.0000000000
133645  -8.053  72.017  -1.444 0.0000000000
133650  -7.761  72.748  -1.613 0.0000000000
133651  -8.272  72.145  -2.121 0.0000000000
133654  -7.903  72.904  -2.444 0.0000000000
133655  -8.348  72.264  -3.006 0.0000000000
133658  -7.854  73.007  -3.377 0.0000000000
133659  -8.260  72.357  -3.979 0.0000000000
133661  -7.510  73.030  -4.408 0.0000000000
133662  -8.046  72.270  -4.970 0.0000000000
133668  -7.166  72.752  -5.493 0.0000000000
133669  -7.845  72.155  -5.771 0.0000000000
133678  -7.115  72.520  -6.579 0.0000000000
133679  -7.494  72.327  -6.138 0.0000000000
133710  -8.788  72.679  -9.713 0.0000000000
133718  -9.446  72.525  -10.222 0.0000000000
133719  -10.168  72.378  -10.799 0.0000000000
133727  -10.669  72.222  -11.453 0.0000000000
133728  -11.054  72.212  -12.050 0.0000000000
133731  -11.433  72.318  -12.743 0.0000000000
133734  -11.712  72.311  -13.592 0.0000000000
133741  -11.859  72.272  -14.543 0.0000000000
133756  -11.865  72.362  -15.542 0.0000000000
133770  -11.701  72.453  -16.491 0.0000000000
133779  -11.484  72.440  -17.356 0.0000000000
134035  -4.795  73.674  4.073 0.0000000000
134036  -5.173  73.585  3.376 0.0000000000
134043  -5.665  73.591  2.754 0.0000000000
134044  -6.205  73.572  2.066 0.0000000000
134051  -6.477  73.545  1.202 0.0000000000
134058  -6.790  73.523  0.289 0.0000000000
134059  -7.158  73.151  -0.385 0.0000000000
134067  -7.053  73.875  -0.349 0.0000000000
134068  -7.365  73.507  -1.033 0.0000000000
134076  -7.601  73.584  -1.909 0.0000000000
134084  -7.603  73.678  -2.792 0.0000000000
134144  -10.100  73.384  -10.593 0.0000000000
134152  -10.636  73.289  -11.510 0.0000000000
134153  -10.837  72.729  -11.850 0.0000000000
134156  -10.802  73.705  -12.102 0.0000000000
134157  -10.982  73.170  -12.413 0.0000000000
134159  -11.347  73.162  -13.356 0.0000000000
134168  -11.534  73.150  -14.278 0.0000000000
134176  -11.556  73.143  -15.181 0.0000000000
134434  -6.490  74.528  0.887 0.0000000000
134441  -6.803  74.593  0.060 0.0000000000
134448  -7.097  74.587  -0.842 0.0000000000
134449  -7.376  74.194  -1.502 0.0000000000
134538  -10.850  73.967  -12.505 0.0000000000
134546  -11.004  73.942  -13.149 0.0000000000
134558  -11.141  73.940  -14.050 0.0000000000
