#!ascii label  , from subject cvs_avg35_inMNI152 vox2ras=TkReg
1342
57556  38.273  -13.116  -37.632 0.0000000000
58630  43.427  -12.502  -37.114 0.0000000000
58644  42.792  -12.422  -37.518 0.0000000000
58645  42.274  -12.358  -38.053 0.0000000000
58646  38.360  -12.361  -37.306 0.0000000000
58653  38.161  -12.475  -38.382 0.0000000000
58654  37.743  -13.085  -38.733 0.0000000000
58663  38.011  -12.016  -39.026 0.0000000000
58664  37.414  -12.588  -39.465 0.0000000000
58665  36.734  -13.023  -39.808 0.0000000000
58673  37.059  -12.104  -40.147 0.0000000000
58674  36.422  -12.594  -40.407 0.0000000000
58684  36.196  -12.154  -41.017 0.0000000000
58685  35.569  -12.584  -41.186 0.0000000000
58724  34.764  -11.672  -44.990 0.0000000000
58725  34.493  -11.321  -44.858 0.0000000000
59804  44.596  -11.719  -36.638 0.0000000000
59805  43.871  -11.669  -36.829 0.0000000000
59828  43.196  -11.541  -37.201 0.0000000000
59829  42.545  -11.459  -37.667 0.0000000000
59830  38.323  -11.459  -37.770 0.0000000000
59843  41.996  -11.400  -38.241 0.0000000000
59844  41.502  -11.364  -38.880 0.0000000000
59845  38.219  -11.404  -38.701 0.0000000000
59851  41.108  -11.357  -39.610 0.0000000000
59852  40.784  -11.431  -40.396 0.0000000000
59853  37.898  -11.532  -39.430 0.0000000000
59854  37.457  -11.595  -40.020 0.0000000000
59860  40.554  -11.590  -41.236 0.0000000000
59861  36.920  -11.642  -40.676 0.0000000000
59862  36.463  -11.962  -40.912 0.0000000000
59872  37.015  -11.065  -41.081 0.0000000000
59873  36.268  -11.432  -41.502 0.0000000000
59874  35.226  -11.952  -42.027 0.0000000000
59875  34.682  -12.163  -42.307 0.0000000000
59881  36.034  -10.835  -42.081 0.0000000000
59882  35.528  -11.109  -42.322 0.0000000000
59883  34.607  -11.596  -42.811 0.0000000000
59884  34.054  -11.831  -43.426 0.0000000000
59895  34.349  -11.209  -43.583 0.0000000000
59896  34.008  -11.543  -44.006 0.0000000000
59910  34.284  -10.937  -44.116 0.0000000000
59911  34.326  -11.129  -44.551 0.0000000000
59912  38.095  -11.409  -45.087 0.0000000000
59913  37.408  -11.312  -45.224 0.0000000000
59914  36.480  -11.243  -45.342 0.0000000000
59915  35.506  -11.236  -45.365 0.0000000000
59916  34.781  -10.976  -45.310 0.0000000000
59917  34.444  -10.857  -45.002 0.0000000000
60888  44.941  -10.866  -36.707 0.0000000000
60889  44.295  -11.071  -36.714 0.0000000000
60909  44.415  -10.522  -36.826 0.0000000000
60910  43.758  -10.674  -36.967 0.0000000000
60911  42.958  -10.575  -37.410 0.0000000000
60931  42.325  -10.493  -37.944 0.0000000000
60932  41.763  -10.428  -38.563 0.0000000000
60933  38.225  -10.503  -38.195 0.0000000000
60946  41.326  -10.398  -39.320 0.0000000000
60947  41.012  -10.384  -40.148 0.0000000000
60948  38.129  -10.467  -39.368 0.0000000000
60949  37.788  -11.057  -39.839 0.0000000000
60957  40.727  -10.641  -40.990 0.0000000000
60958  37.966  -9.931  -40.012 0.0000000000
60959  37.548  -10.613  -40.474 0.0000000000
60967  40.588  -10.900  -41.927 0.0000000000
60968  37.029  -10.404  -41.424 0.0000000000
60969  36.417  -10.401  -41.996 0.0000000000
60975  40.422  -11.178  -42.956 0.0000000000
60976  35.870  -10.354  -42.455 0.0000000000
60977  35.160  -10.458  -43.033 0.0000000000
60978  34.658  -10.914  -43.303 0.0000000000
60987  40.439  -10.982  -43.992 0.0000000000
60988  35.020  -9.985  -43.527 0.0000000000
60989  34.611  -10.408  -43.797 0.0000000000
61001  40.168  -10.811  -44.905 0.0000000000
61002  39.158  -11.181  -45.071 0.0000000000
61003  38.562  -11.296  -45.112 0.0000000000
61004  34.440  -10.451  -44.629 0.0000000000
61005  34.439  -10.765  -44.773 0.0000000000
61006  40.258  -10.292  -45.459 0.0000000000
61007  39.616  -10.531  -45.455 0.0000000000
61008  38.437  -10.811  -45.432 0.0000000000
61009  37.271  -10.649  -45.588 0.0000000000
61010  36.268  -10.556  -45.681 0.0000000000
61011  35.334  -10.293  -45.761 0.0000000000
61012  34.603  -10.284  -45.359 0.0000000000
61013  34.432  -10.591  -44.951 0.0000000000
61014  35.147  -9.780  -45.948 0.0000000000
61015  34.897  -9.971  -45.826 0.0000000000
61913  45.198  -10.157  -36.899 0.0000000000
61914  44.733  -10.311  -36.842 0.0000000000
61926  45.324  -9.422  -37.201 0.0000000000
61927  44.400  -9.777  -37.062 0.0000000000
61928  43.439  -9.740  -37.338 0.0000000000
61929  42.752  -9.651  -37.753 0.0000000000
61948  42.147  -9.521  -38.317 0.0000000000
61949  41.574  -9.453  -39.009 0.0000000000
61950  38.069  -9.333  -38.494 0.0000000000
61967  41.213  -9.460  -39.960 0.0000000000
61968  41.083  -9.822  -40.255 0.0000000000
61969  38.154  -9.319  -39.580 0.0000000000
61982  41.139  -9.113  -40.477 0.0000000000
61983  40.976  -9.656  -40.710 0.0000000000
61984  37.872  -9.337  -40.611 0.0000000000
61985  37.460  -9.924  -41.051 0.0000000000
61997  40.784  -9.964  -41.678 0.0000000000
61998  37.840  -8.884  -41.186 0.0000000000
61999  37.387  -9.332  -41.673 0.0000000000
62000  36.806  -9.890  -41.904 0.0000000000
62006  40.725  -10.223  -42.612 0.0000000000
62007  37.166  -8.970  -42.310 0.0000000000
62008  36.477  -9.463  -42.592 0.0000000000
62009  35.722  -9.919  -42.834 0.0000000000
62014  41.065  -9.628  -43.759 0.0000000000
62015  40.756  -10.293  -43.521 0.0000000000
62016  36.153  -9.026  -43.321 0.0000000000
62017  35.566  -9.516  -43.414 0.0000000000
62018  34.944  -9.657  -43.968 0.0000000000
62032  41.173  -9.241  -44.227 0.0000000000
62033  40.939  -10.066  -44.469 0.0000000000
62034  34.621  -9.864  -44.405 0.0000000000
62035  41.157  -9.253  -44.916 0.0000000000
62036  40.808  -9.778  -45.490 0.0000000000
62037  40.137  -9.942  -45.793 0.0000000000
62038  39.199  -10.021  -45.861 0.0000000000
62039  38.078  -10.038  -45.934 0.0000000000
62040  37.009  -9.962  -45.954 0.0000000000
62041  36.157  -9.915  -45.972 0.0000000000
62042  34.587  -9.659  -45.036 0.0000000000
62043  40.604  -9.452  -46.037 0.0000000000
62044  39.900  -9.374  -46.166 0.0000000000
62045  38.839  -9.350  -46.253 0.0000000000
62046  37.716  -9.311  -46.274 0.0000000000
62047  36.670  -9.289  -46.217 0.0000000000
62048  35.672  -9.425  -46.072 0.0000000000
62049  34.896  -9.409  -45.778 0.0000000000
62998  44.664  -8.769  -37.421 0.0000000000
62999  43.776  -8.856  -37.487 0.0000000000
63000  43.159  -9.051  -37.662 0.0000000000
63015  43.285  -8.489  -37.827 0.0000000000
63016  42.686  -8.644  -38.124 0.0000000000
63017  41.971  -8.551  -38.758 0.0000000000
63034  41.535  -8.509  -39.558 0.0000000000
63035  38.145  -8.482  -39.074 0.0000000000
63047  41.250  -8.478  -40.436 0.0000000000
63048  41.088  -8.918  -40.866 0.0000000000
63049  38.250  -8.386  -39.969 0.0000000000
63063  41.108  -8.333  -41.279 0.0000000000
63064  40.944  -9.090  -41.501 0.0000000000
63065  38.186  -8.279  -40.918 0.0000000000
63066  37.872  -8.573  -41.533 0.0000000000
63078  41.041  -8.456  -42.180 0.0000000000
63079  40.907  -9.348  -42.402 0.0000000000
63080  38.157  -7.972  -41.628 0.0000000000
63081  37.662  -8.336  -42.220 0.0000000000
63082  37.070  -8.670  -42.682 0.0000000000
63085  41.145  -8.782  -43.332 0.0000000000
63086  40.934  -9.656  -43.135 0.0000000000
63087  37.372  -8.030  -42.947 0.0000000000
63088  36.662  -8.499  -43.303 0.0000000000
63089  35.954  -8.614  -43.964 0.0000000000
63090  35.347  -9.122  -44.174 0.0000000000
63104  41.254  -8.404  -44.462 0.0000000000
63105  35.472  -8.529  -44.857 0.0000000000
63106  34.932  -9.284  -44.626 0.0000000000
63116  41.177  -8.609  -45.592 0.0000000000
63117  41.009  -9.202  -45.993 0.0000000000
63118  35.467  -8.383  -45.648 0.0000000000
63119  34.951  -8.964  -45.286 0.0000000000
63120  41.143  -8.140  -46.133 0.0000000000
63121  40.675  -8.646  -46.264 0.0000000000
63122  39.595  -8.629  -46.469 0.0000000000
63123  38.464  -8.595  -46.539 0.0000000000
63124  37.347  -8.546  -46.493 0.0000000000
63125  36.343  -8.539  -46.323 0.0000000000
63126  35.518  -8.682  -46.061 0.0000000000
63127  35.070  -8.801  -45.750 0.0000000000
64099  44.046  -8.107  -37.711 0.0000000000
64100  43.588  -8.273  -37.787 0.0000000000
64113  44.188  -7.286  -38.016 0.0000000000
64114  43.273  -7.690  -38.141 0.0000000000
64115  42.412  -7.695  -38.669 0.0000000000
64116  41.895  -7.654  -39.278 0.0000000000
64133  41.509  -7.560  -40.077 0.0000000000
64134  38.057  -7.452  -39.402 0.0000000000
64147  41.238  -7.569  -40.949 0.0000000000
64148  38.330  -7.409  -40.296 0.0000000000
64160  41.145  -7.604  -41.825 0.0000000000
64161  38.403  -7.275  -41.174 0.0000000000
64177  41.179  -7.712  -42.792 0.0000000000
64178  38.213  -7.235  -42.182 0.0000000000
64179  37.769  -7.696  -42.621 0.0000000000
64191  41.252  -7.841  -43.659 0.0000000000
64192  38.205  -6.705  -42.673 0.0000000000
64193  37.810  -7.142  -43.114 0.0000000000
64194  37.106  -7.667  -43.592 0.0000000000
64195  36.536  -7.959  -43.978 0.0000000000
64207  41.272  -7.477  -44.230 0.0000000000
64208  37.376  -6.989  -43.846 0.0000000000
64209  36.843  -7.273  -44.270 0.0000000000
64210  36.191  -7.720  -44.732 0.0000000000
64221  41.286  -7.581  -45.034 0.0000000000
64222  35.862  -7.694  -45.542 0.0000000000
64223  41.286  -7.568  -45.879 0.0000000000
64224  41.003  -7.594  -46.487 0.0000000000
64225  40.245  -7.844  -46.647 0.0000000000
64226  39.233  -7.871  -46.804 0.0000000000
64227  38.096  -7.840  -46.872 0.0000000000
64228  37.017  -7.742  -46.755 0.0000000000
64229  36.120  -7.567  -46.389 0.0000000000
64230  40.667  -7.197  -46.873 0.0000000000
64231  39.982  -7.186  -47.095 0.0000000000
64232  38.919  -7.184  -47.300 0.0000000000
64233  37.759  -7.108  -47.318 0.0000000000
64234  36.761  -6.935  -47.171 0.0000000000
64235  36.343  -6.682  -46.987 0.0000000000
65400  43.510  -6.564  -38.403 0.0000000000
65401  42.631  -6.623  -38.841 0.0000000000
65402  42.199  -7.125  -39.095 0.0000000000
65415  42.319  -6.039  -39.336 0.0000000000
65416  41.921  -6.583  -39.665 0.0000000000
65417  38.096  -6.691  -39.873 0.0000000000
65431  41.426  -6.669  -40.695 0.0000000000
65432  38.280  -6.358  -40.556 0.0000000000
65433  37.813  -6.031  -40.001 0.0000000000
65445  41.243  -6.889  -41.477 0.0000000000
65446  38.442  -6.299  -41.480 0.0000000000
65457  41.215  -6.797  -42.334 0.0000000000
65458  38.394  -6.179  -42.304 0.0000000000
65473  41.243  -6.907  -43.448 0.0000000000
65474  38.198  -6.188  -43.035 0.0000000000
65475  37.778  -6.333  -43.722 0.0000000000
65490  41.313  -6.738  -44.434 0.0000000000
65491  37.273  -6.430  -44.454 0.0000000000
65492  36.639  -6.828  -44.971 0.0000000000
65493  36.209  -7.084  -45.433 0.0000000000
65506  41.348  -6.685  -45.352 0.0000000000
65507  36.980  -6.144  -45.153 0.0000000000
65508  36.513  -6.303  -45.752 0.0000000000
65509  36.070  -6.872  -46.099 0.0000000000
65516  41.291  -6.660  -46.303 0.0000000000
65517  41.039  -6.888  -46.837 0.0000000000
65518  36.311  -6.114  -46.583 0.0000000000
65519  36.276  -6.596  -46.761 0.0000000000
65520  41.130  -6.301  -46.908 0.0000000000
65521  40.695  -6.506  -47.264 0.0000000000
65522  39.778  -6.482  -47.590 0.0000000000
65523  38.615  -6.444  -47.829 0.0000000000
65524  37.431  -6.406  -47.726 0.0000000000
65525  36.457  -6.031  -47.474 0.0000000000
65526  36.326  -6.406  -47.076 0.0000000000
65527  38.045  -5.993  -48.120 0.0000000000
65528  37.303  -5.800  -48.123 0.0000000000
65529  36.811  -5.551  -48.101 0.0000000000
66637  43.621  -5.500  -38.658 0.0000000000
66638  43.073  -6.012  -38.699 0.0000000000
66658  43.133  -4.954  -39.114 0.0000000000
66659  42.722  -5.491  -39.188 0.0000000000
66660  42.099  -5.518  -39.727 0.0000000000
66674  41.655  -5.635  -40.508 0.0000000000
66675  38.265  -5.403  -40.951 0.0000000000
66676  37.866  -5.505  -40.371 0.0000000000
66690  41.397  -5.916  -41.637 0.0000000000
66691  38.423  -5.320  -41.781 0.0000000000
66702  41.377  -5.909  -42.860 0.0000000000
66703  38.408  -5.268  -42.658 0.0000000000
66717  41.380  -6.055  -43.796 0.0000000000
66718  38.171  -5.378  -43.620 0.0000000000
66719  37.750  -5.785  -44.228 0.0000000000
66740  41.401  -5.817  -44.616 0.0000000000
66741  37.930  -5.153  -44.397 0.0000000000
66742  37.475  -5.546  -44.925 0.0000000000
66758  41.414  -5.722  -45.618 0.0000000000
66759  37.032  -5.560  -45.641 0.0000000000
66760  36.640  -5.520  -46.317 0.0000000000
66772  41.346  -5.646  -46.549 0.0000000000
66773  36.362  -5.389  -46.978 0.0000000000
66774  41.150  -5.632  -47.339 0.0000000000
66775  40.557  -5.686  -47.915 0.0000000000
66776  39.597  -5.842  -48.068 0.0000000000
66777  38.788  -5.801  -48.204 0.0000000000
66778  36.367  -5.115  -47.579 0.0000000000
66779  40.185  -5.273  -48.308 0.0000000000
66780  39.397  -5.261  -48.458 0.0000000000
66781  38.224  -5.360  -48.413 0.0000000000
66782  37.266  -5.202  -48.373 0.0000000000
66783  36.584  -5.087  -48.170 0.0000000000
67842  43.578  -4.467  -39.116 0.0000000000
67843  42.718  -4.423  -39.575 0.0000000000
67844  42.342  -4.969  -39.657 0.0000000000
67863  42.326  -3.954  -39.976 0.0000000000
67864  41.984  -4.522  -40.224 0.0000000000
67865  38.129  -4.664  -41.325 0.0000000000
67866  37.477  -4.534  -40.652 0.0000000000
67882  41.617  -4.761  -41.285 0.0000000000
67883  38.268  -4.176  -42.094 0.0000000000
67884  37.758  -4.061  -41.413 0.0000000000
67894  41.466  -4.891  -42.354 0.0000000000
67895  38.372  -4.358  -43.138 0.0000000000
67905  41.448  -4.995  -43.605 0.0000000000
67906  38.274  -4.445  -44.103 0.0000000000
67922  41.478  -4.778  -44.804 0.0000000000
67923  37.888  -4.581  -45.152 0.0000000000
67924  37.415  -5.105  -45.478 0.0000000000
67946  41.486  -4.707  -45.884 0.0000000000
67947  37.780  -4.241  -45.778 0.0000000000
67948  37.228  -4.698  -46.206 0.0000000000
67949  36.636  -5.037  -46.662 0.0000000000
67966  41.441  -4.687  -46.922 0.0000000000
67967  37.029  -4.305  -46.834 0.0000000000
67968  36.639  -4.612  -47.154 0.0000000000
67974  41.265  -4.699  -48.065 0.0000000000
67975  40.680  -5.069  -48.334 0.0000000000
67976  36.428  -4.484  -47.969 0.0000000000
67977  41.217  -4.192  -48.609 0.0000000000
67978  40.414  -4.473  -48.818 0.0000000000
67979  38.959  -4.688  -48.855 0.0000000000
67980  37.861  -4.692  -48.672 0.0000000000
67981  37.115  -4.656  -48.528 0.0000000000
67982  36.807  -4.416  -48.393 0.0000000000
67983  40.218  -3.795  -49.248 0.0000000000
67984  39.469  -3.964  -49.240 0.0000000000
67985  38.292  -4.056  -49.105 0.0000000000
67986  37.416  -4.189  -48.811 0.0000000000
67987  37.043  -4.328  -48.624 0.0000000000
68918  43.283  -3.689  -39.606 0.0000000000
68934  42.700  -3.507  -39.932 0.0000000000
68935  42.268  -3.529  -40.427 0.0000000000
68936  37.266  -3.730  -41.220 0.0000000000
68955  41.888  -3.712  -41.138 0.0000000000
68956  38.016  -3.463  -42.267 0.0000000000
68957  37.564  -3.241  -41.883 0.0000000000
68958  36.804  -3.168  -41.406 0.0000000000
68968  41.602  -4.005  -41.916 0.0000000000
68969  38.215  -3.412  -42.770 0.0000000000
68970  37.916  -3.083  -42.424 0.0000000000
68980  41.545  -3.864  -42.835 0.0000000000
68981  38.368  -3.496  -43.674 0.0000000000
68991  41.526  -3.771  -43.965 0.0000000000
68992  38.380  -3.627  -44.653 0.0000000000
69011  41.557  -3.693  -45.091 0.0000000000
69012  38.150  -3.655  -45.620 0.0000000000
69013  37.733  -4.000  -46.143 0.0000000000
69031  41.569  -3.664  -46.195 0.0000000000
69032  37.905  -3.462  -46.315 0.0000000000
69033  37.390  -3.866  -46.733 0.0000000000
69034  36.980  -4.055  -47.215 0.0000000000
69044  41.537  -3.639  -47.279 0.0000000000
69045  37.167  -3.458  -47.447 0.0000000000
69046  36.735  -3.947  -47.755 0.0000000000
69050  41.461  -3.528  -48.276 0.0000000000
69051  41.230  -3.819  -48.913 0.0000000000
69052  36.984  -3.247  -48.236 0.0000000000
69053  36.806  -3.912  -48.407 0.0000000000
69054  41.369  -3.162  -48.873 0.0000000000
69055  40.811  -3.379  -49.263 0.0000000000
69056  39.935  -3.213  -49.465 0.0000000000
69057  38.823  -3.247  -49.452 0.0000000000
69058  37.432  -3.316  -49.138 0.0000000000
69059  37.027  -4.045  -48.713 0.0000000000
69930  43.625  -3.337  -39.693 0.0000000000
69944  43.383  -2.781  -40.032 0.0000000000
69945  42.618  -2.919  -40.334 0.0000000000
69964  42.788  -2.314  -40.506 0.0000000000
69965  42.239  -2.645  -40.971 0.0000000000
69966  37.274  -2.505  -42.061 0.0000000000
69967  36.954  -2.637  -41.755 0.0000000000
69985  41.668  -2.873  -41.989 0.0000000000
69986  38.040  -2.860  -42.719 0.0000000000
69987  37.715  -2.466  -42.533 0.0000000000
69998  41.510  -2.719  -43.178 0.0000000000
69999  38.169  -2.541  -43.235 0.0000000000
70000  37.907  -2.075  -42.952 0.0000000000
70011  41.486  -2.644  -44.299 0.0000000000
70012  38.404  -2.652  -44.260 0.0000000000
70031  41.551  -2.618  -45.416 0.0000000000
70032  38.431  -2.864  -45.132 0.0000000000
70048  41.592  -2.617  -46.508 0.0000000000
70049  38.297  -2.671  -46.090 0.0000000000
70050  37.696  -3.048  -46.890 0.0000000000
70061  41.592  -2.585  -47.529 0.0000000000
70062  38.001  -2.277  -46.956 0.0000000000
70063  37.465  -2.552  -47.740 0.0000000000
70071  41.531  -2.500  -48.409 0.0000000000
70072  37.230  -2.408  -48.690 0.0000000000
70076  41.291  -2.456  -49.154 0.0000000000
70077  40.547  -2.410  -49.607 0.0000000000
70078  39.502  -2.355  -49.790 0.0000000000
70079  38.398  -2.440  -49.666 0.0000000000
70080  37.602  -2.017  -49.504 0.0000000000
70083  38.958  -1.928  -50.018 0.0000000000
70084  38.289  -1.747  -50.043 0.0000000000
70085  37.751  -1.446  -50.009 0.0000000000
70944  43.320  -1.764  -40.523 0.0000000000
70964  42.660  -1.642  -40.936 0.0000000000
70965  42.050  -1.651  -41.588 0.0000000000
70966  37.028  -2.283  -41.941 0.0000000000
70989  41.621  -1.656  -42.499 0.0000000000
70990  37.158  -1.942  -42.244 0.0000000000
71012  41.422  -1.565  -43.539 0.0000000000
71013  37.968  -1.814  -43.276 0.0000000000
71014  37.575  -1.614  -42.884 0.0000000000
71024  41.391  -1.542  -44.665 0.0000000000
71025  38.208  -1.728  -43.907 0.0000000000
71044  41.487  -1.602  -45.774 0.0000000000
71045  38.442  -1.740  -45.075 0.0000000000
71061  41.521  -1.611  -46.803 0.0000000000
71062  38.329  -1.520  -46.372 0.0000000000
71073  41.553  -1.580  -47.755 0.0000000000
71074  37.955  -1.530  -47.525 0.0000000000
71075  37.486  -1.842  -48.270 0.0000000000
71085  41.502  -1.573  -48.652 0.0000000000
71086  37.674  -1.224  -48.283 0.0000000000
71087  37.337  -1.432  -48.955 0.0000000000
71093  41.205  -1.458  -49.560 0.0000000000
71094  40.231  -1.501  -50.292 0.0000000000
71095  39.484  -1.804  -50.173 0.0000000000
71096  37.420  -1.199  -49.734 0.0000000000
71101  39.879  -1.110  -50.838 0.0000000000
71102  39.140  -1.417  -50.549 0.0000000000
71103  38.157  -1.191  -50.452 0.0000000000
71104  37.634  -1.010  -50.244 0.0000000000
72011  43.178  -1.040  -40.869 0.0000000000
72033  42.615  -0.579  -41.329 0.0000000000
72034  41.836  -0.627  -41.997 0.0000000000
72049  41.477  -0.572  -42.804 0.0000000000
72050  37.021  -1.311  -42.615 0.0000000000
72072  41.233  -0.301  -43.880 0.0000000000
72073  37.817  -1.250  -43.502 0.0000000000
72074  37.220  -0.679  -43.288 0.0000000000
72094  41.257  -0.560  -45.146 0.0000000000
72095  37.945  -0.573  -44.283 0.0000000000
72096  37.355  -0.111  -43.933 0.0000000000
72112  41.361  -0.730  -46.156 0.0000000000
72113  38.289  -0.393  -45.603 0.0000000000
72125  41.321  -0.586  -47.067 0.0000000000
72126  41.214  -0.086  -47.239 0.0000000000
72127  38.266  -0.546  -46.872 0.0000000000
72138  41.431  -0.622  -47.986 0.0000000000
72139  41.314  -0.281  -47.496 0.0000000000
72140  38.016  -0.612  -47.865 0.0000000000
72152  41.433  -0.749  -48.845 0.0000000000
72153  37.652  -0.620  -48.624 0.0000000000
72154  37.439  -0.590  -49.370 0.0000000000
72162  41.315  -0.536  -49.457 0.0000000000
72163  41.103  -0.620  -50.237 0.0000000000
72164  37.439  -0.515  -50.107 0.0000000000
72171  40.387  -0.492  -51.090 0.0000000000
72172  39.479  -0.810  -51.161 0.0000000000
72173  38.595  -0.842  -50.990 0.0000000000
72174  37.920  -0.498  -50.722 0.0000000000
72180  40.239  -0.001  -51.600 0.0000000000
72181  39.749  -0.218  -51.570 0.0000000000
72182  38.886  -0.318  -51.425 0.0000000000
72183  38.324  -0.357  -51.176 0.0000000000
73136  42.185  0.552  -41.885 0.0000000000
73137  41.687  0.018  -42.322 0.0000000000
73151  41.946  1.185  -42.313 0.0000000000
73152  41.496  0.648  -42.790 0.0000000000
73171  41.145  0.814  -43.695 0.0000000000
73172  36.803  0.112  -43.769 0.0000000000
73200  41.001  0.687  -44.690 0.0000000000
73201  40.821  1.306  -45.028 0.0000000000
73202  37.905  0.241  -44.939 0.0000000000
73203  37.318  0.545  -44.493 0.0000000000
73224  41.182  0.109  -45.776 0.0000000000
73225  40.947  0.982  -45.625 0.0000000000
73226  37.943  0.673  -45.477 0.0000000000
73227  37.657  0.701  -45.021 0.0000000000
73233  41.253  -0.193  -46.413 0.0000000000
73234  41.092  0.394  -46.693 0.0000000000
73235  38.191  0.435  -46.350 0.0000000000
73243  41.350  -0.218  -48.010 0.0000000000
73244  41.223  0.100  -47.710 0.0000000000
73245  38.133  0.283  -47.401 0.0000000000
73257  41.342  -0.178  -48.330 0.0000000000
73258  41.159  0.485  -48.457 0.0000000000
73259  37.978  0.043  -48.222 0.0000000000
73260  37.741  0.166  -48.906 0.0000000000
73272  41.331  -0.126  -48.941 0.0000000000
73273  41.170  0.344  -49.530 0.0000000000
73274  37.512  0.204  -49.727 0.0000000000
73279  40.950  0.374  -50.680 0.0000000000
73280  37.550  0.236  -50.582 0.0000000000
73285  40.551  0.509  -51.623 0.0000000000
73286  40.010  0.291  -51.998 0.0000000000
73287  39.173  0.239  -51.928 0.0000000000
73288  38.095  0.328  -51.556 0.0000000000
73294  40.249  0.882  -52.298 0.0000000000
73295  39.577  0.807  -52.455 0.0000000000
73296  38.684  0.798  -52.357 0.0000000000
73297  38.041  1.015  -52.318 0.0000000000
74332  42.537  1.717  -42.213 0.0000000000
74333  41.825  1.704  -42.666 0.0000000000
74342  41.357  1.651  -43.301 0.0000000000
74343  41.076  2.054  -43.809 0.0000000000
74359  40.993  1.396  -43.966 0.0000000000
74360  40.841  1.797  -44.515 0.0000000000
74361  37.183  0.991  -44.785 0.0000000000
74362  36.823  1.159  -44.610 0.0000000000
74379  40.738  1.805  -45.336 0.0000000000
74380  37.799  1.067  -45.500 0.0000000000
74381  37.418  1.250  -45.222 0.0000000000
74395  40.802  1.559  -46.287 0.0000000000
74396  37.942  1.147  -45.893 0.0000000000
74397  37.643  1.844  -46.138 0.0000000000
74406  40.902  1.233  -47.491 0.0000000000
74407  38.024  1.266  -46.914 0.0000000000
74408  37.762  2.095  -46.906 0.0000000000
74417  40.839  1.512  -48.716 0.0000000000
74418  37.995  1.046  -48.114 0.0000000000
74419  37.748  1.042  -49.159 0.0000000000
74432  40.838  1.380  -50.003 0.0000000000
74433  37.548  1.043  -50.093 0.0000000000
74442  40.719  1.380  -51.123 0.0000000000
74443  37.511  1.115  -51.044 0.0000000000
74448  40.589  1.485  -52.114 0.0000000000
74449  37.633  1.309  -51.969 0.0000000000
74454  40.051  1.573  -52.970 0.0000000000
74455  39.089  1.326  -52.897 0.0000000000
74456  38.343  1.330  -52.788 0.0000000000
74457  37.874  1.575  -52.715 0.0000000000
74463  39.861  2.018  -53.455 0.0000000000
74464  39.361  1.842  -53.383 0.0000000000
74465  38.566  1.718  -53.281 0.0000000000
74466  38.099  1.651  -53.110 0.0000000000
75524  42.311  2.638  -42.845 0.0000000000
75525  41.707  2.198  -42.995 0.0000000000
75537  42.074  3.178  -43.227 0.0000000000
75538  41.557  2.686  -43.413 0.0000000000
75539  41.001  2.695  -44.076 0.0000000000
75548  40.670  2.664  -44.844 0.0000000000
75564  40.593  2.563  -45.790 0.0000000000
75565  37.014  2.236  -45.630 0.0000000000
75581  40.597  2.379  -46.845 0.0000000000
75582  37.243  2.751  -46.499 0.0000000000
75592  40.669  2.202  -47.782 0.0000000000
75593  37.921  1.807  -47.646 0.0000000000
75594  37.641  2.605  -47.434 0.0000000000
75605  40.579  2.580  -48.400 0.0000000000
75606  37.947  1.647  -48.071 0.0000000000
75607  37.849  2.044  -48.448 0.0000000000
75619  40.603  2.437  -49.355 0.0000000000
75620  37.694  1.806  -49.525 0.0000000000
75630  40.605  2.376  -50.507 0.0000000000
75631  37.553  1.979  -50.402 0.0000000000
75636  40.612  2.369  -51.615 0.0000000000
75637  37.468  2.056  -51.444 0.0000000000
75642  40.472  2.413  -52.627 0.0000000000
75643  37.499  2.114  -52.470 0.0000000000
75650  40.174  2.462  -53.500 0.0000000000
75651  39.636  2.271  -53.772 0.0000000000
75652  38.895  2.150  -53.847 0.0000000000
75653  37.836  2.123  -53.633 0.0000000000
75658  39.913  2.626  -54.047 0.0000000000
75659  39.406  2.596  -54.282 0.0000000000
75660  38.603  2.573  -54.594 0.0000000000
75661  37.770  2.712  -54.751 0.0000000000
75662  38.247  2.775  -55.242 0.0000000000
75663  37.780  2.879  -55.484 0.0000000000
76687  41.339  3.313  -43.817 0.0000000000
76698  41.464  3.881  -43.880 0.0000000000
76699  40.982  3.609  -44.349 0.0000000000
76711  40.510  3.544  -45.237 0.0000000000
76729  40.380  3.446  -46.276 0.0000000000
76730  37.039  3.186  -46.679 0.0000000000
76731  36.740  3.343  -46.479 0.0000000000
76743  40.386  3.305  -47.510 0.0000000000
76744  37.103  3.370  -47.090 0.0000000000
76745  36.470  3.966  -46.869 0.0000000000
76755  40.382  3.455  -48.694 0.0000000000
76756  37.479  3.271  -48.127 0.0000000000
76768  40.437  3.386  -49.841 0.0000000000
76769  37.632  2.932  -49.443 0.0000000000
76780  40.440  3.415  -51.059 0.0000000000
76781  37.457  2.990  -50.750 0.0000000000
76791  40.480  3.233  -52.155 0.0000000000
76792  37.341  2.963  -51.893 0.0000000000
76797  40.332  3.413  -53.174 0.0000000000
76798  40.143  4.061  -53.453 0.0000000000
76799  37.273  2.942  -53.004 0.0000000000
76804  40.182  3.052  -54.129 0.0000000000
76805  40.045  3.818  -54.069 0.0000000000
76806  37.104  3.142  -54.159 0.0000000000
76807  36.849  3.730  -54.255 0.0000000000
76814  39.787  2.878  -54.367 0.0000000000
76815  39.419  3.280  -54.886 0.0000000000
76816  38.705  2.890  -55.219 0.0000000000
76817  37.238  3.146  -55.204 0.0000000000
76818  36.750  3.825  -54.863 0.0000000000
76821  39.035  3.771  -55.387 0.0000000000
76822  38.389  3.436  -55.810 0.0000000000
76823  37.418  3.192  -55.947 0.0000000000
76824  36.839  3.637  -55.775 0.0000000000
76825  37.965  3.959  -56.460 0.0000000000
76826  37.508  3.733  -56.377 0.0000000000
76827  37.097  3.613  -56.194 0.0000000000
77838  40.830  4.505  -44.809 0.0000000000
77848  40.326  4.500  -45.665 0.0000000000
77863  40.074  4.427  -46.724 0.0000000000
77878  39.911  4.625  -47.942 0.0000000000
77879  39.659  5.395  -48.159 0.0000000000
77880  36.845  4.141  -47.708 0.0000000000
77881  36.268  4.737  -47.336 0.0000000000
77892  40.116  4.344  -49.203 0.0000000000
77893  39.712  5.212  -48.783 0.0000000000
77894  37.155  4.140  -48.784 0.0000000000
77895  36.495  5.146  -48.176 0.0000000000
77896  36.099  5.292  -47.579 0.0000000000
77909  40.218  4.262  -50.282 0.0000000000
77910  39.844  5.088  -49.765 0.0000000000
77911  37.342  4.048  -50.016 0.0000000000
77912  36.829  5.032  -49.365 0.0000000000
77920  40.225  4.297  -51.135 0.0000000000
77921  39.973  4.996  -50.755 0.0000000000
77922  37.324  3.962  -51.235 0.0000000000
77923  36.923  4.916  -50.566 0.0000000000
77933  40.306  3.997  -51.891 0.0000000000
77934  40.063  4.807  -51.715 0.0000000000
77935  37.146  3.842  -52.364 0.0000000000
77936  36.895  4.784  -51.731 0.0000000000
77945  40.343  3.774  -52.505 0.0000000000
77946  40.149  4.430  -52.785 0.0000000000
77947  36.975  3.753  -53.393 0.0000000000
77948  36.761  4.620  -52.846 0.0000000000
77952  39.968  4.551  -53.762 0.0000000000
77953  36.886  3.719  -53.954 0.0000000000
77954  36.663  4.364  -53.988 0.0000000000
77961  39.593  4.475  -54.715 0.0000000000
77962  39.277  4.998  -55.133 0.0000000000
77963  36.367  4.583  -54.809 0.0000000000
77968  39.286  3.989  -55.166 0.0000000000
77969  38.964  4.463  -55.572 0.0000000000
77970  36.213  4.479  -55.684 0.0000000000
77971  35.733  4.882  -56.110 0.0000000000
77972  38.284  4.449  -56.342 0.0000000000
77973  37.468  4.580  -56.744 0.0000000000
77974  36.723  4.212  -56.470 0.0000000000
77975  36.003  4.760  -56.535 0.0000000000
77976  37.087  5.073  -57.027 0.0000000000
77977  36.695  4.901  -56.962 0.0000000000
77978  36.312  4.804  -56.830 0.0000000000
79043  40.791  5.528  -45.202 0.0000000000
79057  40.126  5.546  -46.136 0.0000000000
79058  39.859  5.975  -46.796 0.0000000000
79071  39.818  5.257  -46.999 0.0000000000
79072  39.666  5.803  -47.576 0.0000000000
79085  39.526  5.999  -48.397 0.0000000000
79086  36.270  5.687  -48.237 0.0000000000
79087  35.806  5.863  -47.872 0.0000000000
79101  39.512  5.948  -49.310 0.0000000000
79102  36.380  5.903  -48.791 0.0000000000
79103  35.777  6.426  -48.728 0.0000000000
79112  39.589  5.836  -50.320 0.0000000000
79113  36.653  5.904  -49.985 0.0000000000
79123  39.640  5.637  -51.350 0.0000000000
79124  36.692  5.767  -51.157 0.0000000000
79133  39.741  5.385  -52.367 0.0000000000
79134  36.614  5.605  -52.278 0.0000000000
79139  39.738  5.269  -53.341 0.0000000000
79140  39.408  5.551  -53.850 0.0000000000
79141  36.443  5.448  -53.371 0.0000000000
79147  39.705  5.116  -54.089 0.0000000000
79148  39.248  5.475  -54.568 0.0000000000
79149  36.233  5.326  -54.383 0.0000000000
79150  35.889  5.596  -54.910 0.0000000000
79156  38.877  5.440  -55.411 0.0000000000
79157  36.055  5.060  -55.096 0.0000000000
79158  35.572  5.408  -55.629 0.0000000000
79159  35.018  5.758  -56.224 0.0000000000
79160  38.516  5.226  -56.142 0.0000000000
79161  37.989  5.263  -56.705 0.0000000000
79162  35.471  5.272  -56.491 0.0000000000
79163  34.808  5.735  -56.925 0.0000000000
79164  37.392  5.388  -57.080 0.0000000000
79165  36.781  5.452  -57.300 0.0000000000
79166  35.803  5.395  -57.334 0.0000000000
79167  34.660  5.858  -57.703 0.0000000000
79168  35.236  5.841  -58.039 0.0000000000
79169  34.674  6.117  -58.241 0.0000000000
80196  40.583  6.505  -45.673 0.0000000000
80213  40.104  6.592  -46.351 0.0000000000
80214  39.744  6.677  -47.038 0.0000000000
80226  39.524  6.763  -47.838 0.0000000000
80238  39.368  6.945  -48.815 0.0000000000
80253  39.350  6.723  -49.856 0.0000000000
80254  36.012  6.583  -49.569 0.0000000000
80267  39.196  6.679  -50.922 0.0000000000
80268  38.863  7.236  -51.214 0.0000000000
80269  36.228  6.702  -50.716 0.0000000000
80281  39.261  6.175  -52.016 0.0000000000
80282  38.861  6.937  -51.787 0.0000000000
80283  36.457  6.505  -51.777 0.0000000000
80293  39.342  5.901  -52.949 0.0000000000
80294  38.858  6.622  -52.694 0.0000000000
80295  36.338  6.452  -52.843 0.0000000000
80299  39.360  5.718  -53.476 0.0000000000
80300  38.929  6.184  -53.728 0.0000000000
80301  36.103  6.342  -53.930 0.0000000000
80302  35.714  6.885  -54.286 0.0000000000
80307  38.559  6.371  -54.858 0.0000000000
80308  38.161  6.987  -54.984 0.0000000000
80309  35.979  5.904  -54.535 0.0000000000
80310  35.588  6.347  -54.865 0.0000000000
80317  38.437  6.024  -55.974 0.0000000000
80318  38.084  6.787  -55.633 0.0000000000
80319  35.048  6.357  -55.682 0.0000000000
80320  34.486  6.415  -56.373 0.0000000000
80321  38.206  5.714  -56.474 0.0000000000
80322  37.618  6.317  -56.749 0.0000000000
80323  36.953  6.872  -57.090 0.0000000000
80324  33.822  6.441  -57.209 0.0000000000
80325  33.133  6.848  -57.326 0.0000000000
80326  37.133  5.835  -57.338 0.0000000000
80327  36.497  6.331  -57.695 0.0000000000
80328  35.778  5.875  -58.050 0.0000000000
80329  33.902  6.266  -58.081 0.0000000000
80330  33.060  6.722  -57.867 0.0000000000
80331  32.669  6.950  -58.215 0.0000000000
80332  36.006  6.856  -58.116 0.0000000000
80333  35.407  6.523  -58.290 0.0000000000
80334  34.350  6.711  -58.447 0.0000000000
80335  33.440  6.845  -58.398 0.0000000000
80336  32.935  6.915  -58.307 0.0000000000
81345  40.441  7.360  -46.053 0.0000000000
81359  40.010  7.423  -46.627 0.0000000000
81360  39.684  7.505  -47.266 0.0000000000
81374  39.425  7.690  -48.056 0.0000000000
81386  39.284  7.837  -48.777 0.0000000000
81402  39.152  7.711  -49.578 0.0000000000
81403  38.881  8.221  -49.950 0.0000000000
81415  39.148  7.214  -50.236 0.0000000000
81416  38.838  7.737  -50.614 0.0000000000
81417  36.072  7.082  -51.509 0.0000000000
81430  38.672  7.655  -51.543 0.0000000000
81431  36.175  7.137  -52.250 0.0000000000
81432  35.648  7.448  -51.868 0.0000000000
81444  38.611  7.420  -52.338 0.0000000000
81445  36.133  7.156  -52.954 0.0000000000
81446  35.603  7.594  -52.636 0.0000000000
81447  35.328  7.695  -52.154 0.0000000000
81456  38.465  7.320  -53.341 0.0000000000
81457  38.235  7.879  -53.769 0.0000000000
81458  36.162  6.853  -53.354 0.0000000000
81459  35.741  7.315  -53.609 0.0000000000
81464  38.506  6.779  -54.074 0.0000000000
81465  38.244  7.322  -54.341 0.0000000000
81466  35.195  7.426  -54.633 0.0000000000
81467  34.630  7.877  -54.938 0.0000000000
81475  37.934  7.554  -55.069 0.0000000000
81476  35.127  6.907  -55.243 0.0000000000
81477  34.457  7.406  -55.624 0.0000000000
81478  33.593  7.672  -56.164 0.0000000000
81479  37.637  7.444  -55.916 0.0000000000
81480  37.167  7.448  -56.596 0.0000000000
81481  33.887  7.046  -56.464 0.0000000000
81482  33.041  7.311  -56.786 0.0000000000
81483  32.164  7.525  -57.135 0.0000000000
81484  31.672  7.664  -57.588 0.0000000000
81485  36.626  7.520  -57.263 0.0000000000
81486  36.193  7.855  -57.696 0.0000000000
81487  32.702  7.060  -57.388 0.0000000000
81488  32.307  7.167  -57.873 0.0000000000
81489  31.803  7.669  -58.274 0.0000000000
81490  36.224  7.195  -57.845 0.0000000000
81491  35.739  7.504  -58.148 0.0000000000
81492  34.905  7.456  -58.421 0.0000000000
81493  33.934  7.525  -58.601 0.0000000000
81494  32.759  7.466  -58.554 0.0000000000
81495  32.134  7.982  -58.614 0.0000000000
82436  40.746  7.800  -45.955 0.0000000000
82449  40.498  8.328  -46.530 0.0000000000
82450  39.914  7.967  -46.873 0.0000000000
82465  40.281  8.827  -47.090 0.0000000000
82466  39.823  8.471  -47.377 0.0000000000
82476  39.330  8.622  -48.453 0.0000000000
82477  39.140  9.111  -48.843 0.0000000000
82494  39.166  8.225  -49.033 0.0000000000
82495  38.932  8.736  -49.363 0.0000000000
82508  38.601  8.688  -50.271 0.0000000000
82521  38.380  8.568  -51.272 0.0000000000
82522  38.100  9.025  -51.728 0.0000000000
82534  38.506  8.057  -52.002 0.0000000000
82535  38.243  8.583  -52.168 0.0000000000
82536  35.303  7.849  -52.734 0.0000000000
82537  35.008  8.025  -52.493 0.0000000000
82538  34.178  8.725  -52.682 0.0000000000
82548  38.421  7.975  -52.609 0.0000000000
82549  38.137  8.426  -53.105 0.0000000000
82550  35.312  7.914  -53.103 0.0000000000
82551  34.706  8.319  -53.358 0.0000000000
82552  33.913  8.734  -53.724 0.0000000000
82559  37.927  8.361  -54.194 0.0000000000
82560  35.192  7.961  -53.837 0.0000000000
82561  34.520  8.255  -54.328 0.0000000000
82562  33.533  8.670  -54.595 0.0000000000
82563  32.815  8.788  -55.047 0.0000000000
82572  37.558  8.415  -55.219 0.0000000000
82573  37.186  8.751  -55.676 0.0000000000
82574  34.175  8.208  -55.056 0.0000000000
82575  33.452  8.293  -55.527 0.0000000000
82576  32.394  8.597  -55.702 0.0000000000
82577  31.705  8.604  -56.158 0.0000000000
82581  37.320  8.124  -56.002 0.0000000000
82582  36.859  8.482  -56.406 0.0000000000
82583  32.970  8.063  -56.182 0.0000000000
82584  32.255  8.078  -56.480 0.0000000000
82585  31.313  8.246  -56.888 0.0000000000
82586  30.607  8.614  -57.438 0.0000000000
82587  36.379  8.525  -57.175 0.0000000000
82588  35.873  8.545  -57.780 0.0000000000
82589  35.377  8.889  -58.079 0.0000000000
82590  31.137  8.110  -57.853 0.0000000000
82591  30.612  8.709  -58.221 0.0000000000
82592  35.330  8.175  -58.221 0.0000000000
82593  34.655  8.495  -58.383 0.0000000000
82594  33.601  8.466  -58.606 0.0000000000
82595  32.616  8.518  -58.696 0.0000000000
82596  31.555  8.523  -58.613 0.0000000000
82597  30.940  9.011  -58.612 0.0000000000
83590  40.160  9.072  -47.345 0.0000000000
83599  39.978  9.493  -47.878 0.0000000000
83600  39.408  9.365  -48.560 0.0000000000
83611  39.655  9.868  -48.604 0.0000000000
83612  39.107  9.715  -49.074 0.0000000000
83626  38.583  9.645  -49.913 0.0000000000
83627  38.284  9.935  -50.565 0.0000000000
83639  38.318  9.278  -50.634 0.0000000000
83640  38.070  9.588  -51.261 0.0000000000
83651  37.888  9.386  -52.238 0.0000000000
83652  33.725  9.573  -52.441 0.0000000000
83661  37.644  9.369  -53.307 0.0000000000
83662  33.468  9.422  -53.414 0.0000000000
83663  33.097  9.588  -54.078 0.0000000000
83671  37.413  9.376  -54.343 0.0000000000
83672  37.022  9.708  -54.750 0.0000000000
83673  33.279  9.099  -54.034 0.0000000000
83674  32.764  9.301  -54.510 0.0000000000
83684  37.253  9.182  -55.131 0.0000000000
83685  36.802  9.485  -55.494 0.0000000000
83686  32.182  9.277  -55.101 0.0000000000
83687  31.584  9.166  -55.642 0.0000000000
83694  36.344  9.446  -56.408 0.0000000000
83695  35.920  9.770  -56.784 0.0000000000
83696  31.122  8.940  -56.192 0.0000000000
83697  30.552  9.127  -56.735 0.0000000000
83698  36.092  9.198  -57.179 0.0000000000
83699  35.614  9.524  -57.430 0.0000000000
83700  35.064  9.531  -57.981 0.0000000000
83701  30.059  9.398  -57.656 0.0000000000
83702  29.822  9.991  -58.223 0.0000000000
83703  34.296  9.473  -58.309 0.0000000000
83704  33.380  9.446  -58.535 0.0000000000
83705  32.411  9.440  -58.694 0.0000000000
83706  31.439  9.503  -58.794 0.0000000000
83707  30.348  9.522  -58.743 0.0000000000
83708  29.835  10.224  -58.736 0.0000000000
84675  40.161  10.182  -48.457 0.0000000000
84688  39.772  10.561  -49.075 0.0000000000
84689  39.005  10.553  -49.588 0.0000000000
84705  38.537  10.595  -50.234 0.0000000000
84706  38.131  10.548  -50.882 0.0000000000
84717  37.837  10.401  -51.641 0.0000000000
84728  37.588  10.366  -52.526 0.0000000000
84739  37.316  10.385  -53.489 0.0000000000
84740  37.120  10.765  -53.986 0.0000000000
84741  33.366  10.293  -53.163 0.0000000000
84742  33.074  10.122  -53.877 0.0000000000
84749  37.073  10.131  -54.217 0.0000000000
84750  36.800  10.465  -54.648 0.0000000000
84751  32.763  9.953  -54.342 0.0000000000
84758  36.351  10.456  -55.498 0.0000000000
84759  35.964  10.833  -55.893 0.0000000000
84760  32.363  10.050  -54.844 0.0000000000
84761  31.761  10.027  -55.427 0.0000000000
84771  36.009  10.198  -56.235 0.0000000000
84772  35.609  10.527  -56.653 0.0000000000
84773  35.189  10.764  -57.099 0.0000000000
84774  31.010  9.906  -56.059 0.0000000000
84775  30.264  10.196  -56.828 0.0000000000
84785  35.279  10.169  -57.399 0.0000000000
84786  34.831  10.437  -57.724 0.0000000000
84787  29.788  10.443  -57.630 0.0000000000
84788  29.599  10.685  -58.356 0.0000000000
84798  34.119  10.430  -58.223 0.0000000000
84799  33.245  10.399  -58.502 0.0000000000
84800  32.302  10.393  -58.756 0.0000000000
84801  31.264  10.417  -59.034 0.0000000000
84802  30.284  10.413  -59.147 0.0000000000
84803  29.608  10.879  -59.079 0.0000000000
84812  30.849  10.921  -59.263 0.0000000000
84813  30.256  11.124  -59.393 0.0000000000
84814  29.725  11.417  -59.507 0.0000000000
85795  40.497  11.326  -49.541 0.0000000000
85796  39.622  11.312  -49.701 0.0000000000
85797  38.965  11.238  -50.012 0.0000000000
85813  40.259  11.972  -50.098 0.0000000000
85814  39.395  11.946  -50.226 0.0000000000
85815  38.533  11.560  -50.649 0.0000000000
85816  38.004  11.147  -51.219 0.0000000000
85828  38.161  11.767  -51.304 0.0000000000
85829  37.756  11.352  -51.882 0.0000000000
85840  37.505  11.285  -52.734 0.0000000000
85852  37.277  11.375  -53.450 0.0000000000
85853  37.017  11.370  -54.098 0.0000000000
85854  33.387  11.354  -53.255 0.0000000000
85855  33.113  10.776  -53.774 0.0000000000
85863  36.670  11.361  -54.725 0.0000000000
85864  33.022  11.383  -54.090 0.0000000000
85865  32.713  10.717  -54.427 0.0000000000
85872  36.301  11.487  -55.340 0.0000000000
85873  35.869  11.530  -55.965 0.0000000000
85874  32.094  10.995  -55.235 0.0000000000
85875  31.401  10.735  -55.706 0.0000000000
85881  35.426  11.536  -56.653 0.0000000000
85882  35.022  11.201  -57.221 0.0000000000
85883  31.580  11.482  -55.815 0.0000000000
85884  30.808  11.183  -56.283 0.0000000000
85885  30.062  11.241  -57.097 0.0000000000
85890  35.176  11.828  -57.108 0.0000000000
85891  34.737  11.435  -57.700 0.0000000000
85892  29.606  11.338  -57.877 0.0000000000
85893  29.323  11.439  -58.632 0.0000000000
85898  34.046  11.357  -58.296 0.0000000000
85899  33.229  11.325  -58.691 0.0000000000
85900  32.312  11.321  -59.062 0.0000000000
85901  31.486  11.188  -59.237 0.0000000000
85902  29.283  11.622  -59.315 0.0000000000
85907  31.943  11.714  -59.387 0.0000000000
85908  31.126  11.613  -59.555 0.0000000000
85909  30.267  11.715  -59.839 0.0000000000
85910  29.575  11.906  -59.947 0.0000000000
85935  37.147  11.973  -62.827 0.0000000000
85941  36.957  11.775  -63.014 0.0000000000
86872  40.625  12.225  -50.611 0.0000000000
86873  40.056  12.440  -50.738 0.0000000000
86874  39.190  12.498  -50.872 0.0000000000
86875  38.555  12.263  -51.176 0.0000000000
86886  40.836  12.479  -51.284 0.0000000000
86887  39.951  13.008  -51.721 0.0000000000
86888  38.865  12.907  -51.514 0.0000000000
86889  38.150  12.361  -51.812 0.0000000000
86890  37.694  11.963  -52.285 0.0000000000
86899  41.221  12.857  -52.622 0.0000000000
86900  40.360  13.265  -52.467 0.0000000000
86901  37.883  12.468  -52.372 0.0000000000
86902  37.535  12.155  -52.877 0.0000000000
86915  37.275  12.158  -53.614 0.0000000000
86916  36.934  11.977  -54.202 0.0000000000
86917  33.661  12.486  -53.100 0.0000000000
86924  37.238  12.531  -54.094 0.0000000000
86925  36.767  12.312  -54.692 0.0000000000
86926  33.201  12.335  -54.162 0.0000000000
86927  32.636  11.712  -54.743 0.0000000000
86935  36.336  12.352  -55.432 0.0000000000
86936  35.883  12.394  -56.070 0.0000000000
86937  32.713  12.560  -54.971 0.0000000000
86938  32.156  12.206  -55.558 0.0000000000
86947  35.478  12.468  -56.658 0.0000000000
86948  31.448  12.230  -56.310 0.0000000000
86949  30.644  12.221  -57.010 0.0000000000
86950  29.903  11.972  -57.501 0.0000000000
86958  35.139  12.468  -57.295 0.0000000000
86959  34.710  12.293  -57.997 0.0000000000
86960  30.138  12.605  -57.634 0.0000000000
86961  29.480  12.307  -58.267 0.0000000000
86962  29.035  12.029  -58.960 0.0000000000
86968  34.049  12.247  -58.514 0.0000000000
86969  33.348  12.214  -59.092 0.0000000000
86970  32.595  12.021  -59.391 0.0000000000
86971  29.113  12.600  -59.023 0.0000000000
86972  29.069  12.345  -59.696 0.0000000000
86978  33.030  12.541  -59.508 0.0000000000
86979  32.167  12.425  -59.771 0.0000000000
86980  31.073  12.188  -60.184 0.0000000000
86981  30.198  12.067  -60.572 0.0000000000
86982  29.419  12.424  -60.732 0.0000000000
86988  31.899  12.618  -60.601 0.0000000000
86989  31.053  12.380  -61.026 0.0000000000
86990  30.203  12.412  -61.379 0.0000000000
86991  29.618  12.691  -61.509 0.0000000000
86999  31.820  12.763  -61.313 0.0000000000
87000  31.168  12.755  -61.853 0.0000000000
87001  30.163  12.868  -62.046 0.0000000000
87002  29.498  13.009  -61.807 0.0000000000
87011  37.459  12.297  -62.664 0.0000000000
87012  36.680  12.301  -62.799 0.0000000000
87013  35.627  12.585  -62.826 0.0000000000
87014  34.649  12.988  -62.736 0.0000000000
87015  33.959  13.227  -62.633 0.0000000000
87016  30.951  13.145  -62.340 0.0000000000
87017  30.535  13.428  -62.206 0.0000000000
87024  36.283  12.045  -63.518 0.0000000000
87025  34.998  12.612  -63.475 0.0000000000
87026  34.023  12.982  -63.145 0.0000000000
87027  33.689  13.325  -62.821 0.0000000000
87030  35.584  12.404  -64.118 0.0000000000
87897  39.151  13.313  -52.100 0.0000000000
87898  38.491  13.027  -52.158 0.0000000000
87899  38.139  12.727  -52.262 0.0000000000
87908  40.455  13.446  -52.982 0.0000000000
87909  39.687  13.566  -52.692 0.0000000000
87910  38.719  13.535  -52.756 0.0000000000
87911  37.943  12.968  -52.788 0.0000000000
87912  37.575  12.579  -53.190 0.0000000000
87923  40.831  13.476  -53.717 0.0000000000
87924  40.015  13.868  -53.563 0.0000000000
87925  39.001  14.075  -53.567 0.0000000000
87926  38.105  13.620  -53.640 0.0000000000
87927  37.583  12.894  -53.586 0.0000000000
87931  41.140  13.507  -54.741 0.0000000000
87932  40.316  14.019  -54.510 0.0000000000
87933  39.578  14.188  -54.153 0.0000000000
87934  37.844  13.677  -54.111 0.0000000000
87935  37.404  13.294  -54.341 0.0000000000
87936  36.767  12.986  -54.987 0.0000000000
87937  33.521  13.421  -53.861 0.0000000000
87942  40.741  13.961  -55.289 0.0000000000
87943  37.017  13.525  -55.014 0.0000000000
87944  36.402  13.302  -55.618 0.0000000000
87945  35.866  13.076  -56.238 0.0000000000
87946  33.065  13.409  -54.883 0.0000000000
87947  32.549  13.056  -55.489 0.0000000000
87953  36.041  13.684  -56.180 0.0000000000
87954  35.535  13.392  -56.741 0.0000000000
87955  32.753  13.700  -55.700 0.0000000000
87956  32.079  13.313  -56.315 0.0000000000
87957  31.340  12.924  -56.858 0.0000000000
87964  35.144  13.304  -57.602 0.0000000000
87965  34.635  12.963  -58.231 0.0000000000
87966  31.604  13.523  -57.121 0.0000000000
87967  30.870  13.261  -57.574 0.0000000000
87968  30.023  13.082  -58.087 0.0000000000
87975  34.927  13.624  -58.223 0.0000000000
87976  34.224  13.247  -58.800 0.0000000000
87977  33.575  12.969  -59.305 0.0000000000
87978  30.479  13.641  -58.499 0.0000000000
87979  29.560  13.232  -58.828 0.0000000000
87980  29.099  13.000  -59.493 0.0000000000
87987  34.038  13.510  -59.438 0.0000000000
87988  33.248  13.133  -59.822 0.0000000000
87989  32.648  12.960  -60.338 0.0000000000
87990  30.136  13.768  -59.173 0.0000000000
87991  29.592  13.566  -59.726 0.0000000000
87992  29.076  13.034  -60.306 0.0000000000
87999  34.029  13.723  -60.081 0.0000000000
88000  33.365  13.353  -60.608 0.0000000000
88001  32.594  13.041  -61.045 0.0000000000
88002  29.605  13.595  -60.690 0.0000000000
88003  29.260  13.063  -61.276 0.0000000000
88011  34.184  13.780  -60.926 0.0000000000
88012  33.387  13.425  -61.496 0.0000000000
88013  32.352  13.230  -61.863 0.0000000000
88014  31.661  13.315  -62.248 0.0000000000
88015  29.918  13.481  -61.644 0.0000000000
88016  29.468  13.183  -61.602 0.0000000000
88024  37.243  13.024  -62.430 0.0000000000
88025  36.326  13.222  -62.475 0.0000000000
88026  35.371  13.500  -62.408 0.0000000000
88027  34.360  13.759  -62.034 0.0000000000
88028  33.385  13.537  -62.369 0.0000000000
88029  32.530  13.821  -62.514 0.0000000000
88030  31.364  13.812  -62.372 0.0000000000
88031  30.639  13.889  -62.065 0.0000000000
88039  35.196  13.096  -64.048 0.0000000000
88040  34.392  13.421  -63.636 0.0000000000
88041  33.514  13.731  -63.031 0.0000000000
88042  33.065  14.151  -62.814 0.0000000000
88919  38.582  14.150  -54.068 0.0000000000
88920  38.430  14.005  -53.895 0.0000000000
88924  39.609  14.412  -54.774 0.0000000000
88925  38.862  14.389  -54.479 0.0000000000
88926  37.967  14.037  -54.400 0.0000000000
88927  37.380  13.779  -54.777 0.0000000000
88928  33.583  14.356  -53.514 0.0000000000
88931  40.688  14.111  -55.950 0.0000000000
88932  40.049  14.421  -55.511 0.0000000000
88933  39.113  14.719  -55.379 0.0000000000
88934  38.161  14.572  -55.300 0.0000000000
88935  37.087  14.138  -55.415 0.0000000000
88936  36.373  13.971  -55.884 0.0000000000
88937  33.394  14.344  -54.452 0.0000000000
88941  40.225  14.455  -56.498 0.0000000000
88942  39.390  14.830  -56.347 0.0000000000
88943  38.480  14.970  -56.128 0.0000000000
88944  37.487  14.795  -56.184 0.0000000000
88945  36.236  14.425  -56.635 0.0000000000
88946  35.472  13.950  -57.085 0.0000000000
88947  33.108  14.380  -55.382 0.0000000000
88948  32.730  14.352  -56.267 0.0000000000
88954  39.719  14.805  -57.144 0.0000000000
88955  36.003  14.726  -57.405 0.0000000000
88956  35.509  14.275  -57.707 0.0000000000
88957  32.078  14.318  -57.294 0.0000000000
88958  31.491  13.794  -57.521 0.0000000000
88964  39.767  14.827  -58.120 0.0000000000
88965  34.954  14.245  -58.732 0.0000000000
88966  34.404  13.841  -59.098 0.0000000000
88967  31.800  14.831  -58.341 0.0000000000
88968  31.290  14.067  -58.071 0.0000000000
88974  38.760  14.909  -59.651 0.0000000000
88975  35.225  14.572  -59.538 0.0000000000
88976  34.545  14.092  -59.512 0.0000000000
88977  31.755  15.056  -58.994 0.0000000000
88978  31.005  14.418  -59.269 0.0000000000
88979  30.208  13.939  -59.565 0.0000000000
88985  38.515  14.586  -60.389 0.0000000000
88986  37.476  14.620  -60.606 0.0000000000
88987  36.615  14.683  -60.518 0.0000000000
88988  35.701  14.621  -60.274 0.0000000000
88989  34.760  14.259  -60.244 0.0000000000
88990  30.858  14.584  -60.317 0.0000000000
88991  30.196  14.067  -60.085 0.0000000000
88997  37.778  14.236  -61.394 0.0000000000
88998  36.835  14.390  -61.332 0.0000000000
88999  35.942  14.415  -61.193 0.0000000000
89000  35.032  14.249  -61.101 0.0000000000
89001  31.788  14.854  -61.549 0.0000000000
89002  31.106  14.655  -61.155 0.0000000000
89003  30.298  14.121  -60.946 0.0000000000
89010  37.921  13.646  -62.115 0.0000000000
89011  37.066  13.935  -62.142 0.0000000000
89012  36.133  14.146  -62.071 0.0000000000
89013  35.343  14.146  -61.834 0.0000000000
89014  33.045  14.878  -62.388 0.0000000000
89015  32.280  14.618  -62.127 0.0000000000
89016  31.246  14.366  -61.893 0.0000000000
89017  30.574  14.132  -61.598 0.0000000000
89024  35.083  14.131  -63.898 0.0000000000
89025  34.128  14.399  -63.396 0.0000000000
89026  33.471  14.598  -62.804 0.0000000000
89027  32.871  14.417  -62.565 0.0000000000
89934  33.496  15.198  -53.980 0.0000000000
89938  33.298  15.225  -54.940 0.0000000000
89942  39.272  15.027  -56.974 0.0000000000
89943  38.775  15.185  -56.897 0.0000000000
89944  37.918  15.278  -56.851 0.0000000000
89945  37.044  15.186  -56.885 0.0000000000
89946  33.086  15.211  -55.868 0.0000000000
89947  32.816  15.263  -56.805 0.0000000000
89951  39.147  15.153  -57.557 0.0000000000
89952  38.328  15.367  -57.664 0.0000000000
89953  37.401  15.379  -57.631 0.0000000000
89954  36.483  15.095  -57.565 0.0000000000
89955  35.934  14.826  -57.855 0.0000000000
89956  32.407  15.460  -57.750 0.0000000000
89960  38.847  15.271  -58.600 0.0000000000
89961  37.800  15.457  -58.514 0.0000000000
89962  36.865  15.373  -58.391 0.0000000000
89963  36.134  15.078  -58.349 0.0000000000
89964  35.649  14.680  -58.317 0.0000000000
89965  32.174  15.579  -58.696 0.0000000000
89969  38.847  15.097  -59.315 0.0000000000
89970  38.149  15.168  -59.504 0.0000000000
89971  37.142  15.378  -59.246 0.0000000000
89972  36.319  15.241  -59.056 0.0000000000
89973  35.655  14.875  -58.921 0.0000000000
89974  31.904  15.403  -59.672 0.0000000000
89975  31.306  14.898  -59.934 0.0000000000
89978  37.854  14.846  -60.104 0.0000000000
89979  37.283  14.995  -59.970 0.0000000000
89980  36.482  15.010  -59.774 0.0000000000
89981  35.872  14.902  -59.521 0.0000000000
89982  32.130  15.686  -60.637 0.0000000000
89983  31.505  15.090  -60.475 0.0000000000
89986  33.232  15.796  -61.823 0.0000000000
89987  32.523  15.517  -61.454 0.0000000000
89988  31.763  15.224  -61.089 0.0000000000
89994  34.242  15.735  -62.725 0.0000000000
89995  33.602  15.520  -62.382 0.0000000000
89996  32.942  15.270  -62.043 0.0000000000
90005  34.702  15.341  -63.280 0.0000000000
90006  34.002  15.146  -62.984 0.0000000000
90950  33.248  16.070  -54.411 0.0000000000
90951  32.968  16.920  -54.986 0.0000000000
90954  33.179  16.047  -55.428 0.0000000000
90955  32.972  16.767  -56.029 0.0000000000
90959  33.060  15.949  -56.265 0.0000000000
90960  32.793  16.383  -57.091 0.0000000000
90964  32.447  16.390  -58.201 0.0000000000
90968  32.377  16.349  -59.204 0.0000000000
90973  32.420  16.357  -60.143 0.0000000000
90977  32.652  16.407  -60.993 0.0000000000
90981  33.548  16.419  -62.063 0.0000000000
90982  33.158  16.402  -61.535 0.0000000000
90988  34.586  16.360  -62.751 0.0000000000
90989  34.023  16.406  -62.457 0.0000000000
90998  35.278  16.266  -63.020 0.0000000000
91969  32.475  17.859  -54.572 0.0000000000
91974  32.669  17.664  -55.663 0.0000000000
91978  32.663  17.461  -56.701 0.0000000000
91981  32.497  17.289  -57.740 0.0000000000
91984  32.361  17.207  -58.767 0.0000000000
91988  32.283  17.152  -59.755 0.0000000000
91992  32.365  17.151  -60.727 0.0000000000
91997  33.283  16.887  -61.961 0.0000000000
91998  32.806  17.270  -61.739 0.0000000000
92006  34.203  16.920  -62.699 0.0000000000
92007  33.541  17.355  -62.585 0.0000000000
92008  32.910  17.728  -62.392 0.0000000000
92015  34.554  17.469  -63.002 0.0000000000
92016  33.803  17.941  -63.417 0.0000000000
92017  34.211  18.121  -63.549 0.0000000000
92018  33.883  18.191  -63.779 0.0000000000
92956  31.993  18.566  -54.731 0.0000000000
92957  31.495  18.940  -54.455 0.0000000000
92962  32.209  18.453  -55.401 0.0000000000
92963  31.694  19.098  -55.172 0.0000000000
92968  32.315  18.325  -56.334 0.0000000000
92969  31.829  19.070  -56.012 0.0000000000
92971  32.280  18.176  -57.330 0.0000000000
92972  31.910  18.974  -56.946 0.0000000000
92974  32.124  18.033  -58.342 0.0000000000
92975  31.859  18.861  -57.932 0.0000000000
92978  31.964  17.911  -59.356 0.0000000000
92979  31.687  18.747  -58.958 0.0000000000
92983  31.925  17.833  -60.372 0.0000000000
92984  31.511  18.591  -59.998 0.0000000000
92990  32.055  17.858  -61.385 0.0000000000
92991  31.566  18.498  -61.021 0.0000000000
92997  32.962  18.040  -62.785 0.0000000000
92998  32.327  18.218  -62.431 0.0000000000
92999  31.681  18.484  -61.884 0.0000000000
93003  33.278  18.188  -63.243 0.0000000000
93004  32.683  18.537  -63.315 0.0000000000
93005  34.090  18.517  -63.891 0.0000000000
93006  33.535  18.493  -63.816 0.0000000000
93007  33.069  18.484  -63.678 0.0000000000
94058  31.116  19.585  -54.859 0.0000000000
94068  31.247  19.830  -55.690 0.0000000000
94069  30.672  20.092  -55.210 0.0000000000
94076  31.475  19.715  -56.601 0.0000000000
94079  31.500  19.621  -57.527 0.0000000000
94082  31.373  19.518  -58.511 0.0000000000
94085  31.048  19.499  -59.605 0.0000000000
94086  30.660  19.962  -59.786 0.0000000000
94092  31.095  19.232  -60.731 0.0000000000
94093  30.542  19.980  -60.474 0.0000000000
94099  31.247  19.109  -61.740 0.0000000000
94100  30.671  19.745  -61.572 0.0000000000
94105  32.048  18.824  -63.197 0.0000000000
94106  31.542  19.038  -62.675 0.0000000000
94107  30.868  19.620  -62.528 0.0000000000
94111  32.200  18.917  -63.778 0.0000000000
94112  31.610  19.507  -63.663 0.0000000000
94113  31.120  19.576  -63.126 0.0000000000
94116  32.885  18.996  -64.220 0.0000000000
94117  32.153  19.291  -64.122 0.0000000000
95177  31.006  20.332  -56.378 0.0000000000
95178  30.419  20.533  -55.845 0.0000000000
95195  31.091  20.338  -57.159 0.0000000000
95196  30.365  20.874  -56.777 0.0000000000
95197  29.766  20.930  -56.269 0.0000000000
95208  31.046  20.217  -58.081 0.0000000000
95209  30.553  20.834  -57.708 0.0000000000
95212  30.887  20.081  -58.990 0.0000000000
95213  30.483  20.671  -58.622 0.0000000000
95215  30.749  19.997  -59.495 0.0000000000
95216  30.364  20.426  -59.627 0.0000000000
95223  29.953  20.675  -60.587 0.0000000000
95224  29.642  20.990  -60.765 0.0000000000
95228  30.099  20.400  -61.472 0.0000000000
95229  29.569  20.922  -61.303 0.0000000000
95232  30.236  20.181  -62.436 0.0000000000
95233  29.496  20.745  -62.381 0.0000000000
95236  31.519  20.567  -63.989 0.0000000000
95237  30.574  20.227  -63.414 0.0000000000
95238  29.835  20.468  -63.018 0.0000000000
95241  32.244  19.897  -64.256 0.0000000000
96263  29.968  21.305  -57.473 0.0000000000
96264  29.363  21.385  -56.893 0.0000000000
96278  30.021  21.316  -58.264 0.0000000000
96279  29.291  21.843  -57.919 0.0000000000
96280  28.360  21.780  -57.474 0.0000000000
96292  29.921  21.115  -59.157 0.0000000000
96293  29.492  21.760  -58.831 0.0000000000
96301  29.753  20.997  -60.028 0.0000000000
96302  29.425  21.587  -59.720 0.0000000000
96310  29.675  21.001  -60.509 0.0000000000
96311  29.347  21.365  -60.715 0.0000000000
96315  28.894  21.386  -61.875 0.0000000000
96316  28.446  21.751  -62.067 0.0000000000
96320  28.809  21.129  -62.777 0.0000000000
96321  28.376  21.629  -62.528 0.0000000000
96325  30.655  21.403  -63.841 0.0000000000
96326  29.395  21.128  -63.495 0.0000000000
96327  28.469  21.516  -63.225 0.0000000000
97401  28.964  22.232  -58.673 0.0000000000
97402  28.348  22.304  -58.286 0.0000000000
97403  27.378  22.220  -58.048 0.0000000000
97412  28.997  22.196  -59.409 0.0000000000
97413  28.366  22.670  -59.139 0.0000000000
97414  27.512  22.690  -58.807 0.0000000000
97415  26.325  22.691  -58.787 0.0000000000
97422  28.911  22.041  -60.303 0.0000000000
97423  28.441  22.547  -59.933 0.0000000000
97424  25.721  22.937  -59.291 0.0000000000
97425  25.462  22.936  -59.003 0.0000000000
97431  28.691  21.898  -61.261 0.0000000000
97432  28.313  22.485  -60.868 0.0000000000
97436  28.512  21.806  -61.804 0.0000000000
97437  28.014  22.230  -61.984 0.0000000000
97438  27.444  22.635  -62.171 0.0000000000
97442  27.868  21.991  -63.016 0.0000000000
97443  27.399  22.617  -62.656 0.0000000000
97446  29.734  22.314  -63.832 0.0000000000
97447  28.458  22.229  -63.706 0.0000000000
97448  27.576  22.615  -63.375 0.0000000000
98494  28.092  22.809  -59.707 0.0000000000
98495  27.630  22.926  -59.539 0.0000000000
98496  26.894  22.928  -59.370 0.0000000000
98503  27.777  22.952  -60.336 0.0000000000
98504  26.939  23.186  -60.078 0.0000000000
98505  26.061  23.113  -59.738 0.0000000000
98506  25.309  23.324  -59.571 0.0000000000
98512  27.629  22.830  -61.361 0.0000000000
98513  27.038  23.384  -60.989 0.0000000000
98514  26.187  23.513  -60.607 0.0000000000
98515  25.438  23.681  -60.262 0.0000000000
98516  25.157  23.690  -59.892 0.0000000000
98520  27.498  22.679  -61.900 0.0000000000
98521  27.069  23.128  -62.022 0.0000000000
98522  26.308  23.744  -61.457 0.0000000000
98523  25.670  23.893  -60.931 0.0000000000
98526  29.431  24.055  -62.675 0.0000000000
98527  28.003  23.883  -63.198 0.0000000000
98528  27.064  23.408  -62.994 0.0000000000
98529  26.551  23.696  -62.244 0.0000000000
98531  30.166  23.257  -63.541 0.0000000000
98532  28.910  23.264  -63.762 0.0000000000
98533  27.857  23.129  -63.721 0.0000000000
99477  26.339  24.890  -60.858 0.0000000000
99478  25.430  24.567  -60.538 0.0000000000
99479  25.122  23.999  -60.040 0.0000000000
99481  28.075  24.628  -61.177 0.0000000000
99482  27.149  24.550  -61.554 0.0000000000
99483  26.309  24.253  -61.723 0.0000000000
99484  25.773  24.119  -61.289 0.0000000000
99485  28.832  24.374  -61.663 0.0000000000
99486  28.067  24.326  -62.222 0.0000000000
99487  27.094  24.205  -62.558 0.0000000000
99488  26.591  23.949  -62.545 0.0000000000
