#!ascii label  , from subject cvs_avg35_inMNI152 vox2ras=TkReg
1319
16488  48.288  -54.134  -34.132 0.0000000000
16504  48.211  -53.948  -34.606 0.0000000000
16505  47.758  -54.246  -34.651 0.0000000000
16513  47.762  -54.015  -35.081 0.0000000000
16514  47.303  -54.167  -35.155 0.0000000000
17274  49.259  -53.153  -32.950 0.0000000000
17285  49.233  -52.979  -33.814 0.0000000000
17286  48.804  -53.686  -33.575 0.0000000000
17295  49.133  -52.765  -34.275 0.0000000000
17296  48.662  -53.325  -34.625 0.0000000000
17297  48.061  -53.854  -34.903 0.0000000000
17301  48.378  -52.907  -35.260 0.0000000000
17302  47.803  -53.455  -35.346 0.0000000000
17303  46.954  -53.767  -35.591 0.0000000000
18133  49.701  -52.551  -32.262 0.0000000000
18144  50.257  -52.038  -32.818 0.0000000000
18145  49.747  -52.524  -33.265 0.0000000000
18154  50.055  -51.968  -33.525 0.0000000000
18155  49.540  -52.222  -34.075 0.0000000000
18156  49.093  -52.513  -34.569 0.0000000000
18159  49.247  -51.954  -34.643 0.0000000000
18160  48.812  -52.271  -35.135 0.0000000000
18161  48.043  -52.393  -35.602 0.0000000000
18162  47.003  -52.743  -35.872 0.0000000000
18163  45.795  -52.650  -35.973 0.0000000000
19022  50.329  -51.381  -32.395 0.0000000000
19031  50.125  -51.418  -33.242 0.0000000000
19042  49.823  -51.518  -33.859 0.0000000000
19043  49.442  -51.473  -34.331 0.0000000000
19047  49.082  -51.335  -34.918 0.0000000000
19048  48.405  -51.259  -35.466 0.0000000000
19049  47.545  -51.552  -35.810 0.0000000000
19050  46.584  -51.389  -35.813 0.0000000000
19051  45.377  -51.550  -35.722 0.0000000000
19056  47.817  -50.644  -35.632 0.0000000000
19057  47.186  -50.850  -35.792 0.0000000000
19058  46.868  -50.917  -35.793 0.0000000000
19946  50.325  -50.746  -31.891 0.0000000000
19948  49.919  -50.724  -32.910 0.0000000000
19949  49.317  -50.506  -33.122 0.0000000000
19956  49.734  -50.991  -33.705 0.0000000000
19957  49.237  -50.603  -33.585 0.0000000000
19968  49.585  -51.168  -34.070 0.0000000000
19969  49.084  -50.763  -34.305 0.0000000000
19973  48.677  -50.493  -35.028 0.0000000000
19974  48.235  -50.232  -35.320 0.0000000000
19975  46.061  -50.269  -35.675 0.0000000000
19976  44.950  -50.472  -35.583 0.0000000000
19980  47.855  -49.910  -35.435 0.0000000000
19981  47.381  -50.102  -35.606 0.0000000000
19982  46.833  -50.497  -35.743 0.0000000000
20851  47.878  -49.327  -30.934 0.0000000000
20852  47.066  -49.171  -30.879 0.0000000000
20853  46.702  -49.034  -30.972 0.0000000000
20860  50.065  -50.028  -31.480 0.0000000000
20861  49.104  -49.795  -31.694 0.0000000000
20862  48.163  -49.624  -31.615 0.0000000000
20863  47.271  -49.195  -31.547 0.0000000000
20864  46.910  -49.114  -31.179 0.0000000000
20867  49.987  -50.397  -32.268 0.0000000000
20868  49.215  -50.241  -32.561 0.0000000000
20869  48.320  -49.870  -32.338 0.0000000000
20870  47.660  -49.501  -32.240 0.0000000000
20877  48.741  -50.298  -33.368 0.0000000000
20878  48.023  -49.902  -33.150 0.0000000000
20879  47.828  -49.711  -32.669 0.0000000000
20893  48.418  -50.106  -34.049 0.0000000000
20894  48.239  -50.002  -33.648 0.0000000000
20895  44.300  -48.912  -35.059 0.0000000000
20896  43.751  -49.260  -34.916 0.0000000000
20901  48.390  -49.730  -34.725 0.0000000000
20902  48.352  -49.788  -35.085 0.0000000000
20903  46.249  -49.149  -35.770 0.0000000000
20904  45.515  -49.347  -35.627 0.0000000000
20905  44.506  -49.412  -35.397 0.0000000000
20907  48.319  -49.154  -35.052 0.0000000000
20908  48.107  -49.295  -35.293 0.0000000000
20909  47.634  -49.239  -35.554 0.0000000000
20910  46.916  -49.428  -35.753 0.0000000000
21731  46.610  -48.213  -28.985 0.0000000000
21732  45.669  -48.258  -28.954 0.0000000000
21733  44.967  -48.200  -28.926 0.0000000000
21734  44.699  -47.979  -29.027 0.0000000000
21743  49.238  -48.428  -29.771 0.0000000000
21744  48.143  -48.527  -29.701 0.0000000000
21745  47.047  -48.578  -29.663 0.0000000000
21746  46.080  -48.417  -29.617 0.0000000000
21747  45.216  -48.200  -29.554 0.0000000000
21748  44.823  -48.099  -29.237 0.0000000000
21759  49.562  -48.936  -30.413 0.0000000000
21760  48.544  -48.949  -30.376 0.0000000000
21761  47.487  -48.965  -30.323 0.0000000000
21762  46.369  -48.646  -30.568 0.0000000000
21763  45.758  -48.349  -30.005 0.0000000000
21768  49.768  -49.451  -30.992 0.0000000000
21769  48.860  -49.437  -30.984 0.0000000000
21770  47.089  -48.350  -31.800 0.0000000000
21771  46.810  -48.750  -31.254 0.0000000000
21774  47.331  -48.713  -32.332 0.0000000000
21777  47.687  -48.781  -33.535 0.0000000000
21778  47.593  -49.183  -32.866 0.0000000000
21779  42.057  -47.721  -33.561 0.0000000000
21780  41.375  -48.115  -33.647 0.0000000000
21793  48.178  -48.952  -34.451 0.0000000000
21794  47.998  -49.375  -33.887 0.0000000000
21795  44.257  -48.513  -34.732 0.0000000000
21796  43.558  -48.513  -34.320 0.0000000000
21797  42.445  -48.421  -33.932 0.0000000000
21801  48.325  -48.591  -34.886 0.0000000000
21802  46.020  -48.344  -35.810 0.0000000000
21803  45.294  -48.411  -35.461 0.0000000000
21804  44.700  -48.469  -35.094 0.0000000000
21805  48.259  -48.422  -35.231 0.0000000000
21806  48.011  -48.367  -35.583 0.0000000000
21807  47.459  -48.370  -35.852 0.0000000000
21808  46.749  -48.353  -35.949 0.0000000000
22635  47.522  -47.273  -27.838 0.0000000000
22636  46.634  -47.428  -27.805 0.0000000000
22637  45.662  -47.534  -27.825 0.0000000000
22638  44.849  -47.463  -27.977 0.0000000000
22639  44.563  -47.192  -28.227 0.0000000000
22651  48.299  -47.462  -28.305 0.0000000000
22652  47.146  -47.696  -28.410 0.0000000000
22653  46.144  -47.891  -28.379 0.0000000000
22654  45.268  -47.912  -28.421 0.0000000000
22655  44.675  -47.597  -28.676 0.0000000000
22664  48.808  -47.938  -29.089 0.0000000000
22665  47.679  -48.073  -29.033 0.0000000000
22666  45.052  -47.379  -29.776 0.0000000000
22667  44.755  -47.757  -29.263 0.0000000000
22673  46.104  -47.398  -30.929 0.0000000000
22674  45.577  -47.861  -30.266 0.0000000000
22678  47.054  -47.855  -31.883 0.0000000000
22679  46.720  -47.821  -31.509 0.0000000000
22681  47.222  -47.676  -32.364 0.0000000000
22682  47.008  -47.597  -31.947 0.0000000000
22683  41.900  -46.817  -32.662 0.0000000000
22684  41.038  -46.822  -32.755 0.0000000000
22685  40.547  -46.774  -32.858 0.0000000000
22687  47.794  -47.616  -33.676 0.0000000000
22688  47.461  -48.180  -33.034 0.0000000000
22689  43.098  -47.136  -33.238 0.0000000000
22690  42.371  -47.362  -33.032 0.0000000000
22691  41.543  -47.454  -33.035 0.0000000000
22692  40.519  -47.256  -33.129 0.0000000000
22693  39.476  -47.312  -33.342 0.0000000000
22703  48.403  -47.647  -34.695 0.0000000000
22704  47.960  -48.226  -34.149 0.0000000000
22705  44.837  -46.832  -34.594 0.0000000000
22706  44.346  -47.668  -34.452 0.0000000000
22707  43.425  -47.523  -33.911 0.0000000000
22708  42.652  -47.582  -33.611 0.0000000000
22709  48.478  -47.758  -35.136 0.0000000000
22710  45.821  -47.400  -35.733 0.0000000000
22711  45.134  -47.454  -35.060 0.0000000000
22712  44.644  -48.049  -34.807 0.0000000000
22713  48.510  -47.524  -35.627 0.0000000000
22714  48.062  -47.459  -36.117 0.0000000000
22715  47.298  -47.426  -36.274 0.0000000000
22716  46.523  -47.392  -36.113 0.0000000000
23541  44.722  -46.493  -26.844 0.0000000000
23553  46.152  -47.080  -27.227 0.0000000000
23554  45.176  -47.082  -27.326 0.0000000000
23555  44.540  -46.704  -27.742 0.0000000000
23565  44.525  -46.786  -28.469 0.0000000000
23572  45.258  -46.523  -29.622 0.0000000000
23573  44.684  -46.901  -29.152 0.0000000000
23579  46.174  -46.405  -31.031 0.0000000000
23580  45.647  -46.708  -30.351 0.0000000000
23584  47.153  -46.113  -32.009 0.0000000000
23585  46.548  -46.732  -31.565 0.0000000000
23587  47.436  -46.561  -32.560 0.0000000000
23588  46.920  -47.079  -32.072 0.0000000000
23589  43.106  -45.947  -32.645 0.0000000000
23590  42.285  -46.046  -32.560 0.0000000000
23591  41.393  -46.094  -32.636 0.0000000000
23592  40.426  -46.190  -32.709 0.0000000000
23593  39.847  -45.948  -32.656 0.0000000000
23595  48.835  -46.103  -33.915 0.0000000000
23596  48.183  -46.544  -33.608 0.0000000000
23597  47.628  -47.077  -33.113 0.0000000000
23598  44.072  -46.091  -33.362 0.0000000000
23599  43.501  -46.486  -32.946 0.0000000000
23600  42.752  -46.711  -32.717 0.0000000000
23601  40.277  -46.677  -32.908 0.0000000000
23602  39.678  -46.402  -32.881 0.0000000000
23612  48.913  -46.432  -34.553 0.0000000000
23613  48.296  -47.042  -34.170 0.0000000000
23614  44.981  -45.958  -34.528 0.0000000000
23615  44.278  -46.611  -34.050 0.0000000000
23616  43.669  -46.772  -33.512 0.0000000000
23622  49.509  -45.912  -35.698 0.0000000000
23623  48.994  -46.774  -35.285 0.0000000000
23624  45.766  -46.256  -35.593 0.0000000000
23625  45.257  -46.385  -34.997 0.0000000000
23626  49.458  -45.788  -36.179 0.0000000000
23627  48.831  -46.301  -36.337 0.0000000000
23628  47.845  -46.583  -36.574 0.0000000000
23629  46.997  -46.270  -36.511 0.0000000000
23630  46.308  -46.541  -36.044 0.0000000000
23631  48.470  -45.633  -36.671 0.0000000000
23632  48.072  -45.837  -36.777 0.0000000000
23633  47.555  -46.002  -36.774 0.0000000000
24488  44.363  -45.885  -26.335 0.0000000000
24489  43.808  -45.278  -26.468 0.0000000000
24494  44.208  -45.772  -27.182 0.0000000000
24495  43.894  -45.043  -27.036 0.0000000000
24500  44.945  -45.280  -28.691 0.0000000000
24501  44.550  -45.706  -28.258 0.0000000000
24507  45.147  -45.750  -29.053 0.0000000000
24508  44.706  -46.329  -28.708 0.0000000000
24512  46.132  -45.601  -30.665 0.0000000000
24513  45.678  -45.671  -29.903 0.0000000000
24517  47.326  -45.251  -31.977 0.0000000000
24518  46.692  -45.592  -31.443 0.0000000000
24520  48.376  -45.401  -32.952 0.0000000000
24521  47.788  -45.481  -32.553 0.0000000000
24522  44.006  -45.171  -32.726 0.0000000000
24523  43.462  -45.228  -32.617 0.0000000000
24524  42.704  -45.260  -32.526 0.0000000000
24525  41.838  -45.270  -32.523 0.0000000000
24526  40.906  -45.274  -32.648 0.0000000000
24527  39.880  -45.266  -32.652 0.0000000000
24528  39.344  -44.810  -32.686 0.0000000000
24530  49.149  -45.368  -33.659 0.0000000000
24531  48.686  -45.648  -33.311 0.0000000000
24532  47.954  -46.052  -33.108 0.0000000000
24533  44.324  -45.333  -33.102 0.0000000000
24534  43.808  -45.758  -32.818 0.0000000000
24535  39.557  -45.770  -32.714 0.0000000000
24536  38.984  -45.352  -32.828 0.0000000000
24542  49.286  -45.485  -34.226 0.0000000000
24543  45.200  -45.066  -34.513 0.0000000000
24544  44.657  -45.407  -33.864 0.0000000000
24551  49.633  -45.198  -35.441 0.0000000000
24552  49.491  -45.622  -34.943 0.0000000000
24553  45.947  -45.180  -35.748 0.0000000000
24554  45.488  -45.372  -35.165 0.0000000000
24555  49.704  -45.274  -35.963 0.0000000000
24556  49.291  -45.322  -36.381 0.0000000000
24557  46.864  -45.485  -36.577 0.0000000000
24558  46.480  -45.436  -36.148 0.0000000000
24559  48.751  -45.218  -36.610 0.0000000000
24560  48.159  -45.127  -36.715 0.0000000000
24561  47.395  -45.300  -36.806 0.0000000000
24562  46.832  -45.000  -36.603 0.0000000000
25371  43.547  -44.560  -26.727 0.0000000000
25376  44.153  -44.982  -27.621 0.0000000000
25377  43.839  -44.533  -27.290 0.0000000000
25381  44.842  -44.911  -28.562 0.0000000000
25382  44.559  -44.586  -28.220 0.0000000000
25387  45.230  -44.724  -28.946 0.0000000000
25390  46.069  -44.794  -30.215 0.0000000000
25391  45.704  -44.590  -29.549 0.0000000000
25396  47.139  -44.687  -31.654 0.0000000000
25397  46.603  -44.457  -30.949 0.0000000000
25400  49.007  -44.650  -32.802 0.0000000000
25401  48.580  -44.750  -32.767 0.0000000000
25402  47.779  -44.421  -32.249 0.0000000000
25403  44.306  -44.782  -32.839 0.0000000000
25404  43.874  -44.622  -32.603 0.0000000000
25405  43.180  -44.525  -32.504 0.0000000000
25406  42.349  -44.457  -32.447 0.0000000000
25407  41.452  -44.400  -32.526 0.0000000000
25408  40.524  -44.352  -32.612 0.0000000000
25409  39.683  -44.264  -32.647 0.0000000000
25412  49.144  -44.864  -33.091 0.0000000000
25413  48.787  -45.203  -32.926 0.0000000000
25414  44.647  -44.583  -33.302 0.0000000000
25415  38.979  -44.285  -32.727 0.0000000000
25421  49.356  -44.697  -33.803 0.0000000000
25422  45.487  -44.324  -34.952 0.0000000000
25423  45.162  -44.205  -34.076 0.0000000000
25431  49.555  -44.633  -35.069 0.0000000000
25432  49.482  -44.668  -34.471 0.0000000000
25433  46.288  -44.429  -35.991 0.0000000000
25434  45.839  -44.402  -35.576 0.0000000000
25435  49.558  -44.562  -35.659 0.0000000000
25436  49.525  -44.774  -36.156 0.0000000000
25437  46.644  -44.434  -36.436 0.0000000000
25438  49.455  -44.305  -36.077 0.0000000000
25439  49.125  -44.518  -36.380 0.0000000000
25440  48.520  -44.443  -36.543 0.0000000000
25441  47.851  -44.448  -36.694 0.0000000000
25442  47.159  -44.445  -36.766 0.0000000000
26160  43.287  -43.733  -26.517 0.0000000000
26166  44.189  -44.098  -27.768 0.0000000000
26167  43.726  -43.821  -27.234 0.0000000000
26172  44.996  -44.257  -28.682 0.0000000000
26173  44.733  -43.531  -28.460 0.0000000000
26178  45.962  -43.367  -29.585 0.0000000000
26179  45.521  -43.588  -29.271 0.0000000000
26180  44.953  -42.764  -29.017 0.0000000000
26183  46.152  -43.679  -29.987 0.0000000000
26184  45.853  -43.941  -29.567 0.0000000000
26188  47.332  -43.774  -31.589 0.0000000000
26189  46.857  -43.163  -30.907 0.0000000000
26191  49.061  -44.290  -32.804 0.0000000000
26192  48.538  -43.855  -32.633 0.0000000000
26193  47.899  -43.288  -32.298 0.0000000000
26194  44.379  -44.115  -32.765 0.0000000000
26195  43.731  -43.860  -32.524 0.0000000000
26196  42.932  -43.691  -32.465 0.0000000000
26197  42.049  -43.553  -32.420 0.0000000000
26198  41.117  -43.455  -32.472 0.0000000000
26199  40.199  -43.400  -32.563 0.0000000000
26200  39.345  -43.388  -32.664 0.0000000000
26202  49.303  -44.063  -33.317 0.0000000000
26203  44.799  -43.594  -33.331 0.0000000000
26209  49.441  -43.831  -34.010 0.0000000000
26210  45.485  -43.357  -34.780 0.0000000000
26211  45.185  -43.006  -34.050 0.0000000000
26219  49.463  -43.908  -35.322 0.0000000000
26220  49.471  -43.791  -34.740 0.0000000000
26221  46.127  -43.569  -35.919 0.0000000000
26222  45.765  -43.521  -35.433 0.0000000000
26223  49.402  -43.877  -35.777 0.0000000000
26224  49.308  -43.557  -36.028 0.0000000000
26225  46.418  -43.609  -36.411 0.0000000000
26226  49.241  -43.969  -36.143 0.0000000000
26227  48.994  -43.704  -36.384 0.0000000000
26228  48.330  -43.691  -36.653 0.0000000000
26229  47.629  -43.706  -36.904 0.0000000000
26230  46.878  -43.687  -36.883 0.0000000000
26961  43.099  -42.700  -26.283 0.0000000000
26967  44.261  -43.080  -27.759 0.0000000000
26968  43.677  -42.813  -27.099 0.0000000000
26972  44.653  -42.407  -28.466 0.0000000000
26974  46.026  -42.833  -29.611 0.0000000000
26975  45.408  -42.344  -29.368 0.0000000000
26976  44.869  -41.957  -29.086 0.0000000000
26979  46.449  -42.446  -30.301 0.0000000000
26984  47.466  -42.641  -31.657 0.0000000000
26985  47.012  -42.015  -31.032 0.0000000000
26988  49.102  -43.618  -32.871 0.0000000000
26989  48.680  -42.880  -32.779 0.0000000000
26990  47.904  -42.225  -32.481 0.0000000000
26991  44.309  -43.223  -32.740 0.0000000000
26992  43.561  -42.998  -32.556 0.0000000000
26993  42.730  -42.756  -32.520 0.0000000000
26994  41.782  -42.533  -32.467 0.0000000000
26995  40.784  -42.440  -32.470 0.0000000000
26996  39.845  -42.443  -32.566 0.0000000000
26997  38.983  -42.453  -32.651 0.0000000000
27000  49.194  -43.200  -33.431 0.0000000000
27001  48.909  -42.293  -33.459 0.0000000000
27002  44.652  -42.461  -33.410 0.0000000000
27009  49.184  -42.727  -34.306 0.0000000000
27010  48.857  -41.950  -33.977 0.0000000000
27011  45.448  -42.387  -34.770 0.0000000000
27012  45.125  -42.072  -34.151 0.0000000000
27020  49.411  -43.542  -35.518 0.0000000000
27021  49.399  -43.050  -35.260 0.0000000000
27022  45.988  -42.774  -35.820 0.0000000000
27023  45.706  -42.686  -35.357 0.0000000000
27024  49.380  -43.381  -35.719 0.0000000000
27025  49.355  -42.920  -36.036 0.0000000000
27026  46.231  -42.711  -36.362 0.0000000000
27027  48.822  -42.906  -36.570 0.0000000000
27028  48.179  -42.884  -36.958 0.0000000000
27029  47.421  -42.786  -37.115 0.0000000000
27030  46.648  -42.734  -36.951 0.0000000000
27798  43.088  -41.604  -26.218 0.0000000000
27807  44.311  -41.811  -27.706 0.0000000000
27808  43.606  -41.748  -26.905 0.0000000000
27816  44.927  -40.871  -29.052 0.0000000000
27817  44.762  -41.365  -28.707 0.0000000000
27819  46.089  -41.647  -29.700 0.0000000000
27820  45.191  -41.330  -29.293 0.0000000000
27821  44.862  -41.547  -29.097 0.0000000000
27824  46.587  -41.369  -30.499 0.0000000000
27829  47.505  -41.420  -31.835 0.0000000000
27830  47.065  -41.055  -31.108 0.0000000000
27835  48.505  -41.929  -32.922 0.0000000000
27836  48.063  -41.162  -32.687 0.0000000000
27837  44.105  -42.449  -32.769 0.0000000000
27838  43.466  -42.071  -32.745 0.0000000000
27839  42.577  -41.703  -32.720 0.0000000000
27840  41.463  -41.313  -32.721 0.0000000000
27841  40.385  -41.472  -32.577 0.0000000000
27842  39.482  -41.458  -32.483 0.0000000000
27848  48.553  -41.259  -33.517 0.0000000000
27849  48.242  -40.692  -33.077 0.0000000000
27850  44.093  -41.812  -33.217 0.0000000000
27851  43.477  -41.075  -33.516 0.0000000000
27852  42.392  -40.782  -33.198 0.0000000000
27853  41.778  -40.622  -33.104 0.0000000000
27860  49.238  -42.295  -34.913 0.0000000000
27861  48.921  -41.505  -34.578 0.0000000000
27862  45.250  -41.449  -34.832 0.0000000000
27863  44.582  -41.220  -34.004 0.0000000000
27864  44.106  -40.623  -33.993 0.0000000000
27872  49.254  -41.977  -35.489 0.0000000000
27873  48.994  -41.094  -35.322 0.0000000000
27874  45.878  -42.283  -35.703 0.0000000000
27875  45.647  -41.802  -35.525 0.0000000000
27876  49.144  -41.978  -36.378 0.0000000000
27877  48.642  -41.634  -36.609 0.0000000000
27878  46.029  -41.912  -36.121 0.0000000000
27879  45.601  -41.243  -36.231 0.0000000000
27880  48.610  -42.231  -36.748 0.0000000000
27881  48.076  -41.817  -36.954 0.0000000000
27882  47.216  -41.722  -37.187 0.0000000000
27883  46.394  -41.626  -36.866 0.0000000000
28721  43.427  -40.930  -26.731 0.0000000000
28722  42.769  -40.519  -26.378 0.0000000000
28734  44.541  -40.620  -28.085 0.0000000000
28735  44.023  -40.668  -27.316 0.0000000000
28736  43.342  -40.212  -27.071 0.0000000000
28745  45.178  -40.388  -29.245 0.0000000000
28746  44.841  -40.418  -28.751 0.0000000000
28752  46.280  -40.804  -30.144 0.0000000000
28753  45.740  -40.517  -29.785 0.0000000000
28759  46.616  -40.220  -30.736 0.0000000000
28760  46.099  -40.338  -30.280 0.0000000000
28768  47.682  -40.599  -32.255 0.0000000000
28769  47.291  -40.277  -31.706 0.0000000000
28774  47.930  -40.110  -32.801 0.0000000000
28775  47.551  -40.102  -32.319 0.0000000000
28776  40.740  -40.762  -32.771 0.0000000000
28777  40.127  -40.347  -32.315 0.0000000000
28784  48.423  -40.343  -34.147 0.0000000000
28785  48.253  -40.337  -33.406 0.0000000000
28786  43.076  -39.848  -33.596 0.0000000000
28787  42.070  -39.997  -33.273 0.0000000000
28788  41.256  -40.303  -33.038 0.0000000000
28789  40.741  -40.283  -32.692 0.0000000000
28799  48.654  -40.492  -34.980 0.0000000000
28800  44.848  -40.718  -35.000 0.0000000000
28801  44.313  -40.112  -34.710 0.0000000000
28802  43.862  -40.143  -33.956 0.0000000000
28813  49.112  -41.176  -36.004 0.0000000000
28814  48.659  -40.506  -35.726 0.0000000000
28815  45.149  -40.861  -35.807 0.0000000000
28816  44.564  -40.201  -35.694 0.0000000000
28820  48.855  -41.389  -36.371 0.0000000000
28821  48.481  -40.950  -36.435 0.0000000000
28822  45.916  -41.124  -36.657 0.0000000000
28823  45.451  -40.340  -36.749 0.0000000000
28824  44.823  -40.175  -36.384 0.0000000000
28825  47.791  -40.747  -36.912 0.0000000000
28826  46.963  -40.618  -37.212 0.0000000000
28827  46.167  -40.341  -36.971 0.0000000000
28828  45.804  -39.841  -37.011 0.0000000000
29748  44.289  -40.044  -27.825 0.0000000000
29749  43.731  -39.568  -27.704 0.0000000000
29750  42.841  -39.291  -27.059 0.0000000000
29759  44.995  -39.773  -28.998 0.0000000000
29760  44.430  -39.506  -28.544 0.0000000000
29761  43.737  -38.940  -28.391 0.0000000000
29769  45.319  -39.391  -29.632 0.0000000000
29770  44.902  -39.217  -29.087 0.0000000000
29778  46.298  -39.110  -30.864 0.0000000000
29779  45.892  -39.730  -30.356 0.0000000000
29789  46.728  -39.307  -31.601 0.0000000000
29794  47.723  -39.512  -32.979 0.0000000000
29795  47.263  -39.475  -32.560 0.0000000000
29796  40.210  -39.058  -32.403 0.0000000000
29803  48.122  -39.712  -34.254 0.0000000000
29804  47.804  -39.467  -33.647 0.0000000000
29805  47.512  -39.277  -33.122 0.0000000000
29806  43.122  -38.779  -33.882 0.0000000000
29807  42.370  -39.066  -33.495 0.0000000000
29808  41.533  -39.303  -33.157 0.0000000000
29809  40.809  -39.656  -32.726 0.0000000000
29819  48.232  -39.845  -34.755 0.0000000000
29820  47.793  -39.370  -34.520 0.0000000000
29821  44.169  -39.449  -34.979 0.0000000000
29822  43.881  -39.215  -34.457 0.0000000000
29833  48.274  -39.909  -35.426 0.0000000000
29834  47.858  -39.455  -35.208 0.0000000000
29835  44.307  -39.331  -35.617 0.0000000000
29836  44.118  -39.100  -35.154 0.0000000000
29840  48.001  -39.898  -36.163 0.0000000000
29841  47.919  -39.585  -35.665 0.0000000000
29842  44.977  -39.436  -36.785 0.0000000000
29843  44.582  -39.612  -36.254 0.0000000000
29847  47.459  -39.820  -36.844 0.0000000000
29848  46.643  -39.460  -37.214 0.0000000000
29849  46.015  -39.476  -37.194 0.0000000000
29850  45.590  -39.315  -37.128 0.0000000000
29851  46.423  -38.885  -37.408 0.0000000000
29852  46.143  -38.984  -37.443 0.0000000000
29853  45.865  -39.058  -37.380 0.0000000000
30833  42.263  -38.304  -26.669 0.0000000000
30852  43.258  -38.393  -27.873 0.0000000000
30853  42.770  -38.369  -27.269 0.0000000000
30865  43.966  -38.734  -28.911 0.0000000000
30866  43.639  -38.247  -28.691 0.0000000000
30876  45.126  -38.623  -30.001 0.0000000000
30877  44.416  -38.483  -29.577 0.0000000000
30878  43.876  -38.260  -29.154 0.0000000000
30886  46.091  -38.491  -30.970 0.0000000000
30887  45.653  -38.645  -30.504 0.0000000000
30888  44.885  -38.221  -30.536 0.0000000000
30899  46.292  -38.511  -31.468 0.0000000000
30900  45.700  -38.035  -31.376 0.0000000000
30901  45.269  -38.158  -30.977 0.0000000000
30906  46.466  -38.355  -32.391 0.0000000000
30907  46.122  -38.015  -31.835 0.0000000000
30908  40.286  -38.012  -32.663 0.0000000000
30916  47.363  -38.872  -33.820 0.0000000000
30917  47.105  -38.698  -33.399 0.0000000000
30918  42.836  -38.389  -34.243 0.0000000000
30919  42.483  -38.352  -33.896 0.0000000000
30920  41.744  -38.160  -33.468 0.0000000000
30921  40.970  -38.572  -32.846 0.0000000000
30932  47.418  -38.754  -34.287 0.0000000000
30933  47.260  -38.506  -33.948 0.0000000000
30934  43.239  -38.447  -34.657 0.0000000000
30935  42.542  -37.864  -34.537 0.0000000000
30936  42.123  -37.926  -33.984 0.0000000000
30947  47.589  -38.835  -34.994 0.0000000000
30948  44.294  -38.842  -35.899 0.0000000000
30949  43.960  -38.415  -35.607 0.0000000000
30950  43.141  -37.892  -35.201 0.0000000000
30956  47.791  -39.424  -36.157 0.0000000000
30957  47.642  -39.026  -35.904 0.0000000000
30958  44.914  -38.976  -36.824 0.0000000000
30959  44.569  -38.760  -36.464 0.0000000000
30960  44.202  -38.140  -36.412 0.0000000000
30965  47.689  -39.394  -36.401 0.0000000000
30966  47.359  -38.844  -36.911 0.0000000000
30967  45.101  -38.729  -37.149 0.0000000000
30968  44.686  -38.174  -37.161 0.0000000000
30971  46.741  -38.647  -37.424 0.0000000000
30972  46.347  -38.575  -37.759 0.0000000000
30973  45.751  -38.561  -37.687 0.0000000000
31942  42.018  -37.224  -26.733 0.0000000000
31962  43.031  -37.690  -28.067 0.0000000000
31963  42.558  -37.559  -27.602 0.0000000000
31972  43.287  -37.696  -28.513 0.0000000000
31973  42.805  -37.308  -28.417 0.0000000000
31980  44.035  -37.681  -29.854 0.0000000000
31981  43.594  -37.482  -29.350 0.0000000000
31982  43.079  -37.323  -28.848 0.0000000000
31988  44.299  -37.377  -30.450 0.0000000000
31989  43.949  -37.291  -29.939 0.0000000000
31995  28.549  -37.299  -31.577 0.0000000000
32000  45.355  -37.650  -31.773 0.0000000000
32001  44.913  -37.603  -31.398 0.0000000000
32002  28.162  -37.219  -31.887 0.0000000000
32006  46.052  -37.788  -32.754 0.0000000000
32007  45.658  -37.528  -32.326 0.0000000000
32008  45.190  -37.408  -31.949 0.0000000000
32009  40.280  -37.407  -32.790 0.0000000000
32010  39.629  -37.426  -32.698 0.0000000000
32012  28.167  -37.361  -32.340 0.0000000000
32015  46.301  -37.700  -33.311 0.0000000000
32016  45.885  -37.496  -32.926 0.0000000000
32017  41.484  -37.585  -33.556 0.0000000000
32018  40.997  -37.278  -33.147 0.0000000000
32019  40.151  -37.003  -32.938 0.0000000000
32023  30.253  -37.284  -33.863 0.0000000000
32024  29.727  -37.508  -33.663 0.0000000000
32031  47.394  -38.345  -34.733 0.0000000000
32032  47.002  -37.795  -34.355 0.0000000000
32033  42.301  -37.051  -34.760 0.0000000000
32034  41.675  -37.322  -34.096 0.0000000000
32035  41.139  -36.835  -33.867 0.0000000000
32046  47.365  -38.104  -35.316 0.0000000000
32047  46.865  -37.236  -35.501 0.0000000000
32048  43.255  -37.385  -35.878 0.0000000000
32049  42.796  -37.216  -35.221 0.0000000000
32056  47.100  -37.702  -36.387 0.0000000000
32057  46.795  -36.950  -36.118 0.0000000000
32058  44.313  -38.007  -36.864 0.0000000000
32059  43.788  -37.481  -36.711 0.0000000000
32066  46.959  -37.912  -37.340 0.0000000000
32067  46.576  -37.606  -37.715 0.0000000000
32068  45.162  -37.851  -37.646 0.0000000000
32069  44.384  -37.443  -37.374 0.0000000000
32070  43.917  -37.062  -37.302 0.0000000000
32074  46.665  -38.130  -37.768 0.0000000000
32075  46.215  -37.856  -37.968 0.0000000000
32076  45.726  -37.820  -37.962 0.0000000000
32980  41.857  -36.492  -26.557 0.0000000000
32994  42.215  -36.401  -27.321 0.0000000000
33002  42.504  -36.635  -28.220 0.0000000000
33009  43.191  -36.401  -29.670 0.0000000000
33010  42.791  -36.729  -28.996 0.0000000000
33016  44.114  -36.413  -30.695 0.0000000000
33017  43.789  -36.639  -30.135 0.0000000000
33019  31.781  -36.385  -30.498 0.0000000000
33020  31.049  -36.471  -30.840 0.0000000000
33021  30.222  -36.532  -30.984 0.0000000000
33022  29.439  -36.557  -31.213 0.0000000000
33023  28.807  -36.592  -31.527 0.0000000000
33027  44.485  -36.551  -31.300 0.0000000000
33028  28.358  -36.536  -31.866 0.0000000000
33032  45.557  -36.552  -32.626 0.0000000000
33033  45.077  -36.707  -32.081 0.0000000000
33036  28.243  -36.510  -32.317 0.0000000000
33039  46.236  -36.659  -33.930 0.0000000000
33040  45.858  -36.809  -33.089 0.0000000000
33041  40.250  -36.633  -33.318 0.0000000000
33042  39.506  -36.485  -33.124 0.0000000000
33046  29.965  -36.745  -33.800 0.0000000000
33047  29.364  -36.757  -33.625 0.0000000000
33048  28.724  -36.685  -33.329 0.0000000000
33049  28.292  -36.573  -32.837 0.0000000000
33054  46.490  -36.503  -34.905 0.0000000000
33055  41.948  -36.417  -34.707 0.0000000000
33056  41.272  -36.370  -34.356 0.0000000000
33057  40.606  -36.384  -33.885 0.0000000000
33058  39.959  -36.153  -33.652 0.0000000000
33062  32.922  -36.562  -34.557 0.0000000000
33063  32.012  -36.568  -34.469 0.0000000000
33064  31.132  -36.576  -34.276 0.0000000000
33065  30.461  -36.657  -34.032 0.0000000000
33070  46.586  -36.347  -35.812 0.0000000000
33071  42.875  -36.710  -35.772 0.0000000000
33072  42.517  -36.380  -35.227 0.0000000000
33079  46.841  -37.211  -37.190 0.0000000000
33080  46.610  -36.559  -36.655 0.0000000000
33081  43.159  -36.423  -36.535 0.0000000000
33082  42.714  -36.098  -35.902 0.0000000000
33088  46.689  -37.369  -37.532 0.0000000000
33089  46.147  -36.893  -37.563 0.0000000000
33090  45.046  -36.758  -37.597 0.0000000000
33091  44.145  -36.527  -37.471 0.0000000000
33092  43.637  -36.648  -37.158 0.0000000000
33097  45.945  -37.461  -37.910 0.0000000000
33098  45.627  -37.363  -37.764 0.0000000000
33967  42.070  -35.665  -26.580 0.0000000000
33983  42.299  -35.616  -27.337 0.0000000000
33995  42.766  -35.079  -28.504 0.0000000000
33996  42.486  -35.612  -28.103 0.0000000000
34004  42.922  -35.527  -29.094 0.0000000000
34005  42.612  -36.126  -28.643 0.0000000000
34012  43.888  -36.008  -30.529 0.0000000000
34013  43.562  -35.495  -30.205 0.0000000000
34014  32.111  -35.497  -30.411 0.0000000000
34015  31.308  -35.434  -30.876 0.0000000000
34016  30.508  -35.682  -31.118 0.0000000000
34017  29.700  -35.618  -31.372 0.0000000000
34018  29.028  -35.739  -31.616 0.0000000000
34019  28.588  -35.977  -31.833 0.0000000000
34023  44.056  -35.531  -31.072 0.0000000000
34024  43.758  -35.022  -30.766 0.0000000000
34025  30.698  -34.980  -31.246 0.0000000000
34026  30.111  -35.029  -31.428 0.0000000000
34027  29.711  -35.043  -31.509 0.0000000000
34028  28.612  -35.356  -31.946 0.0000000000
34029  28.372  -35.649  -32.269 0.0000000000
34034  45.917  -35.080  -32.922 0.0000000000
34035  45.543  -35.602  -32.572 0.0000000000
34036  44.804  -35.600  -31.829 0.0000000000
34037  28.293  -35.649  -32.760 0.0000000000
34042  46.066  -35.595  -33.310 0.0000000000
34043  45.851  -36.128  -32.842 0.0000000000
34044  39.552  -35.536  -33.631 0.0000000000
34045  38.832  -35.592  -33.352 0.0000000000
34048  30.175  -36.273  -33.930 0.0000000000
34049  29.785  -36.080  -33.812 0.0000000000
34050  29.138  -35.882  -33.639 0.0000000000
34051  28.550  -35.513  -33.319 0.0000000000
34057  46.292  -35.485  -34.360 0.0000000000
34058  42.208  -35.880  -34.976 0.0000000000
34059  41.646  -35.485  -34.832 0.0000000000
34060  40.792  -35.609  -34.455 0.0000000000
34061  40.082  -35.598  -34.118 0.0000000000
34064  34.040  -35.622  -34.694 0.0000000000
34065  33.302  -35.666  -34.616 0.0000000000
34066  32.446  -35.617  -34.540 0.0000000000
34067  31.513  -35.596  -34.396 0.0000000000
34068  30.474  -35.671  -34.106 0.0000000000
34069  29.610  -35.242  -33.893 0.0000000000
34070  28.956  -35.040  -33.747 0.0000000000
34071  28.659  -34.856  -33.561 0.0000000000
34076  46.387  -35.425  -35.332 0.0000000000
34077  42.304  -35.413  -35.545 0.0000000000
34078  41.891  -34.939  -35.216 0.0000000000
34080  34.654  -35.527  -34.840 0.0000000000
34084  46.331  -35.449  -36.193 0.0000000000
34085  43.103  -35.682  -36.788 0.0000000000
34086  42.776  -35.553  -36.355 0.0000000000
34092  46.106  -35.535  -36.990 0.0000000000
34093  45.345  -35.657  -37.311 0.0000000000
34094  44.472  -35.640  -37.416 0.0000000000
34095  43.555  -35.664  -37.224 0.0000000000
34996  42.411  -34.702  -26.381 0.0000000000
35011  42.926  -34.194  -27.802 0.0000000000
35012  42.513  -34.827  -27.313 0.0000000000
35022  43.080  -34.416  -28.636 0.0000000000
35023  42.696  -34.798  -28.097 0.0000000000
35029  43.413  -34.439  -29.644 0.0000000000
35037  43.725  -34.449  -30.518 0.0000000000
35038  32.933  -34.009  -30.179 0.0000000000
35039  32.572  -34.586  -30.249 0.0000000000
35040  31.843  -34.573  -30.730 0.0000000000
35041  29.433  -35.033  -31.580 0.0000000000
35042  29.253  -35.284  -31.583 0.0000000000
35047  44.546  -34.476  -31.615 0.0000000000
35048  43.988  -34.645  -31.051 0.0000000000
35049  31.136  -34.376  -31.153 0.0000000000
35050  30.397  -34.307  -31.487 0.0000000000
35051  29.651  -34.464  -31.650 0.0000000000
35052  28.940  -34.727  -31.808 0.0000000000
35053  28.425  -34.683  -32.317 0.0000000000
35059  46.034  -34.745  -33.205 0.0000000000
35060  45.538  -34.518  -32.984 0.0000000000
35061  45.031  -34.795  -32.345 0.0000000000
35062  28.209  -34.774  -32.739 0.0000000000
35069  46.135  -34.402  -33.853 0.0000000000
35070  45.979  -34.312  -33.302 0.0000000000
35071  39.211  -34.579  -33.652 0.0000000000
35072  38.325  -34.645  -33.511 0.0000000000
35073  37.468  -34.709  -33.497 0.0000000000
35074  36.694  -34.659  -33.583 0.0000000000
35075  28.242  -34.886  -33.107 0.0000000000
35080  46.261  -34.412  -34.874 0.0000000000
35081  40.994  -34.946  -34.742 0.0000000000
35082  40.314  -34.773  -34.484 0.0000000000
35083  39.748  -34.915  -34.027 0.0000000000
35084  35.898  -34.533  -33.893 0.0000000000
35085  35.365  -34.540  -34.571 0.0000000000
35086  33.604  -34.973  -34.673 0.0000000000
35087  32.906  -34.701  -34.647 0.0000000000
35088  31.980  -34.628  -34.576 0.0000000000
35089  31.035  -34.554  -34.377 0.0000000000
35090  30.084  -34.477  -34.169 0.0000000000
35091  29.271  -34.371  -34.006 0.0000000000
35092  28.737  -34.360  -33.737 0.0000000000
35093  28.432  -34.550  -33.422 0.0000000000
35096  46.261  -34.409  -35.761 0.0000000000
35097  41.964  -34.459  -35.618 0.0000000000
35098  41.399  -34.532  -35.102 0.0000000000
35099  40.778  -34.386  -34.843 0.0000000000
35100  34.860  -34.566  -34.966 0.0000000000
35101  34.152  -34.575  -34.797 0.0000000000
35102  33.490  -34.318  -34.729 0.0000000000
35107  46.047  -34.426  -36.522 0.0000000000
35108  42.966  -35.101  -36.880 0.0000000000
35109  42.487  -34.620  -36.339 0.0000000000
35115  45.489  -34.515  -37.032 0.0000000000
35116  44.738  -34.617  -37.235 0.0000000000
35117  43.968  -34.668  -37.376 0.0000000000
35118  43.302  -34.606  -37.199 0.0000000000
35119  42.783  -34.437  -36.992 0.0000000000
35877  43.420  -33.676  -25.856 0.0000000000
35878  42.789  -34.022  -26.195 0.0000000000
35891  43.202  -33.556  -26.528 0.0000000000
35892  42.788  -34.108  -26.827 0.0000000000
35906  43.189  -33.587  -27.280 0.0000000000
35907  42.837  -34.158  -27.305 0.0000000000
35918  43.302  -33.469  -28.163 0.0000000000
35924  43.404  -33.420  -29.139 0.0000000000
35931  43.664  -33.338  -30.256 0.0000000000
35932  33.236  -33.481  -30.120 0.0000000000
35933  32.583  -33.470  -30.543 0.0000000000
35934  32.179  -34.028  -30.624 0.0000000000
35940  44.393  -33.353  -31.756 0.0000000000
35941  44.093  -33.798  -31.068 0.0000000000
35942  32.230  -32.955  -30.819 0.0000000000
35943  31.743  -33.462  -30.971 0.0000000000
35944  30.828  -33.445  -31.512 0.0000000000
35945  29.981  -33.491  -31.835 0.0000000000
35946  29.119  -33.577  -31.941 0.0000000000
35947  28.445  -33.714  -32.271 0.0000000000
35954  45.259  -33.933  -33.184 0.0000000000
35955  44.859  -33.751  -32.597 0.0000000000
35956  28.059  -33.833  -32.707 0.0000000000
35962  46.035  -33.650  -33.928 0.0000000000
35963  45.723  -33.802  -33.504 0.0000000000
35964  45.088  -33.434  -33.470 0.0000000000
35965  39.354  -33.683  -33.865 0.0000000000
35966  38.744  -33.793  -33.624 0.0000000000
35967  37.801  -33.666  -33.613 0.0000000000
35968  37.142  -34.119  -33.575 0.0000000000
35969  28.040  -33.938  -33.224 0.0000000000
35974  46.088  -33.381  -34.548 0.0000000000
35975  45.721  -33.238  -34.068 0.0000000000
35976  45.417  -33.302  -33.801 0.0000000000
35977  40.278  -33.836  -34.755 0.0000000000
35978  39.734  -34.147  -34.204 0.0000000000
35979  37.426  -33.018  -33.713 0.0000000000
35980  36.700  -33.520  -33.723 0.0000000000
35981  35.698  -33.514  -34.260 0.0000000000
35982  33.045  -33.899  -34.763 0.0000000000
35983  32.405  -33.852  -34.736 0.0000000000
35984  31.579  -33.485  -34.757 0.0000000000
35985  30.552  -33.550  -34.481 0.0000000000
35986  29.598  -33.534  -34.271 0.0000000000
35987  28.778  -33.566  -34.024 0.0000000000
35988  28.386  -33.801  -33.625 0.0000000000
35993  46.149  -33.439  -35.379 0.0000000000
35994  42.079  -33.625  -36.104 0.0000000000
35995  41.463  -33.733  -35.487 0.0000000000
35996  40.907  -33.907  -35.092 0.0000000000
35997  35.190  -33.583  -34.954 0.0000000000
35998  34.492  -33.579  -35.114 0.0000000000
35999  33.609  -33.527  -35.047 0.0000000000
36000  32.714  -33.289  -35.082 0.0000000000
36001  32.154  -33.302  -34.991 0.0000000000
36008  46.048  -33.384  -36.151 0.0000000000
36009  42.553  -33.785  -36.772 0.0000000000
36014  45.551  -33.418  -36.718 0.0000000000
36015  44.934  -33.536  -37.112 0.0000000000
36016  44.212  -33.671  -37.298 0.0000000000
36017  43.508  -33.821  -37.294 0.0000000000
36018  42.983  -33.969  -37.191 0.0000000000
36735  44.153  -32.856  -26.105 0.0000000000
36736  43.596  -33.243  -26.313 0.0000000000
36750  44.044  -32.451  -26.657 0.0000000000
36751  43.625  -32.922  -26.776 0.0000000000
36764  43.577  -32.732  -27.602 0.0000000000
36774  43.477  -32.485  -28.556 0.0000000000
36781  43.369  -32.401  -29.607 0.0000000000
36790  43.441  -32.309  -30.491 0.0000000000
36791  33.589  -32.693  -30.007 0.0000000000
36792  33.138  -32.672  -30.498 0.0000000000
36798  44.228  -32.890  -31.798 0.0000000000
36799  43.856  -32.606  -31.433 0.0000000000
36800  32.635  -32.528  -30.822 0.0000000000
36801  32.039  -32.390  -31.089 0.0000000000
36802  31.259  -32.459  -31.482 0.0000000000
36803  30.401  -32.504  -31.909 0.0000000000
36804  29.475  -32.533  -32.125 0.0000000000
36805  28.499  -32.539  -32.287 0.0000000000
36806  27.791  -32.076  -32.511 0.0000000000
36814  44.317  -32.758  -32.282 0.0000000000
36815  43.835  -32.043  -32.329 0.0000000000
36816  27.897  -32.883  -32.602 0.0000000000
36817  27.325  -32.138  -32.771 0.0000000000
36822  44.644  -32.750  -33.212 0.0000000000
36823  39.411  -33.339  -33.974 0.0000000000
36824  39.172  -33.248  -33.797 0.0000000000
36825  38.577  -33.149  -33.705 0.0000000000
36826  27.555  -32.972  -33.053 0.0000000000
36827  27.150  -32.039  -33.305 0.0000000000
36830  46.042  -32.836  -34.721 0.0000000000
36831  45.813  -32.659  -34.571 0.0000000000
36832  45.191  -32.597  -34.045 0.0000000000
36833  40.111  -33.389  -34.874 0.0000000000
36834  39.648  -33.218  -34.443 0.0000000000
36835  39.061  -32.619  -33.891 0.0000000000
36836  38.110  -32.573  -33.788 0.0000000000
36837  37.170  -32.425  -33.887 0.0000000000
36838  36.231  -32.503  -34.136 0.0000000000
36839  31.500  -32.924  -35.023 0.0000000000
36840  31.001  -32.703  -34.943 0.0000000000
36841  30.010  -32.624  -34.531 0.0000000000
36842  28.990  -32.617  -34.354 0.0000000000
36843  27.951  -32.630  -33.799 0.0000000000
36844  27.224  -31.661  -33.782 0.0000000000
36852  45.983  -32.577  -35.108 0.0000000000
36853  45.795  -32.191  -34.939 0.0000000000
36854  42.064  -33.111  -36.119 0.0000000000
36855  41.694  -32.893  -35.864 0.0000000000
36856  40.629  -33.113  -35.208 0.0000000000
36857  39.907  -32.531  -35.089 0.0000000000
36858  35.521  -32.571  -34.747 0.0000000000
36859  34.955  -32.646  -35.355 0.0000000000
36860  34.108  -32.622  -35.511 0.0000000000
36861  33.124  -32.547  -35.482 0.0000000000
36862  31.933  -32.585  -35.296 0.0000000000
36863  31.129  -31.910  -35.310 0.0000000000
36871  45.958  -32.539  -35.785 0.0000000000
36872  42.317  -32.900  -36.468 0.0000000000
36873  41.963  -32.465  -36.206 0.0000000000
36876  45.611  -32.264  -36.455 0.0000000000
36877  45.110  -32.440  -37.015 0.0000000000
36878  44.399  -32.588  -37.189 0.0000000000
36879  43.637  -32.818  -37.239 0.0000000000
36880  42.940  -33.222  -37.130 0.0000000000
37617  44.754  -32.401  -25.969 0.0000000000
37634  44.559  -31.825  -26.724 0.0000000000
37635  43.898  -32.293  -27.088 0.0000000000
37649  44.228  -31.214  -27.348 0.0000000000
37650  43.779  -31.635  -27.764 0.0000000000
37662  43.161  -31.286  -29.091 0.0000000000
37663  42.872  -30.600  -29.496 0.0000000000
37670  43.032  -31.585  -30.160 0.0000000000
37671  42.725  -30.779  -29.974 0.0000000000
37673  33.793  -32.160  -29.840 0.0000000000
37679  43.175  -31.657  -31.066 0.0000000000
37680  42.699  -30.934  -30.817 0.0000000000
37681  33.864  -31.138  -29.878 0.0000000000
37682  33.503  -31.635  -30.377 0.0000000000
37683  33.062  -32.117  -30.791 0.0000000000
37689  43.362  -31.393  -32.001 0.0000000000
37690  42.861  -31.016  -31.523 0.0000000000
37691  33.237  -31.064  -30.943 0.0000000000
37692  32.738  -31.545  -31.150 0.0000000000
37693  31.739  -31.455  -31.536 0.0000000000
37694  30.844  -31.485  -31.899 0.0000000000
37695  29.957  -31.530  -32.277 0.0000000000
37696  28.994  -31.510  -32.347 0.0000000000
37697  28.128  -31.439  -32.441 0.0000000000
37698  27.427  -31.335  -32.605 0.0000000000
37704  44.184  -31.992  -32.985 0.0000000000
37705  43.819  -31.248  -32.798 0.0000000000
37706  26.843  -31.339  -32.903 0.0000000000
37711  44.630  -31.774  -33.711 0.0000000000
37712  44.291  -31.197  -33.354 0.0000000000
37713  26.834  -31.212  -33.498 0.0000000000
37717  45.532  -31.943  -34.717 0.0000000000
37718  45.094  -31.436  -34.420 0.0000000000
37719  39.416  -32.363  -34.574 0.0000000000
37720  38.859  -31.902  -34.301 0.0000000000
37721  37.896  -31.645  -34.193 0.0000000000
37722  36.875  -31.617  -34.377 0.0000000000
37723  36.009  -31.740  -34.617 0.0000000000
37724  30.401  -31.785  -34.908 0.0000000000
37725  29.449  -31.652  -34.591 0.0000000000
37726  28.426  -31.577  -34.394 0.0000000000
37727  27.564  -31.362  -34.182 0.0000000000
37728  26.955  -30.981  -34.037 0.0000000000
37735  45.851  -32.080  -35.563 0.0000000000
37736  45.727  -31.616  -35.348 0.0000000000
37737  41.145  -32.502  -35.627 0.0000000000
37738  40.608  -32.172  -35.518 0.0000000000
37739  39.664  -31.670  -35.245 0.0000000000
37740  38.693  -31.161  -34.872 0.0000000000
37741  37.665  -30.926  -34.883 0.0000000000
37742  36.561  -31.003  -35.174 0.0000000000
37743  35.537  -31.612  -35.351 0.0000000000
37744  34.700  -31.764  -35.827 0.0000000000
37745  33.707  -31.603  -35.910 0.0000000000
37746  32.653  -31.579  -35.732 0.0000000000
37747  31.680  -31.317  -35.571 0.0000000000
37748  30.778  -31.045  -35.332 0.0000000000
37755  45.796  -31.602  -36.014 0.0000000000
37756  45.808  -30.883  -35.914 0.0000000000
37757  42.178  -32.200  -36.518 0.0000000000
37758  41.566  -31.993  -36.050 0.0000000000
37759  40.708  -31.411  -35.966 0.0000000000
37760  40.011  -30.985  -35.933 0.0000000000
37761  36.036  -30.852  -35.783 0.0000000000
37762  35.335  -30.959  -36.070 0.0000000000
37763  34.457  -30.921  -36.211 0.0000000000
37764  33.740  -30.737  -36.199 0.0000000000
37767  45.601  -31.246  -36.594 0.0000000000
37768  45.286  -31.332  -37.063 0.0000000000
37769  44.651  -31.568  -37.230 0.0000000000
37770  43.845  -31.528  -37.365 0.0000000000
37771  42.853  -32.078  -37.093 0.0000000000
37775  44.891  -30.854  -37.383 0.0000000000
37776  44.415  -30.822  -37.558 0.0000000000
37777  44.002  -30.763  -37.723 0.0000000000
38575  45.093  -31.177  -26.750 0.0000000000
38590  44.673  -30.544  -27.391 0.0000000000
38591  44.024  -30.931  -27.641 0.0000000000
38605  44.219  -29.944  -28.162 0.0000000000
38606  43.695  -30.468  -28.321 0.0000000000
38607  43.087  -30.275  -29.164 0.0000000000
38617  42.705  -30.048  -29.823 0.0000000000
38625  42.566  -30.090  -30.652 0.0000000000
38626  33.745  -30.720  -30.153 0.0000000000
38627  33.437  -30.542  -30.700 0.0000000000
38635  42.933  -30.642  -32.060 0.0000000000
38636  42.661  -30.209  -31.569 0.0000000000
38637  33.020  -30.482  -31.305 0.0000000000
38638  32.224  -30.484  -31.624 0.0000000000
38639  31.309  -30.367  -31.990 0.0000000000
38640  30.440  -30.605  -32.268 0.0000000000
38641  29.499  -30.437  -32.494 0.0000000000
38642  28.542  -30.569  -32.556 0.0000000000
38643  27.810  -30.563  -32.633 0.0000000000
38644  27.114  -30.362  -32.804 0.0000000000
38645  27.022  -29.816  -32.943 0.0000000000
38651  43.354  -30.392  -32.708 0.0000000000
38652  42.848  -30.032  -32.314 0.0000000000
38653  31.181  -29.817  -32.160 0.0000000000
38654  30.789  -29.870  -32.266 0.0000000000
38655  30.165  -29.903  -32.453 0.0000000000
38656  26.689  -30.585  -33.185 0.0000000000
38657  26.774  -29.943  -33.022 0.0000000000
38662  44.685  -30.603  -34.040 0.0000000000
38663  44.161  -30.374  -33.243 0.0000000000
38664  26.755  -30.513  -33.733 0.0000000000
38665  26.702  -30.005  -33.482 0.0000000000
38672  45.487  -31.183  -34.958 0.0000000000
38673  45.294  -30.476  -34.798 0.0000000000
38674  29.966  -30.811  -34.838 0.0000000000
38675  28.915  -30.513  -34.603 0.0000000000
38676  27.914  -30.589  -34.437 0.0000000000
38677  27.291  -30.593  -34.270 0.0000000000
38678  26.925  -30.241  -34.136 0.0000000000
38679  26.784  -30.025  -34.098 0.0000000000
38688  45.683  -30.479  -35.496 0.0000000000
38689  45.511  -29.766  -35.256 0.0000000000
38690  39.338  -30.869  -35.543 0.0000000000
38691  38.543  -30.566  -35.623 0.0000000000
38692  37.505  -30.438  -35.723 0.0000000000
38693  36.684  -30.499  -35.899 0.0000000000
38694  33.139  -30.896  -36.005 0.0000000000
38695  32.341  -30.443  -35.833 0.0000000000
38696  31.287  -30.265  -35.574 0.0000000000
38697  30.400  -30.080  -35.218 0.0000000000
38698  29.607  -29.850  -34.838 0.0000000000
38703  45.789  -30.681  -36.462 0.0000000000
38704  45.911  -30.094  -36.255 0.0000000000
38705  42.167  -31.676  -36.719 0.0000000000
38706  41.579  -31.189  -36.651 0.0000000000
38707  40.697  -30.741  -36.618 0.0000000000
38708  39.586  -30.430  -36.425 0.0000000000
38709  38.416  -30.046  -36.578 0.0000000000
38710  37.240  -29.951  -36.370 0.0000000000
38711  36.123  -30.153  -36.297 0.0000000000
38712  35.066  -30.152  -36.417 0.0000000000
38713  34.146  -30.095  -36.414 0.0000000000
38714  33.239  -30.035  -36.174 0.0000000000
38715  32.553  -29.592  -35.981 0.0000000000
38719  45.652  -30.494  -37.159 0.0000000000
38720  45.223  -30.540  -37.419 0.0000000000
38721  43.220  -31.283  -37.406 0.0000000000
38722  42.538  -31.066  -37.331 0.0000000000
38723  41.600  -30.581  -37.457 0.0000000000
38724  40.542  -30.196  -37.514 0.0000000000
38725  39.456  -29.941  -37.355 0.0000000000
38726  38.713  -29.646  -37.461 0.0000000000
38730  45.381  -29.986  -37.790 0.0000000000
38731  44.844  -30.220  -37.848 0.0000000000
38732  44.250  -30.324  -38.120 0.0000000000
38733  43.494  -30.628  -38.004 0.0000000000
38734  42.519  -30.455  -38.314 0.0000000000
38735  41.545  -30.124  -38.462 0.0000000000
38736  40.743  -29.867  -38.331 0.0000000000
38740  44.956  -29.575  -38.160 0.0000000000
38741  44.563  -29.630  -38.665 0.0000000000
38742  44.064  -30.033  -38.927 0.0000000000
38743  43.353  -30.143  -39.125 0.0000000000
38744  42.488  -30.046  -39.366 0.0000000000
38745  41.731  -29.831  -39.261 0.0000000000
38749  44.408  -29.449  -39.578 0.0000000000
38750  43.990  -29.716  -39.822 0.0000000000
38751  43.398  -29.807  -40.135 0.0000000000
38752  42.713  -29.758  -40.152 0.0000000000
38757  44.488  -29.435  -40.319 0.0000000000
38758  44.192  -29.635  -40.672 0.0000000000
38759  43.725  -29.632  -40.926 0.0000000000
39537  45.226  -29.829  -27.557 0.0000000000
39551  45.410  -28.982  -28.352 0.0000000000
39552  44.816  -29.428  -28.221 0.0000000000
39553  43.946  -29.482  -28.925 0.0000000000
39554  43.428  -29.896  -28.964 0.0000000000
39564  43.687  -29.058  -29.472 0.0000000000
39565  43.228  -29.385  -29.566 0.0000000000
39573  42.763  -29.239  -30.456 0.0000000000
39583  42.618  -29.275  -31.380 0.0000000000
39584  32.619  -29.554  -31.605 0.0000000000
39585  31.763  -29.472  -31.995 0.0000000000
39586  31.398  -29.728  -32.097 0.0000000000
39587  28.771  -29.554  -32.764 0.0000000000
39588  28.171  -29.906  -32.755 0.0000000000
39589  27.656  -29.703  -32.843 0.0000000000
39590  27.238  -29.485  -32.971 0.0000000000
39591  27.090  -29.361  -32.944 0.0000000000
39596  43.089  -29.411  -32.815 0.0000000000
39597  42.723  -29.360  -32.190 0.0000000000
39598  31.485  -29.126  -32.158 0.0000000000
39599  31.160  -29.289  -32.219 0.0000000000
39600  30.387  -29.221  -32.415 0.0000000000
39601  29.617  -29.359  -32.624 0.0000000000
39602  26.822  -29.490  -33.299 0.0000000000
39606  44.458  -29.517  -33.873 0.0000000000
39607  43.832  -29.424  -33.203 0.0000000000
39608  26.709  -29.463  -33.688 0.0000000000
39617  45.060  -29.456  -34.711 0.0000000000
39618  28.874  -29.463  -34.699 0.0000000000
39619  28.144  -29.671  -34.561 0.0000000000
39620  27.334  -29.778  -34.367 0.0000000000
39621  26.843  -29.562  -34.173 0.0000000000
39622  26.658  -29.387  -34.013 0.0000000000
39632  45.738  -29.407  -35.968 0.0000000000
39633  45.421  -29.092  -35.437 0.0000000000
39634  31.771  -29.340  -35.735 0.0000000000
39635  30.777  -29.294  -35.459 0.0000000000
39636  29.932  -29.198  -35.165 0.0000000000
39637  29.323  -29.135  -34.918 0.0000000000
39641  46.017  -29.921  -36.967 0.0000000000
39642  45.981  -29.262  -36.799 0.0000000000
39643  37.875  -29.487  -37.128 0.0000000000
39644  36.852  -29.158  -36.692 0.0000000000
39645  35.652  -29.269  -36.538 0.0000000000
39646  34.639  -29.282  -36.524 0.0000000000
39647  33.732  -29.242  -36.427 0.0000000000
39648  32.972  -29.109  -36.181 0.0000000000
39649  32.374  -28.956  -35.954 0.0000000000
39653  45.689  -29.628  -37.565 0.0000000000
39654  45.843  -29.236  -37.379 0.0000000000
39655  40.091  -29.826  -38.028 0.0000000000
39656  39.387  -29.559  -38.120 0.0000000000
39657  38.454  -29.191  -38.076 0.0000000000
39658  37.644  -28.767  -37.472 0.0000000000
39662  45.207  -29.271  -38.019 0.0000000000
39663  41.154  -29.729  -38.892 0.0000000000
39664  40.347  -29.487  -38.771 0.0000000000
39665  39.355  -29.087  -38.910 0.0000000000
39666  38.545  -28.775  -38.780 0.0000000000
39670  44.851  -29.045  -38.780 0.0000000000
39671  44.690  -29.147  -39.419 0.0000000000
39672  42.129  -29.709  -39.825 0.0000000000
39673  41.349  -29.342  -39.641 0.0000000000
39674  40.358  -28.920  -39.442 0.0000000000
39675  39.701  -28.582  -39.457 0.0000000000
39680  45.001  -28.820  -39.803 0.0000000000
39681  44.861  -29.196  -40.189 0.0000000000
39682  43.150  -29.575  -40.656 0.0000000000
39683  42.389  -29.289  -40.539 0.0000000000
39684  41.607  -28.896  -40.365 0.0000000000
39690  45.415  -28.925  -40.700 0.0000000000
39691  44.978  -29.425  -41.040 0.0000000000
39692  44.341  -29.533  -41.478 0.0000000000
39693  43.409  -29.223  -41.411 0.0000000000
39694  42.621  -28.831  -41.235 0.0000000000
39697  45.642  -29.006  -41.528 0.0000000000
39698  45.183  -29.277  -42.077 0.0000000000
39699  44.305  -29.046  -42.204 0.0000000000
39700  43.595  -28.691  -42.127 0.0000000000
40529  45.076  -28.544  -28.984 0.0000000000
40530  44.499  -29.029  -28.981 0.0000000000
40541  44.753  -28.073  -29.447 0.0000000000
40542  44.122  -28.448  -29.581 0.0000000000
40543  43.538  -28.816  -29.715 0.0000000000
40551  43.824  -27.928  -30.156 0.0000000000
40552  43.311  -28.364  -30.267 0.0000000000
40562  42.822  -28.322  -31.230 0.0000000000
40565  28.516  -28.909  -32.886 0.0000000000
40566  28.113  -29.102  -32.903 0.0000000000
40567  27.532  -28.787  -33.134 0.0000000000
40568  27.135  -28.867  -33.332 0.0000000000
40569  27.008  -29.175  -33.275 0.0000000000
40574  42.869  -28.771  -32.741 0.0000000000
40575  42.735  -28.394  -32.233 0.0000000000
40576  31.481  -28.605  -32.225 0.0000000000
40577  30.687  -28.458  -32.431 0.0000000000
40578  29.862  -28.464  -32.672 0.0000000000
40579  28.972  -28.580  -32.917 0.0000000000
40580  28.272  -28.453  -33.037 0.0000000000
40581  27.926  -28.546  -33.094 0.0000000000
40582  26.893  -28.556  -33.698 0.0000000000
40583  26.846  -29.045  -33.494 0.0000000000
40587  44.138  -28.721  -33.757 0.0000000000
40588  43.316  -28.368  -33.436 0.0000000000
40589  42.865  -28.267  -32.909 0.0000000000
40590  26.754  -28.568  -34.042 0.0000000000
40591  26.657  -28.972  -33.824 0.0000000000
40599  44.552  -28.620  -34.472 0.0000000000
40600  44.012  -27.957  -34.239 0.0000000000
40601  28.849  -28.822  -34.856 0.0000000000
40602  28.305  -28.892  -34.698 0.0000000000
40603  27.604  -28.843  -34.518 0.0000000000
40604  26.995  -28.976  -34.275 0.0000000000
40605  26.690  -29.065  -34.090 0.0000000000
40613  45.483  -28.655  -35.965 0.0000000000
40614  44.962  -28.307  -35.438 0.0000000000
40615  44.348  -27.905  -34.954 0.0000000000
40616  31.907  -28.333  -35.773 0.0000000000
40617  31.072  -28.405  -35.574 0.0000000000
40618  30.156  -28.404  -35.384 0.0000000000
40619  29.239  -28.432  -35.151 0.0000000000
40620  28.434  -28.320  -34.945 0.0000000000
40621  27.932  -28.393  -34.735 0.0000000000
40625  45.679  -28.605  -36.650 0.0000000000
40626  45.178  -28.044  -36.459 0.0000000000
40627  37.084  -28.134  -36.904 0.0000000000
40628  36.105  -28.306  -36.646 0.0000000000
40629  35.074  -28.381  -36.550 0.0000000000
40630  34.117  -28.402  -36.481 0.0000000000
40631  33.303  -28.397  -36.280 0.0000000000
40632  32.611  -28.329  -36.018 0.0000000000
40635  45.426  -28.946  -37.860 0.0000000000
40636  45.522  -28.524  -37.625 0.0000000000
40637  45.329  -28.025  -37.182 0.0000000000
40638  37.997  -28.505  -38.293 0.0000000000
40639  37.565  -27.963  -37.704 0.0000000000
40643  44.965  -28.756  -38.363 0.0000000000
40644  45.051  -28.417  -38.486 0.0000000000
40645  38.983  -28.478  -39.275 0.0000000000
40652  44.923  -28.517  -39.219 0.0000000000
40653  45.049  -28.092  -39.514 0.0000000000
40654  40.983  -28.764  -40.031 0.0000000000
40662  45.354  -28.316  -40.290 0.0000000000
40663  45.285  -27.742  -40.321 0.0000000000
40664  42.017  -28.718  -40.890 0.0000000000
40672  45.747  -28.333  -41.306 0.0000000000
40673  43.018  -28.600  -41.712 0.0000000000
40678  45.676  -28.318  -42.248 0.0000000000
40679  45.021  -28.520  -42.673 0.0000000000
41491  44.629  -27.736  -29.703 0.0000000000
41500  44.845  -27.207  -29.876 0.0000000000
41501  44.282  -27.413  -30.130 0.0000000000
41502  43.655  -27.418  -30.547 0.0000000000
41513  43.127  -27.415  -31.069 0.0000000000
41517  27.396  -28.349  -33.381 0.0000000000
41518  27.264  -28.549  -33.362 0.0000000000
41524  42.802  -27.224  -32.026 0.0000000000
41529  28.468  -27.679  -33.161 0.0000000000
41530  27.750  -27.994  -33.355 0.0000000000
41531  27.250  -28.101  -33.602 0.0000000000
41536  43.056  -27.653  -33.761 0.0000000000
41537  42.798  -27.473  -33.155 0.0000000000
41538  26.982  -27.961  -33.963 0.0000000000
41548  43.381  -27.551  -34.211 0.0000000000
41549  42.960  -27.109  -34.117 0.0000000000
41550  27.577  -28.196  -34.612 0.0000000000
41551  27.211  -28.157  -34.365 0.0000000000
41560  44.310  -27.619  -35.594 0.0000000000
41561  43.574  -27.275  -35.164 0.0000000000
41562  43.168  -27.127  -34.651 0.0000000000
41563  32.162  -27.425  -35.846 0.0000000000
41564  31.323  -27.486  -35.650 0.0000000000
41565  30.410  -27.522  -35.521 0.0000000000
41566  29.460  -27.552  -35.412 0.0000000000
41567  28.543  -27.629  -35.201 0.0000000000
41568  27.852  -27.839  -34.832 0.0000000000
41569  27.484  -27.925  -34.596 0.0000000000
41574  44.575  -27.575  -36.281 0.0000000000
41575  43.901  -27.195  -36.192 0.0000000000
41577  36.432  -27.325  -36.611 0.0000000000
41578  35.438  -27.431  -36.479 0.0000000000
41579  34.436  -27.495  -36.407 0.0000000000
41580  33.507  -27.553  -36.256 0.0000000000
41581  32.852  -27.683  -36.056 0.0000000000
41584  45.072  -27.810  -37.876 0.0000000000
41585  44.596  -27.308  -37.323 0.0000000000
41586  44.218  -27.188  -36.751 0.0000000000
41591  44.965  -27.877  -38.763 0.0000000000
41592  44.652  -27.153  -38.497 0.0000000000
41598  45.025  -27.525  -39.860 0.0000000000
41599  44.798  -27.082  -39.493 0.0000000000
41605  45.550  -27.659  -41.074 0.0000000000
41606  45.166  -26.954  -40.805 0.0000000000
41607  44.957  -27.047  -40.118 0.0000000000
41616  45.738  -27.553  -41.918 0.0000000000
41617  45.555  -26.888  -41.717 0.0000000000
42440  44.892  -26.511  -30.220 0.0000000000
42441  44.103  -26.559  -30.679 0.0000000000
42442  43.482  -26.790  -30.949 0.0000000000
42451  43.687  -26.222  -31.114 0.0000000000
42452  43.152  -26.394  -31.497 0.0000000000
42460  42.760  -26.183  -32.155 0.0000000000
42468  27.489  -27.324  -33.660 0.0000000000
42475  42.591  -26.350  -32.845 0.0000000000
42477  27.236  -27.280  -33.930 0.0000000000
42487  42.681  -26.323  -33.825 0.0000000000
42489  27.328  -27.405  -34.329 0.0000000000
42496  43.173  -26.789  -35.417 0.0000000000
42497  42.890  -26.440  -35.010 0.0000000000
42498  32.118  -26.888  -35.887 0.0000000000
42499  31.597  -26.583  -35.850 0.0000000000
42500  30.661  -26.662  -35.655 0.0000000000
42503  27.791  -26.938  -34.949 0.0000000000
42504  27.502  -27.628  -34.581 0.0000000000
42510  43.200  -26.528  -36.021 0.0000000000
42511  42.839  -25.986  -35.744 0.0000000000
42515  34.723  -26.556  -36.370 0.0000000000
42516  33.695  -26.621  -36.286 0.0000000000
42517  32.544  -26.685  -36.058 0.0000000000
42523  44.240  -26.735  -37.518 0.0000000000
42524  43.820  -26.563  -37.144 0.0000000000
42530  44.260  -26.306  -38.057 0.0000000000
42531  43.896  -25.931  -37.678 0.0000000000
42538  44.549  -26.102  -39.335 0.0000000000
42546  44.899  -26.422  -40.209 0.0000000000
43503  44.779  -25.687  -30.780 0.0000000000
43504  44.127  -25.869  -31.050 0.0000000000
43514  44.407  -25.357  -31.227 0.0000000000
43515  43.736  -25.497  -31.451 0.0000000000
43516  43.031  -25.479  -31.935 0.0000000000
43525  42.653  -25.458  -32.569 0.0000000000
43542  42.500  -25.383  -33.375 0.0000000000
43558  42.486  -25.186  -34.443 0.0000000000
43567  42.647  -25.332  -35.514 0.0000000000
43577  43.262  -25.918  -36.800 0.0000000000
43578  42.899  -25.542  -36.330 0.0000000000
43592  43.483  -25.397  -37.448 0.0000000000
43593  43.148  -25.440  -36.889 0.0000000000
43602  43.980  -25.456  -38.039 0.0000000000
44522  44.935  -25.046  -31.227 0.0000000000
44534  44.470  -24.631  -31.579 0.0000000000
44535  43.543  -24.610  -32.001 0.0000000000
44536  42.925  -24.845  -32.333 0.0000000000
44547  43.137  -24.267  -32.515 0.0000000000
44548  42.675  -24.529  -32.926 0.0000000000
44566  42.476  -24.431  -33.692 0.0000000000
44584  42.445  -24.121  -34.376 0.0000000000
44597  42.523  -24.196  -35.256 0.0000000000
44605  42.760  -24.568  -36.170 0.0000000000
44621  43.071  -24.871  -36.883 0.0000000000
45632  45.135  -23.768  -31.872 0.0000000000
45633  44.243  -23.848  -32.157 0.0000000000
45634  43.580  -23.891  -32.447 0.0000000000
45647  44.816  -22.967  -32.460 0.0000000000
45648  43.903  -23.237  -32.637 0.0000000000
45649  43.114  -23.516  -32.996 0.0000000000
45650  42.657  -23.964  -33.324 0.0000000000
45664  42.951  -23.045  -33.444 0.0000000000
45665  42.612  -23.452  -33.790 0.0000000000
45682  42.531  -23.386  -34.707 0.0000000000
45698  42.683  -23.312  -35.371 0.0000000000
46792  45.556  -22.299  -32.646 0.0000000000
46793  44.867  -22.208  -32.865 0.0000000000
46794  44.127  -22.403  -33.030 0.0000000000
46795  43.616  -22.929  -32.988 0.0000000000
46807  43.738  -22.090  -33.390 0.0000000000
46808  43.343  -22.608  -33.355 0.0000000000
46809  42.869  -22.690  -33.730 0.0000000000
46822  42.686  -22.720  -34.315 0.0000000000
47874  46.074  -21.622  -32.843 0.0000000000
47875  45.190  -21.525  -33.117 0.0000000000
47876  44.595  -21.885  -33.139 0.0000000000
47886  44.920  -21.084  -33.468 0.0000000000
47887  44.199  -21.472  -33.644 0.0000000000
47888  43.369  -21.998  -33.680 0.0000000000
47889  43.082  -22.340  -33.668 0.0000000000
47901  43.325  -21.720  -34.318 0.0000000000
47902  42.896  -22.176  -34.001 0.0000000000
48968  46.435  -20.778  -33.073 0.0000000000
48969  45.802  -21.122  -33.094 0.0000000000
48983  46.098  -20.174  -33.377 0.0000000000
48984  45.501  -20.633  -33.439 0.0000000000
48985  44.825  -20.779  -33.760 0.0000000000
49969  47.362  -20.318  -33.187 0.0000000000
49970  46.979  -20.441  -33.103 0.0000000000
49981  46.781  -19.853  -33.361 0.0000000000
