#!ascii label  , from subject cvs_avg35_inMNI152 vox2ras=TkReg
1491
82321  47.475  8.481  -34.943 0.0000000000
82341  47.539  8.699  -35.976 0.0000000000
82351  47.790  9.079  -36.939 0.0000000000
82365  48.121  9.127  -37.552 0.0000000000
83393  50.283  9.859  -31.168 0.0000000000
83394  49.584  9.601  -31.655 0.0000000000
83395  48.954  9.272  -32.246 0.0000000000
83410  49.289  9.879  -32.510 0.0000000000
83411  48.589  9.650  -33.108 0.0000000000
83412  47.943  9.133  -33.616 0.0000000000
83443  48.115  9.789  -33.837 0.0000000000
83444  47.737  9.415  -34.389 0.0000000000
83471  47.539  9.570  -35.404 0.0000000000
83485  47.509  9.747  -36.371 0.0000000000
83491  47.568  9.948  -37.110 0.0000000000
83498  48.234  9.413  -37.974 0.0000000000
83499  47.879  9.763  -37.683 0.0000000000
83512  48.152  9.825  -38.226 0.0000000000
84461  52.261  10.785  -30.360 0.0000000000
84462  51.524  10.487  -30.695 0.0000000000
84463  50.839  10.241  -31.082 0.0000000000
84475  51.148  10.822  -31.204 0.0000000000
84476  50.443  10.678  -31.662 0.0000000000
84477  49.724  10.407  -32.257 0.0000000000
84492  50.024  11.190  -32.413 0.0000000000
84493  49.262  10.730  -33.090 0.0000000000
84494  48.780  10.330  -33.383 0.0000000000
84523  48.968  11.225  -33.611 0.0000000000
84524  48.454  10.678  -33.935 0.0000000000
84525  47.984  10.098  -34.230 0.0000000000
84544  48.112  11.021  -34.621 0.0000000000
84545  47.809  10.526  -34.856 0.0000000000
84556  47.538  10.597  -35.957 0.0000000000
84562  47.425  10.636  -36.886 0.0000000000
84569  47.577  10.573  -37.671 0.0000000000
84578  47.946  10.402  -38.342 0.0000000000
85567  52.726  11.318  -30.224 0.0000000000
85580  52.965  12.013  -30.422 0.0000000000
85581  52.208  11.608  -30.938 0.0000000000
85582  51.590  11.104  -31.119 0.0000000000
85596  51.846  12.136  -31.419 0.0000000000
85597  51.327  11.604  -31.539 0.0000000000
85598  50.638  11.704  -32.103 0.0000000000
85616  50.281  11.901  -32.553 0.0000000000
85617  49.862  11.719  -32.940 0.0000000000
85637  49.375  11.756  -33.475 0.0000000000
85638  48.837  11.771  -34.016 0.0000000000
85656  48.307  11.718  -34.784 0.0000000000
85657  47.979  11.210  -34.956 0.0000000000
85671  48.118  12.171  -35.364 0.0000000000
85672  47.812  11.614  -35.604 0.0000000000
85681  47.458  11.548  -36.650 0.0000000000
85687  47.434  11.469  -37.566 0.0000000000
85694  47.721  11.305  -38.387 0.0000000000
85704  48.188  10.959  -38.958 0.0000000000
86647  53.497  12.904  -29.485 0.0000000000
86658  53.284  12.873  -30.184 0.0000000000
86659  52.875  12.650  -30.914 0.0000000000
86669  52.240  12.656  -31.381 0.0000000000
86670  51.555  12.660  -31.916 0.0000000000
86671  51.058  12.164  -32.008 0.0000000000
86690  51.328  13.091  -32.393 0.0000000000
86691  50.747  12.655  -32.601 0.0000000000
86692  50.212  12.214  -32.833 0.0000000000
86708  50.446  13.080  -33.177 0.0000000000
86709  49.985  12.591  -33.291 0.0000000000
86710  49.274  12.605  -33.870 0.0000000000
86726  48.708  12.698  -34.494 0.0000000000
86741  48.323  12.749  -35.203 0.0000000000
86742  47.965  12.687  -35.802 0.0000000000
86754  47.629  12.544  -36.514 0.0000000000
86762  47.462  12.456  -37.411 0.0000000000
86769  47.597  12.342  -38.337 0.0000000000
86778  48.054  12.120  -39.335 0.0000000000
86789  48.375  12.528  -40.085 0.0000000000
87653  53.677  13.597  -29.066 0.0000000000
87664  53.501  13.612  -29.728 0.0000000000
87675  53.374  13.712  -30.243 0.0000000000
87676  53.174  13.546  -30.763 0.0000000000
87684  52.682  13.482  -31.312 0.0000000000
87685  52.110  13.455  -31.789 0.0000000000
87703  51.663  13.541  -32.285 0.0000000000
87704  51.241  13.561  -32.732 0.0000000000
87717  50.755  13.575  -33.156 0.0000000000
87718  50.187  13.587  -33.560 0.0000000000
87719  49.659  13.248  -33.777 0.0000000000
87735  49.711  13.887  -33.942 0.0000000000
87736  49.170  13.610  -34.267 0.0000000000
87752  48.651  13.714  -35.051 0.0000000000
87753  48.224  13.565  -35.726 0.0000000000
87771  47.833  13.526  -36.406 0.0000000000
87783  47.577  13.456  -37.223 0.0000000000
87789  47.521  13.393  -38.143 0.0000000000
87797  47.696  13.306  -39.135 0.0000000000
87807  47.957  13.197  -40.027 0.0000000000
88648  53.930  14.466  -28.659 0.0000000000
88653  53.658  14.415  -29.414 0.0000000000
88664  53.453  14.253  -29.970 0.0000000000
88675  53.275  14.368  -30.487 0.0000000000
88676  52.954  14.354  -31.106 0.0000000000
88685  52.410  14.375  -31.699 0.0000000000
88686  51.996  14.093  -32.152 0.0000000000
88706  52.095  14.721  -32.249 0.0000000000
88707  51.657  14.441  -32.730 0.0000000000
88708  51.125  14.165  -33.125 0.0000000000
88726  51.240  14.808  -33.328 0.0000000000
88727  50.642  14.503  -33.639 0.0000000000
88728  50.069  14.297  -33.922 0.0000000000
88745  50.227  14.848  -34.155 0.0000000000
88746  49.661  14.609  -34.454 0.0000000000
88747  49.066  14.347  -34.787 0.0000000000
88762  49.297  14.924  -35.031 0.0000000000
88763  48.848  14.734  -35.373 0.0000000000
88764  48.474  14.272  -35.646 0.0000000000
88783  48.533  14.873  -35.842 0.0000000000
88784  48.133  14.495  -36.213 0.0000000000
88798  47.732  14.420  -36.981 0.0000000000
88807  47.552  14.410  -37.851 0.0000000000
88814  47.523  14.383  -38.844 0.0000000000
88821  48.046  13.777  -40.555 0.0000000000
88822  47.637  14.355  -40.099 0.0000000000
88829  48.361  14.395  -41.279 0.0000000000
88830  47.769  14.943  -40.768 0.0000000000
89604  53.408  15.469  -23.409 0.0000000000
89605  53.028  15.489  -23.959 0.0000000000
89612  52.700  15.522  -24.523 0.0000000000
89618  52.353  15.590  -25.183 0.0000000000
89628  54.124  15.399  -28.227 0.0000000000
89632  53.889  15.407  -29.092 0.0000000000
89645  53.413  15.209  -29.969 0.0000000000
89667  53.055  15.201  -30.760 0.0000000000
89668  52.692  15.224  -31.333 0.0000000000
89687  52.386  15.390  -32.012 0.0000000000
89707  52.050  15.360  -32.655 0.0000000000
89708  51.649  15.414  -33.196 0.0000000000
89724  51.019  15.588  -33.878 0.0000000000
89725  50.531  15.153  -34.088 0.0000000000
89738  50.840  16.111  -34.410 0.0000000000
89739  50.249  15.663  -34.715 0.0000000000
89740  49.628  15.223  -34.951 0.0000000000
89752  49.976  16.152  -35.412 0.0000000000
89753  49.359  15.645  -35.653 0.0000000000
89754  48.824  15.213  -35.788 0.0000000000
89773  49.041  15.898  -36.227 0.0000000000
89774  48.633  15.531  -36.338 0.0000000000
89775  48.028  15.155  -36.781 0.0000000000
89786  48.244  15.765  -37.027 0.0000000000
89787  47.805  15.406  -37.508 0.0000000000
89798  47.610  15.365  -38.387 0.0000000000
89808  47.555  15.452  -39.375 0.0000000000
89815  47.624  15.544  -40.364 0.0000000000
89822  48.155  15.485  -41.921 0.0000000000
89823  47.798  15.511  -41.205 0.0000000000
90621  55.638  16.858  -22.186 0.0000000000
90622  55.036  16.523  -22.407 0.0000000000
90623  54.283  16.445  -22.925 0.0000000000
90624  53.700  16.153  -23.286 0.0000000000
90631  53.839  16.827  -23.493 0.0000000000
90632  53.308  16.530  -23.883 0.0000000000
90633  52.904  16.212  -24.317 0.0000000000
90641  52.943  16.912  -24.456 0.0000000000
90642  52.598  16.581  -24.901 0.0000000000
90646  58.617  16.933  -24.835 0.0000000000
90647  57.984  16.668  -25.170 0.0000000000
90648  57.127  16.654  -25.538 0.0000000000
90649  56.451  16.213  -25.809 0.0000000000
90650  52.128  16.582  -25.642 0.0000000000
90651  51.625  16.550  -26.351 0.0000000000
90654  56.566  16.891  -25.995 0.0000000000
90655  55.851  16.526  -26.298 0.0000000000
90656  54.969  16.543  -26.570 0.0000000000
90657  51.192  16.491  -27.071 0.0000000000
90662  54.494  16.501  -27.225 0.0000000000
90663  54.237  16.138  -27.837 0.0000000000
90664  50.874  16.354  -27.690 0.0000000000
90665  50.694  16.817  -28.111 0.0000000000
90671  54.337  16.844  -27.885 0.0000000000
90672  54.109  16.464  -28.574 0.0000000000
90686  53.619  16.524  -29.555 0.0000000000
90708  53.107  16.325  -30.598 0.0000000000
90709  52.879  15.763  -31.044 0.0000000000
90723  52.919  16.813  -31.071 0.0000000000
90724  52.728  16.312  -31.501 0.0000000000
90738  52.332  16.409  -32.595 0.0000000000
90739  52.000  15.897  -33.012 0.0000000000
90753  52.177  16.981  -33.088 0.0000000000
90754  51.770  16.484  -33.444 0.0000000000
90768  51.231  16.585  -34.223 0.0000000000
90769  50.880  16.603  -34.828 0.0000000000
90780  50.439  16.625  -35.385 0.0000000000
90781  49.885  16.630  -35.926 0.0000000000
90794  49.112  16.513  -36.672 0.0000000000
90795  48.566  16.103  -36.911 0.0000000000
90804  48.896  16.987  -37.369 0.0000000000
90805  48.359  16.539  -37.639 0.0000000000
90806  47.777  15.995  -38.029 0.0000000000
90815  48.301  16.956  -38.339 0.0000000000
90816  47.867  16.477  -38.679 0.0000000000
90827  47.690  16.506  -39.816 0.0000000000
90835  47.653  16.446  -40.849 0.0000000000
90841  48.102  16.016  -42.383 0.0000000000
90842  47.772  16.307  -41.868 0.0000000000
90851  47.965  16.416  -42.494 0.0000000000
91643  57.079  17.845  -22.148 0.0000000000
91644  56.193  17.506  -22.206 0.0000000000
91645  55.405  17.513  -22.606 0.0000000000
91646  54.771  17.163  -22.890 0.0000000000
91653  54.904  17.851  -23.070 0.0000000000
91654  54.286  17.519  -23.385 0.0000000000
91655  53.643  17.560  -23.862 0.0000000000
91661  59.575  17.441  -24.699 0.0000000000
91662  59.026  17.309  -24.807 0.0000000000
91663  53.161  17.604  -24.357 0.0000000000
91664  52.710  17.627  -24.842 0.0000000000
91669  59.253  17.714  -25.081 0.0000000000
91670  58.630  17.562  -25.254 0.0000000000
91671  57.758  17.537  -25.601 0.0000000000
91672  56.947  17.586  -25.825 0.0000000000
91673  52.239  17.577  -25.394 0.0000000000
91674  51.738  17.545  -26.065 0.0000000000
91680  56.281  17.566  -26.307 0.0000000000
91681  55.390  17.566  -26.628 0.0000000000
91682  54.787  17.238  -26.931 0.0000000000
91683  51.324  17.477  -26.832 0.0000000000
91688  54.782  17.945  -26.950 0.0000000000
91689  54.499  17.591  -27.520 0.0000000000
91690  50.903  17.352  -27.626 0.0000000000
91691  50.582  17.544  -28.414 0.0000000000
91695  54.199  17.513  -28.304 0.0000000000
91696  53.893  17.413  -29.025 0.0000000000
91697  50.370  17.589  -29.248 0.0000000000
91705  53.590  17.488  -29.564 0.0000000000
91732  53.334  17.325  -30.107 0.0000000000
91745  53.101  17.421  -30.849 0.0000000000
91746  52.897  17.152  -31.372 0.0000000000
91760  53.083  17.740  -31.430 0.0000000000
91761  52.813  17.412  -32.016 0.0000000000
91772  52.464  17.525  -32.826 0.0000000000
91773  52.121  17.511  -33.442 0.0000000000
91786  51.691  17.484  -34.120 0.0000000000
91787  51.313  17.193  -34.699 0.0000000000
91799  51.593  17.820  -34.817 0.0000000000
91800  51.096  17.525  -35.414 0.0000000000
91801  50.415  17.269  -35.878 0.0000000000
91811  50.665  18.001  -36.106 0.0000000000
91812  49.951  17.592  -36.508 0.0000000000
91820  49.298  17.665  -37.437 0.0000000000
91821  48.806  17.221  -37.693 0.0000000000
91828  49.176  18.166  -37.940 0.0000000000
91829  48.681  17.674  -38.299 0.0000000000
91830  48.252  17.164  -38.661 0.0000000000
91841  48.490  18.135  -38.898 0.0000000000
91842  48.115  17.570  -39.247 0.0000000000
91853  47.724  17.456  -40.361 0.0000000000
91859  47.573  17.305  -41.433 0.0000000000
91867  47.753  17.072  -42.628 0.0000000000
92656  58.365  18.776  -22.351 0.0000000000
92657  57.471  18.662  -22.395 0.0000000000
92658  56.532  18.578  -22.587 0.0000000000
92659  55.896  18.058  -22.576 0.0000000000
92665  60.218  18.300  -24.205 0.0000000000
92666  56.175  19.146  -22.898 0.0000000000
92667  55.519  18.604  -23.002 0.0000000000
92668  54.608  18.477  -23.429 0.0000000000
92669  53.951  18.419  -23.741 0.0000000000
92673  59.923  18.220  -24.949 0.0000000000
92674  59.563  17.926  -25.087 0.0000000000
92675  53.392  18.498  -24.210 0.0000000000
92676  52.868  18.517  -24.705 0.0000000000
92683  59.751  18.667  -25.302 0.0000000000
92684  59.273  18.395  -25.377 0.0000000000
92685  58.273  18.446  -25.688 0.0000000000
92686  57.406  18.397  -25.866 0.0000000000
92687  56.713  18.413  -26.149 0.0000000000
92688  52.341  18.520  -25.178 0.0000000000
92689  51.801  18.512  -25.759 0.0000000000
92696  55.972  18.520  -26.562 0.0000000000
92697  55.134  18.636  -26.827 0.0000000000
92698  51.375  18.483  -26.569 0.0000000000
92702  54.598  18.608  -27.388 0.0000000000
92703  54.235  18.445  -28.067 0.0000000000
92704  51.010  18.353  -27.339 0.0000000000
92705  50.704  18.357  -28.026 0.0000000000
92709  53.921  18.289  -28.744 0.0000000000
92710  53.659  18.153  -29.352 0.0000000000
92711  50.457  18.506  -28.847 0.0000000000
92719  53.459  17.978  -29.828 0.0000000000
92720  50.312  18.558  -29.785 0.0000000000
92746  53.374  18.140  -30.379 0.0000000000
92747  50.172  18.571  -30.667 0.0000000000
92753  53.363  18.296  -31.087 0.0000000000
92761  53.192  18.357  -31.778 0.0000000000
92762  52.866  18.374  -32.489 0.0000000000
92769  52.527  18.422  -33.290 0.0000000000
92770  52.168  18.132  -33.866 0.0000000000
92776  52.411  18.762  -33.916 0.0000000000
92777  52.039  18.490  -34.478 0.0000000000
92783  51.624  18.521  -35.206 0.0000000000
92784  51.200  18.560  -35.826 0.0000000000
92793  50.834  18.775  -36.326 0.0000000000
92794  50.392  18.385  -36.548 0.0000000000
92803  50.527  18.974  -36.718 0.0000000000
92804  50.010  18.607  -37.077 0.0000000000
92811  49.544  18.656  -37.734 0.0000000000
92812  49.186  18.662  -38.257 0.0000000000
92819  48.823  18.648  -38.772 0.0000000000
92820  48.423  18.610  -39.288 0.0000000000
92833  47.946  18.483  -39.942 0.0000000000
92843  47.531  18.380  -40.872 0.0000000000
92850  47.222  18.170  -41.990 0.0000000000
92859  47.509  18.084  -43.381 0.0000000000
93748  60.054  19.262  -23.691 0.0000000000
93749  59.666  19.547  -23.294 0.0000000000
93750  58.837  19.587  -22.756 0.0000000000
93751  57.780  19.597  -22.701 0.0000000000
93752  57.146  19.134  -22.622 0.0000000000
93758  60.196  19.105  -24.148 0.0000000000
93759  60.073  19.814  -24.018 0.0000000000
93760  57.408  20.054  -22.909 0.0000000000
93761  56.831  19.669  -22.903 0.0000000000
93762  55.885  19.694  -23.232 0.0000000000
93763  54.845  19.523  -23.640 0.0000000000
93764  54.255  18.981  -23.670 0.0000000000
93769  60.132  18.924  -24.821 0.0000000000
93770  60.123  19.713  -24.767 0.0000000000
93771  54.413  20.140  -24.039 0.0000000000
93772  53.831  19.462  -24.055 0.0000000000
93773  53.095  19.412  -24.558 0.0000000000
93780  59.973  18.784  -25.198 0.0000000000
93781  59.709  19.333  -25.413 0.0000000000
93782  58.757  19.375  -25.788 0.0000000000
93783  57.625  19.449  -26.052 0.0000000000
93784  57.083  18.940  -26.075 0.0000000000
93785  52.522  19.406  -24.990 0.0000000000
93786  51.986  19.404  -25.473 0.0000000000
93790  57.075  20.012  -26.323 0.0000000000
93791  56.598  19.477  -26.424 0.0000000000
93792  55.613  19.518  -26.831 0.0000000000
93793  51.552  19.467  -26.257 0.0000000000
93798  54.838  19.539  -27.254 0.0000000000
93799  54.288  19.440  -27.934 0.0000000000
93800  51.086  19.468  -27.363 0.0000000000
93801  50.833  18.910  -27.743 0.0000000000
93806  53.914  19.194  -28.604 0.0000000000
93807  53.681  18.984  -29.220 0.0000000000
93808  50.939  19.936  -28.020 0.0000000000
93809  50.741  19.415  -28.347 0.0000000000
93818  53.551  18.706  -29.858 0.0000000000
93819  50.492  19.500  -29.448 0.0000000000
93843  53.597  19.004  -30.600 0.0000000000
93844  50.256  19.513  -30.453 0.0000000000
93863  53.547  19.090  -31.416 0.0000000000
93864  49.999  19.439  -31.274 0.0000000000
93865  49.725  19.408  -31.980 0.0000000000
93871  53.205  19.209  -32.104 0.0000000000
93872  52.891  19.271  -32.827 0.0000000000
93877  52.647  19.379  -33.533 0.0000000000
93882  52.401  19.459  -34.229 0.0000000000
93883  52.030  19.392  -34.921 0.0000000000
93889  51.582  19.444  -35.593 0.0000000000
93890  51.190  19.233  -36.089 0.0000000000
93895  51.359  19.849  -36.096 0.0000000000
93896  50.958  19.592  -36.554 0.0000000000
93904  50.447  19.551  -37.053 0.0000000000
93905  49.961  19.443  -37.533 0.0000000000
93911  49.578  19.429  -38.069 0.0000000000
93912  49.208  19.448  -38.606 0.0000000000
93917  48.767  19.432  -39.107 0.0000000000
93918  48.229  19.437  -39.590 0.0000000000
93926  47.709  19.431  -40.292 0.0000000000
93938  47.213  19.430  -41.279 0.0000000000
93939  46.862  19.940  -41.877 0.0000000000
93948  46.974  19.088  -42.439 0.0000000000
93949  46.723  19.940  -42.678 0.0000000000
93958  47.021  19.196  -43.502 0.0000000000
93959  46.641  20.053  -43.589 0.0000000000
93970  46.664  20.305  -44.294 0.0000000000
94826  59.150  20.408  -23.245 0.0000000000
94827  58.407  20.362  -22.977 0.0000000000
94828  57.765  20.415  -22.970 0.0000000000
94836  59.686  20.483  -23.849 0.0000000000
94837  57.249  20.525  -23.057 0.0000000000
94838  56.493  20.607  -23.283 0.0000000000
94839  55.493  20.611  -23.707 0.0000000000
94840  54.870  20.279  -23.877 0.0000000000
94847  59.972  20.492  -24.580 0.0000000000
94848  55.337  21.085  -24.001 0.0000000000
94849  54.827  20.837  -24.178 0.0000000000
94850  53.837  20.607  -24.481 0.0000000000
94851  53.364  20.010  -24.509 0.0000000000
94856  59.713  20.406  -25.266 0.0000000000
94857  59.082  20.312  -25.726 0.0000000000
94858  58.286  20.351  -26.039 0.0000000000
94859  53.489  21.019  -24.796 0.0000000000
94860  52.874  20.540  -25.012 0.0000000000
94861  52.250  19.974  -25.246 0.0000000000
94866  57.391  20.576  -26.308 0.0000000000
94867  56.665  20.526  -26.602 0.0000000000
94868  55.991  20.438  -26.893 0.0000000000
94869  52.400  21.060  -25.596 0.0000000000
94870  51.938  20.455  -25.794 0.0000000000
94876  55.243  20.448  -27.265 0.0000000000
94877  54.581  20.433  -27.807 0.0000000000
94878  51.510  20.388  -26.815 0.0000000000
94884  53.954  20.329  -28.802 0.0000000000
94885  53.732  19.617  -29.086 0.0000000000
94886  51.344  20.647  -28.099 0.0000000000
94887  50.970  20.106  -28.389 0.0000000000
94894  53.828  20.619  -29.563 0.0000000000
94895  53.639  19.877  -29.836 0.0000000000
94896  51.277  20.932  -28.921 0.0000000000
94897  50.959  20.447  -29.113 0.0000000000
94911  53.779  19.881  -30.998 0.0000000000
94912  50.518  20.508  -30.256 0.0000000000
94935  53.615  19.825  -31.762 0.0000000000
94936  50.197  20.464  -31.372 0.0000000000
94937  49.928  20.068  -31.878 0.0000000000
94957  53.339  20.181  -32.482 0.0000000000
94958  52.893  19.990  -33.114 0.0000000000
94959  50.029  20.665  -32.189 0.0000000000
94960  49.713  20.355  -32.605 0.0000000000
94965  53.062  20.696  -33.073 0.0000000000
94966  52.695  20.376  -33.735 0.0000000000
94967  49.285  20.417  -33.538 0.0000000000
94972  52.316  20.415  -34.611 0.0000000000
94973  51.958  20.106  -35.223 0.0000000000
94980  52.034  20.804  -35.161 0.0000000000
94981  51.648  20.523  -35.716 0.0000000000
94987  51.282  20.521  -36.422 0.0000000000
94988  50.892  20.362  -36.994 0.0000000000
94995  50.403  20.343  -37.475 0.0000000000
94996  49.903  20.062  -37.850 0.0000000000
95002  50.130  20.709  -37.936 0.0000000000
95003  49.633  20.342  -38.374 0.0000000000
95004  49.136  20.226  -38.928 0.0000000000
95010  48.643  20.267  -39.296 0.0000000000
95011  48.058  20.399  -39.752 0.0000000000
95018  47.575  20.459  -40.504 0.0000000000
95028  47.188  20.603  -41.260 0.0000000000
95029  46.783  20.743  -41.960 0.0000000000
95041  46.596  20.806  -42.790 0.0000000000
95049  46.463  20.896  -43.646 0.0000000000
95057  46.956  20.308  -44.922 0.0000000000
95058  46.533  21.005  -44.611 0.0000000000
95071  46.668  21.459  -45.290 0.0000000000
95903  58.709  20.981  -23.317 0.0000000000
95904  58.084  21.010  -23.169 0.0000000000
95905  57.626  20.872  -23.101 0.0000000000
95909  59.246  21.201  -23.754 0.0000000000
95910  58.472  21.738  -23.682 0.0000000000
95911  57.373  21.443  -23.387 0.0000000000
95912  56.195  21.576  -23.744 0.0000000000
95913  55.601  21.245  -23.887 0.0000000000
95917  59.565  21.154  -24.511 0.0000000000
95918  59.068  21.865  -24.483 0.0000000000
95919  55.952  22.052  -24.062 0.0000000000
95920  55.408  21.681  -24.198 0.0000000000
95921  54.370  21.619  -24.615 0.0000000000
95922  53.788  21.237  -24.712 0.0000000000
95926  59.690  20.949  -25.015 0.0000000000
95927  58.971  21.409  -25.442 0.0000000000
95928  58.629  20.900  -25.891 0.0000000000
95929  54.135  22.088  -24.839 0.0000000000
95930  53.571  21.708  -24.980 0.0000000000
95931  52.797  21.620  -25.540 0.0000000000
95934  58.371  21.957  -25.968 0.0000000000
95935  57.972  21.469  -26.202 0.0000000000
95936  56.695  21.578  -26.847 0.0000000000
95937  56.248  21.033  -26.948 0.0000000000
95938  52.211  21.560  -26.204 0.0000000000
95939  51.800  20.931  -26.449 0.0000000000
95944  56.223  22.022  -27.458 0.0000000000
95945  55.694  21.536  -27.555 0.0000000000
95946  55.001  21.041  -27.684 0.0000000000
95947  52.139  22.120  -27.109 0.0000000000
95948  51.778  21.255  -27.101 0.0000000000
95954  55.351  22.001  -28.259 0.0000000000
95955  54.791  21.511  -28.429 0.0000000000
95956  52.123  22.434  -27.679 0.0000000000
95957  51.820  21.889  -28.009 0.0000000000
95961  54.224  21.386  -29.792 0.0000000000
95962  53.820  20.702  -29.933 0.0000000000
95963  51.465  21.655  -29.073 0.0000000000
95964  51.173  21.124  -29.301 0.0000000000
95974  54.290  21.650  -31.132 0.0000000000
95975  53.921  20.734  -30.576 0.0000000000
95976  51.307  22.246  -29.888 0.0000000000
95977  50.936  21.562  -30.019 0.0000000000
95989  54.259  21.829  -32.172 0.0000000000
95990  53.996  20.750  -31.744 0.0000000000
95991  50.512  21.537  -31.196 0.0000000000
96010  54.125  22.064  -32.711 0.0000000000
96011  53.714  21.429  -32.836 0.0000000000
96012  50.211  21.503  -32.385 0.0000000000
96013  49.902  21.003  -32.620 0.0000000000
96018  52.995  21.354  -33.478 0.0000000000
96019  52.652  21.322  -34.129 0.0000000000
96020  50.011  22.003  -33.053 0.0000000000
96021  49.685  21.489  -33.300 0.0000000000
96026  52.305  21.485  -34.805 0.0000000000
96027  49.142  21.511  -34.480 0.0000000000
96033  51.882  21.515  -35.445 0.0000000000
96034  51.508  21.449  -36.127 0.0000000000
96035  48.905  22.021  -35.136 0.0000000000
96041  51.196  21.402  -36.972 0.0000000000
96042  50.823  20.872  -37.302 0.0000000000
96049  51.057  21.930  -37.365 0.0000000000
96050  50.643  21.435  -37.650 0.0000000000
96057  50.013  21.385  -38.299 0.0000000000
96058  49.402  21.160  -38.877 0.0000000000
96059  49.016  20.745  -39.157 0.0000000000
96065  49.323  21.808  -39.109 0.0000000000
96066  48.768  21.343  -39.393 0.0000000000
96067  47.986  21.400  -39.974 0.0000000000
96074  47.561  21.462  -40.660 0.0000000000
96082  47.190  21.582  -41.367 0.0000000000
96083  46.761  21.640  -42.087 0.0000000000
96097  46.500  21.677  -42.895 0.0000000000
96113  46.345  21.753  -43.754 0.0000000000
96125  46.317  21.922  -44.617 0.0000000000
96140  46.489  22.148  -45.447 0.0000000000
97047  57.789  22.418  -23.982 0.0000000000
97048  56.970  22.342  -23.879 0.0000000000
97049  56.323  22.406  -24.065 0.0000000000
97054  58.405  22.486  -24.505 0.0000000000
97055  55.815  22.535  -24.278 0.0000000000
97056  55.046  22.577  -24.669 0.0000000000
97057  54.437  22.260  -24.784 0.0000000000
97063  58.618  22.382  -25.178 0.0000000000
97064  54.882  23.063  -24.923 0.0000000000
97065  54.249  22.740  -25.048 0.0000000000
97066  53.275  22.642  -25.698 0.0000000000
97067  52.708  22.141  -25.942 0.0000000000
97073  58.320  22.400  -25.758 0.0000000000
97074  57.891  22.448  -26.245 0.0000000000
97075  57.250  22.469  -26.739 0.0000000000
97076  53.120  23.119  -26.140 0.0000000000
97077  52.679  22.706  -26.448 0.0000000000
97082  56.483  22.675  -27.665 0.0000000000
97083  56.036  22.235  -27.790 0.0000000000
97084  52.386  22.875  -27.322 0.0000000000
97088  56.280  23.054  -28.372 0.0000000000
97089  55.790  22.626  -28.506 0.0000000000
97090  55.254  22.184  -28.645 0.0000000000
97091  52.165  22.896  -28.311 0.0000000000
97092  51.828  22.286  -28.721 0.0000000000
97097  55.619  22.983  -29.245 0.0000000000
97098  55.159  22.503  -29.407 0.0000000000
97099  52.192  23.376  -29.118 0.0000000000
97100  51.815  22.796  -29.458 0.0000000000
97110  54.763  22.541  -30.680 0.0000000000
97111  51.285  22.968  -30.448 0.0000000000
97112  51.025  22.363  -30.331 0.0000000000
97128  54.475  22.643  -31.811 0.0000000000
97129  51.019  23.198  -30.957 0.0000000000
97130  50.809  22.651  -31.017 0.0000000000
97155  54.255  22.602  -32.603 0.0000000000
97156  53.961  22.459  -33.108 0.0000000000
97157  50.556  22.536  -32.121 0.0000000000
97181  53.326  22.284  -33.583 0.0000000000
97182  52.896  21.862  -33.852 0.0000000000
97183  50.177  22.519  -32.927 0.0000000000
97184  49.824  22.544  -33.465 0.0000000000
97192  53.235  22.932  -33.978 0.0000000000
97193  52.758  22.422  -34.350 0.0000000000
97194  49.489  22.568  -34.252 0.0000000000
97199  52.201  22.426  -35.184 0.0000000000
97200  51.741  22.380  -35.829 0.0000000000
97201  49.137  22.570  -35.045 0.0000000000
97202  48.785  22.553  -35.555 0.0000000000
97206  51.479  22.330  -36.508 0.0000000000
97207  48.401  22.565  -36.071 0.0000000000
97208  47.945  22.555  -36.575 0.0000000000
97212  51.273  22.424  -37.117 0.0000000000
97213  50.950  22.471  -37.628 0.0000000000
97218  50.428  22.376  -38.158 0.0000000000
97219  49.789  22.268  -38.784 0.0000000000
97222  49.241  22.442  -39.319 0.0000000000
97223  48.534  22.458  -39.804 0.0000000000
97224  47.907  22.163  -40.223 0.0000000000
97227  48.151  22.844  -40.259 0.0000000000
97228  47.624  22.523  -40.763 0.0000000000
97231  47.184  22.526  -41.544 0.0000000000
97232  46.763  22.527  -42.263 0.0000000000
97236  46.442  22.554  -43.015 0.0000000000
97248  46.254  22.666  -43.834 0.0000000000
97261  46.192  22.806  -44.726 0.0000000000
97271  46.811  22.383  -46.076 0.0000000000
97272  46.349  23.005  -45.671 0.0000000000
97286  46.949  23.020  -46.506 0.0000000000
97287  46.464  23.429  -46.121 0.0000000000
98197  57.305  22.911  -24.299 0.0000000000
98198  56.670  22.976  -24.283 0.0000000000
98199  56.205  22.881  -24.275 0.0000000000
98202  57.795  23.075  -24.660 0.0000000000
98203  57.092  23.646  -24.717 0.0000000000
98204  55.940  23.491  -24.684 0.0000000000
98205  55.223  23.219  -24.841 0.0000000000
98208  58.143  23.005  -25.243 0.0000000000
98209  57.594  23.630  -25.382 0.0000000000
98210  55.653  24.043  -25.164 0.0000000000
98211  55.012  23.676  -25.215 0.0000000000
98212  53.884  23.717  -25.713 0.0000000000
98213  53.367  23.320  -25.997 0.0000000000
98217  58.190  22.773  -25.572 0.0000000000
98218  57.713  23.321  -26.170 0.0000000000
98219  57.506  22.951  -26.588 0.0000000000
98220  53.698  24.182  -26.137 0.0000000000
98221  53.202  23.797  -26.521 0.0000000000
98222  52.688  23.306  -26.929 0.0000000000
98225  57.369  23.868  -26.860 0.0000000000
98226  57.179  23.486  -27.258 0.0000000000
98227  53.006  24.302  -27.152 0.0000000000
98228  52.623  23.805  -27.562 0.0000000000
98232  56.573  23.654  -28.482 0.0000000000
98233  56.170  23.244  -28.722 0.0000000000
98234  52.411  23.867  -28.616 0.0000000000
98238  56.416  24.104  -29.116 0.0000000000
98239  55.894  23.675  -29.363 0.0000000000
98240  55.528  23.168  -29.608 0.0000000000
98241  52.311  24.021  -29.526 0.0000000000
98242  52.095  23.459  -29.618 0.0000000000
98246  55.632  24.056  -30.090 0.0000000000
98247  55.365  23.537  -30.336 0.0000000000
98248  52.256  24.309  -30.079 0.0000000000
98249  51.941  23.783  -30.284 0.0000000000
98258  54.783  23.623  -31.508 0.0000000000
98259  51.318  23.785  -31.182 0.0000000000
98260  50.973  23.317  -31.271 0.0000000000
98270  54.311  23.626  -32.696 0.0000000000
98271  54.150  23.025  -33.046 0.0000000000
98272  51.203  24.184  -31.759 0.0000000000
98273  50.918  23.616  -31.951 0.0000000000
98298  54.032  24.117  -33.343 0.0000000000
98299  53.715  23.462  -33.591 0.0000000000
98300  50.414  23.510  -33.078 0.0000000000
98301  50.001  23.053  -33.340 0.0000000000
98313  53.050  23.546  -34.364 0.0000000000
98314  52.525  23.427  -35.077 0.0000000000
98315  50.298  24.003  -33.721 0.0000000000
98316  49.895  23.569  -33.993 0.0000000000
98317  52.009  23.284  -35.691 0.0000000000
98318  51.680  23.192  -36.264 0.0000000000
98319  49.357  23.720  -35.206 0.0000000000
98320  49.010  23.107  -35.494 0.0000000000
98321  51.480  23.097  -36.799 0.0000000000
98322  49.014  24.181  -35.793 0.0000000000
98323  48.701  23.620  -36.067 0.0000000000
98324  48.219  23.226  -36.575 0.0000000000
98325  51.243  23.309  -37.347 0.0000000000
98326  50.789  23.346  -37.974 0.0000000000
98327  48.216  23.915  -36.811 0.0000000000
98328  47.759  23.525  -37.182 0.0000000000
98329  50.269  23.317  -38.571 0.0000000000
98330  49.726  23.334  -39.126 0.0000000000
98331  47.214  23.513  -37.817 0.0000000000
98333  49.154  23.397  -39.616 0.0000000000
98334  48.600  23.496  -40.065 0.0000000000
98337  48.038  23.529  -40.488 0.0000000000
98338  47.565  23.460  -41.091 0.0000000000
98340  47.151  23.429  -41.799 0.0000000000
98341  46.742  23.366  -42.465 0.0000000000
98345  46.431  23.437  -43.098 0.0000000000
98350  46.132  23.698  -43.892 0.0000000000
98351  45.997  24.262  -44.317 0.0000000000
98362  46.062  23.658  -44.855 0.0000000000
98363  45.992  24.381  -44.872 0.0000000000
98374  46.188  24.020  -45.630 0.0000000000
98375  46.057  24.545  -45.215 0.0000000000
98387  46.695  23.884  -46.461 0.0000000000
99196  56.606  24.276  -25.122 0.0000000000
99197  56.067  24.424  -25.252 0.0000000000
99201  57.145  24.305  -25.444 0.0000000000
99202  55.492  24.552  -25.526 0.0000000000
99203  54.667  24.567  -25.836 0.0000000000
99204  54.008  24.467  -25.995 0.0000000000
99209  57.387  24.251  -26.060 0.0000000000
99210  54.240  24.926  -26.251 0.0000000000
99211  53.754  24.687  -26.473 0.0000000000
99212  53.394  24.705  -27.007 0.0000000000
99216  57.335  24.239  -26.689 0.0000000000
99217  57.276  24.356  -27.284 0.0000000000
99218  53.013  24.786  -27.719 0.0000000000
99219  52.668  24.435  -28.240 0.0000000000
99223  57.050  24.468  -28.105 0.0000000000
99224  52.841  24.966  -28.423 0.0000000000
99225  52.626  24.709  -28.983 0.0000000000
99230  56.648  24.555  -28.906 0.0000000000
99231  56.182  24.598  -29.399 0.0000000000
99232  52.423  24.847  -29.862 0.0000000000
99236  55.717  24.685  -30.072 0.0000000000
99237  55.465  24.348  -30.501 0.0000000000
99238  52.165  24.720  -30.500 0.0000000000
99239  51.787  24.627  -31.023 0.0000000000
99247  55.365  24.908  -30.709 0.0000000000
99248  55.083  24.593  -31.153 0.0000000000
99249  51.406  24.740  -31.637 0.0000000000
99260  54.527  24.839  -32.248 0.0000000000
99261  51.084  24.642  -32.196 0.0000000000
99262  50.783  24.434  -32.828 0.0000000000
99288  54.191  24.750  -33.208 0.0000000000
99289  53.775  24.651  -33.766 0.0000000000
99290  50.476  24.473  -33.504 0.0000000000
99308  53.318  24.502  -34.309 0.0000000000
99309  52.793  24.466  -34.991 0.0000000000
99310  50.149  24.559  -34.078 0.0000000000
99311  49.707  24.607  -34.718 0.0000000000
99316  52.246  24.383  -35.889 0.0000000000
99317  51.905  23.772  -36.147 0.0000000000
99318  49.393  24.755  -35.278 0.0000000000
99319  51.973  24.904  -36.466 0.0000000000
99320  51.650  24.197  -36.780 0.0000000000
99321  49.158  24.692  -35.661 0.0000000000
99322  48.825  24.726  -36.143 0.0000000000
99323  51.053  24.289  -37.677 0.0000000000
99324  50.564  24.277  -38.340 0.0000000000
99325  48.409  24.661  -36.727 0.0000000000
99326  47.897  24.591  -37.302 0.0000000000
99327  50.101  24.255  -38.930 0.0000000000
99328  49.569  24.274  -39.407 0.0000000000
99329  47.415  24.402  -37.811 0.0000000000
99331  49.036  24.329  -39.860 0.0000000000
99332  48.499  24.368  -40.311 0.0000000000
99335  47.937  24.367  -40.761 0.0000000000
99336  47.516  24.325  -41.391 0.0000000000
99339  47.068  24.370  -42.164 0.0000000000
99340  46.678  23.914  -42.632 0.0000000000
99344  46.926  24.948  -42.426 0.0000000000
99345  46.491  24.511  -42.904 0.0000000000
99349  46.075  24.739  -43.709 0.0000000000
99350  45.916  24.924  -44.337 0.0000000000
99354  45.972  24.993  -44.915 0.0000000000
99360  46.389  24.671  -46.145 0.0000000000
99361  46.129  24.856  -45.476 0.0000000000
99365  47.676  24.451  -47.091 0.0000000000
99366  47.021  24.643  -46.843 0.0000000000
99371  48.093  24.715  -47.454 0.0000000000
99372  47.524  24.947  -47.162 0.0000000000
99385  45.845  24.874  -49.992 0.0000000000
100079  56.718  24.725  -25.557 0.0000000000
100080  56.423  24.683  -25.446 0.0000000000
100084  57.039  24.950  -25.980 0.0000000000
100085  56.169  25.184  -25.915 0.0000000000
100086  55.340  25.174  -26.053 0.0000000000
100091  57.208  24.862  -26.670 0.0000000000
100092  56.742  25.474  -26.684 0.0000000000
100093  54.713  25.300  -26.363 0.0000000000
100094  54.110  25.482  -26.776 0.0000000000
100095  53.726  25.109  -26.895 0.0000000000
100099  57.264  24.709  -27.059 0.0000000000
100100  57.058  25.246  -27.543 0.0000000000
100101  53.986  25.899  -27.187 0.0000000000
100102  53.637  25.513  -27.420 0.0000000000
100107  56.491  25.389  -28.645 0.0000000000
100108  55.931  25.865  -28.997 0.0000000000
100109  53.175  25.616  -28.456 0.0000000000
100110  52.836  25.246  -28.802 0.0000000000
100115  56.336  25.032  -29.157 0.0000000000
100116  55.811  25.497  -29.525 0.0000000000
100117  53.074  26.064  -29.019 0.0000000000
100118  52.734  25.687  -29.392 0.0000000000
100122  55.257  25.690  -30.645 0.0000000000
100123  54.863  26.211  -31.163 0.0000000000
100124  52.268  25.732  -30.559 0.0000000000
100125  52.010  25.180  -30.909 0.0000000000
100129  55.127  25.225  -31.033 0.0000000000
100130  54.745  25.714  -31.558 0.0000000000
100131  51.967  26.276  -31.095 0.0000000000
100132  51.698  25.694  -31.373 0.0000000000
100138  54.442  25.891  -32.449 0.0000000000
100139  51.173  25.568  -32.120 0.0000000000
100140  50.824  25.340  -32.748 0.0000000000
100162  54.291  25.711  -33.122 0.0000000000
100163  53.948  25.602  -33.841 0.0000000000
100164  50.617  25.096  -33.272 0.0000000000
100182  53.507  25.434  -34.358 0.0000000000
100183  53.072  25.397  -34.857 0.0000000000
100184  50.331  25.296  -33.805 0.0000000000
100185  49.873  25.456  -34.401 0.0000000000
100192  52.632  25.469  -35.574 0.0000000000
100193  49.375  25.603  -35.132 0.0000000000
100194  49.055  26.131  -35.443 0.0000000000
100195  52.156  25.544  -36.288 0.0000000000
100196  51.666  25.482  -36.835 0.0000000000
100197  49.225  25.170  -35.495 0.0000000000
100198  48.939  25.638  -35.809 0.0000000000
100199  51.157  25.316  -37.428 0.0000000000
100200  50.661  25.232  -38.077 0.0000000000
100201  48.539  25.603  -36.553 0.0000000000
100202  48.098  25.556  -37.215 0.0000000000
100203  50.268  25.161  -38.697 0.0000000000
100204  49.836  25.114  -39.204 0.0000000000
100205  47.504  25.496  -37.934 0.0000000000
100206  47.240  24.916  -38.234 0.0000000000
100207  49.361  25.146  -39.639 0.0000000000
100208  48.869  25.222  -40.112 0.0000000000
100209  47.287  26.004  -38.398 0.0000000000
100210  46.978  25.420  -38.708 0.0000000000
100211  48.360  25.206  -40.592 0.0000000000
100212  47.876  25.180  -41.093 0.0000000000
100215  47.508  25.091  -41.627 0.0000000000
100218  47.266  25.402  -42.103 0.0000000000
100219  46.811  25.518  -42.592 0.0000000000
100223  46.309  25.521  -43.176 0.0000000000
100224  45.922  25.595  -43.824 0.0000000000
100228  45.830  25.640  -44.495 0.0000000000
100234  46.215  25.322  -45.808 0.0000000000
100235  45.958  25.658  -45.197 0.0000000000
100239  46.519  25.419  -46.399 0.0000000000
100243  48.299  25.195  -47.827 0.0000000000
100244  47.752  25.384  -47.520 0.0000000000
100245  47.073  25.591  -47.107 0.0000000000
100249  48.100  25.183  -48.402 0.0000000000
100250  47.596  25.173  -48.741 0.0000000000
100255  47.103  25.169  -49.040 0.0000000000
100256  46.511  25.166  -49.265 0.0000000000
100257  45.872  25.316  -49.594 0.0000000000
100258  45.295  25.656  -49.754 0.0000000000
100265  45.479  25.083  -50.169 0.0000000000
100266  44.917  25.511  -50.354 0.0000000000
100874  55.814  25.585  -26.390 0.0000000000
100875  55.671  25.441  -26.247 0.0000000000
100879  56.012  25.851  -26.726 0.0000000000
100880  55.268  25.776  -26.642 0.0000000000
100881  54.633  25.749  -26.744 0.0000000000
100885  56.361  25.973  -27.496 0.0000000000
100886  55.402  26.363  -27.566 0.0000000000
100887  54.462  26.227  -27.379 0.0000000000
100888  53.936  26.054  -27.464 0.0000000000
100892  56.525  25.793  -28.067 0.0000000000
100893  55.841  26.199  -28.467 0.0000000000
100894  54.212  26.517  -27.948 0.0000000000
100895  53.819  26.273  -28.058 0.0000000000
100898  55.520  26.287  -29.327 0.0000000000
100899  53.397  26.362  -28.860 0.0000000000
100900  53.044  26.517  -29.410 0.0000000000
100904  55.237  26.443  -30.064 0.0000000000
100905  54.845  26.685  -30.845 0.0000000000
100906  52.644  26.654  -30.135 0.0000000000
100910  54.615  26.726  -31.579 0.0000000000
100911  52.148  26.834  -30.873 0.0000000000
100912  51.676  26.812  -31.416 0.0000000000
100917  54.468  26.615  -32.277 0.0000000000
100918  51.217  26.600  -32.001 0.0000000000
100919  50.789  26.347  -32.695 0.0000000000
100939  54.373  26.613  -32.990 0.0000000000
100940  54.112  26.633  -33.795 0.0000000000
100941  50.502  25.916  -33.335 0.0000000000
100962  53.550  26.490  -34.569 0.0000000000
100963  53.312  25.950  -34.784 0.0000000000
100964  50.092  26.229  -33.977 0.0000000000
100965  49.606  26.414  -34.594 0.0000000000
100972  53.261  26.966  -34.978 0.0000000000
100973  52.986  26.506  -35.259 0.0000000000
100974  49.180  26.635  -35.161 0.0000000000
100975  48.838  26.660  -35.680 0.0000000000
100976  52.352  26.527  -36.077 0.0000000000
100977  51.764  26.504  -36.720 0.0000000000
100978  48.592  26.545  -36.298 0.0000000000
100979  51.136  26.403  -37.263 0.0000000000
100980  50.630  26.238  -37.884 0.0000000000
100981  48.306  26.510  -36.988 0.0000000000
100982  47.830  26.492  -37.595 0.0000000000
100983  50.278  26.058  -38.498 0.0000000000
100984  49.910  25.945  -39.017 0.0000000000
100985  47.458  26.549  -38.169 0.0000000000
100986  49.548  25.815  -39.404 0.0000000000
100987  49.153  26.043  -39.834 0.0000000000
100988  47.171  26.534  -38.705 0.0000000000
100990  48.655  26.177  -40.441 0.0000000000
100991  48.209  25.864  -40.902 0.0000000000
100994  48.314  26.559  -40.971 0.0000000000
100995  47.760  26.151  -41.497 0.0000000000
100998  47.230  26.351  -42.275 0.0000000000
100999  46.678  26.375  -42.856 0.0000000000
101002  46.163  26.396  -43.445 0.0000000000
101003  45.818  26.374  -44.091 0.0000000000
101006  45.796  26.310  -44.720 0.0000000000
101011  46.165  26.042  -45.796 0.0000000000
101012  45.898  26.456  -45.248 0.0000000000
101016  46.479  26.329  -46.520 0.0000000000
101020  48.115  25.731  -47.975 0.0000000000
101021  47.484  26.002  -47.797 0.0000000000
101022  46.829  26.515  -47.319 0.0000000000
101025  47.737  25.694  -48.372 0.0000000000
101026  47.218  25.993  -48.521 0.0000000000
101027  46.613  26.431  -48.711 0.0000000000
101028  46.001  26.679  -48.893 0.0000000000
101029  45.361  26.748  -49.007 0.0000000000
101032  46.821  25.779  -49.010 0.0000000000
101033  46.275  25.940  -49.149 0.0000000000
101034  45.596  26.116  -49.295 0.0000000000
101035  44.754  26.321  -49.517 0.0000000000
101036  44.029  26.650  -49.840 0.0000000000
101042  44.322  26.118  -50.483 0.0000000000
101043  43.847  26.827  -50.602 0.0000000000
101656  54.989  26.706  -27.950 0.0000000000
101657  54.849  26.550  -27.753 0.0000000000
101660  55.105  26.730  -28.408 0.0000000000
101661  54.519  26.678  -28.215 0.0000000000
101662  54.109  26.599  -28.280 0.0000000000
101666  55.123  26.783  -29.206 0.0000000000
101667  54.501  27.005  -29.128 0.0000000000
101668  53.860  26.831  -28.939 0.0000000000
101669  53.395  26.769  -29.294 0.0000000000
101673  55.127  26.778  -29.708 0.0000000000
101674  54.530  27.398  -30.245 0.0000000000
101675  53.865  27.515  -29.778 0.0000000000
101676  53.192  27.334  -29.890 0.0000000000
101680  54.453  27.467  -31.330 0.0000000000
101681  52.446  27.665  -30.644 0.0000000000
101682  51.826  27.727  -31.260 0.0000000000
101688  54.392  27.616  -32.269 0.0000000000
101689  54.246  28.268  -32.773 0.0000000000
101690  51.315  27.639  -31.877 0.0000000000
101691  50.815  27.469  -32.561 0.0000000000
101708  54.403  27.144  -32.745 0.0000000000
101709  54.201  27.712  -33.330 0.0000000000
101710  50.324  27.132  -33.424 0.0000000000
101734  53.634  27.694  -34.471 0.0000000000
101735  53.309  28.251  -34.965 0.0000000000
101736  49.860  27.111  -34.178 0.0000000000
101737  49.450  27.440  -34.754 0.0000000000
101744  53.395  27.204  -34.827 0.0000000000
101745  53.090  27.704  -35.205 0.0000000000
101746  49.002  27.573  -35.445 0.0000000000
101747  48.673  27.473  -36.087 0.0000000000
101748  52.474  27.600  -35.888 0.0000000000
101749  51.902  27.566  -36.584 0.0000000000
101750  48.441  27.423  -36.698 0.0000000000
101751  51.245  27.508  -37.184 0.0000000000
101752  50.622  27.363  -37.840 0.0000000000
101753  48.092  27.458  -37.360 0.0000000000
101754  47.652  27.367  -37.924 0.0000000000
101755  50.183  27.035  -38.449 0.0000000000
101756  49.906  26.663  -38.860 0.0000000000
101757  47.384  27.372  -38.450 0.0000000000
101758  49.458  26.771  -39.398 0.0000000000
101759  48.974  27.065  -40.071 0.0000000000
101760  47.057  27.431  -39.070 0.0000000000
101762  48.615  27.226  -40.683 0.0000000000
101765  48.199  27.362  -41.363 0.0000000000
101766  47.639  27.299  -42.014 0.0000000000
101769  47.140  27.354  -42.704 0.0000000000
101770  46.564  27.072  -43.212 0.0000000000
101773  46.857  27.784  -43.390 0.0000000000
101774  46.187  27.349  -43.918 0.0000000000
101775  45.805  26.877  -44.449 0.0000000000
101778  45.990  27.398  -44.720 0.0000000000
101779  45.798  26.842  -44.987 0.0000000000
101783  46.084  27.084  -45.602 0.0000000000
101784  45.887  26.794  -45.265 0.0000000000
101787  46.476  27.367  -46.701 0.0000000000
101790  47.091  26.578  -47.917 0.0000000000
101791  46.566  27.334  -47.628 0.0000000000
101794  46.811  26.752  -48.248 0.0000000000
101795  46.241  27.236  -48.322 0.0000000000
101796  45.585  27.243  -48.543 0.0000000000
101797  44.769  27.237  -48.760 0.0000000000
101798  44.001  27.533  -48.878 0.0000000000
101801  44.204  27.008  -49.288 0.0000000000
101802  43.648  27.427  -49.692 0.0000000000
101806  43.442  27.650  -50.734 0.0000000000
102395  53.990  28.246  -30.796 0.0000000000
102396  53.694  28.162  -30.469 0.0000000000
102397  53.395  27.932  -30.195 0.0000000000
102403  54.135  28.179  -31.275 0.0000000000
102404  53.509  28.917  -31.318 0.0000000000
102405  52.902  28.507  -30.693 0.0000000000
102406  52.124  28.593  -31.212 0.0000000000
102413  54.292  28.050  -31.772 0.0000000000
102414  54.057  28.755  -32.217 0.0000000000
102415  51.564  28.567  -31.794 0.0000000000
102416  51.067  28.519  -32.383 0.0000000000
102428  54.063  28.858  -33.197 0.0000000000
102429  50.547  28.481  -33.164 0.0000000000
102451  53.766  28.765  -34.012 0.0000000000
102452  53.385  28.831  -34.743 0.0000000000
102453  49.925  28.314  -34.139 0.0000000000
102454  49.332  28.590  -35.071 0.0000000000
102461  52.994  28.801  -35.249 0.0000000000
102462  48.857  28.644  -36.057 0.0000000000
102463  48.567  28.021  -36.444 0.0000000000
102466  52.548  28.691  -35.764 0.0000000000
102467  52.079  28.659  -36.455 0.0000000000
102468  48.635  29.241  -36.568 0.0000000000
102469  48.392  28.571  -36.978 0.0000000000
102470  51.491  28.626  -37.132 0.0000000000
102471  50.824  28.553  -37.837 0.0000000000
102472  47.787  28.415  -37.863 0.0000000000
102473  47.551  27.898  -38.205 0.0000000000
102474  50.156  28.371  -38.807 0.0000000000
102475  49.760  27.451  -39.045 0.0000000000
102476  47.641  28.899  -38.213 0.0000000000
102477  47.388  28.447  -38.603 0.0000000000
102478  49.874  28.964  -39.529 0.0000000000
102479  49.301  28.330  -39.908 0.0000000000
102480  48.873  27.765  -40.384 0.0000000000
102481  46.842  28.435  -39.437 0.0000000000
102483  48.993  28.922  -40.661 0.0000000000
102484  48.712  28.376  -40.972 0.0000000000
102487  48.063  28.515  -42.109 0.0000000000
102488  47.587  27.945  -42.434 0.0000000000
102491  47.953  29.032  -42.760 0.0000000000
102492  47.510  28.541  -43.023 0.0000000000
102495  46.938  28.514  -44.220 0.0000000000
102496  46.366  27.836  -44.459 0.0000000000
102499  47.046  28.900  -45.416 0.0000000000
102500  46.417  28.052  -45.056 0.0000000000
102504  47.056  29.109  -46.319 0.0000000000
102505  46.499  28.262  -46.016 0.0000000000
102509  46.943  29.324  -46.760 0.0000000000
102510  46.585  28.617  -46.957 0.0000000000
102513  45.904  28.295  -47.798 0.0000000000
102514  44.921  28.603  -47.877 0.0000000000
102515  44.372  28.772  -48.028 0.0000000000
102517  45.774  27.666  -48.214 0.0000000000
102518  45.210  27.807  -48.135 0.0000000000
102519  44.324  28.134  -48.300 0.0000000000
102520  43.579  28.268  -48.960 0.0000000000
102523  43.186  28.419  -49.948 0.0000000000
102526  43.122  28.554  -51.037 0.0000000000
103144  53.066  29.582  -31.722 0.0000000000
103145  52.741  29.329  -31.471 0.0000000000
103146  52.407  29.068  -31.312 0.0000000000
103153  53.272  29.774  -32.314 0.0000000000
103154  52.680  29.830  -32.065 0.0000000000
103155  52.005  29.523  -32.085 0.0000000000
103156  51.413  29.100  -32.263 0.0000000000
103171  53.677  29.624  -32.972 0.0000000000
103172  51.690  30.103  -32.780 0.0000000000
103173  51.126  29.652  -32.865 0.0000000000
103189  53.621  29.642  -33.653 0.0000000000
103190  53.318  29.735  -34.379 0.0000000000
103191  50.382  29.654  -33.780 0.0000000000
103192  49.737  29.731  -34.618 0.0000000000
103201  52.984  29.689  -35.051 0.0000000000
103202  49.220  29.833  -35.491 0.0000000000
103207  52.625  29.677  -35.571 0.0000000000
103208  52.278  29.758  -36.245 0.0000000000
103209  48.767  29.931  -36.253 0.0000000000
103210  48.402  29.855  -36.938 0.0000000000
103211  51.837  29.744  -37.033 0.0000000000
103212  51.291  29.688  -37.817 0.0000000000
103213  47.946  29.601  -37.676 0.0000000000
103214  47.744  30.106  -37.984 0.0000000000
103215  50.686  29.608  -38.639 0.0000000000
103216  47.753  29.128  -38.029 0.0000000000
103217  47.575  29.652  -38.347 0.0000000000
103221  50.234  29.549  -39.408 0.0000000000
103222  49.828  29.566  -40.021 0.0000000000
103223  47.086  29.536  -39.154 0.0000000000
103224  46.577  29.456  -39.891 0.0000000000
103228  49.265  29.667  -40.848 0.0000000000
103229  48.889  29.178  -41.025 0.0000000000
103232  49.117  30.080  -41.489 0.0000000000
103233  48.788  29.583  -41.693 0.0000000000
103236  48.297  29.698  -42.877 0.0000000000
103237  47.902  29.260  -43.089 0.0000000000
103240  48.222  30.096  -43.543 0.0000000000
103241  47.844  29.620  -43.761 0.0000000000
103244  47.608  29.666  -44.931 0.0000000000
103247  47.492  29.779  -45.920 0.0000000000
103251  47.227  29.841  -46.689 0.0000000000
103252  46.689  29.661  -46.986 0.0000000000
103255  46.093  29.408  -47.226 0.0000000000
103256  45.277  29.392  -47.576 0.0000000000
103257  44.495  29.324  -47.912 0.0000000000
103259  43.855  29.079  -48.318 0.0000000000
103260  43.193  29.274  -49.179 0.0000000000
103263  42.783  29.567  -50.377 0.0000000000
103264  42.503  30.222  -50.696 0.0000000000
103267  42.859  29.357  -51.524 0.0000000000
103268  42.489  30.071  -51.243 0.0000000000
103912  53.018  30.343  -32.749 0.0000000000
103913  52.697  30.243  -32.598 0.0000000000
103914  52.375  30.033  -32.428 0.0000000000
103928  53.255  30.258  -33.050 0.0000000000
103929  52.750  30.753  -33.120 0.0000000000
103930  52.137  30.474  -32.871 0.0000000000
103931  51.491  30.663  -33.182 0.0000000000
103938  53.444  30.061  -33.379 0.0000000000
103939  53.107  30.517  -33.776 0.0000000000
103940  50.842  30.726  -33.614 0.0000000000
103941  50.217  30.855  -34.291 0.0000000000
103948  52.688  30.710  -34.764 0.0000000000
103949  52.349  31.379  -35.121 0.0000000000
103950  49.591  31.028  -35.054 0.0000000000
103955  52.668  30.253  -35.298 0.0000000000
103956  52.427  30.865  -35.714 0.0000000000
103957  48.968  31.061  -35.835 0.0000000000
103958  48.408  30.976  -36.580 0.0000000000
103963  52.097  30.885  -36.719 0.0000000000
103964  51.653  30.856  -37.589 0.0000000000
103965  47.970  30.848  -37.418 0.0000000000
103966  47.820  30.345  -37.797 0.0000000000
103971  51.133  30.779  -38.474 0.0000000000
103972  47.716  31.414  -37.731 0.0000000000
103973  47.611  30.896  -38.099 0.0000000000
103979  50.552  30.689  -39.480 0.0000000000
103980  50.230  30.108  -39.899 0.0000000000
103981  47.165  30.717  -38.863 0.0000000000
103982  46.676  30.578  -39.567 0.0000000000
103988  50.420  31.287  -40.032 0.0000000000
103989  50.088  30.697  -40.535 0.0000000000
103990  46.213  30.508  -40.266 0.0000000000
103991  45.661  30.438  -40.899 0.0000000000
103996  49.353  30.674  -41.549 0.0000000000
103997  49.037  30.279  -41.792 0.0000000000
104000  49.279  31.037  -42.039 0.0000000000
104001  48.955  30.607  -42.404 0.0000000000
104003  43.470  30.523  -43.095 0.0000000000
104004  48.418  30.667  -43.580 0.0000000000
104005  48.146  30.292  -43.868 0.0000000000
104006  42.905  30.499  -43.560 0.0000000000
104007  42.330  30.489  -44.016 0.0000000000
104008  48.284  31.092  -44.184 0.0000000000
104009  48.072  30.637  -44.540 0.0000000000
104010  41.762  30.528  -44.493 0.0000000000
104012  47.819  30.589  -45.597 0.0000000000
104016  47.572  30.627  -46.445 0.0000000000
104017  46.638  30.609  -46.932 0.0000000000
104018  46.028  30.903  -47.028 0.0000000000
104021  46.303  30.027  -47.051 0.0000000000
104022  45.715  30.370  -47.194 0.0000000000
104023  44.489  30.354  -47.778 0.0000000000
104024  43.845  30.872  -48.153 0.0000000000
104027  44.077  29.737  -48.084 0.0000000000
104028  43.520  30.179  -48.470 0.0000000000
104030  42.962  30.279  -49.439 0.0000000000
104031  42.575  30.582  -50.251 0.0000000000
104034  42.281  30.727  -51.009 0.0000000000
104036  42.359  30.760  -51.855 0.0000000000
104650  52.512  30.913  -33.384 0.0000000000
104651  52.279  30.995  -33.363 0.0000000000
104652  51.891  31.072  -33.379 0.0000000000
104659  52.571  31.025  -33.597 0.0000000000
104660  52.139  31.300  -33.803 0.0000000000
104661  51.473  31.437  -33.827 0.0000000000
104662  50.763  31.561  -34.138 0.0000000000
104669  52.548  31.146  -34.098 0.0000000000
104670  52.109  31.728  -34.528 0.0000000000
104671  51.219  32.152  -34.498 0.0000000000
104672  50.331  32.063  -34.809 0.0000000000
104676  52.138  31.945  -35.398 0.0000000000
104677  49.546  32.341  -35.641 0.0000000000
104678  48.704  32.154  -36.301 0.0000000000
104683  52.012  31.913  -36.213 0.0000000000
104684  51.792  32.005  -37.094 0.0000000000
104685  48.153  32.042  -37.043 0.0000000000
104686  47.816  32.474  -37.466 0.0000000000
104691  51.394  32.002  -38.022 0.0000000000
104692  47.817  31.782  -37.511 0.0000000000
104693  47.503  32.198  -37.871 0.0000000000
104697  50.846  31.885  -38.951 0.0000000000
104698  50.529  32.329  -39.479 0.0000000000
104699  47.066  31.990  -38.514 0.0000000000
104700  46.669  31.723  -39.210 0.0000000000
104707  50.555  31.660  -39.674 0.0000000000
104708  50.210  32.126  -40.237 0.0000000000
104709  46.203  31.617  -39.809 0.0000000000
104710  45.675  31.620  -40.413 0.0000000000
104717  49.494  31.725  -41.228 0.0000000000
104718  49.011  32.075  -41.542 0.0000000000
104719  45.138  31.567  -41.051 0.0000000000
104720  44.594  31.530  -41.622 0.0000000000
104721  49.290  31.239  -41.755 0.0000000000
104722  49.005  31.550  -42.096 0.0000000000
104723  44.076  31.551  -42.174 0.0000000000
104724  43.517  31.553  -42.677 0.0000000000
104725  48.680  31.392  -43.064 0.0000000000
104726  42.956  31.523  -43.182 0.0000000000
104727  42.420  31.443  -43.666 0.0000000000
104728  48.280  31.455  -43.828 0.0000000000
104729  48.098  31.581  -44.530 0.0000000000
104730  41.895  31.454  -44.130 0.0000000000
104731  41.364  31.550  -44.636 0.0000000000
104732  47.834  31.656  -45.479 0.0000000000
104733  47.330  32.039  -45.859 0.0000000000
104734  40.816  31.576  -45.130 0.0000000000
104735  40.236  31.580  -45.560 0.0000000000
104736  39.682  31.604  -46.058 0.0000000000
104737  47.799  31.191  -46.096 0.0000000000
104738  47.143  31.591  -46.399 0.0000000000
104739  45.883  31.508  -46.776 0.0000000000
104740  44.632  31.965  -46.807 0.0000000000
104741  43.941  32.178  -46.848 0.0000000000
104743  45.718  31.016  -47.088 0.0000000000
104744  45.074  31.178  -47.240 0.0000000000
104745  43.774  31.694  -47.560 0.0000000000
104746  42.976  32.272  -47.761 0.0000000000
104749  43.318  31.140  -48.534 0.0000000000
104750  42.766  31.921  -48.373 0.0000000000
104752  43.163  30.750  -49.010 0.0000000000
104753  42.597  31.341  -49.445 0.0000000000
104756  42.144  31.332  -50.552 0.0000000000
104759  41.905  31.559  -51.558 0.0000000000
104760  41.588  32.145  -51.914 0.0000000000
104766  41.701  31.960  -52.460 0.0000000000
105411  51.659  32.383  -35.024 0.0000000000
105412  51.050  32.774  -35.130 0.0000000000
105413  50.364  32.937  -35.438 0.0000000000
105422  51.630  32.615  -35.688 0.0000000000
105423  51.044  33.204  -35.938 0.0000000000
105424  50.125  33.486  -36.152 0.0000000000
105425  49.233  33.139  -36.358 0.0000000000
105432  51.588  32.697  -36.431 0.0000000000
105433  51.075  33.146  -37.098 0.0000000000
105434  50.250  33.654  -36.976 0.0000000000
105435  48.582  33.135  -36.870 0.0000000000
105436  48.067  32.959  -37.261 0.0000000000
105443  50.771  32.925  -38.220 0.0000000000
105444  50.375  33.320  -38.617 0.0000000000
105445  48.344  33.648  -37.400 0.0000000000
105446  47.847  33.408  -37.751 0.0000000000
105454  50.596  32.750  -38.965 0.0000000000
105455  50.200  33.178  -39.344 0.0000000000
105456  47.341  33.479  -38.369 0.0000000000
105457  46.676  33.063  -38.936 0.0000000000
105458  46.165  33.345  -39.304 0.0000000000
105467  49.674  33.194  -39.985 0.0000000000
105468  49.196  33.261  -40.311 0.0000000000
105469  46.257  32.502  -39.416 0.0000000000
105470  45.723  32.893  -39.791 0.0000000000
105475  49.520  32.613  -40.592 0.0000000000
105476  48.892  32.801  -40.956 0.0000000000
105477  48.269  33.063  -41.270 0.0000000000
105478  45.131  32.828  -40.520 0.0000000000
105479  44.603  32.646  -41.160 0.0000000000
105480  48.534  32.309  -41.721 0.0000000000
105481  47.795  32.787  -41.894 0.0000000000
105482  47.176  33.044  -42.415 0.0000000000
105483  46.676  33.324  -42.736 0.0000000000
105484  44.095  32.602  -41.691 0.0000000000
105485  43.545  32.654  -42.213 0.0000000000
105486  48.337  32.010  -42.545 0.0000000000
105487  47.635  32.269  -42.881 0.0000000000
105488  46.914  32.510  -43.183 0.0000000000
105489  46.193  33.033  -43.300 0.0000000000
105490  42.948  32.611  -42.742 0.0000000000
105491  42.342  32.574  -43.319 0.0000000000
105492  41.787  32.954  -43.682 0.0000000000
105493  48.197  31.890  -43.328 0.0000000000
105494  47.643  32.049  -43.868 0.0000000000
105495  46.715  32.266  -44.104 0.0000000000
105496  45.725  32.749  -44.225 0.0000000000
105497  45.142  33.169  -44.639 0.0000000000
105498  41.967  32.183  -43.781 0.0000000000
105499  41.469  32.591  -44.200 0.0000000000
105500  47.460  32.070  -44.720 0.0000000000
105501  46.742  32.167  -45.259 0.0000000000
105502  45.613  32.568  -45.281 0.0000000000
105503  44.647  33.175  -45.229 0.0000000000
105504  44.063  33.756  -45.361 0.0000000000
105505  40.923  32.598  -44.832 0.0000000000
105506  40.420  32.542  -45.370 0.0000000000
105507  39.884  32.556  -45.832 0.0000000000
105508  46.974  32.154  -46.013 0.0000000000
105509  46.314  32.158  -46.068 0.0000000000
105510  45.162  32.342  -46.077 0.0000000000
105511  43.796  32.898  -46.146 0.0000000000
105512  43.210  33.443  -46.546 0.0000000000
105513  39.457  32.639  -46.457 0.0000000000
105514  43.643  32.389  -46.942 0.0000000000
105515  43.085  32.878  -47.152 0.0000000000
105516  39.081  32.673  -47.138 0.0000000000
105518  42.482  32.824  -48.058 0.0000000000
105520  41.989  32.736  -49.157 0.0000000000
105521  41.642  33.445  -49.628 0.0000000000
105523  41.857  32.090  -50.236 0.0000000000
105524  41.562  33.049  -50.213 0.0000000000
105527  41.817  31.848  -50.898 0.0000000000
105528  41.533  32.542  -51.267 0.0000000000
105530  41.457  32.653  -52.354 0.0000000000
106209  49.683  33.646  -36.714 0.0000000000
106210  49.206  33.638  -36.876 0.0000000000
106219  50.454  33.479  -37.565 0.0000000000
106220  49.808  33.805  -37.395 0.0000000000
106221  49.013  34.021  -37.336 0.0000000000
106230  50.276  33.560  -38.043 0.0000000000
106231  49.761  33.920  -38.306 0.0000000000
106232  48.688  34.423  -38.050 0.0000000000
106233  47.986  34.323  -38.301 0.0000000000
106246  49.431  33.947  -39.156 0.0000000000
106247  48.708  34.405  -39.081 0.0000000000
106248  48.000  34.779  -38.936 0.0000000000
106249  47.097  34.313  -38.816 0.0000000000
106250  46.500  34.149  -39.083 0.0000000000
106264  49.162  33.800  -39.777 0.0000000000
106265  48.650  33.907  -40.009 0.0000000000
106266  48.127  34.492  -40.058 0.0000000000
106267  45.937  34.200  -39.421 0.0000000000
106272  48.383  33.662  -40.711 0.0000000000
106273  47.853  34.031  -41.061 0.0000000000
106274  47.478  34.458  -41.546 0.0000000000
106275  45.315  34.391  -40.024 0.0000000000
106276  44.575  34.024  -40.737 0.0000000000
106277  44.138  34.363  -41.208 0.0000000000
106278  47.457  33.678  -41.830 0.0000000000
106279  47.037  34.170  -42.159 0.0000000000
106280  46.421  34.190  -42.745 0.0000000000
106281  44.187  33.481  -41.290 0.0000000000
106282  43.638  33.906  -41.637 0.0000000000
106283  45.786  34.104  -43.461 0.0000000000
106284  45.465  34.492  -43.971 0.0000000000
106285  43.010  33.839  -42.316 0.0000000000
106286  42.460  33.719  -42.908 0.0000000000
106287  41.955  33.758  -43.409 0.0000000000
106288  45.331  33.680  -44.136 0.0000000000
106289  44.922  34.206  -44.490 0.0000000000
106290  44.654  34.790  -44.838 0.0000000000
106291  41.499  33.815  -43.935 0.0000000000
106292  44.387  34.057  -44.933 0.0000000000
106293  44.261  34.660  -45.213 0.0000000000
106294  41.050  33.728  -44.541 0.0000000000
106295  40.552  33.687  -45.224 0.0000000000
106296  40.115  33.298  -45.652 0.0000000000
106297  43.764  34.354  -45.639 0.0000000000
106298  43.333  34.166  -46.200 0.0000000000
106299  40.115  34.053  -45.710 0.0000000000
106300  39.709  33.687  -46.177 0.0000000000
106301  42.853  34.048  -46.760 0.0000000000
106302  39.278  33.676  -46.933 0.0000000000
106303  38.901  33.650  -47.627 0.0000000000
106304  42.408  33.909  -47.595 0.0000000000
106305  42.062  34.313  -48.254 0.0000000000
106307  42.081  33.542  -48.427 0.0000000000
106308  41.703  34.127  -49.071 0.0000000000
106310  41.499  33.983  -50.055 0.0000000000
106313  41.358  33.709  -50.968 0.0000000000
106315  41.314  33.538  -51.987 0.0000000000
106322  41.508  33.476  -53.030 0.0000000000
107016  47.641  34.995  -39.301 0.0000000000
107017  47.055  34.965  -39.190 0.0000000000
107018  46.472  34.917  -39.285 0.0000000000
107031  47.690  35.087  -40.069 0.0000000000
107032  47.054  35.605  -39.563 0.0000000000
107033  46.132  35.418  -39.719 0.0000000000
107040  47.635  35.091  -40.966 0.0000000000
107041  47.271  35.210  -41.551 0.0000000000
107042  45.657  35.702  -40.243 0.0000000000
107043  45.062  35.503  -40.680 0.0000000000
107044  44.488  35.053  -41.044 0.0000000000
107045  46.814  35.275  -42.131 0.0000000000
107046  46.270  35.379  -42.696 0.0000000000
107047  44.695  35.916  -41.149 0.0000000000
107048  44.083  35.433  -41.488 0.0000000000
107049  45.746  35.520  -43.403 0.0000000000
107050  45.379  35.121  -44.103 0.0000000000
107051  43.333  35.237  -42.072 0.0000000000
107052  42.686  35.116  -42.775 0.0000000000
107053  42.228  34.606  -43.225 0.0000000000
107054  45.381  35.884  -43.830 0.0000000000
107055  44.993  35.547  -44.369 0.0000000000
107056  44.518  35.671  -44.866 0.0000000000
107057  42.319  35.516  -43.343 0.0000000000
107058  41.836  35.034  -43.710 0.0000000000
107059  44.063  35.553  -45.373 0.0000000000
107060  41.332  34.942  -44.329 0.0000000000
107061  40.827  34.853  -44.892 0.0000000000
107062  43.640  35.350  -45.908 0.0000000000
107063  43.189  35.174  -46.442 0.0000000000
107064  40.383  34.837  -45.477 0.0000000000
107065  39.901  34.815  -46.015 0.0000000000
107066  42.731  35.060  -47.042 0.0000000000
107067  39.459  34.811  -46.732 0.0000000000
107068  39.050  34.620  -47.420 0.0000000000
107069  42.377  35.064  -47.747 0.0000000000
107070  42.039  35.107  -48.445 0.0000000000
107071  38.712  34.619  -48.123 0.0000000000
107072  41.774  35.219  -49.044 0.0000000000
107074  41.529  34.963  -49.739 0.0000000000
107077  41.391  34.734  -50.646 0.0000000000
107080  41.349  34.525  -51.590 0.0000000000
107083  41.397  34.438  -52.567 0.0000000000
107089  41.621  34.492  -53.612 0.0000000000
107090  41.413  35.030  -54.265 0.0000000000
107816  47.407  35.589  -40.364 0.0000000000
107817  46.953  36.098  -40.251 0.0000000000
107818  46.297  36.124  -40.403 0.0000000000
107828  47.319  35.717  -40.908 0.0000000000
107829  46.857  36.100  -41.213 0.0000000000
107830  45.949  36.511  -40.945 0.0000000000
107831  45.270  36.448  -41.215 0.0000000000
107835  46.412  36.089  -41.851 0.0000000000
107836  45.929  36.698  -42.165 0.0000000000
107837  44.798  36.793  -41.649 0.0000000000
107838  43.929  36.561  -42.080 0.0000000000
107839  45.496  36.726  -43.231 0.0000000000
107840  45.111  37.140  -43.630 0.0000000000
107841  43.286  36.433  -42.691 0.0000000000
107842  42.756  36.436  -43.289 0.0000000000
107843  45.205  36.452  -43.912 0.0000000000
107844  44.764  36.763  -44.269 0.0000000000
107845  44.214  36.708  -44.880 0.0000000000
107846  42.295  36.368  -43.816 0.0000000000
107847  41.813  36.188  -44.299 0.0000000000
107848  43.767  36.567  -45.437 0.0000000000
107849  41.322  36.049  -44.803 0.0000000000
107850  40.822  35.905  -45.308 0.0000000000
107851  43.424  36.342  -46.014 0.0000000000
107852  43.091  36.211  -46.567 0.0000000000
107853  40.335  35.799  -45.837 0.0000000000
107854  39.860  35.756  -46.399 0.0000000000
107855  42.761  36.142  -47.192 0.0000000000
107856  39.524  35.826  -46.972 0.0000000000
107857  39.219  35.365  -47.283 0.0000000000
107858  42.446  36.072  -47.914 0.0000000000
107859  42.179  36.031  -48.660 0.0000000000
107860  39.268  36.012  -47.424 0.0000000000
107861  38.912  35.625  -47.841 0.0000000000
107862  41.804  35.969  -49.378 0.0000000000
107864  41.453  35.863  -50.266 0.0000000000
107865  41.218  36.230  -50.894 0.0000000000
107867  41.297  35.454  -51.186 0.0000000000
107868  41.176  36.133  -51.595 0.0000000000
107871  41.358  35.327  -52.072 0.0000000000
107872  41.135  36.079  -52.425 0.0000000000
107875  41.361  35.299  -52.962 0.0000000000
107876  41.062  36.037  -53.280 0.0000000000
107880  41.359  35.374  -53.698 0.0000000000
108617  45.330  37.289  -42.422 0.0000000000
108618  44.597  37.484  -42.432 0.0000000000
108619  43.898  37.331  -42.747 0.0000000000
108620  45.197  37.547  -43.049 0.0000000000
108621  44.550  37.766  -43.468 0.0000000000
108622  43.500  37.486  -43.502 0.0000000000
108623  42.865  37.250  -43.924 0.0000000000
108624  44.222  37.533  -44.250 0.0000000000
108625  43.588  37.731  -44.696 0.0000000000
108626  42.559  37.356  -44.567 0.0000000000
108627  41.949  37.013  -44.869 0.0000000000
108628  43.312  37.379  -45.420 0.0000000000
108629  42.658  37.869  -45.393 0.0000000000
108630  41.617  37.150  -45.438 0.0000000000
108631  40.885  36.632  -45.737 0.0000000000
108632  43.140  37.105  -45.996 0.0000000000
108633  42.893  37.333  -46.431 0.0000000000
108634  41.242  37.399  -45.918 0.0000000000
108635  40.522  36.881  -46.318 0.0000000000
108636  39.901  36.424  -46.753 0.0000000000
108637  42.659  37.181  -47.248 0.0000000000
108638  40.161  37.048  -46.895 0.0000000000
108639  39.657  36.694  -47.252 0.0000000000
108640  42.441  37.081  -48.077 0.0000000000
108641  42.162  36.972  -48.890 0.0000000000
108642  39.182  36.635  -47.775 0.0000000000
108643  38.814  36.557  -48.378 0.0000000000
108644  41.748  36.904  -49.642 0.0000000000
108646  41.400  36.907  -50.401 0.0000000000
108647  41.063  36.891  -51.087 0.0000000000
108649  40.934  36.845  -51.862 0.0000000000
109357  42.384  38.063  -45.785 0.0000000000
109358  41.804  37.961  -45.879 0.0000000000
109359  42.429  38.064  -46.481 0.0000000000
109360  41.439  38.177  -46.435 0.0000000000
109361  40.574  37.782  -46.802 0.0000000000
109362  42.304  38.173  -47.324 0.0000000000
109363  41.730  38.983  -47.094 0.0000000000
109364  40.068  37.609  -47.220 0.0000000000
109365  39.577  37.493  -47.661 0.0000000000
109366  42.186  37.955  -48.302 0.0000000000
109367  41.859  37.884  -49.014 0.0000000000
109368  39.141  37.479  -48.193 0.0000000000
109369  38.759  37.467  -48.790 0.0000000000
109370  41.485  37.858  -49.806 0.0000000000
109372  41.142  37.696  -50.600 0.0000000000
109373  40.830  37.593  -51.283 0.0000000000
110115  40.883  38.592  -47.044 0.0000000000
110116  40.421  38.146  -47.164 0.0000000000
110117  41.992  38.830  -47.997 0.0000000000
110118  41.142  39.066  -47.817 0.0000000000
110119  40.164  38.409  -47.716 0.0000000000
110120  39.523  38.033  -48.033 0.0000000000
110121  41.898  38.462  -48.541 0.0000000000
110122  41.441  38.967  -48.995 0.0000000000
110123  40.493  39.072  -48.487 0.0000000000
110124  39.398  38.540  -48.752 0.0000000000
110125  38.722  38.011  -49.118 0.0000000000
110126  40.946  38.589  -50.115 0.0000000000
110127  40.135  38.895  -50.224 0.0000000000
110128  39.318  38.839  -49.934 0.0000000000
110129  38.746  38.219  -49.673 0.0000000000
110130  40.847  38.105  -50.823 0.0000000000
110131  40.300  38.288  -51.227 0.0000000000
110862  41.004  39.213  -49.284 0.0000000000
110863  40.660  39.239  -49.098 0.0000000000
110864  40.118  39.188  -48.898 0.0000000000
110865  41.071  39.079  -49.502 0.0000000000
110866  40.679  39.112  -49.600 0.0000000000
110867  40.030  39.156  -49.412 0.0000000000
