#!ascii label  , from subject cvs_avg35_inMNI152 vox2ras=TkReg
2000
31300  33.172  -36.874  22.650 0.0000000000
31310  33.201  -37.101  22.154 0.0000000000
32383  32.697  -36.406  22.735 0.0000000000
32384  32.004  -36.055  22.871 0.0000000000
32393  33.090  -36.858  21.172 0.0000000000
32394  32.749  -36.610  21.743 0.0000000000
32395  32.193  -36.232  22.160 0.0000000000
32403  32.783  -36.464  20.683 0.0000000000
32413  33.074  -36.448  19.856 0.0000000000
32425  33.423  -36.373  19.389 0.0000000000
33419  31.621  -35.323  23.022 0.0000000000
33429  32.206  -36.063  21.654 0.0000000000
33430  31.820  -35.469  21.886 0.0000000000
33440  32.261  -35.799  20.939 0.0000000000
33441  31.761  -34.982  20.804 0.0000000000
33451  32.553  -35.819  19.933 0.0000000000
33452  32.100  -35.130  20.018 0.0000000000
33460  33.506  -35.851  18.503 0.0000000000
33461  32.943  -35.729  18.943 0.0000000000
33462  32.371  -35.250  19.341 0.0000000000
33475  33.234  -35.469  18.145 0.0000000000
34397  31.251  -34.669  23.358 0.0000000000
34398  30.759  -34.245  23.760 0.0000000000
34408  31.319  -34.663  22.371 0.0000000000
34409  30.703  -34.225  22.806 0.0000000000
34420  31.353  -34.576  21.375 0.0000000000
34421  30.698  -34.147  21.778 0.0000000000
34431  31.320  -34.481  20.622 0.0000000000
34432  30.798  -34.120  20.794 0.0000000000
34442  31.550  -34.593  20.026 0.0000000000
34443  31.055  -34.227  20.150 0.0000000000
34451  32.379  -35.059  18.806 0.0000000000
34452  31.880  -34.567  19.096 0.0000000000
34464  33.512  -35.049  17.567 0.0000000000
34465  32.461  -34.620  17.979 0.0000000000
34466  31.800  -34.123  18.419 0.0000000000
34477  33.144  -34.277  17.079 0.0000000000
34478  32.605  -34.019  17.265 0.0000000000
35400  29.747  -33.419  23.745 0.0000000000
35408  30.108  -33.913  23.272 0.0000000000
35409  29.700  -33.231  22.873 0.0000000000
35417  30.101  -33.705  22.282 0.0000000000
35418  29.713  -32.966  21.938 0.0000000000
35425  30.120  -33.365  21.068 0.0000000000
35426  29.698  -32.740  21.262 0.0000000000
35434  31.242  -34.128  19.561 0.0000000000
35435  30.605  -33.568  19.857 0.0000000000
35441  31.202  -33.625  18.756 0.0000000000
35442  30.629  -33.115  19.061 0.0000000000
35450  32.249  -33.572  17.360 0.0000000000
35451  31.736  -33.638  17.928 0.0000000000
35461  33.598  -33.484  16.503 0.0000000000
35462  32.763  -33.487  16.879 0.0000000000
36285  29.505  -32.973  24.136 0.0000000000
36286  29.050  -32.387  24.092 0.0000000000
36292  29.411  -32.739  23.440 0.0000000000
36293  28.946  -32.017  23.192 0.0000000000
36299  29.358  -32.491  22.550 0.0000000000
36300  28.916  -31.795  22.244 0.0000000000
36308  29.326  -32.238  21.544 0.0000000000
36309  28.886  -31.579  21.497 0.0000000000
36317  30.126  -32.992  20.208 0.0000000000
36318  29.679  -32.363  20.470 0.0000000000
36326  30.238  -32.596  19.463 0.0000000000
36327  29.849  -31.822  19.560 0.0000000000
36333  31.303  -33.110  18.034 0.0000000000
36334  30.835  -32.476  18.354 0.0000000000
36343  32.373  -33.020  16.976 0.0000000000
36344  31.765  -32.554  17.339 0.0000000000
36345  31.188  -31.695  17.640 0.0000000000
36356  34.137  -32.387  16.004 0.0000000000
36357  32.866  -32.410  16.499 0.0000000000
36358  32.251  -31.662  16.766 0.0000000000
36365  34.398  -31.537  15.745 0.0000000000
36979  28.145  -30.888  44.835 0.0000000000
36992  27.281  -30.930  44.030 0.0000000000
36993  26.756  -31.238  43.969 0.0000000000
36996  23.623  -31.991  43.027 0.0000000000
36997  22.580  -31.894  42.855 0.0000000000
36998  21.500  -31.506  42.849 0.0000000000
36999  20.537  -31.263  43.407 0.0000000000
37010  25.157  -31.399  43.042 0.0000000000
37011  24.397  -31.374  42.677 0.0000000000
37012  23.399  -31.324  42.424 0.0000000000
37013  22.467  -31.075  42.336 0.0000000000
37014  21.845  -30.655  42.469 0.0000000000
37161  28.401  -31.395  23.992 0.0000000000
37162  28.059  -31.196  24.656 0.0000000000
37169  28.557  -31.216  22.793 0.0000000000
37177  28.645  -31.038  21.868 0.0000000000
37184  29.095  -31.621  20.802 0.0000000000
37185  28.777  -30.977  21.058 0.0000000000
37191  29.360  -31.295  19.931 0.0000000000
37192  28.987  -30.971  20.438 0.0000000000
37197  30.290  -31.687  18.872 0.0000000000
37198  29.901  -31.063  19.199 0.0000000000
37204  30.707  -31.212  18.091 0.0000000000
37205  30.309  -30.919  18.634 0.0000000000
37212  31.704  -31.207  17.098 0.0000000000
37213  31.148  -30.966  17.485 0.0000000000
37221  33.668  -31.329  15.862 0.0000000000
37222  32.799  -31.178  16.315 0.0000000000
37223  32.275  -30.929  16.675 0.0000000000
37230  34.415  -30.940  15.626 0.0000000000
37828  30.284  -30.790  48.796 0.0000000000
37839  30.105  -30.384  48.344 0.0000000000
37850  29.215  -30.365  47.119 0.0000000000
37860  29.344  -30.249  45.946 0.0000000000
37870  29.329  -30.047  45.270 0.0000000000
37871  28.843  -30.533  45.120 0.0000000000
37881  28.023  -30.422  44.167 0.0000000000
37882  27.537  -30.759  44.076 0.0000000000
37883  20.224  -30.163  44.496 0.0000000000
37891  27.824  -30.237  43.610 0.0000000000
37892  27.317  -30.499  43.463 0.0000000000
37893  26.221  -30.908  43.260 0.0000000000
37894  25.611  -31.155  43.137 0.0000000000
37895  21.160  -30.410  42.924 0.0000000000
37896  20.411  -30.372  43.752 0.0000000000
37904  27.129  -30.097  42.922 0.0000000000
37905  26.563  -30.212  42.794 0.0000000000
37906  25.377  -30.554  42.470 0.0000000000
37907  24.177  -30.743  42.057 0.0000000000
37908  23.238  -30.602  41.939 0.0000000000
37909  22.482  -30.144  42.075 0.0000000000
37910  21.817  -30.026  42.465 0.0000000000
37919  25.244  -30.066  41.905 0.0000000000
37920  24.760  -30.164  41.698 0.0000000000
37921  23.879  -30.097  41.571 0.0000000000
37922  23.182  -29.928  41.692 0.0000000000
38098  28.146  -30.636  23.771 0.0000000000
38099  27.833  -30.471  24.394 0.0000000000
38109  28.282  -30.599  23.195 0.0000000000
38110  28.059  -30.064  23.492 0.0000000000
38118  28.460  -30.259  22.289 0.0000000000
38119  28.242  -29.930  22.864 0.0000000000
38125  28.618  -30.237  21.335 0.0000000000
38132  29.110  -30.591  19.995 0.0000000000
38133  28.827  -30.250  20.475 0.0000000000
38139  29.535  -30.327  19.437 0.0000000000
38140  29.111  -30.018  19.846 0.0000000000
38146  30.564  -30.319  18.239 0.0000000000
38147  30.108  -30.287  18.811 0.0000000000
38153  31.518  -30.313  17.250 0.0000000000
38154  30.972  -30.344  17.674 0.0000000000
38160  33.356  -30.374  16.007 0.0000000000
38161  32.703  -30.320  16.457 0.0000000000
38162  32.118  -30.279  16.867 0.0000000000
38168  34.893  -30.330  15.578 0.0000000000
38169  34.147  -30.325  15.703 0.0000000000
38785  33.424  -28.529  50.477 0.0000000000
38786  33.016  -28.657  50.444 0.0000000000
38793  33.675  -29.100  50.218 0.0000000000
38794  32.490  -29.247  50.103 0.0000000000
38795  31.352  -29.427  49.276 0.0000000000
38796  30.884  -30.123  48.884 0.0000000000
38803  30.959  -28.925  48.735 0.0000000000
38804  30.502  -29.563  48.310 0.0000000000
38805  30.019  -30.216  48.112 0.0000000000
38811  30.224  -29.091  47.106 0.0000000000
38812  29.881  -29.971  47.585 0.0000000000
38818  30.226  -28.952  46.028 0.0000000000
38819  29.873  -29.751  46.491 0.0000000000
38826  30.110  -28.747  45.408 0.0000000000
38827  29.632  -29.342  45.175 0.0000000000
38828  29.211  -29.891  44.935 0.0000000000
38829  20.425  -29.326  45.575 0.0000000000
38833  41.755  -28.929  43.924 0.0000000000
38834  41.266  -28.789  43.964 0.0000000000
38836  29.267  -29.067  44.484 0.0000000000
38837  28.860  -29.548  44.366 0.0000000000
38838  21.054  -29.043  44.433 0.0000000000
38839  20.528  -29.512  44.823 0.0000000000
38843  42.059  -29.371  43.069 0.0000000000
38844  41.083  -29.071  43.256 0.0000000000
38845  40.599  -28.882  42.924 0.0000000000
38847  28.018  -29.701  43.252 0.0000000000
38848  27.443  -30.011  42.995 0.0000000000
38849  21.136  -29.466  43.531 0.0000000000
38850  20.560  -29.642  44.151 0.0000000000
38854  42.234  -29.457  41.918 0.0000000000
38855  41.355  -29.497  42.208 0.0000000000
38856  40.502  -29.099  42.315 0.0000000000
38857  39.974  -28.843  41.895 0.0000000000
38860  27.693  -29.160  42.614 0.0000000000
38861  27.169  -29.596  42.575 0.0000000000
38862  26.187  -29.684  42.012 0.0000000000
38863  25.526  -29.954  41.985 0.0000000000
38864  22.201  -29.266  42.313 0.0000000000
38865  21.604  -29.605  42.820 0.0000000000
38869  42.256  -29.294  40.781 0.0000000000
38870  41.498  -29.653  41.112 0.0000000000
38871  40.722  -29.482  41.369 0.0000000000
38872  40.139  -29.093  41.512 0.0000000000
38876  26.086  -29.409  41.235 0.0000000000
38877  25.395  -29.724  41.380 0.0000000000
38878  24.401  -29.463  41.191 0.0000000000
38879  23.561  -29.373  41.378 0.0000000000
38880  22.849  -29.309  41.707 0.0000000000
38884  42.136  -29.091  39.793 0.0000000000
38885  41.524  -29.557  40.015 0.0000000000
38886  40.742  -29.656  40.311 0.0000000000
38887  40.011  -29.309  40.675 0.0000000000
38891  26.213  -29.052  40.914 0.0000000000
38892  25.694  -29.099  40.836 0.0000000000
38893  25.001  -29.147  40.848 0.0000000000
38897  42.039  -28.936  39.252 0.0000000000
38898  41.528  -29.223  38.957 0.0000000000
38899  40.765  -29.612  39.209 0.0000000000
38900  39.852  -29.467  39.469 0.0000000000
38901  39.358  -29.145  39.130 0.0000000000
38911  41.240  -29.151  38.309 0.0000000000
38912  40.790  -29.392  38.146 0.0000000000
38913  40.022  -29.514  38.408 0.0000000000
38914  39.326  -29.178  38.575 0.0000000000
38926  40.524  -29.265  37.538 0.0000000000
38927  40.101  -29.410  37.569 0.0000000000
38928  39.284  -29.246  37.494 0.0000000000
38940  40.303  -29.182  37.115 0.0000000000
38941  39.698  -29.209  36.722 0.0000000000
38942  38.957  -29.190  36.451 0.0000000000
38959  39.287  -29.052  36.059 0.0000000000
38960  38.829  -28.971  35.776 0.0000000000
39100  27.355  -29.397  24.764 0.0000000000
39110  27.726  -29.401  23.728 0.0000000000
39120  28.266  -29.374  22.344 0.0000000000
39121  28.030  -29.368  22.978 0.0000000000
39130  28.457  -29.399  21.584 0.0000000000
39141  28.662  -29.436  20.756 0.0000000000
39148  29.412  -29.455  19.494 0.0000000000
39149  28.961  -29.421  20.039 0.0000000000
39156  30.425  -29.548  18.428 0.0000000000
39157  29.904  -29.525  18.964 0.0000000000
39164  31.356  -29.675  17.462 0.0000000000
39165  30.903  -29.569  17.867 0.0000000000
39171  33.168  -29.678  16.230 0.0000000000
39172  32.654  -29.511  16.664 0.0000000000
39173  31.979  -29.411  17.140 0.0000000000
39177  35.446  -29.670  15.620 0.0000000000
39178  34.771  -29.550  15.608 0.0000000000
39179  33.902  -29.424  15.823 0.0000000000
39723  34.317  -27.901  50.343 0.0000000000
39724  33.890  -28.203  50.473 0.0000000000
39725  33.141  -28.063  50.565 0.0000000000
39729  34.995  -28.187  49.529 0.0000000000
39730  34.570  -28.251  50.069 0.0000000000
39731  34.210  -28.688  50.218 0.0000000000
39732  32.473  -28.164  50.319 0.0000000000
39733  31.753  -28.275  49.770 0.0000000000
39739  31.189  -28.175  48.898 0.0000000000
39740  30.833  -28.540  48.354 0.0000000000
39746  30.887  -27.811  48.209 0.0000000000
39747  30.619  -28.226  47.574 0.0000000000
39753  30.455  -28.183  46.490 0.0000000000
39758  41.011  -28.084  45.455 0.0000000000
39759  40.454  -28.060  45.163 0.0000000000
39760  39.911  -27.949  44.773 0.0000000000
39763  30.282  -28.200  45.627 0.0000000000
39764  29.967  -28.304  44.976 0.0000000000
39765  21.165  -27.907  45.712 0.0000000000
39766  20.790  -28.408  45.922 0.0000000000
39769  42.076  -28.397  44.329 0.0000000000
39770  41.277  -28.414  44.661 0.0000000000
39771  40.438  -28.323  44.361 0.0000000000
39772  39.760  -28.027  44.005 0.0000000000
39776  29.418  -28.403  44.240 0.0000000000
39777  29.119  -28.927  44.153 0.0000000000
39778  21.433  -28.111  45.057 0.0000000000
39779  20.856  -28.887  45.152 0.0000000000
39783  43.084  -27.972  43.130 0.0000000000
39784  42.517  -28.497  43.637 0.0000000000
39785  40.888  -28.677  43.958 0.0000000000
39786  40.335  -28.558  43.373 0.0000000000
39787  39.590  -28.170  43.227 0.0000000000
39791  29.224  -28.116  43.611 0.0000000000
39792  28.860  -28.626  43.491 0.0000000000
39793  21.663  -28.500  43.915 0.0000000000
39796  43.268  -28.099  42.202 0.0000000000
39797  42.819  -28.837  42.638 0.0000000000
39798  40.350  -28.765  42.757 0.0000000000
39799  39.812  -28.539  42.453 0.0000000000
39803  28.154  -28.645  42.649 0.0000000000
39804  27.415  -28.651  42.035 0.0000000000
39805  26.847  -29.222  42.035 0.0000000000
39806  22.310  -28.274  42.434 0.0000000000
39807  21.843  -28.837  43.029 0.0000000000
39810  43.277  -28.023  41.263 0.0000000000
39811  42.887  -28.795  41.532 0.0000000000
39812  39.319  -28.551  41.309 0.0000000000
39817  27.111  -28.207  40.984 0.0000000000
39818  26.648  -29.014  41.360 0.0000000000
39819  23.870  -28.881  41.088 0.0000000000
39820  23.285  -28.453  41.322 0.0000000000
39821  22.659  -28.620  41.885 0.0000000000
39825  43.205  -27.827  40.731 0.0000000000
39826  42.828  -28.399  40.384 0.0000000000
39827  39.270  -29.012  40.024 0.0000000000
39828  38.373  -28.375  40.188 0.0000000000
39832  26.633  -27.789  40.573 0.0000000000
39833  26.130  -28.369  40.635 0.0000000000
39834  25.152  -28.526  40.552 0.0000000000
39835  24.331  -28.638  40.742 0.0000000000
39836  23.808  -28.437  40.957 0.0000000000
39840  42.300  -28.489  39.484 0.0000000000
39841  41.954  -28.568  38.915 0.0000000000
39842  39.342  -29.118  39.415 0.0000000000
39843  38.703  -28.776  39.084 0.0000000000
39844  37.511  -28.141  39.306 0.0000000000
39850  41.425  -28.597  38.204 0.0000000000
39851  41.121  -29.086  37.954 0.0000000000
39852  38.508  -28.857  37.877 0.0000000000
39853  37.622  -28.321  38.214 0.0000000000
39861  41.153  -28.229  37.683 0.0000000000
39862  40.776  -28.719  37.411 0.0000000000
39863  38.384  -28.934  36.819 0.0000000000
39864  37.625  -28.464  37.109 0.0000000000
39865  36.654  -27.988  37.386 0.0000000000
39866  35.551  -27.889  37.660 0.0000000000
39873  40.156  -28.708  36.582 0.0000000000
39874  39.655  -28.666  36.027 0.0000000000
39875  38.300  -28.930  35.903 0.0000000000
39876  37.606  -28.651  36.117 0.0000000000
39877  36.750  -28.222  36.326 0.0000000000
39878  35.639  -27.855  36.482 0.0000000000
39890  39.129  -28.595  35.540 0.0000000000
39891  38.434  -28.537  35.116 0.0000000000
39892  37.684  -28.681  35.238 0.0000000000
39893  36.855  -28.465  35.375 0.0000000000
39894  36.020  -27.992  35.543 0.0000000000
39906  38.280  -28.309  34.628 0.0000000000
39907  37.908  -28.435  34.552 0.0000000000
39908  37.055  -28.442  34.486 0.0000000000
39909  36.200  -28.092  34.611 0.0000000000
39923  36.558  -28.152  34.058 0.0000000000
39924  36.069  -27.998  33.896 0.0000000000
40056  27.215  -28.337  24.769 0.0000000000
40067  27.506  -28.470  23.894 0.0000000000
40077  28.075  -28.845  22.507 0.0000000000
40078  27.856  -28.590  23.003 0.0000000000
40085  28.237  -28.463  21.858 0.0000000000
40086  28.046  -28.447  22.437 0.0000000000
40097  28.561  -28.615  20.979 0.0000000000
40105  29.281  -28.697  19.662 0.0000000000
40106  28.867  -28.662  20.267 0.0000000000
40114  30.285  -28.787  18.644 0.0000000000
40115  29.768  -28.747  19.140 0.0000000000
40123  32.159  -28.255  17.323 0.0000000000
40124  31.521  -28.738  17.562 0.0000000000
40125  30.826  -28.797  18.151 0.0000000000
40130  35.867  -29.255  15.681 0.0000000000
40131  33.335  -28.771  16.235 0.0000000000
40132  32.631  -28.581  16.948 0.0000000000
40133  32.081  -28.753  17.254 0.0000000000
40136  36.076  -28.400  15.749 0.0000000000
40137  35.576  -28.841  15.647 0.0000000000
40138  34.705  -28.736  15.640 0.0000000000
40139  34.040  -28.574  15.789 0.0000000000
40711  34.569  -27.615  50.206 0.0000000000
40712  34.197  -27.452  50.466 0.0000000000
40713  33.497  -27.380  50.573 0.0000000000
40718  35.169  -27.592  49.318 0.0000000000
40719  34.953  -27.499  49.863 0.0000000000
40720  32.728  -27.316  50.439 0.0000000000
40721  32.002  -27.326  50.067 0.0000000000
40725  35.500  -27.372  48.632 0.0000000000
40726  31.519  -27.258  49.338 0.0000000000
40729  36.694  -26.946  47.362 0.0000000000
40731  31.124  -26.990  48.466 0.0000000000
40732  30.838  -27.156  47.662 0.0000000000
40736  40.216  -26.991  46.398 0.0000000000
40737  39.719  -27.180  46.406 0.0000000000
40738  38.874  -27.259  46.333 0.0000000000
40742  30.666  -27.254  46.799 0.0000000000
40747  41.306  -27.618  45.211 0.0000000000
40748  40.542  -27.445  45.811 0.0000000000
40749  39.631  -27.616  45.558 0.0000000000
40754  30.419  -27.284  45.813 0.0000000000
40755  30.178  -27.638  45.176 0.0000000000
40756  21.428  -27.312  45.986 0.0000000000
40757  21.055  -27.823  46.017 0.0000000000
40760  42.383  -28.001  44.124 0.0000000000
40761  41.896  -27.673  44.519 0.0000000000
40766  30.179  -27.011  45.088 0.0000000000
40767  29.866  -27.391  44.492 0.0000000000
40768  21.927  -27.041  45.094 0.0000000000
40771  42.925  -27.455  43.174 0.0000000000
40772  42.493  -27.405  43.633 0.0000000000
40773  42.018  -27.172  44.127 0.0000000000
40777  29.373  -27.410  43.496 0.0000000000
40778  29.100  -27.946  43.242 0.0000000000
40779  22.024  -27.473  44.168 0.0000000000
40782  43.177  -27.228  42.686 0.0000000000
40783  42.830  -27.172  43.143 0.0000000000
40787  29.157  -26.934  42.895 0.0000000000
40788  28.675  -27.509  42.525 0.0000000000
40789  28.018  -28.069  42.191 0.0000000000
40790  22.396  -27.302  42.485 0.0000000000
40791  22.100  -27.846  43.217 0.0000000000
40794  43.422  -27.308  41.755 0.0000000000
40795  39.274  -28.161  42.071 0.0000000000
40798  28.259  -26.991  41.851 0.0000000000
40799  27.822  -27.486  41.538 0.0000000000
40800  23.204  -27.415  41.333 0.0000000000
40801  22.789  -27.788  41.858 0.0000000000
40804  43.383  -27.332  40.983 0.0000000000
40805  43.074  -27.419  40.366 0.0000000000
40806  27.098  -27.303  40.612 0.0000000000
40807  26.135  -27.268  40.066 0.0000000000
40808  25.258  -27.831  40.082 0.0000000000
40809  24.445  -28.037  40.230 0.0000000000
40810  23.743  -27.793  40.693 0.0000000000
40812  42.553  -27.552  39.510 0.0000000000
40813  42.202  -28.103  39.131 0.0000000000
40814  25.679  -26.795  39.610 0.0000000000
40815  25.202  -27.112  39.609 0.0000000000
40816  24.461  -27.392  39.811 0.0000000000
40817  24.010  -27.581  40.105 0.0000000000
40819  42.275  -27.103  39.021 0.0000000000
40820  41.947  -27.649  38.663 0.0000000000
40822  41.388  -27.691  37.885 0.0000000000
40823  40.943  -27.725  37.278 0.0000000000
40825  40.331  -27.769  36.396 0.0000000000
40826  39.942  -28.279  36.069 0.0000000000
40827  35.253  -27.695  35.603 0.0000000000
40828  34.615  -27.678  35.939 0.0000000000
40833  40.069  -27.267  35.753 0.0000000000
40834  39.515  -27.767  35.371 0.0000000000
40835  38.887  -28.207  35.074 0.0000000000
40836  35.392  -27.637  34.879 0.0000000000
40837  34.628  -27.364  35.133 0.0000000000
40844  39.097  -27.326  34.653 0.0000000000
40845  38.458  -27.790  34.287 0.0000000000
40846  37.398  -28.114  33.918 0.0000000000
40847  36.894  -28.175  33.958 0.0000000000
40848  35.498  -27.669  34.102 0.0000000000
40849  34.674  -27.201  34.241 0.0000000000
40850  33.973  -26.939  34.610 0.0000000000
40861  38.136  -27.230  33.430 0.0000000000
40862  37.478  -27.523  33.015 0.0000000000
40863  36.535  -27.942  33.392 0.0000000000
40864  35.681  -27.640  33.467 0.0000000000
40865  35.048  -27.252  33.548 0.0000000000
40879  36.999  -27.225  32.271 0.0000000000
40880  36.484  -27.463  32.497 0.0000000000
40881  35.727  -27.386  32.854 0.0000000000
40882  35.305  -27.251  33.145 0.0000000000
41003  27.223  -27.496  25.242 0.0000000000
41019  27.536  -27.412  24.130 0.0000000000
41032  28.126  -27.054  22.582 0.0000000000
41033  27.774  -27.715  23.200 0.0000000000
41048  28.344  -27.370  21.777 0.0000000000
41049  27.999  -27.925  22.434 0.0000000000
41064  29.053  -27.280  20.529 0.0000000000
41065  28.589  -27.759  21.091 0.0000000000
41082  29.882  -27.388  19.454 0.0000000000
41083  29.233  -27.842  19.901 0.0000000000
41084  28.799  -28.009  20.502 0.0000000000
41103  30.860  -27.477  18.594 0.0000000000
41104  30.222  -27.963  18.937 0.0000000000
41105  29.651  -28.109  19.374 0.0000000000
41123  31.882  -27.559  17.640 0.0000000000
41124  31.226  -27.991  18.122 0.0000000000
41125  30.695  -28.198  18.483 0.0000000000
41137  36.308  -27.730  16.102 0.0000000000
41138  35.204  -27.320  15.951 0.0000000000
41139  34.244  -27.313  16.110 0.0000000000
41140  33.358  -27.674  16.549 0.0000000000
41141  32.623  -27.637  17.172 0.0000000000
41148  35.875  -28.245  15.695 0.0000000000
41149  35.395  -28.108  15.660 0.0000000000
41150  34.555  -27.972  15.708 0.0000000000
41151  33.828  -28.014  15.932 0.0000000000
41653  35.183  -26.653  49.948 0.0000000000
41654  34.844  -26.882  50.161 0.0000000000
41655  33.980  -26.625  50.479 0.0000000000
41656  33.171  -26.578  50.376 0.0000000000
41660  35.330  -26.815  49.525 0.0000000000
41661  35.057  -27.064  49.889 0.0000000000
41662  32.477  -26.446  50.033 0.0000000000
41663  31.859  -26.610  49.629 0.0000000000
41667  36.809  -26.114  48.154 0.0000000000
41668  36.279  -26.392  48.409 0.0000000000
41669  32.140  -25.959  49.455 0.0000000000
41670  31.583  -26.200  48.951 0.0000000000
41674  39.459  -26.151  47.035 0.0000000000
41675  39.168  -26.191  47.149 0.0000000000
41676  38.405  -26.235  47.315 0.0000000000
41677  37.239  -26.380  47.604 0.0000000000
41678  36.535  -26.725  47.694 0.0000000000
41679  31.330  -26.007  48.186 0.0000000000
41680  31.016  -26.425  47.801 0.0000000000
41685  40.454  -26.706  46.108 0.0000000000
41686  39.797  -26.383  46.758 0.0000000000
41687  39.056  -26.747  46.917 0.0000000000
41688  38.200  -26.851  46.951 0.0000000000
41689  37.590  -27.015  46.926 0.0000000000
41690  31.203  -25.793  47.534 0.0000000000
41691  30.903  -26.278  47.041 0.0000000000
41695  41.460  -27.276  44.904 0.0000000000
41696  40.908  -26.805  45.242 0.0000000000
41697  30.669  -26.375  46.201 0.0000000000
41698  21.891  -26.381  45.825 0.0000000000
41701  41.546  -27.027  44.469 0.0000000000
41702  40.977  -26.532  44.237 0.0000000000
41703  30.406  -26.324  45.338 0.0000000000
41704  30.071  -26.452  44.612 0.0000000000
41705  22.072  -26.260  45.105 0.0000000000
41708  42.353  -26.907  43.469 0.0000000000
41709  41.873  -26.754  43.649 0.0000000000
41710  41.094  -26.241  43.335 0.0000000000
41711  29.762  -26.522  43.929 0.0000000000
41712  22.068  -26.465  44.355 0.0000000000
41715  43.074  -26.604  42.525 0.0000000000
41716  42.568  -26.644  42.953 0.0000000000
41717  41.789  -26.151  42.801 0.0000000000
41718  41.187  -25.856  42.680 0.0000000000
41719  29.410  -26.371  43.172 0.0000000000
41720  29.022  -26.403  42.478 0.0000000000
41721  22.368  -26.638  42.509 0.0000000000
41722  22.146  -26.649  43.280 0.0000000000
41724  43.363  -26.552  42.063 0.0000000000
41725  28.486  -26.362  41.843 0.0000000000
41726  28.119  -26.677  41.412 0.0000000000
41727  23.186  -26.975  41.398 0.0000000000
41728  22.895  -26.708  41.832 0.0000000000
41730  43.455  -26.491  41.226 0.0000000000
41731  43.284  -26.792  40.632 0.0000000000
41732  28.187  -26.039  41.128 0.0000000000
41733  27.666  -26.450  40.723 0.0000000000
41734  26.800  -26.453  40.168 0.0000000000
41735  23.351  -26.841  41.008 0.0000000000
41736  23.087  -26.076  41.177 0.0000000000
41738  43.326  -26.172  40.593 0.0000000000
41739  42.968  -26.506  40.028 0.0000000000
41740  26.066  -26.305  39.576 0.0000000000
41741  25.252  -26.411  39.350 0.0000000000
41742  24.433  -26.547  39.518 0.0000000000
41743  23.797  -26.849  40.120 0.0000000000
41745  42.521  -26.515  39.247 0.0000000000
41746  42.088  -26.616  38.680 0.0000000000
41748  41.605  -26.717  38.015 0.0000000000
41749  41.195  -27.055  37.472 0.0000000000
41751  41.232  -26.341  37.359 0.0000000000
41752  40.842  -26.751  36.773 0.0000000000
41755  40.386  -26.716  35.966 0.0000000000
41756  39.961  -26.714  35.341 0.0000000000
41758  39.454  -26.696  34.709 0.0000000000
41759  38.960  -26.965  34.253 0.0000000000
41760  34.407  -26.951  33.977 0.0000000000
41761  34.126  -26.801  33.997 0.0000000000
41762  33.418  -26.681  33.952 0.0000000000
41765  39.159  -26.329  34.099 0.0000000000
41766  38.593  -26.592  33.556 0.0000000000
41767  37.962  -26.843  32.944 0.0000000000
41768  34.449  -26.929  33.641 0.0000000000
41769  33.811  -26.653  33.344 0.0000000000
41770  32.910  -26.526  33.189 0.0000000000
41776  38.205  -26.155  32.698 0.0000000000
41777  37.385  -26.548  32.064 0.0000000000
41778  36.465  -26.913  31.826 0.0000000000
41779  35.652  -26.993  32.055 0.0000000000
41780  34.675  -26.811  32.676 0.0000000000
41781  33.378  -26.340  32.510 0.0000000000
41791  37.067  -26.092  31.458 0.0000000000
41792  36.506  -26.258  31.072 0.0000000000
41793  35.681  -26.652  31.127 0.0000000000
41794  34.823  -26.607  31.383 0.0000000000
41795  33.755  -26.208  31.511 0.0000000000
41796  32.807  -25.965  31.751 0.0000000000
41808  36.163  -25.922  30.484 0.0000000000
41809  35.620  -26.161  30.191 0.0000000000
41810  34.942  -26.538  30.388 0.0000000000
41811  34.165  -26.379  30.599 0.0000000000
41826  35.314  -26.188  29.226 0.0000000000
41827  34.947  -26.511  29.534 0.0000000000
41828  34.332  -26.490  29.682 0.0000000000
41846  35.089  -26.114  28.760 0.0000000000
41847  34.775  -26.378  28.873 0.0000000000
41848  34.492  -26.524  29.146 0.0000000000
41886  27.562  -26.637  25.583 0.0000000000
41898  27.599  -26.754  24.743 0.0000000000
41915  28.155  -26.063  23.528 0.0000000000
41916  27.905  -26.325  23.927 0.0000000000
41932  28.275  -26.276  23.077 0.0000000000
41933  27.903  -26.939  23.357 0.0000000000
41951  29.423  -26.170  21.516 0.0000000000
41952  28.831  -26.290  21.899 0.0000000000
41972  30.329  -26.390  20.456 0.0000000000
41973  29.716  -26.440  20.888 0.0000000000
41974  28.805  -26.950  21.148 0.0000000000
41991  31.097  -26.428  19.661 0.0000000000
41992  30.442  -26.596  19.869 0.0000000000
41993  29.576  -27.007  20.028 0.0000000000
42011  31.881  -26.228  18.849 0.0000000000
42012  31.283  -26.606  19.020 0.0000000000
42013  30.504  -27.156  19.116 0.0000000000
42032  32.882  -26.197  17.532 0.0000000000
42033  32.094  -26.459  18.202 0.0000000000
42034  31.429  -27.174  18.251 0.0000000000
42051  35.823  -26.564  16.358 0.0000000000
42052  34.776  -26.499  16.402 0.0000000000
42053  33.856  -26.652  16.635 0.0000000000
42054  33.081  -26.836  17.004 0.0000000000
42055  32.477  -26.907  17.446 0.0000000000
42590  35.282  -26.249  49.978 0.0000000000
42591  34.601  -25.847  50.230 0.0000000000
42592  33.585  -25.765  50.177 0.0000000000
42593  33.006  -26.063  50.076 0.0000000000
42597  36.562  -25.461  49.042 0.0000000000
42598  36.017  -25.816  49.417 0.0000000000
42599  35.406  -25.527  49.957 0.0000000000
42600  33.491  -25.349  49.825 0.0000000000
42601  32.920  -25.517  49.657 0.0000000000
42605  37.493  -25.372  48.183 0.0000000000
42606  36.934  -25.659  48.422 0.0000000000
42607  36.486  -25.819  48.874 0.0000000000
42608  32.254  -25.300  48.720 0.0000000000
42609  31.692  -25.645  48.426 0.0000000000
42613  39.373  -25.869  47.063 0.0000000000
42614  38.760  -25.636  47.358 0.0000000000
42615  37.955  -25.625  47.801 0.0000000000
42616  37.445  -25.752  48.076 0.0000000000
42617  32.363  -24.807  48.048 0.0000000000
42618  31.766  -25.152  47.786 0.0000000000
42622  40.249  -26.015  45.945 0.0000000000
42623  39.549  -25.557  46.564 0.0000000000
42624  39.150  -25.418  47.029 0.0000000000
42625  31.282  -25.232  46.740 0.0000000000
42626  30.922  -25.804  46.431 0.0000000000
42631  40.289  -26.005  44.890 0.0000000000
42632  39.470  -25.291  45.578 0.0000000000
42633  38.873  -24.889  45.409 0.0000000000
42634  31.402  -24.820  45.991 0.0000000000
42635  30.954  -25.385  45.670 0.0000000000
42636  22.261  -24.991  45.268 0.0000000000
42637  22.126  -25.648  45.576 0.0000000000
42640  40.318  -26.045  43.831 0.0000000000
42641  39.592  -25.592  44.353 0.0000000000
42642  38.943  -25.067  44.745 0.0000000000
42643  30.477  -25.553  44.495 0.0000000000
42644  29.978  -25.982  44.193 0.0000000000
42645  22.229  -25.018  44.438 0.0000000000
42646  22.141  -25.674  44.746 0.0000000000
42648  40.515  -25.846  42.914 0.0000000000
42649  39.713  -25.712  43.292 0.0000000000
42650  38.974  -25.346  43.733 0.0000000000
42651  30.494  -25.117  43.799 0.0000000000
42652  29.970  -25.538  43.536 0.0000000000
42653  22.142  -25.034  43.941 0.0000000000
42654  22.061  -25.649  43.821 0.0000000000
42656  43.054  -25.985  42.290 0.0000000000
42657  42.428  -25.517  42.286 0.0000000000
42658  41.619  -25.469  42.246 0.0000000000
42659  40.859  -25.505  42.156 0.0000000000
42660  40.014  -25.492  42.334 0.0000000000
42661  39.180  -25.448  42.696 0.0000000000
42662  29.414  -25.485  42.555 0.0000000000
42663  28.917  -25.713  41.980 0.0000000000
42664  22.260  -25.960  42.614 0.0000000000
42665  22.034  -25.921  43.190 0.0000000000
42668  43.380  -25.690  41.619 0.0000000000
42669  41.977  -24.777  41.930 0.0000000000
42670  41.324  -25.024  41.592 0.0000000000
42671  40.422  -25.091  41.421 0.0000000000
42672  39.417  -25.165  41.711 0.0000000000
42673  38.856  -25.220  42.264 0.0000000000
42674  29.117  -24.946  41.772 0.0000000000
42675  28.560  -25.314  41.290 0.0000000000
42676  22.539  -25.572  41.744 0.0000000000
42679  43.492  -25.529  40.875 0.0000000000
42680  39.790  -24.900  41.061 0.0000000000
42681  39.411  -24.937  41.156 0.0000000000
42682  27.975  -25.323  40.428 0.0000000000
42683  27.242  -25.685  40.073 0.0000000000
42684  26.676  -25.830  39.695 0.0000000000
42685  23.310  -26.125  40.480 0.0000000000
42686  22.773  -25.312  40.626 0.0000000000
42689  43.281  -25.479  40.171 0.0000000000
42690  42.861  -25.573  39.494 0.0000000000
42691  27.547  -25.067  39.729 0.0000000000
42692  27.035  -25.235  39.296 0.0000000000
42693  26.269  -25.556  39.197 0.0000000000
42694  25.494  -25.746  39.093 0.0000000000
42695  24.613  -25.780  39.109 0.0000000000
42696  23.524  -25.498  39.522 0.0000000000
42697  22.781  -24.919  39.868 0.0000000000
42700  42.396  -25.658  38.761 0.0000000000
42701  41.908  -25.978  38.288 0.0000000000
42702  26.504  -25.015  38.788 0.0000000000
42703  25.773  -25.172  38.690 0.0000000000
42704  24.947  -25.248  38.634 0.0000000000
42705  24.141  -25.065  38.813 0.0000000000
42706  23.680  -24.871  38.943 0.0000000000
42708  42.110  -25.328  38.156 0.0000000000
42709  41.641  -25.625  37.635 0.0000000000
42711  41.179  -25.632  36.723 0.0000000000
42712  40.736  -26.024  36.148 0.0000000000
42715  40.968  -25.364  35.873 0.0000000000
42716  40.448  -25.765  35.339 0.0000000000
42717  39.920  -26.054  34.881 0.0000000000
42720  40.186  -25.489  34.641 0.0000000000
42721  39.685  -25.734  34.256 0.0000000000
42723  39.188  -25.701  33.634 0.0000000000
42724  38.742  -25.631  33.046 0.0000000000
42726  38.391  -25.451  32.579 0.0000000000
42727  37.934  -25.630  32.170 0.0000000000
42731  37.409  -25.638  31.596 0.0000000000
42732  36.925  -25.756  31.147 0.0000000000
42733  33.462  -26.030  31.156 0.0000000000
42734  33.143  -25.899  31.139 0.0000000000
42735  32.404  -25.731  31.051 0.0000000000
42742  37.109  -25.223  31.039 0.0000000000
42743  36.541  -25.430  30.559 0.0000000000
42744  35.995  -25.662  30.168 0.0000000000
42745  33.508  -26.069  30.800 0.0000000000
42746  32.938  -25.819  30.458 0.0000000000
42747  32.117  -25.626  30.254 0.0000000000
42756  36.149  -25.211  29.969 0.0000000000
42757  35.749  -25.553  29.522 0.0000000000
42758  33.576  -26.222  29.948 0.0000000000
42759  32.805  -25.849  29.522 0.0000000000
42760  31.829  -25.513  29.331 0.0000000000
42776  35.350  -25.661  28.828 0.0000000000
42777  34.722  -25.744  28.406 0.0000000000
42778  33.834  -26.207  28.692 0.0000000000
42779  32.526  -25.734  28.432 0.0000000000
42780  31.484  -25.333  28.336 0.0000000000
42781  30.483  -25.280  28.224 0.0000000000
42799  34.166  -25.641  27.310 0.0000000000
42800  33.100  -25.915  27.351 0.0000000000
42801  32.059  -25.472  27.383 0.0000000000
42802  31.069  -24.959  27.351 0.0000000000
42803  30.031  -25.049  27.148 0.0000000000
42804  29.095  -25.457  27.302 0.0000000000
42823  34.063  -25.635  26.429 0.0000000000
42824  33.543  -25.964  26.115 0.0000000000
42825  32.454  -25.735  26.323 0.0000000000
42826  31.581  -25.229  26.524 0.0000000000
42827  29.874  -24.926  26.506 0.0000000000
42828  29.353  -25.206  26.270 0.0000000000
42829  28.414  -25.760  26.601 0.0000000000
42845  33.447  -25.817  25.355 0.0000000000
42846  32.755  -25.791  25.137 0.0000000000
42847  31.687  -25.389  25.501 0.0000000000
42848  31.241  -25.126  25.281 0.0000000000
42849  29.204  -25.176  25.151 0.0000000000
42850  28.523  -25.568  25.586 0.0000000000
42851  27.940  -26.012  25.948 0.0000000000
42862  32.484  -25.430  23.997 0.0000000000
42863  31.827  -25.513  24.460 0.0000000000
42864  31.236  -25.160  24.825 0.0000000000
42865  29.123  -25.219  24.188 0.0000000000
42866  28.530  -25.552  24.625 0.0000000000
42867  27.904  -25.995  24.934 0.0000000000
42879  32.302  -25.364  22.924 0.0000000000
42880  31.657  -25.434  23.406 0.0000000000
42881  31.073  -25.200  23.948 0.0000000000
42882  29.191  -25.362  23.395 0.0000000000
42883  28.470  -25.739  23.696 0.0000000000
42884  28.127  -25.831  24.265 0.0000000000
42895  32.065  -25.211  21.967 0.0000000000
42896  31.498  -25.397  22.347 0.0000000000
42897  30.580  -25.267  22.829 0.0000000000
42898  29.562  -25.388  22.766 0.0000000000
42899  28.893  -25.776  22.826 0.0000000000
42912  31.965  -25.217  21.234 0.0000000000
42913  31.469  -25.456  21.392 0.0000000000
42914  30.725  -25.579  21.664 0.0000000000
42915  29.753  -25.780  21.822 0.0000000000
42916  29.232  -25.783  22.298 0.0000000000
42929  32.115  -25.072  20.758 0.0000000000
42930  31.682  -25.513  20.621 0.0000000000
42931  30.829  -26.090  20.659 0.0000000000
42932  30.275  -26.031  21.271 0.0000000000
42946  32.046  -25.213  20.003 0.0000000000
42947  31.541  -26.031  19.769 0.0000000000
42948  31.012  -26.339  19.995 0.0000000000
42962  32.179  -25.596  18.987 0.0000000000
42963  31.773  -26.147  19.163 0.0000000000
42979  33.901  -24.980  17.339 0.0000000000
42980  33.392  -25.389  17.481 0.0000000000
42981  32.750  -25.532  18.082 0.0000000000
43001  36.281  -25.593  16.543 0.0000000000
43002  35.250  -25.628  16.588 0.0000000000
43003  34.230  -25.579  16.891 0.0000000000
43004  33.472  -26.108  17.064 0.0000000000
43676  34.098  -25.254  50.067 0.0000000000
43677  33.722  -25.290  49.914 0.0000000000
43686  36.369  -25.268  49.296 0.0000000000
43687  35.947  -25.061  49.566 0.0000000000
43688  34.925  -24.868  49.881 0.0000000000
43689  33.798  -24.865  49.556 0.0000000000
43690  33.096  -24.872  48.959 0.0000000000
43699  37.286  -25.160  48.428 0.0000000000
43700  36.754  -24.872  48.853 0.0000000000
43701  35.775  -24.424  49.142 0.0000000000
43702  34.744  -24.184  49.056 0.0000000000
43703  33.746  -24.204  48.557 0.0000000000
43704  32.870  -24.540  48.274 0.0000000000
43712  38.313  -25.246  47.596 0.0000000000
43713  37.705  -24.859  47.941 0.0000000000
43714  36.939  -24.410  48.149 0.0000000000
43715  33.354  -24.038  47.812 0.0000000000
43716  32.618  -24.225  47.404 0.0000000000
43717  31.916  -24.560  46.960 0.0000000000
43725  39.167  -25.224  46.816 0.0000000000
43726  38.678  -24.996  47.103 0.0000000000
43727  37.897  -24.451  46.968 0.0000000000
43728  32.364  -23.953  46.495 0.0000000000
43729  31.775  -24.411  46.220 0.0000000000
43737  39.166  -25.077  46.465 0.0000000000
43738  38.631  -24.726  46.113 0.0000000000
43739  37.671  -24.293  45.951 0.0000000000
43740  37.081  -24.045  45.453 0.0000000000
43741  32.167  -23.713  45.740 0.0000000000
43742  31.574  -24.247  45.265 0.0000000000
43743  31.039  -24.807  44.748 0.0000000000
43750  38.344  -24.687  45.217 0.0000000000
43751  37.643  -24.384  44.894 0.0000000000
43752  36.891  -24.043  44.694 0.0000000000
43753  31.317  -24.131  44.225 0.0000000000
43754  30.864  -24.737  44.004 0.0000000000
43755  22.438  -24.340  44.968 0.0000000000
43760  38.308  -24.835  44.242 0.0000000000
43761  37.549  -24.542  43.881 0.0000000000
43762  36.633  -24.162  43.683 0.0000000000
43763  36.031  -23.957  43.259 0.0000000000
43764  31.074  -24.165  43.571 0.0000000000
43765  30.506  -24.489  43.226 0.0000000000
43766  29.894  -24.825  42.798 0.0000000000
43767  22.270  -24.495  43.978 0.0000000000
43768  22.080  -25.062  43.542 0.0000000000
43771  43.202  -24.951  42.005 0.0000000000
43772  42.610  -24.511  42.007 0.0000000000
43773  38.414  -25.001  43.035 0.0000000000
43774  37.459  -24.758  42.759 0.0000000000
43775  36.561  -24.427  42.582 0.0000000000
43776  35.777  -23.986  42.527 0.0000000000
43777  30.128  -24.148  42.413 0.0000000000
43778  29.613  -24.559  42.149 0.0000000000
43779  22.149  -24.778  42.802 0.0000000000
43780  22.025  -25.459  43.170 0.0000000000
43783  43.852  -24.014  41.045 0.0000000000
43784  43.534  -24.630  41.182 0.0000000000
43785  42.146  -24.068  41.861 0.0000000000
43786  41.579  -24.153  41.475 0.0000000000
43787  41.015  -24.557  41.125 0.0000000000
43788  39.144  -24.970  41.281 0.0000000000
43789  38.490  -24.961  41.712 0.0000000000
43790  37.296  -24.797  41.615 0.0000000000
43791  36.315  -24.494  41.587 0.0000000000
43792  35.429  -24.010  41.574 0.0000000000
43793  34.828  -23.805  41.204 0.0000000000
43794  29.844  -23.936  41.864 0.0000000000
43795  29.396  -24.093  41.411 0.0000000000
43796  28.892  -24.511  41.203 0.0000000000
43797  22.238  -24.479  41.475 0.0000000000
43800  44.012  -24.059  40.568 0.0000000000
43801  43.644  -24.685  40.385 0.0000000000
43802  41.128  -23.970  40.936 0.0000000000
43803  40.354  -24.302  40.656 0.0000000000
43804  39.242  -24.727  40.643 0.0000000000
43805  38.072  -24.736  40.533 0.0000000000
43806  36.969  -24.703  40.569 0.0000000000
43807  36.019  -24.470  40.623 0.0000000000
43808  35.246  -24.156  40.588 0.0000000000
43809  34.557  -23.813  40.498 0.0000000000
43810  29.053  -23.995  40.843 0.0000000000
43811  28.616  -24.369  40.503 0.0000000000
43812  22.286  -24.198  40.236 0.0000000000
43815  44.091  -24.089  39.951 0.0000000000
43816  43.479  -24.480  39.470 0.0000000000
43817  42.850  -24.933  39.008 0.0000000000
43818  39.705  -24.066  39.920 0.0000000000
43819  38.762  -24.240  39.349 0.0000000000
43820  37.570  -24.471  39.553 0.0000000000
43821  36.562  -24.490  39.673 0.0000000000
43822  35.690  -24.354  39.774 0.0000000000
43823  34.967  -24.167  39.814 0.0000000000
43824  34.388  -23.860  39.626 0.0000000000
43825  28.002  -24.321  39.504 0.0000000000
43826  27.466  -24.757  39.274 0.0000000000
43827  23.368  -24.672  38.975 0.0000000000
43828  22.830  -24.435  39.244 0.0000000000
43832  43.094  -24.408  38.790 0.0000000000
43833  42.593  -24.708  38.359 0.0000000000
43834  38.454  -23.725  38.678 0.0000000000
43835  37.913  -23.996  38.698 0.0000000000
43836  36.999  -24.215  38.784 0.0000000000
43837  36.070  -24.266  38.914 0.0000000000
43838  35.229  -24.230  39.085 0.0000000000
43839  34.750  -24.108  39.278 0.0000000000
43840  27.891  -23.890  38.817 0.0000000000
43841  27.230  -24.331  38.546 0.0000000000
43842  26.147  -24.632  38.257 0.0000000000
43843  25.265  -24.745  38.178 0.0000000000
43844  24.468  -24.665  38.271 0.0000000000
43845  23.669  -24.339  38.367 0.0000000000
43846  23.133  -24.325  38.698 0.0000000000
43849  42.120  -24.745  37.695 0.0000000000
43850  41.702  -24.789  37.039 0.0000000000
43851  27.046  -23.860  37.859 0.0000000000
43852  26.484  -24.041  37.799 0.0000000000
43853  25.591  -24.199  37.728 0.0000000000
43854  24.737  -24.217  37.790 0.0000000000
43855  24.200  -24.207  37.979 0.0000000000
43858  41.401  -24.688  36.155 0.0000000000
43860  40.947  -24.687  35.083 0.0000000000
43861  40.510  -25.180  34.745 0.0000000000
43864  40.711  -24.162  34.533 0.0000000000
43865  40.214  -24.679  34.069 0.0000000000
43866  39.634  -25.220  33.739 0.0000000000
43868  39.898  -24.259  33.353 0.0000000000
43869  39.322  -24.721  33.057 0.0000000000
43870  38.716  -25.124  32.725 0.0000000000
43872  39.103  -24.315  32.387 0.0000000000
43873  38.431  -24.718  32.136 0.0000000000
43874  37.797  -25.194  31.882 0.0000000000
43876  38.058  -24.221  31.041 0.0000000000
43877  37.633  -24.884  31.380 0.0000000000
43880  37.785  -23.899  30.554 0.0000000000
43881  37.130  -24.394  30.393 0.0000000000
43882  36.478  -24.886  30.100 0.0000000000
43884  36.763  -23.966  29.736 0.0000000000
43885  36.187  -24.527  29.394 0.0000000000
43886  35.682  -25.162  28.993 0.0000000000
43891  35.856  -24.144  28.723 0.0000000000
43892  35.300  -24.697  28.380 0.0000000000
43893  34.666  -25.199  27.911 0.0000000000
43902  35.020  -24.231  27.805 0.0000000000
43903  34.725  -24.699  27.461 0.0000000000
43904  30.977  -24.859  26.615 0.0000000000
43905  30.604  -24.843  26.881 0.0000000000
43917  34.394  -24.967  26.369 0.0000000000
43918  34.096  -25.631  26.005 0.0000000000
43919  31.108  -25.021  25.969 0.0000000000
43920  30.371  -24.814  26.300 0.0000000000
43921  29.837  -24.871  26.198 0.0000000000
43936  34.394  -24.632  25.706 0.0000000000
43937  33.873  -25.203  25.350 0.0000000000
43938  33.345  -25.611  25.069 0.0000000000
43939  31.212  -25.094  25.523 0.0000000000
43940  30.720  -24.890  25.328 0.0000000000
43941  29.862  -24.826  25.646 0.0000000000
43956  33.656  -24.900  24.670 0.0000000000
43957  33.222  -25.246  24.568 0.0000000000
43958  30.661  -24.949  24.486 0.0000000000
43959  29.900  -24.809  24.604 0.0000000000
43974  33.554  -24.725  24.171 0.0000000000
43975  33.029  -24.904  23.508 0.0000000000
43976  30.309  -24.953  23.779 0.0000000000
43977  29.642  -25.005  23.722 0.0000000000
43987  32.591  -24.814  22.497 0.0000000000
43988  29.923  -25.030  23.221 0.0000000000
43989  29.570  -25.174  23.264 0.0000000000
44000  32.255  -24.689  21.479 0.0000000000
44009  32.344  -24.564  20.487 0.0000000000
44017  32.508  -24.626  19.508 0.0000000000
44026  33.230  -24.098  18.245 0.0000000000
44027  32.881  -24.633  18.491 0.0000000000
44035  35.014  -23.993  17.161 0.0000000000
44036  34.451  -24.506  17.240 0.0000000000
44037  33.528  -24.464  17.790 0.0000000000
44038  33.069  -24.968  17.893 0.0000000000
44047  36.718  -24.650  16.610 0.0000000000
44048  35.533  -24.565  16.768 0.0000000000
44049  34.852  -25.050  16.813 0.0000000000
44744  36.372  -24.239  48.516 0.0000000000
44745  35.635  -23.912  48.407 0.0000000000
44746  34.691  -23.768  48.111 0.0000000000
44747  33.985  -23.771  47.750 0.0000000000
44754  37.249  -24.332  47.563 0.0000000000
44755  36.502  -23.957  47.728 0.0000000000
44756  35.524  -23.636  47.461 0.0000000000
44757  34.596  -23.412  47.195 0.0000000000
44758  33.594  -23.461  47.050 0.0000000000
44759  32.936  -23.529  46.622 0.0000000000
44767  37.105  -24.100  46.874 0.0000000000
44768  36.282  -23.783  46.726 0.0000000000
44769  35.412  -23.416  46.452 0.0000000000
44770  34.447  -23.008  46.127 0.0000000000
44771  33.461  -22.933  46.057 0.0000000000
44772  32.711  -23.255  45.970 0.0000000000
44779  36.889  -23.958  46.130 0.0000000000
44780  36.287  -23.709  45.654 0.0000000000
44781  35.369  -23.326  45.460 0.0000000000
44782  34.706  -23.027  45.225 0.0000000000
44783  33.053  -22.766  45.337 0.0000000000
44784  32.534  -23.114  45.272 0.0000000000
44785  32.122  -23.471  45.047 0.0000000000
44793  36.067  -23.694  44.668 0.0000000000
44794  35.328  -23.350  44.554 0.0000000000
44795  34.667  -23.008  44.415 0.0000000000
44796  32.777  -22.702  44.792 0.0000000000
44797  32.341  -22.919  44.617 0.0000000000
44798  31.795  -23.341  44.306 0.0000000000
44799  22.397  -23.634  44.612 0.0000000000
44806  35.872  -23.724  43.946 0.0000000000
44807  35.313  -23.471  43.546 0.0000000000
44808  34.436  -22.969  43.495 0.0000000000
44809  33.894  -22.691  43.097 0.0000000000
44810  31.386  -23.518  43.401 0.0000000000
44811  31.028  -23.880  43.054 0.0000000000
44812  22.257  -23.638  43.541 0.0000000000
44820  43.320  -24.390  41.615 0.0000000000
44821  43.103  -24.221  41.869 0.0000000000
44822  35.020  -23.495  42.586 0.0000000000
44823  34.306  -23.136  42.485 0.0000000000
44824  33.593  -22.764  42.314 0.0000000000
44825  31.133  -23.449  42.745 0.0000000000
44826  30.667  -23.637  42.511 0.0000000000
44827  22.106  -23.523  42.340 0.0000000000
44835  44.034  -23.539  40.785 0.0000000000
44836  43.436  -23.792  41.406 0.0000000000
44837  42.648  -23.685  41.779 0.0000000000
44838  41.943  -23.427  41.646 0.0000000000
44839  34.759  -23.552  41.864 0.0000000000
44840  34.119  -23.398  41.445 0.0000000000
44841  33.253  -22.850  41.266 0.0000000000
44842  30.188  -23.487  41.959 0.0000000000
44843  29.849  -23.449  41.410 0.0000000000
44844  21.979  -23.295  41.112 0.0000000000
44845  21.872  -22.897  40.758 0.0000000000
44852  45.232  -22.787  39.528 0.0000000000
44853  44.628  -23.402  39.999 0.0000000000
44854  41.436  -23.379  41.155 0.0000000000
44855  40.911  -23.389  40.687 0.0000000000
44856  33.737  -23.388  40.265 0.0000000000
44857  32.842  -22.774  40.276 0.0000000000
44858  32.282  -22.475  40.044 0.0000000000
44859  29.459  -23.364  40.580 0.0000000000
44860  29.024  -23.777  40.420 0.0000000000
44861  21.937  -23.050  40.246 0.0000000000
44862  21.825  -22.874  40.531 0.0000000000
44866  45.237  -23.164  38.944 0.0000000000
44867  44.229  -23.704  39.244 0.0000000000
44868  43.792  -23.992  39.155 0.0000000000
44869  40.244  -23.338  40.111 0.0000000000
44870  39.528  -23.333  39.340 0.0000000000
44871  33.834  -23.617  39.273 0.0000000000
44872  33.189  -23.158  39.374 0.0000000000
44873  32.473  -22.672  39.411 0.0000000000
44874  29.403  -22.977  39.931 0.0000000000
44875  28.909  -23.409  39.771 0.0000000000
44876  22.326  -23.454  39.325 0.0000000000
44881  45.262  -23.003  38.356 0.0000000000
44882  44.580  -23.220  38.317 0.0000000000
44883  43.580  -23.864  38.644 0.0000000000
44884  42.979  -24.173  38.384 0.0000000000
44885  38.856  -23.313  38.697 0.0000000000
44886  38.191  -23.226  38.162 0.0000000000
44887  37.350  -23.702  38.052 0.0000000000
44888  36.415  -24.018  38.054 0.0000000000
44889  35.450  -24.060  38.215 0.0000000000
44890  34.447  -23.920  38.605 0.0000000000
44891  33.504  -23.417  38.479 0.0000000000
44892  32.714  -22.938  38.527 0.0000000000
44893  28.315  -23.374  38.959 0.0000000000
44894  27.864  -23.428  38.368 0.0000000000
44895  23.432  -23.743  37.973 0.0000000000
44896  22.900  -23.657  38.388 0.0000000000
44899  44.230  -23.058  37.773 0.0000000000
44900  43.698  -23.359  37.886 0.0000000000
44901  42.726  -23.841  37.656 0.0000000000
44902  42.105  -24.294  37.282 0.0000000000
44903  38.164  -22.903  37.743 0.0000000000
44904  37.779  -23.110  37.393 0.0000000000
44905  36.765  -23.570  37.277 0.0000000000
44906  35.763  -23.751  37.315 0.0000000000
44907  34.787  -23.723  37.458 0.0000000000
44908  33.857  -23.523  37.554 0.0000000000
44909  33.011  -23.117  37.586 0.0000000000
44910  27.437  -23.522  37.914 0.0000000000
44911  26.951  -23.346  37.321 0.0000000000
44912  25.987  -23.692  37.166 0.0000000000
44913  25.045  -23.728  37.233 0.0000000000
44914  24.026  -23.579  37.504 0.0000000000
44915  23.304  -23.304  37.737 0.0000000000
44918  42.463  -23.513  36.974 0.0000000000
44919  41.998  -23.885  36.702 0.0000000000
44920  37.731  -22.828  36.870 0.0000000000
44921  37.151  -23.063  36.509 0.0000000000
44922  36.099  -23.425  36.473 0.0000000000
44923  35.097  -23.467  36.510 0.0000000000
44924  34.182  -23.412  36.616 0.0000000000
44925  33.348  -23.186  36.657 0.0000000000
44926  26.906  -22.882  36.867 0.0000000000
44927  26.405  -23.076  36.702 0.0000000000
44928  25.483  -23.228  36.642 0.0000000000
44929  24.671  -23.167  36.797 0.0000000000
44932  41.471  -23.732  35.629 0.0000000000
44933  36.978  -22.794  35.961 0.0000000000
44934  36.439  -22.993  35.828 0.0000000000
44935  35.410  -23.113  35.627 0.0000000000
44936  34.441  -23.170  35.666 0.0000000000
44937  33.702  -23.168  35.949 0.0000000000
44940  41.004  -23.629  34.817 0.0000000000
44941  40.659  -23.649  34.180 0.0000000000
44942  35.172  -22.883  35.172 0.0000000000
44943  34.880  -22.944  35.159 0.0000000000
44946  40.248  -23.586  33.271 0.0000000000
44947  39.799  -24.067  32.977 0.0000000000
44949  40.201  -23.135  32.635 0.0000000000
44950  39.595  -23.634  32.276 0.0000000000
44951  39.004  -24.154  32.073 0.0000000000
44953  39.197  -23.123  31.145 0.0000000000
44954  38.814  -23.899  31.493 0.0000000000
44957  39.016  -22.927  30.574 0.0000000000
44958  38.356  -23.337  30.411 0.0000000000
44959  37.632  -23.718  30.263 0.0000000000
44961  38.098  -23.003  29.689 0.0000000000
44962  37.368  -23.396  29.531 0.0000000000
44963  36.636  -23.806  29.351 0.0000000000
44965  37.125  -23.108  28.771 0.0000000000
44966  36.396  -23.515  28.595 0.0000000000
44967  35.695  -23.953  28.385 0.0000000000
44972  36.163  -23.248  27.833 0.0000000000
44973  35.511  -23.699  27.637 0.0000000000
44974  34.965  -24.125  27.478 0.0000000000
44985  35.246  -23.579  26.682 0.0000000000
44986  34.892  -24.118  26.928 0.0000000000
45003  35.319  -23.352  26.264 0.0000000000
45004  34.814  -23.867  25.915 0.0000000000
45005  34.359  -24.380  25.284 0.0000000000
45021  34.590  -23.764  24.948 0.0000000000
45022  34.079  -24.423  24.572 0.0000000000
45039  34.431  -23.705  24.221 0.0000000000
45040  33.815  -24.068  23.556 0.0000000000
45041  33.126  -24.357  22.875 0.0000000000
45059  33.310  -23.625  22.699 0.0000000000
45060  32.598  -24.052  22.206 0.0000000000
45074  32.927  -23.212  21.856 0.0000000000
45075  32.493  -23.866  21.147 0.0000000000
45089  32.967  -23.045  20.764 0.0000000000
45090  32.666  -23.829  20.082 0.0000000000
45103  33.232  -23.127  19.662 0.0000000000
45104  32.854  -23.864  19.053 0.0000000000
45120  34.572  -22.966  18.273 0.0000000000
45121  33.679  -23.460  18.448 0.0000000000
45122  33.084  -23.971  18.507 0.0000000000
45135  36.487  -23.074  16.985 0.0000000000
45136  35.565  -23.458  17.208 0.0000000000
45137  34.609  -23.554  17.653 0.0000000000
45138  34.026  -23.959  17.725 0.0000000000
45148  37.230  -23.707  16.678 0.0000000000
45149  36.294  -23.874  16.790 0.0000000000
45864  34.344  -22.840  45.554 0.0000000000
45865  34.027  -22.723  45.652 0.0000000000
45874  34.233  -22.761  45.111 0.0000000000
45875  33.678  -22.646  45.207 0.0000000000
45885  34.027  -22.666  44.437 0.0000000000
45886  33.315  -22.534  44.458 0.0000000000
45887  32.689  -22.499  44.113 0.0000000000
45888  32.150  -22.669  43.985 0.0000000000
45889  22.209  -22.833  44.294 0.0000000000
45890  21.933  -21.988  44.092 0.0000000000
45901  33.782  -22.601  43.787 0.0000000000
45902  33.206  -22.448  43.335 0.0000000000
45903  32.415  -22.504  43.249 0.0000000000
45904  31.822  -22.852  43.338 0.0000000000
45905  22.082  -22.540  43.159 0.0000000000
45906  21.897  -21.605  43.291 0.0000000000
45914  32.691  -22.435  42.165 0.0000000000
45915  31.904  -22.538  42.398 0.0000000000
45916  31.334  -22.986  42.516 0.0000000000
45917  30.949  -23.211  42.401 0.0000000000
45918  22.031  -22.346  41.880 0.0000000000
45919  22.023  -21.785  42.605 0.0000000000
45924  44.298  -22.963  40.544 0.0000000000
45925  43.660  -22.989  41.013 0.0000000000
45926  42.856  -23.026  41.400 0.0000000000
45927  42.323  -23.111  41.591 0.0000000000
45928  32.494  -22.474  41.021 0.0000000000
45929  31.892  -22.323  41.396 0.0000000000
45930  31.246  -22.507  41.581 0.0000000000
45931  30.631  -22.956  41.805 0.0000000000
45932  30.160  -23.129  41.576 0.0000000000
45933  21.881  -22.422  40.816 0.0000000000
45934  21.819  -22.700  40.713 0.0000000000
45938  45.299  -22.278  39.506 0.0000000000
45939  44.763  -22.494  40.042 0.0000000000
45940  43.901  -22.400  40.480 0.0000000000
45941  42.981  -22.489  40.783 0.0000000000
45942  41.904  -22.632  41.068 0.0000000000
45943  41.286  -22.944  40.867 0.0000000000
45944  32.381  -22.467  40.465 0.0000000000
45945  31.882  -22.296  40.439 0.0000000000
45946  31.171  -22.223  40.605 0.0000000000
45947  30.561  -22.436  40.665 0.0000000000
45948  30.073  -22.910  41.006 0.0000000000
45949  21.880  -22.354  40.154 0.0000000000
45950  21.828  -22.635  40.476 0.0000000000
45953  45.628  -22.430  38.975 0.0000000000
45954  41.585  -22.373  40.493 0.0000000000
45955  40.975  -22.547  40.390 0.0000000000
45956  40.068  -22.527  39.572 0.0000000000
45957  31.790  -22.315  39.563 0.0000000000
45958  31.206  -22.159  39.839 0.0000000000
45959  30.316  -22.357  40.064 0.0000000000
45960  29.794  -22.465  39.896 0.0000000000
45961  29.263  -22.751  39.614 0.0000000000
45962  22.062  -22.525  39.467 0.0000000000
45966  45.707  -22.627  38.061 0.0000000000
45967  45.153  -22.876  38.095 0.0000000000
45968  39.227  -22.438  38.721 0.0000000000
45969  38.646  -22.797  38.344 0.0000000000
45970  31.912  -22.464  38.658 0.0000000000
45971  31.017  -21.996  38.893 0.0000000000
45972  30.420  -21.778  38.562 0.0000000000
45973  29.563  -22.051  39.192 0.0000000000
45974  28.908  -22.388  38.881 0.0000000000
45975  28.276  -22.913  38.441 0.0000000000
45976  22.412  -22.630  38.599 0.0000000000
45981  45.662  -22.260  36.970 0.0000000000
45982  44.750  -22.654  37.492 0.0000000000
45983  43.764  -22.937  37.381 0.0000000000
45984  43.245  -23.267  37.467 0.0000000000
45985  39.057  -21.943  38.230 0.0000000000
45986  38.425  -22.384  37.713 0.0000000000
45987  37.976  -22.672  37.127 0.0000000000
45988  32.139  -22.735  37.684 0.0000000000
45989  31.307  -22.227  37.865 0.0000000000
45990  30.557  -21.806  38.033 0.0000000000
45991  28.693  -21.975  38.051 0.0000000000
45992  27.980  -22.536  37.582 0.0000000000
45993  27.236  -22.776  37.035 0.0000000000
45994  23.477  -22.855  37.277 0.0000000000
45995  22.919  -22.582  37.695 0.0000000000
45998  45.593  -22.072  36.384 0.0000000000
45999  44.886  -22.105  36.360 0.0000000000
46000  43.869  -22.493  36.612 0.0000000000
46001  42.869  -23.014  36.868 0.0000000000
46002  42.336  -23.355  36.666 0.0000000000
46003  38.358  -22.015  37.077 0.0000000000
46004  37.815  -22.323  36.575 0.0000000000
46005  37.258  -22.641  36.125 0.0000000000
46006  32.475  -22.871  36.676 0.0000000000
46007  31.578  -22.444  36.835 0.0000000000
46008  30.737  -21.958  37.099 0.0000000000
46009  27.848  -21.955  36.820 0.0000000000
46010  27.141  -22.312  36.430 0.0000000000
46011  25.997  -22.691  36.070 0.0000000000
46012  24.991  -22.710  36.146 0.0000000000
46013  24.017  -22.502  36.547 0.0000000000
46014  23.316  -22.255  36.998 0.0000000000
46018  44.576  -21.873  35.786 0.0000000000
46019  44.045  -22.054  35.838 0.0000000000
46020  42.948  -22.288  35.647 0.0000000000
46021  42.104  -23.047  36.118 0.0000000000
46022  37.629  -21.938  35.977 0.0000000000
46023  36.952  -22.209  35.631 0.0000000000
46024  35.912  -22.642  35.287 0.0000000000
46025  35.404  -22.810  35.205 0.0000000000
46026  33.706  -23.001  35.276 0.0000000000
46027  32.951  -22.910  35.634 0.0000000000
46028  31.933  -22.594  35.762 0.0000000000
46029  30.966  -22.212  36.005 0.0000000000
46030  27.004  -21.823  35.847 0.0000000000
46031  26.461  -21.993  35.681 0.0000000000
46032  25.503  -22.086  35.610 0.0000000000
46033  24.660  -22.047  35.801 0.0000000000
46036  42.524  -22.093  34.848 0.0000000000
46037  41.680  -22.591  34.785 0.0000000000
46038  40.969  -23.110  34.464 0.0000000000
46039  36.662  -21.701  35.096 0.0000000000
46040  36.148  -22.007  34.797 0.0000000000
46041  35.250  -22.580  34.752 0.0000000000
46042  34.282  -22.834  34.656 0.0000000000
46043  33.278  -22.808  34.570 0.0000000000
46044  32.339  -22.640  34.687 0.0000000000
46045  31.363  -22.383  34.861 0.0000000000
46049  41.402  -22.314  33.949 0.0000000000
46050  40.895  -22.779  33.877 0.0000000000
46051  35.576  -22.035  34.151 0.0000000000
46052  34.803  -22.252  33.757 0.0000000000
46053  33.766  -22.544  33.681 0.0000000000
46054  32.792  -22.528  33.677 0.0000000000
46055  31.829  -22.429  33.767 0.0000000000
46056  30.930  -22.216  33.964 0.0000000000
46059  41.231  -22.146  33.420 0.0000000000
46060  40.663  -22.460  32.808 0.0000000000
46061  40.202  -22.796  32.230 0.0000000000
46062  34.190  -21.956  32.955 0.0000000000
46063  33.299  -22.115  32.893 0.0000000000
46064  32.336  -22.204  32.707 0.0000000000
46065  31.305  -22.180  32.905 0.0000000000
46066  30.722  -22.074  33.368 0.0000000000
46069  40.451  -22.167  32.022 0.0000000000
46070  39.879  -22.447  31.530 0.0000000000
46071  31.728  -22.088  32.211 0.0000000000
46072  31.351  -22.058  32.292 0.0000000000
46075  39.349  -22.361  30.657 0.0000000000
46076  38.944  -22.693  30.201 0.0000000000
46079  39.164  -22.140  29.937 0.0000000000
46080  38.618  -22.499  29.542 0.0000000000
46081  38.030  -22.795  29.242 0.0000000000
46084  38.295  -22.350  28.874 0.0000000000
46085  37.661  -22.627  28.609 0.0000000000
46086  37.018  -22.886  28.351 0.0000000000
46088  37.242  -22.479  28.021 0.0000000000
46089  36.621  -22.743  27.736 0.0000000000
46090  36.060  -23.037  27.400 0.0000000000
46094  36.255  -22.612  27.105 0.0000000000
46095  35.732  -22.973  26.690 0.0000000000
46106  35.423  -23.018  25.827 0.0000000000
46107  35.006  -23.267  25.252 0.0000000000
46120  35.316  -22.739  25.113 0.0000000000
46121  34.924  -23.054  24.508 0.0000000000
46136  34.504  -23.099  23.671 0.0000000000
46137  33.884  -23.221  23.086 0.0000000000
46157  34.229  -22.531  22.988 0.0000000000
46158  33.568  -22.794  22.455 0.0000000000
46178  34.106  -22.225  22.181 0.0000000000
46179  33.537  -22.433  21.516 0.0000000000
46195  34.312  -21.992  19.905 0.0000000000
46196  33.691  -22.287  20.421 0.0000000000
46211  34.655  -22.186  19.300 0.0000000000
46212  33.931  -22.562  19.382 0.0000000000
46227  35.540  -22.212  18.095 0.0000000000
46228  35.062  -22.330  18.597 0.0000000000
46229  34.344  -22.661  18.770 0.0000000000
46243  38.736  -22.482  17.178 0.0000000000
46244  37.750  -22.336  17.270 0.0000000000
46245  36.861  -22.368  17.390 0.0000000000
46246  35.981  -22.519  17.609 0.0000000000
46247  35.248  -22.884  17.955 0.0000000000
46259  38.004  -23.040  16.787 0.0000000000
46260  37.244  -22.862  16.941 0.0000000000
47055  21.587  -21.208  43.901 0.0000000000
47066  21.762  -20.973  43.263 0.0000000000
47074  22.080  -21.307  41.968 0.0000000000
47075  21.956  -21.101  42.697 0.0000000000
47083  21.990  -21.509  41.124 0.0000000000
47086  44.943  -21.875  39.647 0.0000000000
47087  44.186  -21.800  39.900 0.0000000000
47088  43.227  -21.843  40.208 0.0000000000
47089  42.327  -22.125  40.396 0.0000000000
47090  41.848  -22.285  40.498 0.0000000000
47091  30.725  -22.273  40.202 0.0000000000
47092  30.549  -22.325  40.112 0.0000000000
47093  21.932  -21.635  40.281 0.0000000000
47096  45.459  -21.732  39.193 0.0000000000
47097  44.599  -21.204  39.268 0.0000000000
47098  43.449  -21.182  39.438 0.0000000000
47099  42.451  -21.564  39.718 0.0000000000
47100  41.632  -22.048  39.999 0.0000000000
47101  40.716  -21.899  39.532 0.0000000000
47102  39.923  -21.896  39.096 0.0000000000
47103  30.820  -22.190  39.961 0.0000000000
47104  30.380  -22.138  39.737 0.0000000000
47105  29.904  -21.932  39.321 0.0000000000
47106  21.948  -21.844  39.649 0.0000000000
47108  45.930  -21.732  38.445 0.0000000000
47109  45.361  -21.116  38.728 0.0000000000
47110  43.178  -20.898  38.997 0.0000000000
47111  42.629  -21.053  39.012 0.0000000000
47112  41.517  -21.383  39.085 0.0000000000
47113  40.396  -21.477  38.695 0.0000000000
47114  39.589  -21.716  38.482 0.0000000000
47115  30.710  -22.024  39.495 0.0000000000
47116  30.274  -21.779  39.017 0.0000000000
47117  29.598  -21.742  38.692 0.0000000000
47118  29.067  -21.695  38.227 0.0000000000
47119  22.119  -21.758  38.907 0.0000000000
47123  46.196  -21.671  37.433 0.0000000000
47124  39.913  -21.387  38.154 0.0000000000
47125  39.242  -21.568  37.767 0.0000000000
47126  38.697  -21.784  37.294 0.0000000000
47127  30.041  -21.558  38.290 0.0000000000
47128  29.466  -21.509  37.852 0.0000000000
47129  28.758  -21.570  37.503 0.0000000000
47130  28.239  -21.666  36.998 0.0000000000
47131  22.516  -21.693  38.012 0.0000000000
47134  46.075  -21.614  36.350 0.0000000000
47135  45.466  -21.836  36.035 0.0000000000
47136  39.045  -21.463  37.129 0.0000000000
47137  38.499  -21.584  36.678 0.0000000000
47138  37.974  -21.713  36.193 0.0000000000
47139  30.029  -21.512  37.449 0.0000000000
47140  29.329  -21.296  36.893 0.0000000000
47141  28.624  -21.244  36.686 0.0000000000
47142  27.900  -21.351  36.372 0.0000000000
47143  27.355  -21.566  35.968 0.0000000000
47144  23.494  -21.706  36.548 0.0000000000
47145  23.002  -21.533  37.140 0.0000000000
47149  45.707  -21.418  35.681 0.0000000000
47150  45.011  -21.547  35.571 0.0000000000
47151  44.307  -21.638  35.386 0.0000000000
47152  43.686  -21.792  35.255 0.0000000000
47153  38.267  -21.317  36.119 0.0000000000
47154  37.686  -21.401  35.658 0.0000000000
47155  37.026  -21.484  35.245 0.0000000000
47156  30.090  -21.705  36.418 0.0000000000
47157  29.467  -21.333  35.874 0.0000000000
47158  27.615  -21.104  35.808 0.0000000000
47159  26.990  -21.290  35.528 0.0000000000
47160  26.072  -21.349  35.251 0.0000000000
47161  25.066  -21.338  35.301 0.0000000000
47162  24.091  -21.316  35.848 0.0000000000
47165  44.623  -21.200  34.960 0.0000000000
47166  44.068  -21.407  34.685 0.0000000000
47167  43.171  -21.674  34.629 0.0000000000
47168  42.391  -21.862  34.349 0.0000000000
47169  37.326  -21.058  35.092 0.0000000000
47170  36.762  -21.260  34.580 0.0000000000
47171  36.106  -21.595  34.109 0.0000000000
47172  30.291  -21.958  35.115 0.0000000000
47173  29.410  -21.416  34.798 0.0000000000
47174  28.957  -21.152  34.325 0.0000000000
47178  46.206  -21.243  33.210 0.0000000000
47179  46.093  -21.146  33.415 0.0000000000
47180  45.033  -21.153  33.929 0.0000000000
47181  43.939  -21.334  33.762 0.0000000000
47182  42.928  -21.477  33.681 0.0000000000
47183  41.901  -21.801  33.701 0.0000000000
47184  36.465  -21.009  33.638 0.0000000000
47185  35.613  -21.560  33.451 0.0000000000
47186  34.929  -21.689  33.000 0.0000000000
47187  30.203  -21.903  33.927 0.0000000000
47188  29.529  -21.563  33.660 0.0000000000
47189  28.865  -21.089  33.538 0.0000000000
47192  46.409  -21.172  33.121 0.0000000000
47193  45.793  -21.264  33.008 0.0000000000
47194  44.818  -21.350  32.868 0.0000000000
47195  43.715  -21.335  32.785 0.0000000000
47196  42.630  -21.361  32.804 0.0000000000
47197  41.567  -21.628  32.678 0.0000000000
47198  40.933  -21.743  32.147 0.0000000000
47199  35.998  -20.924  33.011 0.0000000000
47200  35.383  -21.141  32.707 0.0000000000
47201  34.626  -21.284  32.334 0.0000000000
47202  33.766  -21.596  32.264 0.0000000000
47203  33.023  -21.787  32.186 0.0000000000
47204  31.092  -22.033  32.400 0.0000000000
47205  30.464  -21.902  32.768 0.0000000000
47206  29.518  -21.458  32.638 0.0000000000
47207  28.809  -20.950  32.564 0.0000000000
47211  46.440  -21.200  32.557 0.0000000000
47212  45.723  -21.429  32.139 0.0000000000
47213  44.512  -21.380  31.686 0.0000000000
47214  43.380  -21.247  32.000 0.0000000000
47215  42.440  -21.236  31.958 0.0000000000
47216  41.568  -21.284  31.724 0.0000000000
47217  40.626  -21.439  31.355 0.0000000000
47218  39.872  -21.725  30.891 0.0000000000
47219  34.153  -21.206  31.732 0.0000000000
47220  33.424  -21.375  31.450 0.0000000000
47221  32.367  -21.736  31.633 0.0000000000
47222  31.242  -21.864  31.740 0.0000000000
47223  30.201  -21.622  31.704 0.0000000000
47224  29.371  -21.235  31.664 0.0000000000
47225  28.759  -20.757  31.645 0.0000000000
47228  46.394  -21.179  31.816 0.0000000000
47229  45.783  -21.378  31.005 0.0000000000
47230  44.667  -21.380  30.495 0.0000000000
47231  40.321  -21.195  30.452 0.0000000000
47232  39.669  -21.644  30.132 0.0000000000
47233  32.854  -21.293  30.820 0.0000000000
47234  31.930  -21.331  30.513 0.0000000000
47235  30.780  -21.486  30.769 0.0000000000
47236  29.897  -21.320  30.850 0.0000000000
47237  29.173  -20.926  30.727 0.0000000000
47238  28.717  -20.611  31.073 0.0000000000
47240  45.380  -21.214  29.649 0.0000000000
47241  44.225  -21.270  29.581 0.0000000000
47242  43.625  -21.101  29.340 0.0000000000
47243  40.106  -20.996  29.668 0.0000000000
47244  39.244  -21.473  29.132 0.0000000000
47245  38.641  -22.004  28.922 0.0000000000
47246  31.749  -21.019  29.798 0.0000000000
47247  31.147  -21.155  29.938 0.0000000000
47248  30.254  -21.185  30.113 0.0000000000
47249  29.686  -21.082  30.325 0.0000000000
47252  45.266  -21.192  28.458 0.0000000000
47253  44.648  -21.365  28.712 0.0000000000
47254  43.817  -21.215  28.835 0.0000000000
47255  39.046  -21.077  28.414 0.0000000000
47256  38.368  -21.651  28.128 0.0000000000
47257  37.637  -22.188  28.031 0.0000000000
47261  44.787  -21.474  27.799 0.0000000000
47262  44.014  -21.305  28.009 0.0000000000
47263  38.079  -21.323  26.771 0.0000000000
47264  37.246  -22.004  27.340 0.0000000000
47265  36.606  -22.344  27.174 0.0000000000
47269  44.882  -21.627  26.941 0.0000000000
47270  44.145  -21.493  27.125 0.0000000000
47271  37.931  -21.058  25.768 0.0000000000
47272  37.271  -21.585  26.160 0.0000000000
47273  36.399  -22.223  26.431 0.0000000000
47274  35.852  -22.628  26.114 0.0000000000
47281  44.316  -21.573  26.527 0.0000000000
47282  37.718  -20.833  25.302 0.0000000000
47283  37.320  -21.175  25.421 0.0000000000
47284  36.509  -21.582  25.242 0.0000000000
47285  35.833  -22.372  25.527 0.0000000000
47292  36.135  -21.364  24.157 0.0000000000
47293  35.449  -22.122  24.472 0.0000000000
47294  34.976  -22.649  24.030 0.0000000000
47301  36.085  -21.266  23.620 0.0000000000
47302  35.568  -21.541  23.400 0.0000000000
47303  34.880  -22.271  23.564 0.0000000000
47311  35.376  -21.444  22.356 0.0000000000
47312  34.754  -21.909  22.717 0.0000000000
47327  35.314  -21.319  21.421 0.0000000000
47328  34.596  -21.791  21.739 0.0000000000
47329  34.028  -22.043  21.665 0.0000000000
47346  35.440  -21.241  20.549 0.0000000000
47347  34.572  -21.660  20.719 0.0000000000
47348  33.978  -21.894  21.211 0.0000000000
47361  37.477  -21.067  19.065 0.0000000000
47362  36.747  -21.155  19.302 0.0000000000
47363  35.849  -21.260  19.707 0.0000000000
47364  35.006  -21.684  19.895 0.0000000000
47375  39.941  -21.185  18.253 0.0000000000
47376  39.059  -21.085  18.210 0.0000000000
47377  37.992  -21.136  18.449 0.0000000000
47378  36.977  -21.399  18.507 0.0000000000
47379  35.961  -21.732  18.658 0.0000000000
47380  35.308  -21.855  19.241 0.0000000000
47391  39.581  -21.802  17.630 0.0000000000
47392  38.384  -21.654  17.641 0.0000000000
47393  37.361  -21.672  17.757 0.0000000000
47394  36.444  -21.804  17.873 0.0000000000
47395  35.871  -21.925  17.946 0.0000000000
48100  21.197  -20.526  44.480 0.0000000000
48104  21.600  -20.477  43.573 0.0000000000
48107  22.097  -20.486  42.157 0.0000000000
48108  21.944  -20.444  42.913 0.0000000000
48116  22.143  -20.626  41.320 0.0000000000
48125  22.117  -20.777  40.453 0.0000000000
48135  43.851  -20.760  38.994 0.0000000000
48136  43.423  -20.836  38.996 0.0000000000
48137  22.112  -20.981  39.486 0.0000000000
48145  45.667  -20.825  37.947 0.0000000000
48146  44.515  -20.495  38.410 0.0000000000
48147  43.190  -20.555  38.494 0.0000000000
48148  41.955  -20.722  38.337 0.0000000000
48149  40.909  -21.058  38.231 0.0000000000
48150  40.316  -21.234  38.169 0.0000000000
48151  22.407  -20.890  38.476 0.0000000000
48154  45.748  -20.730  36.882 0.0000000000
48155  44.900  -20.077  37.361 0.0000000000
48156  43.610  -19.899  37.482 0.0000000000
48157  42.354  -20.139  37.448 0.0000000000
48158  41.210  -20.533  37.517 0.0000000000
48159  40.069  -21.005  37.572 0.0000000000
48160  39.410  -21.254  37.286 0.0000000000
48161  23.118  -20.380  36.912 0.0000000000
48162  22.819  -20.738  37.556 0.0000000000
48164  45.671  -20.744  35.922 0.0000000000
48165  44.980  -20.022  36.265 0.0000000000
48166  44.208  -19.700  36.768 0.0000000000
48167  42.109  -19.888  36.930 0.0000000000
48168  41.555  -20.070  36.848 0.0000000000
48169  40.427  -20.364  36.600 0.0000000000
48170  39.271  -20.967  36.668 0.0000000000
48171  38.638  -21.141  36.316 0.0000000000
48172  28.955  -21.024  36.268 0.0000000000
48173  28.471  -20.926  36.084 0.0000000000
48174  28.012  -20.870  35.847 0.0000000000
48175  23.377  -20.839  36.453 0.0000000000
48176  23.049  -20.868  36.994 0.0000000000
48179  45.472  -21.046  35.352 0.0000000000
48180  44.983  -20.586  35.354 0.0000000000
48181  44.357  -19.996  35.093 0.0000000000
48182  40.178  -20.128  36.041 0.0000000000
48183  39.596  -20.317  35.914 0.0000000000
48184  38.577  -20.785  35.779 0.0000000000
48185  37.881  -20.809  35.220 0.0000000000
48186  28.915  -20.965  35.612 0.0000000000
48187  28.370  -20.847  35.437 0.0000000000
48188  27.676  -20.704  35.262 0.0000000000
48189  26.743  -20.559  35.041 0.0000000000
48190  25.739  -20.562  34.882 0.0000000000
48191  24.701  -20.328  35.104 0.0000000000
48192  23.858  -20.238  35.706 0.0000000000
48195  44.577  -20.524  34.614 0.0000000000
48196  44.114  -19.738  34.454 0.0000000000
48197  39.083  -20.308  35.314 0.0000000000
48198  38.422  -20.386  34.889 0.0000000000
48199  37.576  -20.668  34.561 0.0000000000
48200  37.083  -20.764  34.013 0.0000000000
48201  28.797  -20.950  34.980 0.0000000000
48202  28.355  -20.689  34.529 0.0000000000
48203  27.588  -19.987  34.429 0.0000000000
48204  26.487  -19.796  34.586 0.0000000000
48205  25.513  -19.725  34.609 0.0000000000
48206  24.862  -19.511  34.755 0.0000000000
48209  46.110  -21.174  32.938 0.0000000000
48210  45.832  -20.620  33.315 0.0000000000
48211  44.606  -20.271  33.593 0.0000000000
48212  44.076  -19.421  33.712 0.0000000000
48213  38.132  -20.311  34.252 0.0000000000
48214  37.639  -20.375  33.792 0.0000000000
48215  37.049  -20.552  33.501 0.0000000000
48216  28.287  -20.453  33.481 0.0000000000
48217  27.762  -19.788  33.270 0.0000000000
48220  46.729  -20.769  33.030 0.0000000000
48221  46.308  -20.234  32.821 0.0000000000
48222  37.381  -20.240  33.248 0.0000000000
48223  36.713  -20.368  32.870 0.0000000000
48224  35.856  -20.512  32.464 0.0000000000
48225  35.251  -20.737  32.155 0.0000000000
48226  28.283  -20.345  32.453 0.0000000000
48227  27.876  -19.722  32.290 0.0000000000
48230  46.749  -20.731  32.151 0.0000000000
48231  43.753  -21.218  31.490 0.0000000000
48232  43.176  -21.067  31.383 0.0000000000
48233  42.381  -20.934  31.205 0.0000000000
48234  41.566  -20.859  30.959 0.0000000000
48235  40.954  -20.858  30.614 0.0000000000
48236  36.308  -20.009  32.210 0.0000000000
48237  35.693  -20.167  31.706 0.0000000000
48238  34.822  -20.728  31.512 0.0000000000
48239  34.133  -20.968  31.153 0.0000000000
48240  28.337  -20.210  31.501 0.0000000000
48241  28.000  -19.620  31.617 0.0000000000
48245  46.542  -20.789  31.328 0.0000000000
48246  46.101  -20.751  30.478 0.0000000000
48247  43.884  -21.184  30.985 0.0000000000
48248  43.190  -20.896  30.692 0.0000000000
48249  42.409  -20.710  30.423 0.0000000000
48250  41.619  -20.654  30.162 0.0000000000
48251  40.862  -20.719  29.932 0.0000000000
48252  35.357  -20.201  30.878 0.0000000000
48253  34.581  -20.550  30.649 0.0000000000
48254  33.667  -20.880  30.492 0.0000000000
48255  32.856  -20.966  30.153 0.0000000000
48256  29.100  -20.701  30.295 0.0000000000
48257  28.698  -20.373  30.500 0.0000000000
48260  45.749  -20.578  29.806 0.0000000000
48261  43.869  -21.166  30.301 0.0000000000
48262  43.290  -20.893  29.856 0.0000000000
48263  42.404  -20.635  29.619 0.0000000000
48264  41.580  -20.542  29.380 0.0000000000
48265  40.767  -20.568  29.186 0.0000000000
48266  40.037  -20.722  28.994 0.0000000000
48267  35.095  -20.011  30.126 0.0000000000
48268  34.327  -20.325  29.867 0.0000000000
48269  33.436  -20.478  29.517 0.0000000000
48270  32.370  -20.772  29.515 0.0000000000
48271  31.534  -20.835  29.258 0.0000000000
48272  30.614  -20.929  29.307 0.0000000000
48273  29.483  -20.716  29.730 0.0000000000
48274  28.759  -20.008  29.551 0.0000000000
48276  45.498  -20.697  29.040 0.0000000000
48277  43.128  -20.856  29.115 0.0000000000
48278  42.352  -20.574  28.783 0.0000000000
48279  41.495  -20.372  28.578 0.0000000000
48280  40.631  -20.375  28.461 0.0000000000
48281  39.706  -20.604  28.319 0.0000000000
48282  39.058  -20.772  27.914 0.0000000000
48283  32.921  -20.359  28.877 0.0000000000
48284  32.146  -20.437  28.553 0.0000000000
48285  31.159  -20.601  28.540 0.0000000000
48286  30.222  -20.451  28.615 0.0000000000
48287  29.349  -19.947  28.629 0.0000000000
48288  28.867  -19.650  29.041 0.0000000000
48292  43.168  -20.889  28.289 0.0000000000
48293  42.291  -20.331  27.737 0.0000000000
48294  41.327  -20.086  27.900 0.0000000000
48295  40.516  -20.058  27.736 0.0000000000
48296  39.690  -20.193  27.336 0.0000000000
48297  38.822  -20.739  27.150 0.0000000000
48298  31.627  -20.275  27.933 0.0000000000
48299  30.861  -20.230  27.847 0.0000000000
48300  30.108  -19.882  27.927 0.0000000000
48301  29.718  -19.602  28.028 0.0000000000
48305  43.389  -20.852  27.305 0.0000000000
48306  42.715  -20.379  26.610 0.0000000000
48307  39.352  -20.113  26.469 0.0000000000
48308  38.607  -20.598  26.131 0.0000000000
48313  43.637  -21.072  26.082 0.0000000000
48314  42.812  -20.268  25.636 0.0000000000
48315  39.150  -19.909  25.602 0.0000000000
48316  38.216  -20.327  24.976 0.0000000000
48317  37.397  -20.815  24.941 0.0000000000
48318  37.000  -21.119  25.061 0.0000000000
48323  43.158  -20.271  25.027 0.0000000000
48324  42.846  -20.068  25.215 0.0000000000
48325  38.126  -20.282  23.686 0.0000000000
48326  37.405  -20.646  24.162 0.0000000000
48327  36.802  -21.016  24.548 0.0000000000
48333  38.044  -20.309  22.706 0.0000000000
48334  37.358  -20.589  23.168 0.0000000000
48335  36.552  -20.965  23.570 0.0000000000
48336  36.070  -21.234  23.362 0.0000000000
48342  42.036  -20.156  22.256 0.0000000000
48343  41.409  -19.980  22.081 0.0000000000
48344  37.952  -20.272  21.879 0.0000000000
48345  37.307  -20.453  22.257 0.0000000000
48346  36.637  -20.779  22.606 0.0000000000
48347  36.044  -21.169  22.878 0.0000000000
48354  41.516  -20.116  21.527 0.0000000000
48355  37.991  -20.294  21.136 0.0000000000
48356  37.310  -20.436  21.418 0.0000000000
48357  36.622  -20.639  21.732 0.0000000000
48358  35.983  -21.008  22.026 0.0000000000
48374  41.309  -20.245  20.491 0.0000000000
48375  40.098  -20.309  20.291 0.0000000000
48376  39.530  -20.132  20.168 0.0000000000
48377  38.159  -20.259  20.406 0.0000000000
48378  37.377  -20.461  20.605 0.0000000000
48379  36.662  -20.649  20.905 0.0000000000
48380  36.006  -20.939  21.177 0.0000000000
48394  40.474  -20.519  19.510 0.0000000000
48395  39.482  -20.302  19.623 0.0000000000
48396  38.555  -20.207  19.700 0.0000000000
48397  37.557  -20.610  19.740 0.0000000000
48398  36.665  -20.720  20.072 0.0000000000
48399  36.093  -20.908  20.467 0.0000000000
48407  40.617  -20.911  18.685 0.0000000000
48408  39.734  -20.680  18.816 0.0000000000
48409  38.803  -20.627  18.961 0.0000000000
48410  38.076  -20.749  19.195 0.0000000000
49172  21.518  -19.790  43.794 0.0000000000
49175  22.232  -19.700  42.534 0.0000000000
49176  21.884  -19.943  43.233 0.0000000000
49179  22.346  -19.819  41.555 0.0000000000
49183  22.395  -19.977  40.692 0.0000000000
49189  22.868  -19.417  39.364 0.0000000000
49190  22.477  -20.115  39.845 0.0000000000
49200  22.983  -19.454  38.401 0.0000000000
49201  22.616  -20.164  38.949 0.0000000000
49212  42.747  -19.674  37.002 0.0000000000
49213  42.347  -19.806  36.964 0.0000000000
49214  23.106  -19.688  37.365 0.0000000000
49215  22.781  -20.176  38.139 0.0000000000
49222  44.150  -19.563  36.116 0.0000000000
49223  43.277  -19.494  36.415 0.0000000000
49224  42.101  -19.613  36.444 0.0000000000
49225  41.032  -19.917  36.158 0.0000000000
49226  40.473  -20.060  36.085 0.0000000000
49227  23.446  -19.806  36.327 0.0000000000
49229  44.467  -19.850  35.620 0.0000000000
49230  43.690  -19.279  35.329 0.0000000000
49231  42.423  -19.233  35.505 0.0000000000
49232  41.295  -19.472  35.477 0.0000000000
49233  40.245  -19.936  35.525 0.0000000000
49234  39.563  -20.151  35.338 0.0000000000
49235  24.227  -19.390  35.217 0.0000000000
49236  23.804  -19.660  35.749 0.0000000000
49239  43.551  -18.818  34.199 0.0000000000
49240  42.647  -18.840  34.640 0.0000000000
49241  41.518  -18.983  34.517 0.0000000000
49242  40.443  -19.437  34.606 0.0000000000
49243  39.303  -19.973  34.652 0.0000000000
49244  38.579  -20.167  34.359 0.0000000000
49245  27.179  -19.227  33.987 0.0000000000
49246  26.172  -19.014  34.196 0.0000000000
49247  25.315  -19.040  34.410 0.0000000000
49248  24.766  -18.991  34.680 0.0000000000
49250  45.450  -19.971  32.862 0.0000000000
49251  44.452  -19.507  32.975 0.0000000000
49252  43.813  -18.804  33.243 0.0000000000
49253  41.207  -18.824  33.937 0.0000000000
49254  40.671  -19.001  33.868 0.0000000000
49255  39.588  -19.341  33.607 0.0000000000
49256  38.446  -19.936  33.696 0.0000000000
49257  37.794  -20.083  33.369 0.0000000000
49258  27.462  -18.969  32.946 0.0000000000
49259  26.934  -18.584  33.766 0.0000000000
49262  46.798  -20.234  32.462 0.0000000000
49263  46.199  -19.846  32.281 0.0000000000
49264  45.011  -19.483  32.085 0.0000000000
49265  44.083  -18.934  32.455 0.0000000000
49266  39.323  -19.134  33.023 0.0000000000
49267  38.779  -19.353  32.875 0.0000000000
49268  37.721  -19.822  32.785 0.0000000000
49269  36.947  -19.843  32.258 0.0000000000
49270  27.711  -19.188  32.022 0.0000000000
49272  46.745  -20.170  31.745 0.0000000000
49273  46.006  -19.724  31.431 0.0000000000
49274  44.941  -19.384  31.107 0.0000000000
49275  38.248  -19.322  32.189 0.0000000000
49276  37.472  -19.489  31.879 0.0000000000
49277  36.604  -19.704  31.534 0.0000000000
49278  35.993  -19.834  31.030 0.0000000000
49279  28.237  -19.784  31.040 0.0000000000
49280  27.946  -19.101  31.284 0.0000000000
49283  46.446  -20.248  31.013 0.0000000000
49284  45.808  -19.967  30.449 0.0000000000
49285  44.828  -19.406  30.097 0.0000000000
49287  38.032  -19.214  31.507 0.0000000000
49288  37.378  -19.346  30.982 0.0000000000
49289  36.549  -19.540  30.667 0.0000000000
49290  35.824  -19.707  30.372 0.0000000000
49291  28.414  -19.444  30.390 0.0000000000
49292  28.162  -18.774  30.756 0.0000000000
49295  45.527  -20.043  29.527 0.0000000000
49298  37.026  -19.238  30.311 0.0000000000
49299  36.406  -19.315  29.887 0.0000000000
49300  35.597  -19.521  29.663 0.0000000000
49301  34.847  -19.749  29.427 0.0000000000
49302  34.174  -20.001  29.226 0.0000000000
49303  28.713  -19.279  29.499 0.0000000000
49309  36.021  -19.185  29.301 0.0000000000
49310  35.383  -19.281  28.934 0.0000000000
49311  34.570  -19.590  28.743 0.0000000000
49312  33.682  -19.938  28.619 0.0000000000
49313  32.938  -20.118  28.264 0.0000000000
49314  29.468  -19.346  28.141 0.0000000000
49315  29.026  -19.191  28.701 0.0000000000
49321  41.723  -20.003  27.463 0.0000000000
49322  41.263  -19.791  27.285 0.0000000000
49323  40.575  -19.712  26.966 0.0000000000
49324  40.019  -19.759  26.592 0.0000000000
49325  35.020  -19.313  28.319 0.0000000000
49326  34.348  -19.492  27.953 0.0000000000
49327  33.443  -19.775  27.762 0.0000000000
49328  32.461  -20.001  27.606 0.0000000000
49329  31.543  -19.940  27.264 0.0000000000
49330  30.713  -19.706  27.178 0.0000000000
49331  29.934  -19.258  27.365 0.0000000000
49337  41.967  -19.911  26.948 0.0000000000
49338  41.381  -19.661  26.511 0.0000000000
49339  40.690  -19.610  26.147 0.0000000000
49340  39.956  -19.658  25.889 0.0000000000
49341  33.954  -19.492  27.307 0.0000000000
49342  33.230  -19.584  26.925 0.0000000000
49343  32.272  -19.640  26.731 0.0000000000
49344  31.415  -19.542  26.492 0.0000000000
49345  30.609  -19.228  26.333 0.0000000000
49346  30.145  -18.812  26.580 0.0000000000
49351  42.161  -19.905  26.051 0.0000000000
49352  41.517  -19.580  25.630 0.0000000000
49353  40.711  -19.483  25.324 0.0000000000
49354  39.884  -19.489  25.075 0.0000000000
49355  39.136  -19.705  24.801 0.0000000000
49356  32.828  -19.337  26.327 0.0000000000
49357  32.170  -19.267  25.937 0.0000000000
49358  31.351  -19.227  25.715 0.0000000000
49359  30.823  -18.895  25.463 0.0000000000
49363  42.892  -19.940  24.813 0.0000000000
49364  42.530  -19.758  25.065 0.0000000000
49365  41.557  -19.490  24.698 0.0000000000
49366  40.664  -19.433  24.421 0.0000000000
49367  39.774  -19.520  24.185 0.0000000000
49368  38.894  -19.802  24.010 0.0000000000
49369  31.905  -19.105  25.311 0.0000000000
49370  31.427  -18.926  25.026 0.0000000000
49371  30.989  -18.604  24.894 0.0000000000
49378  42.917  -19.922  24.426 0.0000000000
49379  42.332  -19.602  24.082 0.0000000000
49380  41.478  -19.463  23.717 0.0000000000
49381  40.522  -19.430  23.453 0.0000000000
49382  39.565  -19.527  23.262 0.0000000000
49383  38.727  -19.859  23.042 0.0000000000
49393  42.332  -19.668  23.094 0.0000000000
49394  41.313  -19.596  22.651 0.0000000000
49395  40.262  -19.553  22.511 0.0000000000
49396  39.345  -19.721  22.369 0.0000000000
49397  38.596  -20.019  22.191 0.0000000000
49409  40.874  -19.790  21.783 0.0000000000
49410  39.917  -19.856  21.671 0.0000000000
49411  39.062  -19.907  21.573 0.0000000000
49412  38.461  -20.139  21.551 0.0000000000
49428  41.077  -19.940  21.174 0.0000000000
49429  40.465  -19.939  20.994 0.0000000000
49430  39.461  -20.001  20.744 0.0000000000
49431  38.658  -20.085  20.953 0.0000000000
49441  39.201  -19.838  20.012 0.0000000000
49442  38.774  -19.890  20.342 0.0000000000
50202  22.685  -19.074  41.815 0.0000000000
50205  22.704  -19.226  40.878 0.0000000000
50208  22.699  -19.462  40.149 0.0000000000
50218  23.355  -18.718  37.792 0.0000000000
50229  23.677  -18.729  36.637 0.0000000000
50239  24.219  -18.524  35.670 0.0000000000
50240  23.829  -19.213  35.878 0.0000000000
50246  42.680  -18.557  33.932 0.0000000000
50247  41.944  -18.651  33.976 0.0000000000
50248  41.466  -18.757  33.960 0.0000000000
50249  25.674  -18.575  34.173 0.0000000000
50250  25.162  -18.340  34.437 0.0000000000
50251  24.561  -18.633  34.956 0.0000000000
50254  43.031  -18.407  33.344 0.0000000000
50255  42.111  -18.451  33.263 0.0000000000
50256  41.149  -18.677  33.357 0.0000000000
50257  40.086  -18.855  33.163 0.0000000000
50258  39.583  -19.032  33.084 0.0000000000
50260  26.219  -18.238  33.864 0.0000000000
50261  25.657  -18.241  34.094 0.0000000000
50264  44.222  -18.389  31.657 0.0000000000
50265  43.439  -18.153  32.520 0.0000000000
50266  42.403  -18.165  32.604 0.0000000000
50267  41.312  -18.199  32.305 0.0000000000
50268  40.256  -18.532  32.411 0.0000000000
50269  39.358  -18.928  32.536 0.0000000000
50270  38.780  -19.150  32.337 0.0000000000
50273  44.402  -18.482  30.679 0.0000000000
50274  40.928  -17.987  31.652 0.0000000000
50275  40.268  -18.100  31.461 0.0000000000
50276  39.370  -18.552  31.617 0.0000000000
50277  38.689  -18.994  31.813 0.0000000000
50283  39.964  -17.955  30.945 0.0000000000
50284  39.404  -18.126  30.686 0.0000000000
50285  38.269  -18.795  30.787 0.0000000000
50286  37.484  -19.049  30.433 0.0000000000
50287  28.539  -18.628  30.169 0.0000000000
50292  39.177  -17.968  30.046 0.0000000000
50293  38.471  -18.229  29.663 0.0000000000
50294  37.220  -18.838  29.725 0.0000000000
50295  36.468  -19.025  29.393 0.0000000000
50296  29.287  -18.338  28.753 0.0000000000
50297  28.951  -18.587  29.280 0.0000000000
50302  38.264  -18.139  28.676 0.0000000000
50303  37.425  -18.433  28.681 0.0000000000
50304  36.228  -18.896  28.686 0.0000000000
50305  35.490  -19.155  28.381 0.0000000000
50306  29.462  -18.648  28.058 0.0000000000
50307  29.140  -18.704  28.682 0.0000000000
50311  38.320  -17.947  28.174 0.0000000000
50312  37.750  -18.130  27.911 0.0000000000
50313  36.558  -18.416  27.477 0.0000000000
50314  35.239  -19.068  27.653 0.0000000000
50315  34.454  -19.311  27.371 0.0000000000
50316  29.899  -18.489  27.082 0.0000000000
50320  36.246  -18.141  26.488 0.0000000000
50321  35.397  -18.550  26.582 0.0000000000
50322  34.169  -19.115  26.672 0.0000000000
50323  33.342  -19.248  26.394 0.0000000000
50324  30.388  -18.650  25.925 0.0000000000
50325  30.145  -18.336  26.343 0.0000000000
50329  36.351  -17.990  25.982 0.0000000000
50330  35.710  -18.151  25.587 0.0000000000
50331  34.492  -18.594  25.604 0.0000000000
50332  33.159  -19.016  25.680 0.0000000000
50333  32.377  -19.088  25.372 0.0000000000
50334  30.612  -18.300  25.240 0.0000000000
50335  30.321  -18.192  25.785 0.0000000000
50339  35.627  -17.997  24.936 0.0000000000
50340  34.904  -18.145  24.550 0.0000000000
50341  33.630  -18.607  24.582 0.0000000000
50342  32.316  -18.825  24.660 0.0000000000
50343  31.441  -18.485  24.446 0.0000000000
50344  30.962  -18.147  24.573 0.0000000000
50351  34.654  -17.875  23.857 0.0000000000
50352  33.952  -18.046  23.599 0.0000000000
50353  32.880  -18.354  23.697 0.0000000000
50354  31.869  -18.186  23.676 0.0000000000
50355  31.315  -18.004  24.095 0.0000000000
50364  33.703  -17.924  22.960 0.0000000000
50365  33.203  -18.020  22.960 0.0000000000
50366  32.447  -17.993  23.016 0.0000000000
51370  43.838  -17.743  31.379 0.0000000000
51371  43.350  -17.788  31.659 0.0000000000
51372  42.512  -17.848  31.960 0.0000000000
51373  41.913  -17.930  32.132 0.0000000000
51376  44.134  -17.671  30.923 0.0000000000
51377  43.361  -17.607  30.917 0.0000000000
51378  42.458  -17.657  31.118 0.0000000000
51379  41.441  -17.819  31.462 0.0000000000
51380  40.717  -17.900  31.320 0.0000000000
51390  42.564  -17.414  30.180 0.0000000000
51391  41.465  -17.581  30.372 0.0000000000
51392  40.280  -17.827  30.624 0.0000000000
51393  39.551  -17.926  30.231 0.0000000000
51404  41.614  -17.312  29.288 0.0000000000
51405  40.472  -17.558  29.452 0.0000000000
51406  39.366  -17.844  29.536 0.0000000000
51407  38.738  -18.051  29.109 0.0000000000
51418  40.635  -17.280  28.333 0.0000000000
51419  39.529  -17.506  28.501 0.0000000000
51420  38.777  -17.852  28.591 0.0000000000
51422  29.661  -17.882  28.441 0.0000000000
51430  39.649  -17.215  27.404 0.0000000000
51431  38.416  -17.555  27.568 0.0000000000
51432  37.259  -17.818  27.134 0.0000000000
51433  36.683  -17.990  26.893 0.0000000000
51435  29.831  -17.916  27.539 0.0000000000
51444  38.758  -17.112  26.214 0.0000000000
51445  37.576  -17.518  26.350 0.0000000000
51446  36.786  -17.853  26.391 0.0000000000
51447  30.361  -17.442  26.225 0.0000000000
51448  30.042  -17.905  26.697 0.0000000000
51456  38.420  -16.941  25.421 0.0000000000
51457  37.687  -17.141  25.260 0.0000000000
51458  36.606  -17.706  25.481 0.0000000000
51459  35.952  -17.878  25.135 0.0000000000
51460  30.485  -17.691  25.463 0.0000000000
51461  30.200  -17.917  26.074 0.0000000000
51472  37.372  -17.126  24.585 0.0000000000
51473  36.854  -17.325  24.629 0.0000000000
51474  35.863  -17.642  24.517 0.0000000000
51475  35.124  -17.729  23.965 0.0000000000
51476  30.728  -17.785  24.806 0.0000000000
51492  36.440  -17.244  23.738 0.0000000000
51493  35.547  -17.491  23.544 0.0000000000
51494  34.723  -17.737  23.289 0.0000000000
51495  34.085  -17.834  22.939 0.0000000000
51496  31.401  -17.611  23.667 0.0000000000
51497  31.063  -17.539  24.252 0.0000000000
51527  32.745  -17.735  22.319 0.0000000000
51528  31.797  -17.426  22.712 0.0000000000
52935  30.648  -16.951  25.583 0.0000000000
52963  30.814  -17.205  24.674 0.0000000000
52988  31.152  -16.848  23.756 0.0000000000
52989  31.012  -17.197  24.215 0.0000000000
53014  31.651  -16.380  22.590 0.0000000000
