#!ascii label  , from subject cvs_avg35_inMNI152 vox2ras=TkReg
256
99656  -36.629  22.043  16.140 0.0000000000
99657  -37.459  21.611  16.648 0.0000000000
99658  -38.089  21.667  16.864 0.0000000000
99661  -35.082  21.627  15.370 0.0000000000
99662  -35.890  21.306  15.651 0.0000000000
100713  -38.875  22.224  17.045 0.0000000000
100714  -39.459  22.437  17.408 0.0000000000
100715  -40.097  22.553  17.742 0.0000000000
100725  -36.788  23.148  16.028 0.0000000000
100726  -37.457  22.750  16.426 0.0000000000
100727  -38.365  22.383  16.750 0.0000000000
100728  -38.996  22.563  16.933 0.0000000000
100734  -34.830  22.091  14.777 0.0000000000
100735  -35.049  22.266  14.924 0.0000000000
100736  -35.978  22.666  15.258 0.0000000000
100745  -34.863  22.202  14.467 0.0000000000
100746  -35.343  22.921  14.364 0.0000000000
100747  -35.758  23.306  14.722 0.0000000000
100755  -34.816  22.478  13.703 0.0000000000
100756  -35.110  23.093  13.848 0.0000000000
101723  -41.253  23.785  18.628 0.0000000000
101725  -39.724  23.593  17.267 0.0000000000
101726  -40.438  23.335  17.705 0.0000000000
101727  -41.244  23.831  18.007 0.0000000000
101735  -36.936  23.726  16.022 0.0000000000
101736  -37.385  23.737  16.170 0.0000000000
101737  -38.176  23.516  16.406 0.0000000000
101738  -39.054  23.308  16.790 0.0000000000
101747  -36.652  23.830  15.597 0.0000000000
101748  -37.068  24.097  15.977 0.0000000000
101756  -35.666  23.767  14.370 0.0000000000
101757  -36.098  23.803  14.949 0.0000000000
101768  -34.757  23.356  13.749 0.0000000000
101769  -35.238  23.569  13.965 0.0000000000
102645  -40.771  24.944  20.834 0.0000000000
102646  -41.256  24.737  20.094 0.0000000000
102647  -41.758  25.163  19.431 0.0000000000
102655  -41.435  24.488  19.120 0.0000000000
102656  -41.827  25.112  18.896 0.0000000000
102658  -41.531  24.727  18.383 0.0000000000
102659  -41.770  25.229  18.607 0.0000000000
102661  -39.439  24.409  16.926 0.0000000000
102662  -40.169  24.466  17.391 0.0000000000
102663  -41.030  24.532  17.701 0.0000000000
102668  -37.382  24.294  16.003 0.0000000000
102669  -37.881  24.574  16.050 0.0000000000
102670  -38.710  24.414  16.493 0.0000000000
102680  -36.633  24.558  15.073 0.0000000000
102681  -37.203  24.679  15.634 0.0000000000
102682  -37.651  25.059  15.683 0.0000000000
102689  -33.840  25.199  14.035 0.0000000000
102690  -34.330  24.952  14.074 0.0000000000
102691  -35.216  24.475  14.109 0.0000000000
102692  -36.042  24.554  14.560 0.0000000000
102702  -34.493  24.122  13.883 0.0000000000
102703  -34.970  23.855  13.877 0.0000000000
103466  -41.159  26.586  20.563 0.0000000000
103467  -41.531  26.453  20.436 0.0000000000
103474  -39.452  25.221  20.958 0.0000000000
103475  -40.270  25.419  20.929 0.0000000000
103476  -41.000  25.906  20.549 0.0000000000
103477  -41.954  26.002  19.877 0.0000000000
103478  -42.722  26.230  19.846 0.0000000000
103486  -42.263  25.549  19.208 0.0000000000
103487  -42.705  26.075  19.381 0.0000000000
103489  -41.761  25.411  18.430 0.0000000000
103490  -42.074  25.580  18.718 0.0000000000
103491  -42.528  25.949  18.860 0.0000000000
103493  -39.724  25.466  17.021 0.0000000000
103494  -40.625  25.444  17.438 0.0000000000
103495  -41.500  25.556  17.986 0.0000000000
103496  -42.000  25.892  18.460 0.0000000000
103497  -42.260  25.911  18.655 0.0000000000
103499  -38.482  25.475  16.230 0.0000000000
103500  -39.092  25.219  16.653 0.0000000000
103508  -37.130  25.050  15.002 0.0000000000
103509  -37.602  25.493  15.215 0.0000000000
103510  -37.979  25.378  15.760 0.0000000000
103520  -34.018  25.800  14.100 0.0000000000
103521  -34.883  25.586  14.217 0.0000000000
103522  -35.756  25.422  14.485 0.0000000000
103523  -36.657  25.310  14.672 0.0000000000
103524  -37.192  25.443  14.834 0.0000000000
103530  -33.499  25.479  13.918 0.0000000000
104214  -40.226  26.987  20.657 0.0000000000
104215  -40.655  26.836  20.672 0.0000000000
104216  -41.511  27.050  20.775 0.0000000000
104217  -42.374  27.246  20.863 0.0000000000
104218  -43.083  27.355  20.785 0.0000000000
104225  -39.003  26.363  20.356 0.0000000000
104226  -39.923  26.599  20.700 0.0000000000
104227  -40.438  26.201  20.696 0.0000000000
104228  -42.034  26.689  20.437 0.0000000000
104229  -42.732  26.706  20.267 0.0000000000
104230  -43.523  27.105  20.323 0.0000000000
104237  -43.204  26.516  19.723 0.0000000000
104238  -43.792  27.085  19.669 0.0000000000
104240  -42.578  26.810  18.551 0.0000000000
104241  -43.044  26.628  18.840 0.0000000000
104242  -43.773  27.366  19.173 0.0000000000
104244  -39.630  26.042  16.873 0.0000000000
104245  -40.054  26.330  17.068 0.0000000000
104246  -41.045  26.357  17.598 0.0000000000
104247  -42.023  26.621  18.311 0.0000000000
104248  -42.386  26.203  18.615 0.0000000000
104250  -38.580  26.043  16.167 0.0000000000
104251  -39.162  26.276  16.428 0.0000000000
104252  -39.726  26.730  16.667 0.0000000000
104255  -37.735  26.307  14.938 0.0000000000
104256  -38.308  26.210  15.651 0.0000000000
104257  -38.855  26.715  15.711 0.0000000000
104268  -33.851  26.670  13.918 0.0000000000
104269  -34.518  26.499  14.161 0.0000000000
104270  -35.379  26.402  14.411 0.0000000000
104271  -36.340  26.252  14.634 0.0000000000
104272  -37.161  25.987  14.742 0.0000000000
104283  -33.333  26.241  13.797 0.0000000000
104930  -43.192  28.299  21.663 0.0000000000
104931  -43.537  28.259  21.603 0.0000000000
104932  -44.181  28.251  21.505 0.0000000000
104937  -39.731  27.775  20.598 0.0000000000
104938  -40.083  27.498  20.719 0.0000000000
104939  -40.922  27.706  21.060 0.0000000000
104940  -41.858  27.845  21.326 0.0000000000
104941  -42.897  27.981  21.505 0.0000000000
104942  -43.784  27.690  21.089 0.0000000000
104952  -38.275  27.264  20.149 0.0000000000
104953  -39.350  27.570  20.421 0.0000000000
104954  -39.821  27.221  20.593 0.0000000000
104955  -44.244  27.548  20.404 0.0000000000
104967  -42.621  27.187  18.480 0.0000000000
104968  -43.307  27.555  18.706 0.0000000000
104971  -40.605  26.961  17.295 0.0000000000
104972  -41.238  27.234  17.675 0.0000000000
104973  -41.961  27.616  18.051 0.0000000000
104975  -39.607  27.034  16.359 0.0000000000
104976  -40.065  27.229  16.824 0.0000000000
104978  -37.994  26.840  15.057 0.0000000000
104979  -38.610  27.065  15.203 0.0000000000
104980  -39.284  27.262  15.705 0.0000000000
104986  -33.793  27.026  13.790 0.0000000000
104987  -34.114  27.128  13.878 0.0000000000
104988  -34.927  27.352  14.062 0.0000000000
104989  -35.884  27.277  14.476 0.0000000000
104990  -37.086  27.133  14.826 0.0000000000
105001  -32.737  27.339  13.087 0.0000000000
105002  -33.437  27.269  13.493 0.0000000000
105003  -34.260  27.834  13.525 0.0000000000
105004  -34.956  28.112  13.575 0.0000000000
105679  -42.661  28.989  21.756 0.0000000000
105680  -43.043  28.713  21.784 0.0000000000
105681  -43.909  28.798  21.873 0.0000000000
105687  -39.675  28.276  20.619 0.0000000000
105688  -40.301  28.523  20.950 0.0000000000
105689  -41.184  28.648  21.325 0.0000000000
105690  -42.271  28.809  21.619 0.0000000000
105691  -42.759  28.485  21.665 0.0000000000
105700  -37.211  28.049  19.918 0.0000000000
105701  -38.228  28.348  20.332 0.0000000000
105702  -38.952  28.755  20.461 0.0000000000
105708  -36.995  27.770  19.714 0.0000000000
105714  -42.684  27.967  18.336 0.0000000000
105718  -40.627  27.588  17.245 0.0000000000
105719  -41.211  28.159  17.405 0.0000000000
105720  -42.109  28.407  17.770 0.0000000000
105722  -39.800  27.596  16.216 0.0000000000
105723  -40.400  28.086  16.562 0.0000000000
105724  -41.164  28.651  16.523 0.0000000000
105726  -37.950  27.530  15.059 0.0000000000
105727  -38.583  28.115  15.206 0.0000000000
105728  -39.668  28.286  15.655 0.0000000000
105729  -40.527  28.767  15.852 0.0000000000
105732  -35.496  27.988  13.971 0.0000000000
105733  -36.208  28.370  14.348 0.0000000000
105734  -37.370  28.484  14.882 0.0000000000
105735  -38.051  29.055  15.106 0.0000000000
105744  -32.829  28.028  12.821 0.0000000000
105745  -33.606  28.411  12.999 0.0000000000
105746  -34.513  28.689  13.156 0.0000000000
105747  -35.438  28.774  13.510 0.0000000000
105748  -36.013  29.191  13.826 0.0000000000
106437  -34.280  29.907  23.128 0.0000000000
106442  -34.639  29.782  22.056 0.0000000000
106443  -35.261  29.997  21.904 0.0000000000
106444  -42.621  29.483  21.757 0.0000000000
106445  -43.392  29.555  22.011 0.0000000000
106454  -35.547  29.758  21.255 0.0000000000
106455  -36.536  29.777  20.929 0.0000000000
106456  -37.385  29.891  20.889 0.0000000000
106457  -38.265  29.958  20.877 0.0000000000
106458  -39.365  29.517  20.772 0.0000000000
106459  -40.417  29.513  21.180 0.0000000000
106460  -41.315  29.570  21.471 0.0000000000
106461  -41.972  29.689  21.611 0.0000000000
106469  -36.346  29.064  20.435 0.0000000000
106470  -37.320  29.119  20.453 0.0000000000
106471  -38.155  29.269  20.579 0.0000000000
106472  -38.705  29.404  20.615 0.0000000000
106496  -38.862  29.086  15.378 0.0000000000
106497  -39.747  29.290  15.531 0.0000000000
106498  -40.635  29.585  15.586 0.0000000000
106503  -36.595  29.313  14.242 0.0000000000
106504  -37.407  29.587  14.617 0.0000000000
106505  -38.245  29.806  15.069 0.0000000000
106512  -32.593  29.246  12.775 0.0000000000
106513  -33.740  29.513  13.127 0.0000000000
106514  -34.751  29.601  13.345 0.0000000000
106515  -35.579  29.625  13.571 0.0000000000
106516  -36.119  29.758  13.852 0.0000000000
107248  -34.909  30.315  23.575 0.0000000000
107249  -35.358  30.729  23.993 0.0000000000
107258  -35.061  30.215  22.692 0.0000000000
107259  -35.747  30.772  23.042 0.0000000000
107260  -36.388  31.030  22.816 0.0000000000
107266  -35.171  30.071  22.199 0.0000000000
107267  -35.731  30.299  22.021 0.0000000000
107268  -36.577  30.764  22.212 0.0000000000
107269  -37.431  31.021  22.088 0.0000000000
107270  -37.962  31.226  22.170 0.0000000000
107271  -41.939  30.772  21.738 0.0000000000
107272  -42.725  30.487  21.893 0.0000000000
107280  -36.094  30.073  21.415 0.0000000000
107281  -36.612  30.281  21.463 0.0000000000
107282  -37.445  30.497  21.473 0.0000000000
107283  -38.468  30.713  21.543 0.0000000000
107284  -39.616  30.407  21.322 0.0000000000
107285  -40.535  30.376  21.450 0.0000000000
107286  -41.423  30.417  21.607 0.0000000000
107287  -42.148  30.174  21.684 0.0000000000
107313  -39.048  29.818  15.323 0.0000000000
107314  -39.774  30.154  15.335 0.0000000000
107322  -35.499  30.645  14.104 0.0000000000
107323  -36.519  30.245  14.109 0.0000000000
107324  -37.654  30.412  14.663 0.0000000000
107325  -38.769  30.548  15.014 0.0000000000
107333  -35.065  30.240  13.718 0.0000000000
107334  -35.847  30.074  13.806 0.0000000000
107335  -36.169  30.016  13.869 0.0000000000
108007  -35.797  31.062  23.659 0.0000000000
108008  -36.452  31.362  23.343 0.0000000000
108022  -36.827  31.172  22.615 0.0000000000
108023  -37.435  31.434  22.676 0.0000000000
108024  -38.576  31.580  22.449 0.0000000000
108025  -39.827  31.752  22.267 0.0000000000
108037  -39.091  30.987  21.720 0.0000000000
108038  -39.708  31.103  21.740 0.0000000000
108039  -40.623  31.140  21.761 0.0000000000
108040  -41.363  31.145  21.823 0.0000000000
108073  -36.410  31.640  15.137 0.0000000000
108074  -37.378  31.659  15.169 0.0000000000
108075  -38.346  31.776  15.166 0.0000000000
108088  -35.981  31.081  14.613 0.0000000000
108089  -37.007  31.048  14.649 0.0000000000
108090  -38.035  31.150  14.806 0.0000000000
108091  -39.001  31.341  14.901 0.0000000000
108847  -37.723  32.359  15.513 0.0000000000
