#!ascii label  , from subject cvs_avg35_inMNI152 vox2ras=TkReg
226
85845  -31.818  7.881  -46.879 0.0000000000
86948  -30.616  8.628  -47.360 0.0000000000
86949  -31.616  8.757  -47.559 0.0000000000
86950  -32.495  8.394  -47.429 0.0000000000
86970  -31.931  9.166  -48.077 0.0000000000
86971  -32.454  8.802  -48.230 0.0000000000
86972  -33.128  8.220  -47.817 0.0000000000
86986  -32.570  8.579  -49.238 0.0000000000
88044  -30.563  9.311  -47.647 0.0000000000
88045  -31.106  9.164  -47.631 0.0000000000
88064  -30.380  9.878  -48.025 0.0000000000
88065  -31.461  9.687  -48.295 0.0000000000
88066  -32.028  9.254  -48.358 0.0000000000
88083  -31.947  9.980  -49.473 0.0000000000
88084  -32.191  9.313  -48.880 0.0000000000
88097  -31.958  9.845  -50.527 0.0000000000
88098  -32.185  9.165  -49.840 0.0000000000
89121  -30.779  10.603  -48.633 0.0000000000
89134  -31.427  10.724  -49.291 0.0000000000
89144  -31.796  10.765  -50.244 0.0000000000
89150  -31.991  10.621  -51.293 0.0000000000
90099  -31.512  11.625  -49.972 0.0000000000
90105  -31.948  11.722  -51.009 0.0000000000
90106  -32.197  12.153  -51.824 0.0000000000
91023  -31.509  12.697  -50.452 0.0000000000
91029  -32.007  12.704  -51.436 0.0000000000
91030  -32.199  12.768  -52.159 0.0000000000
91037  -32.351  12.830  -52.881 0.0000000000
91973  -31.203  13.663  -50.599 0.0000000000
91982  -31.751  13.625  -51.466 0.0000000000
91983  -32.049  13.177  -51.864 0.0000000000
91991  -31.871  14.012  -52.070 0.0000000000
91992  -32.137  13.592  -52.414 0.0000000000
91994  -32.374  13.546  -53.393 0.0000000000
92986  -30.792  14.181  -50.581 0.0000000000
92993  -26.512  14.629  -51.961 0.0000000000
92994  -27.379  14.700  -51.241 0.0000000000
92995  -28.108  15.234  -51.120 0.0000000000
92996  -30.622  14.608  -50.818 0.0000000000
92997  -31.141  14.435  -51.155 0.0000000000
93002  -24.257  14.352  -52.522 0.0000000000
93003  -25.080  14.697  -52.723 0.0000000000
93004  -25.810  14.589  -52.437 0.0000000000
93005  -31.565  14.514  -51.974 0.0000000000
93006  -31.923  14.276  -52.436 0.0000000000
93009  -24.123  14.985  -52.596 0.0000000000
93010  -24.670  15.187  -52.832 0.0000000000
93011  -25.048  15.400  -53.077 0.0000000000
93012  -31.740  14.782  -52.621 0.0000000000
93013  -32.143  14.418  -53.103 0.0000000000
93971  -22.227  14.850  -49.666 0.0000000000
93984  -22.174  14.872  -50.204 0.0000000000
93985  -22.227  15.534  -49.983 0.0000000000
93993  -22.323  14.746  -50.750 0.0000000000
93994  -22.476  15.441  -50.717 0.0000000000
93995  -29.254  15.073  -50.768 0.0000000000
93996  -29.932  14.958  -50.721 0.0000000000
93997  -30.334  14.794  -50.784 0.0000000000
94002  -22.722  15.012  -51.394 0.0000000000
94003  -27.097  15.384  -51.927 0.0000000000
94004  -27.976  15.833  -51.651 0.0000000000
94005  -28.849  15.579  -51.185 0.0000000000
94006  -29.773  15.501  -51.130 0.0000000000
94007  -30.519  15.110  -51.210 0.0000000000
94008  -31.088  15.017  -51.706 0.0000000000
94010  -23.177  14.929  -52.004 0.0000000000
94011  -23.738  15.332  -52.379 0.0000000000
94012  -25.681  15.208  -52.775 0.0000000000
94013  -26.374  15.713  -52.570 0.0000000000
94014  -27.308  16.061  -52.181 0.0000000000
94015  -30.779  15.538  -51.872 0.0000000000
94016  -31.286  15.351  -52.376 0.0000000000
94018  -24.383  15.752  -52.886 0.0000000000
94019  -24.922  15.905  -53.372 0.0000000000
94020  -25.529  15.905  -53.238 0.0000000000
94021  -26.079  16.211  -53.068 0.0000000000
94022  -31.716  15.308  -53.178 0.0000000000
94026  -25.194  16.294  -53.629 0.0000000000
94027  -25.378  16.458  -53.696 0.0000000000
95006  -22.556  16.444  -48.917 0.0000000000
95018  -22.409  16.307  -49.777 0.0000000000
95028  -22.591  16.196  -50.575 0.0000000000
95033  -23.016  16.196  -51.505 0.0000000000
95034  -23.511  16.837  -52.054 0.0000000000
95035  -28.423  16.404  -51.962 0.0000000000
95036  -28.879  16.311  -51.724 0.0000000000
95037  -29.693  16.134  -51.621 0.0000000000
95038  -30.307  15.777  -51.621 0.0000000000
95041  -23.283  15.579  -51.983 0.0000000000
95042  -23.876  16.425  -52.575 0.0000000000
95043  -27.198  16.654  -52.602 0.0000000000
95044  -28.046  16.638  -52.290 0.0000000000
95045  -28.855  16.764  -52.238 0.0000000000
95046  -29.585  16.598  -52.221 0.0000000000
95047  -30.585  16.281  -52.501 0.0000000000
95048  -31.275  15.801  -52.859 0.0000000000
95051  -24.692  16.723  -53.684 0.0000000000
95052  -24.983  16.414  -53.732 0.0000000000
95053  -26.040  16.528  -53.365 0.0000000000
95054  -26.528  16.749  -53.056 0.0000000000
95059  -24.887  17.126  -54.437 0.0000000000
95060  -25.217  16.830  -54.089 0.0000000000
95061  -25.743  16.857  -53.788 0.0000000000
95062  -26.267  17.079  -53.545 0.0000000000
96064  -22.762  17.103  -49.706 0.0000000000
96080  -22.835  16.885  -50.512 0.0000000000
96081  -23.379  17.518  -50.529 0.0000000000
96084  -22.922  16.652  -51.013 0.0000000000
96085  -23.423  17.235  -51.496 0.0000000000
96087  -23.912  17.446  -52.590 0.0000000000
96088  -27.211  17.317  -52.955 0.0000000000
96089  -27.898  17.364  -52.734 0.0000000000
96090  -28.740  17.367  -52.648 0.0000000000
96091  -29.506  17.153  -52.664 0.0000000000
96092  -29.989  16.832  -52.613 0.0000000000
96094  -24.355  17.572  -53.577 0.0000000000
96095  -26.901  17.668  -53.481 0.0000000000
96096  -27.748  17.954  -53.210 0.0000000000
96097  -28.574  17.970  -53.111 0.0000000000
96098  -29.523  17.855  -53.388 0.0000000000
96099  -30.233  17.191  -53.121 0.0000000000
96102  -24.617  17.806  -54.762 0.0000000000
96103  -25.162  17.472  -54.856 0.0000000000
96104  -25.780  17.629  -54.533 0.0000000000
96105  -26.337  17.652  -54.011 0.0000000000
96106  -29.882  18.093  -54.035 0.0000000000
96115  -24.638  18.486  -55.741 0.0000000000
96116  -25.028  17.972  -55.530 0.0000000000
96117  -25.535  18.028  -55.224 0.0000000000
96127  -24.752  18.805  -56.264 0.0000000000
96128  -25.054  18.540  -56.110 0.0000000000
96129  -25.396  18.404  -55.728 0.0000000000
97119  -24.040  18.074  -50.525 0.0000000000
97131  -23.975  18.082  -51.448 0.0000000000
97134  -24.057  18.150  -52.392 0.0000000000
97137  -24.286  18.431  -53.431 0.0000000000
97138  -24.357  18.844  -53.034 0.0000000000
97139  -26.942  18.258  -54.038 0.0000000000
97140  -27.633  18.431  -53.842 0.0000000000
97141  -28.461  18.395  -53.719 0.0000000000
97142  -29.002  18.240  -53.569 0.0000000000
97144  -24.354  18.575  -54.444 0.0000000000
97145  -26.006  18.307  -55.003 0.0000000000
97146  -26.588  18.515  -54.631 0.0000000000
97147  -27.455  18.848  -54.420 0.0000000000
97148  -28.403  19.004  -54.578 0.0000000000
97149  -29.330  18.418  -54.246 0.0000000000
97156  -24.340  18.847  -55.378 0.0000000000
97157  -25.870  18.722  -55.535 0.0000000000
97158  -26.301  18.834  -55.152 0.0000000000
97159  -28.710  19.306  -55.246 0.0000000000
97171  -24.538  19.195  -56.254 0.0000000000
97172  -25.134  19.225  -56.406 0.0000000000
97173  -25.530  18.975  -56.086 0.0000000000
97184  -24.745  19.596  -56.564 0.0000000000
97185  -24.996  19.503  -56.595 0.0000000000
98221  -24.378  19.194  -53.657 0.0000000000
98225  -24.335  19.230  -54.268 0.0000000000
98227  -26.757  19.216  -55.143 0.0000000000
98228  -27.335  19.341  -54.916 0.0000000000
98229  -27.873  19.342  -54.740 0.0000000000
98236  -24.324  19.589  -55.114 0.0000000000
98237  -24.402  19.764  -54.662 0.0000000000
98238  -26.023  19.298  -56.026 0.0000000000
98239  -26.475  19.362  -55.636 0.0000000000
98240  -27.281  19.731  -55.647 0.0000000000
98241  -28.227  19.669  -55.480 0.0000000000
98242  -28.833  19.419  -55.606 0.0000000000
98250  -24.297  19.567  -55.847 0.0000000000
98251  -25.225  19.771  -56.655 0.0000000000
98252  -25.755  19.867  -56.526 0.0000000000
98253  -26.434  19.816  -56.185 0.0000000000
98254  -26.841  19.783  -55.957 0.0000000000
98255  -28.504  19.894  -56.137 0.0000000000
98265  -24.487  19.775  -56.391 0.0000000000
98266  -24.864  20.056  -56.858 0.0000000000
98267  -25.337  20.250  -56.985 0.0000000000
98278  -24.971  20.485  -57.274 0.0000000000
98279  -25.150  20.363  -57.166 0.0000000000
99313  -24.394  20.179  -55.457 0.0000000000
99315  -27.602  20.028  -56.038 0.0000000000
99316  -27.816  19.939  -55.844 0.0000000000
99324  -24.296  20.067  -55.812 0.0000000000
99326  -26.052  20.373  -56.888 0.0000000000
99327  -26.412  20.308  -56.692 0.0000000000
99328  -27.152  20.221  -56.371 0.0000000000
99329  -28.063  20.195  -56.308 0.0000000000
99337  -24.299  19.939  -56.158 0.0000000000
99338  -24.491  20.386  -56.443 0.0000000000
99339  -25.808  20.560  -57.209 0.0000000000
99340  -26.279  20.617  -57.190 0.0000000000
99341  -26.844  20.674  -57.168 0.0000000000
99342  -27.683  20.706  -57.295 0.0000000000
99350  -24.709  20.848  -57.274 0.0000000000
99351  -25.281  20.859  -57.604 0.0000000000
99361  -24.904  21.293  -57.919 0.0000000000
99362  -25.169  21.362  -58.193 0.0000000000
100405  -26.115  20.809  -57.463 0.0000000000
100406  -26.447  20.951  -57.622 0.0000000000
100407  -27.044  21.104  -57.838 0.0000000000
100408  -27.620  21.112  -58.167 0.0000000000
100418  -25.948  21.074  -57.758 0.0000000000
100419  -26.447  21.309  -58.256 0.0000000000
100420  -27.122  21.322  -58.637 0.0000000000
100421  -27.844  21.191  -58.886 0.0000000000
100429  -24.903  21.798  -58.530 0.0000000000
100430  -25.648  21.517  -58.537 0.0000000000
100431  -26.462  21.536  -59.094 0.0000000000
100432  -27.266  21.527  -59.401 0.0000000000
100440  -25.226  22.029  -59.177 0.0000000000
100441  -25.824  21.958  -59.517 0.0000000000
100442  -26.576  21.851  -59.879 0.0000000000
100443  -27.344  21.834  -60.054 0.0000000000
100444  -27.862  22.003  -60.226 0.0000000000
101466  -25.202  22.474  -59.834 0.0000000000
101467  -25.988  22.472  -60.306 0.0000000000
101468  -26.769  22.241  -60.483 0.0000000000
101469  -27.477  22.279  -60.581 0.0000000000
101474  -26.436  22.717  -60.741 0.0000000000
101475  -26.960  22.676  -60.909 0.0000000000
101476  -27.614  22.854  -60.904 0.0000000000
101477  -27.925  23.097  -60.608 0.0000000000
102381  -26.201  23.343  -60.640 0.0000000000
102385  -26.545  23.001  -61.028 0.0000000000
102386  -26.981  23.250  -60.918 0.0000000000
102387  -27.528  23.322  -60.579 0.0000000000
