#!ascii label  , from subject cvs_avg35_inMNI152 vox2ras=TkReg
288
77523  -35.202  1.668  -48.050 0.0000000000
78701  -34.719  2.640  -47.775 0.0000000000
78714  -34.596  2.075  -48.307 0.0000000000
78726  -33.765  1.972  -49.774 0.0000000000
78727  -34.766  1.490  -49.126 0.0000000000
78728  -35.522  2.168  -49.168 0.0000000000
78736  -33.592  1.854  -50.668 0.0000000000
78737  -34.470  1.824  -50.389 0.0000000000
78738  -35.080  1.864  -49.828 0.0000000000
78746  -33.797  1.830  -51.228 0.0000000000
78747  -34.089  1.786  -50.975 0.0000000000
79997  -34.541  3.004  -47.973 0.0000000000
80010  -33.787  3.113  -48.846 0.0000000000
80011  -34.211  2.930  -48.458 0.0000000000
80024  -33.602  2.832  -49.272 0.0000000000
80025  -34.069  2.138  -48.951 0.0000000000
80026  -35.844  2.925  -49.007 0.0000000000
80036  -32.656  3.045  -50.781 0.0000000000
80037  -32.997  2.765  -50.391 0.0000000000
80038  -34.747  2.103  -50.719 0.0000000000
80039  -35.230  2.499  -50.268 0.0000000000
80046  -32.600  2.851  -51.122 0.0000000000
80047  -33.154  2.020  -51.335 0.0000000000
80048  -34.394  2.257  -51.335 0.0000000000
80049  -35.115  2.939  -51.183 0.0000000000
80055  -32.593  2.589  -51.880 0.0000000000
80056  -33.495  2.435  -52.239 0.0000000000
80057  -34.324  2.812  -52.232 0.0000000000
80066  -32.680  2.605  -52.584 0.0000000000
80067  -33.175  2.707  -53.008 0.0000000000
81223  -34.742  3.605  -47.704 0.0000000000
81234  -33.736  3.696  -48.882 0.0000000000
81235  -34.251  3.678  -48.371 0.0000000000
81236  -36.232  3.673  -48.493 0.0000000000
81248  -33.155  3.620  -49.721 0.0000000000
81249  -35.842  3.452  -49.614 0.0000000000
81265  -32.550  3.634  -50.849 0.0000000000
81266  -32.809  3.599  -50.276 0.0000000000
81267  -35.538  3.467  -50.654 0.0000000000
81277  -32.279  3.417  -51.643 0.0000000000
81278  -34.864  3.090  -51.873 0.0000000000
81279  -35.289  3.585  -51.561 0.0000000000
81284  -31.785  3.774  -52.905 0.0000000000
81285  -32.175  3.147  -52.388 0.0000000000
81286  -33.915  3.004  -52.854 0.0000000000
81287  -34.743  3.478  -52.634 0.0000000000
81288  -35.093  3.578  -52.118 0.0000000000
81294  -31.800  3.764  -53.575 0.0000000000
81295  -32.364  3.117  -53.212 0.0000000000
81296  -33.319  3.376  -53.467 0.0000000000
81297  -34.173  3.515  -53.244 0.0000000000
81305  -31.619  3.991  -54.039 0.0000000000
81306  -32.386  3.749  -53.997 0.0000000000
81307  -33.318  3.927  -54.022 0.0000000000
82437  -34.702  4.611  -47.603 0.0000000000
82452  -33.710  4.512  -48.866 0.0000000000
82453  -34.228  4.575  -48.312 0.0000000000
82454  -36.295  4.098  -48.577 0.0000000000
82455  -36.695  4.491  -48.203 0.0000000000
82456  -37.506  5.112  -48.007 0.0000000000
82468  -33.329  4.498  -49.388 0.0000000000
82469  -36.167  4.132  -49.047 0.0000000000
82470  -36.282  4.936  -49.325 0.0000000000
82488  -32.451  4.475  -50.857 0.0000000000
82489  -32.754  4.461  -50.207 0.0000000000
82490  -36.012  4.172  -50.064 0.0000000000
82491  -36.214  5.024  -50.477 0.0000000000
82501  -31.800  4.821  -52.004 0.0000000000
82502  -32.104  4.526  -51.580 0.0000000000
82503  -35.766  4.226  -51.134 0.0000000000
82504  -36.248  4.976  -51.634 0.0000000000
82510  -31.634  4.573  -52.449 0.0000000000
82511  -31.929  3.853  -52.170 0.0000000000
82512  -35.070  3.822  -52.831 0.0000000000
82513  -35.496  4.105  -52.407 0.0000000000
82514  -36.284  5.055  -52.762 0.0000000000
82520  -30.794  4.887  -54.050 0.0000000000
82521  -31.196  4.568  -53.646 0.0000000000
82522  -33.959  3.821  -53.728 0.0000000000
82523  -34.874  3.958  -53.432 0.0000000000
82524  -35.772  4.610  -53.503 0.0000000000
82525  -36.325  5.272  -53.702 0.0000000000
82530  -30.890  4.899  -54.409 0.0000000000
82531  -31.739  4.596  -54.579 0.0000000000
82532  -32.915  4.379  -54.473 0.0000000000
82533  -34.095  4.402  -54.379 0.0000000000
82534  -35.232  4.684  -54.247 0.0000000000
82535  -35.967  5.093  -54.255 0.0000000000
82536  -36.329  5.444  -54.249 0.0000000000
82543  -32.039  5.066  -55.115 0.0000000000
82544  -32.657  4.916  -55.004 0.0000000000
82545  -33.439  4.816  -54.846 0.0000000000
83595  -38.112  5.245  -47.563 0.0000000000
83596  -38.919  5.528  -47.560 0.0000000000
83606  -33.618  5.316  -48.899 0.0000000000
83607  -34.112  5.688  -48.271 0.0000000000
83608  -37.020  5.517  -48.677 0.0000000000
83609  -38.098  5.794  -48.229 0.0000000000
83610  -39.297  6.214  -48.242 0.0000000000
83628  -32.694  5.743  -50.253 0.0000000000
83629  -33.008  5.414  -49.703 0.0000000000
83630  -36.662  5.990  -49.767 0.0000000000
83631  -37.666  6.310  -49.068 0.0000000000
83632  -38.528  6.442  -48.727 0.0000000000
83651  -32.428  5.254  -50.823 0.0000000000
83652  -32.689  5.222  -50.230 0.0000000000
83653  -36.430  5.914  -50.942 0.0000000000
83664  -31.726  5.387  -52.043 0.0000000000
83665  -32.114  5.292  -51.450 0.0000000000
83666  -36.418  6.031  -52.075 0.0000000000
83671  -31.113  5.237  -52.884 0.0000000000
83672  -36.484  5.962  -53.179 0.0000000000
83679  -30.576  5.406  -54.050 0.0000000000
83680  -30.810  5.202  -53.456 0.0000000000
83681  -36.475  5.980  -54.073 0.0000000000
83687  -30.661  5.563  -55.018 0.0000000000
83688  -31.043  4.956  -54.963 0.0000000000
83689  -34.081  5.018  -55.016 0.0000000000
83690  -34.840  5.056  -54.899 0.0000000000
83691  -35.584  5.302  -54.773 0.0000000000
83692  -36.116  5.787  -54.708 0.0000000000
83698  -30.904  5.883  -55.539 0.0000000000
83699  -31.474  5.463  -55.309 0.0000000000
83700  -32.449  5.534  -55.403 0.0000000000
83701  -33.457  5.488  -55.290 0.0000000000
83702  -34.449  5.678  -55.255 0.0000000000
83703  -35.246  5.776  -55.183 0.0000000000
83704  -35.733  5.806  -55.061 0.0000000000
84750  -33.712  6.380  -48.569 0.0000000000
84751  -34.216  6.540  -47.879 0.0000000000
84752  -39.217  6.771  -48.889 0.0000000000
84772  -32.849  6.511  -49.832 0.0000000000
84773  -33.292  6.144  -49.204 0.0000000000
84774  -36.871  6.638  -50.502 0.0000000000
84775  -37.584  6.814  -49.936 0.0000000000
84776  -38.573  6.961  -49.405 0.0000000000
84793  -32.483  6.286  -50.676 0.0000000000
84794  -36.549  6.829  -51.256 0.0000000000
84795  -37.329  7.672  -50.676 0.0000000000
84796  -38.317  7.696  -49.939 0.0000000000
84808  -31.619  6.541  -51.941 0.0000000000
84809  -32.160  5.962  -51.398 0.0000000000
84810  -36.429  6.935  -52.006 0.0000000000
84811  -36.609  7.707  -51.598 0.0000000000
84816  -30.674  6.679  -53.108 0.0000000000
84817  -31.125  6.144  -52.634 0.0000000000
84818  -36.429  6.739  -52.718 0.0000000000
84819  -36.324  7.479  -52.421 0.0000000000
84826  -30.393  6.454  -53.804 0.0000000000
84827  -30.668  5.812  -53.281 0.0000000000
84828  -36.377  7.020  -53.615 0.0000000000
84829  -36.353  7.240  -52.961 0.0000000000
84835  -30.320  6.428  -54.713 0.0000000000
84836  -36.149  6.789  -54.576 0.0000000000
84843  -30.648  6.606  -55.607 0.0000000000
84844  -31.248  6.262  -55.847 0.0000000000
84845  -32.082  6.167  -55.858 0.0000000000
84846  -33.054  6.191  -55.848 0.0000000000
84847  -33.990  6.359  -55.640 0.0000000000
84848  -34.852  6.484  -55.515 0.0000000000
84849  -35.597  6.683  -55.230 0.0000000000
84854  -30.744  7.004  -55.936 0.0000000000
84855  -31.007  6.916  -56.093 0.0000000000
84856  -31.730  6.869  -56.231 0.0000000000
84857  -32.626  6.865  -56.310 0.0000000000
84858  -33.555  6.999  -56.205 0.0000000000
84859  -34.379  7.247  -55.948 0.0000000000
84860  -35.004  7.353  -55.698 0.0000000000
85864  -33.665  7.405  -48.099 0.0000000000
85880  -32.795  7.637  -49.575 0.0000000000
85881  -33.296  7.056  -49.026 0.0000000000
85894  -32.012  7.911  -51.022 0.0000000000
85895  -32.452  7.263  -50.428 0.0000000000
85896  -37.704  8.347  -50.859 0.0000000000
85897  -38.315  8.463  -50.549 0.0000000000
85909  -31.549  7.551  -51.779 0.0000000000
85910  -32.111  6.934  -51.242 0.0000000000
85911  -37.415  8.569  -51.409 0.0000000000
85912  -37.916  8.636  -50.971 0.0000000000
85921  -30.707  7.179  -53.052 0.0000000000
85922  -31.015  7.240  -52.627 0.0000000000
85923  -36.751  8.349  -52.345 0.0000000000
85930  -30.546  7.283  -53.498 0.0000000000
85931  -30.743  7.476  -53.103 0.0000000000
85932  -36.340  8.164  -53.740 0.0000000000
85933  -36.370  7.890  -53.074 0.0000000000
85940  -30.308  7.283  -54.297 0.0000000000
85941  -36.209  7.850  -54.421 0.0000000000
85948  -30.129  8.098  -55.790 0.0000000000
85949  -30.193  7.552  -55.383 0.0000000000
85950  -35.819  7.851  -55.195 0.0000000000
85955  -30.155  8.015  -56.132 0.0000000000
85956  -30.628  7.442  -56.215 0.0000000000
85957  -31.327  7.415  -56.642 0.0000000000
85958  -32.170  7.484  -56.792 0.0000000000
85959  -33.091  7.518  -56.839 0.0000000000
85960  -33.927  7.792  -56.619 0.0000000000
85961  -34.725  8.233  -56.468 0.0000000000
85962  -35.266  8.037  -55.720 0.0000000000
85968  -30.410  8.205  -56.750 0.0000000000
85969  -30.962  7.960  -57.036 0.0000000000
85970  -31.642  7.906  -57.329 0.0000000000
85971  -32.572  7.976  -57.670 0.0000000000
85972  -33.492  7.997  -57.396 0.0000000000
85973  -34.196  8.293  -57.263 0.0000000000
85974  -34.629  8.640  -57.251 0.0000000000
85980  -30.534  8.349  -57.403 0.0000000000
85981  -31.039  8.236  -57.787 0.0000000000
85982  -31.767  8.195  -58.094 0.0000000000
85983  -32.283  8.284  -58.282 0.0000000000
86987  -33.090  8.037  -48.696 0.0000000000
86998  -31.942  8.886  -50.787 0.0000000000
86999  -32.343  8.253  -50.156 0.0000000000
87000  -38.751  8.862  -50.744 0.0000000000
87009  -31.580  8.545  -51.673 0.0000000000
87010  -37.821  9.215  -51.743 0.0000000000
87011  -38.365  9.085  -51.219 0.0000000000
87020  -31.232  8.141  -52.394 0.0000000000
87021  -37.507  9.067  -52.357 0.0000000000
87022  -38.350  9.771  -52.257 0.0000000000
87029  -30.517  7.749  -53.913 0.0000000000
87030  -30.838  8.153  -53.356 0.0000000000
87031  -36.531  8.608  -53.777 0.0000000000
87032  -36.995  8.953  -53.487 0.0000000000
87033  -37.705  9.657  -52.957 0.0000000000
87041  -30.491  8.308  -54.520 0.0000000000
87042  -30.828  8.763  -54.018 0.0000000000
87043  -36.443  8.659  -54.186 0.0000000000
87044  -36.805  9.403  -54.620 0.0000000000
87052  -30.192  8.328  -55.974 0.0000000000
87053  -30.300  8.563  -55.617 0.0000000000
87054  -36.204  8.960  -55.142 0.0000000000
87055  -36.611  9.521  -55.163 0.0000000000
87062  -30.189  8.722  -56.418 0.0000000000
87063  -30.338  9.115  -56.070 0.0000000000
87064  -35.232  8.620  -56.467 0.0000000000
87065  -35.699  8.966  -56.313 0.0000000000
87071  -30.097  8.760  -57.222 0.0000000000
87072  -33.170  8.174  -57.923 0.0000000000
87073  -33.673  8.362  -58.006 0.0000000000
87074  -34.382  8.656  -57.923 0.0000000000
87075  -35.096  9.126  -57.460 0.0000000000
87076  -35.627  9.431  -57.212 0.0000000000
87082  -30.325  8.788  -58.099 0.0000000000
87083  -31.171  8.609  -58.513 0.0000000000
87084  -31.942  8.670  -58.618 0.0000000000
87085  -32.809  8.512  -58.535 0.0000000000
87086  -33.749  8.769  -58.928 0.0000000000
87087  -34.540  9.078  -58.488 0.0000000000
87088  -35.026  9.357  -58.405 0.0000000000
87098  -32.882  8.979  -59.331 0.0000000000
88106  -31.777  9.582  -51.561 0.0000000000
88113  -31.436  9.164  -52.682 0.0000000000
88119  -31.133  9.137  -53.665 0.0000000000
88120  -37.647  9.821  -53.514 0.0000000000
88128  -30.564  8.958  -55.084 0.0000000000
88129  -30.916  9.433  -54.566 0.0000000000
88130  -37.644  10.191  -54.300 0.0000000000
88138  -30.619  9.570  -55.623 0.0000000000
88139  -30.914  10.036  -55.152 0.0000000000
88140  -36.488  9.602  -55.442 0.0000000000
88141  -37.017  10.142  -55.487 0.0000000000
88147  -30.025  9.201  -56.935 0.0000000000
88148  -30.296  9.665  -56.591 0.0000000000
88149  -36.281  9.749  -56.048 0.0000000000
88150  -36.962  10.356  -56.742 0.0000000000
88157  -29.973  9.670  -57.540 0.0000000000
88158  -30.195  10.183  -57.122 0.0000000000
88159  -35.691  9.487  -57.695 0.0000000000
88160  -36.183  9.810  -57.351 0.0000000000
88169  -34.249  9.110  -59.107 0.0000000000
88171  -35.710  9.754  -58.562 0.0000000000
89157  -31.857  10.415  -52.426 0.0000000000
89160  -31.507  10.209  -53.685 0.0000000000
89166  -31.221  10.506  -54.785 0.0000000000
89174  -30.641  10.258  -56.202 0.0000000000
89175  -30.936  10.601  -55.657 0.0000000000
89183  -30.552  10.617  -56.808 0.0000000000
89184  -30.786  10.838  -56.311 0.0000000000
90114  -32.170  11.417  -52.053 0.0000000000
90115  -32.306  12.155  -52.545 0.0000000000
90118  -32.062  11.550  -53.262 0.0000000000
90119  -32.321  12.280  -53.102 0.0000000000
90122  -31.628  11.324  -54.348 0.0000000000
90125  -31.339  11.417  -55.287 0.0000000000
91040  -31.917  12.094  -54.153 0.0000000000
91041  -32.273  12.638  -53.683 0.0000000000
91044  -31.683  12.134  -54.896 0.0000000000
