#!ascii label  , from subject cvs_avg35_inMNI152 vox2ras=TkReg
320
44355  -30.709  -26.947  -37.256 0.0000000000
44356  -31.542  -26.853  -37.171 0.0000000000
44357  -32.095  -26.708  -37.096 0.0000000000
45418  -29.181  -26.164  -37.719 0.0000000000
45419  -30.135  -26.429  -37.700 0.0000000000
45420  -31.115  -26.410  -37.686 0.0000000000
45421  -31.918  -26.300  -37.457 0.0000000000
45422  -32.713  -26.386  -37.033 0.0000000000
45423  -33.206  -26.167  -36.914 0.0000000000
46497  -34.111  -25.863  -36.740 0.0000000000
46510  -28.693  -25.320  -38.105 0.0000000000
46511  -29.788  -25.689  -38.183 0.0000000000
46512  -30.751  -25.827  -38.155 0.0000000000
46513  -31.618  -25.789  -37.965 0.0000000000
46514  -32.491  -25.597  -37.683 0.0000000000
46515  -33.448  -25.642  -37.175 0.0000000000
46516  -34.241  -25.252  -37.026 0.0000000000
46527  -28.958  -24.748  -38.433 0.0000000000
46528  -29.560  -24.948  -38.462 0.0000000000
46529  -30.464  -25.102  -38.474 0.0000000000
46530  -31.362  -25.177  -38.380 0.0000000000
46531  -32.043  -25.235  -38.178 0.0000000000
47630  -34.735  -24.852  -37.094 0.0000000000
47631  -35.387  -24.657  -36.732 0.0000000000
47632  -36.077  -24.697  -35.999 0.0000000000
47645  -27.320  -24.371  -37.795 0.0000000000
47646  -27.979  -24.872  -37.965 0.0000000000
47647  -32.565  -24.956  -38.133 0.0000000000
47648  -33.219  -24.908  -37.872 0.0000000000
47649  -34.223  -24.595  -37.651 0.0000000000
47650  -34.995  -24.308  -37.375 0.0000000000
47663  -27.686  -23.874  -38.160 0.0000000000
47664  -28.328  -24.311  -38.324 0.0000000000
47665  -29.276  -24.273  -38.634 0.0000000000
47666  -30.162  -24.370  -38.725 0.0000000000
47667  -31.120  -24.433  -38.764 0.0000000000
47668  -32.124  -24.511  -38.530 0.0000000000
47669  -32.907  -24.452  -38.295 0.0000000000
47670  -33.632  -24.170  -38.221 0.0000000000
48730  -37.911  -23.671  -33.749 0.0000000000
48731  -38.562  -23.515  -33.166 0.0000000000
48732  -39.129  -23.222  -32.862 0.0000000000
48744  -36.980  -23.989  -35.051 0.0000000000
48745  -37.442  -23.655  -34.474 0.0000000000
48754  -28.284  -23.704  -35.915 0.0000000000
48759  -36.574  -23.807  -35.671 0.0000000000
48760  -37.103  -23.140  -35.184 0.0000000000
48778  -35.423  -23.836  -37.211 0.0000000000
48779  -35.997  -23.585  -36.570 0.0000000000
48794  -26.147  -23.393  -37.139 0.0000000000
48795  -26.686  -23.721  -37.567 0.0000000000
48796  -34.263  -23.921  -38.124 0.0000000000
48797  -34.984  -23.490  -37.978 0.0000000000
48808  -26.661  -23.140  -37.656 0.0000000000
48809  -27.188  -23.399  -38.040 0.0000000000
48810  -27.936  -23.387  -38.431 0.0000000000
48811  -28.838  -23.455  -38.777 0.0000000000
48812  -29.765  -23.684  -38.976 0.0000000000
48813  -30.687  -23.739  -39.145 0.0000000000
48814  -31.838  -23.516  -39.115 0.0000000000
48815  -32.947  -23.666  -38.665 0.0000000000
48816  -34.064  -23.345  -38.488 0.0000000000
48817  -34.629  -22.944  -38.395 0.0000000000
48826  -29.406  -23.098  -39.172 0.0000000000
48827  -30.111  -23.116  -39.443 0.0000000000
48828  -31.038  -23.057  -39.521 0.0000000000
48829  -31.666  -22.898  -39.485 0.0000000000
49871  -39.582  -22.708  -32.835 0.0000000000
49880  -37.811  -23.094  -34.130 0.0000000000
49881  -38.351  -22.633  -33.813 0.0000000000
49882  -39.026  -22.671  -33.245 0.0000000000
49889  -37.726  -22.494  -34.583 0.0000000000
49890  -38.236  -22.077  -34.208 0.0000000000
49895  -26.886  -22.997  -36.257 0.0000000000
49896  -27.769  -23.082  -36.232 0.0000000000
49897  -28.602  -22.921  -36.372 0.0000000000
49902  -36.709  -22.636  -36.006 0.0000000000
49903  -37.297  -22.308  -35.356 0.0000000000
49914  -26.515  -22.724  -36.854 0.0000000000
49915  -29.135  -22.420  -36.664 0.0000000000
49920  -35.638  -23.121  -37.317 0.0000000000
49921  -36.112  -22.341  -36.988 0.0000000000
49936  -26.676  -22.673  -37.450 0.0000000000
49937  -35.615  -22.345  -37.803 0.0000000000
49938  -35.950  -21.878  -37.490 0.0000000000
49947  -26.948  -22.668  -37.965 0.0000000000
49948  -27.484  -22.647  -38.329 0.0000000000
49949  -28.224  -22.596  -38.751 0.0000000000
49950  -28.900  -22.763  -39.073 0.0000000000
49951  -32.634  -23.079  -39.069 0.0000000000
49952  -33.368  -22.570  -38.995 0.0000000000
49953  -34.317  -22.468  -38.639 0.0000000000
49954  -35.000  -22.430  -38.375 0.0000000000
49965  -28.635  -22.253  -39.138 0.0000000000
49966  -29.369  -22.388  -39.500 0.0000000000
49967  -30.424  -22.396  -39.828 0.0000000000
49968  -31.396  -22.432  -39.787 0.0000000000
49969  -32.332  -22.515  -39.490 0.0000000000
49970  -33.005  -22.057  -39.433 0.0000000000
51068  -39.967  -22.319  -32.795 0.0000000000
51069  -40.483  -22.056  -32.693 0.0000000000
51070  -41.355  -21.783  -32.635 0.0000000000
51071  -42.077  -21.656  -32.836 0.0000000000
51076  -38.960  -22.157  -33.572 0.0000000000
51077  -39.684  -21.838  -33.231 0.0000000000
51078  -40.716  -21.259  -32.970 0.0000000000
51079  -41.634  -20.980  -33.011 0.0000000000
51080  -42.362  -21.093  -33.568 0.0000000000
51085  -38.164  -21.730  -34.513 0.0000000000
51086  -38.867  -21.535  -34.027 0.0000000000
51087  -39.579  -21.172  -33.678 0.0000000000
51092  -27.026  -22.369  -36.775 0.0000000000
51093  -27.567  -22.481  -36.618 0.0000000000
51094  -28.050  -22.626  -36.515 0.0000000000
51098  -37.197  -21.814  -35.809 0.0000000000
51099  -37.759  -21.455  -35.176 0.0000000000
51100  -38.387  -21.169  -34.653 0.0000000000
51111  -26.984  -22.187  -37.276 0.0000000000
51112  -27.560  -21.918  -37.132 0.0000000000
51113  -28.326  -22.107  -36.873 0.0000000000
51114  -29.382  -21.659  -37.085 0.0000000000
51119  -36.818  -21.504  -36.534 0.0000000000
51120  -37.377  -21.140  -35.932 0.0000000000
51135  -27.092  -22.137  -37.833 0.0000000000
51136  -27.466  -21.666  -37.699 0.0000000000
51137  -29.526  -21.056  -37.380 0.0000000000
51140  -35.856  -21.449  -37.878 0.0000000000
51141  -36.290  -21.404  -37.352 0.0000000000
51149  -27.252  -22.254  -38.143 0.0000000000
51150  -27.719  -21.712  -38.456 0.0000000000
51151  -28.268  -21.992  -38.894 0.0000000000
51152  -34.040  -21.903  -38.951 0.0000000000
51153  -34.691  -21.613  -38.729 0.0000000000
51154  -35.371  -21.580  -38.334 0.0000000000
51165  -28.091  -21.086  -38.848 0.0000000000
51166  -28.561  -21.493  -39.280 0.0000000000
51167  -29.698  -21.393  -40.115 0.0000000000
51168  -30.924  -21.744  -40.200 0.0000000000
51169  -31.882  -21.819  -40.048 0.0000000000
51170  -32.714  -21.567  -39.849 0.0000000000
51171  -33.574  -21.552  -39.440 0.0000000000
51172  -34.253  -21.358  -39.138 0.0000000000
51182  -29.927  -20.741  -40.503 0.0000000000
51183  -30.567  -20.975  -40.519 0.0000000000
51184  -31.526  -21.153  -40.425 0.0000000000
51185  -32.236  -21.261  -40.253 0.0000000000
52272  -40.156  -20.859  -33.451 0.0000000000
52273  -41.005  -20.364  -33.326 0.0000000000
52274  -41.816  -20.221  -33.475 0.0000000000
52275  -42.224  -20.020  -33.806 0.0000000000
52280  -38.873  -20.590  -34.531 0.0000000000
52281  -39.636  -20.488  -33.991 0.0000000000
52282  -40.382  -20.163  -33.650 0.0000000000
52283  -42.423  -20.274  -34.247 0.0000000000
52288  -37.810  -20.487  -35.641 0.0000000000
52289  -38.338  -20.573  -35.039 0.0000000000
52300  -28.026  -21.640  -37.231 0.0000000000
52301  -28.497  -21.349  -37.341 0.0000000000
52302  -29.075  -21.002  -37.459 0.0000000000
52306  -36.738  -20.751  -37.157 0.0000000000
52307  -37.305  -20.411  -36.476 0.0000000000
52320  -27.905  -21.289  -37.526 0.0000000000
52321  -28.521  -20.534  -37.821 0.0000000000
52322  -29.604  -20.524  -37.682 0.0000000000
52326  -35.674  -21.018  -38.277 0.0000000000
52327  -36.162  -20.442  -38.003 0.0000000000
52328  -36.956  -19.892  -37.303 0.0000000000
52335  -27.715  -20.887  -38.036 0.0000000000
52336  -28.176  -20.338  -38.451 0.0000000000
52337  -34.617  -21.046  -39.054 0.0000000000
52338  -35.225  -20.575  -38.886 0.0000000000
52339  -35.769  -19.997  -38.609 0.0000000000
52349  -27.963  -20.851  -38.566 0.0000000000
52350  -28.315  -20.454  -39.152 0.0000000000
52351  -28.904  -20.723  -39.758 0.0000000000
52352  -32.646  -21.040  -40.221 0.0000000000
52353  -33.271  -20.691  -40.172 0.0000000000
52354  -34.274  -20.664  -39.563 0.0000000000
52355  -34.741  -20.127  -39.504 0.0000000000
52365  -28.770  -20.058  -39.782 0.0000000000
52366  -29.380  -20.249  -40.337 0.0000000000
52367  -30.179  -20.241  -40.814 0.0000000000
52368  -31.167  -20.435  -40.862 0.0000000000
52369  -32.302  -20.585  -40.634 0.0000000000
52370  -32.981  -20.198  -40.666 0.0000000000
53452  -40.822  -19.726  -33.588 0.0000000000
53453  -41.403  -19.623  -33.575 0.0000000000
53454  -41.963  -19.460  -33.728 0.0000000000
53459  -38.721  -20.103  -34.852 0.0000000000
53460  -39.268  -19.661  -34.556 0.0000000000
53461  -40.260  -19.438  -33.922 0.0000000000
53462  -42.178  -19.024  -34.427 0.0000000000
53463  -42.269  -19.298  -34.173 0.0000000000
53470  -37.767  -19.747  -35.974 0.0000000000
53471  -38.469  -19.607  -35.327 0.0000000000
53472  -39.122  -18.831  -34.945 0.0000000000
53473  -42.153  -19.402  -34.978 0.0000000000
53474  -42.332  -19.803  -34.563 0.0000000000
53487  -37.537  -19.233  -36.673 0.0000000000
53499  -28.571  -19.860  -38.405 0.0000000000
53500  -29.243  -19.759  -38.197 0.0000000000
53505  -36.605  -19.310  -37.901 0.0000000000
53506  -37.123  -19.044  -37.398 0.0000000000
53513  -28.379  -19.788  -38.841 0.0000000000
53514  -29.889  -19.299  -38.338 0.0000000000
53517  -35.553  -19.498  -39.043 0.0000000000
53518  -36.045  -19.419  -38.474 0.0000000000
53525  -28.581  -19.614  -39.428 0.0000000000
53526  -33.876  -20.143  -40.105 0.0000000000
53527  -34.365  -19.666  -40.042 0.0000000000
53528  -35.051  -19.614  -39.573 0.0000000000
53536  -28.828  -19.340  -40.219 0.0000000000
53537  -29.557  -19.234  -41.019 0.0000000000
53538  -30.662  -19.632  -41.331 0.0000000000
53539  -31.749  -19.834  -41.275 0.0000000000
53540  -32.663  -19.822  -41.034 0.0000000000
53541  -33.535  -19.539  -40.672 0.0000000000
53542  -34.112  -19.325  -40.421 0.0000000000
53550  -29.625  -18.544  -41.413 0.0000000000
53551  -30.216  -18.736  -41.672 0.0000000000
53552  -31.296  -18.982  -41.842 0.0000000000
53553  -32.318  -19.194  -41.543 0.0000000000
53554  -32.901  -19.351  -41.187 0.0000000000
54524  -41.011  -19.183  -33.645 0.0000000000
54525  -41.592  -18.971  -33.775 0.0000000000
54526  -42.087  -18.941  -33.909 0.0000000000
54529  -39.842  -18.622  -34.409 0.0000000000
54530  -40.869  -18.441  -33.957 0.0000000000
54531  -41.941  -18.519  -34.293 0.0000000000
54532  -42.199  -18.858  -34.083 0.0000000000
54537  -38.027  -19.029  -35.934 0.0000000000
54538  -38.627  -18.334  -35.535 0.0000000000
54539  -39.407  -17.941  -34.915 0.0000000000
54540  -41.834  -18.548  -35.417 0.0000000000
54551  -37.989  -18.233  -36.306 0.0000000000
54552  -38.453  -17.531  -35.976 0.0000000000
54567  -28.580  -19.571  -38.702 0.0000000000
54568  -28.827  -19.462  -38.577 0.0000000000
54572  -36.901  -18.531  -37.772 0.0000000000
54573  -37.422  -18.120  -37.167 0.0000000000
54587  -28.641  -19.236  -38.974 0.0000000000
54588  -29.273  -19.056  -38.695 0.0000000000
54589  -30.127  -18.777  -38.663 0.0000000000
54592  -35.813  -18.784  -38.926 0.0000000000
54593  -36.380  -18.424  -38.403 0.0000000000
54607  -28.673  -18.931  -39.625 0.0000000000
54608  -34.851  -19.177  -40.051 0.0000000000
54609  -35.356  -18.546  -39.797 0.0000000000
54620  -28.789  -18.564  -40.208 0.0000000000
54621  -28.957  -18.721  -40.699 0.0000000000
54622  -33.558  -18.529  -41.002 0.0000000000
54623  -34.332  -18.727  -40.491 0.0000000000
54624  -34.807  -18.065  -40.388 0.0000000000
54636  -28.904  -18.250  -40.648 0.0000000000
54637  -29.168  -18.282  -41.159 0.0000000000
54638  -29.732  -17.984  -41.716 0.0000000000
54639  -30.771  -17.869  -42.237 0.0000000000
54640  -32.147  -18.146  -42.129 0.0000000000
54641  -32.987  -18.756  -41.422 0.0000000000
54649  -31.656  -17.628  -42.396 0.0000000000
54650  -32.017  -17.713  -42.353 0.0000000000
55606  -40.230  -17.646  -34.564 0.0000000000
55607  -41.099  -17.614  -34.453 0.0000000000
55608  -41.578  -17.686  -34.944 0.0000000000
55637  -36.922  -17.654  -37.927 0.0000000000
55650  -28.961  -18.759  -39.212 0.0000000000
55651  -29.522  -18.472  -39.195 0.0000000000
55652  -30.390  -18.158  -39.205 0.0000000000
55656  -35.952  -18.037  -39.087 0.0000000000
55657  -36.423  -17.120  -38.726 0.0000000000
55673  -29.005  -18.379  -39.694 0.0000000000
55674  -29.603  -17.921  -39.781 0.0000000000
55675  -30.543  -17.174  -39.838 0.0000000000
55678  -35.808  -17.244  -39.578 0.0000000000
55694  -28.979  -17.983  -40.245 0.0000000000
55695  -29.469  -17.477  -40.442 0.0000000000
55696  -29.885  -16.795  -40.817 0.0000000000
55697  -33.809  -18.069  -40.944 0.0000000000
55698  -34.259  -17.500  -40.852 0.0000000000
55699  -35.161  -17.425  -40.315 0.0000000000
55712  -28.992  -17.815  -40.787 0.0000000000
55713  -29.410  -17.500  -41.176 0.0000000000
55714  -30.045  -16.964  -41.819 0.0000000000
55715  -30.574  -17.107  -42.273 0.0000000000
55716  -32.557  -17.698  -42.118 0.0000000000
55717  -33.230  -17.599  -41.722 0.0000000000
55718  -33.860  -17.072  -41.409 0.0000000000
55729  -30.604  -16.628  -42.237 0.0000000000
55730  -31.178  -16.973  -42.517 0.0000000000
55731  -32.238  -17.277  -42.376 0.0000000000
55732  -32.836  -16.988  -42.232 0.0000000000
56866  -30.719  -16.321  -40.516 0.0000000000
56887  -30.403  -16.223  -41.232 0.0000000000
56888  -34.850  -16.566  -40.710 0.0000000000
56889  -35.474  -16.472  -40.117 0.0000000000
56904  -30.536  -16.096  -41.915 0.0000000000
56905  -33.678  -16.592  -41.787 0.0000000000
56906  -34.240  -16.571  -41.274 0.0000000000
56918  -30.979  -16.002  -42.532 0.0000000000
56919  -31.796  -16.144  -42.784 0.0000000000
56920  -32.658  -16.350  -42.560 0.0000000000
56921  -33.185  -16.654  -42.170 0.0000000000
56929  -32.069  -15.661  -43.025 0.0000000000
56930  -32.335  -15.862  -42.884 0.0000000000
58154  -30.884  -15.811  -40.891 0.0000000000
58176  -30.909  -15.571  -41.418 0.0000000000
58192  -30.952  -15.411  -42.060 0.0000000000
58193  -34.101  -15.987  -41.728 0.0000000000
58194  -34.705  -15.704  -41.194 0.0000000000
58206  -31.285  -15.223  -42.607 0.0000000000
58207  -31.415  -15.649  -42.776 0.0000000000
58208  -32.771  -15.744  -42.806 0.0000000000
58209  -33.484  -15.662  -42.440 0.0000000000
58210  -34.361  -15.363  -41.873 0.0000000000
58222  -31.769  -15.197  -43.065 0.0000000000
58223  -32.479  -15.324  -43.048 0.0000000000
58224  -32.945  -15.437  -42.892 0.0000000000
59569  -33.671  -14.645  -42.773 0.0000000000
59570  -34.278  -14.719  -42.318 0.0000000000
59586  -33.092  -14.900  -43.043 0.0000000000
