#!ascii label  , from subject cvs_avg35_inMNI152 vox2ras=TkReg
187
43843  -4.344  -27.071  10.189 0.0000000000
43844  -4.924  -27.388  10.714 0.0000000000
43858  -4.034  -27.729  9.158 0.0000000000
43859  -4.633  -27.984  9.983 0.0000000000
43870  -3.765  -27.444  8.205 0.0000000000
43875  -3.776  -27.382  7.468 0.0000000000
43890  -9.073  -27.004  5.026 0.0000000000
44779  -5.295  -25.676  13.219 0.0000000000
44780  -5.572  -25.809  13.404 0.0000000000
44781  -6.349  -26.003  13.349 0.0000000000
44782  -7.037  -25.993  13.008 0.0000000000
44791  -5.120  -25.934  13.034 0.0000000000
44792  -5.649  -26.252  12.799 0.0000000000
44793  -6.460  -26.319  12.521 0.0000000000
44802  -4.952  -26.154  12.347 0.0000000000
44803  -5.678  -26.714  11.814 0.0000000000
44816  -4.121  -26.235  10.335 0.0000000000
44817  -4.567  -26.490  11.269 0.0000000000
44818  -5.193  -27.103  11.273 0.0000000000
44830  -4.072  -26.488  9.559 0.0000000000
44836  -3.967  -26.578  8.675 0.0000000000
44840  -4.014  -26.546  7.817 0.0000000000
44841  -4.255  -26.224  7.327 0.0000000000
44845  -4.051  -26.788  7.202 0.0000000000
44846  -4.536  -26.516  6.798 0.0000000000
44847  -5.414  -26.499  6.446 0.0000000000
44848  -6.471  -26.474  6.341 0.0000000000
44849  -7.496  -26.296  6.374 0.0000000000
44850  -8.370  -26.164  6.213 0.0000000000
44854  -7.107  -26.909  6.062 0.0000000000
44855  -7.945  -26.889  5.926 0.0000000000
44856  -8.931  -26.405  5.550 0.0000000000
44857  -9.388  -25.947  5.286 0.0000000000
44861  -9.333  -26.305  4.700 0.0000000000
44862  -9.518  -25.756  5.050 0.0000000000
44867  -9.065  -26.533  3.646 0.0000000000
44873  -6.975  -25.830  2.084 0.0000000000
44874  -7.588  -26.262  2.168 0.0000000000
44875  -8.461  -26.596  2.732 0.0000000000
44883  -6.697  -26.244  1.583 0.0000000000
45903  -5.169  -25.605  13.043 0.0000000000
45904  -5.411  -25.212  13.112 0.0000000000
45905  -6.158  -25.182  13.481 0.0000000000
45906  -7.098  -25.265  13.338 0.0000000000
45915  -5.048  -25.520  12.682 0.0000000000
45916  -5.145  -24.890  12.519 0.0000000000
45926  -4.759  -25.197  11.841 0.0000000000
45927  -5.059  -24.635  12.128 0.0000000000
45936  -4.061  -25.754  9.873 0.0000000000
45937  -4.237  -25.249  10.559 0.0000000000
45941  -4.093  -25.530  9.107 0.0000000000
45942  -4.116  -25.265  9.767 0.0000000000
45947  -4.154  -25.770  8.263 0.0000000000
45951  -4.325  -25.699  7.713 0.0000000000
45952  -4.569  -25.684  7.242 0.0000000000
45956  -5.013  -25.742  6.822 0.0000000000
45957  -5.878  -25.708  6.727 0.0000000000
45958  -6.942  -25.636  6.752 0.0000000000
45959  -8.057  -25.499  6.668 0.0000000000
45960  -9.073  -25.427  6.146 0.0000000000
45961  -9.570  -24.983  5.954 0.0000000000
45964  -9.291  -25.801  5.624 0.0000000000
45965  -9.559  -25.330  5.470 0.0000000000
45968  -9.164  -25.530  4.015 0.0000000000
45969  -9.476  -25.347  4.758 0.0000000000
45972  -7.763  -25.229  2.927 0.0000000000
45973  -8.466  -25.589  3.279 0.0000000000
45978  -6.370  -25.405  2.135 0.0000000000
45979  -7.216  -25.443  2.496 0.0000000000
45980  -7.937  -25.816  2.691 0.0000000000
47055  -5.458  -24.543  12.840 0.0000000000
47056  -5.909  -24.343  13.241 0.0000000000
47057  -6.779  -24.379  13.375 0.0000000000
47058  -7.747  -24.381  13.326 0.0000000000
47065  -5.364  -24.217  12.331 0.0000000000
47066  -5.635  -24.059  12.796 0.0000000000
47072  -4.637  -24.348  11.121 0.0000000000
47073  -5.010  -24.247  11.778 0.0000000000
47076  -4.459  -24.229  10.378 0.0000000000
47079  -4.219  -24.861  8.895 0.0000000000
47080  -4.285  -24.548  9.541 0.0000000000
47084  -4.244  -25.066  8.405 0.0000000000
47085  -4.428  -24.366  8.660 0.0000000000
47088  -4.304  -25.294  7.997 0.0000000000
47089  -4.718  -24.746  7.746 0.0000000000
47090  -5.792  -24.292  7.463 0.0000000000
47091  -6.854  -24.114  7.376 0.0000000000
47092  -7.901  -23.972  7.372 0.0000000000
47093  -8.511  -23.764  7.270 0.0000000000
47097  -4.854  -25.294  7.202 0.0000000000
47098  -5.370  -25.096  7.142 0.0000000000
47099  -6.350  -24.945  7.117 0.0000000000
47100  -7.477  -24.789  7.102 0.0000000000
47101  -8.673  -24.400  6.892 0.0000000000
47102  -9.416  -24.470  6.241 0.0000000000
47105  -9.594  -24.540  5.684 0.0000000000
47109  -8.354  -24.270  3.921 0.0000000000
47110  -9.009  -24.528  4.400 0.0000000000
47111  -9.488  -24.582  5.120 0.0000000000
47115  -6.114  -24.286  2.888 0.0000000000
47116  -6.793  -24.277  3.170 0.0000000000
47117  -7.809  -24.554  3.419 0.0000000000
47118  -8.639  -24.874  3.747 0.0000000000
47123  -5.639  -24.647  2.464 0.0000000000
47124  -6.563  -24.801  2.664 0.0000000000
47125  -7.243  -24.834  2.905 0.0000000000
48191  -6.458  -23.513  13.240 0.0000000000
48192  -7.344  -23.472  13.295 0.0000000000
48206  -5.577  -23.610  12.512 0.0000000000
48207  -5.840  -23.512  12.978 0.0000000000
48215  -4.910  -23.656  11.354 0.0000000000
48216  -5.315  -23.407  11.912 0.0000000000
48220  -4.702  -23.520  10.740 0.0000000000
48223  -4.612  -23.505  9.960 0.0000000000
48227  -4.636  -23.516  9.163 0.0000000000
48230  -4.896  -23.610  8.459 0.0000000000
48231  -5.451  -23.584  7.956 0.0000000000
48232  -6.362  -23.443  7.755 0.0000000000
48233  -7.375  -23.347  7.652 0.0000000000
48234  -8.287  -23.271  7.513 0.0000000000
48237  -8.928  -23.392  7.159 0.0000000000
48238  -9.306  -23.644  6.540 0.0000000000
48241  -9.269  -23.331  5.631 0.0000000000
48242  -9.530  -23.745  5.827 0.0000000000
48245  -7.523  -22.988  4.311 0.0000000000
48246  -8.237  -23.536  4.379 0.0000000000
48247  -9.140  -23.679  5.164 0.0000000000
48248  -9.501  -24.127  5.442 0.0000000000
48253  -4.780  -23.317  3.298 0.0000000000
48254  -5.922  -23.635  3.306 0.0000000000
48255  -7.174  -23.517  3.751 0.0000000000
48256  -7.910  -23.945  3.832 0.0000000000
48263  -5.077  -23.976  2.812 0.0000000000
48264  -5.682  -24.123  2.860 0.0000000000
49336  -6.842  -22.560  13.248 0.0000000000
49337  -7.839  -22.456  13.293 0.0000000000
49349  -5.645  -22.793  12.536 0.0000000000
49350  -6.066  -22.705  13.144 0.0000000000
49363  -4.933  -22.757  11.268 0.0000000000
49364  -5.312  -22.491  11.913 0.0000000000
49379  -4.779  -22.642  10.431 0.0000000000
49389  -4.829  -22.585  9.660 0.0000000000
49394  -4.987  -22.548  8.894 0.0000000000
49395  -5.547  -22.255  8.581 0.0000000000
49398  -5.361  -22.941  8.439 0.0000000000
49399  -6.020  -22.678  8.203 0.0000000000
49400  -6.905  -22.717  7.999 0.0000000000
49401  -7.899  -22.600  7.920 0.0000000000
49402  -8.758  -22.528  7.524 0.0000000000
49405  -9.192  -22.662  6.726 0.0000000000
49406  -9.374  -23.168  6.134 0.0000000000
49409  -8.344  -22.030  5.489 0.0000000000
49410  -8.972  -22.664  5.713 0.0000000000
49411  -9.346  -23.214  5.825 0.0000000000
49414  -6.017  -21.979  4.253 0.0000000000
49415  -6.758  -22.458  4.259 0.0000000000
49416  -7.936  -22.485  4.911 0.0000000000
49417  -8.603  -23.078  5.029 0.0000000000
49425  -5.533  -22.548  3.821 0.0000000000
49426  -6.340  -23.021  3.758 0.0000000000
50540  -5.595  -21.421  13.047 0.0000000000
50541  -6.195  -21.697  13.332 0.0000000000
50542  -7.163  -21.536  13.453 0.0000000000
50550  -5.389  -21.740  12.397 0.0000000000
50551  -5.727  -22.077  12.954 0.0000000000
50556  -4.793  -21.830  10.907 0.0000000000
50557  -5.028  -21.807  11.615 0.0000000000
50569  -4.813  -21.715  10.171 0.0000000000
50582  -4.949  -21.619  9.464 0.0000000000
50589  -5.310  -21.527  8.866 0.0000000000
50590  -6.262  -21.617  8.510 0.0000000000
50591  -7.418  -21.172  8.438 0.0000000000
50596  -6.591  -22.265  8.273 0.0000000000
50597  -7.269  -22.009  8.273 0.0000000000
50598  -8.412  -21.567  8.156 0.0000000000
50603  -9.051  -21.681  6.514 0.0000000000
50618  -7.148  -21.819  4.871 0.0000000000
51743  -5.761  -20.806  13.386 0.0000000000
51744  -6.461  -20.772  13.614 0.0000000000
51753  -5.313  -20.761  12.755 0.0000000000
51761  -4.786  -21.178  11.306 0.0000000000
51762  -4.962  -20.947  11.964 0.0000000000
51774  -4.701  -20.973  10.699 0.0000000000
51785  -4.762  -20.779  9.973 0.0000000000
51792  -5.026  -20.686  9.304 0.0000000000
51793  -5.656  -20.623  8.874 0.0000000000
52908  -4.719  -20.408  11.341 0.0000000000
