#!ascii label  , from subject cvs_avg35_inMNI152 vox2ras=TkReg
273
126963  -9.543  58.952  -23.167 0.0000000000
126975  -9.447  58.640  -23.650 0.0000000000
127550  -9.037  59.897  -21.872 0.0000000000
127551  -9.818  60.021  -21.923 0.0000000000
127552  -10.257  60.200  -21.981 0.0000000000
127564  -9.668  59.375  -22.609 0.0000000000
127565  -10.342  59.933  -22.378 0.0000000000
127574  -9.941  59.214  -23.491 0.0000000000
127575  -10.504  59.711  -23.134 0.0000000000
127582  -9.851  59.117  -24.341 0.0000000000
127583  -10.516  59.791  -24.108 0.0000000000
127593  -10.254  59.836  -25.118 0.0000000000
128114  -9.264  60.635  -21.592 0.0000000000
128115  -10.085  60.687  -21.729 0.0000000000
128116  -10.710  60.956  -21.753 0.0000000000
128126  -10.641  60.417  -22.075 0.0000000000
128127  -11.201  60.866  -22.163 0.0000000000
128133  -10.950  60.287  -22.709 0.0000000000
128134  -11.530  60.914  -22.958 0.0000000000
128140  -11.108  60.378  -23.625 0.0000000000
128141  -11.607  61.148  -23.867 0.0000000000
128146  -11.016  61.545  -25.403 0.0000000000
128147  -11.097  60.945  -24.857 0.0000000000
128148  -11.519  61.441  -24.377 0.0000000000
128151  -10.775  61.411  -25.577 0.0000000000
128152  -10.370  60.835  -25.820 0.0000000000
128640  -8.972  61.958  -20.844 0.0000000000
128641  -9.833  61.923  -20.880 0.0000000000
128642  -10.571  61.911  -20.919 0.0000000000
128652  -9.532  61.317  -21.290 0.0000000000
128653  -10.336  61.373  -21.339 0.0000000000
128654  -11.197  61.582  -21.444 0.0000000000
128655  -11.750  62.005  -21.730 0.0000000000
128659  -11.698  61.496  -22.266 0.0000000000
128660  -12.096  62.124  -22.259 0.0000000000
128664  -12.008  61.813  -23.137 0.0000000000
128665  -12.335  62.290  -22.714 0.0000000000
128669  -11.810  61.866  -24.013 0.0000000000
128671  -10.889  61.991  -25.678 0.0000000000
128672  -11.225  61.946  -25.274 0.0000000000
128673  -11.526  61.929  -24.656 0.0000000000
128676  -10.481  61.834  -25.930 0.0000000000
128677  -10.358  61.600  -26.441 0.0000000000
129104  -9.294  62.648  -20.538 0.0000000000
129105  -10.195  62.560  -20.584 0.0000000000
129106  -11.082  62.461  -20.740 0.0000000000
129107  -11.671  62.836  -20.885 0.0000000000
129113  -11.603  62.264  -21.219 0.0000000000
129114  -12.110  62.639  -21.461 0.0000000000
129117  -12.529  62.682  -22.235 0.0000000000
129120  -12.118  62.266  -23.672 0.0000000000
129121  -12.538  62.726  -23.204 0.0000000000
129125  -12.106  62.741  -24.230 0.0000000000
129126  -12.622  63.248  -23.778 0.0000000000
129129  -10.592  62.629  -25.878 0.0000000000
129130  -11.048  62.736  -25.568 0.0000000000
129131  -11.531  62.744  -25.048 0.0000000000
129134  -10.289  62.551  -26.335 0.0000000000
129135  -10.246  62.201  -26.828 0.0000000000
129137  -10.218  62.874  -26.840 0.0000000000
129556  -8.714  64.072  -20.059 0.0000000000
129557  -9.217  64.024  -19.961 0.0000000000
129558  -10.103  63.899  -19.843 0.0000000000
129559  -10.947  63.785  -19.801 0.0000000000
129560  -11.596  63.930  -19.977 0.0000000000
129565  -8.664  63.540  -20.247 0.0000000000
129566  -9.688  63.309  -20.238 0.0000000000
129567  -10.582  63.215  -20.275 0.0000000000
129568  -11.360  63.289  -20.381 0.0000000000
129569  -12.162  63.564  -20.590 0.0000000000
129570  -12.837  63.936  -20.851 0.0000000000
129575  -12.718  63.304  -21.464 0.0000000000
129576  -13.287  63.979  -21.449 0.0000000000
129579  -13.047  63.374  -22.333 0.0000000000
129580  -13.530  64.213  -22.294 0.0000000000
129584  -13.171  63.733  -23.287 0.0000000000
129585  -13.477  64.608  -22.942 0.0000000000
129589  -11.945  63.489  -24.858 0.0000000000
129590  -12.615  63.880  -24.274 0.0000000000
129593  -10.330  63.258  -26.078 0.0000000000
129594  -10.695  63.502  -25.804 0.0000000000
129595  -11.361  63.759  -25.453 0.0000000000
129597  -10.235  63.513  -26.530 0.0000000000
129600  -10.325  63.598  -27.140 0.0000000000
129601  -10.738  63.498  -27.774 0.0000000000
130018  -9.671  65.089  -19.019 0.0000000000
130019  -10.130  64.973  -18.935 0.0000000000
130020  -10.930  64.837  -18.859 0.0000000000
130021  -11.634  64.829  -18.878 0.0000000000
130026  -7.413  64.775  -19.839 0.0000000000
130027  -8.502  64.522  -19.751 0.0000000000
130028  -9.561  64.647  -19.385 0.0000000000
130029  -10.517  64.409  -19.361 0.0000000000
130030  -11.324  64.365  -19.389 0.0000000000
130031  -12.161  64.526  -19.556 0.0000000000
130032  -12.841  64.784  -19.774 0.0000000000
130037  -7.947  64.114  -20.185 0.0000000000
130038  -8.457  64.090  -20.103 0.0000000000
130039  -12.640  64.306  -20.274 0.0000000000
130040  -13.208  64.680  -20.519 0.0000000000
130043  -13.557  64.884  -21.409 0.0000000000
130046  -13.591  65.144  -22.251 0.0000000000
130050  -13.087  64.725  -23.635 0.0000000000
130051  -13.383  65.413  -23.000 0.0000000000
130056  -11.988  64.461  -25.000 0.0000000000
130057  -12.541  65.113  -24.391 0.0000000000
130061  -10.278  64.155  -26.119 0.0000000000
130062  -10.730  64.575  -25.780 0.0000000000
130063  -11.322  64.982  -25.464 0.0000000000
130067  -10.219  64.675  -26.780 0.0000000000
130071  -10.471  64.523  -27.542 0.0000000000
130072  -10.685  64.316  -28.367 0.0000000000
130468  -9.665  65.937  -18.130 0.0000000000
130469  -10.131  65.870  -18.028 0.0000000000
130470  -10.937  65.759  -17.871 0.0000000000
130471  -11.659  65.739  -17.839 0.0000000000
130475  -6.923  66.008  -19.093 0.0000000000
130476  -7.458  65.937  -19.013 0.0000000000
130477  -8.432  65.774  -18.842 0.0000000000
130478  -9.525  65.553  -18.618 0.0000000000
130479  -10.513  65.372  -18.436 0.0000000000
130480  -11.341  65.270  -18.342 0.0000000000
130481  -12.229  65.361  -18.447 0.0000000000
130482  -12.870  65.645  -18.737 0.0000000000
130486  -6.863  65.580  -19.362 0.0000000000
130487  -7.914  65.321  -19.370 0.0000000000
130488  -8.902  65.191  -19.214 0.0000000000
130489  -9.425  65.137  -19.080 0.0000000000
130490  -12.707  65.130  -19.171 0.0000000000
130491  -13.204  65.508  -19.523 0.0000000000
130494  -13.551  65.645  -20.496 0.0000000000
130497  -13.658  65.848  -21.445 0.0000000000
130501  -13.499  66.075  -22.319 0.0000000000
130505  -12.939  65.771  -23.641 0.0000000000
130506  -13.185  66.299  -22.982 0.0000000000
130513  -11.790  65.674  -25.031 0.0000000000
130514  -12.368  66.280  -24.328 0.0000000000
130519  -10.020  66.164  -26.455 0.0000000000
130520  -10.163  65.472  -26.136 0.0000000000
130521  -10.770  65.655  -25.745 0.0000000000
130522  -11.237  65.850  -25.461 0.0000000000
130526  -9.977  66.349  -26.683 0.0000000000
130527  -10.067  65.921  -26.790 0.0000000000
130530  -10.277  65.592  -27.344 0.0000000000
130531  -10.510  65.449  -28.029 0.0000000000
130539  -10.539  65.409  -28.797 0.0000000000
130551  -10.388  65.451  -29.500 0.0000000000
130903  -6.319  66.963  -18.034 0.0000000000
130904  -7.297  66.812  -17.812 0.0000000000
130905  -8.431  66.680  -17.483 0.0000000000
130906  -9.529  66.256  -17.621 0.0000000000
130907  -10.508  66.207  -17.375 0.0000000000
130908  -11.366  66.198  -17.317 0.0000000000
130909  -12.273  66.314  -17.451 0.0000000000
130910  -12.945  66.548  -17.773 0.0000000000
130916  -6.020  66.273  -18.663 0.0000000000
130917  -6.819  66.286  -18.659 0.0000000000
130918  -7.868  66.263  -18.343 0.0000000000
130919  -8.876  66.113  -18.206 0.0000000000
130920  -9.415  65.994  -18.173 0.0000000000
130921  -12.765  66.000  -18.143 0.0000000000
130922  -13.212  66.378  -18.581 0.0000000000
130927  -6.407  66.043  -19.129 0.0000000000
130928  -6.675  66.041  -19.126 0.0000000000
130929  -13.525  66.470  -19.582 0.0000000000
130934  -13.650  66.640  -20.586 0.0000000000
130937  -13.499  66.838  -21.579 0.0000000000
130941  -12.953  67.222  -22.824 0.0000000000
130942  -13.161  67.014  -22.534 0.0000000000
130948  -12.797  66.929  -23.324 0.0000000000
130949  -13.061  66.720  -22.951 0.0000000000
130956  -11.015  67.014  -25.184 0.0000000000
130957  -11.445  66.831  -24.881 0.0000000000
130958  -12.090  67.321  -24.151 0.0000000000
130961  -10.018  66.422  -26.166 0.0000000000
130962  -10.298  66.396  -25.883 0.0000000000
130963  -10.827  66.680  -25.480 0.0000000000
130964  -11.346  66.258  -25.257 0.0000000000
130967  -9.920  66.699  -26.481 0.0000000000
130968  -9.983  66.751  -26.852 0.0000000000
130971  -10.148  66.558  -27.255 0.0000000000
130972  -10.382  66.434  -27.802 0.0000000000
130981  -10.422  66.368  -28.501 0.0000000000
130992  -10.272  66.419  -29.289 0.0000000000
131338  -12.800  67.004  -17.266 0.0000000000
131339  -13.213  67.300  -17.791 0.0000000000
131350  -13.413  67.314  -18.757 0.0000000000
131360  -13.540  67.448  -19.723 0.0000000000
131370  -13.461  67.662  -20.745 0.0000000000
131379  -12.938  68.089  -22.095 0.0000000000
131380  -13.142  67.857  -21.805 0.0000000000
131385  -12.845  67.787  -22.601 0.0000000000
131386  -13.071  67.536  -22.314 0.0000000000
131392  -11.650  68.254  -23.926 0.0000000000
131393  -12.069  68.029  -23.620 0.0000000000
131397  -10.049  67.746  -25.403 0.0000000000
131398  -10.600  67.537  -25.184 0.0000000000
131399  -11.465  68.000  -24.342 0.0000000000
131400  -11.910  67.778  -24.035 0.0000000000
131402  -9.971  66.786  -25.963 0.0000000000
131403  -10.017  67.332  -25.726 0.0000000000
131404  -10.480  67.187  -25.494 0.0000000000
131407  -9.827  66.953  -26.139 0.0000000000
131408  -9.721  67.547  -26.533 0.0000000000
131417  -10.052  67.376  -27.154 0.0000000000
131418  -10.248  67.229  -27.605 0.0000000000
131429  -10.064  67.766  -28.871 0.0000000000
131430  -10.319  67.329  -28.264 0.0000000000
131442  -10.247  67.098  -28.895 0.0000000000
131823  -13.301  68.093  -18.091 0.0000000000
131833  -13.359  68.198  -18.926 0.0000000000
131843  -13.338  68.402  -19.865 0.0000000000
131856  -12.701  69.206  -21.286 0.0000000000
131857  -13.089  68.757  -20.920 0.0000000000
131871  -12.777  68.672  -21.890 0.0000000000
131872  -13.044  68.428  -21.540 0.0000000000
131885  -11.608  69.055  -23.157 0.0000000000
131886  -12.157  68.724  -22.792 0.0000000000
131891  -10.687  68.997  -24.153 0.0000000000
131892  -11.330  68.756  -23.766 0.0000000000
131893  -11.809  68.624  -23.337 0.0000000000
131896  -8.802  68.900  -25.671 0.0000000000
131897  -9.580  68.383  -25.260 0.0000000000
131898  -10.424  68.610  -24.597 0.0000000000
131899  -11.010  68.598  -24.244 0.0000000000
131902  -8.728  69.020  -26.248 0.0000000000
131903  -9.127  68.180  -25.968 0.0000000000
131910  -8.851  69.223  -26.590 0.0000000000
131911  -9.205  68.740  -26.649 0.0000000000
131920  -9.839  68.341  -27.390 0.0000000000
131921  -10.132  67.723  -27.465 0.0000000000
131926  -10.007  68.368  -28.393 0.0000000000
131927  -10.220  67.851  -27.811 0.0000000000
132333  -13.188  69.048  -19.056 0.0000000000
132341  -12.590  69.842  -19.998 0.0000000000
132342  -13.016  69.222  -19.898 0.0000000000
132352  -12.518  69.667  -20.771 0.0000000000
132353  -12.827  69.379  -20.388 0.0000000000
132365  -11.769  69.916  -22.051 0.0000000000
132366  -12.228  69.669  -21.539 0.0000000000
132382  -11.585  69.594  -22.642 0.0000000000
132383  -12.147  69.324  -22.200 0.0000000000
132389  -9.691  69.844  -24.128 0.0000000000
132390  -10.386  69.670  -23.783 0.0000000000
132391  -11.046  69.627  -23.215 0.0000000000
132394  -8.502  69.534  -25.157 0.0000000000
132395  -9.413  69.444  -24.603 0.0000000000
132396  -10.155  69.335  -24.290 0.0000000000
132402  -8.282  69.522  -25.916 0.0000000000
132843  -11.633  70.823  -20.831 0.0000000000
132844  -12.044  70.511  -20.292 0.0000000000
132855  -10.861  70.968  -22.013 0.0000000000
132856  -11.480  70.601  -21.539 0.0000000000
132857  -12.010  70.269  -21.001 0.0000000000
132875  -10.581  70.783  -22.499 0.0000000000
132876  -11.234  70.349  -22.264 0.0000000000
132892  -9.379  70.599  -23.735 0.0000000000
132893  -10.265  70.521  -23.129 0.0000000000
132894  -10.952  70.166  -22.748 0.0000000000
132909  -8.463  70.253  -24.589 0.0000000000
132910  -9.083  70.202  -24.238 0.0000000000
133332  -10.772  71.730  -20.842 0.0000000000
133343  -10.689  71.478  -21.493 0.0000000000
133344  -11.222  71.249  -21.020 0.0000000000
133361  -9.566  71.748  -22.534 0.0000000000
133362  -10.169  71.536  -22.165 0.0000000000
133387  -9.310  71.485  -23.080 0.0000000000
133388  -10.001  71.228  -22.701 0.0000000000
133819  -9.573  72.586  -21.402 0.0000000000
133820  -10.179  72.120  -21.084 0.0000000000
133830  -9.323  72.400  -22.095 0.0000000000
133831  -9.974  72.008  -21.651 0.0000000000
133853  -9.038  72.141  -22.638 0.0000000000
