#!ascii label  , from subject cvs_avg35_inMNI152 vox2ras=TkReg
279
112186  -5.317  36.516  -27.986 0.0000000000
112188  -5.028  36.471  -28.970 0.0000000000
112190  -4.836  36.458  -29.894 0.0000000000
112822  -5.426  37.539  -27.406 0.0000000000
112824  -5.022  37.794  -28.935 0.0000000000
112825  -5.151  37.620  -28.614 0.0000000000
112827  -4.971  37.783  -29.175 0.0000000000
112828  -4.922  37.277  -29.422 0.0000000000
112830  -4.947  37.795  -29.593 0.0000000000
112831  -5.110  37.514  -30.208 0.0000000000
112832  -5.725  37.963  -30.679 0.0000000000
113503  -5.363  38.574  -27.765 0.0000000000
113505  -5.022  38.029  -28.969 0.0000000000
113506  -5.147  38.624  -28.724 0.0000000000
113508  -5.029  38.196  -29.295 0.0000000000
113509  -5.167  38.786  -29.424 0.0000000000
113515  -5.056  38.187  -29.757 0.0000000000
113516  -5.390  38.613  -30.150 0.0000000000
113517  -6.066  38.717  -30.729 0.0000000000
113525  -6.475  38.924  -31.321 0.0000000000
113533  -6.740  38.785  -32.085 0.0000000000
113543  -6.756  38.730  -33.146 0.0000000000
114169  -5.388  39.580  -28.036 0.0000000000
114171  -5.263  39.593  -28.892 0.0000000000
114177  -5.445  39.509  -29.607 0.0000000000
114185  -5.836  39.498  -30.202 0.0000000000
114186  -6.347  39.629  -30.793 0.0000000000
114194  -6.725  39.729  -31.564 0.0000000000
114205  -7.027  39.896  -32.565 0.0000000000
114206  -7.153  40.440  -32.811 0.0000000000
114218  -6.900  39.949  -33.675 0.0000000000
114219  -7.146  40.256  -33.061 0.0000000000
114231  -6.517  39.599  -34.854 0.0000000000
114868  -5.520  40.540  -28.312 0.0000000000
114877  -5.526  40.456  -29.148 0.0000000000
114878  -5.845  40.694  -29.584 0.0000000000
114886  -5.751  40.109  -29.734 0.0000000000
114887  -6.118  40.440  -30.163 0.0000000000
114899  -6.527  40.573  -30.947 0.0000000000
114912  -6.849  40.671  -31.777 0.0000000000
114913  -7.072  40.823  -32.484 0.0000000000
114923  -6.940  41.066  -33.814 0.0000000000
114924  -7.149  40.834  -33.140 0.0000000000
114938  -6.647  40.704  -34.508 0.0000000000
115602  -5.743  42.087  -27.942 0.0000000000
115611  -5.730  42.008  -28.195 0.0000000000
115612  -5.647  41.327  -28.555 0.0000000000
115620  -5.768  41.947  -28.692 0.0000000000
115621  -5.805  41.352  -29.188 0.0000000000
115622  -6.046  41.160  -29.731 0.0000000000
115635  -5.903  42.069  -29.073 0.0000000000
115636  -6.122  41.862  -29.510 0.0000000000
115637  -6.332  41.498  -30.272 0.0000000000
115654  -6.682  41.525  -31.168 0.0000000000
115667  -6.964  41.541  -31.955 0.0000000000
115668  -7.163  41.616  -32.659 0.0000000000
115679  -6.991  41.602  -33.879 0.0000000000
115680  -7.144  41.774  -33.431 0.0000000000
115697  -6.794  41.575  -34.279 0.0000000000
115711  -6.511  41.563  -35.059 0.0000000000
116369  -5.940  43.196  -28.148 0.0000000000
116370  -5.856  42.586  -27.887 0.0000000000
116380  -6.087  42.982  -28.512 0.0000000000
116381  -5.900  42.506  -28.347 0.0000000000
116394  -6.093  42.884  -28.790 0.0000000000
116395  -5.956  42.507  -28.760 0.0000000000
116412  -6.119  43.050  -28.912 0.0000000000
116413  -6.114  42.680  -29.149 0.0000000000
116414  -6.367  42.506  -29.807 0.0000000000
116415  -6.617  42.441  -30.590 0.0000000000
116427  -6.905  42.465  -31.467 0.0000000000
116428  -7.141  42.835  -32.042 0.0000000000
116435  -7.113  42.199  -32.176 0.0000000000
116436  -7.268  42.596  -32.783 0.0000000000
116440  -7.001  42.031  -33.972 0.0000000000
116441  -7.167  42.755  -33.729 0.0000000000
116453  -6.768  42.500  -34.497 0.0000000000
116454  -6.966  43.260  -34.252 0.0000000000
116462  -6.467  42.635  -35.463 0.0000000000
117133  -5.699  43.929  -28.136 0.0000000000
117134  -5.842  43.623  -27.794 0.0000000000
117151  -5.927  43.564  -28.461 0.0000000000
117166  -6.096  43.299  -28.748 0.0000000000
117177  -6.087  43.258  -29.002 0.0000000000
117178  -6.299  43.263  -29.397 0.0000000000
117179  -6.598  43.342  -30.059 0.0000000000
117180  -6.860  43.338  -30.824 0.0000000000
117185  -7.058  43.420  -31.528 0.0000000000
117186  -7.254  43.543  -32.286 0.0000000000
117190  -7.385  43.554  -33.158 0.0000000000
117201  -7.202  43.660  -33.895 0.0000000000
117214  -6.679  43.692  -34.816 0.0000000000
117215  -6.965  43.719  -34.301 0.0000000000
117222  -6.411  43.708  -35.793 0.0000000000
117232  -6.149  43.877  -36.480 0.0000000000
117916  -5.520  44.389  -28.194 0.0000000000
117935  -5.634  44.153  -28.513 0.0000000000
117936  -5.382  44.805  -28.373 0.0000000000
117946  -5.890  43.778  -28.788 0.0000000000
117947  -5.773  44.564  -29.037 0.0000000000
117948  -6.426  44.911  -29.524 0.0000000000
117949  -6.702  45.108  -29.847 0.0000000000
117952  -6.057  43.506  -28.879 0.0000000000
117953  -6.050  43.724  -29.096 0.0000000000
117954  -6.387  44.050  -29.524 0.0000000000
117955  -6.906  44.496  -30.344 0.0000000000
117956  -7.264  45.007  -30.900 0.0000000000
117962  -7.067  43.910  -31.030 0.0000000000
117963  -7.266  44.453  -31.524 0.0000000000
117971  -7.467  44.435  -32.647 0.0000000000
117983  -7.316  44.441  -33.542 0.0000000000
117991  -6.704  44.809  -34.697 0.0000000000
117992  -6.981  44.282  -34.222 0.0000000000
117998  -6.509  44.646  -35.431 0.0000000000
118009  -5.915  44.806  -36.837 0.0000000000
118010  -6.307  44.538  -36.131 0.0000000000
118633  -5.476  45.564  -28.625 0.0000000000
118634  -6.013  45.596  -29.125 0.0000000000
118635  -6.576  45.709  -29.605 0.0000000000
118636  -7.010  45.952  -29.959 0.0000000000
118638  -6.892  45.364  -30.031 0.0000000000
118639  -7.297  45.613  -30.488 0.0000000000
118648  -7.580  45.509  -31.292 0.0000000000
118663  -7.619  45.346  -32.197 0.0000000000
118676  -7.582  45.362  -33.150 0.0000000000
118688  -6.726  45.381  -34.624 0.0000000000
118689  -7.016  45.396  -34.073 0.0000000000
118701  -6.597  45.478  -35.103 0.0000000000
118711  -5.867  45.897  -36.805 0.0000000000
118712  -6.348  45.670  -36.030 0.0000000000
118727  -5.476  45.664  -37.433 0.0000000000
119284  -5.732  46.367  -28.735 0.0000000000
119285  -6.257  46.489  -29.188 0.0000000000
119286  -6.916  46.593  -29.579 0.0000000000
119287  -7.441  46.518  -30.115 0.0000000000
119292  -7.935  46.542  -30.866 0.0000000000
119293  -8.283  47.198  -31.067 0.0000000000
119307  -7.953  46.201  -31.846 0.0000000000
119308  -8.291  46.982  -31.622 0.0000000000
119329  -7.935  46.121  -32.705 0.0000000000
119330  -8.210  46.795  -32.401 0.0000000000
119346  -7.633  46.563  -33.545 0.0000000000
119347  -8.063  46.674  -32.945 0.0000000000
119359  -6.760  45.849  -34.669 0.0000000000
119360  -7.044  46.452  -34.435 0.0000000000
119369  -6.634  46.535  -35.176 0.0000000000
119370  -6.942  46.958  -34.735 0.0000000000
119375  -6.036  46.697  -36.543 0.0000000000
119376  -6.362  46.801  -35.944 0.0000000000
119383  -5.611  46.672  -37.204 0.0000000000
119394  -5.168  46.627  -37.908 0.0000000000
119982  -5.982  47.918  -28.771 0.0000000000
119990  -5.916  47.164  -28.796 0.0000000000
119991  -6.567  47.506  -29.166 0.0000000000
119992  -7.548  47.497  -29.656 0.0000000000
119993  -8.105  48.199  -29.779 0.0000000000
120007  -7.837  47.019  -30.248 0.0000000000
120008  -8.253  47.625  -30.464 0.0000000000
120027  -8.485  47.728  -31.357 0.0000000000
120048  -8.451  47.625  -32.216 0.0000000000
120064  -7.865  47.798  -33.612 0.0000000000
120065  -8.166  47.313  -32.979 0.0000000000
120074  -7.355  47.431  -34.406 0.0000000000
120080  -6.574  47.665  -35.645 0.0000000000
120081  -6.869  47.415  -34.980 0.0000000000
120084  -5.792  47.708  -36.934 0.0000000000
120085  -6.207  47.472  -36.292 0.0000000000
120087  -5.384  47.466  -37.621 0.0000000000
120096  -4.081  47.453  -38.911 0.0000000000
120097  -4.808  47.379  -38.296 0.0000000000
120098  -5.137  47.331  -37.974 0.0000000000
120709  -6.454  48.604  -28.769 0.0000000000
120710  -7.064  48.967  -28.984 0.0000000000
120728  -7.057  48.233  -29.177 0.0000000000
120729  -7.627  48.644  -29.396 0.0000000000
120730  -8.136  48.827  -29.662 0.0000000000
120749  -8.408  48.657  -30.160 0.0000000000
120767  -8.603  48.533  -30.943 0.0000000000
120781  -8.667  48.550  -31.865 0.0000000000
120790  -7.967  48.505  -33.600 0.0000000000
120791  -8.387  48.535  -32.965 0.0000000000
120794  -7.663  48.482  -34.157 0.0000000000
120796  -6.606  48.477  -35.675 0.0000000000
120797  -7.036  48.490  -35.025 0.0000000000
120799  -5.784  48.540  -36.946 0.0000000000
120800  -6.206  48.524  -36.314 0.0000000000
120802  -5.071  48.861  -38.037 0.0000000000
120803  -5.376  48.621  -37.617 0.0000000000
120811  -4.111  48.415  -38.898 0.0000000000
120812  -4.696  48.558  -38.375 0.0000000000
120813  -5.120  47.869  -38.013 0.0000000000
121439  -6.530  49.833  -27.807 0.0000000000
121440  -6.907  49.941  -27.827 0.0000000000
121463  -6.214  49.189  -28.123 0.0000000000
121464  -6.913  49.556  -28.281 0.0000000000
121465  -7.518  49.676  -29.084 0.0000000000
121466  -7.991  50.170  -29.297 0.0000000000
121487  -7.924  49.171  -29.445 0.0000000000
121488  -8.327  49.588  -29.728 0.0000000000
121503  -8.603  49.331  -30.553 0.0000000000
121514  -8.796  49.457  -31.338 0.0000000000
121521  -8.809  49.568  -32.303 0.0000000000
121529  -7.970  49.232  -33.673 0.0000000000
121530  -8.493  49.872  -33.146 0.0000000000
121536  -7.467  49.494  -34.401 0.0000000000
121538  -6.556  49.251  -35.647 0.0000000000
121539  -6.878  49.759  -35.008 0.0000000000
121541  -5.738  49.316  -36.882 0.0000000000
121542  -6.075  49.782  -36.206 0.0000000000
121544  -5.027  49.394  -38.009 0.0000000000
121545  -5.319  49.854  -37.410 0.0000000000
121553  -4.483  49.805  -38.430 0.0000000000
122203  -6.961  50.460  -27.668 0.0000000000
122204  -7.647  50.879  -27.822 0.0000000000
122205  -8.042  51.170  -28.011 0.0000000000
122229  -7.091  50.001  -27.888 0.0000000000
122230  -7.361  50.203  -28.176 0.0000000000
122231  -7.837  50.790  -28.703 0.0000000000
122244  -8.402  50.612  -29.545 0.0000000000
122253  -8.830  50.492  -30.614 0.0000000000
122254  -9.043  51.255  -30.932 0.0000000000
122262  -9.038  50.366  -31.733 0.0000000000
122263  -9.143  51.090  -31.442 0.0000000000
122269  -8.949  50.778  -32.617 0.0000000000
122270  -9.214  50.968  -32.004 0.0000000000
122276  -7.850  50.550  -33.771 0.0000000000
122277  -8.446  50.687  -33.204 0.0000000000
122283  -6.772  51.025  -34.899 0.0000000000
122284  -7.162  50.469  -34.566 0.0000000000
122289  -6.418  50.481  -35.528 0.0000000000
122290  -6.774  50.423  -34.975 0.0000000000
122292  -5.570  50.557  -36.709 0.0000000000
122293  -6.019  50.580  -36.153 0.0000000000
122295  -4.810  50.570  -37.838 0.0000000000
122296  -5.184  50.603  -37.275 0.0000000000
122304  -4.349  50.572  -38.358 0.0000000000
122881  -7.257  51.433  -27.458 0.0000000000
122882  -7.877  51.635  -27.663 0.0000000000
122897  -8.216  51.692  -28.279 0.0000000000
122910  -8.421  51.555  -29.201 0.0000000000
122911  -8.807  51.821  -29.718 0.0000000000
122919  -8.743  51.212  -29.881 0.0000000000
122920  -8.999  51.665  -30.414 0.0000000000
122927  -9.214  51.800  -31.206 0.0000000000
122933  -8.937  51.639  -32.702 0.0000000000
122934  -9.244  51.745  -32.087 0.0000000000
122939  -7.745  51.537  -33.717 0.0000000000
122940  -8.339  51.592  -33.181 0.0000000000
122945  -6.765  51.649  -34.832 0.0000000000
122946  -7.201  51.592  -34.308 0.0000000000
122953  -6.466  51.578  -35.301 0.0000000000
122956  -5.453  51.448  -36.623 0.0000000000
122957  -5.961  51.498  -36.103 0.0000000000
122960  -4.590  51.389  -37.647 0.0000000000
122961  -4.999  51.401  -37.124 0.0000000000
122968  -4.145  51.379  -38.174 0.0000000000
123473  -7.582  52.217  -27.262 0.0000000000
123489  -8.616  52.557  -28.771 0.0000000000
123504  -8.714  52.128  -29.369 0.0000000000
123505  -9.039  52.586  -29.757 0.0000000000
123512  -9.254  52.539  -30.749 0.0000000000
123519  -9.331  52.585  -31.533 0.0000000000
123526  -8.835  52.487  -32.657 0.0000000000
123527  -9.267  52.753  -32.134 0.0000000000
123534  -7.619  52.437  -33.624 0.0000000000
123535  -8.146  52.689  -33.022 0.0000000000
123539  -6.690  52.417  -34.874 0.0000000000
123540  -7.052  52.685  -34.194 0.0000000000
123547  -6.242  52.421  -35.589 0.0000000000
123549  -4.777  52.723  -36.991 0.0000000000
123550  -5.336  52.348  -36.585 0.0000000000
123551  -5.887  52.554  -36.046 0.0000000000
123555  -4.375  52.177  -37.442 0.0000000000
123556  -4.858  52.159  -37.024 0.0000000000
123562  -3.878  52.143  -37.915 0.0000000000
124141  -5.017  53.500  -36.673 0.0000000000
124142  -5.741  53.508  -36.058 0.0000000000
124143  -6.068  52.995  -35.784 0.0000000000
124147  -4.322  53.443  -37.234 0.0000000000
