#!ascii label  , from subject cvs_avg35_inMNI152 vox2ras=TkReg
134
81963  -49.784  5.163  -1.484 0.0000000000
81965  -51.423  4.844  -1.876 0.0000000000
81978  -51.713  5.285  -2.301 0.0000000000
81979  -52.276  5.040  -2.320 0.0000000000
81980  -53.179  4.857  -2.330 0.0000000000
83144  -46.092  5.874  -1.248 0.0000000000
83145  -47.057  5.853  -1.287 0.0000000000
83146  -48.035  5.777  -1.401 0.0000000000
83147  -49.125  5.613  -1.570 0.0000000000
83148  -49.982  5.506  -1.751 0.0000000000
83149  -50.639  5.352  -1.953 0.0000000000
83156  -49.600  6.025  -1.949 0.0000000000
83157  -50.255  5.948  -2.157 0.0000000000
83158  -51.146  5.687  -2.338 0.0000000000
83159  -52.023  5.731  -2.589 0.0000000000
83160  -52.825  5.412  -2.722 0.0000000000
83161  -53.658  5.226  -2.884 0.0000000000
83162  -54.477  5.091  -3.023 0.0000000000
83168  -52.591  5.979  -2.943 0.0000000000
83169  -53.218  5.803  -3.225 0.0000000000
83170  -54.104  5.612  -3.531 0.0000000000
83171  -55.096  5.258  -3.562 0.0000000000
83181  -54.712  5.822  -3.989 0.0000000000
83182  -55.447  5.740  -4.253 0.0000000000
84253  -44.325  6.394  -1.815 0.0000000000
84254  -45.291  6.363  -1.873 0.0000000000
84255  -46.267  6.351  -1.905 0.0000000000
84256  -47.256  6.321  -1.946 0.0000000000
84257  -48.232  6.288  -1.992 0.0000000000
84258  -48.994  6.261  -2.098 0.0000000000
84267  -43.488  6.746  -2.549 0.0000000000
84268  -44.442  6.731  -2.605 0.0000000000
84269  -45.432  6.752  -2.630 0.0000000000
84270  -46.443  6.797  -2.618 0.0000000000
84271  -47.457  6.791  -2.620 0.0000000000
84272  -48.443  6.698  -2.647 0.0000000000
84273  -49.482  6.458  -2.618 0.0000000000
84274  -50.499  6.368  -2.789 0.0000000000
84275  -51.402  6.299  -2.890 0.0000000000
84276  -52.092  6.286  -3.012 0.0000000000
84280  -42.902  7.094  -3.098 0.0000000000
84281  -43.627  7.110  -3.265 0.0000000000
84282  -44.594  7.102  -3.396 0.0000000000
84283  -45.629  7.146  -3.400 0.0000000000
84284  -46.667  7.205  -3.382 0.0000000000
84285  -47.721  7.226  -3.349 0.0000000000
84286  -48.782  7.093  -3.351 0.0000000000
84287  -49.835  6.889  -3.431 0.0000000000
84288  -50.854  6.745  -3.550 0.0000000000
84289  -51.714  6.545  -3.517 0.0000000000
84290  -52.583  6.329  -3.569 0.0000000000
84291  -53.471  6.201  -3.847 0.0000000000
84292  -54.166  6.128  -4.061 0.0000000000
84297  -51.364  6.838  -3.994 0.0000000000
84298  -52.028  6.685  -4.190 0.0000000000
84299  -52.915  6.541  -4.429 0.0000000000
84300  -53.765  6.418  -4.521 0.0000000000
84301  -54.715  6.305  -4.630 0.0000000000
84302  -55.751  6.230  -4.960 0.0000000000
84309  -53.349  6.610  -4.959 0.0000000000
84310  -54.048  6.629  -5.217 0.0000000000
84311  -55.037  6.592  -5.698 0.0000000000
84321  -55.750  6.657  -6.325 0.0000000000
85386  -42.838  7.680  -3.456 0.0000000000
85387  -43.769  7.731  -4.018 0.0000000000
85388  -44.888  7.473  -4.149 0.0000000000
85389  -45.918  7.461  -4.230 0.0000000000
85390  -46.986  7.483  -4.237 0.0000000000
85391  -48.077  7.497  -4.195 0.0000000000
85392  -49.176  7.407  -4.168 0.0000000000
85393  -50.307  7.235  -4.239 0.0000000000
85394  -50.962  7.048  -4.079 0.0000000000
85399  -44.463  7.906  -4.568 0.0000000000
85400  -45.254  7.824  -5.005 0.0000000000
85401  -46.340  7.632  -5.133 0.0000000000
85402  -47.433  7.614  -5.174 0.0000000000
85403  -48.539  7.555  -5.083 0.0000000000
85404  -49.600  7.494  -5.009 0.0000000000
85405  -50.477  7.424  -5.033 0.0000000000
85406  -51.329  7.124  -4.686 0.0000000000
85407  -52.393  6.836  -4.914 0.0000000000
85408  -52.933  6.675  -4.990 0.0000000000
85414  -45.428  8.178  -5.444 0.0000000000
85415  -45.919  8.032  -5.665 0.0000000000
85416  -46.903  7.878  -6.241 0.0000000000
85417  -48.065  7.675  -6.090 0.0000000000
85418  -49.135  7.607  -5.886 0.0000000000
85419  -50.143  7.567  -5.742 0.0000000000
85420  -51.108  7.472  -5.609 0.0000000000
85421  -52.111  7.239  -5.563 0.0000000000
85422  -53.224  6.933  -5.550 0.0000000000
85423  -54.316  6.867  -5.929 0.0000000000
85424  -54.746  6.761  -6.094 0.0000000000
85430  -47.218  8.185  -6.984 0.0000000000
85431  -47.863  7.968  -7.215 0.0000000000
85432  -48.855  7.776  -6.815 0.0000000000
85433  -49.861  7.721  -6.569 0.0000000000
85434  -50.859  7.705  -6.408 0.0000000000
85435  -51.859  7.608  -6.337 0.0000000000
85436  -52.901  7.483  -6.318 0.0000000000
85437  -53.974  7.343  -6.400 0.0000000000
85438  -54.989  6.924  -6.592 0.0000000000
85449  -48.315  8.257  -7.818 0.0000000000
85450  -48.811  8.107  -7.629 0.0000000000
85451  -49.704  7.993  -7.368 0.0000000000
85452  -50.676  7.990  -7.167 0.0000000000
85453  -51.659  7.969  -7.074 0.0000000000
85454  -52.661  7.910  -7.055 0.0000000000
85455  -53.687  7.845  -7.073 0.0000000000
85456  -54.697  7.636  -7.236 0.0000000000
85457  -55.720  7.489  -7.442 0.0000000000
86510  -46.375  8.615  -6.113 0.0000000000
86516  -46.969  8.631  -6.781 0.0000000000
86517  -47.529  8.653  -7.409 0.0000000000
86523  -48.042  8.588  -7.958 0.0000000000
86525  -49.649  8.500  -8.010 0.0000000000
86526  -50.561  8.464  -7.802 0.0000000000
86527  -51.518  8.455  -7.703 0.0000000000
86528  -52.493  8.428  -7.694 0.0000000000
86529  -53.484  8.404  -7.695 0.0000000000
86530  -54.476  8.289  -7.777 0.0000000000
86531  -55.453  8.095  -7.958 0.0000000000
86545  -51.417  8.974  -8.284 0.0000000000
86546  -52.361  8.946  -8.290 0.0000000000
86547  -53.336  8.949  -8.310 0.0000000000
86548  -54.314  8.919  -8.296 0.0000000000
86549  -55.269  8.798  -8.358 0.0000000000
87665  -52.247  9.487  -8.834 0.0000000000
87666  -53.178  9.504  -8.839 0.0000000000
87667  -54.253  9.628  -8.809 0.0000000000
87668  -55.130  9.514  -8.549 0.0000000000
87681  -53.045  10.110  -9.286 0.0000000000
87682  -53.848  10.089  -9.206 0.0000000000
88775  -55.093  10.202  -8.475 0.0000000000
