#!ascii label  , from subject cvs_avg35_inMNI152 vox2ras=TkReg
211
66126  -34.175  -7.769  41.940 0.0000000000
66127  -34.713  -7.628  41.831 0.0000000000
66142  -33.719  -8.196  41.184 0.0000000000
66143  -34.806  -7.827  41.121 0.0000000000
66144  -35.435  -7.629  40.718 0.0000000000
66158  -34.121  -8.302  39.934 0.0000000000
66159  -35.188  -7.793  40.165 0.0000000000
66172  -35.900  -7.787  38.745 0.0000000000
67319  -33.458  -7.113  44.204 0.0000000000
67320  -34.176  -7.108  43.966 0.0000000000
67338  -33.739  -7.488  43.501 0.0000000000
67339  -34.610  -7.330  43.399 0.0000000000
67340  -35.284  -7.227  43.017 0.0000000000
67358  -33.981  -7.737  42.801 0.0000000000
67359  -34.787  -7.496  42.459 0.0000000000
67360  -35.620  -7.149  42.300 0.0000000000
67361  -36.150  -6.908  41.861 0.0000000000
67376  -35.137  -7.471  41.793 0.0000000000
67377  -35.778  -7.328  41.247 0.0000000000
67378  -36.385  -6.862  41.323 0.0000000000
67392  -35.834  -7.487  40.296 0.0000000000
67393  -36.560  -6.924  40.487 0.0000000000
67394  -37.016  -6.398  40.117 0.0000000000
67408  -35.641  -7.650  39.746 0.0000000000
67409  -36.235  -7.450  39.342 0.0000000000
67410  -37.002  -6.643  39.516 0.0000000000
68514  -34.632  -6.200  46.079 0.0000000000
68532  -34.127  -6.547  45.483 0.0000000000
68533  -35.089  -6.288  45.400 0.0000000000
68534  -35.716  -6.104  44.993 0.0000000000
68552  -33.618  -6.823  44.941 0.0000000000
68553  -34.340  -6.727  44.651 0.0000000000
68554  -35.219  -6.519  44.529 0.0000000000
68555  -35.961  -6.223  44.308 0.0000000000
68571  -34.771  -6.955  44.084 0.0000000000
68572  -35.445  -6.861  43.724 0.0000000000
68573  -36.263  -6.472  43.466 0.0000000000
68574  -36.724  -6.302  43.057 0.0000000000
68589  -35.855  -6.986  43.064 0.0000000000
68590  -36.348  -6.695  42.598 0.0000000000
68591  -36.962  -6.193  42.459 0.0000000000
68604  -36.606  -6.541  41.841 0.0000000000
68605  -37.107  -6.088  41.628 0.0000000000
68619  -36.735  -6.522  41.193 0.0000000000
68620  -37.116  -6.134  40.707 0.0000000000
68634  -37.519  -5.933  39.833 0.0000000000
68635  -37.923  -5.727  39.177 0.0000000000
69715  -35.473  -4.967  47.140 0.0000000000
69725  -34.310  -5.828  46.708 0.0000000000
69726  -35.563  -5.471  46.312 0.0000000000
69727  -36.340  -5.150  45.925 0.0000000000
69737  -35.753  -5.895  45.500 0.0000000000
69738  -36.443  -5.446  45.136 0.0000000000
69739  -37.181  -4.876  44.804 0.0000000000
69749  -36.617  -5.876  43.953 0.0000000000
69750  -37.159  -5.194  44.122 0.0000000000
69761  -36.707  -6.130  43.439 0.0000000000
69762  -37.141  -5.785  43.245 0.0000000000
69773  -37.663  -5.543  42.314 0.0000000000
69774  -38.143  -5.142  42.279 0.0000000000
69784  -37.607  -5.622  41.266 0.0000000000
69785  -38.128  -5.143  41.724 0.0000000000
69796  -37.594  -5.662  40.524 0.0000000000
69797  -38.068  -5.218  40.717 0.0000000000
69805  -37.820  -5.547  40.201 0.0000000000
69806  -38.087  -5.277  39.739 0.0000000000
70921  -36.075  -3.863  48.037 0.0000000000
70929  -35.580  -4.437  47.645 0.0000000000
70930  -36.501  -4.094  47.384 0.0000000000
70931  -37.093  -3.937  46.856 0.0000000000
70939  -35.976  -4.765  47.009 0.0000000000
70940  -36.574  -4.610  46.387 0.0000000000
70941  -37.173  -3.950  46.242 0.0000000000
70948  -36.655  -4.934  45.755 0.0000000000
70949  -37.177  -4.440  45.485 0.0000000000
70954  -37.846  -4.361  44.427 0.0000000000
70955  -38.384  -3.856  44.150 0.0000000000
70959  -37.884  -5.021  43.271 0.0000000000
70960  -38.363  -4.154  43.533 0.0000000000
70966  -38.103  -5.124  42.603 0.0000000000
70967  -38.348  -4.529  42.446 0.0000000000
70974  -38.356  -4.389  41.300 0.0000000000
70981  -38.311  -4.372  40.257 0.0000000000
70988  -38.265  -4.349  39.242 0.0000000000
72153  -36.002  -3.290  48.514 0.0000000000
72159  -36.647  -3.316  48.009 0.0000000000
72160  -37.194  -3.308  47.354 0.0000000000
72163  -37.553  -3.296  46.605 0.0000000000
72164  -37.988  -3.033  46.191 0.0000000000
72167  -37.655  -3.582  45.880 0.0000000000
72168  -38.292  -3.112  45.606 0.0000000000
72171  -37.940  -3.815  45.246 0.0000000000
72172  -38.481  -3.375  44.700 0.0000000000
72175  -38.632  -3.359  43.849 0.0000000000
72180  -38.578  -3.461  42.927 0.0000000000
72187  -38.577  -3.479  41.874 0.0000000000
72197  -38.495  -3.429  40.806 0.0000000000
72206  -38.430  -3.399  39.762 0.0000000000
72215  -38.324  -3.378  38.732 0.0000000000
73263  -35.773  -2.460  48.848 0.0000000000
73264  -36.386  -2.456  48.274 0.0000000000
73267  -37.099  -2.451  47.783 0.0000000000
73268  -37.815  -2.408  47.060 0.0000000000
73269  -38.268  -1.901  46.783 0.0000000000
73273  -37.939  -2.768  46.534 0.0000000000
73274  -38.382  -2.303  46.220 0.0000000000
73278  -38.955  -2.295  45.192 0.0000000000
73279  -39.314  -1.797  44.997 0.0000000000
73283  -39.021  -2.587  44.279 0.0000000000
73284  -39.434  -1.853  44.597 0.0000000000
73289  -38.892  -2.588  43.396 0.0000000000
73290  -39.523  -1.899  43.782 0.0000000000
73295  -38.753  -2.571  42.443 0.0000000000
73296  -39.202  -1.805  42.922 0.0000000000
73304  -38.687  -2.375  41.380 0.0000000000
73305  -38.870  -1.764  42.138 0.0000000000
73315  -38.559  -2.480  40.322 0.0000000000
73323  -38.402  -2.297  39.258 0.0000000000
73329  -38.306  -2.535  38.136 0.0000000000
74338  -35.422  -1.521  49.017 0.0000000000
74343  -36.042  -1.540  48.459 0.0000000000
74344  -36.723  -1.532  47.983 0.0000000000
74348  -37.417  -1.498  47.506 0.0000000000
74349  -38.079  -1.392  47.092 0.0000000000
74350  -38.495  -1.355  46.488 0.0000000000
74354  -39.084  -1.385  45.695 0.0000000000
74355  -39.414  -0.902  45.308 0.0000000000
74359  -39.234  -1.696  45.211 0.0000000000
74360  -39.589  -1.291  44.997 0.0000000000
74364  -39.967  -1.129  44.193 0.0000000000
74365  -40.169  -0.636  43.949 0.0000000000
74369  -39.858  -1.006  43.259 0.0000000000
74370  -40.118  -0.790  43.734 0.0000000000
74373  -39.287  -1.036  42.385 0.0000000000
74376  -38.653  -1.730  40.737 0.0000000000
74377  -38.807  -1.158  41.435 0.0000000000
74382  -38.574  -1.621  40.037 0.0000000000
74383  -38.655  -1.025  40.520 0.0000000000
74390  -38.434  -1.108  39.377 0.0000000000
74391  -38.612  -1.049  39.986 0.0000000000
74397  -38.313  -1.515  38.404 0.0000000000
75421  -35.646  -0.582  48.563 0.0000000000
75422  -36.333  -0.586  48.116 0.0000000000
75425  -37.042  -0.578  47.731 0.0000000000
75426  -37.699  -0.559  47.296 0.0000000000
75427  -38.292  -0.532  46.817 0.0000000000
75430  -38.804  -0.516  46.203 0.0000000000
75431  -39.244  -0.433  45.575 0.0000000000
75434  -39.694  -0.390  44.983 0.0000000000
75435  -39.883  0.103  44.673 0.0000000000
75438  -39.908  -0.805  44.657 0.0000000000
75439  -40.094  -0.233  44.322 0.0000000000
75442  -40.017  -0.406  43.030 0.0000000000
75443  -40.182  -0.215  43.501 0.0000000000
75446  -39.744  -0.393  42.594 0.0000000000
75447  -40.049  0.124  42.775 0.0000000000
75449  -39.298  -0.161  41.808 0.0000000000
75450  -39.763  0.218  42.248 0.0000000000
75453  -38.909  -0.231  40.855 0.0000000000
75460  -38.369  -0.263  39.284 0.0000000000
75461  -38.640  -0.396  39.982 0.0000000000
75469  -38.203  -0.552  38.615 0.0000000000
76503  -37.322  0.328  47.452 0.0000000000
76504  -37.995  0.340  47.095 0.0000000000
76507  -38.496  0.340  46.504 0.0000000000
76508  -39.045  0.362  45.955 0.0000000000
76511  -39.399  0.358  45.316 0.0000000000
76512  -39.707  0.339  44.874 0.0000000000
76514  -39.627  0.939  45.010 0.0000000000
76515  -40.039  0.763  44.549 0.0000000000
76518  -40.411  0.717  43.848 0.0000000000
76523  -40.340  0.781  43.036 0.0000000000
76529  -39.664  0.628  41.751 0.0000000000
76530  -40.064  0.924  42.235 0.0000000000
76538  -39.308  0.636  41.096 0.0000000000
76547  -38.521  0.320  39.595 0.0000000000
76548  -38.975  0.586  40.213 0.0000000000
76562  -37.916  0.438  38.883 0.0000000000
76578  -37.959  -0.138  38.216 0.0000000000
77624  -38.139  1.371  46.734 0.0000000000
77625  -38.735  1.043  46.219 0.0000000000
77631  -38.654  1.732  46.185 0.0000000000
77632  -39.227  1.402  45.614 0.0000000000
77640  -39.843  1.822  44.852 0.0000000000
77641  -40.295  1.686  44.128 0.0000000000
77650  -40.474  1.646  43.360 0.0000000000
77660  -40.386  1.661  42.550 0.0000000000
77672  -39.827  1.554  41.375 0.0000000000
77673  -40.193  1.650  41.991 0.0000000000
77683  -39.237  1.364  40.571 0.0000000000
77693  -37.855  1.892  39.350 0.0000000000
77694  -38.516  1.239  39.662 0.0000000000
77695  -39.051  1.226  40.067 0.0000000000
77706  -37.420  1.362  38.818 0.0000000000
77707  -37.957  1.218  39.198 0.0000000000
78879  -38.867  2.427  45.928 0.0000000000
78880  -39.385  2.516  45.350 0.0000000000
78898  -39.839  2.782  44.901 0.0000000000
78899  -40.112  2.610  44.335 0.0000000000
78914  -40.419  2.529  43.669 0.0000000000
78928  -40.577  2.531  42.880 0.0000000000
78938  -39.886  2.430  41.233 0.0000000000
78939  -40.264  2.534  41.915 0.0000000000
78948  -38.845  2.720  40.321 0.0000000000
78949  -39.271  2.477  40.647 0.0000000000
78959  -37.830  2.724  39.181 0.0000000000
78960  -38.505  2.546  39.895 0.0000000000
78961  -38.992  1.755  40.120 0.0000000000
80286  -39.849  3.180  41.229 0.0000000000
80295  -38.840  3.202  40.334 0.0000000000
80303  -38.081  3.356  39.313 0.0000000000
