#!ascii label  , from subject cvs_avg35_inMNI152 vox2ras=TkReg
253
85142  -47.343  8.104  19.703 0.0000000000
85152  -47.529  7.992  19.016 0.0000000000
85153  -48.102  8.242  18.611 0.0000000000
85168  -47.354  7.663  18.088 0.0000000000
85169  -47.976  8.063  18.075 0.0000000000
85178  -47.289  7.426  17.323 0.0000000000
85179  -47.815  7.878  17.330 0.0000000000
85187  -47.664  7.732  16.642 0.0000000000
85196  -47.472  7.660  16.249 0.0000000000
85260  -43.511  8.097  8.993 0.0000000000
86258  -47.552  8.701  21.441 0.0000000000
86259  -48.291  8.907  21.249 0.0000000000
86263  -47.444  8.303  20.261 0.0000000000
86264  -48.617  8.765  20.485 0.0000000000
86265  -49.387  8.927  20.199 0.0000000000
86269  -47.678  8.210  19.558 0.0000000000
86270  -48.350  8.413  19.229 0.0000000000
86271  -49.479  8.888  19.381 0.0000000000
86272  -50.018  9.183  18.908 0.0000000000
86284  -48.497  8.413  18.146 0.0000000000
86285  -49.122  8.758  18.317 0.0000000000
86286  -49.776  9.161  18.338 0.0000000000
86295  -48.351  8.309  17.318 0.0000000000
86296  -48.896  8.718  17.383 0.0000000000
86297  -49.487  9.110  17.423 0.0000000000
86304  -48.112  8.140  16.673 0.0000000000
86305  -48.673  8.653  16.431 0.0000000000
86306  -49.192  9.005  16.744 0.0000000000
86315  -47.854  8.291  15.749 0.0000000000
86316  -48.512  8.772  15.850 0.0000000000
86327  -47.169  8.372  14.910 0.0000000000
86328  -47.656  8.732  14.983 0.0000000000
86356  -44.165  8.575  11.535 0.0000000000
86366  -44.002  8.684  10.666 0.0000000000
86378  -43.405  8.305  10.269 0.0000000000
86379  -43.891  8.688  9.685 0.0000000000
86380  -44.343  9.006  9.057 0.0000000000
86387  -43.852  8.531  8.801 0.0000000000
87333  -48.112  9.562  24.869 0.0000000000
87334  -48.786  9.741  25.199 0.0000000000
87352  -47.879  9.455  24.159 0.0000000000
87353  -48.818  9.793  24.312 0.0000000000
87354  -49.352  9.840  24.043 0.0000000000
87368  -47.770  9.270  23.298 0.0000000000
87369  -48.586  9.668  23.417 0.0000000000
87370  -49.292  9.810  23.584 0.0000000000
87381  -47.729  9.052  22.556 0.0000000000
87382  -48.440  9.451  22.561 0.0000000000
87383  -49.459  9.747  22.617 0.0000000000
87384  -50.105  9.901  22.153 0.0000000000
87388  -47.673  8.885  22.070 0.0000000000
87389  -48.208  9.090  21.833 0.0000000000
87390  -49.014  9.459  21.722 0.0000000000
87391  -49.941  9.689  21.480 0.0000000000
87394  -48.720  9.099  21.212 0.0000000000
87395  -49.409  9.205  20.800 0.0000000000
87396  -50.148  9.586  20.409 0.0000000000
87400  -49.829  9.088  20.071 0.0000000000
87401  -50.202  9.478  19.418 0.0000000000
87408  -50.208  9.658  18.474 0.0000000000
87413  -50.076  9.683  17.492 0.0000000000
87418  -49.180  9.043  16.250 0.0000000000
87419  -49.739  9.516  16.303 0.0000000000
87425  -48.420  8.911  15.528 0.0000000000
87426  -49.002  9.163  15.598 0.0000000000
87427  -49.599  9.893  15.152 0.0000000000
87433  -46.799  8.630  14.444 0.0000000000
87434  -47.264  8.997  14.521 0.0000000000
87435  -48.157  9.406  14.795 0.0000000000
87436  -49.049  9.824  14.821 0.0000000000
87437  -49.460  10.126  14.623 0.0000000000
87449  -45.692  8.727  13.331 0.0000000000
87450  -46.491  9.110  13.679 0.0000000000
87451  -47.356  9.554  14.033 0.0000000000
87452  -47.822  9.878  14.041 0.0000000000
87460  -45.708  9.309  12.648 0.0000000000
87461  -46.253  9.528  12.943 0.0000000000
87469  -44.867  8.956  12.033 0.0000000000
87470  -45.282  9.496  11.584 0.0000000000
87480  -44.643  9.043  11.146 0.0000000000
87481  -44.974  9.442  10.762 0.0000000000
87493  -44.463  9.091  10.413 0.0000000000
87494  -44.829  9.450  9.867 0.0000000000
88461  -49.264  9.940  24.954 0.0000000000
88480  -49.107  9.859  24.733 0.0000000000
88481  -49.589  9.960  24.446 0.0000000000
88482  -50.586  10.285  24.559 0.0000000000
88483  -51.831  10.797  24.709 0.0000000000
88500  -49.682  9.867  23.819 0.0000000000
88501  -50.262  10.004  23.726 0.0000000000
88502  -51.276  10.449  23.478 0.0000000000
88515  -49.837  9.879  23.298 0.0000000000
88516  -50.409  10.067  22.752 0.0000000000
88517  -51.176  10.686  22.257 0.0000000000
88522  -50.523  10.255  21.771 0.0000000000
88523  -51.121  10.842  21.199 0.0000000000
88527  -50.549  10.249  20.801 0.0000000000
88528  -51.130  10.859  20.174 0.0000000000
88532  -50.594  10.224  19.800 0.0000000000
88533  -51.098  10.910  19.178 0.0000000000
88538  -50.592  10.265  18.821 0.0000000000
88539  -51.083  10.948  18.214 0.0000000000
88544  -50.555  10.363  17.822 0.0000000000
88545  -51.031  11.033  17.296 0.0000000000
88548  -50.554  10.560  16.619 0.0000000000
88549  -51.012  11.119  16.742 0.0000000000
88551  -50.255  10.412  15.419 0.0000000000
88553  -48.718  9.967  14.407 0.0000000000
88554  -49.159  10.293  14.230 0.0000000000
88555  -49.898  10.587  14.327 0.0000000000
88565  -46.962  9.707  13.532 0.0000000000
88566  -47.426  10.038  13.478 0.0000000000
88567  -48.319  10.308  13.706 0.0000000000
88568  -49.276  11.009  13.447 0.0000000000
88569  -49.931  11.032  13.673 0.0000000000
88575  -46.153  9.683  12.612 0.0000000000
88576  -46.647  9.921  12.838 0.0000000000
88577  -47.482  10.469  12.572 0.0000000000
88578  -48.366  11.081  12.436 0.0000000000
88579  -49.008  11.369  12.793 0.0000000000
88587  -45.977  9.890  12.052 0.0000000000
88588  -46.653  10.294  11.662 0.0000000000
88598  -45.652  10.007  10.865 0.0000000000
89493  -52.423  11.121  24.331 0.0000000000
89510  -52.190  11.091  23.712 0.0000000000
89511  -52.863  11.421  23.989 0.0000000000
89512  -53.487  11.795  24.362 0.0000000000
89527  -51.960  11.157  22.708 0.0000000000
89528  -52.781  11.669  23.049 0.0000000000
89529  -53.367  11.867  23.580 0.0000000000
89537  -51.853  11.318  21.641 0.0000000000
89538  -52.537  11.746  22.118 0.0000000000
89542  -51.823  11.390  20.567 0.0000000000
89543  -52.690  11.911  21.012 0.0000000000
89544  -53.252  12.215  20.753 0.0000000000
89548  -51.767  11.427  19.533 0.0000000000
89549  -52.514  11.833  19.898 0.0000000000
89550  -53.211  12.182  20.201 0.0000000000
89554  -51.769  11.434  18.538 0.0000000000
89555  -52.484  11.826  18.894 0.0000000000
89556  -53.188  12.158  19.260 0.0000000000
89561  -51.719  11.444  17.610 0.0000000000
89562  -52.600  11.779  17.846 0.0000000000
89563  -53.177  12.092  18.379 0.0000000000
89566  -51.080  11.236  16.306 0.0000000000
89567  -51.550  11.495  16.736 0.0000000000
89568  -52.301  11.810  17.041 0.0000000000
89570  -50.876  11.132  15.633 0.0000000000
89571  -51.595  11.685  15.817 0.0000000000
89572  -52.155  11.901  16.327 0.0000000000
89574  -50.673  11.123  14.694 0.0000000000
89575  -51.352  11.605  15.015 0.0000000000
89581  -49.987  11.306  13.241 0.0000000000
89582  -50.476  11.348  13.742 0.0000000000
89583  -51.225  11.734  14.164 0.0000000000
89586  -49.555  11.628  12.707 0.0000000000
89587  -50.437  11.945  12.890 0.0000000000
89588  -51.063  12.002  13.391 0.0000000000
90443  -54.323  12.919  23.942 0.0000000000
90451  -53.954  12.307  23.748 0.0000000000
90452  -54.426  12.856  23.191 0.0000000000
90462  -53.032  11.961  22.433 0.0000000000
90463  -53.683  12.222  22.713 0.0000000000
90464  -54.561  12.887  22.229 0.0000000000
90472  -53.173  12.135  21.846 0.0000000000
90473  -53.862  12.505  21.640 0.0000000000
90474  -54.579  13.000  21.202 0.0000000000
90482  -53.347  12.260  21.176 0.0000000000
90483  -53.773  12.564  20.687 0.0000000000
90484  -54.478  13.052  20.190 0.0000000000
90487  -53.794  12.622  19.683 0.0000000000
90488  -54.420  13.010  19.229 0.0000000000
90490  -53.851  12.666  18.586 0.0000000000
90491  -54.387  12.993  18.668 0.0000000000
90496  -52.880  11.938  17.183 0.0000000000
90497  -53.535  12.471  17.388 0.0000000000
90498  -54.099  12.936  16.627 0.0000000000
90502  -52.872  12.060  16.538 0.0000000000
90503  -53.490  12.707  15.999 0.0000000000
90504  -54.065  12.989  16.108 0.0000000000
90507  -51.768  11.985  15.255 0.0000000000
90508  -52.439  12.267  15.485 0.0000000000
90509  -53.168  12.839  14.948 0.0000000000
90511  -51.783  12.217  14.681 0.0000000000
90512  -52.504  12.831  14.360 0.0000000000
90513  -53.062  13.043  14.453 0.0000000000
90519  -51.668  12.550  13.713 0.0000000000
90520  -52.165  13.109  13.531 0.0000000000
90525  -51.828  13.018  13.128 0.0000000000
91369  -54.638  13.564  23.644 0.0000000000
91378  -54.963  13.596  22.791 0.0000000000
91383  -55.323  13.666  21.755 0.0000000000
91384  -55.685  14.072  21.587 0.0000000000
91390  -55.226  13.508  20.680 0.0000000000
91391  -55.752  14.011  21.094 0.0000000000
91397  -55.133  13.443  19.640 0.0000000000
91398  -55.841  13.937  20.112 0.0000000000
91400  -54.388  13.041  18.256 0.0000000000
91401  -54.877  13.357  18.642 0.0000000000
91402  -55.808  13.843  18.957 0.0000000000
91408  -54.102  12.900  17.926 0.0000000000
91409  -54.667  13.461  17.509 0.0000000000
91410  -55.320  13.707  18.242 0.0000000000
91418  -53.988  13.152  15.737 0.0000000000
91419  -54.342  13.544  16.240 0.0000000000
91426  -53.674  13.142  15.244 0.0000000000
91427  -54.049  13.753  15.282 0.0000000000
91433  -52.956  13.169  14.239 0.0000000000
91434  -53.433  13.581  14.407 0.0000000000
91435  -53.954  14.033  14.713 0.0000000000
91442  -52.707  13.389  13.774 0.0000000000
91443  -53.051  14.003  13.399 0.0000000000
92345  -54.909  14.369  23.332 0.0000000000
92354  -55.375  14.495  22.401 0.0000000000
92355  -55.524  14.985  22.063 0.0000000000
92358  -55.604  14.178  21.828 0.0000000000
92359  -55.689  14.618  21.572 0.0000000000
92362  -56.014  14.648  20.613 0.0000000000
92372  -56.413  14.654  19.569 0.0000000000
92373  -56.705  15.109  19.348 0.0000000000
92387  -56.466  14.381  18.660 0.0000000000
92388  -56.813  14.977  18.889 0.0000000000
92401  -55.369  14.069  17.214 0.0000000000
92402  -55.911  14.123  17.814 0.0000000000
92403  -56.819  14.789  18.013 0.0000000000
92417  -55.073  14.130  16.607 0.0000000000
92418  -55.867  14.370  16.824 0.0000000000
92419  -56.584  14.752  17.088 0.0000000000
92429  -54.774  14.283  15.702 0.0000000000
92430  -55.638  14.707  15.953 0.0000000000
92442  -54.025  14.251  14.311 0.0000000000
92443  -54.525  14.436  14.787 0.0000000000
92444  -55.245  14.880  15.196 0.0000000000
92456  -53.819  14.394  13.683 0.0000000000
92457  -54.557  14.690  13.949 0.0000000000
92458  -55.194  15.024  14.363 0.0000000000
93348  -54.919  15.304  23.139 0.0000000000
93355  -55.256  15.418  22.399 0.0000000000
93356  -55.503  15.435  21.802 0.0000000000
93364  -55.812  15.436  21.065 0.0000000000
93373  -56.247  15.463  20.184 0.0000000000
93387  -56.573  15.312  19.617 0.0000000000
94393  -54.708  16.215  22.767 0.0000000000
94394  -55.196  15.971  22.120 0.0000000000
94404  -55.032  16.446  22.068 0.0000000000
94405  -55.394  16.190  21.530 0.0000000000
94412  -55.862  16.315  20.618 0.0000000000
95449  -54.403  16.747  22.789 0.0000000000
95464  -53.788  17.397  21.959 0.0000000000
95465  -54.674  16.945  22.134 0.0000000000
95466  -55.103  16.661  21.754 0.0000000000
95478  -54.669  17.398  21.012 0.0000000000
95479  -55.281  16.856  21.235 0.0000000000
