#!ascii label  , from subject cvs_avg35_inMNI152 vox2ras=TkReg
276
69941  -52.105  -4.995  25.120 0.0000000000
69942  -52.916  -5.072  24.891 0.0000000000
69943  -53.298  -4.840  24.677 0.0000000000
69955  -52.300  -5.036  24.246 0.0000000000
69956  -52.956  -5.005  24.211 0.0000000000
69957  -53.211  -4.715  24.228 0.0000000000
69971  -51.738  -4.941  23.457 0.0000000000
69972  -52.581  -4.731  23.583 0.0000000000
69973  -53.036  -4.801  23.879 0.0000000000
69991  -51.962  -4.597  22.782 0.0000000000
71121  -54.275  -4.469  26.998 0.0000000000
71122  -54.847  -4.238  26.970 0.0000000000
71132  -53.671  -4.789  26.403 0.0000000000
71133  -54.471  -4.443  26.253 0.0000000000
71134  -55.101  -4.035  26.615 0.0000000000
71143  -52.902  -5.000  25.752 0.0000000000
71144  -53.681  -4.806  25.414 0.0000000000
71145  -54.340  -4.248  25.404 0.0000000000
71158  -53.667  -4.402  24.647 0.0000000000
71159  -54.175  -3.901  24.868 0.0000000000
71172  -52.787  -4.521  23.416 0.0000000000
71173  -53.128  -4.361  23.676 0.0000000000
71186  -52.555  -4.320  23.047 0.0000000000
71187  -52.901  -3.969  23.065 0.0000000000
71196  -52.014  -4.191  22.184 0.0000000000
72323  -55.487  -3.779  27.404 0.0000000000
72324  -56.250  -3.254  27.599 0.0000000000
72335  -54.997  -3.982  25.962 0.0000000000
72336  -55.609  -3.532  26.434 0.0000000000
72337  -55.998  -3.464  27.011 0.0000000000
72352  -54.758  -3.518  25.297 0.0000000000
72353  -55.270  -3.550  25.854 0.0000000000
72368  -53.656  -3.536  24.239 0.0000000000
72369  -54.224  -3.493  24.797 0.0000000000
72376  -53.103  -3.623  23.398 0.0000000000
72383  -52.338  -3.611  22.683 0.0000000000
72384  -52.803  -3.644  23.039 0.0000000000
73441  -56.707  -2.593  27.736 0.0000000000
73454  -55.841  -3.136  26.264 0.0000000000
73455  -56.258  -2.799  26.624 0.0000000000
73467  -54.920  -2.743  25.095 0.0000000000
73468  -55.562  -2.928  25.745 0.0000000000
73469  -56.049  -2.332  25.902 0.0000000000
73475  -53.693  -2.647  24.130 0.0000000000
73476  -54.280  -2.887  24.662 0.0000000000
73484  -52.806  -2.530  23.185 0.0000000000
73485  -53.141  -2.780  23.455 0.0000000000
73494  -52.391  -2.592  22.876 0.0000000000
73495  -52.769  -3.267  23.078 0.0000000000
74510  -57.057  -1.706  28.918 0.0000000000
74511  -57.281  -1.139  28.505 0.0000000000
74521  -57.167  -1.754  28.086 0.0000000000
74522  -57.412  -0.977  28.002 0.0000000000
74529  -56.929  -1.791  27.107 0.0000000000
74537  -55.201  -2.367  25.207 0.0000000000
74538  -55.635  -1.878  25.355 0.0000000000
74539  -56.492  -1.565  26.042 0.0000000000
74546  -53.998  -2.276  24.358 0.0000000000
74547  -54.651  -1.865  24.650 0.0000000000
74548  -55.349  -1.139  24.830 0.0000000000
74556  -52.882  -2.233  23.258 0.0000000000
74557  -53.558  -1.765  23.748 0.0000000000
74558  -54.250  -1.059  24.016 0.0000000000
74566  -52.673  -1.538  22.882 0.0000000000
74567  -53.277  -0.942  23.138 0.0000000000
75573  -56.949  -0.770  28.990 0.0000000000
75574  -57.262  -0.445  28.287 0.0000000000
75583  -57.313  -1.133  27.492 0.0000000000
75584  -57.412  -0.362  27.572 0.0000000000
75591  -57.163  -0.674  26.728 0.0000000000
75592  -57.360  0.094  27.015 0.0000000000
75598  -56.028  -0.877  25.229 0.0000000000
75599  -56.689  -0.335  25.751 0.0000000000
75605  -54.881  -0.759  24.330 0.0000000000
75606  -55.555  -0.331  24.639 0.0000000000
75613  -53.829  -0.695  23.497 0.0000000000
75614  -54.486  -0.305  23.741 0.0000000000
75623  -52.942  -0.496  22.468 0.0000000000
75624  -53.551  -0.316  22.961 0.0000000000
76659  -55.720  0.094  29.452 0.0000000000
76660  -56.484  -0.268  29.142 0.0000000000
76670  -55.951  0.561  28.700 0.0000000000
76671  -56.654  0.297  28.385 0.0000000000
76672  -57.258  0.058  27.988 0.0000000000
76678  -50.782  0.024  26.723 0.0000000000
76679  -51.400  0.501  27.292 0.0000000000
76680  -52.055  0.939  27.627 0.0000000000
76681  -56.771  0.692  27.658 0.0000000000
76682  -57.138  0.424  27.502 0.0000000000
76688  -50.872  0.157  25.736 0.0000000000
76689  -51.442  0.482  26.297 0.0000000000
76690  -52.031  0.834  26.664 0.0000000000
76691  -57.057  0.483  26.399 0.0000000000
76692  -57.245  0.492  26.975 0.0000000000
76696  -50.812  0.406  24.894 0.0000000000
76697  -51.461  0.853  25.395 0.0000000000
76698  -51.845  0.881  26.013 0.0000000000
76699  -56.201  0.055  25.010 0.0000000000
76700  -56.616  0.612  25.390 0.0000000000
76706  -50.660  0.882  24.179 0.0000000000
76707  -51.114  0.874  24.740 0.0000000000
76708  -55.113  0.076  24.070 0.0000000000
76709  -55.784  0.607  24.377 0.0000000000
76710  -56.290  0.658  24.833 0.0000000000
76716  -50.219  0.974  23.689 0.0000000000
76717  -54.104  0.037  23.163 0.0000000000
76718  -54.816  0.525  23.390 0.0000000000
76719  -55.315  0.616  23.865 0.0000000000
76734  -53.753  0.386  22.430 0.0000000000
76735  -54.320  0.511  22.896 0.0000000000
77826  -54.996  0.491  29.367 0.0000000000
77835  -53.997  1.209  28.707 0.0000000000
77836  -55.191  0.870  28.673 0.0000000000
77837  -56.008  0.875  28.204 0.0000000000
77849  -52.556  1.257  28.063 0.0000000000
77850  -53.415  1.433  27.823 0.0000000000
77851  -54.522  1.581  27.619 0.0000000000
77852  -55.571  1.366  27.641 0.0000000000
77853  -56.375  1.099  27.479 0.0000000000
77854  -56.825  0.847  27.278 0.0000000000
77867  -52.686  1.259  27.091 0.0000000000
77868  -53.485  1.903  26.764 0.0000000000
77869  -54.414  2.264  26.809 0.0000000000
77870  -56.668  1.203  26.741 0.0000000000
77871  -57.072  0.754  26.991 0.0000000000
77881  -51.682  1.297  25.255 0.0000000000
77882  -52.213  1.592  25.814 0.0000000000
77883  -52.962  2.509  26.128 0.0000000000
77884  -56.673  1.386  25.803 0.0000000000
77897  -50.802  1.310  24.102 0.0000000000
77898  -51.302  1.549  24.599 0.0000000000
77899  -51.898  2.339  25.001 0.0000000000
77900  -55.908  1.080  24.230 0.0000000000
77901  -56.326  1.369  24.668 0.0000000000
77916  -49.846  1.384  23.252 0.0000000000
77917  -50.350  1.587  23.585 0.0000000000
77918  -50.928  2.319  23.880 0.0000000000
77919  -55.005  0.949  23.210 0.0000000000
77920  -55.552  1.243  23.648 0.0000000000
77921  -56.285  2.007  23.982 0.0000000000
77935  -49.570  1.607  22.805 0.0000000000
77936  -49.904  2.291  22.903 0.0000000000
77937  -54.097  0.827  22.341 0.0000000000
77938  -54.615  1.095  22.635 0.0000000000
77939  -55.408  1.852  22.806 0.0000000000
77950  -53.942  0.985  21.967 0.0000000000
77951  -54.323  1.570  21.642 0.0000000000
79130  -55.154  2.045  26.946 0.0000000000
79131  -55.897  1.845  26.969 0.0000000000
79132  -56.283  1.559  26.858 0.0000000000
79151  -53.837  2.989  26.325 0.0000000000
79152  -54.795  2.945  26.616 0.0000000000
79153  -55.552  2.645  26.543 0.0000000000
79154  -56.206  2.178  26.250 0.0000000000
79167  -52.384  2.855  25.509 0.0000000000
79168  -52.993  3.216  26.017 0.0000000000
79169  -56.422  2.198  25.373 0.0000000000
79182  -51.408  2.782  24.368 0.0000000000
79183  -51.871  3.043  24.944 0.0000000000
79184  -56.491  2.551  24.619 0.0000000000
79196  -50.438  2.776  23.293 0.0000000000
79197  -50.923  2.986  23.767 0.0000000000
79198  -56.012  2.240  23.295 0.0000000000
79199  -56.532  2.762  23.792 0.0000000000
79204  -49.547  2.340  22.126 0.0000000000
79205  -49.991  3.004  22.452 0.0000000000
79206  -55.004  2.026  22.029 0.0000000000
79207  -55.883  2.584  22.384 0.0000000000
79208  -56.418  2.883  23.080 0.0000000000
79213  -49.145  2.596  21.273 0.0000000000
79214  -49.671  3.012  21.695 0.0000000000
80455  -53.910  3.659  26.242 0.0000000000
80456  -54.367  3.786  26.318 0.0000000000
80457  -55.299  3.664  26.237 0.0000000000
80458  -55.822  3.006  26.150 0.0000000000
80463  -52.670  3.738  25.494 0.0000000000
80464  -53.472  3.796  26.025 0.0000000000
80465  -53.940  3.967  26.226 0.0000000000
80466  -55.527  4.077  25.740 0.0000000000
80467  -56.083  3.387  25.452 0.0000000000
80471  -51.723  3.634  24.573 0.0000000000
80472  -52.127  3.520  25.117 0.0000000000
80473  -56.522  3.530  24.338 0.0000000000
80478  -50.771  3.392  23.410 0.0000000000
80479  -51.186  3.597  23.834 0.0000000000
80480  -56.753  3.511  23.458 0.0000000000
80484  -50.543  3.710  22.828 0.0000000000
80485  -50.864  3.792  23.323 0.0000000000
80486  -56.223  3.039  21.681 0.0000000000
80487  -56.669  3.400  22.495 0.0000000000
80491  -49.549  3.356  20.909 0.0000000000
80492  -50.136  3.719  21.753 0.0000000000
80501  -50.133  4.053  20.626 0.0000000000
81681  -54.372  4.181  26.212 0.0000000000
81682  -54.643  4.190  26.199 0.0000000000
81689  -52.649  4.092  25.261 0.0000000000
81690  -53.085  4.293  25.377 0.0000000000
81691  -54.082  4.394  25.947 0.0000000000
81692  -55.029  4.614  25.874 0.0000000000
81693  -55.677  4.538  25.339 0.0000000000
81699  -51.832  4.015  24.557 0.0000000000
81700  -52.263  4.166  24.835 0.0000000000
81701  -52.951  4.785  24.651 0.0000000000
81702  -56.227  4.428  24.713 0.0000000000
81707  -51.683  4.118  24.154 0.0000000000
81708  -52.188  4.748  23.859 0.0000000000
81709  -52.968  5.202  23.981 0.0000000000
81710  -56.771  4.461  23.896 0.0000000000
81711  -57.122  4.823  23.382 0.0000000000
81716  -50.759  4.113  22.770 0.0000000000
81717  -51.158  4.311  23.140 0.0000000000
81718  -51.981  4.983  22.751 0.0000000000
81719  -57.059  4.138  23.087 0.0000000000
81720  -57.438  4.702  22.830 0.0000000000
81724  -50.710  4.205  22.329 0.0000000000
81725  -51.285  4.687  22.052 0.0000000000
81726  -52.133  5.003  21.657 0.0000000000
81727  -57.211  4.054  22.368 0.0000000000
81728  -57.700  4.524  21.954 0.0000000000
81731  -50.711  4.349  21.371 0.0000000000
81732  -51.452  4.655  20.998 0.0000000000
81733  -52.287  4.953  20.533 0.0000000000
81734  -52.753  5.120  19.951 0.0000000000
81742  -50.843  4.405  20.451 0.0000000000
81743  -51.524  4.530  19.901 0.0000000000
81744  -52.329  4.708  19.604 0.0000000000
82854  -53.593  4.872  25.232 0.0000000000
82855  -54.346  5.188  25.303 0.0000000000
82856  -55.245  5.363  25.221 0.0000000000
82857  -55.885  5.164  24.893 0.0000000000
82863  -53.637  5.333  24.543 0.0000000000
82864  -54.591  5.862  24.370 0.0000000000
82865  -55.660  5.855  24.555 0.0000000000
82866  -56.364  5.359  24.296 0.0000000000
82871  -52.670  5.241  23.296 0.0000000000
82872  -53.521  5.713  23.437 0.0000000000
82873  -54.533  6.297  23.154 0.0000000000
82874  -56.919  5.371  23.771 0.0000000000
82875  -57.397  5.403  23.315 0.0000000000
82880  -52.778  5.496  22.405 0.0000000000
82881  -53.760  6.061  22.072 0.0000000000
82882  -54.783  6.516  22.135 0.0000000000
82883  -57.821  5.399  22.696 0.0000000000
82887  -52.917  5.575  21.133 0.0000000000
82888  -53.713  5.992  20.923 0.0000000000
82889  -54.448  6.302  21.198 0.0000000000
82896  -52.823  5.323  20.399 0.0000000000
82897  -53.429  5.567  19.975 0.0000000000
82898  -54.289  6.101  20.243 0.0000000000
83981  -55.417  6.351  23.772 0.0000000000
83982  -56.237  6.157  24.008 0.0000000000
83983  -56.643  5.817  23.940 0.0000000000
83988  -55.400  6.723  22.861 0.0000000000
83989  -56.192  6.769  23.369 0.0000000000
83990  -57.058  6.231  23.573 0.0000000000
83991  -57.624  5.899  23.178 0.0000000000
83996  -55.473  6.892  22.077 0.0000000000
83997  -56.172  7.206  22.425 0.0000000000
83998  -57.016  7.176  22.975 0.0000000000
83999  -57.822  6.429  22.659 0.0000000000
84004  -55.254  6.709  21.320 0.0000000000
84005  -55.916  7.172  21.512 0.0000000000
84006  -58.248  6.452  21.807 0.0000000000
84012  -55.027  6.457  20.415 0.0000000000
84013  -55.902  7.125  20.465 0.0000000000
84014  -56.477  7.455  19.990 0.0000000000
84023  -54.799  6.253  19.794 0.0000000000
84024  -55.445  6.557  19.359 0.0000000000
85128  -56.937  7.508  22.211 0.0000000000
85129  -57.597  7.218  22.217 0.0000000000
85130  -57.986  6.864  22.089 0.0000000000
85135  -56.589  7.444  21.574 0.0000000000
85136  -57.352  7.502  21.470 0.0000000000
85143  -56.320  7.350  21.053 0.0000000000
85144  -56.888  7.602  20.531 0.0000000000
85145  -57.843  7.458  20.494 0.0000000000
