#!ascii label  , from subject cvs_avg35_inMNI152 vox2ras=TkReg
231
53698  -38.192  -18.614  47.500 0.0000000000
53706  -38.865  -18.648  47.083 0.0000000000
53707  -39.444  -18.597  46.740 0.0000000000
53708  -39.965  -18.605  46.447 0.0000000000
54756  -37.139  -17.588  48.261 0.0000000000
54762  -37.760  -17.629  47.755 0.0000000000
54763  -38.442  -17.676  47.311 0.0000000000
54772  -39.091  -17.767  47.003 0.0000000000
54773  -39.614  -17.759  46.715 0.0000000000
54774  -40.215  -17.700  46.390 0.0000000000
54782  -40.918  -17.738  45.948 0.0000000000
54783  -41.613  -17.772  45.443 0.0000000000
55844  -35.452  -16.496  49.333 0.0000000000
55851  -36.098  -16.636  48.830 0.0000000000
55852  -36.695  -16.665  48.494 0.0000000000
55853  -37.343  -16.600  48.062 0.0000000000
55860  -38.009  -16.687  47.524 0.0000000000
55861  -38.785  -16.689  47.140 0.0000000000
55862  -39.094  -16.064  47.074 0.0000000000
55869  -39.277  -17.213  46.895 0.0000000000
55870  -39.607  -16.651  46.751 0.0000000000
55871  -40.438  -16.701  46.242 0.0000000000
55881  -41.144  -16.737  45.756 0.0000000000
55882  -41.916  -16.707  45.189 0.0000000000
55883  -42.186  -16.092  44.982 0.0000000000
55896  -42.426  -17.253  44.896 0.0000000000
55897  -42.687  -16.649  44.691 0.0000000000
57026  -34.273  -15.435  50.197 0.0000000000
57041  -35.069  -15.330  49.708 0.0000000000
57042  -36.002  -15.493  49.149 0.0000000000
57043  -36.495  -15.007  49.102 0.0000000000
57055  -36.395  -16.078  48.757 0.0000000000
57056  -36.867  -15.560  48.668 0.0000000000
57057  -37.825  -15.534  47.963 0.0000000000
57058  -38.315  -15.002  47.936 0.0000000000
57068  -38.257  -16.066  47.424 0.0000000000
57069  -38.637  -15.468  47.425 0.0000000000
57070  -39.366  -15.492  47.008 0.0000000000
57082  -40.052  -15.632  46.559 0.0000000000
57083  -40.713  -15.755  46.086 0.0000000000
57095  -41.281  -15.728  45.656 0.0000000000
57096  -41.806  -15.506  45.241 0.0000000000
57097  -42.377  -15.487  44.856 0.0000000000
58349  -33.850  -14.510  50.451 0.0000000000
58350  -34.584  -14.513  50.072 0.0000000000
58360  -35.034  -14.500  49.805 0.0000000000
58361  -35.518  -14.491  49.568 0.0000000000
58362  -36.222  -14.422  49.293 0.0000000000
58371  -36.808  -14.524  49.031 0.0000000000
58372  -37.370  -14.605  48.639 0.0000000000
58373  -38.035  -14.445  48.239 0.0000000000
58381  -38.586  -14.492  47.802 0.0000000000
58382  -39.105  -14.577  47.364 0.0000000000
58391  -39.728  -14.616  46.908 0.0000000000
58392  -40.492  -14.620  46.401 0.0000000000
58393  -40.835  -13.944  46.273 0.0000000000
58405  -33.263  -13.995  45.225 0.0000000000
58406  -33.666  -13.749  45.231 0.0000000000
58407  -40.939  -15.154  45.991 0.0000000000
58408  -41.275  -14.546  45.811 0.0000000000
58409  -42.027  -14.513  45.218 0.0000000000
58425  -33.945  -14.141  44.689 0.0000000000
58426  -34.819  -13.896  44.333 0.0000000000
58427  -35.175  -13.645  44.090 0.0000000000
58428  -42.691  -14.570  44.760 0.0000000000
58444  -33.545  -14.643  43.500 0.0000000000
58445  -34.551  -14.350  43.656 0.0000000000
58446  -35.291  -14.070  43.802 0.0000000000
58462  -34.372  -14.699  42.575 0.0000000000
58463  -35.247  -14.392  42.974 0.0000000000
58476  -35.256  -14.572  41.899 0.0000000000
59703  -33.432  -13.631  50.575 0.0000000000
59704  -34.224  -13.661  50.240 0.0000000000
59710  -34.983  -13.743  49.812 0.0000000000
59711  -35.806  -13.557  49.484 0.0000000000
59712  -36.700  -13.525  49.184 0.0000000000
59713  -37.085  -13.035  49.033 0.0000000000
59720  -37.092  -14.034  48.925 0.0000000000
59721  -37.494  -13.523  48.708 0.0000000000
59722  -38.543  -13.505  48.135 0.0000000000
59723  -39.058  -13.008  48.064 0.0000000000
59729  -38.906  -13.994  47.663 0.0000000000
59730  -39.514  -13.482  47.490 0.0000000000
59731  -40.111  -12.910  47.341 0.0000000000
59743  -40.003  -13.998  46.840 0.0000000000
59744  -40.461  -13.403  46.834 0.0000000000
59745  -41.276  -13.344  46.315 0.0000000000
59746  -41.979  -12.844  46.046 0.0000000000
59760  -33.332  -13.447  45.442 0.0000000000
59761  -41.803  -13.715  45.722 0.0000000000
59762  -42.527  -13.396  45.292 0.0000000000
59776  -33.897  -13.401  45.171 0.0000000000
59777  -34.463  -13.402  44.811 0.0000000000
59778  -34.988  -13.235  44.341 0.0000000000
59790  -35.562  -13.360  43.887 0.0000000000
59791  -36.250  -13.318  43.515 0.0000000000
59792  -36.922  -13.225  43.263 0.0000000000
59793  -37.572  -13.265  43.120 0.0000000000
59804  -35.898  -13.985  43.346 0.0000000000
59805  -36.502  -13.766  42.898 0.0000000000
59806  -37.154  -13.565  42.588 0.0000000000
59807  -37.940  -13.424  42.449 0.0000000000
59816  -35.934  -14.184  42.455 0.0000000000
59817  -36.555  -13.871  42.017 0.0000000000
59818  -37.284  -13.625  41.690 0.0000000000
59819  -38.152  -13.379  41.430 0.0000000000
59828  -35.962  -14.214  41.577 0.0000000000
60987  -32.940  -12.881  50.546 0.0000000000
60988  -33.825  -12.786  50.216 0.0000000000
60989  -34.534  -13.016  49.909 0.0000000000
60995  -34.473  -12.438  49.761 0.0000000000
60996  -35.268  -12.704  49.567 0.0000000000
60997  -36.206  -12.661  49.343 0.0000000000
60998  -36.845  -12.615  49.160 0.0000000000
60999  -37.308  -12.578  48.898 0.0000000000
61006  -37.972  -12.579  48.569 0.0000000000
61007  -38.706  -12.504  48.269 0.0000000000
61008  -39.321  -12.475  48.021 0.0000000000
61021  -32.483  -12.080  46.938 0.0000000000
61022  -39.899  -12.406  47.690 0.0000000000
61023  -40.519  -12.354  47.284 0.0000000000
61024  -41.035  -12.045  47.041 0.0000000000
61040  -33.191  -12.460  46.423 0.0000000000
61041  -33.971  -12.468  46.187 0.0000000000
61042  -34.629  -12.381  46.098 0.0000000000
61043  -40.986  -12.691  46.844 0.0000000000
61044  -41.465  -12.240  46.564 0.0000000000
61045  -41.941  -11.983  46.154 0.0000000000
61056  -33.010  -13.099  45.896 0.0000000000
61057  -33.665  -12.846  45.591 0.0000000000
61058  -34.367  -12.628  45.527 0.0000000000
61059  -35.085  -12.422  45.458 0.0000000000
61069  -34.167  -12.936  45.097 0.0000000000
61070  -34.718  -12.798  44.891 0.0000000000
61071  -35.524  -12.617  44.536 0.0000000000
61072  -36.238  -12.437  44.274 0.0000000000
61073  -36.835  -12.237  44.109 0.0000000000
61081  -35.995  -12.832  43.924 0.0000000000
61082  -36.572  -12.713  43.715 0.0000000000
61083  -37.369  -12.573  43.578 0.0000000000
61084  -38.174  -12.906  43.218 0.0000000000
61091  -38.789  -12.907  42.352 0.0000000000
61092  -39.212  -12.349  41.940 0.0000000000
61101  -39.511  -12.044  41.319 0.0000000000
62349  -33.270  -12.377  50.308 0.0000000000
62366  -32.611  -11.659  49.682 0.0000000000
62367  -33.763  -12.017  49.697 0.0000000000
62368  -34.974  -11.998  49.257 0.0000000000
62369  -35.923  -11.920  49.156 0.0000000000
62370  -36.707  -11.970  49.118 0.0000000000
62371  -37.084  -12.168  49.056 0.0000000000
62387  -32.433  -11.649  48.681 0.0000000000
62388  -33.555  -11.784  48.656 0.0000000000
62389  -34.664  -11.816  48.563 0.0000000000
62390  -35.683  -11.634  48.439 0.0000000000
62391  -36.679  -11.411  48.427 0.0000000000
62392  -37.455  -11.731  48.702 0.0000000000
62393  -38.331  -11.740  48.406 0.0000000000
62394  -38.991  -11.771  48.190 0.0000000000
62409  -32.070  -11.872  47.809 0.0000000000
62410  -33.277  -11.950  47.455 0.0000000000
62411  -34.460  -11.913  47.618 0.0000000000
62412  -35.457  -11.546  47.577 0.0000000000
62413  -36.376  -11.222  47.600 0.0000000000
62414  -39.554  -11.669  47.989 0.0000000000
62415  -40.169  -11.514  47.659 0.0000000000
62416  -40.750  -11.474  47.284 0.0000000000
62426  -33.675  -12.222  46.700 0.0000000000
62427  -34.248  -12.162  46.773 0.0000000000
62428  -35.398  -12.013  46.451 0.0000000000
62429  -36.251  -11.284  46.711 0.0000000000
62430  -41.190  -11.414  46.932 0.0000000000
62431  -41.653  -11.310  46.486 0.0000000000
62437  -35.877  -12.151  45.263 0.0000000000
62438  -36.652  -11.530  45.627 0.0000000000
62439  -37.341  -11.325  45.276 0.0000000000
62446  -36.036  -12.294  44.696 0.0000000000
62447  -36.535  -12.059  44.747 0.0000000000
62448  -37.610  -11.760  44.479 0.0000000000
62449  -38.773  -11.280  44.182 0.0000000000
62450  -39.307  -10.918  43.993 0.0000000000
62457  -37.979  -12.339  43.656 0.0000000000
62458  -38.726  -12.111  43.337 0.0000000000
62459  -39.404  -11.320  43.454 0.0000000000
62465  -39.136  -12.299  42.533 0.0000000000
62466  -39.547  -11.721  42.387 0.0000000000
62473  -39.907  -11.313  41.353 0.0000000000
63671  -37.469  -11.001  48.172 0.0000000000
63672  -38.102  -10.970  48.266 0.0000000000
63673  -38.806  -11.100  48.140 0.0000000000
63674  -39.221  -11.274  48.069 0.0000000000
63680  -37.218  -10.811  47.586 0.0000000000
63681  -37.993  -10.392  47.663 0.0000000000
63682  -38.691  -10.452  47.823 0.0000000000
63683  -39.525  -10.731  47.775 0.0000000000
63684  -40.451  -10.597  47.309 0.0000000000
63685  -40.913  -10.968  47.149 0.0000000000
63691  -37.021  -10.935  46.796 0.0000000000
63692  -37.921  -10.269  46.739 0.0000000000
63693  -38.492  -9.937  46.353 0.0000000000
63694  -40.649  -10.096  47.042 0.0000000000
63695  -41.117  -10.469  46.850 0.0000000000
63702  -36.861  -11.167  46.259 0.0000000000
63703  -37.498  -10.898  45.819 0.0000000000
63704  -38.516  -10.097  45.691 0.0000000000
63705  -39.223  -9.841  45.222 0.0000000000
63713  -37.642  -11.194  45.138 0.0000000000
63714  -38.192  -10.919  44.982 0.0000000000
63715  -39.191  -10.404  44.587 0.0000000000
63723  -39.816  -10.600  43.707 0.0000000000
63724  -40.214  -10.478  43.177 0.0000000000
63733  -40.001  -11.005  42.928 0.0000000000
63734  -40.378  -10.427  42.538 0.0000000000
63742  -39.997  -10.979  42.123 0.0000000000
64898  -38.593  -10.089  47.369 0.0000000000
64899  -39.226  -9.953  47.321 0.0000000000
64900  -40.015  -9.907  47.237 0.0000000000
64901  -40.424  -9.971  47.116 0.0000000000
64907  -38.313  -10.079  47.159 0.0000000000
64908  -38.805  -9.800  46.733 0.0000000000
64909  -39.879  -9.330  46.569 0.0000000000
64910  -40.657  -9.564  46.760 0.0000000000
64918  -38.791  -9.783  46.177 0.0000000000
64919  -39.376  -9.460  45.828 0.0000000000
64927  -39.821  -9.481  44.698 0.0000000000
64928  -40.350  -9.053  44.134 0.0000000000
64936  -39.847  -10.075  44.141 0.0000000000
64937  -40.399  -9.727  43.455 0.0000000000
66081  -40.227  -8.958  46.227 0.0000000000
66090  -40.147  -8.789  45.854 0.0000000000
66100  -39.916  -9.002  45.336 0.0000000000
