#!ascii label  , from subject cvs_avg35_inMNI152 vox2ras=TkReg
247
47763  -26.229  -22.142  49.714 0.0000000000
47772  -25.865  -22.369  49.371 0.0000000000
47773  -26.337  -22.187  48.813 0.0000000000
47783  -25.469  -22.462  49.034 0.0000000000
47784  -25.994  -22.462  48.447 0.0000000000
47785  -26.456  -22.156  47.912 0.0000000000
47794  -25.612  -22.506  48.063 0.0000000000
47795  -26.219  -22.470  47.525 0.0000000000
47796  -26.674  -22.130  47.122 0.0000000000
47810  -25.861  -22.689  46.941 0.0000000000
47811  -26.604  -22.436  46.657 0.0000000000
47812  -26.934  -22.016  46.820 0.0000000000
47825  -25.959  -22.772  46.183 0.0000000000
47826  -26.287  -22.710  46.408 0.0000000000
47887  -21.912  -22.873  37.362 0.0000000000
48904  -23.893  -22.078  49.011 0.0000000000
48905  -24.451  -22.315  49.371 0.0000000000
48907  -26.533  -21.746  49.211 0.0000000000
48910  -23.964  -21.976  48.086 0.0000000000
48911  -24.537  -22.293  48.420 0.0000000000
48912  -25.044  -22.480  48.728 0.0000000000
48913  -26.588  -21.661  48.201 0.0000000000
48917  -23.994  -21.993  47.122 0.0000000000
48918  -24.622  -22.322  47.478 0.0000000000
48919  -25.169  -22.503  47.764 0.0000000000
48920  -26.768  -21.784  47.398 0.0000000000
48929  -24.021  -22.026  46.115 0.0000000000
48930  -24.714  -22.446  46.511 0.0000000000
48931  -25.224  -22.610  46.934 0.0000000000
48932  -26.941  -22.403  46.164 0.0000000000
48933  -27.137  -21.929  46.531 0.0000000000
48934  -27.646  -21.566  46.154 0.0000000000
48941  -23.961  -22.182  45.082 0.0000000000
48942  -24.766  -22.577  45.456 0.0000000000
48943  -25.658  -22.761  45.936 0.0000000000
48944  -26.587  -22.650  45.839 0.0000000000
48945  -27.277  -22.245  45.700 0.0000000000
48946  -27.755  -21.766  45.771 0.0000000000
48954  -23.871  -22.395  44.057 0.0000000000
48955  -24.704  -22.711  44.387 0.0000000000
48956  -25.568  -22.847  44.704 0.0000000000
48957  -26.435  -22.789  44.893 0.0000000000
48958  -27.256  -22.306  44.884 0.0000000000
48959  -27.801  -21.992  45.184 0.0000000000
48968  -19.923  -22.189  44.010 0.0000000000
48969  -23.760  -22.697  43.164 0.0000000000
48970  -24.599  -22.859  43.402 0.0000000000
48971  -25.479  -22.866  43.661 0.0000000000
48972  -26.275  -22.730  43.946 0.0000000000
48973  -26.937  -22.417  44.122 0.0000000000
48982  -19.276  -22.552  42.494 0.0000000000
48983  -20.038  -22.136  43.015 0.0000000000
48984  -22.953  -22.733  41.994 0.0000000000
48985  -23.532  -22.799  42.350 0.0000000000
48986  -24.431  -22.892  42.516 0.0000000000
48987  -25.363  -22.781  42.640 0.0000000000
48988  -26.242  -22.537  43.021 0.0000000000
48989  -26.779  -22.284  43.434 0.0000000000
48999  -19.421  -22.460  41.261 0.0000000000
49000  -20.492  -22.132  41.728 0.0000000000
49001  -21.676  -22.307  41.387 0.0000000000
49002  -22.608  -22.608  41.425 0.0000000000
49003  -23.483  -22.755  41.449 0.0000000000
49004  -24.276  -22.761  41.688 0.0000000000
49005  -25.021  -22.696  41.914 0.0000000000
49019  -20.169  -22.325  40.439 0.0000000000
49020  -21.200  -22.337  40.522 0.0000000000
49021  -22.226  -22.545  40.508 0.0000000000
49022  -23.222  -22.631  40.552 0.0000000000
49023  -24.238  -22.538  40.700 0.0000000000
49024  -24.884  -22.497  41.222 0.0000000000
49037  -20.796  -22.461  39.528 0.0000000000
49038  -21.791  -22.526  39.577 0.0000000000
49039  -22.807  -22.572  39.582 0.0000000000
49040  -23.848  -22.378  39.662 0.0000000000
49049  -21.344  -22.631  38.683 0.0000000000
49050  -22.280  -22.618  38.646 0.0000000000
49051  -23.307  -22.466  38.542 0.0000000000
49052  -24.085  -22.168  38.802 0.0000000000
49059  -21.751  -22.767  37.905 0.0000000000
49060  -22.520  -22.713  37.592 0.0000000000
49061  -23.446  -22.379  37.359 0.0000000000
49064  -22.776  -22.844  36.582 0.0000000000
49065  -23.399  -22.502  36.331 0.0000000000
50054  -22.673  -21.305  48.290 0.0000000000
50055  -23.306  -21.683  48.645 0.0000000000
50056  -26.974  -20.638  48.522 0.0000000000
50057  -26.697  -21.168  48.727 0.0000000000
50064  -21.770  -21.092  47.200 0.0000000000
50065  -22.574  -21.245  47.442 0.0000000000
50066  -23.313  -21.588  47.743 0.0000000000
50067  -27.135  -20.559  48.008 0.0000000000
50068  -27.124  -20.985  47.367 0.0000000000
50069  -27.921  -20.749  47.008 0.0000000000
50082  -21.530  -21.096  46.335 0.0000000000
50083  -22.486  -21.149  46.516 0.0000000000
50084  -23.303  -21.526  46.788 0.0000000000
50085  -27.534  -21.432  46.492 0.0000000000
50086  -28.355  -21.207  46.252 0.0000000000
50087  -29.836  -21.266  46.140 0.0000000000
50088  -30.907  -21.292  46.259 0.0000000000
50089  -31.867  -21.275  46.461 0.0000000000
50098  -20.552  -21.672  45.176 0.0000000000
50099  -21.360  -21.196  45.360 0.0000000000
50100  -22.369  -21.133  45.516 0.0000000000
50101  -23.264  -21.523  45.777 0.0000000000
50102  -28.503  -21.736  45.269 0.0000000000
50103  -29.468  -21.533  45.409 0.0000000000
50104  -30.553  -21.439  45.468 0.0000000000
50105  -31.541  -21.389  45.603 0.0000000000
50116  -20.513  -21.707  44.248 0.0000000000
50117  -21.263  -21.301  44.358 0.0000000000
50118  -22.233  -21.318  44.478 0.0000000000
50119  -23.167  -21.678  44.728 0.0000000000
50120  -27.517  -22.054  44.111 0.0000000000
50121  -28.205  -21.810  44.448 0.0000000000
50122  -29.242  -21.503  44.582 0.0000000000
50123  -30.208  -21.414  44.709 0.0000000000
50124  -31.292  -21.258  44.632 0.0000000000
50125  -32.203  -21.277  44.977 0.0000000000
50135  -20.488  -21.835  43.494 0.0000000000
50136  -21.119  -21.538  43.477 0.0000000000
50137  -22.026  -21.599  43.510 0.0000000000
50138  -23.019  -22.045  43.625 0.0000000000
50139  -27.266  -22.012  43.553 0.0000000000
50140  -27.941  -21.637  43.527 0.0000000000
50141  -29.068  -21.213  43.590 0.0000000000
50142  -29.928  -21.207  44.009 0.0000000000
50143  -30.678  -21.110  44.136 0.0000000000
50149  -20.869  -21.884  42.752 0.0000000000
50150  -21.699  -21.870  42.730 0.0000000000
50151  -22.653  -22.308  42.648 0.0000000000
50152  -23.237  -22.519  42.949 0.0000000000
50153  -25.510  -22.550  42.026 0.0000000000
50154  -26.079  -22.283  42.114 0.0000000000
50155  -27.234  -21.638  42.491 0.0000000000
50156  -28.419  -21.135  42.847 0.0000000000
50157  -29.085  -20.871  42.901 0.0000000000
50159  -21.373  -22.049  42.113 0.0000000000
50160  -22.091  -22.314  42.060 0.0000000000
50161  -22.573  -22.552  42.037 0.0000000000
50162  -25.539  -22.277  41.470 0.0000000000
50163  -26.431  -21.505  41.173 0.0000000000
50164  -27.168  -21.204  41.545 0.0000000000
50171  -24.517  -22.253  40.024 0.0000000000
50172  -25.254  -21.964  40.365 0.0000000000
50173  -26.116  -21.087  39.957 0.0000000000
50182  -24.639  -21.975  39.372 0.0000000000
50183  -25.443  -21.192  39.067 0.0000000000
50184  -26.070  -20.816  39.341 0.0000000000
50195  -23.952  -22.198  38.111 0.0000000000
50196  -24.564  -21.699  38.299 0.0000000000
50197  -25.098  -20.981  37.936 0.0000000000
50206  -24.135  -21.968  37.545 0.0000000000
50207  -24.616  -21.383  37.170 0.0000000000
50208  -25.026  -20.908  37.351 0.0000000000
50214  -23.962  -21.995  36.758 0.0000000000
50215  -24.315  -21.598  36.191 0.0000000000
50219  -23.825  -22.113  35.895 0.0000000000
50220  -24.163  -21.793  35.504 0.0000000000
51291  -27.284  -20.209  48.453 0.0000000000
51292  -27.495  -20.073  48.031 0.0000000000
51306  -27.333  -20.441  47.843 0.0000000000
51307  -27.712  -20.328  47.513 0.0000000000
51308  -28.560  -20.453  47.128 0.0000000000
51309  -29.613  -20.286  47.216 0.0000000000
51310  -30.700  -20.324  47.717 0.0000000000
51320  -29.348  -20.788  46.621 0.0000000000
51321  -30.314  -20.811  46.770 0.0000000000
51322  -31.295  -20.996  46.994 0.0000000000
51335  -31.605  -21.091  44.199 0.0000000000
51336  -32.039  -21.074  44.231 0.0000000000
51346  -29.841  -20.982  43.476 0.0000000000
51347  -30.480  -20.862  43.491 0.0000000000
51348  -31.488  -20.842  43.721 0.0000000000
51349  -32.607  -20.638  43.517 0.0000000000
51362  -28.243  -20.914  42.138 0.0000000000
51363  -29.022  -20.673  42.288 0.0000000000
51364  -29.897  -20.701  42.724 0.0000000000
51365  -31.084  -20.483  42.730 0.0000000000
51366  -32.151  -20.312  42.666 0.0000000000
51380  -27.214  -20.919  41.011 0.0000000000
51381  -27.850  -20.817  41.431 0.0000000000
51382  -28.784  -20.485  41.514 0.0000000000
51383  -29.785  -20.211  41.453 0.0000000000
51384  -30.788  -20.183  41.839 0.0000000000
51385  -31.732  -20.063  41.879 0.0000000000
51400  -26.941  -20.719  40.297 0.0000000000
51401  -27.761  -20.491  40.507 0.0000000000
51402  -28.650  -20.277  40.676 0.0000000000
51403  -29.218  -20.198  41.010 0.0000000000
51419  -26.107  -20.597  38.894 0.0000000000
51420  -26.671  -20.477  39.349 0.0000000000
51421  -27.635  -20.187  39.573 0.0000000000
51422  -28.326  -20.159  39.963 0.0000000000
51439  -25.787  -20.516  38.221 0.0000000000
51440  -26.615  -20.089  38.387 0.0000000000
51441  -27.254  -19.975  38.861 0.0000000000
51460  -25.027  -20.850  36.920 0.0000000000
51461  -25.479  -20.536  37.310 0.0000000000
51462  -26.222  -20.088  37.525 0.0000000000
51481  -24.806  -21.039  36.286 0.0000000000
51482  -25.348  -20.547  36.423 0.0000000000
51483  -25.967  -20.115  36.670 0.0000000000
51500  -24.545  -21.321  35.490 0.0000000000
51501  -25.112  -20.697  35.470 0.0000000000
51502  -25.737  -20.177  35.820 0.0000000000
52486  -27.679  -19.897  47.915 0.0000000000
52487  -28.065  -19.769  47.711 0.0000000000
52488  -28.904  -19.795  47.712 0.0000000000
52489  -29.740  -19.771  47.814 0.0000000000
52516  -30.212  -19.905  40.774 0.0000000000
52517  -30.741  -19.877  41.002 0.0000000000
52518  -31.538  -19.961  41.168 0.0000000000
52525  -28.979  -20.016  39.877 0.0000000000
52526  -29.696  -19.953  40.350 0.0000000000
52527  -30.675  -19.812  40.244 0.0000000000
52528  -31.501  -19.835  40.376 0.0000000000
52536  -27.890  -19.775  38.793 0.0000000000
52537  -28.592  -19.763  39.180 0.0000000000
52538  -29.562  -19.618  39.311 0.0000000000
52539  -30.496  -19.605  39.436 0.0000000000
52540  -31.409  -19.710  39.523 0.0000000000
52549  -26.890  -19.779  37.592 0.0000000000
52550  -27.527  -19.639  38.052 0.0000000000
52551  -28.453  -19.509  38.209 0.0000000000
52552  -29.345  -19.450  38.381 0.0000000000
52553  -30.306  -19.455  38.487 0.0000000000
52554  -31.283  -19.619  38.588 0.0000000000
52564  -26.695  -19.813  36.848 0.0000000000
52565  -27.438  -19.601  37.056 0.0000000000
52566  -28.248  -19.444  37.283 0.0000000000
52567  -29.115  -19.363  37.465 0.0000000000
52568  -30.017  -19.405  37.560 0.0000000000
52569  -31.024  -19.595  37.590 0.0000000000
52581  -26.434  -19.871  36.008 0.0000000000
52582  -27.199  -19.665  36.166 0.0000000000
52583  -28.014  -19.478  36.335 0.0000000000
52584  -28.898  -19.351  36.526 0.0000000000
52585  -29.668  -19.397  36.788 0.0000000000
52586  -30.530  -19.542  36.636 0.0000000000
52602  -25.574  -20.258  35.087 0.0000000000
52603  -26.101  -19.888  35.194 0.0000000000
52604  -26.824  -19.638  35.300 0.0000000000
52605  -27.643  -19.479  35.404 0.0000000000
52606  -28.563  -19.411  35.525 0.0000000000
52607  -29.690  -19.464  35.738 0.0000000000
