#!ascii label  , from subject cvs_avg35_inMNI152 vox2ras=TkReg
228
134959  -14.256  75.931  -25.028 0.0000000000
134960  -14.752  75.711  -24.922 0.0000000000
134961  -15.716  75.530  -24.845 0.0000000000
134962  -16.633  75.558  -24.894 0.0000000000
134963  -17.294  75.586  -24.961 0.0000000000
134973  -13.568  76.159  -25.925 0.0000000000
134974  -14.144  75.978  -25.629 0.0000000000
134975  -15.086  75.571  -25.648 0.0000000000
134976  -16.065  75.472  -25.637 0.0000000000
134987  -12.863  76.105  -26.970 0.0000000000
134988  -13.487  76.091  -26.530 0.0000000000
134989  -14.491  75.904  -26.451 0.0000000000
135001  -13.129  76.022  -27.434 0.0000000000
135308  -13.543  77.259  -23.971 0.0000000000
135309  -14.055  76.997  -23.907 0.0000000000
135310  -14.973  76.650  -23.765 0.0000000000
135311  -15.872  76.533  -23.832 0.0000000000
135321  -12.488  77.297  -24.816 0.0000000000
135322  -13.183  77.023  -24.543 0.0000000000
135323  -14.216  76.265  -24.566 0.0000000000
135324  -15.308  75.967  -24.221 0.0000000000
135325  -16.399  76.023  -24.217 0.0000000000
135326  -17.157  75.930  -24.493 0.0000000000
135339  -11.529  77.326  -25.705 0.0000000000
135340  -12.242  77.066  -25.432 0.0000000000
135341  -13.381  76.358  -25.456 0.0000000000
135342  -13.999  76.097  -25.149 0.0000000000
135356  -10.730  77.332  -26.757 0.0000000000
135357  -11.361  77.062  -26.365 0.0000000000
135358  -12.535  76.376  -26.443 0.0000000000
135359  -13.240  76.230  -26.089 0.0000000000
135376  -10.854  77.043  -27.324 0.0000000000
135377  -11.575  76.504  -27.337 0.0000000000
135378  -12.389  76.154  -27.479 0.0000000000
135393  -10.976  76.761  -28.202 0.0000000000
135394  -11.735  76.313  -28.297 0.0000000000
135415  -11.243  76.714  -28.935 0.0000000000
135694  -13.088  77.967  -23.728 0.0000000000
135695  -13.795  77.689  -23.598 0.0000000000
135696  -14.754  77.471  -23.452 0.0000000000
135697  -15.757  77.274  -23.516 0.0000000000
135698  -16.814  77.020  -23.933 0.0000000000
135706  -11.781  78.083  -24.477 0.0000000000
135707  -12.407  77.730  -24.346 0.0000000000
135708  -13.187  77.492  -23.997 0.0000000000
135709  -16.988  76.382  -24.263 0.0000000000
135710  -17.501  76.537  -24.420 0.0000000000
135721  -10.775  78.014  -25.554 0.0000000000
135722  -11.376  77.812  -25.169 0.0000000000
135723  -12.124  77.452  -24.942 0.0000000000
135734  -10.492  77.827  -26.158 0.0000000000
135735  -11.171  77.469  -25.844 0.0000000000
135749  -10.310  77.546  -27.193 0.0000000000
135768  -10.382  77.348  -28.094 0.0000000000
136010  -16.063  78.772  -17.998 0.0000000000
136011  -16.701  78.789  -17.488 0.0000000000
136014  -14.904  79.102  -18.899 0.0000000000
136015  -15.349  78.740  -18.535 0.0000000000
136017  -14.785  78.905  -19.427 0.0000000000
136018  -14.949  78.526  -19.038 0.0000000000
136020  -14.825  78.776  -20.003 0.0000000000
136030  -14.173  78.922  -22.813 0.0000000000
136031  -15.098  78.827  -22.720 0.0000000000
136032  -16.399  78.741  -22.838 0.0000000000
136040  -11.948  78.836  -23.761 0.0000000000
136041  -12.587  78.512  -23.600 0.0000000000
136042  -13.491  78.540  -23.242 0.0000000000
136043  -14.471  78.260  -23.156 0.0000000000
136044  -15.502  78.114  -23.190 0.0000000000
136045  -16.532  77.983  -23.418 0.0000000000
136052  -10.890  78.888  -24.782 0.0000000000
136053  -11.419  78.627  -24.392 0.0000000000
136054  -12.006  78.318  -24.082 0.0000000000
136061  -10.564  78.548  -25.404 0.0000000000
136062  -11.041  78.437  -24.926 0.0000000000
136313  -17.033  79.715  -17.190 0.0000000000
136314  -17.578  79.771  -16.588 0.0000000000
136317  -15.754  79.658  -18.168 0.0000000000
136318  -16.415  79.672  -17.701 0.0000000000
136321  -14.774  79.749  -19.106 0.0000000000
136322  -15.135  79.712  -18.582 0.0000000000
136324  -14.751  79.670  -19.749 0.0000000000
136326  -15.108  79.516  -20.321 0.0000000000
136327  -15.695  79.243  -20.736 0.0000000000
136334  -12.813  80.025  -22.961 0.0000000000
136335  -13.396  79.555  -22.833 0.0000000000
136336  -14.494  79.595  -22.502 0.0000000000
136337  -15.592  79.570  -22.408 0.0000000000
136342  -11.563  79.453  -23.809 0.0000000000
136343  -12.401  79.511  -23.289 0.0000000000
136344  -12.946  78.996  -23.175 0.0000000000
136352  -11.004  79.472  -24.354 0.0000000000
136560  -18.972  80.701  -14.484 0.0000000000
136562  -18.179  80.817  -15.611 0.0000000000
136563  -18.509  80.789  -15.101 0.0000000000
136566  -17.332  80.620  -16.888 0.0000000000
136567  -17.844  80.713  -16.245 0.0000000000
136570  -16.090  80.539  -17.849 0.0000000000
136571  -16.719  80.550  -17.389 0.0000000000
136573  -14.924  80.560  -18.699 0.0000000000
136574  -15.458  80.537  -18.265 0.0000000000
136576  -14.753  80.623  -19.367 0.0000000000
136579  -14.883  80.522  -20.105 0.0000000000
136580  -15.537  80.380  -20.638 0.0000000000
136581  -15.799  80.845  -20.773 0.0000000000
136584  -16.100  79.698  -21.028 0.0000000000
136587  -13.055  80.550  -22.665 0.0000000000
136588  -13.938  80.439  -22.395 0.0000000000
136589  -14.863  80.367  -22.244 0.0000000000
136590  -15.698  80.379  -22.177 0.0000000000
136591  -16.825  79.695  -22.182 0.0000000000
136594  -11.132  80.743  -23.799 0.0000000000
136595  -11.729  80.380  -23.465 0.0000000000
136596  -12.412  80.487  -23.062 0.0000000000
136600  -11.173  80.081  -23.939 0.0000000000
136724  -19.126  81.288  -14.073 0.0000000000
136725  -19.035  81.779  -13.426 0.0000000000
136728  -18.057  81.980  -14.969 0.0000000000
136729  -18.503  81.659  -14.565 0.0000000000
136730  -18.683  82.080  -13.781 0.0000000000
136732  -15.905  82.317  -16.179 0.0000000000
136733  -16.518  82.201  -16.107 0.0000000000
136734  -17.655  81.744  -15.615 0.0000000000
136735  -18.272  81.288  -15.268 0.0000000000
136738  -15.934  82.104  -16.726 0.0000000000
136739  -16.795  81.493  -16.902 0.0000000000
136740  -17.488  81.209  -16.482 0.0000000000
136742  -14.701  82.070  -18.044 0.0000000000
136743  -15.520  81.536  -17.672 0.0000000000
136744  -16.327  81.076  -17.494 0.0000000000
136746  -14.742  81.646  -18.705 0.0000000000
136747  -15.133  81.087  -18.314 0.0000000000
136750  -14.781  81.565  -19.750 0.0000000000
136754  -15.148  81.362  -20.434 0.0000000000
136755  -15.607  81.245  -20.692 0.0000000000
136756  -15.854  81.149  -20.863 0.0000000000
136762  -11.969  81.928  -23.020 0.0000000000
136763  -12.470  81.452  -22.785 0.0000000000
136764  -13.527  81.361  -22.349 0.0000000000
136765  -14.421  81.192  -22.198 0.0000000000
136766  -15.079  80.994  -22.130 0.0000000000
136770  -11.560  81.435  -23.362 0.0000000000
136771  -12.047  80.962  -23.196 0.0000000000
136881  -18.244  82.853  -12.930 0.0000000000
136882  -18.671  82.315  -12.646 0.0000000000
136889  -16.227  82.818  -13.870 0.0000000000
136890  -17.101  82.772  -13.815 0.0000000000
136891  -17.814  82.647  -13.600 0.0000000000
136892  -18.309  82.510  -13.319 0.0000000000
136893  -18.647  82.269  -13.231 0.0000000000
136901  -15.932  82.562  -14.641 0.0000000000
136902  -16.817  82.512  -14.539 0.0000000000
136903  -17.729  82.283  -14.543 0.0000000000
136904  -18.312  82.268  -13.926 0.0000000000
136905  -18.513  82.255  -13.566 0.0000000000
136914  -15.721  82.403  -15.537 0.0000000000
136915  -16.674  82.365  -15.281 0.0000000000
136916  -17.250  82.279  -15.031 0.0000000000
136925  -15.336  82.294  -16.222 0.0000000000
136932  -14.452  82.232  -17.384 0.0000000000
136933  -15.190  82.169  -16.906 0.0000000000
136939  -14.189  82.873  -18.439 0.0000000000
136942  -14.591  82.687  -19.468 0.0000000000
136945  -14.896  82.366  -20.300 0.0000000000
136946  -15.402  81.959  -20.855 0.0000000000
136947  -15.717  81.510  -20.862 0.0000000000
136950  -15.453  81.949  -21.193 0.0000000000
136951  -15.780  81.432  -21.153 0.0000000000
136955  -12.203  82.417  -22.597 0.0000000000
136956  -13.234  82.284  -22.264 0.0000000000
136957  -14.181  82.079  -22.097 0.0000000000
136958  -14.920  81.708  -22.053 0.0000000000
136959  -15.435  81.170  -22.050 0.0000000000
136963  -11.579  82.179  -23.108 0.0000000000
137026  -18.122  82.842  -10.949 0.0000000000
137031  -17.662  83.554  -11.143 0.0000000000
137032  -18.224  83.123  -11.589 0.0000000000
137033  -18.454  82.652  -11.997 0.0000000000
137041  -16.231  83.563  -12.631 0.0000000000
137042  -17.073  83.542  -12.643 0.0000000000
137043  -17.712  83.400  -12.533 0.0000000000
137044  -18.143  83.204  -12.301 0.0000000000
137045  -18.455  82.747  -12.237 0.0000000000
137055  -16.621  83.214  -13.213 0.0000000000
137056  -17.409  83.156  -13.129 0.0000000000
137057  -18.000  82.999  -12.936 0.0000000000
137083  -13.627  83.916  -18.855 0.0000000000
137086  -14.244  83.703  -19.369 0.0000000000
137093  -12.062  83.941  -20.832 0.0000000000
137094  -14.615  83.445  -20.236 0.0000000000
137095  -15.032  82.840  -20.795 0.0000000000
137103  -12.714  83.672  -21.279 0.0000000000
137104  -13.745  83.625  -21.332 0.0000000000
137105  -14.643  83.489  -21.143 0.0000000000
137106  -15.166  82.386  -21.295 0.0000000000
137107  -15.519  81.716  -21.430 0.0000000000
137114  -11.918  83.067  -22.128 0.0000000000
137115  -13.004  83.070  -21.927 0.0000000000
137116  -14.013  82.989  -21.868 0.0000000000
137117  -14.766  82.500  -21.726 0.0000000000
137118  -15.312  81.776  -21.717 0.0000000000
137119  -16.044  80.774  -21.756 0.0000000000
137153  -17.198  83.831  -11.015 0.0000000000
137160  -16.584  83.926  -11.479 0.0000000000
137161  -17.494  83.803  -11.640 0.0000000000
137162  -17.934  83.586  -12.013 0.0000000000
137173  -16.815  83.888  -12.128 0.0000000000
137174  -17.530  83.698  -12.206 0.0000000000
137175  -17.860  83.509  -12.231 0.0000000000
137194  -13.158  84.395  -19.199 0.0000000000
137195  -13.835  84.283  -19.388 0.0000000000
137201  -12.599  84.407  -19.648 0.0000000000
137202  -13.506  84.385  -19.779 0.0000000000
137203  -14.213  84.212  -19.926 0.0000000000
137211  -12.930  84.225  -20.410 0.0000000000
137212  -13.870  84.231  -20.382 0.0000000000
137213  -14.420  84.017  -20.574 0.0000000000
137218  -13.550  84.022  -20.847 0.0000000000
137219  -14.195  84.005  -20.866 0.0000000000
137220  -14.494  83.952  -20.866 0.0000000000
137418  -16.319  79.823  -21.207 0.0000000000
137419  -16.046  79.819  -22.324 0.0000000000
137421  -16.033  80.453  -21.107 0.0000000000
137422  -16.280  79.923  -22.263 0.0000000000
137423  -16.859  79.276  -21.550 0.0000000000
137424  -16.915  78.943  -22.703 0.0000000000
137425  -16.549  79.342  -22.475 0.0000000000
137426  -16.249  80.259  -22.149 0.0000000000
