#!ascii label  , from subject cvs_avg35_inMNI152 vox2ras=TkReg
242
50732  -44.525  -21.617  -6.583 0.0000000000
50734  -47.234  -21.292  -6.066 0.0000000000
50746  -41.100  -21.296  -7.562 0.0000000000
50747  -42.081  -21.195  -7.374 0.0000000000
50748  -43.036  -21.093  -7.236 0.0000000000
50749  -44.021  -21.126  -7.254 0.0000000000
50750  -45.036  -21.058  -7.205 0.0000000000
50751  -45.661  -20.930  -7.137 0.0000000000
50756  -39.172  -20.977  -8.121 0.0000000000
50757  -39.692  -20.891  -8.197 0.0000000000
51917  -46.122  -20.745  -7.117 0.0000000000
51918  -46.851  -20.722  -6.783 0.0000000000
51933  -40.091  -20.775  -8.316 0.0000000000
51934  -40.778  -20.766  -8.165 0.0000000000
51935  -41.687  -20.700  -7.985 0.0000000000
51936  -42.598  -20.595  -7.837 0.0000000000
51937  -43.531  -20.557  -7.800 0.0000000000
51938  -44.488  -20.495  -7.779 0.0000000000
51939  -45.578  -20.219  -7.736 0.0000000000
51940  -46.593  -20.151  -7.433 0.0000000000
51941  -47.516  -20.138  -7.295 0.0000000000
51948  -35.813  -20.150  -8.304 0.0000000000
51949  -36.401  -20.309  -8.500 0.0000000000
51950  -37.503  -20.825  -8.348 0.0000000000
51951  -38.598  -20.733  -8.614 0.0000000000
51952  -39.550  -20.630  -8.659 0.0000000000
51953  -40.460  -20.330  -8.815 0.0000000000
51954  -41.337  -20.196  -8.534 0.0000000000
51955  -42.181  -20.060  -8.358 0.0000000000
51956  -43.072  -19.973  -8.307 0.0000000000
51957  -43.971  -19.933  -8.276 0.0000000000
51958  -44.765  -19.905  -8.223 0.0000000000
51962  -36.531  -20.063  -8.925 0.0000000000
51963  -36.989  -20.214  -9.006 0.0000000000
51964  -37.979  -20.369  -9.159 0.0000000000
51965  -38.981  -20.370  -9.271 0.0000000000
51966  -39.809  -20.275  -9.286 0.0000000000
53053  -45.830  -19.588  -8.170 0.0000000000
53054  -46.351  -19.612  -7.990 0.0000000000
53055  -47.180  -19.574  -7.835 0.0000000000
53056  -48.102  -19.563  -7.821 0.0000000000
53064  -34.888  -19.415  -8.245 0.0000000000
53065  -35.366  -19.681  -8.404 0.0000000000
53066  -35.933  -19.967  -8.633 0.0000000000
53067  -41.095  -19.795  -9.074 0.0000000000
53068  -41.796  -19.566  -8.882 0.0000000000
53069  -42.622  -19.448  -8.785 0.0000000000
53070  -43.541  -19.271  -8.850 0.0000000000
53071  -44.436  -19.339  -8.648 0.0000000000
53072  -45.308  -19.362  -8.447 0.0000000000
53073  -46.065  -19.091  -8.440 0.0000000000
53074  -46.844  -19.017  -8.337 0.0000000000
53075  -47.680  -19.030  -8.278 0.0000000000
53076  -48.454  -19.011  -8.252 0.0000000000
53079  -35.547  -19.319  -8.992 0.0000000000
53080  -36.220  -19.617  -9.229 0.0000000000
53081  -37.374  -19.837  -9.676 0.0000000000
53082  -38.435  -19.977  -9.881 0.0000000000
53083  -39.463  -19.977  -9.901 0.0000000000
53084  -40.446  -19.743  -9.618 0.0000000000
53085  -41.394  -19.170  -9.602 0.0000000000
53086  -42.237  -19.032  -9.306 0.0000000000
53087  -42.938  -18.964  -9.256 0.0000000000
53099  -36.286  -19.086  -9.829 0.0000000000
53100  -36.832  -19.186  -10.108 0.0000000000
53101  -37.856  -19.383  -10.455 0.0000000000
53102  -38.944  -19.488  -10.527 0.0000000000
53103  -39.946  -19.367  -10.380 0.0000000000
53104  -40.735  -19.083  -10.173 0.0000000000
54164  -34.814  -18.917  -8.612 0.0000000000
54165  -35.263  -19.175  -8.865 0.0000000000
54166  -44.179  -18.817  -9.118 0.0000000000
54167  -44.855  -18.729  -8.953 0.0000000000
54168  -45.610  -18.591  -8.854 0.0000000000
54169  -46.452  -18.356  -8.841 0.0000000000
54170  -47.318  -18.427  -8.665 0.0000000000
54171  -48.138  -18.446  -8.598 0.0000000000
54178  -34.984  -18.572  -9.033 0.0000000000
54179  -35.412  -18.719  -9.356 0.0000000000
54180  -35.987  -19.002  -9.691 0.0000000000
54181  -42.014  -18.663  -9.847 0.0000000000
54182  -42.682  -18.551  -9.700 0.0000000000
54183  -43.563  -18.386  -9.552 0.0000000000
54184  -44.447  -18.233  -9.398 0.0000000000
54185  -45.173  -18.080  -9.291 0.0000000000
54186  -45.848  -18.001  -9.236 0.0000000000
54196  -35.540  -18.118  -9.895 0.0000000000
54197  -36.158  -18.453  -10.173 0.0000000000
54198  -37.298  -18.401  -10.885 0.0000000000
54199  -38.408  -18.841  -11.086 0.0000000000
54200  -39.459  -18.914  -11.064 0.0000000000
54201  -40.406  -18.737  -10.836 0.0000000000
54202  -41.425  -18.445  -10.528 0.0000000000
54203  -42.327  -18.207  -10.241 0.0000000000
54204  -42.980  -18.052  -10.067 0.0000000000
54212  -37.517  -17.857  -11.273 0.0000000000
54213  -38.011  -18.086  -11.442 0.0000000000
54214  -38.948  -18.320  -11.649 0.0000000000
54215  -39.947  -18.344  -11.616 0.0000000000
54216  -40.786  -18.189  -11.274 0.0000000000
54230  -39.384  -18.066  -12.060 0.0000000000
54231  -39.869  -17.887  -12.198 0.0000000000
55238  -34.007  -17.763  -7.899 0.0000000000
55250  -34.383  -18.078  -8.483 0.0000000000
55251  -47.048  -17.907  -9.056 0.0000000000
55252  -47.736  -17.888  -9.016 0.0000000000
55253  -48.540  -17.845  -8.934 0.0000000000
55263  -34.788  -18.057  -9.057 0.0000000000
55264  -35.137  -17.740  -9.624 0.0000000000
55265  -44.145  -17.792  -9.814 0.0000000000
55266  -44.775  -17.639  -9.725 0.0000000000
55267  -45.563  -17.398  -9.710 0.0000000000
55268  -46.455  -17.540  -9.399 0.0000000000
55269  -47.276  -17.342  -9.355 0.0000000000
55270  -48.047  -17.275  -9.322 0.0000000000
55271  -48.838  -17.233  -9.288 0.0000000000
55279  -35.650  -17.466  -10.179 0.0000000000
55280  -36.610  -17.357  -10.862 0.0000000000
55281  -37.231  -17.715  -11.164 0.0000000000
55282  -42.082  -17.855  -10.793 0.0000000000
55283  -42.717  -17.655  -10.555 0.0000000000
55284  -43.588  -17.480  -10.349 0.0000000000
55285  -44.380  -17.323  -10.199 0.0000000000
55286  -44.990  -17.142  -10.127 0.0000000000
55297  -36.924  -16.795  -11.199 0.0000000000
55298  -37.525  -17.197  -11.571 0.0000000000
55299  -38.453  -17.710  -11.951 0.0000000000
55300  -38.969  -17.948  -12.087 0.0000000000
55301  -40.578  -17.825  -11.941 0.0000000000
55302  -41.505  -17.561  -11.482 0.0000000000
55303  -42.335  -17.325  -11.128 0.0000000000
55304  -43.020  -17.152  -10.946 0.0000000000
55319  -37.836  -16.699  -12.015 0.0000000000
55320  -38.262  -17.004  -12.217 0.0000000000
55321  -39.169  -17.409  -12.367 0.0000000000
55322  -40.144  -17.316  -12.476 0.0000000000
55323  -40.943  -17.223  -12.245 0.0000000000
56446  -34.509  -16.939  -8.592 0.0000000000
56447  -34.912  -16.285  -8.911 0.0000000000
56461  -34.832  -17.342  -9.243 0.0000000000
56462  -35.125  -16.666  -9.525 0.0000000000
56463  -46.185  -16.942  -9.871 0.0000000000
56464  -46.838  -16.873  -9.723 0.0000000000
56465  -47.553  -16.678  -9.729 0.0000000000
56466  -48.326  -16.718  -9.636 0.0000000000
56481  -35.872  -16.373  -10.332 0.0000000000
56482  -36.547  -16.304  -10.904 0.0000000000
56483  -44.105  -17.032  -10.582 0.0000000000
56484  -44.622  -16.764  -10.549 0.0000000000
56485  -45.557  -16.498  -10.358 0.0000000000
56486  -46.538  -16.420  -10.143 0.0000000000
56487  -47.082  -16.470  -9.996 0.0000000000
56502  -37.059  -16.278  -11.385 0.0000000000
56503  -37.552  -16.254  -11.857 0.0000000000
56504  -42.071  -17.062  -11.627 0.0000000000
56505  -42.648  -16.785  -11.528 0.0000000000
56506  -43.787  -16.501  -11.200 0.0000000000
56507  -44.920  -16.143  -10.917 0.0000000000
56508  -45.413  -15.984  -10.757 0.0000000000
56524  -38.091  -16.257  -12.277 0.0000000000
56525  -38.760  -16.474  -12.572 0.0000000000
56526  -39.591  -16.509  -12.788 0.0000000000
56527  -40.598  -16.672  -12.767 0.0000000000
56528  -41.761  -16.557  -12.393 0.0000000000
56529  -42.925  -16.177  -11.991 0.0000000000
56530  -43.492  -15.972  -11.815 0.0000000000
56539  -40.130  -16.022  -13.050 0.0000000000
56540  -40.901  -16.053  -13.093 0.0000000000
56541  -41.433  -15.999  -13.032 0.0000000000
57754  -35.628  -15.765  -9.710 0.0000000000
57756  -47.937  -16.365  -9.927 0.0000000000
57757  -48.471  -16.214  -10.028 0.0000000000
57772  -35.901  -15.691  -10.105 0.0000000000
57774  -45.666  -15.930  -10.686 0.0000000000
57775  -46.199  -15.887  -10.576 0.0000000000
57776  -47.421  -15.908  -10.356 0.0000000000
57777  -48.604  -15.551  -10.406 0.0000000000
57790  -36.746  -15.548  -11.032 0.0000000000
57791  -37.218  -15.509  -11.567 0.0000000000
57792  -43.907  -15.754  -11.804 0.0000000000
57793  -44.581  -15.678  -11.510 0.0000000000
57794  -45.570  -15.479  -11.182 0.0000000000
57795  -46.569  -15.371  -11.038 0.0000000000
57796  -47.349  -15.198  -11.125 0.0000000000
57803  -37.741  -15.497  -12.123 0.0000000000
57804  -38.502  -15.518  -12.652 0.0000000000
57805  -39.040  -16.006  -12.804 0.0000000000
57806  -41.817  -15.858  -13.065 0.0000000000
57807  -42.507  -15.792  -12.766 0.0000000000
57808  -43.441  -15.627  -12.434 0.0000000000
57809  -44.372  -15.274  -12.311 0.0000000000
57810  -45.040  -15.143  -11.882 0.0000000000
57818  -38.794  -15.051  -12.937 0.0000000000
57819  -39.338  -15.467  -13.055 0.0000000000
57820  -40.216  -15.385  -13.478 0.0000000000
57821  -41.207  -15.469  -13.542 0.0000000000
57822  -42.096  -15.330  -13.483 0.0000000000
57823  -42.997  -15.229  -13.307 0.0000000000
57824  -43.858  -15.140  -13.076 0.0000000000
59142  -48.030  -15.230  -10.900 0.0000000000
59157  -46.155  -15.003  -11.451 0.0000000000
59158  -46.788  -14.796  -11.578 0.0000000000
59159  -47.939  -14.545  -11.636 0.0000000000
59171  -37.967  -14.842  -12.324 0.0000000000
59172  -38.478  -14.450  -12.680 0.0000000000
59173  -38.903  -14.127  -13.075 0.0000000000
59174  -44.981  -14.889  -12.367 0.0000000000
59175  -45.781  -14.573  -12.212 0.0000000000
59176  -47.016  -14.282  -12.205 0.0000000000
59187  -38.978  -14.721  -13.092 0.0000000000
59188  -39.466  -14.475  -13.469 0.0000000000
59189  -40.411  -14.498  -14.040 0.0000000000
59190  -41.504  -14.740  -14.081 0.0000000000
59191  -42.445  -14.686  -13.989 0.0000000000
59192  -43.495  -14.455  -13.869 0.0000000000
59193  -44.726  -14.574  -13.103 0.0000000000
59194  -45.433  -14.238  -13.011 0.0000000000
59202  -41.014  -14.014  -14.386 0.0000000000
59203  -41.798  -14.035  -14.432 0.0000000000
59204  -42.665  -14.008  -14.414 0.0000000000
59205  -43.195  -13.944  -14.371 0.0000000000
60504  -38.717  -13.546  -12.618 0.0000000000
60505  -45.839  -14.011  -13.024 0.0000000000
60506  -46.499  -13.925  -12.814 0.0000000000
60519  -39.140  -13.497  -13.114 0.0000000000
60520  -39.660  -13.506  -13.672 0.0000000000
60521  -43.583  -13.821  -14.353 0.0000000000
60522  -44.286  -13.868  -14.004 0.0000000000
60523  -45.287  -13.660  -13.621 0.0000000000
60524  -46.092  -13.530  -13.373 0.0000000000
60536  -40.331  -13.340  -14.186 0.0000000000
60537  -41.130  -13.265  -14.544 0.0000000000
60538  -41.999  -13.290  -14.763 0.0000000000
60539  -42.991  -13.417  -14.803 0.0000000000
60540  -43.878  -13.327  -14.656 0.0000000000
60541  -44.654  -13.258  -14.348 0.0000000000
61862  -39.397  -12.963  -13.123 0.0000000000
61863  -39.855  -12.421  -13.268 0.0000000000
61876  -40.564  -12.431  -14.135 0.0000000000
61877  -41.286  -12.403  -14.675 0.0000000000
61878  -42.204  -12.376  -15.177 0.0000000000
61879  -43.323  -12.669  -15.203 0.0000000000
