#!ascii label  , from subject cvs_avg35_inMNI152 vox2ras=TkReg
221
132077  -5.234  69.350  13.051 0.0000000000
132083  -5.462  69.117  12.369 0.0000000000
132088  -5.643  69.285  11.664 0.0000000000
132554  -4.686  70.602  14.047 0.0000000000
132558  -4.981  70.411  13.275 0.0000000000
132565  -5.350  70.189  12.317 0.0000000000
132573  -5.692  70.340  11.317 0.0000000000
132574  -6.067  70.332  10.425 0.0000000000
132585  -6.308  70.338  9.537 0.0000000000
133057  -4.404  71.573  15.335 0.0000000000
133060  -4.474  71.570  14.431 0.0000000000
133061  -4.694  71.451  13.592 0.0000000000
133064  -5.033  71.364  12.788 0.0000000000
133067  -5.277  71.376  11.855 0.0000000000
133070  -5.677  71.425  10.836 0.0000000000
133071  -6.072  71.077  10.040 0.0000000000
133081  -5.867  71.803  10.079 0.0000000000
133082  -6.247  71.394  9.281 0.0000000000
133515  -4.424  72.521  15.988 0.0000000000
133518  -4.319  72.554  15.026 0.0000000000
133521  -4.363  72.560  13.975 0.0000000000
133522  -4.693  72.160  13.201 0.0000000000
133525  -4.504  72.900  13.238 0.0000000000
133526  -4.851  72.467  12.484 0.0000000000
133529  -5.138  72.419  11.488 0.0000000000
133532  -5.406  72.492  10.584 0.0000000000
133541  -5.675  72.491  9.566 0.0000000000
133542  -6.094  72.037  8.739 0.0000000000
133549  -5.673  72.714  8.566 0.0000000000
133550  -6.032  72.035  7.962 0.0000000000
133557  -5.650  72.562  7.453 0.0000000000
133558  -6.006  72.022  7.470 0.0000000000
133567  -4.957  73.322  6.298 0.0000000000
133568  -5.296  72.760  6.351 0.0000000000
133581  -4.889  73.236  5.854 0.0000000000
133582  -5.304  72.481  5.345 0.0000000000
133595  -4.806  73.120  5.100 0.0000000000
133958  -4.800  72.994  17.288 0.0000000000
133959  -5.231  73.540  17.734 0.0000000000
133963  -4.765  73.439  16.709 0.0000000000
133964  -5.128  73.900  17.087 0.0000000000
133967  -4.461  73.412  15.726 0.0000000000
133970  -4.284  73.592  14.783 0.0000000000
133973  -4.278  73.702  13.769 0.0000000000
133975  -4.520  73.581  12.854 0.0000000000
133976  -4.740  73.369  12.000 0.0000000000
133977  -9.833  73.691  12.847 0.0000000000
133978  -10.132  73.320  12.359 0.0000000000
133979  -4.952  73.337  11.190 0.0000000000
133980  -9.897  73.900  11.863 0.0000000000
133981  -10.326  73.339  11.647 0.0000000000
133982  -5.162  73.439  10.323 0.0000000000
133983  -10.009  74.004  10.936 0.0000000000
133984  -10.490  73.430  10.712 0.0000000000
133990  -5.278  73.542  9.334 0.0000000000
133991  -10.060  74.077  9.952 0.0000000000
133992  -10.469  73.435  9.729 0.0000000000
133997  -5.244  73.604  8.272 0.0000000000
133998  -9.990  74.048  8.946 0.0000000000
134004  -4.772  74.146  7.034 0.0000000000
134005  -5.037  73.656  7.183 0.0000000000
134013  -4.699  73.876  6.485 0.0000000000
134014  -4.997  73.408  6.567 0.0000000000
134023  -4.468  73.878  5.621 0.0000000000
134030  -4.495  73.813  4.815 0.0000000000
134357  -5.329  74.035  17.209 0.0000000000
134358  -5.749  74.269  17.441 0.0000000000
134360  -4.723  73.910  16.189 0.0000000000
134361  -5.193  74.426  16.639 0.0000000000
134362  -6.218  74.891  17.038 0.0000000000
134365  -4.648  74.256  15.605 0.0000000000
134366  -5.103  75.091  15.595 0.0000000000
134367  -7.810  75.002  16.627 0.0000000000
134368  -8.391  74.799  16.298 0.0000000000
134369  -4.530  74.875  14.539 0.0000000000
134370  -5.130  75.475  14.958 0.0000000000
134371  -8.822  74.994  15.286 0.0000000000
134372  -9.229  74.530  14.691 0.0000000000
134373  -4.393  74.595  13.318 0.0000000000
134374  -9.001  75.132  14.197 0.0000000000
134375  -9.395  74.447  13.976 0.0000000000
134376  -4.522  74.383  12.324 0.0000000000
134377  -4.712  74.001  11.673 0.0000000000
134378  -9.079  74.964  13.309 0.0000000000
134379  -9.411  74.327  13.127 0.0000000000
134380  -4.630  74.554  11.705 0.0000000000
134381  -4.854  74.315  11.092 0.0000000000
134382  -9.113  74.760  12.656 0.0000000000
134383  -9.409  74.416  12.215 0.0000000000
134384  -4.950  74.467  10.125 0.0000000000
134385  -9.515  74.514  11.255 0.0000000000
134389  -5.010  74.561  9.061 0.0000000000
134390  -9.527  74.608  10.271 0.0000000000
134394  -4.677  75.157  7.684 0.0000000000
134395  -4.883  74.640  7.944 0.0000000000
134396  -9.453  74.645  9.248 0.0000000000
134400  -4.602  74.782  7.121 0.0000000000
134401  -4.810  74.298  7.331 0.0000000000
134402  -9.352  74.653  8.194 0.0000000000
134406  -4.300  74.726  6.184 0.0000000000
134409  -4.217  74.674  5.293 0.0000000000
134714  -5.899  75.351  16.221 0.0000000000
134715  -6.882  75.342  16.515 0.0000000000
134716  -7.441  75.170  16.588 0.0000000000
134717  -5.735  75.721  15.298 0.0000000000
134718  -6.689  75.825  15.700 0.0000000000
134719  -7.698  75.459  15.996 0.0000000000
134720  -8.334  75.267  15.742 0.0000000000
134721  -4.667  75.474  13.634 0.0000000000
134722  -5.381  76.017  14.288 0.0000000000
134723  -6.425  76.260  14.843 0.0000000000
134724  -7.521  76.148  14.975 0.0000000000
134725  -8.208  75.628  15.311 0.0000000000
134726  -4.567  75.349  12.753 0.0000000000
134727  -5.069  76.174  13.114 0.0000000000
134728  -7.839  76.303  14.423 0.0000000000
134729  -8.339  75.885  14.419 0.0000000000
134730  -4.620  75.131  11.910 0.0000000000
134731  -4.893  76.006  12.096 0.0000000000
134732  -8.633  75.623  13.503 0.0000000000
134733  -4.686  74.878  11.450 0.0000000000
134734  -4.844  75.453  11.037 0.0000000000
134735  -8.708  75.387  12.440 0.0000000000
134736  -9.022  74.827  12.227 0.0000000000
134737  -4.858  75.511  9.814 0.0000000000
134738  -8.554  75.667  11.299 0.0000000000
134739  -9.012  74.949  11.663 0.0000000000
134740  -4.591  75.982  8.244 0.0000000000
134741  -4.792  75.592  8.765 0.0000000000
134742  -8.435  75.866  10.227 0.0000000000
134743  -9.024  75.140  10.707 0.0000000000
134744  -4.452  75.737  7.597 0.0000000000
134745  -4.697  75.432  8.056 0.0000000000
134746  -8.350  75.998  9.175 0.0000000000
134747  -8.954  75.259  9.676 0.0000000000
134748  -4.227  75.654  6.721 0.0000000000
134749  -8.425  76.173  8.233 0.0000000000
134750  -8.870  75.370  8.628 0.0000000000
134751  -4.166  75.596  5.819 0.0000000000
134752  -8.527  76.391  7.713 0.0000000000
134753  -8.815  75.703  7.475 0.0000000000
134754  -4.272  75.545  4.934 0.0000000000
135096  -6.288  76.628  14.136 0.0000000000
135097  -7.082  76.578  14.326 0.0000000000
135098  -7.571  76.429  14.400 0.0000000000
135099  -5.882  76.777  13.395 0.0000000000
135100  -6.850  76.928  13.541 0.0000000000
135101  -7.740  76.468  13.808 0.0000000000
135102  -8.278  76.084  13.685 0.0000000000
135103  -5.611  76.906  12.297 0.0000000000
135104  -6.516  77.206  12.663 0.0000000000
135105  -7.511  76.922  12.561 0.0000000000
135106  -8.187  76.144  12.992 0.0000000000
135107  -5.161  76.689  11.318 0.0000000000
135108  -7.789  77.031  11.547 0.0000000000
135109  -8.191  76.312  11.956 0.0000000000
135110  -4.957  76.497  10.349 0.0000000000
135111  -7.687  77.237  10.653 0.0000000000
135112  -8.073  76.491  10.898 0.0000000000
135113  -4.665  76.515  8.696 0.0000000000
135114  -4.800  76.443  9.430 0.0000000000
135115  -7.611  77.487  10.047 0.0000000000
135116  -7.943  76.893  9.766 0.0000000000
135117  -4.482  76.597  8.015 0.0000000000
135118  -8.094  76.863  8.763 0.0000000000
135119  -4.278  76.569  7.215 0.0000000000
135120  -8.251  76.974  7.942 0.0000000000
135121  -4.210  76.542  6.320 0.0000000000
135122  -8.654  76.804  7.366 0.0000000000
135123  -8.954  76.631  6.709 0.0000000000
135124  -4.371  76.423  5.491 0.0000000000
135494  -6.310  77.424  11.907 0.0000000000
135495  -6.974  77.371  11.923 0.0000000000
135496  -7.417  77.217  11.838 0.0000000000
135497  -5.835  77.521  11.309 0.0000000000
135498  -6.629  77.833  11.178 0.0000000000
135499  -7.319  77.469  11.269 0.0000000000
135500  -5.377  77.359  10.633 0.0000000000
135501  -6.767  78.112  10.624 0.0000000000
135502  -7.223  77.899  10.396 0.0000000000
135503  -4.761  77.080  9.113 0.0000000000
135504  -5.031  77.372  9.733 0.0000000000
135505  -7.584  77.860  9.393 0.0000000000
135506  -7.872  77.374  9.100 0.0000000000
135507  -4.674  77.317  8.541 0.0000000000
135508  -4.920  77.598  9.069 0.0000000000
135509  -7.658  78.153  8.912 0.0000000000
135510  -7.934  77.841  8.547 0.0000000000
135511  -4.468  77.381  7.739 0.0000000000
135512  -8.678  77.898  7.586 0.0000000000
135513  -9.105  78.464  7.272 0.0000000000
135514  -4.372  77.411  6.863 0.0000000000
135515  -8.899  77.296  7.066 0.0000000000
135517  -4.575  77.469  5.868 0.0000000000
135850  -5.890  77.788  11.079 0.0000000000
135851  -6.075  77.943  11.056 0.0000000000
135852  -5.813  77.845  10.816 0.0000000000
135853  -6.281  78.131  10.569 0.0000000000
135854  -6.743  78.249  10.218 0.0000000000
135855  -5.646  77.976  10.143 0.0000000000
135856  -6.261  78.380  9.773 0.0000000000
135857  -7.017  78.440  9.626 0.0000000000
135858  -4.904  77.827  8.780 0.0000000000
135859  -5.390  78.196  9.113 0.0000000000
135860  -6.428  78.883  8.797 0.0000000000
135861  -7.517  78.658  8.816 0.0000000000
135862  -8.252  78.792  8.164 0.0000000000
135863  -4.799  78.039  8.315 0.0000000000
135864  -5.451  78.777  7.990 0.0000000000
135865  -6.132  79.125  8.116 0.0000000000
135866  -8.892  78.956  7.615 0.0000000000
135868  -4.659  78.169  7.446 0.0000000000
135869  -5.065  78.698  7.051 0.0000000000
135872  -4.656  78.107  6.655 0.0000000000
136162  -6.571  79.270  8.099 0.0000000000
136163  -7.079  79.242  8.366 0.0000000000
136164  -7.668  79.252  8.166 0.0000000000
136165  -5.526  78.995  7.331 0.0000000000
136166  -6.089  79.227  7.531 0.0000000000
136167  -7.057  79.466  7.622 0.0000000000
136170  -5.566  79.098  6.789 0.0000000000
