#!ascii label  , from subject cvs_avg35_inMNI152 vox2ras=TkReg
219
119557  -7.025  47.325  17.526 0.0000000000
119565  -6.687  47.401  16.368 0.0000000000
120210  -6.977  48.678  23.229 0.0000000000
120216  -6.859  49.024  22.671 0.0000000000
120217  -7.287  48.339  22.480 0.0000000000
120222  -6.956  49.063  21.832 0.0000000000
120223  -7.307  48.323  21.356 0.0000000000
120236  -6.785  48.966  20.811 0.0000000000
120237  -7.233  48.301  20.276 0.0000000000
120251  -6.467  48.824  19.771 0.0000000000
120252  -7.001  48.253  19.140 0.0000000000
120265  -5.424  48.920  18.283 0.0000000000
120266  -5.874  48.747  18.601 0.0000000000
120267  -6.552  47.977  18.092 0.0000000000
120273  -5.338  48.839  17.888 0.0000000000
120274  -5.781  48.386  17.562 0.0000000000
120275  -6.264  47.876  17.068 0.0000000000
120283  -5.231  48.770  17.114 0.0000000000
120284  -5.675  48.513  16.578 0.0000000000
120285  -6.164  48.075  16.267 0.0000000000
120295  -5.918  48.559  15.925 0.0000000000
120296  -6.480  48.301  15.532 0.0000000000
120917  -4.585  50.039  26.572 0.0000000000
120918  -5.204  49.422  26.367 0.0000000000
120921  -5.536  49.755  25.098 0.0000000000
120924  -5.790  49.970  24.010 0.0000000000
120925  -6.150  49.068  24.554 0.0000000000
120930  -5.874  50.106  22.926 0.0000000000
120931  -6.415  49.279  23.401 0.0000000000
120938  -5.821  50.137  21.867 0.0000000000
120939  -6.427  49.572  22.346 0.0000000000
120952  -5.640  49.996  20.862 0.0000000000
120953  -6.296  49.530  21.344 0.0000000000
120965  -5.460  49.817  19.937 0.0000000000
120966  -6.038  49.358  20.373 0.0000000000
120972  -5.248  49.627  19.151 0.0000000000
120973  -5.755  49.243  19.450 0.0000000000
120982  -5.129  49.284  18.364 0.0000000000
120983  -5.492  49.204  18.885 0.0000000000
120991  -4.506  49.949  16.926 0.0000000000
120992  -4.829  49.268  17.392 0.0000000000
121006  -4.661  50.016  16.415 0.0000000000
121007  -5.058  49.441  16.260 0.0000000000
121008  -5.594  48.899  16.014 0.0000000000
121024  -5.450  49.888  15.580 0.0000000000
121025  -5.888  49.280  15.482 0.0000000000
121026  -6.661  49.271  15.031 0.0000000000
121665  -4.108  50.585  26.618 0.0000000000
121666  -4.598  50.317  26.145 0.0000000000
121668  -3.646  51.222  26.242 0.0000000000
121669  -4.147  50.966  25.679 0.0000000000
121670  -4.863  50.390  25.443 0.0000000000
121675  -4.410  50.976  24.800 0.0000000000
121676  -5.119  50.561  24.482 0.0000000000
121682  -4.647  51.137  23.962 0.0000000000
121683  -5.261  50.677  23.472 0.0000000000
121695  -4.794  51.243  23.010 0.0000000000
121696  -5.276  50.709  22.423 0.0000000000
121709  -4.806  51.248  21.950 0.0000000000
121710  -5.206  50.664  21.354 0.0000000000
121717  -4.687  51.215  20.773 0.0000000000
121718  -5.063  50.467  20.324 0.0000000000
121729  -4.513  50.825  19.550 0.0000000000
121730  -4.978  50.167  19.542 0.0000000000
121743  -4.223  50.755  18.422 0.0000000000
121744  -4.687  50.065  18.821 0.0000000000
121756  -4.195  50.715  17.394 0.0000000000
121757  -4.474  49.941  17.885 0.0000000000
121773  -4.542  50.690  16.447 0.0000000000
121774  -4.758  50.133  16.153 0.0000000000
121789  -4.796  51.103  16.017 0.0000000000
121790  -5.102  50.555  15.761 0.0000000000
121791  -5.964  50.423  15.128 0.0000000000
121792  -6.357  49.812  15.069 0.0000000000
121806  -6.481  50.905  14.813 0.0000000000
121807  -6.896  50.330  14.755 0.0000000000
122405  -3.068  51.675  26.426 0.0000000000
122408  -3.567  51.682  25.560 0.0000000000
122409  -3.970  51.398  25.010 0.0000000000
122416  -3.769  51.791  24.716 0.0000000000
122417  -4.128  51.469  24.370 0.0000000000
122427  -3.942  51.772  24.151 0.0000000000
122428  -4.319  51.674  23.642 0.0000000000
122439  -4.490  51.717  22.630 0.0000000000
122445  -4.569  51.703  21.565 0.0000000000
122452  -4.562  51.753  20.754 0.0000000000
122459  -4.495  51.639  19.965 0.0000000000
122466  -4.201  51.589  18.963 0.0000000000
122473  -4.008  51.583  17.902 0.0000000000
122481  -4.172  51.586  16.920 0.0000000000
122496  -4.565  51.632  16.199 0.0000000000
122497  -5.036  51.574  15.705 0.0000000000
122498  -5.596  51.371  15.278 0.0000000000
122510  -6.175  51.415  14.907 0.0000000000
122511  -6.868  51.486  14.589 0.0000000000
123064  -2.703  52.358  26.568 0.0000000000
123065  -3.132  52.365  25.923 0.0000000000
123069  -3.620  52.408  25.104 0.0000000000
123070  -3.943  52.758  24.965 0.0000000000
123078  -3.849  52.118  24.258 0.0000000000
123079  -4.031  52.531  24.470 0.0000000000
123090  -4.005  51.941  23.830 0.0000000000
123091  -4.419  52.344  23.492 0.0000000000
123092  -5.011  52.834  23.268 0.0000000000
123100  -4.646  52.136  22.165 0.0000000000
123101  -5.087  52.632  22.603 0.0000000000
123107  -4.651  52.078  21.157 0.0000000000
123108  -5.140  52.457  21.576 0.0000000000
123115  -4.645  52.043  20.325 0.0000000000
123116  -5.021  52.349  20.611 0.0000000000
123121  -4.580  52.283  19.450 0.0000000000
123122  -4.876  52.275  20.005 0.0000000000
123128  -4.267  52.387  18.386 0.0000000000
123136  -4.116  52.487  17.328 0.0000000000
123145  -4.355  52.460  16.435 0.0000000000
123158  -4.790  52.405  15.796 0.0000000000
123159  -5.474  52.400  15.284 0.0000000000
123160  -5.886  51.904  15.060 0.0000000000
123169  -5.825  52.981  15.024 0.0000000000
123170  -6.297  52.436  14.830 0.0000000000
123659  -3.119  53.294  26.532 0.0000000000
123660  -3.874  53.709  26.279 0.0000000000
123664  -3.447  52.817  25.759 0.0000000000
123665  -4.090  53.271  25.553 0.0000000000
123666  -4.648  53.763  25.179 0.0000000000
123672  -4.174  52.940  24.778 0.0000000000
123673  -4.564  53.354  24.725 0.0000000000
123681  -4.415  52.852  24.270 0.0000000000
123682  -4.995  53.241  23.907 0.0000000000
123688  -5.474  53.341  23.026 0.0000000000
123693  -5.656  53.199  22.039 0.0000000000
123699  -5.582  53.030  20.971 0.0000000000
123704  -4.817  52.618  19.320 0.0000000000
123705  -5.206  52.919  19.737 0.0000000000
123710  -4.733  52.849  18.879 0.0000000000
123711  -5.222  53.601  18.700 0.0000000000
123720  -4.652  53.413  17.742 0.0000000000
123721  -5.213  54.017  18.038 0.0000000000
123736  -4.373  53.295  16.649 0.0000000000
123747  -4.647  53.267  15.848 0.0000000000
123748  -5.037  53.047  15.503 0.0000000000
123753  -4.966  53.560  15.381 0.0000000000
123754  -5.398  53.448  15.111 0.0000000000
123755  -6.065  53.551  14.689 0.0000000000
124251  -4.028  54.296  26.885 0.0000000000
124252  -4.604  54.534  26.453 0.0000000000
124256  -4.279  54.024  26.171 0.0000000000
124257  -4.777  54.310  25.729 0.0000000000
124260  -5.095  54.181  24.713 0.0000000000
124267  -5.578  54.248  23.656 0.0000000000
124275  -6.039  54.295  22.520 0.0000000000
124276  -6.244  54.730  21.760 0.0000000000
124283  -6.095  53.913  21.484 0.0000000000
124284  -6.296  54.694  21.097 0.0000000000
124290  -5.942  53.876  20.490 0.0000000000
124291  -6.296  54.845  20.228 0.0000000000
124298  -5.794  54.116  19.476 0.0000000000
124299  -6.220  55.057  19.290 0.0000000000
124308  -5.703  54.550  18.471 0.0000000000
124309  -6.114  55.327  18.605 0.0000000000
124323  -4.693  53.991  16.729 0.0000000000
124324  -5.308  54.597  17.324 0.0000000000
124338  -4.577  53.998  15.958 0.0000000000
124339  -5.050  54.634  16.155 0.0000000000
124345  -4.884  53.966  15.333 0.0000000000
124346  -5.103  54.632  15.345 0.0000000000
124351  -5.110  53.879  15.087 0.0000000000
124352  -5.462  54.450  14.548 0.0000000000
124862  -4.625  54.838  26.870 0.0000000000
124863  -5.044  55.312  26.542 0.0000000000
124867  -5.288  55.253  25.398 0.0000000000
124870  -5.510  55.265  24.334 0.0000000000
124873  -5.838  55.362  23.266 0.0000000000
124878  -6.106  55.580  22.089 0.0000000000
124879  -6.275  55.185  21.515 0.0000000000
124885  -6.053  56.112  21.596 0.0000000000
124886  -6.239  55.688  21.061 0.0000000000
124892  -6.328  55.823  19.985 0.0000000000
124899  -6.276  55.914  19.080 0.0000000000
124913  -5.878  55.299  17.951 0.0000000000
124914  -6.079  55.924  18.301 0.0000000000
124926  -5.721  55.702  17.337 0.0000000000
124927  -5.902  55.853  17.816 0.0000000000
124934  -5.444  55.450  16.493 0.0000000000
124939  -5.255  55.473  15.507 0.0000000000
124942  -5.192  55.479  14.612 0.0000000000
124945  -5.336  55.453  13.837 0.0000000000
125467  -5.455  56.251  24.989 0.0000000000
125470  -5.575  56.313  23.955 0.0000000000
125473  -5.715  56.461  22.911 0.0000000000
125476  -5.766  56.672  21.912 0.0000000000
125477  -5.977  56.443  21.285 0.0000000000
125480  -5.740  57.003  21.240 0.0000000000
125481  -6.059  56.698  20.584 0.0000000000
125491  -6.198  56.688  19.610 0.0000000000
125501  -6.130  56.674  18.709 0.0000000000
125505  -5.751  56.123  17.305 0.0000000000
125506  -5.888  56.501  17.646 0.0000000000
125510  -5.670  56.159  16.908 0.0000000000
125511  -5.797  56.887  16.664 0.0000000000
125516  -5.503  56.261  16.004 0.0000000000
126026  -5.366  57.293  23.605 0.0000000000
126028  -5.372  57.465  22.602 0.0000000000
126031  -5.444  57.632  21.658 0.0000000000
126039  -5.648  57.629  20.785 0.0000000000
126040  -5.951  57.500  20.002 0.0000000000
126051  -6.081  57.478  19.242 0.0000000000
126057  -5.994  57.541  18.346 0.0000000000
126061  -5.929  57.624  17.346 0.0000000000
126619  -4.873  58.517  22.239 0.0000000000
126626  -5.198  58.488  21.147 0.0000000000
126637  -5.626  58.507  20.079 0.0000000000
126638  -5.930  57.987  19.621 0.0000000000
126647  -5.737  58.950  19.545 0.0000000000
126648  -5.939  58.467  19.086 0.0000000000
126652  -5.976  58.508  17.979 0.0000000000
127248  -5.760  59.258  19.205 0.0000000000
127251  -5.653  59.837  19.092 0.0000000000
127252  -5.867  59.462  18.495 0.0000000000
