#!ascii label  , from subject cvs_avg35_inMNI152 vox2ras=TkReg
206
50735  -48.338  -21.287  -6.091 0.0000000000
50736  -49.330  -21.311  -6.163 0.0000000000
50737  -49.914  -21.266  -6.207 0.0000000000
51874  -55.240  -20.950  -3.779 0.0000000000
51888  -53.707  -21.037  -4.554 0.0000000000
51889  -54.787  -20.858  -4.657 0.0000000000
51890  -55.753  -20.688  -4.507 0.0000000000
51891  -56.699  -20.757  -4.435 0.0000000000
51901  -50.373  -21.152  -6.275 0.0000000000
51902  -51.174  -21.336  -5.928 0.0000000000
51903  -52.311  -21.115  -5.802 0.0000000000
51904  -53.247  -20.795  -5.577 0.0000000000
51905  -54.288  -20.369  -5.712 0.0000000000
51906  -55.382  -20.323  -5.343 0.0000000000
51907  -56.314  -20.289  -5.187 0.0000000000
51908  -57.295  -20.336  -5.166 0.0000000000
51909  -58.394  -20.314  -5.096 0.0000000000
51919  -47.881  -20.695  -6.673 0.0000000000
51920  -48.893  -20.744  -6.679 0.0000000000
51921  -49.844  -20.774  -6.616 0.0000000000
51922  -50.817  -20.523  -6.829 0.0000000000
51923  -51.910  -20.622  -6.572 0.0000000000
51924  -52.908  -20.409  -6.321 0.0000000000
51925  -53.575  -20.320  -6.118 0.0000000000
51942  -48.520  -20.160  -7.300 0.0000000000
51943  -49.514  -20.231  -7.226 0.0000000000
51944  -50.151  -20.344  -7.076 0.0000000000
53023  -54.533  -19.707  -6.260 0.0000000000
53024  -55.157  -19.779  -6.061 0.0000000000
53025  -56.002  -19.724  -5.803 0.0000000000
53026  -56.856  -19.715  -5.735 0.0000000000
53027  -57.863  -19.431  -5.793 0.0000000000
53028  -59.003  -19.547  -5.560 0.0000000000
53029  -59.933  -19.412  -5.261 0.0000000000
53038  -51.050  -20.030  -7.324 0.0000000000
53039  -51.633  -20.084  -7.230 0.0000000000
53040  -52.561  -19.893  -7.009 0.0000000000
53041  -53.808  -19.480  -6.681 0.0000000000
53042  -54.862  -19.116  -6.439 0.0000000000
53043  -55.731  -19.023  -6.227 0.0000000000
53044  -56.596  -19.089  -6.090 0.0000000000
53045  -57.174  -19.199  -6.008 0.0000000000
53057  -49.250  -19.392  -7.915 0.0000000000
53058  -50.450  -19.761  -7.520 0.0000000000
53059  -51.291  -19.620  -7.500 0.0000000000
53060  -52.042  -19.349  -7.523 0.0000000000
53061  -52.910  -19.103  -7.320 0.0000000000
54133  -58.129  -18.777  -6.151 0.0000000000
54134  -58.762  -18.883  -6.054 0.0000000000
54135  -59.679  -18.891  -5.835 0.0000000000
54142  -54.137  -18.674  -7.077 0.0000000000
54143  -54.599  -18.617  -6.860 0.0000000000
54144  -55.441  -18.239  -6.751 0.0000000000
54145  -56.417  -18.382  -6.501 0.0000000000
54146  -57.463  -18.558  -6.311 0.0000000000
54147  -58.507  -18.223  -6.360 0.0000000000
54148  -59.461  -18.242  -6.230 0.0000000000
54149  -60.097  -18.373  -5.966 0.0000000000
54155  -49.624  -18.780  -8.284 0.0000000000
54156  -50.228  -18.903  -8.125 0.0000000000
54157  -51.279  -18.902  -7.909 0.0000000000
54158  -52.505  -18.390  -7.972 0.0000000000
54159  -53.640  -18.432  -7.456 0.0000000000
54160  -54.446  -18.118  -7.220 0.0000000000
54161  -54.902  -18.097  -6.994 0.0000000000
54172  -49.053  -18.500  -8.487 0.0000000000
54173  -49.907  -18.284  -8.543 0.0000000000
54174  -50.777  -18.210  -8.432 0.0000000000
54175  -51.623  -18.125  -8.339 0.0000000000
55217  -60.928  -17.758  -5.573 0.0000000000
55226  -55.670  -17.580  -6.906 0.0000000000
55227  -56.207  -17.652  -6.809 0.0000000000
55228  -57.072  -17.698  -6.737 0.0000000000
55229  -58.043  -17.581  -6.649 0.0000000000
55230  -59.258  -17.255  -6.665 0.0000000000
55231  -60.424  -17.642  -6.083 0.0000000000
55239  -52.788  -17.718  -8.273 0.0000000000
55240  -53.339  -17.726  -8.055 0.0000000000
55241  -54.199  -17.414  -7.685 0.0000000000
55242  -55.111  -17.429  -7.137 0.0000000000
55243  -55.931  -17.040  -6.973 0.0000000000
55244  -56.722  -16.991  -6.945 0.0000000000
55245  -57.586  -16.936  -6.944 0.0000000000
55246  -58.419  -16.848  -6.936 0.0000000000
55254  -49.376  -17.748  -8.901 0.0000000000
55255  -50.283  -17.492  -8.916 0.0000000000
55256  -51.253  -17.518  -8.706 0.0000000000
55257  -52.205  -17.495  -8.502 0.0000000000
55258  -52.982  -17.156  -8.370 0.0000000000
55259  -53.642  -17.014  -8.157 0.0000000000
55272  -49.558  -17.141  -9.239 0.0000000000
56419  -59.650  -16.505  -6.790 0.0000000000
56420  -60.337  -16.555  -6.581 0.0000000000
56433  -54.842  -16.734  -7.610 0.0000000000
56434  -55.613  -16.423  -7.400 0.0000000000
56435  -56.379  -16.398  -7.191 0.0000000000
56436  -57.185  -16.303  -7.184 0.0000000000
56437  -58.098  -16.184  -7.155 0.0000000000
56438  -59.095  -16.193  -6.971 0.0000000000
56439  -59.893  -16.003  -6.835 0.0000000000
56448  -50.890  -16.938  -9.085 0.0000000000
56449  -51.654  -16.820  -8.925 0.0000000000
56450  -52.484  -16.633  -8.727 0.0000000000
56451  -53.367  -16.339  -8.564 0.0000000000
56452  -54.250  -16.399  -8.115 0.0000000000
56453  -55.040  -16.048  -7.841 0.0000000000
56467  -49.124  -16.648  -9.618 0.0000000000
56468  -50.103  -16.570  -9.411 0.0000000000
56469  -51.047  -16.229  -9.266 0.0000000000
56470  -51.914  -16.047  -9.060 0.0000000000
56471  -52.699  -15.917  -8.908 0.0000000000
57719  -56.150  -15.994  -7.458 0.0000000000
57720  -56.722  -15.794  -7.513 0.0000000000
57721  -57.636  -15.611  -7.565 0.0000000000
57722  -58.715  -15.325  -7.574 0.0000000000
57723  -59.746  -15.436  -7.299 0.0000000000
57738  -53.957  -15.878  -8.578 0.0000000000
57739  -54.680  -15.379  -8.503 0.0000000000
57740  -55.945  -15.515  -7.982 0.0000000000
57741  -57.089  -15.157  -8.050 0.0000000000
57742  -58.037  -14.960  -8.055 0.0000000000
57743  -58.586  -14.835  -7.996 0.0000000000
57758  -49.400  -16.023  -10.045 0.0000000000
57759  -50.377  -15.628  -9.825 0.0000000000
57760  -51.350  -15.482  -9.502 0.0000000000
57761  -52.278  -15.320  -9.329 0.0000000000
57762  -53.456  -15.313  -9.058 0.0000000000
57763  -54.271  -14.749  -9.119 0.0000000000
57778  -49.524  -15.202  -10.335 0.0000000000
57779  -50.260  -14.892  -10.215 0.0000000000
59100  -59.004  -14.718  -8.002 0.0000000000
59101  -59.581  -14.796  -7.781 0.0000000000
59102  -60.442  -14.710  -7.628 0.0000000000
59113  -54.931  -14.571  -8.985 0.0000000000
59114  -55.672  -14.695  -8.702 0.0000000000
59115  -56.617  -14.684  -8.569 0.0000000000
59116  -57.590  -14.406  -8.720 0.0000000000
59117  -58.608  -14.383  -8.439 0.0000000000
59118  -59.544  -14.298  -8.296 0.0000000000
59119  -60.078  -14.448  -8.070 0.0000000000
59129  -50.871  -14.988  -9.887 0.0000000000
59130  -51.619  -14.747  -9.782 0.0000000000
59131  -52.605  -14.408  -9.693 0.0000000000
59132  -53.661  -14.305  -9.509 0.0000000000
59133  -54.570  -14.063  -9.454 0.0000000000
59134  -55.488  -14.031  -9.335 0.0000000000
59135  -56.407  -14.157  -9.141 0.0000000000
59136  -57.008  -14.264  -8.983 0.0000000000
59143  -48.819  -14.861  -10.907 0.0000000000
59144  -49.757  -14.412  -10.816 0.0000000000
59145  -50.838  -14.353  -10.380 0.0000000000
59146  -51.841  -14.082  -10.180 0.0000000000
59147  -52.350  -13.959  -10.048 0.0000000000
59160  -49.060  -14.231  -11.374 0.0000000000
59161  -49.544  -14.037  -11.240 0.0000000000
60457  -57.729  -14.001  -9.064 0.0000000000
60458  -58.179  -13.856  -8.991 0.0000000000
60459  -59.260  -13.439  -8.871 0.0000000000
60460  -60.636  -13.738  -8.278 0.0000000000
60467  -52.597  -13.891  -9.992 0.0000000000
60468  -53.082  -13.763  -9.935 0.0000000000
60469  -53.989  -13.558  -9.943 0.0000000000
60470  -55.086  -13.213  -10.011 0.0000000000
60471  -56.216  -13.363  -9.645 0.0000000000
60472  -57.374  -13.607  -9.293 0.0000000000
60473  -58.425  -13.120  -9.307 0.0000000000
60474  -58.992  -12.899  -9.276 0.0000000000
60479  -49.787  -13.957  -11.169 0.0000000000
60480  -50.284  -13.833  -11.022 0.0000000000
60481  -51.266  -13.551  -10.829 0.0000000000
60482  -52.387  -13.526  -10.446 0.0000000000
60483  -53.337  -13.184  -10.471 0.0000000000
60484  -54.208  -12.913  -10.470 0.0000000000
60485  -54.800  -12.615  -10.471 0.0000000000
60496  -50.525  -13.235  -11.425 0.0000000000
61797  -59.403  -12.661  -9.275 0.0000000000
61798  -60.255  -12.527  -9.078 0.0000000000
61812  -55.304  -12.502  -10.394 0.0000000000
61813  -56.009  -12.503  -10.225 0.0000000000
61814  -56.893  -12.636  -9.875 0.0000000000
61815  -57.844  -12.492  -9.666 0.0000000000
61816  -58.828  -12.307  -9.504 0.0000000000
61817  -59.606  -12.047  -9.434 0.0000000000
61829  -51.878  -12.982  -11.167 0.0000000000
61830  -52.721  -12.803  -11.007 0.0000000000
61831  -53.584  -12.449  -10.977 0.0000000000
61832  -54.360  -12.321  -10.823 0.0000000000
61833  -54.987  -12.129  -10.708 0.0000000000
61834  -55.572  -12.035  -10.542 0.0000000000
61846  -52.876  -12.158  -11.295 0.0000000000
63095  -56.608  -12.098  -10.217 0.0000000000
63096  -57.255  -11.735  -10.173 0.0000000000
63097  -58.291  -11.578  -9.921 0.0000000000
63098  -59.249  -11.397  -9.760 0.0000000000
63113  -53.998  -12.039  -11.138 0.0000000000
63114  -54.483  -11.706  -11.130 0.0000000000
63115  -55.300  -11.570  -10.902 0.0000000000
63116  -56.232  -11.520  -10.597 0.0000000000
63117  -57.063  -10.981  -10.649 0.0000000000
64327  -57.855  -10.893  -10.395 0.0000000000
64328  -58.775  -10.754  -10.230 0.0000000000
64343  -54.861  -11.117  -11.230 0.0000000000
64344  -55.544  -10.851  -11.144 0.0000000000
64345  -56.463  -10.440  -11.070 0.0000000000
64346  -57.442  -10.235  -10.846 0.0000000000
64347  -58.336  -10.113  -10.601 0.0000000000
