#!ascii label  , from subject cvs_avg35_inMNI152 vox2ras=TkReg
234
56237  -44.619  -17.019  17.606 0.0000000000
56239  -46.895  -16.507  17.979 0.0000000000
56255  -44.887  -16.366  17.238 0.0000000000
56256  -45.433  -16.284  17.317 0.0000000000
57479  -45.715  -16.226  17.352 0.0000000000
57480  -46.298  -16.069  17.422 0.0000000000
57481  -47.488  -15.796  17.642 0.0000000000
57482  -48.344  -15.058  17.432 0.0000000000
57502  -44.340  -15.796  16.689 0.0000000000
57503  -45.496  -15.792  16.877 0.0000000000
57504  -46.636  -15.443  16.803 0.0000000000
57505  -47.652  -15.069  16.761 0.0000000000
57506  -48.266  -14.584  16.847 0.0000000000
58811  -48.957  -14.693  17.858 0.0000000000
58825  -48.731  -14.264  17.236 0.0000000000
58826  -49.391  -14.003  17.640 0.0000000000
58827  -50.216  -13.807  17.857 0.0000000000
58849  -44.814  -14.961  16.367 0.0000000000
58850  -45.903  -14.855  16.344 0.0000000000
58851  -46.928  -14.614  16.329 0.0000000000
58852  -47.854  -14.162  16.413 0.0000000000
58853  -48.418  -14.082  16.796 0.0000000000
58872  -45.314  -14.269  15.749 0.0000000000
58873  -46.337  -14.137  15.814 0.0000000000
58874  -47.219  -13.922  15.956 0.0000000000
58875  -47.709  -13.777  16.037 0.0000000000
60056  -59.480  -13.694  26.512 0.0000000000
60071  -58.450  -13.787  25.631 0.0000000000
60072  -59.609  -13.419  25.453 0.0000000000
60073  -60.151  -13.084  25.020 0.0000000000
60095  -56.166  -13.280  24.881 0.0000000000
60096  -57.352  -13.315  24.825 0.0000000000
60097  -58.496  -13.256  24.516 0.0000000000
60098  -59.569  -13.243  24.407 0.0000000000
60099  -60.387  -12.924  24.260 0.0000000000
60115  -58.839  -13.158  23.631 0.0000000000
60116  -59.682  -13.186  23.481 0.0000000000
60117  -60.450  -13.005  23.243 0.0000000000
60122  -58.908  -13.281  22.756 0.0000000000
60123  -59.756  -13.269  22.524 0.0000000000
60124  -60.692  -13.029  22.290 0.0000000000
60130  -58.270  -13.297  21.446 0.0000000000
60131  -58.805  -13.419  21.764 0.0000000000
60132  -59.838  -13.275  21.568 0.0000000000
60140  -58.350  -13.314  21.146 0.0000000000
60141  -59.026  -13.377  20.804 0.0000000000
60173  -48.697  -13.864  16.916 0.0000000000
60174  -49.139  -13.659  16.993 0.0000000000
60175  -49.948  -13.471  17.091 0.0000000000
60176  -50.840  -13.382  17.130 0.0000000000
60177  -51.672  -13.513  17.080 0.0000000000
60190  -48.080  -13.623  16.086 0.0000000000
60191  -48.639  -13.576  16.448 0.0000000000
60192  -49.598  -13.112  16.275 0.0000000000
60193  -50.516  -13.009  16.475 0.0000000000
60194  -51.464  -12.952  16.252 0.0000000000
60195  -52.522  -13.438  16.497 0.0000000000
60210  -45.839  -13.461  15.418 0.0000000000
60211  -46.804  -13.384  15.534 0.0000000000
60212  -47.700  -13.326  15.715 0.0000000000
60213  -48.498  -13.161  15.844 0.0000000000
60214  -49.019  -13.146  15.991 0.0000000000
60215  -51.753  -12.543  15.658 0.0000000000
60216  -52.360  -12.756  15.725 0.0000000000
61301  -60.218  -12.861  26.429 0.0000000000
61302  -60.469  -12.469  25.921 0.0000000000
61317  -60.328  -12.981  25.645 0.0000000000
61318  -60.605  -12.527  25.224 0.0000000000
61329  -54.384  -12.801  24.136 0.0000000000
61330  -55.391  -12.700  24.185 0.0000000000
61331  -56.423  -12.760  24.115 0.0000000000
61332  -57.394  -12.853  23.932 0.0000000000
61333  -58.086  -12.900  23.639 0.0000000000
61334  -60.922  -12.273  24.531 0.0000000000
61335  -61.147  -12.056  24.038 0.0000000000
61353  -52.723  -12.433  23.587 0.0000000000
61354  -53.708  -12.378  23.509 0.0000000000
61355  -54.670  -12.308  23.483 0.0000000000
61356  -55.631  -12.286  23.438 0.0000000000
61357  -56.548  -12.462  23.288 0.0000000000
61358  -57.387  -12.684  23.087 0.0000000000
61359  -58.174  -12.933  22.917 0.0000000000
61360  -60.888  -12.562  23.766 0.0000000000
61361  -61.248  -12.173  23.412 0.0000000000
61375  -48.911  -11.848  22.948 0.0000000000
61376  -49.898  -12.028  22.815 0.0000000000
61377  -50.960  -12.177  22.821 0.0000000000
61378  -52.035  -12.105  22.854 0.0000000000
61379  -53.060  -12.058  22.809 0.0000000000
61380  -54.015  -11.964  22.809 0.0000000000
61381  -54.918  -12.039  22.670 0.0000000000
61382  -55.805  -12.100  22.633 0.0000000000
61383  -56.630  -12.398  22.422 0.0000000000
61384  -57.460  -12.820  22.250 0.0000000000
61385  -58.201  -13.175  22.135 0.0000000000
61386  -61.026  -12.726  23.067 0.0000000000
61387  -61.441  -12.394  22.517 0.0000000000
61392  -55.247  -11.938  22.134 0.0000000000
61393  -55.830  -12.052  21.731 0.0000000000
61394  -56.724  -12.589  21.503 0.0000000000
61395  -57.730  -13.127  21.381 0.0000000000
61396  -58.234  -13.266  21.687 0.0000000000
61402  -55.888  -12.297  20.734 0.0000000000
61403  -56.840  -13.000  20.482 0.0000000000
61404  -58.007  -13.257  20.343 0.0000000000
61405  -58.818  -13.237  19.982 0.0000000000
61412  -56.052  -12.624  19.445 0.0000000000
61413  -57.197  -13.037  19.351 0.0000000000
61427  -55.934  -12.429  18.659 0.0000000000
61428  -56.570  -12.523  18.335 0.0000000000
61445  -56.667  -12.218  17.599 0.0000000000
61465  -49.849  -12.664  15.782 0.0000000000
61466  -50.353  -12.710  15.906 0.0000000000
61467  -50.867  -12.753  16.025 0.0000000000
61484  -45.425  -12.718  15.006 0.0000000000
61485  -46.410  -12.691  15.142 0.0000000000
61486  -47.351  -12.655  15.261 0.0000000000
61487  -48.246  -12.583  15.408 0.0000000000
61488  -49.285  -12.490  15.549 0.0000000000
61489  -50.143  -12.273  15.525 0.0000000000
61490  -51.074  -12.306  15.576 0.0000000000
61491  -52.061  -12.116  15.384 0.0000000000
61492  -53.172  -12.261  15.381 0.0000000000
61502  -46.074  -11.989  14.710 0.0000000000
61503  -47.041  -11.995  14.788 0.0000000000
61504  -47.973  -11.995  14.873 0.0000000000
61505  -48.758  -11.967  15.067 0.0000000000
62721  -48.349  -11.308  22.491 0.0000000000
62722  -49.274  -11.324  22.124 0.0000000000
62723  -50.400  -11.489  22.176 0.0000000000
62724  -51.430  -11.669  22.058 0.0000000000
62725  -52.476  -11.628  22.083 0.0000000000
62726  -53.461  -11.673  22.084 0.0000000000
62727  -54.337  -11.792  22.091 0.0000000000
62728  -54.839  -11.864  22.106 0.0000000000
62742  -49.430  -10.958  21.584 0.0000000000
62743  -49.978  -11.061  21.609 0.0000000000
62744  -50.841  -11.139  21.248 0.0000000000
62745  -51.951  -11.217  21.277 0.0000000000
62746  -52.988  -11.314  21.252 0.0000000000
62747  -53.957  -11.593  21.313 0.0000000000
62748  -54.915  -11.814  21.497 0.0000000000
62749  -55.463  -11.953  21.189 0.0000000000
62755  -50.998  -10.846  20.656 0.0000000000
62756  -51.550  -10.886  20.645 0.0000000000
62757  -52.475  -10.862  20.242 0.0000000000
62758  -53.598  -11.321  20.334 0.0000000000
62759  -54.525  -11.709  20.567 0.0000000000
62760  -55.204  -11.904  20.789 0.0000000000
62767  -52.571  -10.684  19.435 0.0000000000
62768  -53.283  -11.011  19.068 0.0000000000
62769  -54.337  -11.629  19.476 0.0000000000
62770  -55.204  -12.040  19.947 0.0000000000
62777  -53.571  -11.029  17.760 0.0000000000
62778  -54.242  -11.457  18.278 0.0000000000
62779  -55.319  -12.006  18.620 0.0000000000
62780  -55.926  -12.292  18.260 0.0000000000
62791  -53.773  -11.010  16.922 0.0000000000
62792  -54.167  -11.242  17.343 0.0000000000
62793  -54.930  -11.491  17.405 0.0000000000
62794  -55.971  -12.031  17.444 0.0000000000
62812  -53.625  -10.918  16.305 0.0000000000
62813  -54.353  -11.142  16.406 0.0000000000
62814  -55.401  -11.434  16.331 0.0000000000
62833  -49.861  -11.933  15.295 0.0000000000
62834  -50.390  -11.543  15.304 0.0000000000
62835  -51.419  -11.425  15.386 0.0000000000
62836  -52.516  -11.438  15.414 0.0000000000
62837  -53.557  -11.289  15.600 0.0000000000
62838  -54.818  -11.486  15.310 0.0000000000
62851  -46.731  -11.230  14.590 0.0000000000
62852  -47.706  -11.256  14.589 0.0000000000
62853  -48.675  -11.293  14.706 0.0000000000
62854  -49.581  -11.450  15.039 0.0000000000
62855  -50.132  -11.070  15.106 0.0000000000
63992  -48.065  -10.784  22.078 0.0000000000
63993  -48.587  -11.058  22.012 0.0000000000
64012  -47.851  -10.364  21.468 0.0000000000
64013  -48.833  -10.678  21.468 0.0000000000
64014  -49.732  -10.610  21.277 0.0000000000
64015  -50.277  -10.733  21.281 0.0000000000
64029  -48.486  -9.931  20.646 0.0000000000
64030  -49.413  -10.258  20.652 0.0000000000
64031  -50.448  -10.475  20.651 0.0000000000
64032  -51.261  -10.595  20.220 0.0000000000
64033  -51.801  -10.657  20.171 0.0000000000
64043  -48.695  -9.638  20.210 0.0000000000
64044  -49.070  -9.812  20.073 0.0000000000
64045  -49.933  -10.086  19.772 0.0000000000
64046  -50.864  -10.324  19.628 0.0000000000
64047  -51.869  -10.492  19.461 0.0000000000
64048  -52.546  -10.608  18.875 0.0000000000
64056  -50.432  -10.005  18.973 0.0000000000
64057  -51.212  -10.255  18.651 0.0000000000
64058  -52.050  -10.415  18.304 0.0000000000
64059  -52.837  -10.664  18.029 0.0000000000
64066  -50.574  -10.005  17.981 0.0000000000
64067  -51.409  -10.257  17.545 0.0000000000
64068  -52.269  -10.493  17.223 0.0000000000
64069  -53.131  -10.742  16.902 0.0000000000
64082  -50.656  -10.068  16.785 0.0000000000
64083  -51.555  -10.419  16.442 0.0000000000
64084  -52.509  -10.634  16.253 0.0000000000
64085  -53.165  -10.818  16.000 0.0000000000
64100  -49.825  -10.353  15.255 0.0000000000
64101  -50.437  -10.537  15.494 0.0000000000
64102  -51.910  -10.796  15.627 0.0000000000
64103  -52.834  -10.936  15.682 0.0000000000
64104  -53.195  -10.966  15.697 0.0000000000
64110  -46.414  -10.461  14.657 0.0000000000
64111  -47.383  -10.487  14.601 0.0000000000
64112  -48.383  -10.530  14.646 0.0000000000
64113  -49.446  -10.536  14.954 0.0000000000
64114  -49.929  -10.857  15.041 0.0000000000
65249  -47.998  -9.559  20.513 0.0000000000
65270  -48.440  -9.385  19.808 0.0000000000
65271  -49.433  -9.621  19.351 0.0000000000
65272  -49.973  -9.771  19.194 0.0000000000
65289  -48.082  -9.054  18.644 0.0000000000
65290  -49.072  -9.408  18.561 0.0000000000
65291  -49.922  -9.656  18.583 0.0000000000
65303  -48.663  -9.281  17.544 0.0000000000
65304  -49.747  -9.656  17.409 0.0000000000
65320  -48.099  -9.230  16.603 0.0000000000
65321  -49.134  -9.571  16.417 0.0000000000
65322  -49.959  -9.946  16.137 0.0000000000
65336  -47.521  -9.441  15.721 0.0000000000
65337  -48.570  -9.624  15.617 0.0000000000
65338  -49.558  -10.023  15.422 0.0000000000
65339  -49.990  -10.168  15.643 0.0000000000
65344  -47.007  -9.802  14.948 0.0000000000
65345  -47.998  -9.823  14.894 0.0000000000
65346  -48.931  -10.001  14.952 0.0000000000
65347  -49.361  -10.125  15.013 0.0000000000
