#!ascii label  , from subject cvs_avg35_inMNI152 vox2ras=TkReg
223
97585  41.994  23.760  36.392 0.0000000000
97595  41.707  23.706  35.276 0.0000000000
97596  41.093  24.024  34.789 0.0000000000
97606  41.785  23.587  34.201 0.0000000000
97607  40.904  23.870  34.054 0.0000000000
97619  41.687  23.397  33.271 0.0000000000
97620  40.753  23.579  33.130 0.0000000000
97621  40.225  23.647  32.798 0.0000000000
97635  40.789  23.279  32.269 0.0000000000
97636  39.979  23.549  32.217 0.0000000000
98653  41.487  24.743  37.157 0.0000000000
98658  40.903  24.588  36.121 0.0000000000
98659  40.258  25.024  35.874 0.0000000000
98665  40.957  24.252  35.321 0.0000000000
98666  40.126  24.602  35.042 0.0000000000
98667  39.272  24.920  34.867 0.0000000000
98673  40.085  24.125  33.790 0.0000000000
98674  39.146  24.654  34.189 0.0000000000
98675  38.729  25.080  33.855 0.0000000000
98680  40.141  23.868  33.205 0.0000000000
98681  39.507  23.975  33.090 0.0000000000
98682  38.805  24.726  33.274 0.0000000000
98688  39.356  23.729  32.460 0.0000000000
98689  38.832  24.057  32.353 0.0000000000
99587  41.240  25.329  38.373 0.0000000000
99588  40.635  25.851  38.644 0.0000000000
99596  41.186  25.831  37.812 0.0000000000
99597  40.889  26.392  38.197 0.0000000000
99605  40.940  25.695  36.869 0.0000000000
99606  40.431  25.609  36.238 0.0000000000
99612  39.873  25.531  35.737 0.0000000000
99613  39.209  25.464  35.225 0.0000000000
99614  38.779  25.683  34.796 0.0000000000
99620  38.929  25.204  34.725 0.0000000000
99621  38.694  25.480  34.287 0.0000000000
99627  38.604  25.541  33.523 0.0000000000
99633  38.569  25.280  32.401 0.0000000000
100450  40.392  26.936  38.221 0.0000000000
100451  39.613  26.614  38.735 0.0000000000
100452  38.773  26.429  39.320 0.0000000000
100453  38.279  26.528  39.661 0.0000000000
100458  40.995  26.855  37.081 0.0000000000
100459  40.933  26.780  37.846 0.0000000000
100466  40.635  26.517  36.406 0.0000000000
100467  40.228  26.365  35.860 0.0000000000
100473  39.578  26.318  35.428 0.0000000000
100474  38.884  26.370  34.895 0.0000000000
100475  38.661  25.970  34.560 0.0000000000
100480  38.805  26.746  34.476 0.0000000000
100481  38.637  26.334  34.116 0.0000000000
100487  38.541  26.360  33.054 0.0000000000
100493  38.451  26.415  31.915 0.0000000000
101181  36.276  28.148  41.383 0.0000000000
101192  36.737  27.750  40.998 0.0000000000
101206  37.495  27.528  39.828 0.0000000000
101207  37.245  27.258  40.529 0.0000000000
101218  40.170  27.494  38.006 0.0000000000
101219  39.576  27.591  38.151 0.0000000000
101220  38.693  27.291  38.734 0.0000000000
101221  38.086  27.030  39.416 0.0000000000
101231  40.863  27.897  36.816 0.0000000000
101232  40.521  27.578  37.624 0.0000000000
101233  40.037  27.760  37.904 0.0000000000
101241  40.807  27.491  36.089 0.0000000000
101242  40.536  26.903  35.912 0.0000000000
101251  40.653  27.748  35.503 0.0000000000
101252  40.173  27.224  35.275 0.0000000000
101253  39.453  26.805  35.049 0.0000000000
101259  39.928  27.509  34.645 0.0000000000
101260  39.244  27.266  34.506 0.0000000000
101261  38.789  26.919  34.225 0.0000000000
101267  39.011  27.623  33.988 0.0000000000
101268  38.768  27.217  33.682 0.0000000000
101274  38.620  27.321  32.548 0.0000000000
101281  38.537  27.426  31.391 0.0000000000
101929  36.180  28.647  41.388 0.0000000000
101930  35.951  28.533  41.636 0.0000000000
101939  36.458  28.615  41.039 0.0000000000
101950  37.339  28.075  39.671 0.0000000000
101951  37.022  28.287  40.232 0.0000000000
101962  39.269  28.145  37.941 0.0000000000
101963  38.685  28.303  38.199 0.0000000000
101964  37.729  28.075  39.078 0.0000000000
101965  37.276  28.430  39.611 0.0000000000
101974  40.953  28.633  36.689 0.0000000000
101975  40.525  28.439  37.197 0.0000000000
101976  39.761  28.300  37.726 0.0000000000
101977  39.136  28.477  37.877 0.0000000000
101983  41.688  28.829  35.774 0.0000000000
101984  41.193  28.370  36.220 0.0000000000
101991  41.786  28.960  34.977 0.0000000000
101992  40.988  28.334  35.357 0.0000000000
101993  40.545  27.854  35.199 0.0000000000
102001  41.835  29.191  34.461 0.0000000000
102002  41.179  28.859  34.230 0.0000000000
102003  40.309  28.032  34.562 0.0000000000
102004  39.770  27.672  34.362 0.0000000000
102011  40.904  28.971  33.577 0.0000000000
102012  40.327  28.723  33.476 0.0000000000
102013  39.477  27.982  33.823 0.0000000000
102014  38.956  27.754  33.691 0.0000000000
102021  40.070  28.867  32.842 0.0000000000
102022  39.493  28.660  32.765 0.0000000000
102023  38.882  27.979  33.136 0.0000000000
102030  39.195  28.837  32.170 0.0000000000
102031  38.801  28.387  32.020 0.0000000000
102640  36.217  28.879  41.300 0.0000000000
102641  36.069  28.975  41.538 0.0000000000
102642  35.720  29.001  41.737 0.0000000000
102650  36.260  29.180  41.220 0.0000000000
102651  35.912  29.467  41.523 0.0000000000
102652  35.189  29.428  41.679 0.0000000000
102662  36.585  29.262  40.609 0.0000000000
102672  38.520  28.844  38.121 0.0000000000
102673  38.033  29.030  38.417 0.0000000000
102674  37.142  29.268  39.505 0.0000000000
102683  41.050  28.924  36.702 0.0000000000
102684  40.769  28.993  36.884 0.0000000000
102685  40.034  29.161  37.264 0.0000000000
102686  38.900  29.209  37.776 0.0000000000
102687  38.163  29.657  38.131 0.0000000000
102693  41.951  29.287  35.965 0.0000000000
102694  41.361  29.155  36.505 0.0000000000
102695  40.538  29.586  36.791 0.0000000000
102696  40.038  29.714  37.021 0.0000000000
102702  42.074  29.339  35.422 0.0000000000
102709  43.079  29.947  34.449 0.0000000000
102710  42.464  29.553  34.553 0.0000000000
102711  41.857  29.337  33.983 0.0000000000
102718  43.221  29.881  33.908 0.0000000000
102719  42.470  29.666  33.235 0.0000000000
102720  41.342  29.257  33.300 0.0000000000
102721  40.763  29.051  33.258 0.0000000000
102729  42.454  29.856  32.415 0.0000000000
102730  41.677  29.721  32.123 0.0000000000
102731  40.536  29.160  32.609 0.0000000000
102732  39.928  28.955  32.534 0.0000000000
102738  41.389  29.929  30.845 0.0000000000
102739  40.615  29.462  31.362 0.0000000000
102740  39.666  29.080  31.909 0.0000000000
102741  39.080  28.926  31.866 0.0000000000
102747  41.273  30.112  30.207 0.0000000000
102748  40.661  29.806  30.055 0.0000000000
102749  39.736  29.315  30.663 0.0000000000
102750  38.980  29.022  31.258 0.0000000000
102756  40.368  29.923  29.317 0.0000000000
103390  36.249  29.743  41.096 0.0000000000
103391  35.766  30.204  41.305 0.0000000000
103392  34.841  30.434  41.249 0.0000000000
103393  34.057  30.351  40.809 0.0000000000
103401  36.418  30.329  40.424 0.0000000000
103402  35.584  31.148  40.797 0.0000000000
103403  34.490  31.273  40.480 0.0000000000
103404  33.727  30.573  39.997 0.0000000000
103414  37.587  29.992  38.543 0.0000000000
103415  36.976  30.712  39.285 0.0000000000
103416  33.930  31.414  39.707 0.0000000000
103417  33.606  30.844  38.967 0.0000000000
103426  39.594  29.734  37.201 0.0000000000
103427  39.059  30.244  37.211 0.0000000000
103428  38.182  30.381  37.785 0.0000000000
103432  42.047  29.563  35.721 0.0000000000
103433  41.834  29.758  36.040 0.0000000000
103434  41.051  30.146  36.327 0.0000000000
103435  39.974  30.298  36.717 0.0000000000
103436  39.232  30.886  36.745 0.0000000000
103442  42.297  29.913  35.458 0.0000000000
103443  41.788  30.413  35.826 0.0000000000
103444  41.184  30.829  35.919 0.0000000000
103451  43.334  30.316  34.258 0.0000000000
103452  42.931  30.315  34.877 0.0000000000
103458  44.039  30.886  33.339 0.0000000000
103459  43.784  30.632  33.588 0.0000000000
103460  43.380  30.031  33.170 0.0000000000
103465  44.145  30.904  33.059 0.0000000000
103466  43.799  30.518  32.742 0.0000000000
103467  43.144  30.032  32.360 0.0000000000
103468  42.502  30.038  31.908 0.0000000000
103475  44.279  30.992  32.441 0.0000000000
103476  43.889  30.706  31.813 0.0000000000
103477  43.037  30.393  31.433 0.0000000000
103478  42.163  30.319  31.204 0.0000000000
103484  43.555  30.853  30.992 0.0000000000
103485  42.792  30.886  30.481 0.0000000000
103486  41.753  30.584  30.217 0.0000000000
103487  41.186  30.349  29.781 0.0000000000
103494  42.275  31.272  29.523 0.0000000000
103495  41.510  30.887  29.225 0.0000000000
103496  40.747  30.431  29.144 0.0000000000
104152  36.279  31.590  39.910 0.0000000000
104153  35.307  32.110  40.160 0.0000000000
104154  34.413  32.113  39.816 0.0000000000
104164  37.456  30.957  38.373 0.0000000000
104165  36.977  31.979  38.789 0.0000000000
104166  33.934  31.948  39.054 0.0000000000
104175  38.568  30.965  37.104 0.0000000000
104176  37.786  31.718  37.524 0.0000000000
104177  37.237  32.620  38.011 0.0000000000
104178  34.004  32.101  38.288 0.0000000000
104182  40.548  30.819  36.179 0.0000000000
104183  39.822  31.209  36.243 0.0000000000
104184  38.835  31.753  36.522 0.0000000000
104190  42.349  30.610  35.381 0.0000000000
104191  41.785  31.130  35.525 0.0000000000
104192  40.773  31.593  35.670 0.0000000000
104200  43.419  30.917  34.373 0.0000000000
104201  42.679  31.273  34.947 0.0000000000
104202  41.779  31.915  35.072 0.0000000000
104208  44.135  31.160  33.336 0.0000000000
104209  43.861  31.419  33.832 0.0000000000
104223  44.181  31.185  31.074 0.0000000000
104232  43.708  31.498  30.317 0.0000000000
104873  36.019  32.841  39.420 0.0000000000
104874  34.893  32.920  39.499 0.0000000000
104875  34.293  32.533  39.350 0.0000000000
104886  36.752  33.159  38.548 0.0000000000
104887  34.724  33.251  39.020 0.0000000000
104888  34.311  32.857  38.731 0.0000000000
104917  43.291  31.645  34.281 0.0000000000
105630  35.355  33.458  39.170 0.0000000000
105631  34.953  33.401  39.130 0.0000000000
105642  34.849  33.835  38.616 0.0000000000
105643  34.364  33.323  38.163 0.0000000000
