#!ascii label  , from subject cvs_avg35_inMNI152 vox2ras=TkReg
343
32699  50.982  -36.252  -7.579 0.0000000000
32700  50.232  -36.002  -7.379 0.0000000000
32701  49.801  -35.833  -7.255 0.0000000000
33717  49.510  -35.560  -7.135 0.0000000000
33735  51.466  -35.780  -8.053 0.0000000000
33736  50.662  -35.527  -7.796 0.0000000000
33737  49.976  -35.519  -7.482 0.0000000000
33760  51.218  -35.272  -8.249 0.0000000000
34726  49.234  -35.251  -6.982 0.0000000000
34727  48.763  -34.993  -6.838 0.0000000000
34728  47.812  -34.734  -6.784 0.0000000000
34745  50.158  -35.218  -7.765 0.0000000000
34746  49.534  -34.976  -7.474 0.0000000000
34747  48.528  -34.496  -7.518 0.0000000000
34748  47.434  -34.024  -7.521 0.0000000000
34749  46.739  -33.921  -7.231 0.0000000000
34767  51.510  -34.902  -8.719 0.0000000000
34768  50.450  -34.839  -8.323 0.0000000000
34769  49.305  -34.389  -8.321 0.0000000000
34770  48.269  -33.897  -8.352 0.0000000000
34771  47.635  -33.739  -8.133 0.0000000000
34790  50.993  -34.486  -9.249 0.0000000000
34791  50.055  -34.077  -9.292 0.0000000000
34792  49.019  -33.857  -8.996 0.0000000000
34793  48.494  -33.667  -8.894 0.0000000000
35646  46.395  -33.810  -7.120 0.0000000000
35647  45.757  -33.457  -6.921 0.0000000000
35651  47.300  -33.650  -8.028 0.0000000000
35652  46.640  -33.404  -7.780 0.0000000000
35653  45.904  -32.761  -7.470 0.0000000000
35655  48.202  -33.570  -8.827 0.0000000000
35656  47.578  -33.364  -8.643 0.0000000000
35657  46.873  -32.827  -8.546 0.0000000000
35664  50.016  -33.712  -9.743 0.0000000000
35665  49.556  -33.574  -9.624 0.0000000000
35666  48.530  -33.288  -9.353 0.0000000000
35667  47.841  -32.859  -9.320 0.0000000000
35678  49.294  -33.036  -10.040 0.0000000000
35679  48.739  -32.790  -9.816 0.0000000000
36494  59.290  -31.706  0.513 0.0000000000
36495  58.539  -31.859  0.510 0.0000000000
36496  57.387  -32.032  0.505 0.0000000000
36497  56.246  -32.208  0.509 0.0000000000
36498  55.164  -32.242  0.554 0.0000000000
36499  54.146  -32.212  0.630 0.0000000000
36500  53.207  -32.129  0.782 0.0000000000
36501  52.353  -32.074  0.990 0.0000000000
36534  45.323  -32.466  -6.862 0.0000000000
36535  44.769  -32.083  -6.125 0.0000000000
36538  46.355  -32.421  -8.058 0.0000000000
36539  45.861  -31.987  -7.407 0.0000000000
36541  47.328  -32.678  -9.038 0.0000000000
36542  46.891  -32.073  -8.841 0.0000000000
36545  48.319  -32.659  -9.666 0.0000000000
36546  47.762  -32.138  -9.550 0.0000000000
36547  47.388  -31.643  -9.145 0.0000000000
36552  48.874  -32.217  -10.186 0.0000000000
36553  48.316  -31.632  -9.894 0.0000000000
36568  49.286  -31.654  -10.591 0.0000000000
37351  59.040  -31.183  0.202 0.0000000000
37352  57.822  -31.073  -0.104 0.0000000000
37353  56.583  -31.464  -0.076 0.0000000000
37354  55.476  -31.627  -0.138 0.0000000000
37355  54.387  -31.667  -0.089 0.0000000000
37356  53.345  -31.679  0.014 0.0000000000
37357  52.340  -31.697  0.200 0.0000000000
37358  51.278  -31.740  0.604 0.0000000000
37369  57.341  -30.714  -0.498 0.0000000000
37370  56.835  -30.931  -0.568 0.0000000000
37371  55.861  -31.172  -1.032 0.0000000000
37372  54.665  -31.349  -1.008 0.0000000000
37373  53.521  -31.450  -0.970 0.0000000000
37374  52.424  -31.520  -0.806 0.0000000000
37375  51.365  -31.553  -0.615 0.0000000000
37376  50.283  -31.605  -0.563 0.0000000000
37386  55.554  -30.846  -1.621 0.0000000000
37387  54.970  -30.968  -1.701 0.0000000000
37388  53.765  -30.990  -2.076 0.0000000000
37389  52.518  -31.295  -1.872 0.0000000000
37390  51.436  -31.447  -1.671 0.0000000000
37391  50.405  -31.564  -1.545 0.0000000000
37392  49.380  -31.608  -1.516 0.0000000000
37393  48.366  -31.573  -1.552 0.0000000000
37400  53.348  -30.796  -2.834 0.0000000000
37401  52.515  -31.025  -3.042 0.0000000000
37402  51.442  -31.321  -2.732 0.0000000000
37403  50.454  -31.509  -2.521 0.0000000000
37404  49.480  -31.584  -2.411 0.0000000000
37405  48.513  -31.531  -2.384 0.0000000000
37406  47.530  -31.443  -2.454 0.0000000000
37412  52.044  -31.047  -3.770 0.0000000000
37413  51.287  -31.162  -3.851 0.0000000000
37414  50.410  -31.393  -3.477 0.0000000000
37415  49.503  -31.485  -3.290 0.0000000000
37416  48.597  -31.440  -3.176 0.0000000000
37417  47.726  -31.364  -3.162 0.0000000000
37418  46.735  -31.202  -3.437 0.0000000000
37424  50.710  -31.104  -4.482 0.0000000000
37425  50.253  -31.221  -4.310 0.0000000000
37426  49.454  -31.302  -4.133 0.0000000000
37427  48.589  -31.282  -3.967 0.0000000000
37428  47.768  -31.229  -3.803 0.0000000000
37429  47.247  -31.216  -3.668 0.0000000000
37430  45.286  -31.232  -4.729 0.0000000000
37435  45.357  -31.252  -5.599 0.0000000000
37439  46.283  -31.207  -6.995 0.0000000000
37440  45.577  -31.461  -6.545 0.0000000000
37441  45.018  -31.563  -5.972 0.0000000000
37444  47.306  -31.011  -8.189 0.0000000000
37445  46.578  -31.395  -7.837 0.0000000000
37446  46.067  -31.546  -7.196 0.0000000000
37449  47.597  -31.030  -8.738 0.0000000000
37450  47.166  -31.430  -8.659 0.0000000000
37453  48.563  -30.992  -9.680 0.0000000000
37454  47.944  -31.212  -9.395 0.0000000000
37455  47.484  -31.343  -9.013 0.0000000000
37458  49.460  -31.084  -10.506 0.0000000000
37459  48.925  -31.273  -10.179 0.0000000000
37460  48.418  -31.299  -9.794 0.0000000000
37463  49.721  -31.326  -10.960 0.0000000000
37464  49.355  -31.365  -10.541 0.0000000000
38276  60.808  -30.578  -0.013 0.0000000000
38277  59.776  -30.605  -0.117 0.0000000000
38278  58.808  -30.570  -0.221 0.0000000000
38279  58.222  -30.521  -0.358 0.0000000000
38282  61.350  -29.908  -0.249 0.0000000000
38283  60.418  -29.918  -0.387 0.0000000000
38284  59.437  -29.965  -0.499 0.0000000000
38285  58.547  -30.083  -0.548 0.0000000000
38286  57.730  -30.330  -0.603 0.0000000000
38287  57.057  -30.534  -0.839 0.0000000000
38288  56.528  -30.761  -1.103 0.0000000000
38291  57.267  -30.125  -1.036 0.0000000000
38292  56.760  -30.377  -1.325 0.0000000000
38293  56.048  -30.587  -1.622 0.0000000000
38294  55.320  -30.609  -2.078 0.0000000000
38295  54.629  -30.732  -2.348 0.0000000000
38299  57.058  -30.027  -1.442 0.0000000000
38300  56.520  -30.117  -1.782 0.0000000000
38301  55.762  -30.181  -2.400 0.0000000000
38302  55.015  -30.521  -2.898 0.0000000000
38303  53.987  -30.583  -2.994 0.0000000000
38304  53.168  -30.735  -3.329 0.0000000000
38308  56.032  -29.937  -4.237 0.0000000000
38309  55.520  -30.165  -3.687 0.0000000000
38310  54.509  -30.437  -3.804 0.0000000000
38311  53.489  -30.592  -3.914 0.0000000000
38312  52.537  -30.816  -3.968 0.0000000000
38313  51.785  -30.990  -4.243 0.0000000000
38314  46.405  -31.042  -3.936 0.0000000000
38315  46.161  -31.044  -3.807 0.0000000000
38319  56.019  -30.188  -4.803 0.0000000000
38320  54.963  -30.360  -4.690 0.0000000000
38321  53.870  -30.535  -4.724 0.0000000000
38322  52.841  -30.631  -4.772 0.0000000000
38323  51.927  -30.777  -4.837 0.0000000000
38324  51.060  -30.908  -4.802 0.0000000000
38325  50.192  -30.991  -4.977 0.0000000000
38326  49.396  -31.069  -4.923 0.0000000000
38327  48.538  -31.063  -4.783 0.0000000000
38328  47.671  -31.010  -4.575 0.0000000000
38329  46.805  -31.026  -4.233 0.0000000000
38330  46.001  -30.979  -4.225 0.0000000000
38334  56.356  -30.195  -5.841 0.0000000000
38335  55.329  -30.325  -5.661 0.0000000000
38336  54.190  -30.470  -5.629 0.0000000000
38337  53.099  -30.530  -5.638 0.0000000000
38338  52.107  -30.612  -5.657 0.0000000000
38339  51.184  -30.658  -5.662 0.0000000000
38340  50.281  -30.722  -5.682 0.0000000000
38341  49.395  -30.803  -5.693 0.0000000000
38342  48.508  -30.822  -5.613 0.0000000000
38343  47.602  -30.804  -5.458 0.0000000000
38344  46.750  -30.847  -5.207 0.0000000000
38345  45.981  -30.960  -4.974 0.0000000000
38349  58.517  -30.133  -7.864 0.0000000000
38350  57.877  -30.237  -7.440 0.0000000000
38351  56.884  -30.313  -6.861 0.0000000000
38352  55.628  -30.342  -6.700 0.0000000000
38353  54.438  -30.377  -6.619 0.0000000000
38354  53.306  -30.451  -6.583 0.0000000000
38355  52.268  -30.523  -6.564 0.0000000000
38356  51.302  -30.553  -6.548 0.0000000000
38357  50.373  -30.579  -6.536 0.0000000000
38358  49.453  -30.642  -6.526 0.0000000000
38359  48.515  -30.673  -6.488 0.0000000000
38360  47.590  -30.724  -6.367 0.0000000000
38361  46.606  -30.867  -6.219 0.0000000000
38362  45.981  -30.960  -5.749 0.0000000000
38366  58.495  -30.059  -8.495 0.0000000000
38367  57.874  -30.336  -8.298 0.0000000000
38368  57.004  -30.614  -7.995 0.0000000000
38369  55.857  -30.565  -7.782 0.0000000000
38370  54.644  -30.481  -7.680 0.0000000000
38371  53.477  -30.491  -7.596 0.0000000000
38372  52.397  -30.513  -7.529 0.0000000000
38373  51.398  -30.512  -7.478 0.0000000000
38374  50.448  -30.512  -7.435 0.0000000000
38375  49.530  -30.553  -7.394 0.0000000000
38376  48.613  -30.609  -7.360 0.0000000000
38377  47.577  -30.738  -7.369 0.0000000000
38378  46.858  -30.875  -7.002 0.0000000000
38381  58.419  -29.932  -8.882 0.0000000000
38382  57.911  -30.074  -9.085 0.0000000000
38383  57.049  -30.449  -8.954 0.0000000000
38384  56.005  -30.616  -8.876 0.0000000000
38385  54.808  -30.595  -8.795 0.0000000000
38386  53.617  -30.591  -8.663 0.0000000000
38387  52.498  -30.552  -8.546 0.0000000000
38388  51.466  -30.497  -8.446 0.0000000000
38389  50.504  -30.475  -8.357 0.0000000000
38390  49.590  -30.511  -8.277 0.0000000000
38391  48.743  -30.588  -8.180 0.0000000000
38392  47.951  -30.710  -8.127 0.0000000000
38395  57.431  -29.640  -9.419 0.0000000000
38396  56.934  -29.934  -9.527 0.0000000000
38397  56.134  -30.266  -9.648 0.0000000000
38400  52.567  -30.531  -9.602 0.0000000000
38401  51.508  -30.511  -9.443 0.0000000000
38402  50.539  -30.490  -9.287 0.0000000000
38403  49.662  -30.538  -9.133 0.0000000000
38404  48.771  -30.683  -9.051 0.0000000000
38405  48.153  -30.777  -8.740 0.0000000000
38411  51.518  -30.487  -10.493 0.0000000000
38412  50.567  -30.584  -10.211 0.0000000000
38413  49.682  -30.730  -9.988 0.0000000000
38414  49.079  -30.795  -9.650 0.0000000000
38420  49.927  -30.862  -10.623 0.0000000000
39279  58.649  -28.987  0.786 0.0000000000
39284  61.636  -29.441  -0.080 0.0000000000
39285  60.899  -29.274  -0.303 0.0000000000
39286  59.968  -29.234  -0.736 0.0000000000
39287  58.982  -29.435  -0.878 0.0000000000
39288  58.086  -29.710  -0.789 0.0000000000
39289  57.622  -29.927  -0.878 0.0000000000
39290  52.360  -29.106  -0.958 0.0000000000
39298  59.457  -29.013  -1.084 0.0000000000
39299  58.942  -28.966  -1.223 0.0000000000
39300  58.276  -29.201  -1.111 0.0000000000
39301  57.455  -29.579  -1.137 0.0000000000
39302  54.937  -29.253  -1.887 0.0000000000
39303  53.876  -29.223  -1.874 0.0000000000
39304  52.840  -29.286  -1.816 0.0000000000
39312  56.911  -29.665  -1.616 0.0000000000
39313  56.265  -29.684  -2.016 0.0000000000
39314  55.434  -29.681  -2.783 0.0000000000
39315  54.317  -29.492  -2.745 0.0000000000
39316  53.239  -29.437  -2.684 0.0000000000
39317  52.225  -29.429  -2.639 0.0000000000
39323  55.945  -29.734  -4.389 0.0000000000
39324  55.539  -29.772  -3.992 0.0000000000
39325  54.627  -29.600  -3.678 0.0000000000
39326  53.563  -29.503  -3.559 0.0000000000
39327  52.525  -29.466  -3.500 0.0000000000
39333  56.131  -29.804  -4.733 0.0000000000
39334  55.602  -29.632  -4.713 0.0000000000
39335  54.775  -29.552  -4.579 0.0000000000
39336  53.788  -29.471  -4.429 0.0000000000
39337  52.776  -29.426  -4.345 0.0000000000
39338  51.787  -29.391  -4.320 0.0000000000
39343  56.373  -29.793  -5.402 0.0000000000
39344  55.800  -29.543  -5.337 0.0000000000
39345  54.864  -29.377  -5.478 0.0000000000
39346  53.916  -29.340  -5.263 0.0000000000
39347  52.980  -29.289  -5.167 0.0000000000
39348  52.041  -29.284  -5.110 0.0000000000
39351  58.516  -29.655  -7.371 0.0000000000
39352  57.824  -29.717  -6.730 0.0000000000
39353  56.874  -29.616  -6.263 0.0000000000
39354  56.116  -29.331  -6.001 0.0000000000
39355  55.377  -29.220  -5.977 0.0000000000
39358  59.019  -29.608  -8.105 0.0000000000
39361  58.593  -29.501  -8.816 0.0000000000
39362  58.300  -29.736  -9.042 0.0000000000
39365  58.449  -29.181  -9.026 0.0000000000
39366  57.938  -29.337  -9.209 0.0000000000
39367  56.774  -29.201  -9.826 0.0000000000
40232  58.360  -28.956  0.852 0.0000000000
40233  57.807  -28.851  1.020 0.0000000000
40234  56.734  -28.628  1.434 0.0000000000
40235  55.625  -28.349  1.470 0.0000000000
40236  54.529  -28.239  1.544 0.0000000000
40249  60.819  -28.884  -0.176 0.0000000000
40250  60.433  -28.657  -0.063 0.0000000000
40251  59.580  -28.557  0.120 0.0000000000
40252  58.532  -28.650  0.398 0.0000000000
40253  57.422  -28.494  0.430 0.0000000000
40254  56.338  -28.319  0.525 0.0000000000
40255  55.247  -28.210  0.585 0.0000000000
40256  54.180  -28.352  0.655 0.0000000000
40257  53.138  -28.480  0.707 0.0000000000
40268  60.458  -28.874  -0.432 0.0000000000
40269  59.824  -28.710  -0.502 0.0000000000
40270  58.998  -28.540  -0.381 0.0000000000
40271  58.021  -28.579  -0.354 0.0000000000
40272  56.969  -28.471  -0.373 0.0000000000
40273  55.902  -28.356  -0.345 0.0000000000
40274  54.837  -28.431  -0.281 0.0000000000
40275  53.805  -28.653  -0.187 0.0000000000
40276  52.781  -28.773  -0.138 0.0000000000
40286  59.686  -28.887  -0.844 0.0000000000
40287  59.281  -28.754  -0.862 0.0000000000
40288  58.533  -28.777  -0.884 0.0000000000
40289  57.505  -28.865  -1.147 0.0000000000
40290  56.444  -28.759  -1.107 0.0000000000
40291  55.433  -28.748  -1.125 0.0000000000
40292  54.398  -28.837  -1.085 0.0000000000
40293  53.369  -29.022  -0.998 0.0000000000
40301  57.195  -29.320  -1.439 0.0000000000
40302  56.753  -29.202  -1.610 0.0000000000
40303  55.909  -29.198  -1.788 0.0000000000
40326  53.980  -28.997  -5.932 0.0000000000
40327  53.173  -28.926  -5.888 0.0000000000
40328  52.262  -28.895  -5.822 0.0000000000
40329  51.360  -28.832  -5.708 0.0000000000
40337  58.247  -29.066  -7.057 0.0000000000
40338  57.464  -28.962  -6.795 0.0000000000
40339  56.500  -28.878  -6.658 0.0000000000
40340  55.545  -28.810  -6.590 0.0000000000
40341  54.549  -28.806  -6.451 0.0000000000
40342  53.465  -28.600  -6.590 0.0000000000
40343  52.511  -28.553  -6.576 0.0000000000
40351  58.636  -28.931  -7.762 0.0000000000
40352  57.791  -28.650  -7.626 0.0000000000
40353  56.841  -28.465  -7.465 0.0000000000
40354  55.838  -28.415  -7.366 0.0000000000
40355  54.845  -28.372  -7.302 0.0000000000
40356  53.861  -28.323  -7.307 0.0000000000
40357  52.806  -28.230  -7.451 0.0000000000
40363  58.756  -28.976  -8.542 0.0000000000
40364  58.026  -28.656  -8.450 0.0000000000
40365  57.008  -28.200  -8.459 0.0000000000
40366  56.082  -28.094  -8.208 0.0000000000
40367  55.144  -28.026  -8.114 0.0000000000
40368  54.207  -28.026  -8.052 0.0000000000
40369  53.400  -28.021  -7.993 0.0000000000
40371  58.657  -29.088  -8.888 0.0000000000
40372  58.254  -28.897  -8.943 0.0000000000
40373  57.230  -28.502  -9.297 0.0000000000
40376  56.315  -28.362  -10.053 0.0000000000
41307  56.183  -27.658  -8.820 0.0000000000
41319  56.402  -27.781  -9.345 0.0000000000
41327  56.392  -28.004  -9.730 0.0000000000
