#!ascii label  , from subject cvs_avg35_inMNI152 vox2ras=TkReg
453
19500  42.437  -50.319  3.529 0.0000000000
19508  41.994  -50.285  2.889 0.0000000000
19509  41.542  -50.321  2.312 0.0000000000
19554  40.080  -50.426  -1.980 0.0000000000
19566  40.019  -50.481  -2.784 0.0000000000
19574  39.927  -50.492  -3.895 0.0000000000
19587  40.010  -50.507  -4.687 0.0000000000
19606  43.177  -50.277  -5.837 0.0000000000
19607  42.224  -50.322  -5.870 0.0000000000
19608  41.215  -50.667  -5.820 0.0000000000
19609  40.458  -50.587  -5.376 0.0000000000
19610  40.132  -50.570  -5.088 0.0000000000
20443  42.773  -49.311  3.927 0.0000000000
20452  42.250  -49.400  3.196 0.0000000000
20459  41.701  -49.438  2.593 0.0000000000
20460  41.165  -49.495  1.987 0.0000000000
20464  40.764  -49.519  1.305 0.0000000000
20465  40.458  -49.580  0.583 0.0000000000
20467  40.182  -49.578  -0.348 0.0000000000
20468  39.794  -49.070  -0.639 0.0000000000
20474  40.181  -50.006  -1.191 0.0000000000
20475  39.841  -49.309  -1.057 0.0000000000
20488  50.639  -48.426  -2.232 0.0000000000
20489  50.176  -48.499  -2.267 0.0000000000
20490  40.116  -50.203  -1.635 0.0000000000
20491  39.817  -49.685  -1.869 0.0000000000
20506  51.898  -48.453  -2.788 0.0000000000
20507  51.101  -48.789  -2.647 0.0000000000
20508  50.058  -48.923  -2.576 0.0000000000
20509  49.162  -48.828  -3.060 0.0000000000
20510  48.689  -48.788  -3.246 0.0000000000
20511  39.700  -49.425  -2.721 0.0000000000
20526  51.993  -48.299  -3.218 0.0000000000
20527  51.513  -48.595  -3.251 0.0000000000
20528  50.620  -48.975  -3.381 0.0000000000
20529  49.541  -49.249  -3.430 0.0000000000
20530  48.457  -49.180  -3.454 0.0000000000
20531  47.592  -49.133  -3.652 0.0000000000
20532  47.067  -49.252  -3.903 0.0000000000
20533  39.789  -49.670  -3.432 0.0000000000
20541  50.651  -48.767  -3.915 0.0000000000
20542  49.935  -49.235  -4.277 0.0000000000
20543  48.829  -49.785  -4.103 0.0000000000
20544  47.692  -49.665  -4.113 0.0000000000
20545  46.756  -49.529  -4.429 0.0000000000
20546  46.024  -49.297  -4.514 0.0000000000
20547  45.382  -49.095  -4.722 0.0000000000
20548  40.433  -49.110  -4.830 0.0000000000
20549  40.067  -49.375  -4.395 0.0000000000
20558  44.744  -49.421  -5.262 0.0000000000
20559  43.674  -49.550  -5.497 0.0000000000
20560  42.687  -49.554  -5.586 0.0000000000
20561  41.695  -49.614  -5.542 0.0000000000
20562  40.702  -49.503  -5.194 0.0000000000
20563  40.190  -50.079  -5.004 0.0000000000
21373  43.594  -48.713  5.078 0.0000000000
21381  43.206  -48.626  4.392 0.0000000000
21382  42.957  -48.453  3.895 0.0000000000
21389  42.556  -48.517  3.402 0.0000000000
21391  41.995  -48.553  2.778 0.0000000000
21392  41.425  -48.588  2.165 0.0000000000
21395  40.902  -48.631  1.533 0.0000000000
21396  40.353  -48.699  0.951 0.0000000000
21399  39.963  -48.765  0.275 0.0000000000
21400  39.762  -48.694  -0.359 0.0000000000
21403  39.662  -48.665  -0.917 0.0000000000
21412  53.473  -47.578  -1.725 0.0000000000
21413  52.658  -47.670  -1.728 0.0000000000
21414  51.752  -47.730  -1.833 0.0000000000
21415  50.883  -47.824  -1.952 0.0000000000
21416  50.078  -48.016  -2.177 0.0000000000
21417  49.681  -47.774  -2.434 0.0000000000
21418  39.628  -48.872  -1.483 0.0000000000
21430  53.678  -47.793  -1.919 0.0000000000
21431  53.353  -47.944  -2.122 0.0000000000
21432  52.410  -48.102  -2.343 0.0000000000
21433  51.456  -48.258  -2.237 0.0000000000
21434  49.920  -48.449  -2.386 0.0000000000
21435  49.454  -48.174  -2.708 0.0000000000
21436  48.732  -48.380  -3.174 0.0000000000
21437  39.585  -48.715  -2.212 0.0000000000
21452  53.163  -48.019  -2.743 0.0000000000
21453  52.541  -48.020  -3.134 0.0000000000
21454  51.935  -48.030  -3.593 0.0000000000
21455  51.186  -48.447  -3.750 0.0000000000
21456  48.356  -48.662  -3.313 0.0000000000
21457  47.803  -48.670  -3.448 0.0000000000
21458  46.984  -48.650  -3.661 0.0000000000
21459  46.105  -48.389  -3.774 0.0000000000
21460  45.380  -48.197  -3.956 0.0000000000
21461  39.710  -48.613  -3.275 0.0000000000
21476  51.531  -47.922  -4.016 0.0000000000
21477  50.758  -48.201  -4.302 0.0000000000
21479  46.398  -49.042  -3.991 0.0000000000
21480  45.653  -48.773  -4.205 0.0000000000
21481  44.722  -48.481  -4.537 0.0000000000
21482  43.668  -48.233  -4.793 0.0000000000
21483  42.706  -48.110  -4.980 0.0000000000
21484  41.693  -48.140  -5.048 0.0000000000
21485  40.700  -48.515  -4.775 0.0000000000
21486  40.146  -48.135  -3.977 0.0000000000
21496  44.027  -48.840  -5.158 0.0000000000
21497  43.172  -48.816  -5.286 0.0000000000
21498  42.197  -48.828  -5.340 0.0000000000
21499  41.269  -48.891  -5.252 0.0000000000
21500  40.848  -48.945  -5.129 0.0000000000
22305  49.469  -47.257  5.412 0.0000000000
22306  48.477  -47.299  5.502 0.0000000000
22307  47.510  -47.349  5.589 0.0000000000
22308  46.588  -47.500  5.637 0.0000000000
22309  45.443  -47.680  5.571 0.0000000000
22310  44.392  -47.938  5.346 0.0000000000
22311  43.931  -48.235  5.217 0.0000000000
22317  45.060  -47.205  4.871 0.0000000000
22318  44.556  -47.446  4.831 0.0000000000
22319  43.694  -47.774  4.468 0.0000000000
22320  43.198  -48.123  4.116 0.0000000000
22322  43.477  -47.378  3.779 0.0000000000
22323  43.057  -47.750  3.617 0.0000000000
22326  42.378  -47.713  2.902 0.0000000000
22327  41.775  -47.736  2.253 0.0000000000
22330  41.196  -47.761  1.642 0.0000000000
22331  40.589  -47.793  1.039 0.0000000000
22333  40.059  -47.917  0.485 0.0000000000
22334  39.749  -47.999  -0.082 0.0000000000
22336  39.656  -48.090  -0.655 0.0000000000
22340  54.486  -46.673  -1.412 0.0000000000
22341  53.919  -46.988  -1.454 0.0000000000
22342  52.958  -47.000  -1.486 0.0000000000
22343  52.027  -47.061  -1.551 0.0000000000
22344  51.143  -47.133  -1.736 0.0000000000
22345  50.311  -47.222  -2.020 0.0000000000
22346  49.829  -47.491  -2.285 0.0000000000
22347  39.608  -48.021  -1.428 0.0000000000
22357  54.741  -47.062  -1.705 0.0000000000
22358  54.140  -47.672  -2.027 0.0000000000
22359  53.770  -47.775  -2.619 0.0000000000
22360  49.764  -47.017  -2.313 0.0000000000
22361  49.335  -47.310  -2.642 0.0000000000
22362  48.482  -47.565  -3.093 0.0000000000
22363  47.678  -47.601  -3.318 0.0000000000
22364  39.670  -47.757  -2.470 0.0000000000
22377  54.975  -47.299  -2.330 0.0000000000
22378  54.493  -47.482  -2.842 0.0000000000
22379  53.553  -47.538  -3.236 0.0000000000
22380  52.677  -47.353  -3.660 0.0000000000
22381  52.039  -47.538  -3.965 0.0000000000
22382  48.079  -48.170  -3.340 0.0000000000
22383  47.367  -48.076  -3.466 0.0000000000
22384  46.596  -47.864  -3.540 0.0000000000
22385  45.744  -47.638  -3.649 0.0000000000
22386  44.779  -47.565  -3.904 0.0000000000
22387  43.951  -47.216  -4.024 0.0000000000
22388  40.267  -47.112  -3.698 0.0000000000
22389  39.995  -47.405  -3.444 0.0000000000
22406  52.327  -47.047  -4.059 0.0000000000
22409  44.075  -47.796  -4.317 0.0000000000
22410  43.215  -47.491  -4.370 0.0000000000
22411  42.204  -47.510  -4.546 0.0000000000
22412  41.275  -47.530  -4.480 0.0000000000
22413  40.471  -47.395  -4.009 0.0000000000
22414  40.172  -47.618  -3.833 0.0000000000
23207  50.512  -46.146  4.958 0.0000000000
23208  49.576  -46.633  4.839 0.0000000000
23209  48.623  -46.848  4.848 0.0000000000
23210  47.649  -46.932  4.898 0.0000000000
23211  46.714  -47.121  4.981 0.0000000000
23212  46.101  -47.298  5.191 0.0000000000
23220  50.039  -45.635  4.492 0.0000000000
23221  49.532  -45.914  4.455 0.0000000000
23222  48.687  -46.164  4.435 0.0000000000
23223  47.796  -46.329  4.446 0.0000000000
23224  46.723  -46.378  4.273 0.0000000000
23225  45.649  -46.911  4.616 0.0000000000
23226  44.665  -46.981  4.365 0.0000000000
23227  44.169  -47.231  4.324 0.0000000000
23230  46.253  -46.013  3.708 0.0000000000
23231  45.693  -46.254  3.821 0.0000000000
23232  44.835  -46.490  3.847 0.0000000000
23233  43.844  -46.805  3.600 0.0000000000
23234  43.326  -47.211  3.461 0.0000000000
23237  43.378  -46.395  2.835 0.0000000000
23238  42.932  -46.931  2.898 0.0000000000
23239  42.114  -46.929  2.318 0.0000000000
23241  41.497  -46.936  1.746 0.0000000000
23242  40.945  -46.959  1.149 0.0000000000
23244  40.172  -46.916  0.379 0.0000000000
23245  39.841  -47.463  0.097 0.0000000000
23247  39.900  -46.558  -0.227 0.0000000000
23248  39.733  -47.173  -0.574 0.0000000000
23252  54.163  -46.191  -1.167 0.0000000000
23253  53.278  -46.183  -1.330 0.0000000000
23254  52.335  -46.234  -1.574 0.0000000000
23255  51.394  -46.326  -1.779 0.0000000000
23256  50.617  -46.475  -2.006 0.0000000000
23257  39.728  -47.049  -1.727 0.0000000000
23261  50.011  -46.501  -2.252 0.0000000000
23262  49.359  -46.485  -2.496 0.0000000000
23263  48.519  -46.595  -2.796 0.0000000000
23264  47.386  -46.739  -3.140 0.0000000000
23265  46.662  -46.405  -3.205 0.0000000000
23266  40.118  -46.441  -2.826 0.0000000000
23267  39.869  -46.923  -2.635 0.0000000000
23278  54.513  -47.034  -3.544 0.0000000000
23279  53.572  -46.853  -3.790 0.0000000000
23280  52.861  -46.711  -3.966 0.0000000000
23281  47.072  -47.442  -3.387 0.0000000000
23282  46.360  -46.918  -3.374 0.0000000000
23283  45.316  -46.815  -3.524 0.0000000000
23284  44.358  -46.646  -3.694 0.0000000000
23285  43.321  -46.552  -3.922 0.0000000000
23286  42.300  -46.333  -3.845 0.0000000000
23287  41.405  -46.380  -3.719 0.0000000000
23288  40.500  -46.655  -3.511 0.0000000000
23289  40.061  -46.812  -3.141 0.0000000000
23305  53.424  -46.298  -4.316 0.0000000000
23309  42.563  -46.955  -4.172 0.0000000000
23310  41.773  -46.913  -4.164 0.0000000000
23311  40.955  -46.899  -4.063 0.0000000000
23312  40.598  -46.942  -3.906 0.0000000000
24131  51.298  -45.254  5.447 0.0000000000
24132  50.944  -45.664  5.108 0.0000000000
24144  50.721  -44.816  5.080 0.0000000000
24145  50.467  -45.082  4.555 0.0000000000
24146  49.632  -45.349  4.052 0.0000000000
24147  48.752  -45.539  3.936 0.0000000000
24148  47.846  -45.766  3.969 0.0000000000
24149  47.279  -45.998  4.080 0.0000000000
24157  50.190  -44.520  4.084 0.0000000000
24158  49.809  -44.718  3.796 0.0000000000
24159  48.959  -44.908  3.501 0.0000000000
24160  47.821  -45.114  3.158 0.0000000000
24161  46.828  -45.702  3.454 0.0000000000
24162  45.803  -45.797  3.246 0.0000000000
24163  44.934  -45.982  3.240 0.0000000000
24164  44.363  -46.247  3.303 0.0000000000
24168  47.277  -44.783  2.606 0.0000000000
24169  46.861  -45.079  2.635 0.0000000000
24170  46.031  -45.311  2.675 0.0000000000
24171  45.089  -45.444  2.663 0.0000000000
24172  43.893  -45.734  2.547 0.0000000000
24173  42.907  -46.179  2.301 0.0000000000
24174  42.455  -46.495  2.270 0.0000000000
24176  43.413  -45.277  1.778 0.0000000000
24177  42.919  -45.566  1.753 0.0000000000
24178  41.906  -46.000  1.583 0.0000000000
24179  41.331  -46.464  1.292 0.0000000000
24181  41.457  -45.691  0.878 0.0000000000
24182  40.987  -46.049  0.744 0.0000000000
24187  40.197  -45.908  -0.299 0.0000000000
24188  39.857  -46.447  -0.548 0.0000000000
24196  52.599  -45.348  -1.319 0.0000000000
24197  51.599  -45.431  -1.543 0.0000000000
24198  50.495  -45.560  -1.877 0.0000000000
24199  49.846  -45.289  -1.951 0.0000000000
24200  41.078  -45.145  -1.801 0.0000000000
24201  40.278  -45.629  -1.469 0.0000000000
24202  39.821  -46.337  -1.120 0.0000000000
24206  50.246  -46.044  -2.223 0.0000000000
24207  49.680  -45.723  -2.240 0.0000000000
24208  48.752  -45.778  -2.435 0.0000000000
24209  47.749  -45.742  -2.672 0.0000000000
24210  46.573  -45.713  -2.960 0.0000000000
24211  45.462  -45.314  -2.942 0.0000000000
24212  44.446  -45.125  -2.886 0.0000000000
24213  43.422  -45.080  -2.784 0.0000000000
24214  42.429  -45.217  -2.675 0.0000000000
24215  41.500  -45.446  -2.581 0.0000000000
24216  40.565  -45.828  -2.554 0.0000000000
24217  39.907  -46.267  -2.099 0.0000000000
24222  46.353  -46.280  -3.250 0.0000000000
24223  45.826  -46.137  -3.302 0.0000000000
24224  44.885  -45.940  -3.361 0.0000000000
24225  43.886  -45.809  -3.395 0.0000000000
24226  42.873  -45.764  -3.352 0.0000000000
24227  41.924  -45.820  -3.247 0.0000000000
24228  41.130  -45.940  -3.188 0.0000000000
25052  50.511  -44.360  4.877 0.0000000000
25062  50.302  -44.180  4.358 0.0000000000
25063  49.941  -44.050  3.826 0.0000000000
25064  49.194  -44.122  3.446 0.0000000000
25065  48.341  -44.305  2.991 0.0000000000
25072  47.535  -44.366  2.572 0.0000000000
25073  46.888  -44.457  2.123 0.0000000000
25074  46.194  -44.728  2.133 0.0000000000
25075  45.376  -44.893  2.099 0.0000000000
25076  44.571  -45.066  2.081 0.0000000000
25080  46.335  -44.249  1.703 0.0000000000
25081  45.672  -44.361  1.548 0.0000000000
25082  44.746  -44.538  1.427 0.0000000000
25083  43.852  -44.892  1.557 0.0000000000
25084  43.067  -45.012  1.235 0.0000000000
25085  42.386  -45.229  1.166 0.0000000000
25087  44.084  -44.374  0.881 0.0000000000
25088  43.371  -44.569  0.777 0.0000000000
25089  42.528  -44.600  0.445 0.0000000000
25090  41.681  -45.229  0.697 0.0000000000
25091  41.263  -45.541  0.611 0.0000000000
25096  42.322  -44.246  -0.582 0.0000000000
25097  41.597  -44.726  -0.185 0.0000000000
25098  41.000  -45.312  0.176 0.0000000000
25108  51.888  -44.555  -1.198 0.0000000000
25109  50.823  -44.588  -1.330 0.0000000000
25110  49.646  -44.716  -1.610 0.0000000000
25111  48.535  -44.534  -1.670 0.0000000000
25112  47.766  -44.510  -1.808 0.0000000000
25113  47.335  -44.278  -1.732 0.0000000000
25114  45.538  -44.056  -2.187 0.0000000000
25115  44.887  -43.871  -2.001 0.0000000000
25116  44.360  -43.764  -1.790 0.0000000000
25117  42.406  -44.122  -1.499 0.0000000000
25118  41.629  -44.568  -1.177 0.0000000000
25119  40.859  -45.084  -0.794 0.0000000000
25124  49.549  -45.223  -1.956 0.0000000000
25125  49.042  -45.174  -2.002 0.0000000000
25126  48.145  -45.074  -2.130 0.0000000000
25127  47.099  -44.736  -2.217 0.0000000000
25128  46.037  -44.618  -2.473 0.0000000000
25129  45.051  -44.503  -2.484 0.0000000000
25130  44.025  -44.207  -2.269 0.0000000000
25131  42.911  -44.325  -2.249 0.0000000000
25132  41.943  -44.729  -2.049 0.0000000000
25856  50.424  -43.933  5.180 0.0000000000
25857  50.485  -43.645  4.686 0.0000000000
25865  50.214  -43.416  4.108 0.0000000000
25866  49.490  -43.335  3.692 0.0000000000
25867  48.510  -43.238  3.063 0.0000000000
25868  47.830  -43.764  2.615 0.0000000000
25876  47.777  -43.185  2.425 0.0000000000
25877  47.210  -43.631  1.830 0.0000000000
25878  46.685  -44.033  1.644 0.0000000000
25885  46.850  -43.344  1.265 0.0000000000
25886  46.255  -43.682  1.068 0.0000000000
25887  45.158  -44.084  0.888 0.0000000000
25888  44.594  -44.240  0.873 0.0000000000
25891  46.067  -43.262  0.053 0.0000000000
25892  45.275  -43.626  0.208 0.0000000000
25893  44.407  -43.945  0.335 0.0000000000
25894  43.603  -44.156  0.312 0.0000000000
25895  43.121  -44.345  0.342 0.0000000000
25900  49.136  -42.919  -0.739 0.0000000000
25901  48.205  -43.203  -0.736 0.0000000000
25902  47.246  -43.384  -0.790 0.0000000000
25903  46.310  -43.453  -0.784 0.0000000000
25904  45.420  -43.533  -0.657 0.0000000000
25905  44.554  -43.668  -0.532 0.0000000000
25906  43.718  -43.825  -0.381 0.0000000000
25907  43.017  -44.086  -0.118 0.0000000000
25917  51.313  -43.649  -0.964 0.0000000000
25918  50.058  -43.553  -0.969 0.0000000000
25919  48.887  -43.803  -1.177 0.0000000000
25920  47.802  -43.938  -1.359 0.0000000000
25921  46.744  -43.937  -1.596 0.0000000000
25922  45.665  -43.739  -1.532 0.0000000000
25923  44.775  -43.690  -1.322 0.0000000000
25924  43.850  -43.739  -1.388 0.0000000000
25925  43.026  -43.870  -0.950 0.0000000000
25930  46.482  -44.302  -2.099 0.0000000000
25931  46.098  -44.022  -2.056 0.0000000000
25932  43.434  -43.855  -2.011 0.0000000000
25933  43.067  -43.830  -1.679 0.0000000000
26632  50.486  -42.906  5.452 0.0000000000
26633  49.628  -42.283  5.475 0.0000000000
26634  48.469  -42.147  5.458 0.0000000000
26635  47.349  -42.124  5.224 0.0000000000
26652  50.602  -43.328  5.043 0.0000000000
26653  50.443  -42.701  4.663 0.0000000000
26654  49.755  -42.121  4.468 0.0000000000
26655  46.601  -41.864  4.832 0.0000000000
26656  46.204  -41.957  4.865 0.0000000000
26666  49.885  -42.742  4.041 0.0000000000
26667  49.132  -42.430  3.755 0.0000000000
26668  48.337  -42.110  3.121 0.0000000000
26674  47.931  -42.530  2.527 0.0000000000
26675  47.620  -42.766  1.953 0.0000000000
26683  47.172  -42.807  1.242 0.0000000000
26684  46.738  -43.225  1.028 0.0000000000
26692  47.333  -42.586  0.457 0.0000000000
26693  46.712  -43.083  0.611 0.0000000000
26696  49.315  -42.045  -0.497 0.0000000000
26697  48.531  -42.399  -0.302 0.0000000000
26698  47.679  -42.743  -0.210 0.0000000000
26699  46.849  -43.028  -0.129 0.0000000000
26709  49.861  -42.555  -0.752 0.0000000000
27432  49.453  -41.779  4.862 0.0000000000
27433  48.880  -41.724  4.979 0.0000000000
27434  48.071  -41.708  4.897 0.0000000000
27435  45.957  -41.993  4.898 0.0000000000
27455  49.103  -41.779  4.321 0.0000000000
27456  48.364  -41.402  4.306 0.0000000000
27457  47.173  -41.325  4.286 0.0000000000
27458  45.953  -41.613  4.495 0.0000000000
27459  44.827  -41.531  4.512 0.0000000000
27460  43.819  -41.360  4.678 0.0000000000
27461  42.987  -41.082  4.833 0.0000000000
27462  42.608  -40.796  4.961 0.0000000000
27477  48.629  -41.733  3.745 0.0000000000
27478  47.924  -41.031  3.290 0.0000000000
27479  47.236  -40.901  3.602 0.0000000000
27490  47.848  -41.639  2.270 0.0000000000
27491  47.798  -42.266  2.112 0.0000000000
27497  47.830  -41.400  1.340 0.0000000000
27498  47.716  -42.157  1.662 0.0000000000
27507  48.162  -41.294  0.588 0.0000000000
27508  47.732  -42.037  0.960 0.0000000000
27518  48.763  -41.428  -0.066 0.0000000000
27519  48.078  -42.091  0.294 0.0000000000
28319  42.264  -40.555  5.108 0.0000000000
28330  46.728  -40.892  3.579 0.0000000000
28331  46.096  -41.035  3.764 0.0000000000
28332  45.152  -41.088  3.865 0.0000000000
28333  44.192  -40.965  3.988 0.0000000000
28334  43.285  -40.762  4.147 0.0000000000
28335  42.533  -40.512  4.457 0.0000000000
28336  41.872  -40.106  4.588 0.0000000000
28351  47.335  -40.761  2.753 0.0000000000
28352  46.919  -40.764  3.003 0.0000000000
28353  46.112  -40.738  3.047 0.0000000000
28354  45.302  -40.739  3.156 0.0000000000
28355  44.415  -40.639  3.261 0.0000000000
28356  43.535  -40.502  3.398 0.0000000000
28357  42.575  -40.162  3.499 0.0000000000
28358  42.101  -40.085  4.034 0.0000000000
28370  47.496  -40.847  2.313 0.0000000000
28371  46.873  -40.641  2.267 0.0000000000
28372  46.162  -40.561  2.300 0.0000000000
28373  45.365  -40.487  2.403 0.0000000000
28374  44.578  -40.419  2.559 0.0000000000
28375  43.635  -40.201  2.526 0.0000000000
28376  43.075  -40.210  2.956 0.0000000000
28385  47.637  -40.794  1.550 0.0000000000
28386  46.980  -40.521  1.555 0.0000000000
28387  46.271  -40.418  1.594 0.0000000000
28388  45.388  -40.231  1.456 0.0000000000
28389  44.599  -40.203  1.860 0.0000000000
28390  44.110  -40.217  2.107 0.0000000000
28397  47.869  -40.667  0.772 0.0000000000
28398  47.172  -40.225  0.639 0.0000000000
28399  46.346  -40.225  0.907 0.0000000000
28400  45.856  -40.228  1.092 0.0000000000
28410  47.775  -40.176  0.339 0.0000000000
29349  42.123  -39.658  3.020 0.0000000000
29350  41.524  -39.384  3.641 0.0000000000
29363  43.119  -39.776  1.982 0.0000000000
29364  42.640  -39.711  2.486 0.0000000000
29375  44.951  -39.955  0.850 0.0000000000
29376  44.479  -39.950  1.105 0.0000000000
29377  43.671  -39.838  1.524 0.0000000000
29388  46.863  -39.832  0.038 0.0000000000
29389  46.325  -39.857  0.195 0.0000000000
29390  45.451  -39.862  0.492 0.0000000000
29391  44.524  -39.631  0.418 0.0000000000
29392  43.834  -39.543  0.634 0.0000000000
