#!ascii label  , from subject cvs_avg35_inMNI152 vox2ras=TkReg
277
20690  29.029  -49.149  -14.646 0.0000000000
20707  27.990  -49.162  -15.227 0.0000000000
21584  29.979  -48.147  -12.989 0.0000000000
21596  30.039  -47.908  -14.216 0.0000000000
21597  29.606  -48.752  -13.515 0.0000000000
21608  29.819  -47.233  -15.205 0.0000000000
21609  29.423  -48.331  -14.945 0.0000000000
21619  28.202  -48.177  -15.814 0.0000000000
21631  27.234  -48.225  -16.234 0.0000000000
22501  30.228  -47.398  -12.949 0.0000000000
22502  29.934  -47.569  -12.505 0.0000000000
22512  30.351  -47.318  -13.775 0.0000000000
22513  30.244  -47.580  -13.544 0.0000000000
22524  29.903  -46.441  -14.238 0.0000000000
22525  30.194  -46.961  -14.811 0.0000000000
22543  28.063  -46.876  -16.398 0.0000000000
22544  27.249  -47.451  -16.404 0.0000000000
23410  29.985  -45.847  -12.921 0.0000000000
23420  30.170  -45.924  -13.581 0.0000000000
23429  30.139  -45.873  -14.252 0.0000000000
23430  29.908  -46.300  -14.403 0.0000000000
23439  30.057  -46.047  -15.714 0.0000000000
23449  27.504  -46.218  -16.482 0.0000000000
23450  26.327  -46.337  -16.509 0.0000000000
24350  30.597  -44.826  -12.930 0.0000000000
24359  30.798  -44.694  -13.381 0.0000000000
24360  30.452  -45.304  -13.244 0.0000000000
24368  30.948  -44.385  -13.741 0.0000000000
24369  30.640  -44.901  -13.978 0.0000000000
24386  29.153  -43.852  -16.698 0.0000000000
24387  28.255  -45.131  -16.571 0.0000000000
24388  26.719  -45.088  -16.564 0.0000000000
24389  25.490  -45.331  -16.538 0.0000000000
25219  30.806  -44.313  -12.953 0.0000000000
25229  31.035  -43.957  -13.397 0.0000000000
25239  31.096  -43.635  -14.119 0.0000000000
25258  29.425  -42.614  -16.742 0.0000000000
25259  28.829  -43.102  -16.750 0.0000000000
25260  28.238  -43.703  -16.698 0.0000000000
25261  27.302  -44.083  -16.628 0.0000000000
25262  26.427  -44.058  -16.586 0.0000000000
25263  25.668  -44.310  -16.582 0.0000000000
25994  30.899  -43.448  -12.667 0.0000000000
25999  31.343  -42.852  -13.489 0.0000000000
26005  32.438  -40.926  -15.190 0.0000000000
26028  29.364  -41.960  -16.671 0.0000000000
26029  28.889  -42.389  -16.649 0.0000000000
26030  28.246  -42.770  -16.645 0.0000000000
26031  27.475  -43.085  -16.617 0.0000000000
26032  26.628  -43.289  -16.626 0.0000000000
26033  25.813  -43.440  -16.659 0.0000000000
26034  24.873  -43.448  -16.722 0.0000000000
26775  31.829  -41.682  -12.995 0.0000000000
26776  31.529  -42.020  -12.860 0.0000000000
26779  31.846  -41.614  -13.165 0.0000000000
26780  31.711  -41.791  -13.542 0.0000000000
26795  29.867  -41.474  -16.629 0.0000000000
26809  29.735  -41.265  -16.526 0.0000000000
26810  29.480  -41.453  -16.543 0.0000000000
26811  28.963  -41.697  -16.514 0.0000000000
26812  28.319  -41.947  -16.561 0.0000000000
26813  27.610  -42.201  -16.601 0.0000000000
26814  26.763  -42.315  -16.699 0.0000000000
26815  25.985  -42.663  -16.793 0.0000000000
26816  25.310  -42.818  -16.848 0.0000000000
26834  26.044  -41.952  -16.965 0.0000000000
26835  25.373  -42.119  -17.100 0.0000000000
26836  24.528  -42.411  -17.105 0.0000000000
27609  31.244  -41.439  -12.243 0.0000000000
27626  31.889  -41.199  -12.963 0.0000000000
27627  31.694  -41.168  -12.545 0.0000000000
27637  31.932  -41.082  -13.425 0.0000000000
27662  29.804  -40.969  -16.444 0.0000000000
27663  29.570  -41.067  -16.423 0.0000000000
27664  29.125  -41.042  -16.460 0.0000000000
27665  28.446  -41.122  -16.596 0.0000000000
27666  27.695  -41.309  -16.701 0.0000000000
27667  27.138  -41.653  -16.734 0.0000000000
27678  27.132  -41.087  -16.891 0.0000000000
27679  26.501  -41.307  -17.008 0.0000000000
27680  25.591  -41.302  -17.233 0.0000000000
27681  24.725  -41.435  -17.332 0.0000000000
27682  23.818  -41.522  -17.336 0.0000000000
28537  31.601  -40.141  -12.144 0.0000000000
28538  31.046  -40.492  -11.937 0.0000000000
28555  31.906  -40.295  -12.552 0.0000000000
28556  31.564  -40.722  -12.242 0.0000000000
28568  33.122  -39.399  -14.261 0.0000000000
28590  29.473  -40.460  -16.461 0.0000000000
28591  28.722  -40.322  -16.623 0.0000000000
28592  27.812  -40.303  -16.922 0.0000000000
28593  27.389  -40.767  -16.897 0.0000000000
28601  27.318  -39.818  -17.220 0.0000000000
28602  26.904  -40.337  -17.177 0.0000000000
28603  25.895  -40.414  -17.360 0.0000000000
28604  24.956  -40.512  -17.481 0.0000000000
28605  24.054  -40.668  -17.488 0.0000000000
29550  31.787  -39.657  -12.245 0.0000000000
29551  31.334  -39.547  -11.990 0.0000000000
29552  30.571  -39.541  -11.737 0.0000000000
29568  31.993  -39.508  -12.476 0.0000000000
29579  32.088  -39.683  -12.787 0.0000000000
29607  30.195  -39.927  -16.533 0.0000000000
29608  29.782  -39.763  -16.477 0.0000000000
29609  29.090  -39.572  -16.566 0.0000000000
29610  28.334  -39.417  -16.903 0.0000000000
29615  27.588  -39.263  -17.272 0.0000000000
29616  26.906  -39.341  -17.488 0.0000000000
29617  26.169  -39.556  -17.546 0.0000000000
29618  25.212  -39.430  -17.724 0.0000000000
29619  24.231  -39.786  -17.670 0.0000000000
29628  24.884  -38.783  -18.023 0.0000000000
29629  24.331  -38.950  -17.970 0.0000000000
30633  31.839  -38.567  -12.817 0.0000000000
30634  31.668  -38.874  -12.301 0.0000000000
30635  30.934  -38.680  -11.913 0.0000000000
30636  30.072  -38.576  -11.664 0.0000000000
30652  32.023  -39.153  -12.668 0.0000000000
30700  30.175  -39.298  -16.512 0.0000000000
30701  29.482  -38.920  -16.501 0.0000000000
30702  28.716  -38.649  -16.763 0.0000000000
30710  30.496  -40.199  -16.636 0.0000000000
30711  27.968  -38.433  -17.224 0.0000000000
30712  27.058  -38.255  -17.754 0.0000000000
30713  26.268  -38.752  -17.774 0.0000000000
30714  25.772  -39.032  -17.756 0.0000000000
30721  26.644  -37.643  -18.061 0.0000000000
30722  26.222  -37.927  -18.060 0.0000000000
30723  25.425  -38.406  -18.078 0.0000000000
30724  24.564  -38.335  -18.328 0.0000000000
31711  31.600  -38.184  -12.480 0.0000000000
31712  31.191  -37.972  -12.225 0.0000000000
31713  30.446  -37.739  -11.905 0.0000000000
31714  29.530  -37.585  -11.654 0.0000000000
31770  30.618  -38.781  -16.635 0.0000000000
31771  29.884  -38.414  -16.370 0.0000000000
31772  29.036  -38.036  -16.510 0.0000000000
31783  28.340  -37.701  -16.995 0.0000000000
31784  27.622  -37.419  -17.525 0.0000000000
31795  26.924  -37.187  -18.044 0.0000000000
31796  26.305  -37.207  -18.298 0.0000000000
31797  25.627  -37.360  -18.520 0.0000000000
32764  32.356  -37.157  -13.421 0.0000000000
32765  30.765  -37.078  -12.302 0.0000000000
32766  29.968  -36.735  -11.990 0.0000000000
32767  28.000  -36.195  -11.308 0.0000000000
32781  31.943  -37.830  -13.537 0.0000000000
32782  31.847  -36.807  -13.038 0.0000000000
32819  30.919  -38.299  -16.672 0.0000000000
32820  30.189  -38.114  -16.262 0.0000000000
32821  29.264  -37.607  -16.203 0.0000000000
32833  31.076  -38.935  -16.674 0.0000000000
32834  28.555  -37.147  -16.616 0.0000000000
32835  27.965  -36.762  -17.144 0.0000000000
32849  27.252  -36.307  -17.746 0.0000000000
32850  26.380  -36.304  -18.443 0.0000000000
33822  31.843  -36.524  -12.964 0.0000000000
33823  30.609  -36.294  -12.775 0.0000000000
33824  28.401  -35.361  -11.723 0.0000000000
33825  28.018  -35.545  -11.453 0.0000000000
33837  31.328  -36.248  -13.065 0.0000000000
33838  30.642  -35.691  -12.766 0.0000000000
33839  30.035  -35.332  -12.738 0.0000000000
33843  30.803  -36.177  -13.160 0.0000000000
33844  30.988  -35.457  -13.039 0.0000000000
33846  31.233  -36.634  -13.276 0.0000000000
33848  30.139  -37.918  -15.661 0.0000000000
33849  28.898  -36.668  -15.473 0.0000000000
33850  28.786  -36.626  -15.692 0.0000000000
33855  30.413  -37.986  -16.138 0.0000000000
33856  29.378  -37.331  -15.688 0.0000000000
33857  28.593  -36.584  -16.124 0.0000000000
33858  27.983  -35.993  -16.394 0.0000000000
33864  30.413  -38.432  -15.987 0.0000000000
33865  30.965  -38.530  -16.619 0.0000000000
33866  28.137  -36.431  -16.679 0.0000000000
33867  27.661  -35.796  -17.013 0.0000000000
33871  27.186  -35.394  -17.594 0.0000000000
33872  26.768  -35.423  -18.129 0.0000000000
34841  28.424  -34.882  -12.009 0.0000000000
34842  27.884  -34.837  -11.583 0.0000000000
34843  27.170  -34.733  -11.375 0.0000000000
34861  28.724  -35.090  -12.886 0.0000000000
34862  28.632  -34.968  -12.329 0.0000000000
34870  30.377  -36.010  -13.370 0.0000000000
34871  30.109  -35.877  -13.067 0.0000000000
34876  30.953  -36.168  -13.891 0.0000000000
34882  30.021  -37.119  -14.574 0.0000000000
34883  29.980  -37.306  -15.070 0.0000000000
34884  29.165  -36.771  -15.096 0.0000000000
34885  28.497  -35.939  -15.513 0.0000000000
34886  27.958  -35.097  -15.427 0.0000000000
34892  29.957  -37.587  -15.491 0.0000000000
34893  29.610  -37.329  -15.224 0.0000000000
34894  28.143  -35.922  -16.034 0.0000000000
34895  27.725  -35.197  -16.148 0.0000000000
34900  27.238  -34.706  -17.166 0.0000000000
34901  26.911  -34.223  -17.770 0.0000000000
34903  26.956  -34.827  -17.825 0.0000000000
35703  28.498  -34.614  -12.302 0.0000000000
35704  28.233  -34.303  -12.118 0.0000000000
35705  27.594  -34.238  -11.739 0.0000000000
35706  26.869  -34.077  -11.572 0.0000000000
35727  28.690  -35.073  -13.123 0.0000000000
35728  28.482  -34.699  -12.697 0.0000000000
35729  28.212  -34.060  -12.660 0.0000000000
35744  29.135  -36.135  -13.817 0.0000000000
35745  28.782  -35.492  -13.522 0.0000000000
35746  28.572  -34.806  -13.464 0.0000000000
35747  28.259  -34.114  -13.234 0.0000000000
35756  29.495  -36.659  -14.131 0.0000000000
35757  29.075  -36.037  -14.077 0.0000000000
35758  28.676  -35.238  -14.111 0.0000000000
35759  28.116  -34.163  -14.159 0.0000000000
35760  27.667  -33.572  -14.639 0.0000000000
35765  29.737  -37.036  -14.420 0.0000000000
35766  29.347  -36.676  -14.494 0.0000000000
35767  28.840  -35.942  -14.664 0.0000000000
35768  28.284  -35.071  -14.860 0.0000000000
35769  27.725  -34.114  -15.347 0.0000000000
35773  27.291  -33.965  -16.450 0.0000000000
35780  26.967  -33.680  -17.294 0.0000000000
36569  27.823  -33.943  -11.984 0.0000000000
36570  27.392  -33.727  -11.920 0.0000000000
36571  26.678  -33.428  -11.859 0.0000000000
36591  27.833  -33.790  -12.326 0.0000000000
36592  27.320  -33.337  -12.375 0.0000000000
36593  26.597  -32.896  -12.419 0.0000000000
36605  27.859  -33.588  -12.858 0.0000000000
36606  27.336  -33.054  -13.056 0.0000000000
36607  26.527  -32.626  -13.301 0.0000000000
36616  27.820  -33.578  -13.476 0.0000000000
36617  27.402  -33.115  -14.004 0.0000000000
36618  26.467  -32.598  -14.333 0.0000000000
36626  27.242  -33.054  -14.968 0.0000000000
36633  27.104  -33.117  -15.916 0.0000000000
133556  29.343  -47.143  -15.670 0.0000000000
133557  28.825  -47.587  -15.834 0.0000000000
133558  29.640  -45.628  -16.148 0.0000000000
133559  28.785  -46.809  -16.161 0.0000000000
133560  28.321  -47.426  -16.154 0.0000000000
133561  30.040  -44.508  -16.438 0.0000000000
133562  28.801  -45.978  -16.356 0.0000000000
133563  28.312  -46.234  -16.412 0.0000000000
133564  30.009  -45.217  -16.243 0.0000000000
133565  30.080  -42.671  -16.708 0.0000000000
133566  30.493  -43.661  -16.346 0.0000000000
133567  29.997  -45.591  -16.058 0.0000000000
133568  30.287  -43.905  -16.757 0.0000000000
133569  30.806  -44.216  -14.461 0.0000000000
133570  30.584  -43.888  -16.433 0.0000000000
133571  30.946  -43.506  -14.731 0.0000000000
133572  30.672  -43.799  -16.221 0.0000000000
133573  31.222  -42.841  -14.626 0.0000000000
133574  30.666  -43.551  -15.918 0.0000000000
133575  32.407  -41.230  -15.513 0.0000000000
133576  31.120  -42.773  -14.923 0.0000000000
133577  30.899  -43.624  -15.963 0.0000000000
133578  32.800  -40.284  -14.691 0.0000000000
133579  31.134  -42.458  -15.036 0.0000000000
133580  30.012  -40.474  -16.490 0.0000000000
133581  32.618  -40.806  -15.243 0.0000000000
133582  32.106  -41.589  -15.733 0.0000000000
133583  31.398  -42.579  -16.007 0.0000000000
133584  33.035  -39.838  -14.369 0.0000000000
133585  31.533  -41.859  -16.031 0.0000000000
133586  31.284  -39.035  -16.694 0.0000000000
133587  33.308  -39.165  -14.292 0.0000000000
133588  30.911  -40.185  -16.633 0.0000000000
133589  33.313  -38.899  -14.190 0.0000000000
133590  30.405  -37.322  -15.333 0.0000000000
133591  32.911  -38.246  -13.844 0.0000000000
133592  32.915  -39.376  -14.367 0.0000000000
133593  30.448  -43.957  -16.342 0.0000000000
133594  32.728  -40.501  -15.003 0.0000000000
133595  32.837  -40.265  -15.005 0.0000000000
133596  28.655  -47.311  -16.055 0.0000000000
