#!ascii label  , from subject cvs_avg35_inMNI152 vox2ras=TkReg
181
117731  13.269  49.273  -35.742 0.0000000000
117740  12.719  49.436  -35.995 0.0000000000
118370  13.557  49.907  -35.987 0.0000000000
118371  13.097  49.755  -35.977 0.0000000000
118377  14.533  50.738  -36.362 0.0000000000
118378  13.797  50.709  -36.180 0.0000000000
118379  12.897  50.394  -36.211 0.0000000000
118977  14.780  51.488  -36.673 0.0000000000
118978  14.148  51.585  -36.383 0.0000000000
118979  13.351  51.551  -36.335 0.0000000000
119536  14.907  51.994  -36.906 0.0000000000
119537  14.525  52.408  -36.734 0.0000000000
119538  13.774  52.526  -36.454 0.0000000000
119539  12.968  52.513  -36.447 0.0000000000
119544  15.004  52.477  -37.278 0.0000000000
119545  14.662  53.157  -37.078 0.0000000000
119552  15.291  52.667  -38.052 0.0000000000
119558  15.245  52.589  -38.988 0.0000000000
119565  14.952  52.390  -39.860 0.0000000000
119566  14.744  52.349  -40.672 0.0000000000
119573  15.617  52.442  -42.061 0.0000000000
119574  14.650  52.452  -41.706 0.0000000000
119579  14.896  52.911  -42.559 0.0000000000
119580  14.359  52.911  -42.421 0.0000000000
120174  14.176  53.542  -36.791 0.0000000000
120175  13.379  53.450  -36.568 0.0000000000
120182  14.907  53.632  -37.625 0.0000000000
120183  14.552  53.686  -37.173 0.0000000000
120190  15.124  53.580  -38.590 0.0000000000
120197  14.781  53.483  -39.737 0.0000000000
120198  14.359  53.975  -40.297 0.0000000000
120204  17.479  53.527  -40.884 0.0000000000
120205  16.880  54.156  -41.365 0.0000000000
120206  14.665  52.887  -40.297 0.0000000000
120207  14.260  53.413  -40.906 0.0000000000
120212  16.894  52.900  -41.468 0.0000000000
120213  16.396  53.491  -41.806 0.0000000000
120214  15.456  53.479  -42.563 0.0000000000
120215  13.907  53.386  -42.132 0.0000000000
120219  14.937  53.420  -43.000 0.0000000000
120220  14.335  53.425  -42.910 0.0000000000
120831  14.069  54.248  -36.965 0.0000000000
120832  13.674  54.270  -36.828 0.0000000000
120833  13.006  54.326  -36.685 0.0000000000
120840  14.755  54.472  -37.717 0.0000000000
120841  14.408  54.402  -37.301 0.0000000000
120847  14.937  54.508  -38.204 0.0000000000
120854  14.891  54.513  -39.063 0.0000000000
120855  14.474  54.558  -39.886 0.0000000000
120860  17.757  54.749  -40.355 0.0000000000
120861  17.167  54.914  -41.055 0.0000000000
120862  13.955  54.527  -40.651 0.0000000000
120867  16.520  54.697  -41.728 0.0000000000
120868  15.818  54.465  -42.424 0.0000000000
120869  13.509  54.543  -41.763 0.0000000000
120870  13.084  55.133  -42.127 0.0000000000
120874  14.919  54.258  -43.072 0.0000000000
120875  13.729  54.343  -42.971 0.0000000000
120876  13.187  54.950  -42.543 0.0000000000
121508  13.942  54.748  -37.083 0.0000000000
121509  13.401  55.265  -37.046 0.0000000000
121510  12.634  55.102  -36.901 0.0000000000
121516  14.673  55.341  -37.843 0.0000000000
121517  14.099  55.550  -37.357 0.0000000000
121518  13.688  55.955  -37.254 0.0000000000
121519  12.270  55.455  -37.064 0.0000000000
121526  14.800  55.434  -38.609 0.0000000000
121533  17.939  55.569  -39.645 0.0000000000
121534  14.600  55.440  -39.400 0.0000000000
121535  14.139  55.452  -40.213 0.0000000000
121540  17.448  55.692  -40.396 0.0000000000
121541  17.079  55.866  -40.925 0.0000000000
121542  13.553  55.462  -41.039 0.0000000000
121547  16.669  55.652  -41.440 0.0000000000
121548  16.104  55.519  -42.124 0.0000000000
121549  13.139  55.580  -41.787 0.0000000000
121550  12.985  55.678  -42.439 0.0000000000
121554  15.380  55.429  -42.824 0.0000000000
121555  14.432  55.421  -43.190 0.0000000000
121556  13.456  55.556  -43.097 0.0000000000
122182  12.848  55.743  -37.048 0.0000000000
122183  12.533  55.639  -37.056 0.0000000000
122188  14.445  56.483  -37.747 0.0000000000
122189  13.931  56.570  -37.414 0.0000000000
122190  13.266  56.393  -37.220 0.0000000000
122191  12.394  56.241  -37.229 0.0000000000
122192  11.562  56.428  -37.565 0.0000000000
122197  17.987  56.519  -38.875 0.0000000000
122198  14.723  56.412  -38.325 0.0000000000
122203  17.557  56.505  -39.857 0.0000000000
122204  14.686  56.321  -39.027 0.0000000000
122205  14.365  56.328  -39.739 0.0000000000
122210  17.150  56.532  -40.510 0.0000000000
122211  16.777  56.503  -41.097 0.0000000000
122212  13.828  56.422  -40.580 0.0000000000
122216  16.379  56.421  -41.716 0.0000000000
122217  15.789  56.472  -42.395 0.0000000000
122218  13.321  56.387  -41.397 0.0000000000
122219  12.955  56.444  -42.010 0.0000000000
122223  15.030  56.514  -43.080 0.0000000000
122224  14.060  56.551  -43.133 0.0000000000
122225  13.241  56.580  -42.704 0.0000000000
122769  14.649  57.422  -38.114 0.0000000000
122770  14.255  57.464  -37.669 0.0000000000
122771  13.631  57.465  -37.407 0.0000000000
122772  12.878  57.420  -37.294 0.0000000000
122773  12.075  57.433  -37.429 0.0000000000
122774  11.311  57.491  -37.751 0.0000000000
122777  17.744  57.683  -38.335 0.0000000000
122778  14.640  57.356  -38.883 0.0000000000
122779  14.443  57.936  -39.322 0.0000000000
122784  17.468  57.620  -39.512 0.0000000000
122785  17.113  58.176  -39.920 0.0000000000
122786  14.515  56.870  -39.367 0.0000000000
122787  14.203  57.423  -39.921 0.0000000000
122792  17.263  57.065  -40.144 0.0000000000
122793  16.802  57.585  -40.648 0.0000000000
122794  16.360  58.087  -41.299 0.0000000000
122795  13.454  57.451  -41.128 0.0000000000
122796  13.264  57.968  -41.532 0.0000000000
122799  16.565  56.978  -41.322 0.0000000000
122800  16.260  57.398  -41.752 0.0000000000
122801  13.155  56.953  -41.657 0.0000000000
122802  13.124  57.522  -42.014 0.0000000000
122806  15.523  57.551  -42.541 0.0000000000
122807  14.644  57.599  -42.968 0.0000000000
122808  13.797  57.544  -42.660 0.0000000000
123260  14.688  57.888  -38.121 0.0000000000
123261  14.531  58.298  -38.086 0.0000000000
123262  13.981  58.397  -37.614 0.0000000000
123263  13.308  58.431  -37.385 0.0000000000
123264  12.549  58.457  -37.377 0.0000000000
123268  17.547  58.602  -37.735 0.0000000000
123269  14.660  57.890  -38.365 0.0000000000
123270  14.516  58.399  -38.877 0.0000000000
123275  17.515  58.580  -38.670 0.0000000000
123276  17.248  58.699  -39.406 0.0000000000
123277  14.185  58.472  -39.698 0.0000000000
123282  16.865  58.781  -40.083 0.0000000000
123283  16.466  58.768  -40.907 0.0000000000
123284  13.732  58.371  -40.519 0.0000000000
123285  13.366  58.402  -41.210 0.0000000000
123289  15.959  58.582  -41.806 0.0000000000
123290  13.384  58.388  -41.707 0.0000000000
123294  15.147  58.610  -42.520 0.0000000000
123295  14.288  58.536  -42.609 0.0000000000
123296  13.620  58.431  -42.222 0.0000000000
123737  17.402  59.491  -37.116 0.0000000000
123738  14.148  59.277  -37.957 0.0000000000
123739  13.652  59.300  -37.641 0.0000000000
123745  17.345  59.475  -38.062 0.0000000000
123746  17.180  59.881  -38.570 0.0000000000
123747  14.327  59.333  -38.614 0.0000000000
123753  17.311  59.281  -38.828 0.0000000000
123754  16.989  59.693  -39.323 0.0000000000
123755  14.212  59.313  -39.422 0.0000000000
123760  16.570  59.754  -40.251 0.0000000000
123761  16.152  59.766  -41.162 0.0000000000
123762  13.844  59.194  -40.196 0.0000000000
123763  13.508  59.065  -40.867 0.0000000000
123767  15.389  59.723  -41.872 0.0000000000
123768  14.605  60.005  -41.896 0.0000000000
123769  13.478  58.940  -41.410 0.0000000000
123773  14.706  59.339  -42.344 0.0000000000
123774  13.977  59.442  -42.117 0.0000000000
123775  13.572  59.011  -41.801 0.0000000000
124244  17.174  60.241  -38.040 0.0000000000
124245  16.989  60.705  -38.532 0.0000000000
124253  16.644  60.726  -39.504 0.0000000000
124254  14.163  60.257  -39.208 0.0000000000
124260  16.241  60.748  -40.390 0.0000000000
124261  15.659  60.731  -41.089 0.0000000000
124262  13.960  60.036  -40.068 0.0000000000
124263  13.725  59.667  -40.681 0.0000000000
124268  14.864  60.630  -41.395 0.0000000000
124269  14.062  60.260  -41.084 0.0000000000
124270  13.656  59.462  -41.209 0.0000000000
124274  13.782  59.474  -41.555 0.0000000000
124275  13.634  59.203  -41.510 0.0000000000
124750  14.441  60.981  -40.838 0.0000000000
124751  14.260  60.853  -40.655 0.0000000000
