#!ascii label  , from subject cvs_avg35_inMNI152 vox2ras=TkReg
222
69803  63.331  -2.496  -30.205 0.0000000000
69804  62.581  -2.357  -30.328 0.0000000000
69805  61.566  -2.332  -30.405 0.0000000000
69806  60.445  -2.428  -30.500 0.0000000000
69807  59.275  -2.490  -30.710 0.0000000000
69826  59.099  -1.961  -30.953 0.0000000000
69827  58.568  -2.117  -31.158 0.0000000000
70781  64.229  -1.738  -29.950 0.0000000000
70782  63.726  -2.081  -30.074 0.0000000000
70796  64.046  -1.265  -30.099 0.0000000000
70797  63.449  -1.562  -30.237 0.0000000000
70798  62.324  -1.406  -30.496 0.0000000000
70799  61.118  -1.302  -30.788 0.0000000000
70800  59.924  -1.707  -30.784 0.0000000000
70801  59.376  -1.882  -30.883 0.0000000000
70818  60.939  -0.632  -31.169 0.0000000000
70819  60.208  -0.921  -31.165 0.0000000000
70820  59.238  -1.448  -31.338 0.0000000000
70821  58.060  -1.367  -31.803 0.0000000000
70839  57.807  -0.739  -32.220 0.0000000000
71839  65.375  -1.083  -29.992 0.0000000000
71840  64.732  -1.115  -30.016 0.0000000000
71841  64.306  -1.172  -30.047 0.0000000000
71854  65.129  -0.452  -30.283 0.0000000000
71855  64.184  -0.658  -30.285 0.0000000000
71856  63.149  -0.582  -30.579 0.0000000000
71857  62.127  -0.393  -30.979 0.0000000000
71858  61.404  -0.616  -31.073 0.0000000000
71875  61.967  0.215  -31.276 0.0000000000
71876  61.376  -0.038  -31.290 0.0000000000
71877  60.517  -0.151  -31.428 0.0000000000
71878  59.535  -0.328  -31.763 0.0000000000
71879  58.858  -0.913  -31.850 0.0000000000
71895  59.106  0.166  -32.173 0.0000000000
71896  58.459  -0.317  -32.228 0.0000000000
72974  66.179  -0.011  -30.829 0.0000000000
72975  65.622  0.324  -30.594 0.0000000000
72976  64.773  0.392  -30.555 0.0000000000
72977  63.801  0.342  -30.749 0.0000000000
72978  62.998  0.135  -30.915 0.0000000000
72992  63.306  0.720  -31.041 0.0000000000
72993  62.558  0.636  -31.227 0.0000000000
72994  61.732  0.772  -31.458 0.0000000000
72995  60.873  0.674  -31.624 0.0000000000
72996  60.167  0.375  -31.723 0.0000000000
73010  60.325  0.949  -31.867 0.0000000000
73011  59.617  0.741  -32.107 0.0000000000
73012  58.727  0.663  -32.410 0.0000000000
73013  57.870  0.494  -32.591 0.0000000000
73024  65.632  0.946  -32.946 0.0000000000
73025  65.050  0.569  -33.262 0.0000000000
73026  64.074  0.466  -33.734 0.0000000000
73045  63.362  0.779  -34.157 0.0000000000
74138  66.135  1.276  -30.913 0.0000000000
74139  65.346  1.283  -30.739 0.0000000000
74140  64.381  1.388  -30.926 0.0000000000
74141  63.729  0.996  -30.994 0.0000000000
74156  66.386  1.424  -31.576 0.0000000000
74157  64.073  2.001  -31.198 0.0000000000
74158  63.385  1.554  -31.259 0.0000000000
74159  62.297  1.582  -31.508 0.0000000000
74160  61.264  1.666  -31.757 0.0000000000
74161  60.686  1.250  -31.829 0.0000000000
74171  66.302  1.562  -32.199 0.0000000000
74172  65.831  1.645  -32.711 0.0000000000
74173  60.875  2.241  -32.000 0.0000000000
74174  60.290  1.733  -32.140 0.0000000000
74175  59.130  1.699  -32.666 0.0000000000
74176  58.177  1.223  -32.732 0.0000000000
74189  65.304  1.620  -33.234 0.0000000000
74190  64.556  1.517  -33.629 0.0000000000
74191  63.779  1.525  -34.051 0.0000000000
74192  58.829  2.189  -33.082 0.0000000000
74193  58.312  1.928  -33.077 0.0000000000
74210  63.035  1.533  -34.457 0.0000000000
74211  62.183  1.559  -34.699 0.0000000000
74212  61.411  1.664  -35.109 0.0000000000
75335  66.152  2.162  -30.917 0.0000000000
75336  65.729  2.144  -30.825 0.0000000000
75337  65.126  1.995  -30.879 0.0000000000
75354  66.295  2.284  -31.293 0.0000000000
75355  65.329  2.550  -30.968 0.0000000000
75356  64.658  2.476  -31.148 0.0000000000
75357  63.811  2.601  -31.371 0.0000000000
75358  62.831  2.603  -31.568 0.0000000000
75359  61.982  2.330  -31.693 0.0000000000
75369  66.339  2.473  -31.906 0.0000000000
75370  65.995  2.531  -32.445 0.0000000000
75371  62.149  3.024  -31.748 0.0000000000
75372  61.399  2.775  -31.955 0.0000000000
75373  60.590  2.770  -32.287 0.0000000000
75374  59.819  2.590  -32.641 0.0000000000
75385  65.565  2.556  -33.010 0.0000000000
75386  64.938  2.510  -33.498 0.0000000000
75387  64.226  2.458  -33.943 0.0000000000
75388  59.215  2.610  -33.081 0.0000000000
75389  58.603  2.600  -33.408 0.0000000000
75404  63.502  2.453  -34.385 0.0000000000
75405  62.711  2.496  -34.759 0.0000000000
75406  61.896  2.545  -35.051 0.0000000000
75425  61.268  2.675  -35.722 0.0000000000
76483  65.962  2.738  -31.038 0.0000000000
76484  65.630  2.710  -30.974 0.0000000000
76502  66.020  3.365  -31.606 0.0000000000
76503  65.334  3.260  -31.259 0.0000000000
76504  64.374  3.466  -31.372 0.0000000000
76505  63.488  3.509  -31.536 0.0000000000
76506  62.699  3.637  -31.719 0.0000000000
76517  66.072  3.392  -32.194 0.0000000000
76518  65.758  3.456  -32.700 0.0000000000
76519  61.910  3.734  -31.994 0.0000000000
76520  61.067  3.640  -32.334 0.0000000000
76521  60.150  3.604  -32.837 0.0000000000
76522  59.597  3.095  -33.019 0.0000000000
76532  65.275  3.487  -33.256 0.0000000000
76533  64.625  3.412  -33.754 0.0000000000
76534  63.986  3.377  -34.264 0.0000000000
76535  59.879  4.081  -33.323 0.0000000000
76536  59.232  3.566  -33.614 0.0000000000
76550  63.277  3.394  -34.739 0.0000000000
76551  62.426  3.515  -35.224 0.0000000000
76552  61.803  3.142  -35.398 0.0000000000
76553  58.902  4.103  -34.136 0.0000000000
76573  62.231  4.098  -35.560 0.0000000000
76574  61.802  3.747  -35.749 0.0000000000
76593  61.490  3.590  -36.484 0.0000000000
77673  65.927  4.108  -31.761 0.0000000000
77674  65.621  4.209  -31.542 0.0000000000
77675  64.886  4.388  -31.424 0.0000000000
77676  63.973  4.452  -31.556 0.0000000000
77677  63.241  4.239  -31.660 0.0000000000
77684  66.093  4.090  -32.008 0.0000000000
77685  65.912  4.205  -32.399 0.0000000000
77686  63.447  4.854  -31.739 0.0000000000
77687  62.645  4.656  -31.979 0.0000000000
77688  61.601  4.600  -32.465 0.0000000000
77689  60.842  4.290  -32.714 0.0000000000
77697  65.571  4.388  -32.898 0.0000000000
77698  64.943  4.475  -33.507 0.0000000000
77699  64.377  4.122  -34.024 0.0000000000
77700  61.070  4.924  -32.890 0.0000000000
77701  60.392  4.638  -33.213 0.0000000000
77702  59.749  4.486  -33.700 0.0000000000
77714  64.483  4.847  -34.023 0.0000000000
77715  63.831  4.458  -34.566 0.0000000000
77716  63.134  4.125  -35.072 0.0000000000
77717  59.281  4.494  -34.147 0.0000000000
77733  63.320  4.789  -35.121 0.0000000000
77734  62.687  4.539  -35.481 0.0000000000
77735  62.131  4.520  -35.855 0.0000000000
77753  61.852  4.393  -36.317 0.0000000000
78863  65.930  4.638  -31.841 0.0000000000
78864  65.385  5.228  -31.664 0.0000000000
78865  64.430  5.418  -31.672 0.0000000000
78866  63.857  5.129  -31.707 0.0000000000
78876  65.997  4.564  -32.161 0.0000000000
78877  65.741  5.108  -32.347 0.0000000000
78878  64.197  6.001  -31.923 0.0000000000
78879  63.544  5.652  -32.087 0.0000000000
78880  62.271  5.640  -32.748 0.0000000000
78881  61.517  5.227  -32.873 0.0000000000
78888  65.327  5.341  -33.028 0.0000000000
78889  64.788  5.555  -33.630 0.0000000000
78890  62.050  6.192  -33.303 0.0000000000
78891  61.189  5.697  -33.518 0.0000000000
78892  60.104  5.168  -33.896 0.0000000000
78893  59.646  4.882  -34.120 0.0000000000
78905  64.282  5.549  -34.318 0.0000000000
78906  63.735  5.448  -34.942 0.0000000000
78907  60.911  6.150  -34.195 0.0000000000
78908  60.376  5.777  -34.293 0.0000000000
78909  59.459  5.332  -34.770 0.0000000000
78921  63.190  5.385  -35.491 0.0000000000
78922  62.548  5.289  -36.067 0.0000000000
78923  62.106  4.821  -36.188 0.0000000000
79999  64.908  6.059  -31.735 0.0000000000
80000  64.486  6.087  -31.850 0.0000000000
80016  65.332  6.070  -32.214 0.0000000000
80017  64.286  6.595  -32.409 0.0000000000
80018  63.136  6.683  -32.844 0.0000000000
80019  62.489  6.357  -33.092 0.0000000000
80032  65.388  5.784  -32.634 0.0000000000
80033  64.897  6.412  -33.040 0.0000000000
80034  62.926  7.238  -33.082 0.0000000000
80035  62.386  6.967  -33.434 0.0000000000
80036  61.790  6.411  -33.639 0.0000000000
80050  64.522  6.503  -33.948 0.0000000000
80051  64.043  6.391  -34.733 0.0000000000
80052  62.058  7.397  -33.827 0.0000000000
80053  61.471  6.870  -34.238 0.0000000000
80054  60.562  6.357  -34.633 0.0000000000
80055  60.068  5.961  -34.755 0.0000000000
80071  63.608  6.113  -35.330 0.0000000000
80072  63.215  6.145  -35.867 0.0000000000
80073  61.130  7.382  -34.752 0.0000000000
80074  60.704  7.025  -34.984 0.0000000000
80075  59.830  6.436  -35.239 0.0000000000
81186  64.043  7.538  -32.966 0.0000000000
81187  63.709  7.449  -32.932 0.0000000000
81204  64.304  7.403  -33.088 0.0000000000
81205  63.261  7.474  -33.038 0.0000000000
81206  62.912  7.723  -33.238 0.0000000000
81219  64.446  7.443  -33.612 0.0000000000
81220  64.259  7.433  -34.427 0.0000000000
81221  62.441  7.860  -33.609 0.0000000000
81222  61.937  7.886  -34.065 0.0000000000
81239  63.686  7.187  -35.462 0.0000000000
81241  61.428  7.871  -34.581 0.0000000000
82280  64.055  8.009  -33.186 0.0000000000
82281  63.834  8.104  -33.123 0.0000000000
82300  64.209  8.210  -33.406 0.0000000000
82301  63.463  8.147  -33.163 0.0000000000
82302  62.916  8.483  -33.377 0.0000000000
82317  64.338  8.391  -34.003 0.0000000000
82318  64.061  8.429  -34.878 0.0000000000
82319  62.373  8.610  -33.817 0.0000000000
82320  61.833  8.656  -34.326 0.0000000000
83408  64.018  8.592  -33.144 0.0000000000
83409  63.755  8.525  -33.128 0.0000000000
83440  64.135  9.096  -33.600 0.0000000000
83441  63.519  9.012  -33.354 0.0000000000
83442  62.819  9.218  -33.668 0.0000000000
