#!ascii label  , from subject cvs_avg35_inMNI152 vox2ras=TkReg
178
103898  9.296  30.874  -30.914 0.0000000000
103899  8.885  30.463  -30.505 0.0000000000
103909  10.389  30.764  -31.626 0.0000000000
103910  9.516  30.424  -31.252 0.0000000000
104629  9.161  31.098  -30.705 0.0000000000
104630  8.828  31.568  -30.209 0.0000000000
104640  10.905  31.677  -31.469 0.0000000000
104641  9.799  32.855  -31.823 0.0000000000
104642  9.144  32.854  -31.573 0.0000000000
105372  12.491  34.063  -30.668 0.0000000000
105373  8.688  33.517  -30.674 0.0000000000
105381  11.618  33.889  -31.041 0.0000000000
105382  10.593  33.373  -31.685 0.0000000000
105383  9.807  32.553  -31.820 0.0000000000
105384  8.964  33.052  -31.554 0.0000000000
105392  10.198  33.193  -31.995 0.0000000000
105393  9.655  32.844  -32.246 0.0000000000
105394  9.011  32.956  -32.122 0.0000000000
105401  9.314  32.436  -33.811 0.0000000000
105402  9.197  32.311  -33.664 0.0000000000
105408  9.239  32.333  -34.016 0.0000000000
105409  8.868  32.016  -33.948 0.0000000000
105410  8.362  32.279  -34.424 0.0000000000
105419  9.180  32.397  -34.386 0.0000000000
105420  8.812  32.235  -34.896 0.0000000000
105421  8.056  32.188  -35.091 0.0000000000
105430  8.531  32.276  -35.774 0.0000000000
105431  7.785  32.236  -35.996 0.0000000000
105441  8.357  32.222  -36.688 0.0000000000
105442  7.597  32.381  -36.949 0.0000000000
105452  8.144  32.406  -37.454 0.0000000000
105453  7.655  32.714  -37.685 0.0000000000
106171  12.978  34.296  -30.525 0.0000000000
106172  12.139  34.243  -30.748 0.0000000000
106173  8.606  33.837  -30.709 0.0000000000
106178  11.355  34.068  -31.236 0.0000000000
106179  10.700  33.835  -31.714 0.0000000000
106180  8.756  33.582  -31.530 0.0000000000
106186  10.235  33.537  -32.173 0.0000000000
106187  9.666  33.199  -32.510 0.0000000000
106188  8.849  33.281  -32.333 0.0000000000
106193  9.323  32.662  -33.719 0.0000000000
106194  9.177  32.950  -34.152 0.0000000000
106199  9.336  32.866  -34.100 0.0000000000
106200  8.425  32.736  -33.926 0.0000000000
106201  7.959  32.790  -34.474 0.0000000000
106206  9.264  33.011  -34.946 0.0000000000
106207  9.064  32.616  -35.559 0.0000000000
106208  7.647  32.942  -35.284 0.0000000000
106216  9.278  33.279  -35.674 0.0000000000
106217  9.042  32.865  -36.334 0.0000000000
106218  7.403  33.068  -36.257 0.0000000000
106227  8.734  32.903  -37.251 0.0000000000
106243  8.297  33.064  -38.099 0.0000000000
106948  14.338  34.603  -30.686 0.0000000000
106949  13.569  34.748  -30.500 0.0000000000
106950  12.683  34.775  -30.568 0.0000000000
106951  11.888  34.706  -30.894 0.0000000000
106952  8.535  34.370  -30.846 0.0000000000
106957  11.271  34.569  -31.386 0.0000000000
106958  10.740  34.378  -31.863 0.0000000000
106959  8.614  34.113  -31.679 0.0000000000
106965  10.285  34.053  -32.377 0.0000000000
106966  9.725  33.556  -32.804 0.0000000000
106967  8.718  33.724  -32.560 0.0000000000
106971  9.528  33.228  -33.405 0.0000000000
106972  8.494  33.580  -33.377 0.0000000000
106973  8.096  34.070  -33.807 0.0000000000
106978  9.552  33.773  -34.344 0.0000000000
106979  8.159  33.362  -34.007 0.0000000000
106985  9.500  34.018  -35.245 0.0000000000
106992  9.387  34.054  -36.171 0.0000000000
106993  9.186  33.580  -36.909 0.0000000000
107000  9.323  34.399  -36.917 0.0000000000
107001  9.029  33.970  -37.667 0.0000000000
107014  8.584  34.061  -38.562 0.0000000000
107730  14.335  35.380  -30.679 0.0000000000
107731  13.270  35.458  -30.496 0.0000000000
107732  12.383  35.432  -30.732 0.0000000000
107733  11.713  35.310  -31.118 0.0000000000
107739  14.649  36.175  -30.963 0.0000000000
107740  11.233  35.217  -31.545 0.0000000000
107741  10.782  35.114  -32.049 0.0000000000
107742  8.395  34.793  -31.878 0.0000000000
107749  10.342  34.842  -32.674 0.0000000000
107750  9.936  34.266  -33.141 0.0000000000
107751  8.330  34.619  -32.647 0.0000000000
107756  10.192  35.170  -33.190 0.0000000000
107757  9.884  34.733  -33.777 0.0000000000
107763  9.734  34.924  -34.700 0.0000000000
107769  9.585  35.114  -35.576 0.0000000000
107776  9.467  35.229  -36.440 0.0000000000
107786  9.317  35.204  -37.305 0.0000000000
107787  8.990  35.050  -38.153 0.0000000000
107801  8.668  35.034  -38.974 0.0000000000
108514  13.806  36.305  -30.637 0.0000000000
108515  12.849  36.178  -30.657 0.0000000000
108516  12.038  36.209  -31.042 0.0000000000
108517  11.574  35.732  -31.318 0.0000000000
108523  14.399  36.821  -30.949 0.0000000000
108524  11.775  36.779  -31.359 0.0000000000
108525  11.328  36.159  -31.651 0.0000000000
108526  10.806  36.002  -32.330 0.0000000000
108534  10.479  35.885  -32.886 0.0000000000
108541  10.289  36.118  -33.604 0.0000000000
108542  9.995  35.717  -34.294 0.0000000000
108549  10.156  36.592  -34.403 0.0000000000
108550  9.859  36.144  -35.054 0.0000000000
108555  9.713  36.192  -35.908 0.0000000000
108563  9.612  36.290  -36.800 0.0000000000
108575  9.366  36.257  -37.829 0.0000000000
108576  9.022  35.820  -38.567 0.0000000000
108588  9.185  36.603  -38.570 0.0000000000
109258  13.838  37.107  -30.839 0.0000000000
109259  13.131  36.901  -30.789 0.0000000000
109260  12.592  36.657  -30.887 0.0000000000
109266  13.386  37.687  -31.095 0.0000000000
109267  12.373  37.294  -31.173 0.0000000000
109268  11.486  37.370  -31.783 0.0000000000
109269  11.070  36.708  -32.086 0.0000000000
109276  11.274  37.949  -32.307 0.0000000000
109277  10.779  37.203  -32.767 0.0000000000
109282  10.418  37.427  -34.015 0.0000000000
109286  10.177  37.444  -35.100 0.0000000000
109287  9.948  36.811  -35.537 0.0000000000
109291  10.249  37.956  -35.669 0.0000000000
109292  10.016  37.377  -36.134 0.0000000000
109302  9.685  37.375  -37.231 0.0000000000
109314  9.400  37.406  -38.149 0.0000000000
110012  12.788  38.515  -31.547 0.0000000000
110013  12.037  38.008  -31.501 0.0000000000
110022  12.447  39.104  -32.001 0.0000000000
110023  11.822  38.589  -32.071 0.0000000000
110024  11.197  38.533  -32.787 0.0000000000
110030  10.746  38.523  -33.637 0.0000000000
110035  10.460  38.552  -34.662 0.0000000000
110043  10.347  38.515  -35.450 0.0000000000
110044  10.257  38.467  -36.051 0.0000000000
110056  9.964  38.431  -36.814 0.0000000000
110067  9.588  38.412  -37.711 0.0000000000
110755  13.053  39.593  -32.056 0.0000000000
110756  12.225  39.648  -32.481 0.0000000000
110757  11.610  39.263  -32.724 0.0000000000
110768  11.733  39.933  -32.978 0.0000000000
110769  11.220  39.569  -33.389 0.0000000000
110777  10.759  39.736  -34.366 0.0000000000
110789  10.441  39.597  -35.484 0.0000000000
110790  10.350  39.021  -35.839 0.0000000000
110803  10.408  40.068  -36.112 0.0000000000
110804  10.260  39.484  -36.431 0.0000000000
110814  9.831  39.419  -37.369 0.0000000000
111432  12.830  40.509  -32.591 0.0000000000
111433  12.145  40.542  -32.952 0.0000000000
111447  11.631  40.579  -33.435 0.0000000000
111448  11.184  40.336  -33.921 0.0000000000
111465  11.399  40.985  -33.957 0.0000000000
111466  11.002  40.827  -34.434 0.0000000000
111477  10.639  40.690  -35.137 0.0000000000
111488  10.489  40.679  -35.964 0.0000000000
111489  10.339  40.522  -36.576 0.0000000000
111499  10.105  40.371  -37.184 0.0000000000
112116  12.539  41.471  -33.042 0.0000000000
112117  12.018  41.057  -33.250 0.0000000000
112136  12.296  42.032  -33.390 0.0000000000
112137  11.851  41.595  -33.637 0.0000000000
112158  11.372  41.601  -34.337 0.0000000000
112159  10.939  41.605  -34.940 0.0000000000
112172  10.688  41.650  -35.740 0.0000000000
112184  10.418  41.601  -36.726 0.0000000000
112185  10.235  40.987  -37.044 0.0000000000
112796  12.170  42.477  -33.725 0.0000000000
112814  11.722  42.444  -34.221 0.0000000000
112815  11.296  42.216  -34.728 0.0000000000
112829  11.468  42.854  -34.754 0.0000000000
112830  11.075  42.592  -35.360 0.0000000000
113456  12.068  42.916  -34.042 0.0000000000
113493  11.442  43.563  -35.142 0.0000000000
113494  11.081  43.531  -35.845 0.0000000000
