#!ascii label  , from subject cvs_avg35_inMNI152 vox2ras=TkReg
172
30456  12.203  -38.080  0.638 0.0000000000
30467  11.274  -38.726  -0.848 0.0000000000
30481  11.084  -38.264  -1.868 0.0000000000
30497  10.931  -37.931  -2.340 0.0000000000
30498  10.478  -38.271  -2.609 0.0000000000
30515  10.257  -38.133  -3.056 0.0000000000
31564  13.326  -36.973  0.676 0.0000000000
31565  12.688  -37.492  0.484 0.0000000000
31566  12.144  -38.047  0.318 0.0000000000
31575  12.243  -37.245  -0.811 0.0000000000
31576  11.985  -38.007  -0.305 0.0000000000
31585  11.954  -37.170  -1.466 0.0000000000
31586  11.686  -37.768  -1.363 0.0000000000
31596  11.306  -37.577  -2.197 0.0000000000
31597  10.861  -37.554  -2.731 0.0000000000
31607  10.345  -37.694  -3.230 0.0000000000
31608  9.792  -37.623  -3.815 0.0000000000
31633  7.920  -36.685  -5.164 0.0000000000
32611  14.046  -36.610  1.280 0.0000000000
32616  14.277  -35.901  0.833 0.0000000000
32617  13.725  -36.320  0.574 0.0000000000
32618  13.182  -36.838  0.311 0.0000000000
32625  13.421  -35.979  -0.163 0.0000000000
32626  12.954  -36.478  -0.435 0.0000000000
32633  12.179  -36.482  -1.764 0.0000000000
32634  11.743  -37.156  -1.952 0.0000000000
32642  11.883  -36.061  -2.516 0.0000000000
32643  11.361  -36.616  -2.856 0.0000000000
32644  10.749  -37.147  -3.190 0.0000000000
32653  10.963  -36.093  -3.534 0.0000000000
32654  10.321  -36.602  -3.844 0.0000000000
32655  9.632  -37.100  -4.185 0.0000000000
32666  9.973  -36.059  -4.510 0.0000000000
32667  9.283  -36.484  -4.730 0.0000000000
32668  8.565  -36.796  -4.956 0.0000000000
32678  9.044  -35.915  -5.259 0.0000000000
32679  8.459  -36.240  -5.299 0.0000000000
32680  7.756  -36.100  -5.077 0.0000000000
32691  8.494  -35.611  -5.621 0.0000000000
32692  8.167  -35.632  -5.603 0.0000000000
32724  15.798  -35.187  -8.579 0.0000000000
32725  15.152  -34.849  -8.661 0.0000000000
33637  18.674  -34.998  1.003 0.0000000000
33638  17.583  -35.087  1.471 0.0000000000
33639  16.641  -35.219  1.531 0.0000000000
33641  15.174  -35.633  1.310 0.0000000000
33647  19.519  -35.005  -0.040 0.0000000000
33648  18.757  -34.824  0.188 0.0000000000
33649  16.077  -35.061  1.154 0.0000000000
33650  15.488  -35.194  0.943 0.0000000000
33651  14.721  -35.483  0.722 0.0000000000
33652  14.156  -35.675  0.435 0.0000000000
33659  14.370  -35.317  0.164 0.0000000000
33660  13.850  -35.470  -0.211 0.0000000000
33661  13.308  -35.724  -0.661 0.0000000000
33668  13.599  -35.119  -1.160 0.0000000000
33669  12.900  -35.686  -1.429 0.0000000000
33677  13.219  -35.073  -2.021 0.0000000000
33678  12.389  -35.417  -2.661 0.0000000000
33679  11.749  -35.845  -2.898 0.0000000000
33688  12.207  -35.029  -3.451 0.0000000000
33689  11.485  -35.405  -3.654 0.0000000000
33690  10.779  -35.829  -3.872 0.0000000000
33701  11.232  -34.971  -4.430 0.0000000000
33702  10.520  -35.361  -4.611 0.0000000000
33703  9.825  -35.779  -4.831 0.0000000000
33712  17.844  -34.847  -5.195 0.0000000000
33713  10.316  -34.938  -5.358 0.0000000000
33714  9.604  -35.231  -5.469 0.0000000000
33715  8.831  -35.612  -5.561 0.0000000000
33716  7.628  -35.285  -4.675 0.0000000000
33724  17.640  -35.191  -5.968 0.0000000000
33725  16.874  -34.934  -6.311 0.0000000000
33726  9.551  -34.576  -6.497 0.0000000000
33727  8.605  -35.010  -6.149 0.0000000000
33728  7.836  -35.050  -5.516 0.0000000000
33740  16.710  -35.402  -7.166 0.0000000000
33741  15.524  -34.835  -7.458 0.0000000000
33742  14.855  -34.622  -7.445 0.0000000000
33743  13.049  -34.778  -7.858 0.0000000000
33744  12.675  -34.684  -7.643 0.0000000000
33745  10.280  -34.500  -7.873 0.0000000000
33746  9.819  -34.350  -7.332 0.0000000000
33747  9.153  -34.205  -6.911 0.0000000000
33761  16.514  -35.764  -7.958 0.0000000000
33762  15.981  -35.323  -8.006 0.0000000000
33763  14.672  -34.758  -8.093 0.0000000000
33764  13.444  -34.852  -8.305 0.0000000000
33765  12.305  -34.881  -8.123 0.0000000000
33785  14.663  -34.802  -8.654 0.0000000000
33786  14.023  -34.903  -8.795 0.0000000000
34638  17.670  -34.777  0.760 0.0000000000
34639  16.915  -34.809  0.952 0.0000000000
34640  16.428  -34.920  1.049 0.0000000000
34645  18.739  -34.764  -0.349 0.0000000000
34646  18.091  -34.639  0.053 0.0000000000
34647  17.103  -34.564  0.190 0.0000000000
34648  16.119  -34.743  0.470 0.0000000000
34649  15.149  -34.956  0.272 0.0000000000
34650  14.681  -35.145  0.203 0.0000000000
34654  19.082  -34.807  -1.114 0.0000000000
34655  18.253  -34.605  -0.908 0.0000000000
34656  17.402  -34.471  -0.715 0.0000000000
34657  16.457  -34.460  -0.563 0.0000000000
34658  15.492  -34.616  -0.476 0.0000000000
34659  14.553  -34.921  -0.378 0.0000000000
34660  14.011  -35.012  -0.695 0.0000000000
34665  19.102  -34.775  -2.020 0.0000000000
34666  18.492  -34.619  -1.771 0.0000000000
34667  17.707  -34.468  -1.629 0.0000000000
34668  16.823  -34.362  -1.518 0.0000000000
34669  15.872  -34.397  -1.424 0.0000000000
34670  14.911  -34.572  -1.312 0.0000000000
34671  14.210  -34.782  -1.130 0.0000000000
34677  18.721  -34.659  -2.504 0.0000000000
34678  18.059  -34.511  -2.468 0.0000000000
34679  17.233  -34.373  -2.429 0.0000000000
34680  16.318  -34.306  -2.385 0.0000000000
34681  15.317  -34.353  -2.318 0.0000000000
34682  14.118  -34.575  -2.164 0.0000000000
34683  13.246  -34.752  -2.753 0.0000000000
34688  18.501  -34.640  -3.191 0.0000000000
34689  17.693  -34.476  -3.261 0.0000000000
34690  16.833  -34.348  -3.295 0.0000000000
34691  15.901  -34.285  -3.310 0.0000000000
34692  14.887  -34.310  -3.312 0.0000000000
34693  13.873  -34.416  -3.432 0.0000000000
34694  12.862  -34.653  -3.587 0.0000000000
34695  12.184  -34.741  -3.943 0.0000000000
34701  18.166  -34.656  -4.014 0.0000000000
34702  17.375  -34.523  -4.101 0.0000000000
34703  16.524  -34.438  -4.208 0.0000000000
34704  15.592  -34.370  -4.272 0.0000000000
34705  14.626  -34.331  -4.347 0.0000000000
34706  13.655  -34.336  -4.445 0.0000000000
34707  12.746  -34.411  -4.569 0.0000000000
34708  11.831  -34.569  -4.604 0.0000000000
34709  11.201  -34.691  -4.921 0.0000000000
34715  17.850  -34.702  -4.682 0.0000000000
34716  17.207  -34.640  -5.043 0.0000000000
34717  16.285  -34.544  -5.128 0.0000000000
34718  15.379  -34.436  -5.239 0.0000000000
34719  14.431  -34.352  -5.314 0.0000000000
34720  13.498  -34.303  -5.407 0.0000000000
34721  12.585  -34.280  -5.480 0.0000000000
34722  11.729  -34.343  -5.552 0.0000000000
34723  10.889  -34.572  -5.559 0.0000000000
34724  10.324  -34.677  -5.826 0.0000000000
34732  16.854  -34.736  -5.756 0.0000000000
34733  16.172  -34.659  -6.127 0.0000000000
34734  15.174  -34.455  -6.132 0.0000000000
34735  14.272  -34.394  -6.232 0.0000000000
34736  13.356  -34.348  -6.346 0.0000000000
34737  12.433  -34.288  -6.406 0.0000000000
34738  11.567  -34.280  -6.402 0.0000000000
34739  10.806  -34.389  -6.430 0.0000000000
34740  10.136  -34.539  -6.379 0.0000000000
34741  8.502  -33.967  -6.667 0.0000000000
34742  7.925  -34.183  -6.050 0.0000000000
34750  15.733  -34.738  -6.800 0.0000000000
34751  14.977  -34.521  -6.912 0.0000000000
34752  14.181  -34.532  -7.161 0.0000000000
34753  13.181  -34.551  -7.289 0.0000000000
34754  12.195  -34.459  -7.258 0.0000000000
34755  11.392  -34.365  -7.144 0.0000000000
34756  10.584  -34.387  -7.246 0.0000000000
34757  10.026  -34.435  -6.870 0.0000000000
34772  13.924  -34.631  -7.630 0.0000000000
34773  13.652  -34.711  -7.867 0.0000000000
34774  11.808  -34.588  -7.583 0.0000000000
34775  11.359  -34.620  -7.783 0.0000000000
34776  10.798  -34.604  -8.007 0.0000000000
