#!ascii label  , from subject cvs_avg35_inMNI152 vox2ras=TkReg
193
48064  20.572  -20.024  53.058 0.0000000000
49126  20.973  -19.606  55.807 0.0000000000
49127  20.621  -19.362  56.322 0.0000000000
49133  21.058  -19.745  55.218 0.0000000000
49134  20.633  -19.281  55.577 0.0000000000
49138  21.094  -19.879  54.347 0.0000000000
49139  20.423  -19.281  54.652 0.0000000000
49140  19.905  -18.927  54.338 0.0000000000
49144  20.512  -19.718  53.605 0.0000000000
49145  19.920  -19.053  53.820 0.0000000000
49148  20.090  -19.809  52.755 0.0000000000
49149  19.781  -19.162  52.994 0.0000000000
49151  19.950  -19.888  51.936 0.0000000000
49152  19.703  -19.171  52.121 0.0000000000
49155  19.654  -19.191  51.287 0.0000000000
49158  19.658  -19.237  50.714 0.0000000000
50105  20.279  -19.048  56.789 0.0000000000
50106  19.953  -18.640  57.173 0.0000000000
50109  20.191  -18.882  56.562 0.0000000000
50110  19.841  -18.482  56.428 0.0000000000
50114  20.254  -18.905  56.008 0.0000000000
50115  19.780  -18.551  55.661 0.0000000000
50121  20.187  -18.983  55.372 0.0000000000
50122  19.749  -18.681  54.813 0.0000000000
50130  19.581  -18.494  54.031 0.0000000000
50140  19.499  -18.425  53.243 0.0000000000
50149  19.489  -18.398  52.359 0.0000000000
50158  19.516  -18.392  51.443 0.0000000000
50166  19.600  -18.464  49.863 0.0000000000
50167  19.560  -18.455  50.508 0.0000000000
50174  19.741  -18.451  49.185 0.0000000000
51168  19.416  -17.881  56.910 0.0000000000
51169  18.794  -17.157  57.371 0.0000000000
51172  19.343  -17.955  56.016 0.0000000000
51173  18.818  -17.309  56.353 0.0000000000
51177  19.283  -18.065  55.161 0.0000000000
51178  18.839  -17.437  55.424 0.0000000000
51183  19.281  -18.024  54.389 0.0000000000
51184  18.941  -17.526  54.631 0.0000000000
51188  19.208  -17.720  53.655 0.0000000000
51189  19.066  -17.579  54.153 0.0000000000
51197  19.354  -17.600  52.723 0.0000000000
51203  19.490  -17.576  51.783 0.0000000000
51209  19.865  -17.115  50.348 0.0000000000
51210  19.645  -17.557  50.761 0.0000000000
51216  19.815  -17.600  49.848 0.0000000000
51217  19.614  -17.843  50.334 0.0000000000
51226  20.233  -17.537  48.621 0.0000000000
52505  18.233  -16.196  57.729 0.0000000000
52506  18.001  -16.086  58.369 0.0000000000
52510  18.412  -16.483  56.604 0.0000000000
52514  18.515  -16.685  55.628 0.0000000000
52518  18.971  -16.341  54.137 0.0000000000
52519  18.681  -16.864  54.762 0.0000000000
52523  19.256  -16.752  53.266 0.0000000000
52524  18.872  -17.131  54.035 0.0000000000
52533  20.066  -16.158  51.860 0.0000000000
52534  19.553  -16.794  52.254 0.0000000000
52541  20.272  -16.325  51.041 0.0000000000
52542  19.753  -16.834  51.365 0.0000000000
52548  21.051  -16.005  49.704 0.0000000000
52549  20.290  -16.606  50.192 0.0000000000
52550  19.916  -16.849  50.713 0.0000000000
52558  20.540  -16.750  49.205 0.0000000000
53922  17.196  -15.099  58.474 0.0000000000
53926  17.907  -15.147  57.372 0.0000000000
53927  17.749  -15.584  58.147 0.0000000000
53930  18.197  -15.546  56.668 0.0000000000
53933  18.870  -15.254  55.177 0.0000000000
53934  18.374  -15.828  55.778 0.0000000000
53938  19.924  -15.064  54.043 0.0000000000
53939  19.189  -15.523  54.407 0.0000000000
53940  18.652  -16.062  54.933 0.0000000000
53944  20.215  -15.280  53.232 0.0000000000
53945  19.497  -15.796  53.597 0.0000000000
53954  21.144  -14.949  52.046 0.0000000000
53955  20.425  -15.423  52.357 0.0000000000
53956  19.818  -16.026  52.746 0.0000000000
53972  21.384  -15.179  51.182 0.0000000000
53973  20.640  -15.598  51.491 0.0000000000
53992  21.617  -15.374  50.276 0.0000000000
53993  20.843  -15.821  50.635 0.0000000000
55326  16.110  -14.027  58.890 0.0000000000
55331  17.164  -14.097  58.243 0.0000000000
55332  16.627  -14.492  58.732 0.0000000000
55336  18.074  -14.182  57.251 0.0000000000
55337  17.580  -14.633  57.868 0.0000000000
55340  18.923  -14.156  56.116 0.0000000000
55341  18.283  -14.597  56.639 0.0000000000
55345  20.921  -14.029  55.175 0.0000000000
55346  20.047  -14.172  55.222 0.0000000000
55347  19.218  -14.480  55.452 0.0000000000
55348  18.493  -14.928  55.896 0.0000000000
55349  15.239  -14.396  55.229 0.0000000000
55352  22.103  -14.103  54.114 0.0000000000
55353  21.386  -14.159  54.456 0.0000000000
55354  20.404  -14.414  54.541 0.0000000000
55355  19.575  -14.785  54.773 0.0000000000
55366  21.529  -14.293  53.541 0.0000000000
55367  20.696  -14.601  53.760 0.0000000000
55385  21.718  -14.374  52.669 0.0000000000
55386  20.905  -14.747  52.903 0.0000000000
56501  16.059  -13.649  58.701 0.0000000000
56504  17.329  -13.323  57.960 0.0000000000
56505  16.584  -13.569  58.435 0.0000000000
56506  15.942  -13.358  58.531 0.0000000000
56509  19.179  -13.126  56.743 0.0000000000
56510  18.373  -13.362  57.080 0.0000000000
56511  17.723  -13.707  57.665 0.0000000000
56512  15.394  -13.193  57.089 0.0000000000
56515  21.860  -13.061  56.169 0.0000000000
56516  20.980  -13.139  56.228 0.0000000000
56517  20.148  -13.278  56.193 0.0000000000
56518  19.381  -13.481  56.324 0.0000000000
56519  18.655  -13.770  56.672 0.0000000000
56520  16.110  -13.266  55.907 0.0000000000
56521  15.476  -13.478  56.316 0.0000000000
56522  14.864  -13.688  56.749 0.0000000000
56527  22.147  -13.495  55.619 0.0000000000
56528  21.366  -13.540  55.699 0.0000000000
56529  20.530  -13.647  55.715 0.0000000000
56530  19.696  -13.840  55.816 0.0000000000
56531  16.240  -13.602  55.116 0.0000000000
56532  15.646  -13.817  55.561 0.0000000000
56533  15.001  -14.009  55.945 0.0000000000
56540  22.333  -13.834  54.873 0.0000000000
56541  21.657  -13.861  55.195 0.0000000000
56542  16.941  -13.354  53.995 0.0000000000
56543  16.332  -13.862  54.260 0.0000000000
56544  15.781  -14.110  54.804 0.0000000000
56557  17.988  -13.294  52.962 0.0000000000
56558  17.282  -13.529  53.243 0.0000000000
56559  16.694  -13.924  53.457 0.0000000000
56573  18.098  -13.442  52.189 0.0000000000
56574  17.514  -13.816  52.432 0.0000000000
56575  16.990  -13.986  52.856 0.0000000000
56584  19.123  -13.355  51.112 0.0000000000
56585  18.520  -13.452  51.514 0.0000000000
56586  17.859  -13.835  51.618 0.0000000000
57614  17.434  -13.051  57.756 0.0000000000
57615  17.133  -12.992  57.915 0.0000000000
57616  16.420  -12.956  58.071 0.0000000000
57617  15.764  -13.035  58.155 0.0000000000
57618  21.147  -12.066  56.848 0.0000000000
57619  20.716  -12.197  56.792 0.0000000000
57620  19.845  -12.509  56.695 0.0000000000
57621  18.924  -12.759  56.921 0.0000000000
57622  17.900  -12.877  57.336 0.0000000000
57623  17.018  -12.733  57.320 0.0000000000
57624  16.066  -12.854  57.392 0.0000000000
57625  15.397  -13.107  57.801 0.0000000000
57628  22.546  -12.487  56.344 0.0000000000
57629  21.381  -12.393  56.562 0.0000000000
57630  20.487  -12.734  56.547 0.0000000000
57631  19.818  -13.008  56.542 0.0000000000
57632  18.447  -12.251  55.949 0.0000000000
57633  17.887  -12.503  56.433 0.0000000000
57634  16.735  -12.800  56.402 0.0000000000
57635  15.933  -13.060  56.635 0.0000000000
57640  22.591  -13.148  56.057 0.0000000000
57641  18.265  -12.407  55.583 0.0000000000
57642  17.531  -12.696  55.545 0.0000000000
57643  16.763  -13.092  55.399 0.0000000000
57648  19.947  -12.423  53.588 0.0000000000
57649  19.268  -12.434  54.047 0.0000000000
57650  18.292  -12.596  54.677 0.0000000000
57651  17.294  -12.960  54.682 0.0000000000
57652  16.710  -13.359  54.690 0.0000000000
57661  20.136  -12.595  52.878 0.0000000000
57662  19.356  -12.641  53.138 0.0000000000
57663  18.541  -12.804  53.524 0.0000000000
57664  17.700  -13.039  53.836 0.0000000000
57676  19.573  -12.813  52.280 0.0000000000
57677  18.706  -12.989  52.462 0.0000000000
57690  19.124  -13.094  51.743 0.0000000000
58726  21.386  -11.969  56.752 0.0000000000
58727  21.092  -11.796  56.776 0.0000000000
58728  20.343  -11.839  56.755 0.0000000000
58729  19.446  -12.135  56.732 0.0000000000
58730  18.704  -12.464  56.810 0.0000000000
58734  21.922  -11.729  56.473 0.0000000000
58735  21.078  -11.361  56.314 0.0000000000
58736  20.021  -11.616  56.247 0.0000000000
58737  18.873  -12.032  56.311 0.0000000000
58738  18.346  -12.448  56.758 0.0000000000
58744  20.983  -11.459  55.414 0.0000000000
58745  19.663  -11.796  55.488 0.0000000000
58746  18.791  -12.075  55.580 0.0000000000
58758  20.344  -11.983  54.341 0.0000000000
58759  19.114  -12.073  54.875 0.0000000000
58760  18.610  -12.282  55.198 0.0000000000
59921  21.414  -11.248  55.731 0.0000000000
59927  21.386  -11.309  55.497 0.0000000000
