#!ascii label  , from subject cvs_avg35_inMNI152 vox2ras=TkReg
196
45603  35.609  -22.700  -27.047 0.0000000000
46730  34.311  -22.624  -26.447 0.0000000000
46731  33.368  -22.597  -26.493 0.0000000000
46732  32.358  -22.669  -26.679 0.0000000000
46733  31.417  -22.813  -26.914 0.0000000000
46734  30.527  -22.857  -27.013 0.0000000000
46735  29.685  -22.734  -26.908 0.0000000000
46747  35.933  -22.070  -27.543 0.0000000000
46748  34.990  -22.143  -26.928 0.0000000000
46749  33.886  -21.924  -26.847 0.0000000000
46750  32.867  -21.990  -27.100 0.0000000000
46751  31.874  -22.135  -27.330 0.0000000000
46752  30.948  -22.300  -27.479 0.0000000000
46753  30.055  -22.231  -27.427 0.0000000000
46754  29.205  -22.141  -27.226 0.0000000000
47819  35.982  -21.176  -28.033 0.0000000000
47820  35.261  -21.333  -27.567 0.0000000000
47821  34.328  -21.355  -27.376 0.0000000000
47822  33.372  -21.437  -27.537 0.0000000000
47823  32.348  -21.399  -27.960 0.0000000000
47824  31.289  -21.698  -27.917 0.0000000000
47825  30.431  -21.726  -27.859 0.0000000000
47826  29.504  -21.431  -27.822 0.0000000000
47838  37.128  -21.474  -28.770 0.0000000000
47839  36.558  -21.668  -28.237 0.0000000000
47840  32.062  -20.999  -28.527 0.0000000000
47841  31.463  -21.211  -28.449 0.0000000000
47842  30.649  -21.324  -28.327 0.0000000000
47843  30.110  -21.347  -28.146 0.0000000000
48898  35.965  -20.716  -28.296 0.0000000000
48899  35.456  -20.760  -28.080 0.0000000000
48900  34.649  -20.802  -27.917 0.0000000000
48901  33.726  -20.974  -28.031 0.0000000000
48902  33.061  -21.102  -28.064 0.0000000000
48903  29.257  -20.843  -28.227 0.0000000000
48904  28.657  -20.845  -27.997 0.0000000000
48913  37.231  -20.850  -29.080 0.0000000000
48914  36.575  -20.628  -28.675 0.0000000000
48915  35.794  -20.358  -28.481 0.0000000000
48916  35.009  -20.302  -28.373 0.0000000000
48917  34.087  -20.421  -28.475 0.0000000000
48918  32.808  -20.557  -28.714 0.0000000000
48919  31.666  -20.734  -28.890 0.0000000000
48920  30.788  -20.851  -28.817 0.0000000000
48921  29.870  -20.848  -28.503 0.0000000000
48922  28.989  -20.359  -28.676 0.0000000000
48923  28.063  -20.344  -28.441 0.0000000000
48935  37.568  -20.472  -29.635 0.0000000000
48936  37.095  -20.401  -29.148 0.0000000000
48937  32.502  -20.079  -29.358 0.0000000000
48938  31.927  -20.283  -29.364 0.0000000000
48939  31.043  -20.390  -29.350 0.0000000000
48940  30.156  -20.332  -29.096 0.0000000000
48941  29.561  -20.317  -28.897 0.0000000000
49903  36.568  -20.136  -28.964 0.0000000000
49904  36.233  -20.018  -28.860 0.0000000000
49905  35.465  -19.884  -28.783 0.0000000000
49906  34.611  -19.913  -28.861 0.0000000000
49907  33.773  -20.041  -29.028 0.0000000000
49908  28.878  -20.061  -29.041 0.0000000000
49909  28.453  -19.969  -29.022 0.0000000000
49910  27.561  -19.824  -28.894 0.0000000000
49921  37.435  -19.923  -29.599 0.0000000000
49922  36.905  -19.780  -29.315 0.0000000000
49923  36.006  -19.506  -29.131 0.0000000000
49924  35.161  -19.396  -29.159 0.0000000000
49925  34.255  -19.494  -29.367 0.0000000000
49926  33.153  -19.654  -29.534 0.0000000000
49927  32.234  -19.771  -29.751 0.0000000000
49928  31.414  -19.871  -29.818 0.0000000000
49929  30.461  -19.885  -29.720 0.0000000000
49930  29.254  -19.888  -29.417 0.0000000000
49931  28.093  -19.476  -29.701 0.0000000000
49932  27.117  -19.422  -29.384 0.0000000000
49947  37.659  -19.661  -30.018 0.0000000000
49948  37.237  -19.283  -29.733 0.0000000000
49949  32.647  -19.321  -30.072 0.0000000000
49950  31.950  -19.367  -30.266 0.0000000000
49951  31.029  -19.432  -30.327 0.0000000000
49952  30.003  -19.428  -30.291 0.0000000000
49953  28.879  -19.258  -30.280 0.0000000000
49954  28.281  -19.218  -30.152 0.0000000000
50971  36.386  -19.262  -29.446 0.0000000000
50972  35.826  -19.043  -29.520 0.0000000000
50973  34.923  -18.896  -29.595 0.0000000000
50974  34.018  -19.025  -29.889 0.0000000000
50975  33.267  -19.062  -30.125 0.0000000000
50976  27.484  -19.220  -29.869 0.0000000000
50977  26.882  -19.048  -29.895 0.0000000000
50994  37.402  -19.084  -29.975 0.0000000000
50995  36.785  -18.818  -29.817 0.0000000000
50996  35.723  -18.515  -29.937 0.0000000000
50997  34.779  -18.431  -30.111 0.0000000000
50998  33.848  -18.505  -30.356 0.0000000000
50999  32.786  -18.692  -30.579 0.0000000000
51000  31.720  -18.858  -30.735 0.0000000000
51001  30.775  -18.880  -30.801 0.0000000000
51002  29.807  -18.822  -30.802 0.0000000000
51003  28.991  -18.724  -30.818 0.0000000000
51004  27.955  -18.912  -30.433 0.0000000000
51005  26.746  -18.564  -30.574 0.0000000000
51023  37.641  -18.870  -30.530 0.0000000000
51024  37.080  -18.288  -30.475 0.0000000000
51025  32.328  -18.352  -31.057 0.0000000000
51026  31.592  -18.336  -31.240 0.0000000000
51027  30.634  -18.337  -31.320 0.0000000000
51028  29.686  -18.312  -31.304 0.0000000000
51029  28.733  -18.306  -31.240 0.0000000000
51030  27.729  -18.272  -31.195 0.0000000000
51031  26.937  -18.136  -31.211 0.0000000000
52333  36.413  -18.195  -30.281 0.0000000000
52334  35.654  -17.913  -30.345 0.0000000000
52335  34.671  -17.871  -30.539 0.0000000000
52336  33.738  -17.975  -30.810 0.0000000000
52337  33.008  -18.044  -31.062 0.0000000000
52338  26.253  -18.216  -30.961 0.0000000000
52358  37.581  -18.208  -31.018 0.0000000000
52359  36.781  -17.603  -30.841 0.0000000000
52360  35.593  -17.316  -30.781 0.0000000000
52361  34.604  -17.332  -31.012 0.0000000000
52362  33.660  -17.438  -31.259 0.0000000000
52363  32.604  -17.674  -31.453 0.0000000000
52364  31.555  -17.628  -31.721 0.0000000000
52365  30.495  -17.764  -31.728 0.0000000000
52366  29.571  -17.748  -31.730 0.0000000000
52367  28.587  -17.642  -31.714 0.0000000000
52368  27.554  -17.689  -31.574 0.0000000000
52369  26.519  -17.683  -31.443 0.0000000000
52379  37.856  -17.766  -31.829 0.0000000000
52380  37.114  -17.061  -31.578 0.0000000000
52381  31.161  -17.271  -32.089 0.0000000000
52382  30.443  -17.217  -32.155 0.0000000000
52383  29.563  -17.153  -32.153 0.0000000000
52384  28.854  -17.057  -32.151 0.0000000000
53780  36.340  -16.993  -31.237 0.0000000000
53781  35.525  -16.746  -31.263 0.0000000000
53782  34.523  -16.711  -31.411 0.0000000000
53783  33.534  -16.815  -31.643 0.0000000000
53784  32.592  -16.936  -31.917 0.0000000000
53785  31.860  -16.961  -32.124 0.0000000000
53786  28.173  -17.231  -31.940 0.0000000000
53787  27.443  -17.093  -31.862 0.0000000000
53788  26.489  -16.974  -31.832 0.0000000000
53800  37.652  -16.819  -32.389 0.0000000000
53801  36.589  -16.405  -31.811 0.0000000000
53802  35.469  -16.095  -31.714 0.0000000000
53803  34.438  -16.084  -31.865 0.0000000000
53804  33.454  -16.154  -32.069 0.0000000000
53805  32.501  -16.291  -32.260 0.0000000000
53806  31.448  -16.577  -32.398 0.0000000000
53807  30.454  -16.570  -32.499 0.0000000000
53808  29.522  -16.554  -32.483 0.0000000000
53809  28.466  -16.610  -32.333 0.0000000000
53810  27.458  -16.431  -32.239 0.0000000000
55201  37.275  -15.971  -32.710 0.0000000000
55202  36.322  -15.663  -32.298 0.0000000000
55203  35.322  -15.501  -32.245 0.0000000000
55204  34.340  -15.494  -32.375 0.0000000000
55205  33.337  -15.504  -32.555 0.0000000000
55206  32.290  -15.737  -32.594 0.0000000000
55207  31.346  -15.875  -32.731 0.0000000000
55208  30.394  -15.935  -32.828 0.0000000000
55209  29.420  -15.939  -32.804 0.0000000000
55210  28.434  -15.863  -32.697 0.0000000000
55211  27.445  -15.743  -32.600 0.0000000000
55222  37.601  -15.468  -33.554 0.0000000000
55223  32.900  -15.203  -32.912 0.0000000000
55224  32.173  -15.240  -33.038 0.0000000000
55225  31.264  -15.324  -33.169 0.0000000000
55226  30.321  -15.386  -33.282 0.0000000000
55227  29.354  -15.365  -33.279 0.0000000000
55228  28.391  -15.231  -33.144 0.0000000000
55237  37.586  -14.783  -33.965 0.0000000000
56365  36.892  -15.325  -32.908 0.0000000000
56366  36.107  -15.030  -32.749 0.0000000000
56367  35.148  -14.873  -32.675 0.0000000000
56368  34.226  -14.888  -32.797 0.0000000000
56369  33.525  -14.918  -32.973 0.0000000000
56375  36.880  -14.662  -33.407 0.0000000000
56376  35.852  -14.377  -33.181 0.0000000000
56377  34.884  -14.302  -33.123 0.0000000000
56378  33.993  -14.437  -33.271 0.0000000000
56379  33.025  -14.625  -33.366 0.0000000000
56380  32.056  -14.710  -33.444 0.0000000000
56381  31.174  -14.782  -33.619 0.0000000000
56382  30.239  -14.829  -33.759 0.0000000000
56383  29.271  -14.810  -33.788 0.0000000000
56395  37.265  -14.098  -34.097 0.0000000000
56396  32.630  -14.316  -33.778 0.0000000000
56397  31.971  -14.287  -33.965 0.0000000000
56398  31.086  -14.305  -34.170 0.0000000000
57488  36.428  -13.823  -33.740 0.0000000000
57489  35.439  -13.734  -33.576 0.0000000000
57490  34.486  -13.860  -33.636 0.0000000000
57491  33.609  -14.093  -33.777 0.0000000000
57492  33.074  -14.219  -33.819 0.0000000000
