#!ascii label  , from subject cvs_avg35_inMNI152 vox2ras=TkReg
256
68137  7.406  -3.549  34.175 0.0000000000
68143  6.727  -3.544  33.613 0.0000000000
69199  8.746  -1.615  36.398 0.0000000000
69206  8.379  -2.577  35.203 0.0000000000
69212  7.849  -2.599  34.438 0.0000000000
69213  7.165  -2.575  33.906 0.0000000000
69221  6.646  -2.589  33.026 0.0000000000
69222  6.321  -3.226  32.717 0.0000000000
69229  6.878  -2.409  32.186 0.0000000000
69230  6.368  -2.991  32.322 0.0000000000
69236  7.086  -2.822  31.482 0.0000000000
69237  6.561  -2.855  31.867 0.0000000000
69244  9.291  -2.306  30.256 0.0000000000
69245  8.383  -2.668  30.656 0.0000000000
69246  7.736  -2.980  30.993 0.0000000000
70213  8.895  -1.059  36.018 0.0000000000
70214  8.730  -1.708  36.051 0.0000000000
70220  8.773  -0.864  35.333 0.0000000000
70221  8.622  -1.672  35.571 0.0000000000
70227  8.643  -0.689  34.955 0.0000000000
70228  8.231  -1.320  34.604 0.0000000000
70229  7.621  -1.958  34.163 0.0000000000
70237  7.977  -0.830  33.952 0.0000000000
70238  7.493  -1.410  33.580 0.0000000000
70245  7.278  -1.484  32.530 0.0000000000
70251  7.442  -1.739  31.730 0.0000000000
70258  9.302  -1.081  30.455 0.0000000000
70259  8.512  -1.610  30.745 0.0000000000
70260  7.785  -2.145  31.094 0.0000000000
70271  10.152  -1.572  29.880 0.0000000000
71249  9.900  0.102  36.221 0.0000000000
71250  9.276  -0.374  36.416 0.0000000000
71256  10.010  0.152  35.767 0.0000000000
71257  9.444  -0.228  35.623 0.0000000000
71263  8.970  -0.309  35.113 0.0000000000
71264  8.672  -0.296  34.707 0.0000000000
71271  8.271  -0.291  34.180 0.0000000000
71272  7.885  -0.280  33.573 0.0000000000
71278  7.630  -0.412  32.815 0.0000000000
71285  8.311  -0.129  31.452 0.0000000000
71286  7.813  -0.409  31.771 0.0000000000
71297  9.300  -0.314  30.559 0.0000000000
71298  8.642  -0.376  31.039 0.0000000000
71299  7.892  -1.196  31.168 0.0000000000
71313  9.853  -0.299  30.060 0.0000000000
72389  10.113  0.728  36.764 0.0000000000
72396  10.439  0.632  35.876 0.0000000000
72397  10.016  0.285  35.402 0.0000000000
72404  10.353  0.780  35.109 0.0000000000
72405  9.509  0.348  34.752 0.0000000000
72406  8.784  0.237  34.334 0.0000000000
72413  9.161  0.703  34.158 0.0000000000
72414  8.575  0.520  33.714 0.0000000000
72415  7.977  0.498  33.070 0.0000000000
72423  8.496  0.759  32.068 0.0000000000
72424  7.975  0.406  32.371 0.0000000000
72432  8.571  0.372  31.549 0.0000000000
72433  8.133  0.310  31.906 0.0000000000
72443  9.348  0.501  30.531 0.0000000000
72444  8.898  0.437  31.044 0.0000000000
72456  10.412  0.473  29.698 0.0000000000
72457  9.831  0.519  30.031 0.0000000000
73539  11.047  2.161  36.295 0.0000000000
73540  10.704  1.378  36.443 0.0000000000
73546  11.090  2.375  35.847 0.0000000000
73547  10.847  1.714  35.476 0.0000000000
73554  10.194  1.430  34.421 0.0000000000
73555  9.591  0.955  34.245 0.0000000000
73562  10.017  1.879  33.901 0.0000000000
73563  9.458  1.429  33.736 0.0000000000
73564  8.763  1.257  32.941 0.0000000000
73565  8.274  0.750  32.707 0.0000000000
73576  8.712  1.518  32.272 0.0000000000
73577  8.453  0.900  32.475 0.0000000000
73585  8.743  1.481  31.658 0.0000000000
73594  9.384  1.367  30.441 0.0000000000
73595  8.972  1.290  30.935 0.0000000000
73605  10.792  1.428  29.532 0.0000000000
73606  9.855  1.391  29.966 0.0000000000
74681  11.175  2.766  37.003 0.0000000000
74682  10.804  1.987  36.909 0.0000000000
74698  11.221  2.891  36.178 0.0000000000
74699  11.018  2.802  35.523 0.0000000000
74712  10.611  2.617  34.728 0.0000000000
74713  10.192  2.938  34.202 0.0000000000
74723  10.230  2.268  34.143 0.0000000000
74724  9.823  2.571  33.734 0.0000000000
74725  9.315  2.418  33.150 0.0000000000
74735  8.971  2.412  32.553 0.0000000000
74742  8.748  2.491  31.923 0.0000000000
74749  9.910  2.551  30.072 0.0000000000
74750  9.460  2.285  30.377 0.0000000000
74751  8.873  2.588  31.148 0.0000000000
74760  11.238  2.363  29.515 0.0000000000
74761  10.336  2.352  29.811 0.0000000000
74762  9.815  2.173  29.964 0.0000000000
75824  11.344  3.631  37.508 0.0000000000
75835  11.418  3.645  36.657 0.0000000000
75850  11.265  3.659  35.869 0.0000000000
75851  10.869  3.628  35.165 0.0000000000
75866  10.409  3.656  34.498 0.0000000000
75867  9.914  3.635  33.930 0.0000000000
75879  9.406  3.534  33.425 0.0000000000
75880  8.993  3.473  32.886 0.0000000000
75886  8.775  3.490  32.267 0.0000000000
75892  8.744  3.546  31.605 0.0000000000
75899  10.052  3.352  30.132 0.0000000000
75900  9.229  3.471  30.676 0.0000000000
75901  8.868  3.549  31.125 0.0000000000
75912  11.629  3.314  29.609 0.0000000000
75913  10.840  3.125  29.799 0.0000000000
76997  11.452  4.432  38.049 0.0000000000
77007  11.618  4.469  37.164 0.0000000000
77020  11.465  4.507  36.328 0.0000000000
77021  11.108  4.527  35.583 0.0000000000
77036  10.587  4.547  34.926 0.0000000000
77037  10.002  4.578  34.289 0.0000000000
77053  9.450  4.529  33.732 0.0000000000
77054  8.956  4.621  33.226 0.0000000000
77055  8.398  5.188  32.961 0.0000000000
77069  8.687  4.454  32.625 0.0000000000
77070  8.208  5.207  32.431 0.0000000000
77082  8.512  4.572  31.953 0.0000000000
77083  8.163  5.335  31.919 0.0000000000
77096  10.143  4.339  30.069 0.0000000000
77097  9.574  4.428  30.453 0.0000000000
77098  8.845  4.534  31.164 0.0000000000
77109  11.953  4.310  29.543 0.0000000000
77110  10.878  4.251  29.766 0.0000000000
78145  11.680  5.323  37.703 0.0000000000
78151  11.679  5.355  36.808 0.0000000000
78160  11.310  5.391  36.044 0.0000000000
78161  10.802  5.425  35.377 0.0000000000
78172  10.157  5.468  34.775 0.0000000000
78173  9.325  5.592  34.121 0.0000000000
78174  8.759  6.189  34.021 0.0000000000
78187  9.078  5.174  33.594 0.0000000000
78188  8.486  5.832  33.557 0.0000000000
78189  7.833  5.817  32.903 0.0000000000
78205  7.825  5.852  32.131 0.0000000000
78220  8.477  5.326  31.609 0.0000000000
78221  8.159  5.794  31.654 0.0000000000
78240  11.157  5.787  29.952 0.0000000000
78241  10.255  5.308  30.210 0.0000000000
78242  9.277  5.481  30.858 0.0000000000
78243  8.688  5.638  31.364 0.0000000000
78244  8.451  5.740  31.560 0.0000000000
78261  12.333  5.260  29.422 0.0000000000
78262  11.496  5.115  29.635 0.0000000000
78263  10.900  5.134  29.793 0.0000000000
79307  11.718  6.196  37.314 0.0000000000
79314  11.437  6.214  36.528 0.0000000000
79322  11.023  6.274  35.831 0.0000000000
79323  10.438  6.313  35.243 0.0000000000
79332  9.748  6.353  34.762 0.0000000000
79333  9.040  6.588  34.425 0.0000000000
79334  8.327  6.716  34.083 0.0000000000
79335  7.951  7.138  34.038 0.0000000000
79344  8.140  6.387  33.746 0.0000000000
79345  7.841  6.703  33.528 0.0000000000
79356  7.660  6.710  32.522 0.0000000000
79368  8.188  7.144  31.335 0.0000000000
79369  7.915  6.514  31.644 0.0000000000
79383  12.383  7.000  29.895 0.0000000000
79384  11.780  6.716  30.074 0.0000000000
79385  10.712  6.535  30.462 0.0000000000
79386  9.711  6.380  30.812 0.0000000000
79387  8.737  6.464  31.254 0.0000000000
79388  8.372  6.037  31.475 0.0000000000
79402  13.664  6.512  29.067 0.0000000000
79403  12.654  6.437  29.581 0.0000000000
79404  11.857  5.888  29.656 0.0000000000
80470  11.444  7.088  37.011 0.0000000000
80471  11.018  7.491  36.502 0.0000000000
80481  11.141  6.891  36.308 0.0000000000
80482  10.610  7.278  35.789 0.0000000000
80483  9.918  7.662  35.358 0.0000000000
80484  9.308  7.810  35.251 0.0000000000
80495  10.068  6.979  35.166 0.0000000000
80496  9.460  7.152  34.953 0.0000000000
80497  8.753  7.481  34.815 0.0000000000
80498  8.121  7.579  34.489 0.0000000000
80508  7.783  7.699  33.969 0.0000000000
80518  7.548  7.701  33.092 0.0000000000
80528  10.838  8.180  30.922 0.0000000000
80529  10.417  8.086  31.006 0.0000000000
80530  9.519  7.951  31.131 0.0000000000
80531  8.541  7.822  31.243 0.0000000000
80532  7.694  7.763  31.936 0.0000000000
80540  12.972  7.802  30.211 0.0000000000
80541  12.467  7.590  30.268 0.0000000000
80542  11.211  7.781  30.731 0.0000000000
80543  10.117  7.310  30.880 0.0000000000
80544  9.172  7.184  31.068 0.0000000000
80545  8.613  7.158  31.196 0.0000000000
80554  13.962  7.350  29.055 0.0000000000
80555  13.257  7.559  29.747 0.0000000000
80556  12.690  7.156  29.858 0.0000000000
81625  10.580  8.155  36.526 0.0000000000
81627  9.266  8.670  36.086 0.0000000000
81635  10.202  8.118  35.835 0.0000000000
81636  9.587  8.279  35.676 0.0000000000
81637  8.876  8.414  35.507 0.0000000000
81638  8.405  8.690  35.314 0.0000000000
81645  8.359  8.107  35.030 0.0000000000
81646  8.040  8.531  34.713 0.0000000000
81653  7.695  8.655  33.833 0.0000000000
81659  7.895  9.128  32.262 0.0000000000
81660  7.608  8.765  32.797 0.0000000000
81667  11.572  9.008  31.056 0.0000000000
81668  10.888  8.644  31.137 0.0000000000
81669  9.952  8.658  31.310 0.0000000000
81670  9.051  8.656  31.349 0.0000000000
81671  8.191  8.754  31.675 0.0000000000
81672  7.733  8.626  32.098 0.0000000000
81679  13.050  8.358  30.415 0.0000000000
81680  12.114  8.577  30.754 0.0000000000
81681  11.453  8.502  30.913 0.0000000000
81689  14.009  8.354  29.085 0.0000000000
81690  13.543  8.599  29.809 0.0000000000
82739  8.553  8.925  35.712 0.0000000000
82740  8.205  9.455  35.628 0.0000000000
82748  7.904  9.579  34.628 0.0000000000
82749  7.883  10.041  34.622 0.0000000000
82756  7.802  9.645  33.705 0.0000000000
82757  7.859  10.011  34.354 0.0000000000
82762  10.604  9.972  31.948 0.0000000000
82763  9.906  9.850  32.070 0.0000000000
82764  9.150  9.818  32.046 0.0000000000
82765  8.431  9.615  32.206 0.0000000000
82766  8.004  9.634  32.843 0.0000000000
82773  12.178  9.631  31.126 0.0000000000
82774  11.254  9.626  31.538 0.0000000000
82775  10.357  9.337  31.610 0.0000000000
82776  9.529  9.290  31.635 0.0000000000
82777  8.825  9.284  31.679 0.0000000000
82786  12.789  9.204  30.744 0.0000000000
83851  7.708  10.454  36.233 0.0000000000
83860  7.793  10.144  35.272 0.0000000000
83861  7.358  10.843  35.557 0.0000000000
83870  7.836  10.070  34.823 0.0000000000
83871  7.726  10.449  34.708 0.0000000000
83878  8.491  10.796  33.056 0.0000000000
83879  8.127  10.382  33.475 0.0000000000
83880  7.908  10.294  34.074 0.0000000000
83888  11.158  10.611  32.036 0.0000000000
83889  10.265  10.530  32.309 0.0000000000
83890  9.484  10.448  32.393 0.0000000000
83891  8.817  10.317  32.517 0.0000000000
83892  8.395  10.141  32.810 0.0000000000
83906  11.877  10.315  31.599 0.0000000000
84988  7.270  11.241  34.846 0.0000000000
84998  8.104  11.246  33.679 0.0000000000
84999  7.772  10.905  34.152 0.0000000000
85016  9.793  11.135  32.676 0.0000000000
85017  9.027  11.040  32.751 0.0000000000
