#!ascii label  , from subject cvs_avg35_inMNI152 vox2ras=TkReg
253
18233  6.203  -51.530  35.327 0.0000000000
18240  6.129  -51.368  34.185 0.0000000000
19123  7.125  -50.477  36.878 0.0000000000
19130  6.665  -49.944  35.930 0.0000000000
19131  6.480  -50.803  36.057 0.0000000000
19138  6.562  -49.607  35.358 0.0000000000
19139  6.263  -50.256  34.953 0.0000000000
19145  6.212  -50.408  33.706 0.0000000000
20054  8.920  -49.523  37.559 0.0000000000
20055  7.823  -49.582  36.979 0.0000000000
20056  7.167  -49.591  36.373 0.0000000000
20064  8.349  -48.810  36.686 0.0000000000
20065  7.571  -48.944  36.184 0.0000000000
20066  6.913  -49.228  35.696 0.0000000000
20070  8.262  -48.592  35.678 0.0000000000
20071  7.504  -48.818  35.234 0.0000000000
20072  6.733  -49.200  34.747 0.0000000000
20073  6.434  -49.679  34.033 0.0000000000
20078  8.159  -48.539  34.841 0.0000000000
20079  7.605  -48.790  34.269 0.0000000000
20986  9.679  -48.422  37.060 0.0000000000
20987  8.971  -48.764  36.899 0.0000000000
20997  9.597  -47.893  35.967 0.0000000000
20998  8.990  -48.449  36.196 0.0000000000
21003  9.754  -47.632  35.196 0.0000000000
21004  9.011  -48.119  35.034 0.0000000000
21009  8.438  -48.384  34.082 0.0000000000
21871  10.494  -47.692  37.265 0.0000000000
21881  10.730  -46.872  36.726 0.0000000000
21882  10.171  -47.661  36.541 0.0000000000
21892  10.630  -46.536  35.686 0.0000000000
21893  10.212  -47.292  35.777 0.0000000000
21903  10.772  -46.425  35.060 0.0000000000
21904  10.211  -47.005  34.667 0.0000000000
21905  9.593  -47.657  34.660 0.0000000000
21912  9.974  -46.811  33.470 0.0000000000
21913  9.277  -47.716  33.822 0.0000000000
21914  8.543  -48.145  33.475 0.0000000000
21926  9.821  -46.728  32.814 0.0000000000
21927  9.377  -47.129  32.613 0.0000000000
22786  11.486  -46.055  37.365 0.0000000000
22797  11.018  -45.884  36.435 0.0000000000
22808  10.947  -45.837  35.477 0.0000000000
22819  10.910  -46.090  34.447 0.0000000000
22820  10.478  -46.623  34.031 0.0000000000
22832  11.197  -45.788  33.396 0.0000000000
22833  10.641  -46.414  33.587 0.0000000000
22845  11.169  -45.838  32.198 0.0000000000
22846  10.306  -46.398  32.672 0.0000000000
22847  9.713  -46.668  32.516 0.0000000000
22857  11.070  -45.815  31.140 0.0000000000
22858  10.340  -46.138  31.551 0.0000000000
22859  9.498  -46.577  31.927 0.0000000000
22869  11.031  -45.838  30.592 0.0000000000
23710  11.572  -45.360  36.945 0.0000000000
23722  11.850  -44.762  36.997 0.0000000000
23723  11.438  -45.083  36.148 0.0000000000
23734  11.271  -45.217  35.105 0.0000000000
23743  11.792  -44.899  34.063 0.0000000000
23744  11.459  -45.235  34.265 0.0000000000
23759  12.015  -44.818  33.670 0.0000000000
23760  11.695  -45.188  33.672 0.0000000000
23776  12.117  -44.663  33.326 0.0000000000
23777  11.834  -45.053  32.896 0.0000000000
23791  11.536  -45.037  31.632 0.0000000000
23804  11.297  -45.369  30.462 0.0000000000
24634  12.382  -44.393  37.467 0.0000000000
24643  12.884  -43.902  37.526 0.0000000000
24644  12.013  -44.128  36.504 0.0000000000
24645  11.623  -44.612  35.562 0.0000000000
24656  11.941  -44.081  35.340 0.0000000000
24657  11.645  -44.708  34.809 0.0000000000
24666  12.038  -44.393  34.328 0.0000000000
24667  11.721  -44.808  34.359 0.0000000000
24679  12.185  -44.390  33.650 0.0000000000
24692  12.154  -44.245  33.108 0.0000000000
24693  11.870  -44.257  32.304 0.0000000000
24707  12.090  -44.145  31.146 0.0000000000
24708  11.843  -44.288  31.550 0.0000000000
24720  12.236  -44.158  30.486 0.0000000000
24721  11.717  -44.574  30.866 0.0000000000
24730  12.366  -44.149  29.472 0.0000000000
24731  11.715  -44.650  29.934 0.0000000000
25485  13.921  -42.970  44.320 0.0000000000
25489  15.020  -43.284  43.324 0.0000000000
25490  14.521  -43.404  43.981 0.0000000000
25492  15.333  -43.538  42.499 0.0000000000
25517  15.949  -42.923  38.398 0.0000000000
25518  15.537  -42.630  38.447 0.0000000000
25528  15.139  -43.014  38.186 0.0000000000
25535  14.708  -43.528  37.470 0.0000000000
25536  13.264  -43.385  37.189 0.0000000000
25537  12.526  -43.596  36.888 0.0000000000
25545  12.897  -42.915  36.530 0.0000000000
25546  12.428  -43.337  36.082 0.0000000000
25556  12.693  -43.086  34.399 0.0000000000
25557  12.248  -43.448  34.889 0.0000000000
25566  13.045  -43.004  33.678 0.0000000000
25567  12.501  -43.755  33.818 0.0000000000
25579  13.045  -42.726  33.096 0.0000000000
25580  12.564  -43.375  32.611 0.0000000000
25581  12.045  -43.824  31.850 0.0000000000
25591  12.431  -43.557  31.286 0.0000000000
25592  12.099  -43.969  31.473 0.0000000000
25604  12.653  -43.429  30.132 0.0000000000
26282  13.784  -42.001  44.113 0.0000000000
26290  14.913  -42.591  43.202 0.0000000000
26291  14.511  -42.429  43.637 0.0000000000
26296  15.125  -42.411  42.672 0.0000000000
26297  14.830  -42.249  43.139 0.0000000000
26300  16.084  -42.204  41.301 0.0000000000
26301  15.569  -42.813  41.853 0.0000000000
26304  16.379  -42.493  40.515 0.0000000000
26311  16.440  -42.625  39.586 0.0000000000
26312  16.156  -42.084  39.421 0.0000000000
26324  16.451  -42.889  38.870 0.0000000000
26325  15.928  -42.296  38.871 0.0000000000
26326  15.164  -42.241  38.352 0.0000000000
26336  14.291  -42.435  37.669 0.0000000000
26337  13.772  -42.068  37.283 0.0000000000
26344  13.877  -43.018  37.374 0.0000000000
26345  13.391  -42.467  36.984 0.0000000000
26351  12.886  -42.467  35.780 0.0000000000
26352  12.387  -42.961  35.456 0.0000000000
26362  12.949  -42.327  34.542 0.0000000000
26363  12.460  -42.762  34.987 0.0000000000
26374  13.205  -42.184  33.545 0.0000000000
26386  13.283  -42.279  32.550 0.0000000000
26387  12.957  -42.824  31.751 0.0000000000
26396  13.468  -42.078  31.461 0.0000000000
26397  13.024  -42.758  30.813 0.0000000000
27079  13.699  -41.495  43.998 0.0000000000
27080  13.263  -41.343  44.205 0.0000000000
27089  14.049  -41.448  43.720 0.0000000000
27090  13.653  -41.223  43.930 0.0000000000
27097  15.031  -41.680  42.482 0.0000000000
27098  14.680  -41.592  43.035 0.0000000000
27104  16.016  -41.560  41.296 0.0000000000
27105  15.478  -41.530  41.857 0.0000000000
27106  14.903  -41.189  42.412 0.0000000000
27112  16.237  -41.514  40.691 0.0000000000
27113  15.951  -41.056  41.194 0.0000000000
27115  16.275  -41.810  39.881 0.0000000000
27116  16.030  -41.604  39.306 0.0000000000
27129  15.493  -41.490  38.772 0.0000000000
27130  14.732  -41.455  38.134 0.0000000000
27141  13.893  -41.400  37.412 0.0000000000
27142  13.587  -41.863  37.054 0.0000000000
27149  13.655  -40.927  36.986 0.0000000000
27150  13.430  -41.441  36.499 0.0000000000
27159  13.240  -41.443  35.264 0.0000000000
27170  13.466  -41.443  34.210 0.0000000000
27181  13.664  -41.369  33.206 0.0000000000
27192  13.860  -41.207  32.126 0.0000000000
27201  13.755  -41.161  31.053 0.0000000000
27941  13.108  -40.775  44.062 0.0000000000
27949  14.205  -40.879  43.329 0.0000000000
27950  13.513  -40.683  43.707 0.0000000000
27951  12.950  -40.446  43.947 0.0000000000
27958  14.480  -40.597  42.705 0.0000000000
27959  13.921  -40.361  43.106 0.0000000000
27965  15.489  -40.364  41.394 0.0000000000
27966  14.938  -40.567  42.033 0.0000000000
27972  16.234  -41.128  40.015 0.0000000000
27973  16.011  -40.497  40.507 0.0000000000
27978  16.169  -41.298  39.633 0.0000000000
27979  15.839  -40.745  39.436 0.0000000000
27988  15.117  -40.622  38.711 0.0000000000
27989  14.451  -40.458  37.946 0.0000000000
28002  13.893  -40.420  37.264 0.0000000000
28013  13.650  -40.413  36.657 0.0000000000
28014  13.522  -40.462  35.794 0.0000000000
28023  13.581  -40.557  34.764 0.0000000000
28035  13.903  -40.609  33.859 0.0000000000
28050  14.421  -39.846  32.662 0.0000000000
28051  14.212  -40.400  32.900 0.0000000000
28064  14.411  -40.048  32.378 0.0000000000
28065  14.246  -40.454  32.159 0.0000000000
28078  14.436  -39.975  31.859 0.0000000000
28079  14.170  -40.517  31.515 0.0000000000
28094  14.400  -39.904  31.269 0.0000000000
28095  14.160  -40.273  30.633 0.0000000000
28888  12.648  -40.242  44.021 0.0000000000
28896  13.482  -39.992  43.226 0.0000000000
28897  12.871  -39.850  43.702 0.0000000000
28904  14.557  -40.103  42.255 0.0000000000
28905  13.963  -39.697  42.585 0.0000000000
28910  15.287  -39.859  41.333 0.0000000000
28911  14.763  -39.663  41.618 0.0000000000
28912  13.931  -38.993  41.921 0.0000000000
28918  15.447  -39.655  40.902 0.0000000000
28919  14.869  -39.134  40.887 0.0000000000
28925  15.459  -39.650  39.810 0.0000000000
28926  15.131  -39.042  39.461 0.0000000000
28934  15.244  -40.149  39.249 0.0000000000
28935  14.811  -39.467  38.804 0.0000000000
28948  13.993  -39.380  37.556 0.0000000000
28949  13.705  -38.831  37.084 0.0000000000
28963  13.767  -39.879  36.982 0.0000000000
28964  13.659  -39.270  36.380 0.0000000000
28980  13.661  -39.579  35.163 0.0000000000
28992  14.193  -39.154  33.807 0.0000000000
28993  13.885  -39.780  34.283 0.0000000000
29006  14.392  -39.429  33.046 0.0000000000
29007  14.183  -39.894  33.608 0.0000000000
29021  14.451  -39.439  32.290 0.0000000000
29036  14.452  -39.327  31.573 0.0000000000
29054  14.366  -39.317  30.843 0.0000000000
29928  13.324  -39.352  43.200 0.0000000000
29929  12.673  -38.903  43.443 0.0000000000
29940  13.258  -38.651  42.606 0.0000000000
29951  14.334  -38.679  41.254 0.0000000000
29952  13.590  -38.164  41.704 0.0000000000
29958  15.182  -39.126  40.390 0.0000000000
29959  14.782  -38.413  40.444 0.0000000000
29965  15.168  -38.859  39.905 0.0000000000
29966  14.668  -38.376  39.440 0.0000000000
29972  14.110  -38.154  38.300 0.0000000000
29973  13.757  -37.834  37.517 0.0000000000
29985  13.816  -38.473  37.476 0.0000000000
29986  13.675  -38.141  36.813 0.0000000000
30000  13.511  -38.153  36.005 0.0000000000
30019  13.679  -38.527  35.276 0.0000000000
30039  14.148  -38.378  33.943 0.0000000000
30040  13.922  -38.864  34.473 0.0000000000
30057  14.311  -38.564  33.343 0.0000000000
30072  14.413  -38.652  32.598 0.0000000000
30085  14.450  -38.769  31.945 0.0000000000
30098  14.364  -38.575  31.310 0.0000000000
31074  13.975  -37.806  40.874 0.0000000000
31075  13.051  -37.466  41.174 0.0000000000
31084  14.303  -37.532  40.024 0.0000000000
31085  13.309  -37.111  40.222 0.0000000000
31092  14.154  -37.278  39.112 0.0000000000
31093  13.920  -37.030  39.699 0.0000000000
31098  13.919  -37.250  38.495 0.0000000000
31099  13.609  -37.263  37.903 0.0000000000
31107  13.577  -37.167  37.043 0.0000000000
31119  13.488  -37.300  36.186 0.0000000000
31140  13.609  -37.523  35.337 0.0000000000
31162  14.113  -38.021  33.978 0.0000000000
31163  13.912  -37.786  34.310 0.0000000000
31183  14.175  -37.977  33.672 0.0000000000
31184  14.019  -37.440  33.501 0.0000000000
31200  14.255  -37.893  32.971 0.0000000000
31201  13.755  -37.157  32.756 0.0000000000
31214  14.269  -37.944  32.040 0.0000000000
32189  13.896  -36.779  38.917 0.0000000000
32190  13.481  -36.669  39.256 0.0000000000
32196  13.983  -36.953  38.721 0.0000000000
32197  13.555  -36.733  38.399 0.0000000000
32254  13.604  -36.893  34.746 0.0000000000
32275  13.537  -36.785  33.833 0.0000000000
