#!ascii label  , from subject cvs_avg35_inMNI152 vox2ras=TkReg
337
62050  12.251  -8.159  56.050 0.0000000000
62051  11.844  -8.255  56.139 0.0000000000
62057  13.206  -8.191  55.211 0.0000000000
62058  12.592  -8.382  55.539 0.0000000000
62065  14.223  -8.038  54.238 0.0000000000
62066  13.623  -8.330  54.582 0.0000000000
62067  12.816  -9.098  54.772 0.0000000000
62070  14.956  -7.602  53.254 0.0000000000
62071  14.624  -7.998  53.658 0.0000000000
62072  13.795  -8.666  53.360 0.0000000000
62076  15.201  -7.469  52.726 0.0000000000
63128  11.815  -7.252  57.210 0.0000000000
63129  10.835  -7.170  57.336 0.0000000000
63130  9.870  -7.042  57.330 0.0000000000
63131  8.955  -6.866  57.199 0.0000000000
63132  8.443  -6.685  57.017 0.0000000000
63133  13.855  -7.211  56.128 0.0000000000
63134  13.068  -7.511  56.355 0.0000000000
63135  12.313  -7.854  56.427 0.0000000000
63136  11.383  -7.911  56.843 0.0000000000
63142  14.706  -6.985  54.891 0.0000000000
63143  14.098  -7.377  55.263 0.0000000000
63144  13.364  -7.796  55.477 0.0000000000
63145  12.827  -7.873  55.957 0.0000000000
63148  15.491  -6.660  53.714 0.0000000000
63149  14.846  -7.076  54.058 0.0000000000
63150  14.343  -7.657  54.426 0.0000000000
63151  13.833  -7.765  54.912 0.0000000000
63154  16.530  -6.527  52.824 0.0000000000
63155  15.806  -6.859  53.080 0.0000000000
63156  15.055  -7.250  53.348 0.0000000000
63157  14.758  -7.557  53.881 0.0000000000
63162  15.476  -7.104  52.875 0.0000000000
64236  13.997  -5.749  57.252 0.0000000000
64237  13.382  -6.036  57.314 0.0000000000
64238  12.382  -6.481  57.464 0.0000000000
64239  11.260  -6.452  57.689 0.0000000000
64240  10.271  -6.362  57.800 0.0000000000
64241  9.304  -6.268  57.727 0.0000000000
64242  8.422  -6.189  57.349 0.0000000000
64243  7.732  -5.990  57.055 0.0000000000
64244  15.999  -5.468  56.113 0.0000000000
64245  15.474  -5.856  56.218 0.0000000000
64246  14.444  -6.329  56.641 0.0000000000
64247  13.375  -6.947  56.979 0.0000000000
64248  12.622  -7.296  56.987 0.0000000000
64249  8.082  -6.487  56.894 0.0000000000
64250  7.522  -6.273  56.481 0.0000000000
64251  6.952  -6.267  55.879 0.0000000000
64252  17.053  -5.349  55.263 0.0000000000
64253  16.307  -5.577  55.440 0.0000000000
64254  15.262  -6.357  55.413 0.0000000000
64255  14.524  -6.918  55.722 0.0000000000
64256  6.376  -6.305  55.433 0.0000000000
64257  5.899  -6.342  54.811 0.0000000000
64258  18.062  -5.501  54.269 0.0000000000
64259  17.293  -5.527  54.520 0.0000000000
64260  16.054  -6.055  54.309 0.0000000000
64261  15.242  -6.587  54.462 0.0000000000
64265  18.294  -5.676  53.390 0.0000000000
64266  16.921  -5.939  53.422 0.0000000000
64267  16.164  -6.388  53.396 0.0000000000
65530  13.399  -4.690  58.261 0.0000000000
65531  12.821  -4.845  58.349 0.0000000000
65532  11.934  -4.954  58.425 0.0000000000
65533  11.049  -4.983  58.426 0.0000000000
65534  10.332  -4.968  58.429 0.0000000000
65535  15.043  -4.745  57.033 0.0000000000
65536  14.549  -5.304  57.146 0.0000000000
65537  13.646  -5.230  57.844 0.0000000000
65538  12.627  -5.563  57.951 0.0000000000
65539  11.637  -5.699  58.060 0.0000000000
65540  10.684  -5.664  58.156 0.0000000000
65541  9.697  -5.413  58.202 0.0000000000
65542  8.722  -5.401  57.785 0.0000000000
65543  7.993  -5.332  57.245 0.0000000000
65544  17.301  -4.761  56.148 0.0000000000
65545  16.631  -5.119  56.139 0.0000000000
65546  15.517  -5.111  56.570 0.0000000000
65547  15.007  -5.707  56.681 0.0000000000
65548  7.471  -5.327  56.681 0.0000000000
65549  7.064  -5.400  56.100 0.0000000000
65551  18.859  -5.020  55.332 0.0000000000
65552  17.715  -5.127  55.420 0.0000000000
65553  16.930  -5.285  55.578 0.0000000000
65554  6.633  -5.499  55.543 0.0000000000
65555  6.257  -5.532  54.971 0.0000000000
65559  18.668  -5.393  54.431 0.0000000000
65560  17.946  -5.374  54.667 0.0000000000
65561  6.027  -5.520  54.239 0.0000000000
65565  18.995  -5.549  53.718 0.0000000000
66784  15.277  -3.819  57.540 0.0000000000
66785  14.962  -3.980  57.798 0.0000000000
66786  14.049  -4.358  58.145 0.0000000000
66787  13.102  -4.190  58.469 0.0000000000
66788  12.222  -4.203  58.580 0.0000000000
66789  11.344  -4.239  58.578 0.0000000000
66790  10.561  -4.279  58.508 0.0000000000
66791  16.221  -3.906  56.882 0.0000000000
66792  15.623  -4.104  57.120 0.0000000000
66793  14.702  -4.556  57.481 0.0000000000
66794  14.239  -4.897  57.705 0.0000000000
66795  9.826  -4.379  58.364 0.0000000000
66796  9.015  -4.470  57.997 0.0000000000
66797  8.267  -4.524  57.427 0.0000000000
66798  18.417  -4.117  56.101 0.0000000000
66799  17.937  -4.323  56.102 0.0000000000
66800  16.738  -4.155  56.561 0.0000000000
66801  16.111  -4.613  56.558 0.0000000000
66802  7.678  -4.524  56.853 0.0000000000
66803  7.288  -4.502  56.245 0.0000000000
66806  18.895  -4.266  55.817 0.0000000000
66807  18.373  -4.735  55.717 0.0000000000
66808  6.848  -4.549  55.609 0.0000000000
66809  6.517  -4.907  55.153 0.0000000000
66814  6.677  -4.295  55.005 0.0000000000
66815  6.450  -4.674  54.503 0.0000000000
66820  6.218  -4.628  53.721 0.0000000000
67988  15.979  -2.990  57.388 0.0000000000
67989  15.352  -3.380  57.680 0.0000000000
67990  14.507  -3.395  58.166 0.0000000000
67991  13.571  -3.420  58.457 0.0000000000
67992  12.605  -3.405  58.596 0.0000000000
67993  11.671  -3.434  58.632 0.0000000000
67994  10.847  -3.505  58.573 0.0000000000
67995  10.131  -3.533  58.424 0.0000000000
67996  17.067  -3.167  56.854 0.0000000000
67997  16.354  -3.478  56.968 0.0000000000
67998  15.797  -3.476  57.274 0.0000000000
67999  9.374  -3.521  58.048 0.0000000000
68000  8.541  -3.533  57.429 0.0000000000
68001  7.927  -3.850  57.026 0.0000000000
68002  18.419  -3.699  56.344 0.0000000000
68003  17.598  -3.563  56.625 0.0000000000
68004  16.931  -3.580  56.726 0.0000000000
68005  8.053  -3.219  56.801 0.0000000000
68006  7.639  -3.613  56.398 0.0000000000
68007  7.160  -3.655  55.854 0.0000000000
68011  18.991  -3.494  56.150 0.0000000000
68012  6.877  -3.618  55.235 0.0000000000
68017  6.680  -3.677  54.512 0.0000000000
68018  6.476  -4.019  54.026 0.0000000000
68026  6.507  -3.506  54.017 0.0000000000
68027  6.255  -3.563  53.530 0.0000000000
69060  16.094  -2.529  57.484 0.0000000000
69061  15.680  -2.587  57.797 0.0000000000
69062  14.940  -2.589  58.119 0.0000000000
69063  14.040  -2.550  58.348 0.0000000000
69064  13.078  -2.531  58.498 0.0000000000
69065  12.094  -2.558  58.529 0.0000000000
69066  11.131  -2.613  58.490 0.0000000000
69067  10.470  -2.908  58.438 0.0000000000
69068  18.276  -2.551  56.750 0.0000000000
69069  17.806  -2.719  56.849 0.0000000000
69070  16.681  -2.527  57.174 0.0000000000
69071  10.545  -2.349  58.215 0.0000000000
69072  9.889  -2.616  58.039 0.0000000000
69073  9.044  -2.658  57.517 0.0000000000
69074  19.153  -2.460  56.149 0.0000000000
69075  18.740  -2.702  56.476 0.0000000000
69076  18.194  -3.203  56.709 0.0000000000
69077  8.414  -2.625  56.936 0.0000000000
69078  7.923  -2.642  56.286 0.0000000000
69079  7.470  -2.991  55.968 0.0000000000
69083  19.241  -3.096  56.076 0.0000000000
69084  7.505  -2.390  55.843 0.0000000000
69085  7.116  -2.761  55.527 0.0000000000
69093  6.820  -2.790  54.880 0.0000000000
69102  6.479  -2.781  54.105 0.0000000000
69103  6.037  -2.538  53.349 0.0000000000
70086  16.108  -2.048  57.716 0.0000000000
70087  15.374  -1.852  58.074 0.0000000000
70088  14.493  -1.735  58.208 0.0000000000
70089  13.554  -1.672  58.291 0.0000000000
70090  12.571  -1.706  58.292 0.0000000000
70091  11.616  -1.755  58.208 0.0000000000
70092  10.933  -1.929  58.171 0.0000000000
70093  18.192  -2.250  56.722 0.0000000000
70094  17.545  -1.776  56.935 0.0000000000
70095  16.609  -1.518  57.354 0.0000000000
70096  11.117  -1.488  57.826 0.0000000000
70097  10.422  -1.733  57.708 0.0000000000
70098  9.475  -1.835  57.319 0.0000000000
70099  8.818  -2.047  57.053 0.0000000000
70100  19.102  -2.110  56.134 0.0000000000
70101  18.523  -1.544  56.452 0.0000000000
70102  17.834  -0.989  56.755 0.0000000000
70103  8.924  -1.510  56.915 0.0000000000
70104  8.385  -1.819  56.513 0.0000000000
70105  7.771  -1.883  55.973 0.0000000000
70108  18.724  -0.781  55.922 0.0000000000
70109  7.230  -1.827  55.502 0.0000000000
70110  6.976  -2.251  55.170 0.0000000000
70119  7.060  -1.270  55.125 0.0000000000
70120  6.774  -1.770  54.695 0.0000000000
70128  6.240  -1.727  53.843 0.0000000000
70129  5.719  -1.640  53.191 0.0000000000
71107  15.811  -1.207  57.753 0.0000000000
71108  14.888  -1.046  57.904 0.0000000000
71109  13.967  -0.975  57.881 0.0000000000
71110  13.016  -1.032  57.828 0.0000000000
71111  12.061  -1.202  57.751 0.0000000000
71112  11.502  -1.307  57.743 0.0000000000
71113  17.107  -0.894  56.979 0.0000000000
71114  16.207  -0.654  57.096 0.0000000000
71115  15.287  -0.590  57.366 0.0000000000
71116  14.377  -0.692  57.292 0.0000000000
71117  13.441  -0.848  57.194 0.0000000000
71118  12.420  -0.901  57.178 0.0000000000
71119  11.189  -1.032  57.128 0.0000000000
71120  9.939  -1.190  57.006 0.0000000000
71121  9.296  -1.268  56.997 0.0000000000
71122  18.177  -0.634  56.265 0.0000000000
71123  17.441  -0.439  56.329 0.0000000000
71124  16.745  -0.439  56.557 0.0000000000
71125  10.976  -0.769  56.506 0.0000000000
71126  10.258  -0.788  56.275 0.0000000000
71127  9.021  -1.009  56.409 0.0000000000
71128  8.013  -1.237  56.031 0.0000000000
71129  7.560  -1.479  55.818 0.0000000000
71133  18.276  -0.261  55.610 0.0000000000
71134  17.860  -0.262  55.963 0.0000000000
71135  9.979  -0.623  55.629 0.0000000000
71136  9.320  -0.603  55.707 0.0000000000
71137  8.257  -0.593  55.426 0.0000000000
71138  7.466  -1.081  55.502 0.0000000000
71148  13.596  -0.343  53.980 0.0000000000
71149  13.287  -0.395  53.965 0.0000000000
71150  7.898  -0.302  54.826 0.0000000000
71151  7.194  -0.659  54.565 0.0000000000
71152  6.562  -1.158  54.161 0.0000000000
71161  13.631  -0.305  53.729 0.0000000000
71162  13.418  -0.354  53.810 0.0000000000
71163  6.927  -0.262  53.815 0.0000000000
71164  6.196  -0.633  53.450 0.0000000000
71165  5.499  -1.050  53.006 0.0000000000
71170  5.794  -0.045  52.942 0.0000000000
72188  15.602  -0.264  56.789 0.0000000000
72189  14.852  -0.248  56.758 0.0000000000
72190  13.906  -0.466  56.660 0.0000000000
72191  12.853  -0.651  56.628 0.0000000000
72192  11.848  -0.748  56.601 0.0000000000
72193  11.297  -0.769  56.572 0.0000000000
72194  16.814  -0.210  55.972 0.0000000000
72195  16.161  -0.199  56.288 0.0000000000
72196  15.450  -0.088  56.160 0.0000000000
72197  14.608  -0.154  55.808 0.0000000000
72198  13.284  -0.379  55.964 0.0000000000
72199  12.160  -0.562  55.986 0.0000000000
72200  11.097  -0.625  56.047 0.0000000000
72201  10.436  -0.651  55.802 0.0000000000
72206  18.034  0.049  55.066 0.0000000000
72207  17.450  -0.133  55.498 0.0000000000
72208  14.686  -0.160  54.829 0.0000000000
72209  13.689  -0.318  55.117 0.0000000000
72210  12.533  -0.491  55.195 0.0000000000
72211  11.400  -0.512  55.223 0.0000000000
72212  10.368  -0.487  55.242 0.0000000000
72213  9.452  -0.373  55.165 0.0000000000
72214  8.879  -0.354  55.271 0.0000000000
72224  17.570  0.333  54.753 0.0000000000
72225  14.819  -0.164  54.056 0.0000000000
72226  13.997  -0.259  54.331 0.0000000000
72227  13.035  -0.429  54.251 0.0000000000
72228  11.751  -0.354  54.298 0.0000000000
72229  10.635  -0.169  54.352 0.0000000000
72230  9.604  -0.137  54.387 0.0000000000
72231  8.533  -0.232  54.584 0.0000000000
72232  7.784  -0.243  54.452 0.0000000000
72241  17.725  0.727  53.786 0.0000000000
72242  17.215  0.710  53.262 0.0000000000
72243  15.005  -0.093  53.463 0.0000000000
72244  14.189  -0.205  53.555 0.0000000000
72245  13.328  -0.312  53.476 0.0000000000
72246  12.239  -0.256  53.342 0.0000000000
72247  10.928  0.124  53.178 0.0000000000
72248  9.889  0.202  53.464 0.0000000000
72249  8.814  -0.041  53.266 0.0000000000
72250  7.642  -0.082  53.701 0.0000000000
72251  6.814  0.026  53.387 0.0000000000
72263  16.858  0.588  52.738 0.0000000000
72264  16.061  0.353  52.563 0.0000000000
72265  15.126  0.050  52.742 0.0000000000
72266  14.011  -0.159  52.544 0.0000000000
72267  12.900  -0.207  52.406 0.0000000000
72268  11.724  -0.010  52.265 0.0000000000
72269  10.845  0.379  52.146 0.0000000000
72270  7.918  0.262  52.678 0.0000000000
72271  7.133  0.381  52.824 0.0000000000
72272  6.305  0.370  52.948 0.0000000000
72282  16.681  0.590  51.762 0.0000000000
72283  15.768  0.436  51.717 0.0000000000
72284  14.766  0.282  51.661 0.0000000000
72285  13.688  0.155  51.524 0.0000000000
72286  12.536  0.214  51.378 0.0000000000
72287  11.294  0.554  51.215 0.0000000000
72288  10.632  0.658  51.588 0.0000000000
73302  16.643  -0.218  55.722 0.0000000000
73303  16.400  -0.172  55.703 0.0000000000
73304  15.960  -0.111  55.673 0.0000000000
73305  15.490  -0.086  55.578 0.0000000000
73309  16.738  -0.180  55.484 0.0000000000
73310  16.390  -0.169  55.232 0.0000000000
73311  15.953  -0.143  55.095 0.0000000000
73312  15.394  -0.114  55.052 0.0000000000
73319  16.932  -0.016  54.957 0.0000000000
73320  16.489  0.086  54.673 0.0000000000
73321  16.040  -0.079  54.466 0.0000000000
73322  15.445  -0.122  54.350 0.0000000000
73327  16.998  0.554  54.511 0.0000000000
73328  16.602  0.559  53.847 0.0000000000
73329  15.985  -0.012  53.790 0.0000000000
73330  15.424  -0.090  53.692 0.0000000000
73331  10.489  0.405  52.516 0.0000000000
73332  10.079  0.461  52.635 0.0000000000
73333  9.407  0.367  52.601 0.0000000000
73341  16.197  0.406  53.241 0.0000000000
73342  15.703  0.128  53.220 0.0000000000
73343  15.348  -0.019  53.271 0.0000000000
73344  10.272  0.581  51.950 0.0000000000
73345  9.643  0.816  51.878 0.0000000000
73346  8.595  0.869  51.973 0.0000000000
73347  7.495  1.047  52.265 0.0000000000
73348  6.640  1.185  52.544 0.0000000000
73349  5.970  1.083  52.685 0.0000000000
73359  10.943  0.952  50.620 0.0000000000
73360  10.321  1.264  51.059 0.0000000000
73361  9.370  1.798  51.485 0.0000000000
73362  8.591  2.087  51.606 0.0000000000
74482  7.824  1.945  51.859 0.0000000000
74483  6.969  1.904  52.166 0.0000000000
74484  6.461  1.828  52.322 0.0000000000
74489  9.928  2.807  50.947 0.0000000000
74490  9.048  2.889  51.362 0.0000000000
74491  8.164  2.927  51.569 0.0000000000
74492  7.246  2.842  51.827 0.0000000000
75682  8.635  3.835  51.251 0.0000000000
