#!ascii label  , from subject cvs_avg35_inMNI152 vox2ras=TkReg
160
72395  39.888  0.230  35.470 0.0000000000
72402  39.324  0.412  34.802 0.0000000000
72403  38.834  0.494  34.260 0.0000000000
72411  38.308  0.558  33.737 0.0000000000
72412  37.767  0.611  33.143 0.0000000000
73544  40.162  1.389  35.813 0.0000000000
73545  39.566  1.354  35.159 0.0000000000
73552  39.102  1.340  34.484 0.0000000000
73553  38.687  1.373  33.868 0.0000000000
73560  38.132  1.438  33.202 0.0000000000
73561  37.854  1.105  33.024 0.0000000000
73574  37.892  1.794  32.763 0.0000000000
73575  37.699  1.254  32.690 0.0000000000
73584  37.467  1.285  31.874 0.0000000000
73592  37.361  1.295  30.986 0.0000000000
73593  36.956  1.275  30.209 0.0000000000
74689  40.698  2.414  35.864 0.0000000000
74690  39.928  2.343  35.358 0.0000000000
74706  39.401  2.324  34.639 0.0000000000
74707  39.045  2.010  34.046 0.0000000000
74721  39.218  2.679  33.908 0.0000000000
74722  38.771  2.297  33.403 0.0000000000
74733  38.247  2.374  32.726 0.0000000000
74734  37.751  1.971  32.259 0.0000000000
74740  38.098  2.632  31.956 0.0000000000
74741  37.685  2.183  31.353 0.0000000000
74747  37.338  2.161  30.461 0.0000000000
74748  36.827  1.992  29.831 0.0000000000
74756  37.143  2.702  29.720 0.0000000000
75841  41.046  3.406  35.854 0.0000000000
75842  40.306  3.398  35.150 0.0000000000
75843  39.795  2.907  34.908 0.0000000000
75857  40.110  3.835  34.578 0.0000000000
75858  39.698  3.382  34.280 0.0000000000
75873  39.264  3.284  33.169 0.0000000000
75874  38.785  2.803  32.886 0.0000000000
75884  39.222  3.634  32.572 0.0000000000
75885  38.754  3.240  32.274 0.0000000000
75890  38.299  3.161  31.080 0.0000000000
75891  37.802  2.601  30.769 0.0000000000
75897  38.194  3.663  30.074 0.0000000000
75898  37.747  2.963  30.230 0.0000000000
75907  38.070  3.905  29.604 0.0000000000
75908  37.540  3.556  29.342 0.0000000000
75909  37.037  2.974  29.163 0.0000000000
75920  37.383  3.734  28.643 0.0000000000
77002  41.648  4.248  36.880 0.0000000000
77013  41.301  4.252  36.160 0.0000000000
77014  40.813  4.313  35.451 0.0000000000
77027  40.397  4.391  34.643 0.0000000000
77028  40.117  4.056  34.160 0.0000000000
77043  40.295  4.554  33.903 0.0000000000
77044  39.957  4.102  33.436 0.0000000000
77061  39.604  4.069  32.640 0.0000000000
77062  39.213  3.871  32.190 0.0000000000
77076  39.513  4.355  31.890 0.0000000000
77077  39.028  3.890  31.513 0.0000000000
77090  39.402  4.513  31.124 0.0000000000
77091  38.865  4.192  30.532 0.0000000000
77105  38.485  4.265  29.713 0.0000000000
77106  38.059  4.094  29.267 0.0000000000
77118  38.351  4.478  29.092 0.0000000000
77119  37.858  4.195  28.572 0.0000000000
77120  37.328  3.845  28.159 0.0000000000
77131  37.611  4.327  27.547 0.0000000000
78131  42.081  5.432  38.667 0.0000000000
78132  41.902  5.007  37.904 0.0000000000
78139  41.998  5.719  37.787 0.0000000000
78140  41.801  5.189  37.183 0.0000000000
78146  41.523  5.053  36.490 0.0000000000
78154  41.054  5.169  35.828 0.0000000000
78155  40.751  5.264  34.981 0.0000000000
78166  40.636  5.125  34.131 0.0000000000
78180  40.353  5.031  33.143 0.0000000000
78181  40.004  4.465  32.882 0.0000000000
78196  40.407  5.389  32.057 0.0000000000
78197  39.966  4.712  32.350 0.0000000000
78213  40.380  5.608  31.047 0.0000000000
78214  39.901  4.952  31.453 0.0000000000
78229  40.319  5.780  30.431 0.0000000000
78230  39.595  5.216  30.244 0.0000000000
78231  38.933  4.654  29.994 0.0000000000
78251  39.300  5.382  29.015 0.0000000000
78252  38.865  4.829  29.423 0.0000000000
78269  39.952  5.637  27.815 0.0000000000
78270  39.248  5.418  28.115 0.0000000000
78271  38.555  4.873  28.453 0.0000000000
78272  38.064  4.539  28.070 0.0000000000
78291  38.685  5.154  27.563 0.0000000000
78292  38.200  4.772  27.730 0.0000000000
79277  43.404  6.490  40.457 0.0000000000
79278  42.865  5.900  40.006 0.0000000000
79285  43.356  7.041  39.825 0.0000000000
79286  42.772  6.477  39.395 0.0000000000
79293  42.378  6.514  38.168 0.0000000000
79301  42.057  6.366  36.963 0.0000000000
79302  41.680  5.629  36.722 0.0000000000
79308  41.970  6.775  35.752 0.0000000000
79309  41.451  5.907  36.220 0.0000000000
79315  41.977  6.892  34.637 0.0000000000
79316  41.180  6.085  35.157 0.0000000000
79317  40.918  5.735  34.888 0.0000000000
79324  42.090  6.901  33.610 0.0000000000
79325  41.430  6.315  34.120 0.0000000000
79326  40.963  5.738  34.486 0.0000000000
79336  42.143  6.937  32.656 0.0000000000
79337  41.533  6.375  33.158 0.0000000000
79338  40.974  5.753  33.623 0.0000000000
79346  42.232  6.954  31.771 0.0000000000
79347  41.590  6.477  32.195 0.0000000000
79348  40.960  5.865  32.648 0.0000000000
79357  43.905  7.269  30.703 0.0000000000
79358  43.228  7.098  30.836 0.0000000000
79359  42.506  6.936  30.963 0.0000000000
79360  41.709  6.631  31.221 0.0000000000
79361  41.009  6.044  31.613 0.0000000000
79370  43.962  7.270  30.105 0.0000000000
79371  43.560  7.107  30.285 0.0000000000
79372  42.992  6.879  30.245 0.0000000000
79373  42.131  6.700  30.278 0.0000000000
79374  41.018  6.279  30.419 0.0000000000
79375  40.329  5.933  29.944 0.0000000000
79389  44.100  7.376  29.752 0.0000000000
79390  43.553  7.021  29.663 0.0000000000
79391  42.781  6.629  29.483 0.0000000000
79392  41.833  6.443  29.397 0.0000000000
79393  40.886  6.175  29.294 0.0000000000
79394  40.017  5.855  29.240 0.0000000000
79405  43.902  7.334  29.078 0.0000000000
79406  43.331  6.767  28.776 0.0000000000
79407  42.549  6.376  28.558 0.0000000000
79408  41.598  6.139  28.444 0.0000000000
79409  40.590  5.916  28.346 0.0000000000
79410  39.797  5.699  28.510 0.0000000000
79421  43.814  7.154  28.096 0.0000000000
79422  43.186  6.561  27.753 0.0000000000
79423  42.301  6.115  27.456 0.0000000000
79424  41.297  5.884  27.584 0.0000000000
79425  40.581  5.720  27.549 0.0000000000
80442  44.036  7.722  39.920 0.0000000000
80443  43.413  7.305  39.340 0.0000000000
80450  44.008  7.769  38.867 0.0000000000
80451  43.158  7.292  38.544 0.0000000000
80458  43.030  7.309  37.425 0.0000000000
80466  42.917  7.378  36.247 0.0000000000
80476  42.833  7.388  35.089 0.0000000000
80488  43.728  7.671  34.358 0.0000000000
80489  42.821  7.339  34.010 0.0000000000
80502  43.659  7.573  33.310 0.0000000000
80503  42.808  7.361  33.007 0.0000000000
80512  43.620  7.436  32.311 0.0000000000
80513  42.815  7.293  32.105 0.0000000000
80521  44.438  7.389  31.425 0.0000000000
80522  43.486  7.291  31.462 0.0000000000
80523  42.835  7.156  31.425 0.0000000000
80535  44.536  7.449  30.305 0.0000000000
80547  45.220  7.836  29.918 0.0000000000
80548  44.539  7.650  29.478 0.0000000000
80558  45.212  8.106  28.931 0.0000000000
80559  44.482  7.700  28.485 0.0000000000
