#!ascii label  , from subject cvs_avg35_inMNI152 vox2ras=TkReg
234
64619  15.782  -6.175  26.609 0.0000000000
65905  15.050  -5.605  27.208 0.0000000000
65914  15.885  -5.967  26.277 0.0000000000
65915  15.579  -5.563  26.442 0.0000000000
65922  16.077  -5.568  25.658 0.0000000000
65923  15.753  -5.248  25.968 0.0000000000
65931  16.813  -5.648  24.371 0.0000000000
65932  16.543  -5.802  24.913 0.0000000000
67043  13.558  -4.326  28.358 0.0000000000
67044  12.780  -3.732  28.870 0.0000000000
67047  14.703  -5.085  27.289 0.0000000000
67048  14.342  -4.421  27.514 0.0000000000
67049  13.908  -3.580  27.803 0.0000000000
67056  15.001  -4.707  26.739 0.0000000000
67057  14.688  -3.841  26.792 0.0000000000
67064  16.012  -4.796  25.235 0.0000000000
67065  15.600  -4.625  25.806 0.0000000000
67072  16.720  -5.215  24.304 0.0000000000
67073  16.449  -4.915  24.572 0.0000000000
67082  16.855  -5.122  23.966 0.0000000000
67083  16.592  -4.372  23.591 0.0000000000
67089  17.081  -4.979  23.162 0.0000000000
67090  16.682  -4.179  22.636 0.0000000000
67098  17.142  -4.953  22.215 0.0000000000
67099  16.740  -4.172  21.661 0.0000000000
67108  16.784  -4.222  20.723 0.0000000000
68176  12.125  -3.081  29.187 0.0000000000
68188  13.398  -3.003  28.228 0.0000000000
68189  12.740  -2.831  28.777 0.0000000000
68192  14.299  -3.116  27.180 0.0000000000
68193  13.897  -3.003  27.703 0.0000000000
68197  15.060  -3.800  26.155 0.0000000000
68198  14.675  -3.157  26.355 0.0000000000
68202  15.829  -4.134  24.855 0.0000000000
68203  15.255  -3.303  25.275 0.0000000000
68204  14.906  -3.246  25.856 0.0000000000
68207  16.080  -3.881  24.013 0.0000000000
68208  15.647  -3.262  24.278 0.0000000000
68215  16.143  -3.341  23.130 0.0000000000
68216  15.867  -3.256  23.702 0.0000000000
68225  16.303  -3.345  22.081 0.0000000000
68236  16.482  -3.344  21.096 0.0000000000
68246  16.565  -3.419  20.155 0.0000000000
69256  12.289  -2.077  28.840 0.0000000000
69257  11.539  -2.296  29.315 0.0000000000
69268  13.188  -1.996  27.973 0.0000000000
69269  12.875  -2.265  28.425 0.0000000000
69272  14.180  -2.446  27.039 0.0000000000
69273  13.815  -2.317  27.468 0.0000000000
69277  14.341  -2.249  26.449 0.0000000000
69278  14.067  -2.137  26.953 0.0000000000
69284  14.871  -2.293  25.063 0.0000000000
69285  14.738  -2.660  25.709 0.0000000000
69293  15.242  -2.464  24.434 0.0000000000
69303  15.963  -2.757  23.049 0.0000000000
69304  15.698  -2.511  23.447 0.0000000000
69314  15.986  -2.458  22.570 0.0000000000
69315  15.805  -2.002  22.932 0.0000000000
69328  16.207  -2.454  21.509 0.0000000000
69341  16.413  -2.459  20.533 0.0000000000
69353  16.494  -2.568  19.579 0.0000000000
70268  12.219  -1.424  28.690 0.0000000000
70269  11.648  -1.240  28.998 0.0000000000
70270  10.982  -1.646  29.455 0.0000000000
70280  13.067  -1.583  27.930 0.0000000000
70281  12.724  -1.359  28.224 0.0000000000
70282  12.164  -0.983  28.607 0.0000000000
70289  13.294  -1.349  27.593 0.0000000000
70290  12.988  -0.909  27.824 0.0000000000
70299  14.120  -1.363  26.091 0.0000000000
70300  13.856  -1.525  26.824 0.0000000000
70311  14.729  -1.898  25.015 0.0000000000
70312  14.540  -1.631  25.352 0.0000000000
70326  14.860  -1.739  24.685 0.0000000000
70327  14.707  -1.227  24.802 0.0000000000
70339  15.228  -1.636  23.929 0.0000000000
70349  15.844  -1.667  22.578 0.0000000000
70350  15.576  -1.401  23.114 0.0000000000
70359  16.023  -1.597  21.914 0.0000000000
70369  16.291  -1.509  20.990 0.0000000000
70379  16.495  -1.492  19.972 0.0000000000
71311  11.424  -0.439  29.080 0.0000000000
71312  10.818  -0.620  29.453 0.0000000000
71328  12.395  -0.525  28.395 0.0000000000
71329  11.933  -0.295  28.822 0.0000000000
71345  13.161  -0.547  27.542 0.0000000000
71346  12.813  -0.326  27.961 0.0000000000
71362  13.781  -0.752  26.269 0.0000000000
71363  13.507  -0.464  26.934 0.0000000000
71378  14.110  -0.633  25.610 0.0000000000
71389  14.922  -0.961  24.352 0.0000000000
71390  14.574  -0.564  24.885 0.0000000000
71399  15.308  -0.689  23.687 0.0000000000
71409  15.804  -0.885  22.387 0.0000000000
71410  15.644  -0.379  23.002 0.0000000000
71420  16.162  -0.606  21.556 0.0000000000
71430  16.447  -0.470  20.558 0.0000000000
72454  12.085  0.982  28.964 0.0000000000
72455  11.379  0.426  29.190 0.0000000000
72468  13.049  1.010  28.044 0.0000000000
72469  12.465  0.395  28.459 0.0000000000
72470  11.995  0.362  28.907 0.0000000000
72480  13.272  0.364  27.443 0.0000000000
72481  12.891  0.358  27.975 0.0000000000
72488  13.883  0.329  26.176 0.0000000000
72489  13.569  0.288  26.839 0.0000000000
72499  14.940  0.758  25.043 0.0000000000
72500  14.375  0.214  25.304 0.0000000000
72510  15.128  0.107  24.333 0.0000000000
72511  14.688  0.162  24.826 0.0000000000
72521  15.813  0.787  23.231 0.0000000000
72522  15.561  0.133  23.531 0.0000000000
72532  16.006  0.332  22.367 0.0000000000
72533  15.730  0.224  23.015 0.0000000000
72543  16.402  0.476  21.226 0.0000000000
73603  12.142  1.636  28.992 0.0000000000
73604  11.630  1.542  29.199 0.0000000000
73614  13.232  1.691  28.180 0.0000000000
73615  12.661  1.625  28.631 0.0000000000
73622  14.245  1.900  27.159 0.0000000000
73623  13.756  1.648  27.542 0.0000000000
73632  15.191  1.919  26.270 0.0000000000
73633  14.549  1.670  26.589 0.0000000000
73634  13.755  0.889  26.884 0.0000000000
73646  15.835  2.107  25.313 0.0000000000
73647  15.450  1.755  25.653 0.0000000000
73648  14.603  0.983  25.715 0.0000000000
73657  15.930  1.962  24.883 0.0000000000
73658  15.520  1.172  24.605 0.0000000000
73667  16.079  1.595  23.894 0.0000000000
73668  15.609  0.771  23.906 0.0000000000
73676  16.203  1.542  22.818 0.0000000000
73683  16.339  1.480  21.809 0.0000000000
74758  12.929  2.832  29.123 0.0000000000
74759  12.211  2.385  29.202 0.0000000000
74770  14.082  2.995  27.977 0.0000000000
74771  13.401  2.516  28.427 0.0000000000
74772  12.801  2.346  28.852 0.0000000000
74781  14.912  3.030  26.960 0.0000000000
74782  14.381  2.409  27.321 0.0000000000
74783  13.913  2.387  27.825 0.0000000000
74791  15.297  2.471  26.388 0.0000000000
74792  14.817  2.380  26.828 0.0000000000
74802  15.951  2.661  25.355 0.0000000000
74803  15.672  2.448  25.884 0.0000000000
74813  16.305  2.656  24.361 0.0000000000
74824  16.443  2.555  23.327 0.0000000000
74836  16.413  2.515  22.311 0.0000000000
74846  16.380  2.504  21.339 0.0000000000
75910  13.328  3.655  29.062 0.0000000000
75911  12.517  3.479  29.412 0.0000000000
75922  14.288  3.855  28.117 0.0000000000
75923  13.831  3.490  28.501 0.0000000000
75931  14.988  3.778  27.228 0.0000000000
75932  14.584  3.363  27.565 0.0000000000
75942  15.720  4.063  26.146 0.0000000000
75943  15.471  3.780  26.539 0.0000000000
75952  15.893  3.803  25.756 0.0000000000
75953  15.690  3.017  25.996 0.0000000000
75961  16.276  3.693  24.803 0.0000000000
75969  16.483  3.601  23.788 0.0000000000
75979  16.519  3.535  22.782 0.0000000000
75990  16.395  3.502  21.817 0.0000000000
76001  16.215  3.506  20.856 0.0000000000
77107  13.337  4.478  29.054 0.0000000000
77108  12.820  4.423  29.323 0.0000000000
77121  14.947  4.668  27.881 0.0000000000
77122  14.557  4.636  28.192 0.0000000000
77123  13.870  4.492  28.692 0.0000000000
77133  15.214  4.557  27.370 0.0000000000
77134  14.747  4.160  27.711 0.0000000000
77143  15.808  4.609  26.151 0.0000000000
77144  15.569  4.745  26.788 0.0000000000
77151  16.221  4.837  25.264 0.0000000000
77161  16.448  4.645  24.214 0.0000000000
77173  16.518  4.556  23.224 0.0000000000
77183  16.424  4.506  22.268 0.0000000000
77194  16.240  4.450  21.391 0.0000000000
78260  13.287  5.327  29.050 0.0000000000
78279  14.950  5.399  27.981 0.0000000000
78280  14.278  5.290  28.505 0.0000000000
78281  13.838  5.215  28.757 0.0000000000
78297  15.461  5.430  27.207 0.0000000000
78310  16.046  5.674  25.983 0.0000000000
78311  15.755  5.357  26.586 0.0000000000
78324  16.304  5.825  25.284 0.0000000000
78336  16.438  5.645  24.560 0.0000000000
78349  16.505  5.552  23.632 0.0000000000
78359  16.452  5.502  22.692 0.0000000000
78369  16.260  5.498  21.745 0.0000000000
78370  15.899  5.880  21.139 0.0000000000
78379  16.029  5.183  21.049 0.0000000000
79401  14.169  6.892  28.774 0.0000000000
79418  14.810  6.130  27.983 0.0000000000
79419  14.397  6.260  28.443 0.0000000000
79420  13.895  5.727  28.762 0.0000000000
79434  15.114  6.200  27.526 0.0000000000
79444  15.989  6.324  26.105 0.0000000000
79445  15.667  6.337  26.673 0.0000000000
79452  16.163  6.438  25.636 0.0000000000
79458  16.386  6.530  24.909 0.0000000000
79467  16.505  6.489  24.031 0.0000000000
79477  16.483  6.476  23.095 0.0000000000
79487  16.343  6.421  22.238 0.0000000000
79488  16.065  6.523  21.558 0.0000000000
80565  14.741  6.656  27.918 0.0000000000
80566  14.498  7.451  28.355 0.0000000000
80576  15.060  7.261  27.346 0.0000000000
80577  14.869  8.152  27.732 0.0000000000
80591  15.864  6.812  26.013 0.0000000000
80592  15.610  7.582  26.333 0.0000000000
80607  16.129  7.429  25.412 0.0000000000
80608  15.833  8.071  25.784 0.0000000000
80620  16.415  7.333  24.444 0.0000000000
80626  16.465  7.386  23.541 0.0000000000
80635  16.309  7.488  22.494 0.0000000000
80636  16.010  8.035  22.108 0.0000000000
80644  16.184  7.020  21.937 0.0000000000
80645  15.762  7.599  21.587 0.0000000000
81710  15.206  8.471  26.976 0.0000000000
81723  15.470  8.679  26.046 0.0000000000
81736  16.283  8.032  24.706 0.0000000000
81737  15.893  8.522  25.199 0.0000000000
81750  16.366  8.082  24.005 0.0000000000
81751  16.112  8.641  24.320 0.0000000000
81755  16.301  8.384  23.214 0.0000000000
81756  16.221  8.591  23.782 0.0000000000
81760  16.110  8.431  22.507 0.0000000000
81761  15.710  8.575  21.950 0.0000000000
82853  15.715  9.308  24.579 0.0000000000
82861  16.120  8.921  23.059 0.0000000000
82862  15.958  9.170  23.591 0.0000000000
82866  16.139  8.760  22.834 0.0000000000
82867  15.827  9.197  22.636 0.0000000000
