#!ascii label  , from subject cvs_avg35_inMNI152 vox2ras=TkReg
203
26591  9.382  -41.995  10.051 0.0000000000
26592  8.843  -42.275  9.412 0.0000000000
26603  8.439  -42.249  8.402 0.0000000000
26614  8.361  -41.803  7.405 0.0000000000
26628  8.057  -41.946  6.688 0.0000000000
27359  11.252  -41.378  12.177 0.0000000000
27360  10.857  -41.814  11.916 0.0000000000
27369  11.274  -41.067  11.646 0.0000000000
27370  10.678  -41.460  11.304 0.0000000000
27371  9.998  -41.900  11.027 0.0000000000
27381  10.530  -41.048  10.664 0.0000000000
27382  9.994  -41.379  10.455 0.0000000000
27393  9.505  -41.301  9.457 0.0000000000
27394  9.012  -41.608  8.811 0.0000000000
27406  9.301  -40.967  8.717 0.0000000000
27407  8.919  -41.192  8.076 0.0000000000
27419  8.737  -40.969  7.317 0.0000000000
27430  8.408  -41.198  6.588 0.0000000000
27453  8.194  -41.161  5.602 0.0000000000
28296  11.371  -40.587  12.642 0.0000000000
28299  11.413  -40.438  11.927 0.0000000000
28300  11.240  -40.735  11.323 0.0000000000
28302  11.328  -40.081  11.336 0.0000000000
28303  10.960  -40.419  10.606 0.0000000000
28304  10.432  -40.829  10.383 0.0000000000
28307  10.739  -39.924  10.059 0.0000000000
28308  10.262  -40.422  9.818 0.0000000000
28310  9.652  -40.354  8.992 0.0000000000
28311  9.193  -40.298  8.356 0.0000000000
28314  8.847  -40.276  7.706 0.0000000000
28318  8.567  -40.284  6.981 0.0000000000
28329  8.499  -40.334  6.092 0.0000000000
28350  8.470  -40.390  4.973 0.0000000000
29301  11.360  -39.680  12.524 0.0000000000
29310  11.436  -39.396  11.831 0.0000000000
29317  11.226  -39.349  11.063 0.0000000000
29318  10.902  -39.357  10.332 0.0000000000
29321  10.514  -39.424  9.718 0.0000000000
29322  10.004  -39.562  9.151 0.0000000000
29324  9.398  -39.542  8.647 0.0000000000
29325  8.829  -39.531  8.151 0.0000000000
29327  8.491  -39.513  7.491 0.0000000000
29330  8.307  -39.480  6.695 0.0000000000
29333  8.503  -39.451  5.748 0.0000000000
29347  8.948  -38.703  3.992 0.0000000000
29348  8.799  -39.356  4.589 0.0000000000
30324  11.114  -39.123  13.128 0.0000000000
30345  11.529  -38.004  12.402 0.0000000000
30346  11.463  -38.404  12.517 0.0000000000
30360  11.570  -37.976  12.162 0.0000000000
30361  11.400  -38.371  11.607 0.0000000000
30375  11.005  -38.470  10.723 0.0000000000
30376  10.659  -38.601  9.956 0.0000000000
30386  10.165  -38.708  9.282 0.0000000000
30387  9.649  -38.957  8.870 0.0000000000
30393  9.705  -38.432  8.813 0.0000000000
30394  9.080  -38.681  8.433 0.0000000000
30395  8.435  -38.942  7.992 0.0000000000
30399  8.622  -38.389  7.895 0.0000000000
30400  8.174  -38.670  7.345 0.0000000000
30402  8.192  -38.687  6.448 0.0000000000
30404  8.517  -38.560  5.609 0.0000000000
30416  9.047  -37.806  3.972 0.0000000000
30417  8.759  -38.268  4.778 0.0000000000
31430  11.115  -38.017  13.405 0.0000000000
31447  11.561  -37.637  12.442 0.0000000000
31448  11.531  -37.380  13.037 0.0000000000
31461  11.595  -37.466  11.870 0.0000000000
31462  11.312  -37.576  11.037 0.0000000000
31473  10.926  -37.718  10.113 0.0000000000
31474  10.422  -38.078  9.559 0.0000000000
31484  10.666  -37.589  9.114 0.0000000000
31485  10.075  -38.087  9.061 0.0000000000
31494  10.795  -37.451  8.109 0.0000000000
31495  9.735  -37.929  8.311 0.0000000000
31496  9.031  -38.179  8.037 0.0000000000
31503  11.041  -37.285  7.197 0.0000000000
31504  10.048  -37.588  7.298 0.0000000000
31505  8.896  -37.976  7.370 0.0000000000
31506  8.231  -38.192  6.947 0.0000000000
31512  11.213  -37.052  6.658 0.0000000000
31513  10.509  -37.220  6.279 0.0000000000
31514  9.363  -37.666  6.429 0.0000000000
31515  8.458  -37.971  6.411 0.0000000000
31519  10.282  -36.929  5.344 0.0000000000
31520  9.612  -37.382  5.532 0.0000000000
31521  8.796  -37.775  5.617 0.0000000000
31523  10.306  -36.665  4.874 0.0000000000
31524  9.713  -36.956  4.595 0.0000000000
31525  9.080  -37.577  4.909 0.0000000000
31538  9.433  -36.906  3.487 0.0000000000
32493  11.832  -36.693  12.661 0.0000000000
32505  11.803  -36.640  11.271 0.0000000000
32506  11.434  -37.039  10.469 0.0000000000
32522  11.959  -36.471  10.144 0.0000000000
32523  11.406  -37.065  9.678 0.0000000000
32534  11.975  -36.593  9.305 0.0000000000
32535  11.475  -37.054  8.781 0.0000000000
32544  12.204  -36.495  8.481 0.0000000000
32545  11.642  -36.988  7.855 0.0000000000
32552  12.260  -36.414  7.502 0.0000000000
32553  11.708  -36.867  6.987 0.0000000000
32561  12.129  -36.262  6.614 0.0000000000
32562  11.422  -36.669  6.185 0.0000000000
32563  10.873  -36.749  5.632 0.0000000000
32570  11.873  -36.060  5.929 0.0000000000
32571  11.300  -36.172  5.289 0.0000000000
32572  10.683  -36.564  5.108 0.0000000000
32578  11.196  -35.839  4.724 0.0000000000
32579  10.566  -36.191  4.416 0.0000000000
32580  9.893  -36.524  4.036 0.0000000000
32591  10.445  -35.825  3.825 0.0000000000
32592  10.005  -36.091  3.578 0.0000000000
32604  9.543  -36.240  2.784 0.0000000000
33517  13.146  -35.253  11.319 0.0000000000
33518  12.462  -35.863  11.891 0.0000000000
33531  13.340  -35.304  10.238 0.0000000000
33532  12.556  -35.867  10.711 0.0000000000
33549  13.554  -35.165  9.357 0.0000000000
33550  12.784  -35.894  9.344 0.0000000000
33562  13.525  -35.129  8.392 0.0000000000
33563  12.844  -35.865  8.020 0.0000000000
33573  13.184  -35.168  7.373 0.0000000000
33574  12.643  -35.742  7.053 0.0000000000
33583  12.802  -35.109  6.684 0.0000000000
33584  12.332  -35.474  6.179 0.0000000000
33593  11.853  -35.535  5.502 0.0000000000
33594  11.548  -35.479  4.960 0.0000000000
33604  11.209  -35.406  4.296 0.0000000000
33605  10.741  -35.609  3.923 0.0000000000
33614  10.977  -35.206  3.710 0.0000000000
33615  10.488  -35.386  3.364 0.0000000000
33616  9.917  -35.640  2.989 0.0000000000
33630  10.158  -35.169  2.772 0.0000000000
33631  9.675  -35.442  2.290 0.0000000000
34507  14.459  -34.307  11.334 0.0000000000
34508  13.872  -34.776  10.813 0.0000000000
34512  14.524  -34.288  10.284 0.0000000000
34513  13.966  -34.735  9.829 0.0000000000
34526  14.412  -34.155  9.311 0.0000000000
34527  13.933  -34.588  8.974 0.0000000000
34543  14.164  -34.023  8.690 0.0000000000
34544  13.856  -34.234  8.290 0.0000000000
34558  13.539  -34.365  7.564 0.0000000000
34572  13.058  -34.452  6.794 0.0000000000
34573  12.533  -34.619  6.140 0.0000000000
34586  12.091  -34.857  5.481 0.0000000000
34587  11.821  -35.145  5.187 0.0000000000
34599  11.964  -34.460  5.193 0.0000000000
34600  11.725  -34.735  4.801 0.0000000000
34613  11.267  -34.548  3.767 0.0000000000
34614  10.889  -34.922  3.389 0.0000000000
34627  11.095  -34.148  3.267 0.0000000000
34628  10.608  -34.475  2.869 0.0000000000
34629  10.032  -34.856  2.428 0.0000000000
34641  10.339  -33.920  2.356 0.0000000000
34642  9.677  -34.352  1.805 0.0000000000
35498  15.403  -32.964  10.215 0.0000000000
35499  15.071  -33.716  10.785 0.0000000000
35503  15.083  -32.856  9.272 0.0000000000
35504  14.937  -33.620  9.694 0.0000000000
35514  14.707  -32.658  8.807 0.0000000000
35515  14.376  -33.273  8.634 0.0000000000
35516  14.003  -33.744  8.384 0.0000000000
35528  13.895  -32.981  8.117 0.0000000000
35529  13.719  -33.460  7.862 0.0000000000
35543  13.201  -33.613  7.009 0.0000000000
35544  12.628  -33.784  6.290 0.0000000000
35559  12.158  -34.054  5.457 0.0000000000
35560  11.876  -33.456  5.317 0.0000000000
35574  11.901  -34.245  5.014 0.0000000000
35575  11.685  -33.774  4.642 0.0000000000
35590  11.187  -33.630  3.554 0.0000000000
35591  10.954  -33.199  3.343 0.0000000000
35606  10.995  -33.923  3.064 0.0000000000
35607  10.716  -33.447  2.835 0.0000000000
36402  15.352  -32.199  9.747 0.0000000000
36408  14.976  -32.167  9.016 0.0000000000
36409  14.218  -32.268  8.525 0.0000000000
36410  13.722  -31.968  8.251 0.0000000000
36415  13.980  -32.748  8.264 0.0000000000
36416  13.449  -32.438  7.782 0.0000000000
36417  12.787  -32.107  7.299 0.0000000000
36422  13.259  -33.036  7.289 0.0000000000
36423  12.480  -32.694  6.676 0.0000000000
36424  11.747  -32.291  6.184 0.0000000000
36430  12.117  -33.339  5.827 0.0000000000
36431  11.467  -32.698  5.391 0.0000000000
36438  11.191  -33.021  4.171 0.0000000000
36450  11.041  -33.114  3.612 0.0000000000
37263  15.502  -31.320  10.078 0.0000000000
37264  15.065  -31.056  9.539 0.0000000000
37270  15.142  -31.633  9.437 0.0000000000
37271  14.601  -31.401  9.020 0.0000000000
37272  13.816  -31.415  8.571 0.0000000000
37273  13.166  -31.190  8.377 0.0000000000
37279  13.390  -31.706  8.135 0.0000000000
37280  12.736  -31.494  7.764 0.0000000000
37290  12.359  -31.852  7.110 0.0000000000
37291  11.716  -31.772  6.647 0.0000000000
38196  15.209  -30.484  9.976 0.0000000000
38197  14.585  -30.525  9.480 0.0000000000
38203  14.079  -30.830  9.030 0.0000000000
