#!ascii label  , from subject cvs_avg35_inMNI152 vox2ras=TkReg
186
102515  44.372  28.772  -48.028 0.0000000000
102523  43.186  28.419  -49.948 0.0000000000
103214  47.744  30.106  -37.984 0.0000000000
103217  47.575  29.652  -38.347 0.0000000000
103221  50.234  29.549  -39.408 0.0000000000
103222  49.828  29.566  -40.021 0.0000000000
103223  47.086  29.536  -39.154 0.0000000000
103224  46.577  29.456  -39.891 0.0000000000
103228  49.265  29.667  -40.848 0.0000000000
103229  48.889  29.178  -41.025 0.0000000000
103232  49.117  30.080  -41.489 0.0000000000
103233  48.788  29.583  -41.693 0.0000000000
103236  48.297  29.698  -42.877 0.0000000000
103237  47.902  29.260  -43.089 0.0000000000
103240  48.222  30.096  -43.543 0.0000000000
103241  47.844  29.620  -43.761 0.0000000000
103244  47.608  29.666  -44.931 0.0000000000
103247  47.492  29.779  -45.920 0.0000000000
103251  47.227  29.841  -46.689 0.0000000000
103252  46.689  29.661  -46.986 0.0000000000
103256  45.277  29.392  -47.576 0.0000000000
103257  44.495  29.324  -47.912 0.0000000000
103259  43.855  29.079  -48.318 0.0000000000
103260  43.193  29.274  -49.179 0.0000000000
103263  42.783  29.567  -50.377 0.0000000000
103264  42.503  30.222  -50.696 0.0000000000
103965  47.970  30.848  -37.418 0.0000000000
103966  47.820  30.345  -37.797 0.0000000000
103972  47.716  31.414  -37.731 0.0000000000
103973  47.611  30.896  -38.099 0.0000000000
103979  50.552  30.689  -39.480 0.0000000000
103980  50.230  30.108  -39.899 0.0000000000
103981  47.165  30.717  -38.863 0.0000000000
103982  46.676  30.578  -39.567 0.0000000000
103988  50.420  31.287  -40.032 0.0000000000
103989  50.088  30.697  -40.535 0.0000000000
103990  46.213  30.508  -40.266 0.0000000000
103991  45.661  30.438  -40.899 0.0000000000
103996  49.353  30.674  -41.549 0.0000000000
103997  49.037  30.279  -41.792 0.0000000000
104000  49.279  31.037  -42.039 0.0000000000
104001  48.955  30.607  -42.404 0.0000000000
104004  48.418  30.667  -43.580 0.0000000000
104005  48.146  30.292  -43.868 0.0000000000
104008  48.284  31.092  -44.184 0.0000000000
104009  48.072  30.637  -44.540 0.0000000000
104012  47.819  30.589  -45.597 0.0000000000
104016  47.572  30.627  -46.445 0.0000000000
104017  46.638  30.609  -46.932 0.0000000000
104018  46.028  30.903  -47.028 0.0000000000
104021  46.303  30.027  -47.051 0.0000000000
104022  45.715  30.370  -47.194 0.0000000000
104023  44.489  30.354  -47.778 0.0000000000
104024  43.845  30.872  -48.153 0.0000000000
104027  44.077  29.737  -48.084 0.0000000000
104028  43.520  30.179  -48.470 0.0000000000
104030  42.962  30.279  -49.439 0.0000000000
104031  42.575  30.582  -50.251 0.0000000000
104678  48.704  32.154  -36.301 0.0000000000
104685  48.153  32.042  -37.043 0.0000000000
104686  47.816  32.474  -37.466 0.0000000000
104692  47.817  31.782  -37.511 0.0000000000
104693  47.503  32.198  -37.871 0.0000000000
104697  50.846  31.885  -38.951 0.0000000000
104698  50.529  32.329  -39.479 0.0000000000
104699  47.066  31.990  -38.514 0.0000000000
104700  46.669  31.723  -39.210 0.0000000000
104707  50.555  31.660  -39.674 0.0000000000
104708  50.210  32.126  -40.237 0.0000000000
104709  46.203  31.617  -39.809 0.0000000000
104710  45.675  31.620  -40.413 0.0000000000
104717  49.494  31.725  -41.228 0.0000000000
104718  49.011  32.075  -41.542 0.0000000000
104719  45.138  31.567  -41.051 0.0000000000
104720  44.594  31.530  -41.622 0.0000000000
104721  49.290  31.239  -41.755 0.0000000000
104722  49.005  31.550  -42.096 0.0000000000
104725  48.680  31.392  -43.064 0.0000000000
104728  48.280  31.455  -43.828 0.0000000000
104729  48.098  31.581  -44.530 0.0000000000
104732  47.834  31.656  -45.479 0.0000000000
104733  47.330  32.039  -45.859 0.0000000000
104737  47.799  31.191  -46.096 0.0000000000
104738  47.143  31.591  -46.399 0.0000000000
104739  45.883  31.508  -46.776 0.0000000000
104740  44.632  31.965  -46.807 0.0000000000
104743  45.718  31.016  -47.088 0.0000000000
104744  45.074  31.178  -47.240 0.0000000000
104745  43.774  31.694  -47.560 0.0000000000
104749  43.318  31.140  -48.534 0.0000000000
104752  43.163  30.750  -49.010 0.0000000000
104753  42.597  31.341  -49.445 0.0000000000
104756  42.144  31.332  -50.552 0.0000000000
105425  49.233  33.139  -36.358 0.0000000000
105434  50.250  33.654  -36.976 0.0000000000
105435  48.582  33.135  -36.870 0.0000000000
105436  48.067  32.959  -37.261 0.0000000000
105443  50.771  32.925  -38.220 0.0000000000
105444  50.375  33.320  -38.617 0.0000000000
105445  48.344  33.648  -37.400 0.0000000000
105446  47.847  33.408  -37.751 0.0000000000
105454  50.596  32.750  -38.965 0.0000000000
105455  50.200  33.178  -39.344 0.0000000000
105456  47.341  33.479  -38.369 0.0000000000
105457  46.676  33.063  -38.936 0.0000000000
105458  46.165  33.345  -39.304 0.0000000000
105467  49.674  33.194  -39.985 0.0000000000
105468  49.196  33.261  -40.311 0.0000000000
105469  46.257  32.502  -39.416 0.0000000000
105470  45.723  32.893  -39.791 0.0000000000
105475  49.520  32.613  -40.592 0.0000000000
105476  48.892  32.801  -40.956 0.0000000000
105477  48.269  33.063  -41.270 0.0000000000
105478  45.131  32.828  -40.520 0.0000000000
105479  44.603  32.646  -41.160 0.0000000000
105480  48.534  32.309  -41.721 0.0000000000
105481  47.795  32.787  -41.894 0.0000000000
105482  47.176  33.044  -42.415 0.0000000000
105483  46.676  33.324  -42.736 0.0000000000
105486  48.337  32.010  -42.545 0.0000000000
105487  47.635  32.269  -42.881 0.0000000000
105488  46.914  32.510  -43.183 0.0000000000
105489  46.193  33.033  -43.300 0.0000000000
105493  48.197  31.890  -43.328 0.0000000000
105494  47.643  32.049  -43.868 0.0000000000
105495  46.715  32.266  -44.104 0.0000000000
105496  45.725  32.749  -44.225 0.0000000000
105497  45.142  33.169  -44.639 0.0000000000
105500  47.460  32.070  -44.720 0.0000000000
105501  46.742  32.167  -45.259 0.0000000000
105502  45.613  32.568  -45.281 0.0000000000
105508  46.974  32.154  -46.013 0.0000000000
105509  46.314  32.158  -46.068 0.0000000000
105510  45.162  32.342  -46.077 0.0000000000
106209  49.683  33.646  -36.714 0.0000000000
106210  49.206  33.638  -36.876 0.0000000000
106219  50.454  33.479  -37.565 0.0000000000
106220  49.808  33.805  -37.395 0.0000000000
106221  49.013  34.021  -37.336 0.0000000000
106230  50.276  33.560  -38.043 0.0000000000
106231  49.761  33.920  -38.306 0.0000000000
106232  48.688  34.423  -38.050 0.0000000000
106233  47.986  34.323  -38.301 0.0000000000
106246  49.431  33.947  -39.156 0.0000000000
106247  48.708  34.405  -39.081 0.0000000000
106248  48.000  34.779  -38.936 0.0000000000
106249  47.097  34.313  -38.816 0.0000000000
106250  46.500  34.149  -39.083 0.0000000000
106264  49.162  33.800  -39.777 0.0000000000
106265  48.650  33.907  -40.009 0.0000000000
106266  48.127  34.492  -40.058 0.0000000000
106267  45.937  34.200  -39.421 0.0000000000
106272  48.383  33.662  -40.711 0.0000000000
106273  47.853  34.031  -41.061 0.0000000000
106274  47.478  34.458  -41.546 0.0000000000
106275  45.315  34.391  -40.024 0.0000000000
106276  44.575  34.024  -40.737 0.0000000000
106278  47.457  33.678  -41.830 0.0000000000
106279  47.037  34.170  -42.159 0.0000000000
106280  46.421  34.190  -42.745 0.0000000000
106283  45.786  34.104  -43.461 0.0000000000
106284  45.465  34.492  -43.971 0.0000000000
106288  45.331  33.680  -44.136 0.0000000000
107016  47.641  34.995  -39.301 0.0000000000
107017  47.055  34.965  -39.190 0.0000000000
107018  46.472  34.917  -39.285 0.0000000000
107031  47.690  35.087  -40.069 0.0000000000
107032  47.054  35.605  -39.563 0.0000000000
107033  46.132  35.418  -39.719 0.0000000000
107040  47.635  35.091  -40.966 0.0000000000
107041  47.271  35.210  -41.551 0.0000000000
107042  45.657  35.702  -40.243 0.0000000000
107043  45.062  35.503  -40.680 0.0000000000
107044  44.488  35.053  -41.044 0.0000000000
107045  46.814  35.275  -42.131 0.0000000000
107046  46.270  35.379  -42.696 0.0000000000
107049  45.746  35.520  -43.403 0.0000000000
107816  47.407  35.589  -40.364 0.0000000000
107817  46.953  36.098  -40.251 0.0000000000
107818  46.297  36.124  -40.403 0.0000000000
107828  47.319  35.717  -40.908 0.0000000000
107829  46.857  36.100  -41.213 0.0000000000
107830  45.949  36.511  -40.945 0.0000000000
107831  45.270  36.448  -41.215 0.0000000000
107835  46.412  36.089  -41.851 0.0000000000
107836  45.929  36.698  -42.165 0.0000000000
