#!ascii label  , from subject cvs_avg35_inMNI152 vox2ras=TkReg
242
55923  44.461  -14.330  7.980 0.0000000000
55926  43.725  -14.404  7.475 0.0000000000
55927  43.107  -14.471  6.994 0.0000000000
57079  45.848  -13.318  9.073 0.0000000000
57081  45.316  -13.330  8.694 0.0000000000
57082  44.715  -13.435  8.255 0.0000000000
57085  44.042  -13.471  7.698 0.0000000000
57086  43.242  -13.507  7.033 0.0000000000
57087  42.801  -14.000  6.793 0.0000000000
57091  42.987  -13.118  6.569 0.0000000000
57092  42.499  -13.584  6.260 0.0000000000
57101  42.285  -13.216  5.684 0.0000000000
58170  48.026  -12.625  10.588 0.0000000000
58175  47.442  -12.583  10.167 0.0000000000
58176  46.838  -12.530  9.717 0.0000000000
58177  46.202  -12.489  9.282 0.0000000000
58179  45.590  -12.486  8.853 0.0000000000
58180  45.020  -12.558  8.392 0.0000000000
58184  44.448  -12.596  7.870 0.0000000000
58185  43.846  -12.610  7.289 0.0000000000
58190  43.339  -12.573  6.643 0.0000000000
58191  42.904  -12.840  6.255 0.0000000000
58200  43.128  -12.258  6.000 0.0000000000
58201  42.638  -12.731  5.700 0.0000000000
58202  42.234  -12.948  5.285 0.0000000000
58205  43.041  -12.136  5.379 0.0000000000
58206  42.626  -12.362  4.866 0.0000000000
58211  42.369  -12.323  4.077 0.0000000000
58221  42.224  -12.167  3.460 0.0000000000
59359  52.030  -11.169  13.045 0.0000000000
59360  51.505  -11.331  12.683 0.0000000000
59361  50.751  -11.760  12.356 0.0000000000
59364  50.359  -11.486  11.839 0.0000000000
59365  49.713  -11.781  11.582 0.0000000000
59366  48.933  -11.879  11.194 0.0000000000
59368  48.396  -11.834  10.770 0.0000000000
59369  47.825  -11.768  10.395 0.0000000000
59374  47.260  -11.711  9.962 0.0000000000
59375  46.614  -11.589  9.480 0.0000000000
59376  45.950  -11.634  8.989 0.0000000000
59379  45.373  -11.631  8.454 0.0000000000
59380  44.829  -11.925  8.011 0.0000000000
59384  45.007  -11.254  7.852 0.0000000000
59385  44.406  -11.664  7.349 0.0000000000
59386  43.815  -11.983  6.881 0.0000000000
59391  44.124  -11.446  6.624 0.0000000000
59392  43.612  -11.832  6.295 0.0000000000
59400  44.056  -11.336  5.901 0.0000000000
59401  43.518  -11.732  5.571 0.0000000000
59403  44.045  -11.335  5.088 0.0000000000
59404  43.358  -11.726  4.745 0.0000000000
59405  42.902  -11.910  4.219 0.0000000000
59411  44.051  -11.322  4.248 0.0000000000
59412  43.444  -11.548  3.884 0.0000000000
59413  42.811  -11.778  3.590 0.0000000000
59423  44.034  -11.222  3.542 0.0000000000
59424  43.458  -11.274  3.176 0.0000000000
59425  42.507  -11.516  2.960 0.0000000000
60419  53.281  -10.563  13.325 0.0000000000
60420  52.472  -10.896  13.134 0.0000000000
60422  53.126  -10.202  12.647 0.0000000000
60423  52.318  -10.498  12.458 0.0000000000
60424  51.185  -10.909  12.121 0.0000000000
60425  50.680  -11.185  11.924 0.0000000000
60427  52.156  -10.063  11.858 0.0000000000
60428  51.555  -10.271  11.764 0.0000000000
60429  50.449  -10.637  11.374 0.0000000000
60430  49.322  -11.140  10.976 0.0000000000
60431  48.770  -11.405  10.817 0.0000000000
60433  50.171  -10.015  10.760 0.0000000000
60434  49.574  -10.332  10.657 0.0000000000
60435  48.429  -10.776  10.364 0.0000000000
60436  47.681  -11.209  10.141 0.0000000000
60441  47.969  -10.158  9.818 0.0000000000
60442  47.333  -10.678  9.691 0.0000000000
60443  46.347  -10.621  8.927 0.0000000000
60444  45.800  -11.098  8.663 0.0000000000
60447  46.164  -10.146  8.426 0.0000000000
60448  45.630  -10.585  8.170 0.0000000000
60451  44.995  -10.620  7.083 0.0000000000
60452  44.493  -11.140  6.868 0.0000000000
60457  45.045  -10.350  5.937 0.0000000000
60458  44.543  -10.949  6.325 0.0000000000
60465  45.182  -10.507  5.016 0.0000000000
60466  44.596  -10.909  5.482 0.0000000000
60468  46.007  -10.436  3.849 0.0000000000
60469  45.276  -10.638  4.181 0.0000000000
60470  44.655  -10.971  4.620 0.0000000000
60477  46.956  -10.200  2.806 0.0000000000
60478  46.160  -10.349  3.016 0.0000000000
60479  45.329  -10.554  3.348 0.0000000000
60480  44.661  -10.966  3.769 0.0000000000
60489  46.966  -10.084  2.273 0.0000000000
60490  46.391  -10.098  2.349 0.0000000000
60491  45.473  -10.231  2.576 0.0000000000
60492  44.428  -10.704  2.968 0.0000000000
60493  43.420  -10.619  2.674 0.0000000000
61437  53.799  -9.888  12.532 0.0000000000
61438  53.125  -9.937  12.279 0.0000000000
61442  54.630  -9.411  11.955 0.0000000000
61443  53.699  -9.653  11.864 0.0000000000
61444  52.747  -9.749  11.811 0.0000000000
61445  51.975  -9.761  11.485 0.0000000000
61446  51.250  -9.869  11.306 0.0000000000
61449  54.303  -9.368  11.486 0.0000000000
61450  53.515  -9.435  11.370 0.0000000000
61451  52.506  -9.399  11.227 0.0000000000
61452  51.599  -9.354  11.014 0.0000000000
61453  50.711  -9.559  10.765 0.0000000000
61454  49.889  -9.545  10.305 0.0000000000
61455  49.144  -9.904  10.204 0.0000000000
61460  49.297  -9.307  9.903 0.0000000000
61461  48.534  -9.616  9.741 0.0000000000
61462  47.679  -9.665  9.331 0.0000000000
61463  47.021  -9.947  9.088 0.0000000000
61466  47.287  -9.371  8.804 0.0000000000
61467  46.674  -9.595  8.436 0.0000000000
61468  46.083  -9.863  8.078 0.0000000000
61471  46.409  -9.390  7.720 0.0000000000
61472  45.793  -9.850  7.422 0.0000000000
61477  46.348  -9.267  6.862 0.0000000000
61478  45.701  -9.794  6.389 0.0000000000
61485  47.130  -9.176  5.270 0.0000000000
61486  46.688  -9.314  5.652 0.0000000000
61487  45.819  -10.012  5.339 0.0000000000
61491  47.251  -9.381  4.817 0.0000000000
61492  46.618  -10.020  4.513 0.0000000000
61493  45.791  -10.338  4.580 0.0000000000
61502  48.052  -9.459  3.312 0.0000000000
61503  47.643  -9.732  3.629 0.0000000000
61504  46.734  -10.276  3.548 0.0000000000
61514  48.034  -9.379  2.935 0.0000000000
61515  47.485  -9.752  2.456 0.0000000000
61516  46.821  -9.704  2.024 0.0000000000
61517  45.961  -9.586  2.047 0.0000000000
61518  44.599  -9.838  2.307 0.0000000000
61526  47.846  -8.962  2.447 0.0000000000
61527  47.333  -9.017  2.126 0.0000000000
61528  46.681  -9.112  1.882 0.0000000000
61529  46.210  -9.020  1.885 0.0000000000
62469  54.960  -9.049  11.444 0.0000000000
62474  55.663  -8.605  11.124 0.0000000000
62475  54.600  -9.049  11.121 0.0000000000
62476  53.164  -9.258  11.043 0.0000000000
62477  51.971  -9.043  10.736 0.0000000000
62478  51.172  -8.910  10.386 0.0000000000
62479  50.443  -8.868  10.062 0.0000000000
62480  49.783  -8.877  9.823 0.0000000000
62485  54.065  -8.084  9.877 0.0000000000
62486  53.121  -8.202  9.790 0.0000000000
62487  51.337  -8.654  9.935 0.0000000000
62488  50.896  -8.477  9.591 0.0000000000
62489  50.183  -8.245  9.223 0.0000000000
62490  49.124  -8.662  9.381 0.0000000000
62491  48.148  -8.933  9.076 0.0000000000
62492  47.637  -9.125  8.874 0.0000000000
62495  50.078  -7.786  8.676 0.0000000000
62496  49.506  -7.930  8.754 0.0000000000
62497  48.604  -8.179  8.632 0.0000000000
62498  47.519  -8.613  8.195 0.0000000000
62499  46.833  -9.076  7.970 0.0000000000
62503  47.367  -8.280  6.983 0.0000000000
62504  46.864  -8.859  7.399 0.0000000000
62510  47.397  -8.393  6.101 0.0000000000
62511  46.938  -8.792  6.495 0.0000000000
62518  48.145  -8.350  4.866 0.0000000000
62519  47.419  -8.812  5.326 0.0000000000
62520  47.109  -8.820  5.903 0.0000000000
62526  48.370  -8.748  4.163 0.0000000000
62527  47.821  -9.039  4.445 0.0000000000
62538  49.106  -8.563  3.157 0.0000000000
62539  48.287  -9.017  3.431 0.0000000000
62540  48.085  -9.195  3.930 0.0000000000
62552  48.506  -8.750  2.654 0.0000000000
62565  46.606  -8.688  1.841 0.0000000000
63593  55.911  -8.379  10.712 0.0000000000
63594  54.862  -7.907  9.886 0.0000000000
63599  56.878  -7.849  10.033 0.0000000000
63600  55.504  -7.526  9.556 0.0000000000
63601  54.735  -7.610  9.401 0.0000000000
63602  53.857  -7.698  9.298 0.0000000000
63603  52.923  -7.766  9.207 0.0000000000
63604  51.163  -8.158  9.140 0.0000000000
63605  50.880  -7.982  8.913 0.0000000000
63607  56.067  -7.214  9.276 0.0000000000
63608  55.493  -7.217  9.033 0.0000000000
63609  54.649  -7.252  8.826 0.0000000000
63610  53.718  -7.295  8.704 0.0000000000
63611  52.769  -7.328  8.607 0.0000000000
63612  51.376  -7.386  8.245 0.0000000000
63613  50.630  -7.551  8.430 0.0000000000
63614  49.949  -7.402  8.269 0.0000000000
63615  49.119  -7.425  8.187 0.0000000000
63616  48.362  -7.715  7.976 0.0000000000
63620  51.209  -7.061  7.851 0.0000000000
63621  50.611  -6.966  7.747 0.0000000000
63622  49.760  -6.906  7.609 0.0000000000
63623  48.783  -6.955  7.375 0.0000000000
63624  47.999  -7.670  7.253 0.0000000000
63630  48.388  -7.046  6.457 0.0000000000
63631  47.870  -7.744  6.291 0.0000000000
63637  49.178  -7.216  5.030 0.0000000000
63638  48.659  -7.415  5.347 0.0000000000
63639  47.874  -8.115  5.584 0.0000000000
63647  49.527  -7.400  4.558 0.0000000000
63648  48.859  -8.122  4.436 0.0000000000
63658  49.490  -8.158  3.818 0.0000000000
63659  48.864  -8.576  3.813 0.0000000000
64809  57.424  -7.034  9.784 0.0000000000
64810  57.111  -7.096  9.587 0.0000000000
64817  57.251  -6.682  8.777 0.0000000000
64818  56.856  -6.401  7.958 0.0000000000
64819  54.595  -6.870  8.193 0.0000000000
64820  53.633  -6.886  8.085 0.0000000000
64821  52.368  -6.572  7.576 0.0000000000
64822  51.825  -6.734  7.647 0.0000000000
64828  57.167  -6.241  7.857 0.0000000000
64829  56.292  -6.328  7.197 0.0000000000
64830  55.058  -6.230  6.818 0.0000000000
64831  53.652  -6.137  7.003 0.0000000000
64832  52.584  -6.137  7.188 0.0000000000
64833  51.501  -6.352  7.373 0.0000000000
64834  50.570  -6.305  7.027 0.0000000000
64835  49.626  -6.566  6.830 0.0000000000
64836  49.001  -6.700  6.535 0.0000000000
64842  57.436  -5.874  7.316 0.0000000000
64843  56.720  -6.068  6.925 0.0000000000
64844  55.722  -6.175  6.558 0.0000000000
64845  54.606  -6.032  6.525 0.0000000000
64846  53.584  -5.896  6.624 0.0000000000
64847  52.859  -5.807  6.630 0.0000000000
64848  50.224  -6.157  6.221 0.0000000000
64849  49.519  -6.534  6.012 0.0000000000
64850  48.924  -6.836  5.829 0.0000000000
64855  50.088  -6.268  5.342 0.0000000000
64856  49.401  -6.923  5.197 0.0000000000
64857  48.964  -7.010  5.457 0.0000000000
64866  49.715  -7.060  4.740 0.0000000000
66097  52.191  -5.841  6.894 0.0000000000
66098  51.517  -5.792  6.691 0.0000000000
66099  50.885  -5.766  6.349 0.0000000000
66120  50.783  -5.718  5.585 0.0000000000
