#!ascii label  , from subject cvs_avg35_inMNI152 vox2ras=TkReg
244
50538  45.735  -17.761  5.208 0.0000000000
50539  45.222  -17.648  5.167 0.0000000000
50555  45.991  -18.006  4.384 0.0000000000
50556  44.905  -17.828  4.521 0.0000000000
50557  43.819  -17.776  4.283 0.0000000000
50558  43.289  -17.647  4.227 0.0000000000
50570  46.191  -18.297  3.410 0.0000000000
50571  45.134  -18.222  3.466 0.0000000000
50572  44.045  -18.182  3.515 0.0000000000
50573  42.926  -17.926  3.619 0.0000000000
50574  41.812  -17.724  3.313 0.0000000000
50575  41.268  -17.510  3.199 0.0000000000
50584  46.349  -18.475  2.421 0.0000000000
50585  45.301  -18.508  2.479 0.0000000000
50586  44.240  -18.490  2.532 0.0000000000
50587  43.157  -18.396  2.582 0.0000000000
50588  42.074  -18.161  2.555 0.0000000000
50589  41.034  -17.691  2.516 0.0000000000
50590  40.389  -17.512  2.089 0.0000000000
50598  45.412  -18.568  1.472 0.0000000000
50599  44.377  -18.639  1.537 0.0000000000
50600  43.341  -18.587  1.583 0.0000000000
50601  42.308  -18.416  1.600 0.0000000000
50602  41.313  -18.107  1.589 0.0000000000
50603  40.546  -17.754  1.581 0.0000000000
50609  45.460  -18.500  0.450 0.0000000000
50610  44.452  -18.644  0.547 0.0000000000
50611  43.458  -18.637  0.613 0.0000000000
50612  42.473  -18.528  0.647 0.0000000000
50613  41.495  -18.322  0.658 0.0000000000
50614  40.460  -17.947  0.630 0.0000000000
50615  39.872  -17.766  0.110 0.0000000000
50621  44.465  -18.608  -0.435 0.0000000000
50622  43.511  -18.627  -0.325 0.0000000000
50623  42.574  -18.571  -0.260 0.0000000000
50624  41.643  -18.434  -0.247 0.0000000000
50625  40.793  -18.224  -0.220 0.0000000000
50626  40.101  -17.944  -0.343 0.0000000000
50632  43.513  -18.511  -1.236 0.0000000000
50633  42.616  -18.505  -1.119 0.0000000000
50634  41.766  -18.439  -1.047 0.0000000000
50635  40.805  -18.199  -1.171 0.0000000000
50636  40.353  -18.082  -0.778 0.0000000000
50642  42.612  -18.190  -1.924 0.0000000000
50643  41.789  -18.166  -1.747 0.0000000000
50644  41.280  -18.166  -1.557 0.0000000000
51809  44.870  -16.961  6.322 0.0000000000
51810  44.274  -16.800  6.144 0.0000000000
51832  45.298  -17.417  5.749 0.0000000000
51833  44.575  -17.208  5.667 0.0000000000
51834  43.794  -16.968  5.595 0.0000000000
51835  43.113  -16.898  5.318 0.0000000000
51857  44.867  -17.537  5.220 0.0000000000
51858  44.236  -17.505  5.028 0.0000000000
51859  43.401  -17.381  4.798 0.0000000000
51860  42.594  -17.072  4.798 0.0000000000
51861  41.914  -16.967  4.480 0.0000000000
51876  42.912  -17.505  4.288 0.0000000000
51877  42.255  -17.440  4.063 0.0000000000
51878  41.355  -17.154  3.813 0.0000000000
51879  40.679  -16.874  3.424 0.0000000000
51892  40.867  -17.296  3.130 0.0000000000
51893  40.099  -16.952  2.600 0.0000000000
51894  39.531  -16.555  2.195 0.0000000000
51908  39.968  -17.403  1.598 0.0000000000
51909  39.270  -16.777  1.554 0.0000000000
51910  38.730  -16.470  1.176 0.0000000000
51924  40.124  -17.658  1.098 0.0000000000
51925  39.527  -17.430  0.603 0.0000000000
51926  38.546  -16.701  0.557 0.0000000000
51927  37.962  -16.484  0.169 0.0000000000
51941  39.460  -17.601  -0.426 0.0000000000
51942  38.738  -17.152  -0.340 0.0000000000
51943  38.028  -16.694  -0.346 0.0000000000
51956  40.291  -17.820  -1.754 0.0000000000
51957  39.798  -17.740  -1.300 0.0000000000
51958  38.877  -17.299  -1.229 0.0000000000
51959  38.185  -16.867  -1.196 0.0000000000
51976  41.724  -17.814  -2.543 0.0000000000
51977  40.798  -17.795  -2.200 0.0000000000
51978  39.822  -17.475  -2.272 0.0000000000
51979  38.890  -17.107  -2.258 0.0000000000
51980  38.433  -16.945  -1.761 0.0000000000
51997  40.886  -17.419  -3.182 0.0000000000
51998  39.917  -17.130  -3.208 0.0000000000
51999  39.358  -17.125  -2.791 0.0000000000
52013  40.388  -17.087  -3.665 0.0000000000
53193  44.090  -15.934  7.067 0.0000000000
53202  44.423  -16.486  6.724 0.0000000000
53203  43.680  -16.244  6.382 0.0000000000
53204  43.041  -16.028  6.062 0.0000000000
53214  43.250  -16.500  5.765 0.0000000000
53215  42.575  -16.304  5.499 0.0000000000
53216  41.938  -16.062  5.205 0.0000000000
53228  42.077  -16.569  4.932 0.0000000000
53229  41.378  -16.306  4.634 0.0000000000
53230  40.692  -16.006  4.261 0.0000000000
53240  40.854  -16.554  3.963 0.0000000000
53241  40.284  -16.190  3.524 0.0000000000
53242  39.882  -15.858  3.112 0.0000000000
53253  39.950  -16.303  2.966 0.0000000000
53254  39.562  -16.075  2.580 0.0000000000
53255  39.152  -15.779  2.091 0.0000000000
53265  39.228  -16.278  2.013 0.0000000000
53266  38.731  -16.046  1.575 0.0000000000
53267  38.177  -15.868  1.158 0.0000000000
53275  38.383  -16.272  1.025 0.0000000000
53276  37.809  -16.116  0.604 0.0000000000
53277  37.162  -15.976  0.199 0.0000000000
53287  37.487  -16.353  -0.140 0.0000000000
53288  36.862  -15.977  -0.462 0.0000000000
53299  37.364  -16.400  -1.124 0.0000000000
53300  36.624  -15.743  -1.359 0.0000000000
53316  38.398  -16.687  -2.851 0.0000000000
53317  37.814  -16.507  -2.326 0.0000000000
53318  36.983  -16.005  -2.002 0.0000000000
53336  39.393  -16.717  -3.825 0.0000000000
53337  38.894  -16.729  -3.355 0.0000000000
53338  38.106  -16.312  -3.403 0.0000000000
53362  38.923  -16.236  -4.397 0.0000000000
53363  38.437  -16.246  -3.910 0.0000000000
54641  43.531  -15.322  7.019 0.0000000000
54642  42.976  -15.069  6.671 0.0000000000
54650  43.157  -15.616  6.465 0.0000000000
54651  42.573  -15.362  6.122 0.0000000000
54652  42.022  -15.088  5.785 0.0000000000
54661  42.145  -15.639  5.574 0.0000000000
54662  41.575  -15.371  5.293 0.0000000000
54671  40.908  -15.360  4.718 0.0000000000
54672  40.412  -15.328  4.095 0.0000000000
54676  40.032  -15.277  3.465 0.0000000000
54677  39.689  -15.298  2.923 0.0000000000
54683  39.363  -15.264  2.441 0.0000000000
54684  38.803  -15.172  1.920 0.0000000000
54685  38.103  -14.966  1.633 0.0000000000
54694  38.298  -15.492  1.474 0.0000000000
54695  37.617  -15.384  1.165 0.0000000000
54696  36.966  -15.317  0.867 0.0000000000
54704  37.222  -15.680  0.630 0.0000000000
54705  36.611  -15.468  0.233 0.0000000000
54706  36.069  -15.111  -0.153 0.0000000000
54713  36.325  -15.413  -0.663 0.0000000000
54714  35.833  -14.839  -0.780 0.0000000000
54722  36.117  -15.092  -1.471 0.0000000000
54723  35.689  -14.473  -1.535 0.0000000000
54735  37.032  -15.782  -2.714 0.0000000000
54736  36.402  -15.205  -2.373 0.0000000000
54737  35.961  -14.671  -2.054 0.0000000000
54746  37.433  -15.787  -3.393 0.0000000000
54747  36.784  -15.126  -3.327 0.0000000000
54762  37.959  -15.603  -4.398 0.0000000000
54763  37.211  -15.086  -3.992 0.0000000000
55928  42.641  -14.503  6.553 0.0000000000
55932  42.189  -14.514  6.122 0.0000000000
55933  41.747  -14.510  5.659 0.0000000000
55939  41.181  -14.468  5.109 0.0000000000
55945  40.646  -14.512  4.467 0.0000000000
55946  40.301  -14.491  3.848 0.0000000000
55948  39.877  -14.388  3.131 0.0000000000
55949  39.545  -14.840  2.752 0.0000000000
55951  39.673  -13.911  2.870 0.0000000000
55952  39.266  -14.378  2.544 0.0000000000
55953  38.350  -14.394  2.158 0.0000000000
55954  37.289  -14.502  1.734 0.0000000000
55955  36.231  -13.992  1.686 0.0000000000
55956  35.678  -13.734  1.621 0.0000000000
55961  37.061  -15.033  1.203 0.0000000000
55962  36.409  -14.820  0.952 0.0000000000
55963  35.673  -14.141  1.077 0.0000000000
55969  36.146  -15.032  0.305 0.0000000000
55970  35.626  -14.536  0.093 0.0000000000
55976  35.361  -14.170  -0.934 0.0000000000
55982  35.359  -13.864  -1.644 0.0000000000
55989  36.046  -14.419  -2.555 0.0000000000
55990  35.662  -14.014  -2.242 0.0000000000
55992  36.308  -14.249  -3.202 0.0000000000
55993  35.936  -13.851  -2.816 0.0000000000
55995  37.352  -14.434  -4.663 0.0000000000
55996  36.840  -14.273  -3.944 0.0000000000
56019  37.953  -14.686  -5.264 0.0000000000
57093  41.970  -14.030  5.953 0.0000000000
57102  41.806  -13.616  5.433 0.0000000000
57107  41.100  -13.546  4.451 0.0000000000
57108  40.573  -13.976  4.146 0.0000000000
57110  41.081  -13.115  3.875 0.0000000000
57111  40.577  -13.505  3.643 0.0000000000
57112  39.155  -12.848  3.010 0.0000000000
57113  38.302  -12.955  3.134 0.0000000000
57114  37.289  -12.981  3.180 0.0000000000
57115  36.291  -12.932  3.109 0.0000000000
57116  35.733  -12.811  3.027 0.0000000000
57118  40.077  -13.398  3.018 0.0000000000
57119  39.480  -13.466  2.842 0.0000000000
57120  38.744  -13.630  2.683 0.0000000000
57121  37.788  -13.707  2.575 0.0000000000
57122  36.727  -13.589  2.458 0.0000000000
57123  35.533  -13.236  2.347 0.0000000000
57124  34.869  -12.859  2.222 0.0000000000
57126  35.242  -13.569  1.366 0.0000000000
57127  34.818  -13.079  1.699 0.0000000000
57129  35.170  -13.760  0.485 0.0000000000
57130  34.750  -13.204  0.838 0.0000000000
57132  35.087  -13.728  -0.402 0.0000000000
57133  34.772  -13.231  -0.074 0.0000000000
57135  35.041  -13.278  -1.251 0.0000000000
57136  34.871  -13.216  -0.672 0.0000000000
57140  35.320  -13.246  -2.133 0.0000000000
57143  35.678  -13.331  -2.700 0.0000000000
58207  41.923  -12.883  4.677 0.0000000000
58208  37.750  -11.636  3.879 0.0000000000
58209  37.410  -11.689  3.913 0.0000000000
58212  41.620  -12.701  3.882 0.0000000000
58213  41.126  -12.797  3.524 0.0000000000
58214  39.499  -12.212  3.111 0.0000000000
58215  38.849  -12.166  3.358 0.0000000000
58216  37.869  -12.087  3.651 0.0000000000
58217  36.809  -12.184  3.695 0.0000000000
58218  35.843  -12.294  3.470 0.0000000000
58219  35.191  -12.090  3.321 0.0000000000
58222  41.646  -12.242  3.205 0.0000000000
58223  40.769  -12.513  3.106 0.0000000000
58224  39.917  -12.560  2.934 0.0000000000
58225  35.384  -12.606  3.014 0.0000000000
58226  34.775  -12.398  2.715 0.0000000000
58227  34.204  -12.111  2.342 0.0000000000
58229  34.444  -12.594  2.022 0.0000000000
58230  33.910  -12.188  1.752 0.0000000000
58232  34.315  -12.692  1.251 0.0000000000
58233  33.749  -12.240  0.874 0.0000000000
58235  34.315  -12.709  0.297 0.0000000000
58236  33.774  -12.139  -0.148 0.0000000000
58238  34.849  -12.829  -1.362 0.0000000000
58239  34.556  -12.641  -0.917 0.0000000000
58244  34.952  -12.591  -1.863 0.0000000000
59418  36.215  -11.668  3.870 0.0000000000
59419  35.521  -11.404  3.746 0.0000000000
59420  34.701  -11.487  3.276 0.0000000000
59421  34.172  -11.261  2.913 0.0000000000
59429  34.292  -11.769  2.747 0.0000000000
59430  33.737  -11.486  2.366 0.0000000000
59431  33.162  -11.090  1.970 0.0000000000
59433  33.341  -11.690  1.502 0.0000000000
60487  33.919  -10.825  2.795 0.0000000000
60497  33.502  -10.578  2.417 0.0000000000
