#!ascii label  , from subject cvs_avg35_inMNI152 vox2ras=TkReg
196
90633  52.904  16.212  -24.317 0.0000000000
90641  52.943  16.912  -24.456 0.0000000000
90642  52.598  16.581  -24.901 0.0000000000
90650  52.128  16.582  -25.642 0.0000000000
90651  51.625  16.550  -26.351 0.0000000000
90657  51.192  16.491  -27.071 0.0000000000
90664  50.874  16.354  -27.690 0.0000000000
90665  50.694  16.817  -28.111 0.0000000000
91663  53.161  17.604  -24.357 0.0000000000
91664  52.710  17.627  -24.842 0.0000000000
91673  52.239  17.577  -25.394 0.0000000000
91674  51.738  17.545  -26.065 0.0000000000
91683  51.324  17.477  -26.832 0.0000000000
91690  50.903  17.352  -27.626 0.0000000000
91691  50.582  17.544  -28.414 0.0000000000
91697  50.370  17.589  -29.248 0.0000000000
91706  50.230  17.627  -30.144 0.0000000000
91733  50.112  17.707  -30.948 0.0000000000
92675  53.392  18.498  -24.210 0.0000000000
92676  52.868  18.517  -24.705 0.0000000000
92688  52.341  18.520  -25.178 0.0000000000
92689  51.801  18.512  -25.759 0.0000000000
92698  51.375  18.483  -26.569 0.0000000000
92704  51.010  18.353  -27.339 0.0000000000
92705  50.704  18.357  -28.026 0.0000000000
92711  50.457  18.506  -28.847 0.0000000000
92720  50.312  18.558  -29.785 0.0000000000
92747  50.172  18.571  -30.667 0.0000000000
92754  49.892  18.562  -31.409 0.0000000000
93773  53.095  19.412  -24.558 0.0000000000
93785  52.522  19.406  -24.990 0.0000000000
93786  51.986  19.404  -25.473 0.0000000000
93793  51.552  19.467  -26.257 0.0000000000
93800  51.086  19.468  -27.363 0.0000000000
93801  50.833  18.910  -27.743 0.0000000000
93808  50.939  19.936  -28.020 0.0000000000
93809  50.741  19.415  -28.347 0.0000000000
93819  50.492  19.500  -29.448 0.0000000000
93844  50.256  19.513  -30.453 0.0000000000
93864  49.999  19.439  -31.274 0.0000000000
93865  49.725  19.408  -31.980 0.0000000000
94850  53.837  20.607  -24.481 0.0000000000
94851  53.364  20.010  -24.509 0.0000000000
94859  53.489  21.019  -24.796 0.0000000000
94860  52.874  20.540  -25.012 0.0000000000
94861  52.250  19.974  -25.246 0.0000000000
94869  52.400  21.060  -25.596 0.0000000000
94870  51.938  20.455  -25.794 0.0000000000
94878  51.510  20.388  -26.815 0.0000000000
94886  51.344  20.647  -28.099 0.0000000000
94887  50.970  20.106  -28.389 0.0000000000
94896  51.277  20.932  -28.921 0.0000000000
94897  50.959  20.447  -29.113 0.0000000000
94912  50.518  20.508  -30.256 0.0000000000
94936  50.197  20.464  -31.372 0.0000000000
94937  49.928  20.068  -31.878 0.0000000000
94959  50.029  20.665  -32.189 0.0000000000
94960  49.713  20.355  -32.605 0.0000000000
95921  54.370  21.619  -24.615 0.0000000000
95922  53.788  21.237  -24.712 0.0000000000
95929  54.135  22.088  -24.839 0.0000000000
95930  53.571  21.708  -24.980 0.0000000000
95931  52.797  21.620  -25.540 0.0000000000
95938  52.211  21.560  -26.204 0.0000000000
95939  51.800  20.931  -26.449 0.0000000000
95947  52.139  22.120  -27.109 0.0000000000
95948  51.778  21.255  -27.101 0.0000000000
95956  52.123  22.434  -27.679 0.0000000000
95957  51.820  21.889  -28.009 0.0000000000
95963  51.465  21.655  -29.073 0.0000000000
95964  51.173  21.124  -29.301 0.0000000000
95976  51.307  22.246  -29.888 0.0000000000
95977  50.936  21.562  -30.019 0.0000000000
95989  54.259  21.829  -32.172 0.0000000000
95991  50.512  21.537  -31.196 0.0000000000
96010  54.125  22.064  -32.711 0.0000000000
96011  53.714  21.429  -32.836 0.0000000000
96012  50.211  21.503  -32.385 0.0000000000
96013  49.902  21.003  -32.620 0.0000000000
96018  52.995  21.354  -33.478 0.0000000000
96020  50.011  22.003  -33.053 0.0000000000
96021  49.685  21.489  -33.300 0.0000000000
97056  55.046  22.577  -24.669 0.0000000000
97057  54.437  22.260  -24.784 0.0000000000
97064  54.882  23.063  -24.923 0.0000000000
97065  54.249  22.740  -25.048 0.0000000000
97066  53.275  22.642  -25.698 0.0000000000
97067  52.708  22.141  -25.942 0.0000000000
97076  53.120  23.119  -26.140 0.0000000000
97077  52.679  22.706  -26.448 0.0000000000
97084  52.386  22.875  -27.322 0.0000000000
97091  52.165  22.896  -28.311 0.0000000000
97092  51.828  22.286  -28.721 0.0000000000
97099  52.192  23.376  -29.118 0.0000000000
97100  51.815  22.796  -29.458 0.0000000000
97111  51.285  22.968  -30.448 0.0000000000
97112  51.025  22.363  -30.331 0.0000000000
97129  51.019  23.198  -30.957 0.0000000000
97130  50.809  22.651  -31.017 0.0000000000
97155  54.255  22.602  -32.603 0.0000000000
97156  53.961  22.459  -33.108 0.0000000000
97157  50.556  22.536  -32.121 0.0000000000
97181  53.326  22.284  -33.583 0.0000000000
97182  52.896  21.862  -33.852 0.0000000000
97183  50.177  22.519  -32.927 0.0000000000
97192  53.235  22.932  -33.978 0.0000000000
98205  55.223  23.219  -24.841 0.0000000000
98210  55.653  24.043  -25.164 0.0000000000
98211  55.012  23.676  -25.215 0.0000000000
98212  53.884  23.717  -25.713 0.0000000000
98213  53.367  23.320  -25.997 0.0000000000
98220  53.698  24.182  -26.137 0.0000000000
98221  53.202  23.797  -26.521 0.0000000000
98222  52.688  23.306  -26.929 0.0000000000
98227  53.006  24.302  -27.152 0.0000000000
98228  52.623  23.805  -27.562 0.0000000000
98234  52.411  23.867  -28.616 0.0000000000
98241  52.311  24.021  -29.526 0.0000000000
98242  52.095  23.459  -29.618 0.0000000000
98248  52.256  24.309  -30.079 0.0000000000
98249  51.941  23.783  -30.284 0.0000000000
98259  51.318  23.785  -31.182 0.0000000000
98260  50.973  23.317  -31.271 0.0000000000
98270  54.311  23.626  -32.696 0.0000000000
98271  54.150  23.025  -33.046 0.0000000000
98272  51.203  24.184  -31.759 0.0000000000
98273  50.918  23.616  -31.951 0.0000000000
98298  54.032  24.117  -33.343 0.0000000000
98299  53.715  23.462  -33.591 0.0000000000
98300  50.414  23.510  -33.078 0.0000000000
98313  53.050  23.546  -34.364 0.0000000000
99202  55.492  24.552  -25.526 0.0000000000
99203  54.667  24.567  -25.836 0.0000000000
99204  54.008  24.467  -25.995 0.0000000000
99210  54.240  24.926  -26.251 0.0000000000
99211  53.754  24.687  -26.473 0.0000000000
99212  53.394  24.705  -27.007 0.0000000000
99218  53.013  24.786  -27.719 0.0000000000
99219  52.668  24.435  -28.240 0.0000000000
99224  52.841  24.966  -28.423 0.0000000000
99225  52.626  24.709  -28.983 0.0000000000
99232  52.423  24.847  -29.862 0.0000000000
99238  52.165  24.720  -30.500 0.0000000000
99239  51.787  24.627  -31.023 0.0000000000
99249  51.406  24.740  -31.637 0.0000000000
99261  51.084  24.642  -32.196 0.0000000000
99262  50.783  24.434  -32.828 0.0000000000
100086  55.340  25.174  -26.053 0.0000000000
100093  54.713  25.300  -26.363 0.0000000000
100094  54.110  25.482  -26.776 0.0000000000
100095  53.726  25.109  -26.895 0.0000000000
100101  53.986  25.899  -27.187 0.0000000000
100102  53.637  25.513  -27.420 0.0000000000
100109  53.175  25.616  -28.456 0.0000000000
100110  52.836  25.246  -28.802 0.0000000000
100117  53.074  26.064  -29.019 0.0000000000
100118  52.734  25.687  -29.392 0.0000000000
100124  52.268  25.732  -30.559 0.0000000000
100125  52.010  25.180  -30.909 0.0000000000
100131  51.967  26.276  -31.095 0.0000000000
100132  51.698  25.694  -31.373 0.0000000000
100139  51.173  25.568  -32.120 0.0000000000
100874  55.814  25.585  -26.390 0.0000000000
100875  55.671  25.441  -26.247 0.0000000000
100880  55.268  25.776  -26.642 0.0000000000
100881  54.633  25.749  -26.744 0.0000000000
100886  55.402  26.363  -27.566 0.0000000000
100887  54.462  26.227  -27.379 0.0000000000
100888  53.936  26.054  -27.464 0.0000000000
100894  54.212  26.517  -27.948 0.0000000000
100895  53.819  26.273  -28.058 0.0000000000
100899  53.397  26.362  -28.860 0.0000000000
100900  53.044  26.517  -29.410 0.0000000000
100906  52.644  26.654  -30.135 0.0000000000
100911  52.148  26.834  -30.873 0.0000000000
100912  51.676  26.812  -31.416 0.0000000000
100918  51.217  26.600  -32.001 0.0000000000
101656  54.989  26.706  -27.950 0.0000000000
101657  54.849  26.550  -27.753 0.0000000000
101660  55.105  26.730  -28.408 0.0000000000
101661  54.519  26.678  -28.215 0.0000000000
101662  54.109  26.599  -28.280 0.0000000000
101666  55.123  26.783  -29.206 0.0000000000
101667  54.501  27.005  -29.128 0.0000000000
101668  53.860  26.831  -28.939 0.0000000000
101669  53.395  26.769  -29.294 0.0000000000
101673  55.127  26.778  -29.708 0.0000000000
101674  54.530  27.398  -30.245 0.0000000000
101675  53.865  27.515  -29.778 0.0000000000
101676  53.192  27.334  -29.890 0.0000000000
101681  52.446  27.665  -30.644 0.0000000000
101682  51.826  27.727  -31.260 0.0000000000
102395  53.990  28.246  -30.796 0.0000000000
102396  53.694  28.162  -30.469 0.0000000000
102397  53.395  27.932  -30.195 0.0000000000
102405  52.902  28.507  -30.693 0.0000000000
