#!ascii label  , from subject cvs_avg35_inMNI152 vox2ras=TkReg
372
31181  24.744  -37.174  33.785 0.0000000000
31182  24.087  -36.935  34.006 0.0000000000
31199  25.749  -36.756  32.929 0.0000000000
31275  33.252  -37.145  24.996 0.0000000000
31276  32.907  -36.443  25.254 0.0000000000
31283  33.094  -36.502  24.320 0.0000000000
31291  33.173  -36.665  23.426 0.0000000000
32165  25.435  -36.890  41.912 0.0000000000
32168  26.284  -36.212  41.240 0.0000000000
32169  25.531  -36.320  41.067 0.0000000000
32177  25.169  -36.079  40.459 0.0000000000
32253  23.731  -36.734  34.775 0.0000000000
32272  25.198  -36.728  33.232 0.0000000000
32273  24.581  -36.272  33.438 0.0000000000
32274  23.939  -36.317  34.017 0.0000000000
32292  25.421  -36.063  32.620 0.0000000000
32293  24.936  -35.735  33.045 0.0000000000
32308  25.761  -35.559  32.089 0.0000000000
32355  32.507  -35.937  25.611 0.0000000000
32363  32.457  -35.795  24.601 0.0000000000
32364  31.906  -35.525  24.278 0.0000000000
32372  32.622  -36.156  23.606 0.0000000000
32373  31.932  -35.793  23.748 0.0000000000
33211  27.268  -36.024  41.860 0.0000000000
33213  27.561  -35.452  41.508 0.0000000000
33214  26.828  -35.832  41.168 0.0000000000
33215  26.156  -35.918  40.745 0.0000000000
33217  27.330  -35.121  40.729 0.0000000000
33218  26.499  -35.244  40.135 0.0000000000
33219  25.535  -35.765  40.219 0.0000000000
33220  25.029  -36.002  40.150 0.0000000000
33226  26.302  -34.823  39.512 0.0000000000
33227  25.629  -34.999  39.322 0.0000000000
33228  24.753  -35.727  39.626 0.0000000000
33235  25.349  -34.706  38.664 0.0000000000
33236  24.703  -35.036  38.511 0.0000000000
33243  24.259  -34.927  37.377 0.0000000000
33244  23.839  -35.582  37.953 0.0000000000
33252  24.136  -34.871  36.749 0.0000000000
33253  23.736  -35.444  36.653 0.0000000000
33266  23.611  -35.919  35.432 0.0000000000
33281  23.813  -35.871  34.465 0.0000000000
33297  24.592  -35.365  33.325 0.0000000000
33298  24.089  -35.659  33.833 0.0000000000
33313  25.464  -35.381  32.354 0.0000000000
33314  25.123  -35.213  32.738 0.0000000000
33328  26.186  -35.215  31.683 0.0000000000
33329  25.619  -34.984  32.023 0.0000000000
33330  25.362  -35.008  32.355 0.0000000000
33384  31.752  -34.945  25.608 0.0000000000
33396  32.183  -35.408  25.338 0.0000000000
33397  31.801  -35.135  24.745 0.0000000000
33408  31.593  -35.196  23.916 0.0000000000
34234  28.059  -35.075  41.779 0.0000000000
34237  28.381  -34.548  41.556 0.0000000000
34238  27.889  -34.802  41.176 0.0000000000
34241  28.291  -34.265  40.944 0.0000000000
34242  27.822  -34.406  40.410 0.0000000000
34243  27.232  -34.748  40.075 0.0000000000
34246  27.512  -34.268  39.791 0.0000000000
34247  26.867  -34.451  39.438 0.0000000000
34248  26.204  -34.516  39.174 0.0000000000
34250  26.471  -34.105  38.909 0.0000000000
34251  25.858  -34.280  38.565 0.0000000000
34252  25.290  -34.560  38.223 0.0000000000
34255  25.582  -34.202  37.794 0.0000000000
34256  24.985  -34.576  37.589 0.0000000000
34259  25.431  -34.153  36.981 0.0000000000
34260  24.695  -34.567  36.674 0.0000000000
34261  24.151  -34.784  36.263 0.0000000000
34266  25.300  -34.179  36.145 0.0000000000
34267  24.689  -34.473  35.660 0.0000000000
34268  23.936  -34.972  35.583 0.0000000000
34276  24.407  -34.578  34.858 0.0000000000
34277  23.942  -35.229  34.724 0.0000000000
34283  24.294  -34.766  33.932 0.0000000000
34284  23.970  -35.373  34.215 0.0000000000
34293  24.703  -34.549  33.013 0.0000000000
34307  25.667  -34.282  31.312 0.0000000000
34308  25.120  -34.486  32.219 0.0000000000
34320  26.217  -33.934  30.548 0.0000000000
34321  25.722  -33.694  30.740 0.0000000000
34330  27.471  -33.792  29.575 0.0000000000
34361  31.310  -34.540  25.777 0.0000000000
34362  30.872  -34.403  26.239 0.0000000000
34363  30.157  -34.193  26.426 0.0000000000
34374  31.444  -34.462  25.083 0.0000000000
34375  30.962  -34.017  25.448 0.0000000000
34376  30.453  -34.114  25.794 0.0000000000
34386  31.309  -34.604  24.260 0.0000000000
34387  30.942  -34.079  24.608 0.0000000000
35251  28.742  -33.944  41.323 0.0000000000
35253  29.297  -33.073  40.498 0.0000000000
35254  28.580  -33.546  40.261 0.0000000000
35255  27.917  -33.990  39.896 0.0000000000
35258  28.361  -33.204  39.545 0.0000000000
35259  27.611  -33.537  39.269 0.0000000000
35260  26.895  -33.903  38.971 0.0000000000
35263  27.289  -33.003  38.656 0.0000000000
35264  26.640  -33.452  38.273 0.0000000000
35265  25.972  -33.887  38.021 0.0000000000
35268  26.466  -33.084  37.042 0.0000000000
35269  25.957  -33.687  37.415 0.0000000000
35272  26.348  -32.891  36.452 0.0000000000
35273  25.866  -33.434  36.344 0.0000000000
35278  25.381  -33.704  35.226 0.0000000000
35279  24.903  -34.230  34.993 0.0000000000
35286  25.309  -33.384  34.580 0.0000000000
35287  24.956  -33.905  34.351 0.0000000000
35293  24.668  -33.823  33.416 0.0000000000
35298  24.742  -33.728  32.553 0.0000000000
35303  25.322  -33.325  30.925 0.0000000000
35304  25.019  -33.570  31.730 0.0000000000
35314  26.958  -33.647  29.529 0.0000000000
35315  26.411  -33.557  29.821 0.0000000000
35316  25.706  -33.278  30.153 0.0000000000
35328  27.239  -33.502  28.989 0.0000000000
35329  26.480  -33.215  29.035 0.0000000000
35330  25.975  -33.109  29.464 0.0000000000
35341  28.402  -33.524  28.284 0.0000000000
35342  27.592  -33.126  28.256 0.0000000000
35343  26.851  -33.071  28.421 0.0000000000
35353  28.729  -33.532  27.362 0.0000000000
35354  28.091  -33.014  27.621 0.0000000000
35366  29.438  -33.860  26.754 0.0000000000
35367  28.879  -33.281  26.285 0.0000000000
35377  30.407  -33.990  25.420 0.0000000000
35378  29.726  -33.705  25.582 0.0000000000
35379  29.024  -32.936  25.501 0.0000000000
35388  30.378  -33.884  24.963 0.0000000000
35389  29.817  -33.489  24.566 0.0000000000
35399  30.220  -33.973  24.177 0.0000000000
36145  29.303  -32.913  40.077 0.0000000000
36147  30.430  -32.298  40.061 0.0000000000
36148  29.867  -32.488  39.661 0.0000000000
36149  28.974  -32.827  39.498 0.0000000000
36150  28.338  -32.919  39.129 0.0000000000
36153  29.557  -32.377  39.074 0.0000000000
36154  28.915  -32.441  38.695 0.0000000000
36155  27.977  -32.747  38.527 0.0000000000
36156  27.336  -32.787  38.144 0.0000000000
36159  28.516  -32.183  38.141 0.0000000000
36160  27.853  -32.208  37.748 0.0000000000
36161  27.108  -32.657  37.432 0.0000000000
36164  27.552  -32.090  37.027 0.0000000000
36165  26.923  -32.312  36.371 0.0000000000
36166  26.248  -32.760  36.014 0.0000000000
36170  26.337  -32.230  35.383 0.0000000000
36171  25.876  -32.947  35.495 0.0000000000
36179  26.191  -31.994  34.780 0.0000000000
36180  25.667  -32.634  34.492 0.0000000000
36181  25.228  -33.265  34.298 0.0000000000
36188  25.335  -32.372  33.339 0.0000000000
36189  25.037  -33.141  33.805 0.0000000000
36196  25.130  -32.334  32.411 0.0000000000
36197  24.821  -33.018  32.943 0.0000000000
36203  25.095  -32.532  31.460 0.0000000000
36204  24.851  -33.009  32.192 0.0000000000
36211  25.326  -32.444  30.425 0.0000000000
36223  25.996  -32.722  29.021 0.0000000000
36224  25.645  -32.463  29.509 0.0000000000
36237  27.002  -32.568  28.007 0.0000000000
36238  26.346  -32.277  28.390 0.0000000000
36239  25.864  -32.328  28.928 0.0000000000
36250  28.254  -32.748  26.786 0.0000000000
36251  27.452  -32.141  27.304 0.0000000000
36252  26.881  -32.080  27.802 0.0000000000
36264  28.526  -32.494  25.887 0.0000000000
36265  27.939  -31.948  26.205 0.0000000000
36275  29.354  -32.913  24.819 0.0000000000
36276  28.685  -32.243  24.954 0.0000000000
36277  28.231  -31.921  25.463 0.0000000000
37039  30.616  -31.821  39.554 0.0000000000
37040  30.120  -32.113  39.106 0.0000000000
37042  30.419  -31.647  38.997 0.0000000000
37043  29.823  -31.803  38.567 0.0000000000
37044  29.119  -31.935  38.155 0.0000000000
37047  29.469  -31.450  38.014 0.0000000000
37048  28.743  -31.548  37.622 0.0000000000
37049  27.997  -31.633  37.219 0.0000000000
37052  28.430  -31.236  36.982 0.0000000000
37053  27.779  -31.443  36.501 0.0000000000
37054  27.310  -31.673  36.065 0.0000000000
37058  27.549  -31.241  35.810 0.0000000000
37059  26.993  -31.654  35.628 0.0000000000
37067  27.280  -31.114  35.294 0.0000000000
37068  26.652  -31.394  34.858 0.0000000000
37069  26.181  -31.766  34.387 0.0000000000
37076  26.433  -31.242  34.165 0.0000000000
37077  25.979  -31.614  33.671 0.0000000000
37085  25.593  -31.621  32.762 0.0000000000
37093  25.384  -31.586  31.855 0.0000000000
37102  25.319  -31.559  30.871 0.0000000000
37113  25.435  -31.472  29.812 0.0000000000
37122  26.028  -31.137  28.233 0.0000000000
37123  25.725  -31.756  28.934 0.0000000000
37129  27.072  -31.473  26.973 0.0000000000
37130  26.681  -31.396  27.424 0.0000000000
37137  27.258  -31.201  26.328 0.0000000000
37138  26.920  -31.167  26.807 0.0000000000
37148  28.232  -31.614  24.888 0.0000000000
37149  27.809  -31.260  25.341 0.0000000000
37948  31.332  -31.165  39.482 0.0000000000
37949  30.770  -31.407  39.170 0.0000000000
37960  32.297  -30.423  39.102 0.0000000000
37961  31.774  -30.612  38.863 0.0000000000
37962  30.769  -31.092  38.662 0.0000000000
37963  30.051  -31.124  38.155 0.0000000000
37974  31.370  -30.561  38.285 0.0000000000
37975  30.680  -30.641  37.841 0.0000000000
37976  29.666  -30.906  37.573 0.0000000000
37977  29.012  -30.944  37.113 0.0000000000
37986  30.245  -30.430  37.286 0.0000000000
37987  29.616  -30.542  36.895 0.0000000000
37988  28.732  -30.749  36.436 0.0000000000
37989  28.074  -30.913  35.995 0.0000000000
37998  28.467  -30.561  35.828 0.0000000000
37999  27.916  -30.706  35.423 0.0000000000
38005  27.370  -30.698  34.765 0.0000000000
38006  26.868  -30.901  34.287 0.0000000000
38014  27.158  -30.473  34.161 0.0000000000
38015  26.589  -30.712  33.608 0.0000000000
38016  26.022  -31.027  33.026 0.0000000000
38024  26.298  -30.506  32.739 0.0000000000
38025  25.821  -30.932  32.299 0.0000000000
38035  26.089  -30.385  32.030 0.0000000000
38036  25.687  -30.718  31.357 0.0000000000
38045  25.516  -30.732  30.392 0.0000000000
38053  25.538  -30.617  29.695 0.0000000000
38060  25.912  -30.322  28.339 0.0000000000
38061  25.640  -30.772  29.001 0.0000000000
38069  26.297  -30.241  27.518 0.0000000000
38077  27.057  -30.601  26.066 0.0000000000
38078  26.798  -30.527  26.551 0.0000000000
38085  27.293  -30.337  25.489 0.0000000000
38086  26.999  -30.299  25.962 0.0000000000
38917  32.449  -30.112  38.704 0.0000000000
38918  31.823  -30.319  38.407 0.0000000000
38929  32.333  -29.786  38.108 0.0000000000
38930  31.653  -30.048  37.858 0.0000000000
38931  30.837  -30.166  37.392 0.0000000000
38943  31.163  -29.802  37.258 0.0000000000
38944  30.411  -29.979  36.828 0.0000000000
38945  29.547  -30.218  36.338 0.0000000000
38946  28.962  -30.305  35.956 0.0000000000
38961  30.047  -29.859  36.270 0.0000000000
38962  29.427  -29.931  35.836 0.0000000000
38963  28.617  -30.209  35.439 0.0000000000
38964  28.029  -30.340  34.953 0.0000000000
38975  29.032  -29.871  35.362 0.0000000000
38976  28.413  -29.968  34.864 0.0000000000
38977  27.690  -30.190  34.452 0.0000000000
38993  27.879  -29.904  34.303 0.0000000000
38994  27.218  -30.052  33.754 0.0000000000
38995  26.709  -30.184  33.105 0.0000000000
39009  26.885  -29.906  33.049 0.0000000000
39010  26.470  -30.004  32.402 0.0000000000
39023  26.116  -29.956  31.354 0.0000000000
39024  25.807  -30.160  30.665 0.0000000000
39038  26.143  -29.564  30.228 0.0000000000
39039  25.688  -30.056  29.939 0.0000000000
39052  26.062  -29.545  29.245 0.0000000000
39053  25.654  -30.156  29.334 0.0000000000
39063  26.185  -29.518  28.249 0.0000000000
39064  25.761  -30.008  28.809 0.0000000000
39074  26.453  -29.278  27.410 0.0000000000
39083  26.642  -29.515  26.675 0.0000000000
39091  27.195  -29.720  25.334 0.0000000000
39092  26.960  -29.711  25.809 0.0000000000
39101  27.170  -29.449  25.310 0.0000000000
39858  32.794  -29.653  38.306 0.0000000000
39868  33.495  -28.742  37.699 0.0000000000
39869  32.402  -29.358  37.652 0.0000000000
39870  31.634  -29.621  37.392 0.0000000000
39879  34.613  -27.849  36.869 0.0000000000
39880  33.658  -28.045  37.022 0.0000000000
39881  32.597  -28.468  36.795 0.0000000000
39882  31.309  -29.369  36.867 0.0000000000
39883  30.507  -29.661  36.482 0.0000000000
39895  32.368  -28.277  36.335 0.0000000000
39896  31.620  -28.887  36.502 0.0000000000
39897  30.233  -29.563  36.076 0.0000000000
39898  29.481  -29.738  35.587 0.0000000000
39910  30.260  -28.402  34.940 0.0000000000
39911  29.139  -29.699  35.225 0.0000000000
39912  28.302  -29.793  34.562 0.0000000000
39925  29.141  -28.452  33.969 0.0000000000
39926  27.650  -29.808  33.989 0.0000000000
39927  27.155  -29.820  33.352 0.0000000000
39940  28.170  -28.471  32.893 0.0000000000
39941  26.751  -29.796  32.659 0.0000000000
39942  26.408  -29.745  31.834 0.0000000000
39954  27.426  -28.423  31.666 0.0000000000
39955  26.294  -29.527  30.871 0.0000000000
39967  27.369  -28.191  31.076 0.0000000000
39968  26.476  -29.064  30.004 0.0000000000
39984  26.511  -28.889  29.435 0.0000000000
39999  26.521  -28.763  28.664 0.0000000000
40013  26.570  -28.631  27.802 0.0000000000
40029  26.699  -28.530  26.848 0.0000000000
40044  26.841  -28.834  26.007 0.0000000000
40057  27.086  -29.000  25.339 0.0000000000
40829  33.812  -27.792  36.199 0.0000000000
40830  33.239  -27.956  36.423 0.0000000000
40838  33.841  -27.390  35.367 0.0000000000
40839  33.008  -27.705  35.630 0.0000000000
40840  31.438  -27.975  35.126 0.0000000000
40841  30.763  -28.279  35.154 0.0000000000
40851  33.144  -27.003  34.562 0.0000000000
40852  32.154  -26.806  33.852 0.0000000000
40853  30.365  -28.006  34.360 0.0000000000
40854  29.596  -28.243  34.102 0.0000000000
40866  31.542  -26.635  33.084 0.0000000000
40867  30.951  -26.642  32.634 0.0000000000
40868  29.302  -28.005  33.386 0.0000000000
40869  28.591  -28.249  33.061 0.0000000000
40883  30.413  -26.644  32.111 0.0000000000
40884  29.997  -26.694  31.843 0.0000000000
40885  28.448  -27.995  32.423 0.0000000000
40886  27.837  -28.210  32.004 0.0000000000
40897  29.847  -26.658  31.548 0.0000000000
40898  29.713  -26.644  31.363 0.0000000000
40899  27.957  -27.860  31.504 0.0000000000
40912  28.311  -27.374  31.073 0.0000000000
40913  27.678  -27.669  30.524 0.0000000000
40914  26.796  -28.349  29.420 0.0000000000
40927  27.346  -27.452  29.175 0.0000000000
40928  26.874  -28.103  28.952 0.0000000000
40942  27.286  -27.326  28.655 0.0000000000
40943  26.842  -27.951  28.237 0.0000000000
40954  27.198  -27.206  27.873 0.0000000000
40955  26.859  -27.840  27.407 0.0000000000
40966  27.209  -27.149  27.020 0.0000000000
40967  26.933  -27.726  26.685 0.0000000000
40985  27.200  -27.217  26.170 0.0000000000
40986  26.895  -27.991  26.042 0.0000000000
41004  27.015  -28.319  25.456 0.0000000000
41763  32.679  -26.649  33.769 0.0000000000
41771  32.004  -26.509  33.054 0.0000000000
41772  31.276  -26.537  32.619 0.0000000000
41782  32.369  -26.266  32.403 0.0000000000
41783  31.471  -26.356  32.139 0.0000000000
41784  30.679  -26.516  31.980 0.0000000000
41785  30.218  -26.611  31.827 0.0000000000
41797  31.875  -25.963  31.600 0.0000000000
41798  30.823  -26.026  31.085 0.0000000000
41799  29.904  -26.509  31.209 0.0000000000
41800  29.465  -26.559  30.908 0.0000000000
41812  30.505  -25.809  30.293 0.0000000000
41813  29.793  -25.998  29.998 0.0000000000
41814  28.929  -26.467  30.004 0.0000000000
41815  27.994  -26.837  29.507 0.0000000000
41829  29.440  -25.919  29.212 0.0000000000
41830  28.789  -26.230  28.953 0.0000000000
41831  27.946  -26.764  29.159 0.0000000000
41849  28.274  -26.206  27.921 0.0000000000
41850  27.804  -26.676  28.367 0.0000000000
41863  28.116  -26.185  27.105 0.0000000000
41864  27.686  -26.627  27.476 0.0000000000
41876  28.057  -26.125  26.670 0.0000000000
41877  27.706  -26.491  26.545 0.0000000000
42736  31.634  -25.704  30.880 0.0000000000
42748  31.135  -25.594  30.158 0.0000000000
42749  30.409  -25.648  29.780 0.0000000000
42761  30.861  -25.449  29.178 0.0000000000
42762  29.938  -25.579  29.079 0.0000000000
42763  29.307  -25.792  28.722 0.0000000000
42781  30.483  -25.280  28.224 0.0000000000
42782  29.601  -25.471  28.121 0.0000000000
42783  28.874  -25.763  28.114 0.0000000000
42805  28.523  -25.842  27.423 0.0000000000
42830  28.017  -26.084  26.429 0.0000000000
