#!ascii label  , from subject cvs_avg35_inMNI152 vox2ras=TkReg
209
124334  8.846  61.352  18.446 0.0000000000
124338  9.458  61.599  17.612 0.0000000000
124346  9.809  61.769  16.888 0.0000000000
124860  9.093  62.476  17.980 0.0000000000
124861  8.291  62.487  18.544 0.0000000000
124866  9.497  62.654  17.173 0.0000000000
124872  10.172  61.994  15.718 0.0000000000
124873  9.876  62.417  16.200 0.0000000000
124881  10.051  62.489  15.577 0.0000000000
125424  14.866  64.115  19.110 0.0000000000
125425  9.187  63.101  17.659 0.0000000000
125426  8.706  63.540  18.027 0.0000000000
125433  9.206  63.675  17.344 0.0000000000
125434  8.922  64.072  17.680 0.0000000000
125445  9.531  63.457  16.445 0.0000000000
125452  10.101  62.870  15.006 0.0000000000
125453  9.904  63.161  15.359 0.0000000000
125460  9.951  63.456  14.841 0.0000000000
125946  14.449  64.032  20.133 0.0000000000
125947  13.996  64.401  20.781 0.0000000000
125952  14.393  64.514  19.562 0.0000000000
125953  13.925  64.952  20.055 0.0000000000
125960  14.808  64.404  18.484 0.0000000000
125961  8.067  64.106  18.231 0.0000000000
125967  15.186  64.203  17.579 0.0000000000
125968  14.739  64.758  17.492 0.0000000000
125969  9.017  64.280  17.434 0.0000000000
125970  8.380  64.656  17.652 0.0000000000
125971  7.570  65.137  17.937 0.0000000000
125981  14.750  65.028  16.841 0.0000000000
125982  9.144  64.514  16.867 0.0000000000
125983  8.741  64.995  17.082 0.0000000000
125994  9.495  64.277  15.765 0.0000000000
126005  9.819  63.984  14.820 0.0000000000
126454  13.470  65.416  20.534 0.0000000000
126455  12.974  66.191  20.719 0.0000000000
126460  14.437  64.930  18.953 0.0000000000
126461  13.979  65.510  19.357 0.0000000000
126466  14.386  65.192  18.321 0.0000000000
126467  13.998  66.022  18.262 0.0000000000
126473  14.390  65.589  17.306 0.0000000000
126474  13.981  66.400  17.443 0.0000000000
126475  7.751  65.520  17.583 0.0000000000
126482  15.317  65.131  15.906 0.0000000000
126483  14.753  65.491  16.132 0.0000000000
126484  8.879  65.131  16.787 0.0000000000
126485  8.394  65.617  16.982 0.0000000000
126494  15.235  65.350  15.308 0.0000000000
126495  14.749  65.898  15.079 0.0000000000
126496  9.055  65.315  16.193 0.0000000000
126497  8.557  66.100  16.299 0.0000000000
126505  15.314  65.723  14.334 0.0000000000
126506  14.748  66.217  14.401 0.0000000000
126507  9.455  65.173  14.973 0.0000000000
126924  12.463  66.672  21.104 0.0000000000
126925  11.953  67.237  21.536 0.0000000000
126928  13.352  66.328  19.947 0.0000000000
126929  12.962  67.052  20.418 0.0000000000
126931  13.611  66.598  19.004 0.0000000000
126933  13.618  66.890  18.013 0.0000000000
126938  14.200  66.370  16.584 0.0000000000
126939  13.664  67.179  16.954 0.0000000000
126940  7.486  66.492  17.470 0.0000000000
126941  6.680  66.797  17.990 0.0000000000
126944  14.362  66.428  15.608 0.0000000000
126945  13.943  67.161  15.950 0.0000000000
126946  8.130  66.691  16.793 0.0000000000
126954  14.432  66.585  14.773 0.0000000000
126955  14.088  67.163  15.065 0.0000000000
126956  8.841  66.107  15.565 0.0000000000
126957  8.467  66.832  16.086 0.0000000000
126966  14.907  66.320  13.854 0.0000000000
126967  14.519  66.828  14.013 0.0000000000
126968  14.224  67.154  14.431 0.0000000000
127412  11.367  67.761  22.039 0.0000000000
127417  12.436  67.822  20.838 0.0000000000
127418  11.903  68.112  21.435 0.0000000000
127421  13.243  67.251  19.588 0.0000000000
127422  12.994  67.977  20.016 0.0000000000
127424  13.336  67.580  18.658 0.0000000000
127425  13.156  67.983  19.302 0.0000000000
127428  13.410  67.755  17.649 0.0000000000
127429  6.279  67.629  18.729 0.0000000000
127431  13.494  68.057  16.874 0.0000000000
127432  7.723  67.536  17.375 0.0000000000
127433  7.067  67.577  18.012 0.0000000000
127436  13.510  67.919  16.132 0.0000000000
127437  8.196  67.609  16.675 0.0000000000
127442  13.625  67.855  15.226 0.0000000000
127452  14.164  67.393  13.912 0.0000000000
127453  13.773  67.757  14.282 0.0000000000
127465  13.909  67.837  13.408 0.0000000000
127908  10.918  68.778  22.247 0.0000000000
127913  12.146  68.843  21.028 0.0000000000
127914  11.579  68.853  21.645 0.0000000000
127918  12.633  68.843  20.264 0.0000000000
127921  13.162  68.331  18.766 0.0000000000
127922  12.986  68.808  19.305 0.0000000000
127923  6.557  68.615  19.591 0.0000000000
127925  13.197  68.346  18.073 0.0000000000
127926  13.058  68.970  18.347 0.0000000000
127927  7.015  68.470  18.787 0.0000000000
127928  13.328  68.601  17.242 0.0000000000
127929  13.161  68.954  17.691 0.0000000000
127930  8.006  68.438  17.386 0.0000000000
127931  7.521  68.385  18.054 0.0000000000
127932  13.238  68.808  16.307 0.0000000000
127933  13.062  69.404  15.956 0.0000000000
127934  8.306  68.530  16.572 0.0000000000
127935  13.253  68.575  15.416 0.0000000000
127936  13.025  69.251  15.477 0.0000000000
127945  13.258  68.630  14.439 0.0000000000
127946  13.001  69.097  14.874 0.0000000000
127958  13.524  68.533  13.477 0.0000000000
128367  10.402  69.468  22.300 0.0000000000
128371  11.823  69.559  21.221 0.0000000000
128372  11.157  69.971  21.716 0.0000000000
128373  10.081  70.273  22.107 0.0000000000
128374  8.966  70.193  22.102 0.0000000000
128377  12.184  69.769  20.497 0.0000000000
128378  11.776  70.234  20.995 0.0000000000
128379  7.053  69.331  20.301 0.0000000000
128380  12.553  69.717  19.554 0.0000000000
128381  7.616  69.852  19.219 0.0000000000
128382  7.226  69.391  19.560 0.0000000000
128383  12.734  69.709  18.561 0.0000000000
128384  7.891  69.825  18.542 0.0000000000
128385  7.493  69.185  18.709 0.0000000000
128386  13.201  69.207  17.169 0.0000000000
128387  12.940  69.669  17.552 0.0000000000
128388  8.200  69.516  17.503 0.0000000000
128389  7.795  69.090  18.029 0.0000000000
128390  13.244  69.076  16.808 0.0000000000
128391  13.053  69.682  16.486 0.0000000000
128393  12.887  69.901  15.547 0.0000000000
128398  12.950  69.365  14.302 0.0000000000
128399  12.823  69.808  14.737 0.0000000000
128412  13.138  69.475  13.532 0.0000000000
128413  12.805  69.927  13.988 0.0000000000
128815  10.510  71.024  21.468 0.0000000000
128816  9.552  70.958  21.656 0.0000000000
128817  8.498  70.778  21.309 0.0000000000
128818  7.593  70.170  20.993 0.0000000000
128819  7.292  69.758  20.690 0.0000000000
128820  11.840  70.549  20.383 0.0000000000
128821  11.313  71.038  20.745 0.0000000000
128822  8.494  71.075  20.777 0.0000000000
128823  8.006  70.747  20.394 0.0000000000
128824  7.395  69.987  20.330 0.0000000000
128825  12.137  70.502  19.720 0.0000000000
128826  11.692  71.196  19.776 0.0000000000
128827  8.010  70.554  19.372 0.0000000000
128828  7.592  70.164  19.803 0.0000000000
128829  12.375  70.627  18.753 0.0000000000
128830  12.062  71.154  19.152 0.0000000000
128831  8.323  70.612  18.344 0.0000000000
128832  12.549  70.539  17.763 0.0000000000
128833  8.539  70.566  17.203 0.0000000000
128834  12.625  70.591  16.767 0.0000000000
128836  12.578  70.637  15.764 0.0000000000
128838  12.602  70.606  14.882 0.0000000000
128850  12.981  70.505  13.414 0.0000000000
128851  12.740  70.605  14.123 0.0000000000
129267  9.929  71.446  21.106 0.0000000000
129268  9.226  71.296  20.996 0.0000000000
129269  8.755  71.177  20.897 0.0000000000
129270  10.471  71.646  20.547 0.0000000000
129271  9.681  71.789  20.379 0.0000000000
129272  8.812  71.345  20.271 0.0000000000
129273  8.325  71.040  19.862 0.0000000000
129274  11.032  72.028  19.656 0.0000000000
129275  10.164  72.348  19.664 0.0000000000
129276  9.343  72.114  19.260 0.0000000000
129277  8.592  71.280  19.238 0.0000000000
129278  12.138  71.431  18.527 0.0000000000
129279  11.705  71.930  18.827 0.0000000000
129280  9.266  72.323  18.468 0.0000000000
129281  8.799  71.743  18.090 0.0000000000
129282  12.293  71.335  17.881 0.0000000000
129283  12.038  72.037  17.975 0.0000000000
129285  12.319  71.333  17.045 0.0000000000
129286  12.114  71.980  17.212 0.0000000000
129288  12.213  71.684  16.014 0.0000000000
129289  12.159  71.891  16.669 0.0000000000
129291  12.391  71.492  14.941 0.0000000000
129301  12.650  71.312  14.276 0.0000000000
129784  10.539  72.680  19.117 0.0000000000
129785  10.115  72.787  19.029 0.0000000000
129786  9.840  72.586  19.133 0.0000000000
129787  11.020  72.867  18.493 0.0000000000
129788  10.305  73.065  18.590 0.0000000000
129789  9.707  72.794  18.427 0.0000000000
129790  9.201  72.493  18.002 0.0000000000
129791  11.584  72.569  18.026 0.0000000000
129792  9.417  72.848  17.663 0.0000000000
129794  11.767  72.689  17.295 0.0000000000
129796  12.057  72.661  15.646 0.0000000000
129797  12.000  72.579  16.446 0.0000000000
129799  12.250  72.472  14.990 0.0000000000
130222  10.822  73.348  17.860 0.0000000000
130223  10.415  73.358  18.004 0.0000000000
130224  10.014  73.273  18.153 0.0000000000
130225  11.204  73.270  17.538 0.0000000000
130226  10.503  73.757  17.373 0.0000000000
130227  9.757  73.428  17.414 0.0000000000
130229  11.443  73.655  16.570 0.0000000000
130230  11.011  73.880  17.107 0.0000000000
130233  12.130  73.175  15.162 0.0000000000
130234  11.895  73.385  15.733 0.0000000000
