#!ascii label  , from subject cvs_avg35_inMNI152 vox2ras=TkReg
686
500  10.675  -81.812  -5.804 0.0000000000
509  10.570  -82.149  -6.505 0.0000000000
519  10.587  -82.433  -7.655 0.0000000000
522  11.230  -82.876  -8.480 0.0000000000
523  10.671  -82.460  -8.868 0.0000000000
527  11.987  -82.699  -9.785 0.0000000000
528  11.405  -82.663  -9.375 0.0000000000
529  10.809  -82.435  -9.472 0.0000000000
537  11.581  -82.526  -10.321 0.0000000000
538  10.954  -82.394  -9.930 0.0000000000
690  10.218  -81.268  -6.236 0.0000000000
691  9.778  -80.899  -6.554 0.0000000000
695  10.180  -81.824  -6.982 0.0000000000
696  9.762  -81.279  -7.103 0.0000000000
706  9.996  -81.820  -7.599 0.0000000000
707  9.667  -81.484  -7.882 0.0000000000
712  9.986  -81.889  -8.493 0.0000000000
713  9.515  -81.331  -8.451 0.0000000000
719  10.335  -82.023  -9.660 0.0000000000
720  9.541  -81.287  -9.349 0.0000000000
725  11.410  -82.372  -11.005 0.0000000000
726  10.782  -82.110  -10.741 0.0000000000
727  9.827  -81.345  -10.695 0.0000000000
738  10.375  -81.533  -11.655 0.0000000000
739  9.766  -81.039  -11.660 0.0000000000
749  9.950  -80.972  -12.330 0.0000000000
750  9.562  -80.705  -12.045 0.0000000000
915  10.826  -80.472  -6.251 0.0000000000
916  9.878  -80.415  -6.270 0.0000000000
917  9.308  -80.043  -6.468 0.0000000000
922  10.994  -79.922  -6.657 0.0000000000
923  9.405  -80.550  -6.947 0.0000000000
924  8.829  -79.945  -6.867 0.0000000000
934  9.327  -80.923  -7.884 0.0000000000
935  8.899  -80.254  -7.697 0.0000000000
944  9.231  -80.980  -8.687 0.0000000000
945  8.928  -80.528  -8.551 0.0000000000
955  9.031  -80.759  -9.229 0.0000000000
956  8.676  -80.257  -9.339 0.0000000000
960  8.999  -80.622  -10.215 0.0000000000
961  8.442  -79.886  -10.175 0.0000000000
965  9.239  -80.568  -11.505 0.0000000000
966  8.618  -79.933  -11.148 0.0000000000
976  9.426  -80.158  -12.596 0.0000000000
977  8.854  -79.854  -11.994 0.0000000000
1187  10.206  -79.958  -6.329 0.0000000000
1188  9.613  -79.602  -6.302 0.0000000000
1189  8.838  -79.521  -6.267 0.0000000000
1191  11.253  -79.652  -7.070 0.0000000000
1192  10.406  -79.447  -6.770 0.0000000000
1193  9.680  -78.943  -6.373 0.0000000000
1194  8.307  -79.412  -6.630 0.0000000000
1195  7.904  -79.214  -7.005 0.0000000000
1206  11.221  -79.196  -7.543 0.0000000000
1207  10.835  -79.215  -7.252 0.0000000000
1208  8.351  -79.588  -7.540 0.0000000000
1209  7.744  -79.022  -7.706 0.0000000000
1224  8.543  -79.945  -8.501 0.0000000000
1225  8.062  -79.358  -8.537 0.0000000000
1237  8.295  -79.676  -9.344 0.0000000000
1238  7.877  -79.159  -9.425 0.0000000000
1241  8.077  -79.421  -10.031 0.0000000000
1242  7.716  -78.991  -10.230 0.0000000000
1246  8.033  -79.286  -10.926 0.0000000000
1247  7.476  -78.676  -11.000 0.0000000000
1251  8.760  -79.390  -12.609 0.0000000000
1252  8.268  -79.229  -11.980 0.0000000000
1253  7.680  -78.703  -11.809 0.0000000000
1261  8.227  -78.766  -12.770 0.0000000000
1262  7.860  -78.697  -12.359 0.0000000000
1498  9.021  -78.861  -5.824 0.0000000000
1499  8.055  -79.019  -5.891 0.0000000000
1500  7.484  -78.727  -6.202 0.0000000000
1504  10.035  -78.574  -6.685 0.0000000000
1505  9.572  -78.305  -6.141 0.0000000000
1506  7.808  -79.078  -6.460 0.0000000000
1507  7.447  -78.739  -6.879 0.0000000000
1508  6.901  -78.339  -6.952 0.0000000000
1519  11.498  -78.789  -7.952 0.0000000000
1520  10.700  -78.554  -7.302 0.0000000000
1521  7.163  -78.498  -7.668 0.0000000000
1522  6.665  -78.093  -7.450 0.0000000000
1537  11.825  -78.799  -8.329 0.0000000000
1538  7.461  -78.744  -8.697 0.0000000000
1539  6.741  -78.101  -8.421 0.0000000000
1551  7.495  -78.757  -9.634 0.0000000000
1552  7.029  -78.327  -9.464 0.0000000000
1556  7.273  -78.527  -10.277 0.0000000000
1557  6.806  -78.013  -10.298 0.0000000000
1561  7.064  -78.270  -10.917 0.0000000000
1562  6.743  -77.806  -11.142 0.0000000000
1566  7.089  -78.187  -11.722 0.0000000000
1567  6.716  -77.682  -11.812 0.0000000000
1575  7.464  -78.122  -12.683 0.0000000000
1576  6.893  -77.764  -12.340 0.0000000000
1803  11.608  -76.888  -4.751 0.0000000000
1804  10.992  -77.052  -4.861 0.0000000000
1805  10.114  -77.324  -4.823 0.0000000000
1806  9.238  -77.546  -4.705 0.0000000000
1807  8.274  -77.696  -4.674 0.0000000000
1808  7.478  -77.832  -4.958 0.0000000000
1822  11.795  -77.142  -5.631 0.0000000000
1823  10.643  -77.378  -5.658 0.0000000000
1824  9.793  -77.619  -5.523 0.0000000000
1825  9.101  -78.011  -5.442 0.0000000000
1826  8.170  -78.307  -5.345 0.0000000000
1827  7.168  -78.269  -5.655 0.0000000000
1828  6.576  -77.667  -5.663 0.0000000000
1841  11.833  -77.310  -6.879 0.0000000000
1842  11.092  -77.529  -6.583 0.0000000000
1843  10.182  -77.833  -6.466 0.0000000000
1844  9.620  -77.878  -5.926 0.0000000000
1845  7.029  -78.415  -6.391 0.0000000000
1846  6.422  -77.755  -6.526 0.0000000000
1854  12.148  -77.273  -7.665 0.0000000000
1855  11.445  -77.850  -7.649 0.0000000000
1856  10.799  -77.880  -7.069 0.0000000000
1857  6.287  -77.595  -7.781 0.0000000000
1874  12.396  -77.716  -8.586 0.0000000000
1875  11.822  -78.385  -8.306 0.0000000000
1876  6.314  -77.591  -8.541 0.0000000000
1894  6.418  -77.655  -9.372 0.0000000000
1898  6.306  -77.373  -10.489 0.0000000000
1901  6.379  -77.315  -11.448 0.0000000000
1908  6.507  -77.325  -12.248 0.0000000000
1919  6.958  -77.458  -12.987 0.0000000000
1929  6.776  -77.160  -13.432 0.0000000000
2108  9.565  -76.335  1.891 0.0000000000
2119  15.675  -77.046  0.924 0.0000000000
2120  14.977  -76.503  1.216 0.0000000000
2141  11.117  -76.076  -3.953 0.0000000000
2142  10.641  -76.328  -3.886 0.0000000000
2143  9.875  -76.490  -3.747 0.0000000000
2144  9.113  -76.409  -3.792 0.0000000000
2149  13.089  -76.047  -4.837 0.0000000000
2150  12.193  -76.496  -4.581 0.0000000000
2151  11.247  -76.526  -4.270 0.0000000000
2152  10.449  -76.953  -4.164 0.0000000000
2153  9.531  -77.107  -4.075 0.0000000000
2154  8.425  -76.855  -3.999 0.0000000000
2155  7.148  -76.932  -4.581 0.0000000000
2156  6.453  -76.374  -4.916 0.0000000000
2162  14.180  -75.830  -6.398 0.0000000000
2163  13.637  -76.139  -5.773 0.0000000000
2164  12.756  -76.600  -5.443 0.0000000000
2165  6.820  -77.576  -5.161 0.0000000000
2166  6.164  -76.883  -5.548 0.0000000000
2167  5.827  -76.079  -5.806 0.0000000000
2180  14.183  -75.889  -6.921 0.0000000000
2181  13.748  -76.236  -6.860 0.0000000000
2182  12.773  -76.840  -6.767 0.0000000000
2183  5.931  -77.014  -6.419 0.0000000000
2184  5.723  -76.257  -6.523 0.0000000000
2197  14.218  -76.002  -7.625 0.0000000000
2198  13.398  -76.576  -7.865 0.0000000000
2199  12.652  -77.026  -8.125 0.0000000000
2200  5.865  -76.979  -7.242 0.0000000000
2201  5.568  -76.032  -7.740 0.0000000000
2214  14.003  -76.291  -8.801 0.0000000000
2215  13.022  -76.908  -8.859 0.0000000000
2216  12.577  -77.149  -8.617 0.0000000000
2217  5.865  -76.956  -8.597 0.0000000000
2218  5.543  -76.040  -8.729 0.0000000000
2233  5.962  -77.071  -9.705 0.0000000000
2234  5.646  -76.321  -9.663 0.0000000000
2237  5.857  -76.829  -10.307 0.0000000000
2238  5.691  -76.345  -10.552 0.0000000000
2245  5.963  -76.833  -11.009 0.0000000000
2246  5.688  -76.159  -11.273 0.0000000000
2259  5.994  -76.820  -11.875 0.0000000000
2260  5.671  -76.065  -12.227 0.0000000000
2271  6.200  -76.820  -12.931 0.0000000000
2272  5.691  -75.925  -13.161 0.0000000000
2279  6.684  -76.494  -13.691 0.0000000000
2280  6.077  -76.325  -13.512 0.0000000000
2541  14.456  -76.265  1.306 0.0000000000
2542  13.879  -76.098  1.335 0.0000000000
2543  12.939  -76.010  1.321 0.0000000000
2544  11.974  -76.084  1.266 0.0000000000
2545  11.014  -75.966  1.353 0.0000000000
2546  10.006  -75.804  1.340 0.0000000000
2547  8.939  -75.407  1.497 0.0000000000
2556  16.154  -76.491  0.398 0.0000000000
2557  15.538  -76.069  0.657 0.0000000000
2558  14.585  -75.782  0.816 0.0000000000
2559  13.582  -75.402  0.605 0.0000000000
2560  12.526  -75.495  0.777 0.0000000000
2561  11.618  -75.474  0.789 0.0000000000
2562  10.661  -75.377  0.722 0.0000000000
2563  9.624  -75.133  0.661 0.0000000000
2564  9.106  -75.026  0.848 0.0000000000
2572  17.399  -75.586  -0.652 0.0000000000
2573  16.338  -75.620  0.014 0.0000000000
2574  15.261  -75.292  0.202 0.0000000000
2575  14.299  -75.141  0.230 0.0000000000
2576  13.854  -75.073  0.232 0.0000000000
2580  18.283  -75.307  -1.423 0.0000000000
2581  17.911  -75.376  -1.099 0.0000000000
2584  18.690  -75.205  -1.949 0.0000000000
2589  11.198  -75.845  -3.937 0.0000000000
2590  10.892  -75.839  -3.912 0.0000000000
2591  10.174  -75.805  -3.812 0.0000000000
2592  9.442  -75.868  -3.781 0.0000000000
2598  13.103  -75.533  -4.678 0.0000000000
2599  12.594  -75.626  -4.380 0.0000000000
2600  11.531  -75.683  -4.075 0.0000000000
2601  10.641  -75.206  -4.113 0.0000000000
2602  9.664  -75.141  -4.028 0.0000000000
2603  8.553  -75.502  -3.913 0.0000000000
2604  7.495  -75.950  -4.082 0.0000000000
2605  6.738  -75.870  -4.590 0.0000000000
2611  15.072  -74.546  -5.910 0.0000000000
2612  14.472  -75.145  -5.803 0.0000000000
2613  13.551  -75.368  -5.106 0.0000000000
2614  6.099  -75.724  -5.283 0.0000000000
2615  5.703  -75.422  -6.100 0.0000000000
2621  15.293  -74.774  -6.553 0.0000000000
2622  14.597  -75.477  -6.925 0.0000000000
2623  5.553  -75.307  -6.997 0.0000000000
2630  16.095  -74.770  -8.086 0.0000000000
2631  15.239  -75.158  -7.670 0.0000000000
2632  14.688  -75.573  -7.647 0.0000000000
2633  5.468  -75.150  -7.792 0.0000000000
2641  15.397  -75.073  -8.839 0.0000000000
2642  14.704  -75.624  -8.367 0.0000000000
2643  5.452  -75.431  -8.393 0.0000000000
2651  14.840  -75.748  -9.359 0.0000000000
2652  5.418  -75.386  -9.242 0.0000000000
2655  5.476  -75.500  -10.420 0.0000000000
2664  5.456  -75.315  -11.529 0.0000000000
2675  5.397  -75.092  -12.562 0.0000000000
2681  5.535  -75.114  -13.480 0.0000000000
2688  6.025  -75.618  -13.988 0.0000000000
3040  8.501  -74.367  1.187 0.0000000000
3051  12.869  -75.020  0.286 0.0000000000
3052  12.163  -75.043  0.394 0.0000000000
3053  11.402  -74.897  0.201 0.0000000000
3054  10.439  -74.805  0.057 0.0000000000
3055  9.718  -74.537  0.087 0.0000000000
3056  9.002  -74.332  0.487 0.0000000000
3063  17.374  -74.983  -0.809 0.0000000000
3064  16.907  -74.892  -0.618 0.0000000000
3065  15.907  -74.692  -0.332 0.0000000000
3066  14.813  -74.661  -0.321 0.0000000000
3067  13.666  -74.721  -0.129 0.0000000000
3068  12.379  -74.503  -0.221 0.0000000000
3069  11.181  -74.159  -0.534 0.0000000000
3070  10.223  -74.226  -0.383 0.0000000000
3071  9.516  -73.991  -0.244 0.0000000000
3072  8.988  -73.776  -0.215 0.0000000000
3076  18.348  -74.829  -1.658 0.0000000000
3077  17.679  -74.565  -1.309 0.0000000000
3078  16.501  -74.156  -0.969 0.0000000000
3079  15.403  -74.072  -0.931 0.0000000000
3080  14.296  -74.094  -0.949 0.0000000000
3081  13.178  -74.026  -0.934 0.0000000000
3082  12.138  -73.882  -0.998 0.0000000000
3083  11.485  -73.750  -1.107 0.0000000000
3086  18.459  -74.349  -2.185 0.0000000000
3087  18.001  -74.096  -1.880 0.0000000000
3090  19.248  -74.597  -3.912 0.0000000000
3091  19.017  -74.237  -3.306 0.0000000000
3095  18.907  -74.075  -4.633 0.0000000000
3096  18.156  -73.452  -4.856 0.0000000000
3097  12.975  -74.991  -4.772 0.0000000000
3098  12.195  -74.868  -4.453 0.0000000000
3099  11.314  -74.607  -4.623 0.0000000000
3100  10.233  -74.348  -4.719 0.0000000000
3101  9.065  -74.528  -4.488 0.0000000000
3102  8.217  -74.652  -4.479 0.0000000000
3103  7.571  -75.082  -4.391 0.0000000000
3104  7.099  -75.421  -4.455 0.0000000000
3107  18.455  -74.445  -5.693 0.0000000000
3108  17.735  -73.770  -5.577 0.0000000000
3109  16.606  -73.704  -5.977 0.0000000000
3110  15.631  -74.030  -5.900 0.0000000000
3111  14.790  -74.085  -5.602 0.0000000000
3112  13.686  -74.182  -5.338 0.0000000000
3113  12.564  -74.240  -5.022 0.0000000000
3114  11.941  -74.349  -4.834 0.0000000000
3115  10.139  -73.776  -5.366 0.0000000000
3116  9.397  -73.882  -5.151 0.0000000000
3117  8.473  -74.060  -5.022 0.0000000000
3118  7.618  -74.330  -4.896 0.0000000000
3119  6.710  -74.825  -4.921 0.0000000000
3120  5.906  -74.651  -5.682 0.0000000000
3123  17.912  -74.501  -6.466 0.0000000000
3124  17.074  -74.138  -6.540 0.0000000000
3125  16.171  -74.289  -6.583 0.0000000000
3126  5.624  -74.537  -6.537 0.0000000000
3129  17.326  -74.491  -7.159 0.0000000000
3130  16.619  -74.527  -7.280 0.0000000000
3131  15.874  -74.696  -7.233 0.0000000000
3132  5.506  -74.458  -7.418 0.0000000000
3135  5.393  -74.532  -8.483 0.0000000000
3137  5.377  -74.443  -9.729 0.0000000000
3142  5.415  -74.457  -10.892 0.0000000000
3152  5.386  -74.522  -11.794 0.0000000000
3164  5.378  -74.168  -12.392 0.0000000000
3170  5.378  -74.268  -13.239 0.0000000000
3176  5.627  -74.398  -14.241 0.0000000000
3503  8.336  -73.777  1.423 0.0000000000
3505  8.275  -73.527  0.610 0.0000000000
3506  7.884  -73.079  -0.034 0.0000000000
3508  10.548  -73.925  -0.761 0.0000000000
3509  9.972  -73.848  -0.883 0.0000000000
3510  9.092  -73.599  -0.894 0.0000000000
3511  8.368  -73.386  -0.370 0.0000000000
3512  7.627  -73.021  -0.524 0.0000000000
3515  16.919  -73.666  -1.581 0.0000000000
3516  15.964  -73.452  -1.497 0.0000000000
3517  14.882  -73.438  -1.557 0.0000000000
3518  13.797  -73.448  -1.601 0.0000000000
3519  12.753  -73.418  -1.598 0.0000000000
3520  11.794  -73.418  -1.576 0.0000000000
3521  10.780  -73.580  -1.352 0.0000000000
3522  9.710  -73.458  -1.540 0.0000000000
3523  8.972  -73.334  -1.606 0.0000000000
3524  8.301  -73.228  -1.409 0.0000000000
3525  7.764  -73.084  -1.105 0.0000000000
3528  18.444  -73.673  -2.873 0.0000000000
3529  17.704  -73.504  -2.292 0.0000000000
3530  16.538  -72.995  -2.163 0.0000000000
3531  15.443  -72.820  -2.170 0.0000000000
3532  14.351  -72.805  -2.225 0.0000000000
3533  13.288  -72.804  -2.213 0.0000000000
3534  12.270  -72.858  -2.197 0.0000000000
3535  11.258  -72.973  -2.185 0.0000000000
3536  10.197  -73.102  -2.254 0.0000000000
3537  9.237  -73.142  -2.200 0.0000000000
3538  8.595  -73.182  -1.992 0.0000000000
3541  18.513  -73.400  -3.681 0.0000000000
3542  18.143  -73.193  -3.088 0.0000000000
3545  18.243  -73.155  -4.317 0.0000000000
3546  17.520  -73.044  -4.806 0.0000000000
3547  16.569  -72.832  -4.926 0.0000000000
3548  15.704  -72.770  -5.053 0.0000000000
3549  15.057  -72.701  -5.267 0.0000000000
3550  10.974  -74.149  -5.028 0.0000000000
3551  10.718  -73.900  -5.304 0.0000000000
3555  16.931  -73.255  -5.395 0.0000000000
3556  16.122  -73.307  -5.453 0.0000000000
3557  15.295  -73.331  -5.460 0.0000000000
3558  14.451  -73.126  -5.526 0.0000000000
3559  13.649  -73.073  -5.587 0.0000000000
3560  12.853  -73.353  -5.546 0.0000000000
3561  11.627  -73.717  -5.417 0.0000000000
3562  10.629  -73.411  -5.794 0.0000000000
3563  9.741  -73.344  -5.765 0.0000000000
3564  8.792  -73.414  -5.622 0.0000000000
3565  7.844  -73.594  -5.441 0.0000000000
3566  7.004  -73.808  -5.265 0.0000000000
3567  6.300  -73.818  -5.530 0.0000000000
3571  5.805  -73.677  -6.218 0.0000000000
3575  5.580  -73.764  -6.968 0.0000000000
3578  5.518  -73.502  -7.840 0.0000000000
3581  5.532  -73.399  -9.036 0.0000000000
3587  5.542  -73.419  -10.292 0.0000000000
3595  5.510  -73.532  -11.587 0.0000000000
3609  5.459  -73.356  -12.741 0.0000000000
3617  5.399  -73.280  -13.848 0.0000000000
3623  5.564  -73.375  -14.853 0.0000000000
3973  8.384  -72.824  1.281 0.0000000000
3977  8.025  -72.675  0.328 0.0000000000
3978  7.669  -72.543  -0.262 0.0000000000
3982  7.459  -72.476  -0.939 0.0000000000
3986  8.068  -73.048  -2.105 0.0000000000
3987  7.650  -72.613  -1.736 0.0000000000
3991  17.684  -72.908  -3.095 0.0000000000
3992  16.989  -72.732  -2.934 0.0000000000
3993  15.986  -72.472  -2.923 0.0000000000
3994  14.880  -72.352  -3.009 0.0000000000
3995  13.775  -72.237  -2.961 0.0000000000
3996  12.731  -72.221  -2.826 0.0000000000
3997  11.721  -72.315  -2.799 0.0000000000
3998  10.682  -72.425  -2.842 0.0000000000
3999  9.425  -72.451  -2.976 0.0000000000
4000  8.571  -72.805  -2.497 0.0000000000
4001  7.963  -72.519  -2.405 0.0000000000
4004  18.291  -73.005  -3.926 0.0000000000
4005  18.046  -72.854  -3.643 0.0000000000
4006  17.355  -72.625  -3.628 0.0000000000
4007  16.490  -72.433  -3.664 0.0000000000
4008  15.456  -72.281  -3.801 0.0000000000
4009  14.196  -71.966  -4.074 0.0000000000
4010  13.100  -71.798  -3.642 0.0000000000
4011  12.131  -71.740  -3.453 0.0000000000
4012  11.154  -71.734  -3.372 0.0000000000
4013  10.234  -71.844  -3.365 0.0000000000
4017  18.118  -72.832  -4.035 0.0000000000
4018  17.766  -72.728  -4.147 0.0000000000
4019  16.997  -72.544  -4.296 0.0000000000
4020  16.056  -72.478  -4.409 0.0000000000
4021  15.093  -72.246  -4.717 0.0000000000
4022  14.340  -71.958  -4.970 0.0000000000
4026  14.613  -72.380  -5.259 0.0000000000
4027  13.931  -72.323  -5.439 0.0000000000
4028  13.218  -72.464  -5.726 0.0000000000
4029  12.290  -72.491  -6.014 0.0000000000
4030  11.252  -72.775  -6.214 0.0000000000
4031  10.269  -72.772  -6.300 0.0000000000
4032  9.248  -72.791  -6.221 0.0000000000
4033  8.120  -72.805  -6.048 0.0000000000
4034  7.165  -73.038  -5.624 0.0000000000
4035  6.635  -73.322  -5.543 0.0000000000
4040  11.621  -71.985  -6.385 0.0000000000
4041  10.863  -72.083  -6.713 0.0000000000
4042  9.836  -72.137  -6.761 0.0000000000
4043  8.776  -72.181  -6.617 0.0000000000
4044  7.959  -72.142  -6.439 0.0000000000
4045  7.284  -72.293  -6.057 0.0000000000
4046  6.327  -72.724  -5.965 0.0000000000
4052  5.697  -72.712  -6.973 0.0000000000
4059  5.554  -72.208  -8.280 0.0000000000
4063  5.583  -72.305  -9.638 0.0000000000
4068  5.640  -72.370  -10.887 0.0000000000
4076  5.649  -72.382  -12.111 0.0000000000
4090  5.566  -72.420  -13.227 0.0000000000
4104  5.486  -72.479  -13.905 0.0000000000
4110  5.482  -72.486  -14.551 0.0000000000
4532  8.423  -71.796  0.340 0.0000000000
4533  7.989  -72.180  0.005 0.0000000000
4536  8.245  -71.414  -0.300 0.0000000000
4537  7.862  -71.773  -0.551 0.0000000000
4540  7.533  -71.695  -1.471 0.0000000000
4543  8.862  -71.895  -3.217 0.0000000000
4544  8.319  -72.140  -2.948 0.0000000000
4545  7.673  -71.753  -2.431 0.0000000000
4548  13.209  -71.631  -4.410 0.0000000000
4549  12.407  -71.421  -4.231 0.0000000000
4550  11.544  -71.189  -3.988 0.0000000000
4551  10.500  -70.998  -3.919 0.0000000000
4552  9.357  -71.441  -3.494 0.0000000000
4553  8.414  -71.453  -3.293 0.0000000000
4554  7.904  -71.579  -3.043 0.0000000000
4558  13.584  -71.727  -5.048 0.0000000000
4559  12.674  -71.387  -5.003 0.0000000000
4560  11.698  -70.847  -4.851 0.0000000000
4561  11.169  -70.739  -4.324 0.0000000000
4564  13.453  -71.996  -5.523 0.0000000000
4565  12.901  -71.833  -5.568 0.0000000000
4566  11.993  -71.347  -5.809 0.0000000000
4570  11.318  -71.288  -6.512 0.0000000000
4571  10.480  -71.297  -7.023 0.0000000000
4572  9.334  -71.462  -7.105 0.0000000000
4573  8.272  -71.611  -6.856 0.0000000000
4574  7.530  -71.760  -6.518 0.0000000000
4575  6.793  -71.690  -6.427 0.0000000000
4576  6.075  -71.908  -6.597 0.0000000000
4580  6.379  -71.284  -6.809 0.0000000000
4581  5.812  -71.375  -7.314 0.0000000000
4588  5.470  -71.024  -8.183 0.0000000000
4596  5.395  -71.191  -9.120 0.0000000000
4599  5.485  -71.284  -10.280 0.0000000000
4607  5.563  -71.313  -11.469 0.0000000000
4618  5.585  -71.264  -12.762 0.0000000000
4633  5.568  -71.682  -13.969 0.0000000000
4640  5.557  -71.624  -15.004 0.0000000000
4648  5.452  -71.480  -15.838 0.0000000000
5123  8.568  -70.769  -0.241 0.0000000000
5124  8.137  -71.204  -0.592 0.0000000000
5126  8.415  -70.202  -0.781 0.0000000000
5127  7.932  -70.779  -1.119 0.0000000000
5129  7.537  -70.811  -2.078 0.0000000000
5132  10.152  -70.356  -4.150 0.0000000000
5133  9.521  -70.585  -3.915 0.0000000000
5134  8.615  -70.776  -3.625 0.0000000000
5135  7.738  -70.787  -3.135 0.0000000000
5138  11.369  -70.264  -5.156 0.0000000000
5139  10.797  -70.084  -4.648 0.0000000000
5140  9.743  -69.865  -4.227 0.0000000000
5141  8.849  -70.064  -3.941 0.0000000000
5142  8.147  -70.235  -3.718 0.0000000000
5145  11.515  -70.535  -5.678 0.0000000000
5146  11.203  -69.855  -5.559 0.0000000000
5149  11.495  -70.846  -6.146 0.0000000000
5150  11.081  -70.298  -6.555 0.0000000000
5151  9.949  -70.414  -7.340 0.0000000000
5152  8.711  -70.869  -7.302 0.0000000000
5153  7.534  -71.112  -6.918 0.0000000000
5154  6.818  -71.114  -6.779 0.0000000000
5157  9.778  -69.920  -7.521 0.0000000000
5158  9.207  -70.093  -7.619 0.0000000000
5159  8.087  -70.316  -7.520 0.0000000000
5160  6.775  -70.522  -7.232 0.0000000000
5161  5.850  -70.313  -7.785 0.0000000000
5165  5.413  -70.092  -8.684 0.0000000000
5174  5.296  -70.236  -9.785 0.0000000000
5183  5.342  -70.307  -10.882 0.0000000000
5191  5.383  -70.301  -11.980 0.0000000000
5197  5.454  -70.195  -12.901 0.0000000000
5209  5.549  -70.567  -13.749 0.0000000000
5222  5.605  -70.901  -14.577 0.0000000000
5231  5.561  -70.765  -15.390 0.0000000000
5685  8.983  -69.638  -0.295 0.0000000000
5687  8.296  -69.652  -1.420 0.0000000000
5688  7.721  -70.206  -1.768 0.0000000000
5690  8.253  -69.149  -2.141 0.0000000000
5691  7.760  -69.743  -2.508 0.0000000000
5694  8.389  -69.286  -3.771 0.0000000000
5695  7.867  -69.709  -3.445 0.0000000000
5697  10.787  -69.318  -5.293 0.0000000000
5698  10.081  -69.112  -4.849 0.0000000000
5699  9.061  -69.257  -4.201 0.0000000000
5700  8.373  -69.706  -3.839 0.0000000000
5703  10.906  -69.136  -6.164 0.0000000000
5704  10.529  -68.766  -5.504 0.0000000000
5706  10.484  -69.439  -7.180 0.0000000000
5707  10.056  -69.791  -7.453 0.0000000000
5709  10.248  -69.129  -7.546 0.0000000000
5710  9.838  -69.410  -7.695 0.0000000000
5711  8.814  -69.505  -8.069 0.0000000000
5712  7.632  -69.711  -7.912 0.0000000000
5713  6.619  -69.655  -7.917 0.0000000000
5714  5.881  -69.578  -8.178 0.0000000000
5717  8.239  -69.181  -8.424 0.0000000000
5718  7.435  -69.163  -8.492 0.0000000000
5719  6.499  -69.064  -8.558 0.0000000000
5720  5.756  -69.247  -8.708 0.0000000000
5727  6.216  -68.858  -9.137 0.0000000000
5728  5.578  -69.201  -9.478 0.0000000000
5740  5.373  -69.326  -10.445 0.0000000000
5747  5.316  -69.341  -11.449 0.0000000000
5753  5.332  -69.337  -12.501 0.0000000000
5758  5.477  -69.488  -13.565 0.0000000000
5768  5.566  -69.870  -14.751 0.0000000000
5779  5.485  -69.989  -15.804 0.0000000000
6240  8.946  -69.085  -0.989 0.0000000000
6242  9.663  -68.203  -1.341 0.0000000000
6243  8.911  -68.576  -1.688 0.0000000000
6245  8.431  -68.738  -2.893 0.0000000000
6246  8.000  -69.341  -3.085 0.0000000000
6249  8.840  -68.568  -3.936 0.0000000000
6250  8.239  -69.161  -3.419 0.0000000000
6252  10.089  -68.450  -5.372 0.0000000000
6253  9.579  -68.298  -4.922 0.0000000000
6256  10.624  -68.679  -6.833 0.0000000000
6257  10.388  -68.195  -6.113 0.0000000000
6258  9.921  -68.055  -5.582 0.0000000000
6260  10.326  -68.759  -7.459 0.0000000000
6261  10.343  -68.067  -7.117 0.0000000000
6263  10.089  -68.928  -7.756 0.0000000000
6264  9.680  -68.439  -8.161 0.0000000000
6265  8.842  -68.921  -8.464 0.0000000000
6267  9.179  -67.947  -8.686 0.0000000000
6268  8.469  -68.403  -8.935 0.0000000000
6269  7.295  -68.688  -9.025 0.0000000000
6270  6.691  -68.752  -9.052 0.0000000000
6276  8.284  -67.940  -9.405 0.0000000000
6277  7.822  -68.211  -9.513 0.0000000000
6278  6.951  -68.486  -9.617 0.0000000000
6279  6.229  -68.656  -9.694 0.0000000000
6292  6.630  -68.376  -10.117 0.0000000000
6293  6.038  -68.563  -10.301 0.0000000000
6303  5.714  -68.538  -11.036 0.0000000000
6311  5.526  -68.270  -12.006 0.0000000000
6317  5.429  -68.410  -13.160 0.0000000000
6324  5.516  -68.550  -14.367 0.0000000000
6332  5.593  -68.828  -15.742 0.0000000000
6801  9.574  -67.882  -1.812 0.0000000000
6807  10.029  -67.298  -2.320 0.0000000000
6808  9.144  -67.798  -2.556 0.0000000000
6814  9.585  -67.199  -3.102 0.0000000000
6815  9.164  -67.609  -3.666 0.0000000000
6820  9.391  -67.490  -4.779 0.0000000000
6826  10.103  -67.672  -6.595 0.0000000000
6827  9.713  -67.404  -6.009 0.0000000000
6829  9.732  -67.242  -7.181 0.0000000000
6830  9.553  -67.037  -6.650 0.0000000000
6832  9.126  -67.276  -8.306 0.0000000000
6833  8.585  -66.846  -8.516 0.0000000000
6835  8.903  -67.706  -8.921 0.0000000000
6836  8.324  -67.301  -9.164 0.0000000000
6837  7.767  -66.914  -9.652 0.0000000000
6844  8.076  -67.773  -9.608 0.0000000000
6845  7.565  -67.615  -9.965 0.0000000000
6846  7.057  -68.127  -10.164 0.0000000000
6857  7.267  -67.225  -10.396 0.0000000000
6858  6.809  -67.703  -10.657 0.0000000000
6859  6.218  -68.165  -10.860 0.0000000000
6869  6.633  -67.241  -11.107 0.0000000000
6870  6.176  -67.632  -11.325 0.0000000000
6878  5.870  -67.330  -12.020 0.0000000000
6886  5.566  -67.408  -12.746 0.0000000000
6892  5.445  -67.411  -13.807 0.0000000000
6899  5.509  -67.319  -15.162 0.0000000000
7410  10.447  -66.590  -2.322 0.0000000000
7419  10.587  -66.004  -2.605 0.0000000000
7420  10.212  -66.495  -3.185 0.0000000000
7421  9.670  -66.839  -3.739 0.0000000000
7429  10.034  -66.216  -4.045 0.0000000000
7430  9.550  -66.576  -4.590 0.0000000000
7437  9.310  -66.488  -5.664 0.0000000000
7443  9.380  -66.874  -7.155 0.0000000000
7444  9.149  -66.610  -6.816 0.0000000000
7446  9.212  -66.846  -7.471 0.0000000000
7447  8.500  -66.438  -7.841 0.0000000000
7448  7.783  -66.148  -8.286 0.0000000000
7450  8.172  -66.577  -8.593 0.0000000000
7451  7.589  -66.288  -9.111 0.0000000000
7452  6.969  -65.919  -9.615 0.0000000000
7460  7.243  -66.641  -10.073 0.0000000000
7461  6.744  -65.985  -10.156 0.0000000000
7469  7.079  -66.991  -10.600 0.0000000000
7470  6.584  -66.541  -10.827 0.0000000000
7471  6.116  -66.148  -11.264 0.0000000000
7481  6.499  -67.030  -11.312 0.0000000000
7482  6.169  -66.716  -11.586 0.0000000000
7488  5.717  -66.564  -12.295 0.0000000000
7496  5.472  -66.465  -13.175 0.0000000000
7503  5.414  -66.342  -14.213 0.0000000000
8032  10.508  -65.484  -3.328 0.0000000000
8033  10.294  -65.915  -3.691 0.0000000000
8042  10.425  -65.182  -3.779 0.0000000000
8043  10.271  -65.400  -4.096 0.0000000000
8044  9.877  -65.750  -4.636 0.0000000000
8053  9.898  -64.975  -4.748 0.0000000000
8054  9.400  -65.454  -5.343 0.0000000000
8063  8.717  -65.498  -6.322 0.0000000000
8064  8.007  -65.174  -6.935 0.0000000000
8071  8.339  -65.861  -7.089 0.0000000000
8072  7.612  -65.535  -7.679 0.0000000000
8073  7.119  -65.226  -8.287 0.0000000000
8078  7.347  -65.730  -8.431 0.0000000000
8079  6.885  -65.418  -8.996 0.0000000000
8087  6.521  -65.345  -9.859 0.0000000000
8088  6.116  -65.177  -10.366 0.0000000000
8097  6.386  -65.673  -10.428 0.0000000000
8098  5.970  -65.546  -10.951 0.0000000000
8109  5.761  -65.900  -11.688 0.0000000000
8115  5.461  -65.639  -12.501 0.0000000000
8122  5.367  -65.483  -13.484 0.0000000000
8708  10.643  -64.747  -3.082 0.0000000000
8715  10.484  -64.849  -3.658 0.0000000000
8716  10.332  -64.173  -3.467 0.0000000000
8723  10.400  -65.001  -3.961 0.0000000000
8724  10.243  -64.585  -4.171 0.0000000000
8732  9.859  -64.258  -4.682 0.0000000000
8733  9.495  -64.408  -5.193 0.0000000000
8743  8.955  -64.456  -5.866 0.0000000000
8744  8.322  -64.415  -6.603 0.0000000000
8754  7.733  -64.443  -7.429 0.0000000000
8755  7.262  -64.792  -7.973 0.0000000000
8763  7.399  -64.190  -8.157 0.0000000000
8764  7.037  -64.576  -8.698 0.0000000000
8770  6.568  -64.603  -9.518 0.0000000000
8771  6.211  -64.785  -10.114 0.0000000000
8780  6.193  -64.246  -10.219 0.0000000000
8781  5.826  -64.617  -10.685 0.0000000000
8791  5.455  -64.845  -11.653 0.0000000000
8797  5.280  -64.660  -12.765 0.0000000000
9348  9.856  -63.616  -4.186 0.0000000000
9349  9.419  -63.324  -4.721 0.0000000000
9356  9.580  -63.810  -4.862 0.0000000000
9357  9.205  -63.530  -5.388 0.0000000000
9367  8.691  -63.437  -6.197 0.0000000000
9368  8.235  -63.489  -7.028 0.0000000000
9380  7.725  -63.491  -7.863 0.0000000000
9388  7.342  -63.574  -8.900 0.0000000000
9389  6.965  -64.157  -9.258 0.0000000000
9397  7.228  -63.190  -9.548 0.0000000000
9398  6.770  -63.698  -9.834 0.0000000000
9412  6.177  -63.683  -10.587 0.0000000000
9413  5.889  -64.063  -10.643 0.0000000000
9422  6.161  -63.292  -11.020 0.0000000000
9423  5.697  -63.748  -11.213 0.0000000000
9430  5.321  -63.838  -12.128 0.0000000000
9989  9.426  -63.094  -4.371 0.0000000000
9990  8.978  -62.693  -4.693 0.0000000000
9998  8.783  -62.839  -5.716 0.0000000000
10010  8.676  -62.902  -6.123 0.0000000000
10011  8.416  -62.502  -6.318 0.0000000000
10029  8.042  -62.595  -7.387 0.0000000000
10047  7.709  -62.603  -8.312 0.0000000000
10064  7.499  -62.421  -9.408 0.0000000000
10065  7.133  -62.965  -9.987 0.0000000000
10082  7.282  -62.371  -10.392 0.0000000000
10083  6.652  -63.002  -10.640 0.0000000000
10092  6.963  -62.334  -11.062 0.0000000000
10093  6.253  -62.693  -11.630 0.0000000000
10094  5.623  -63.287  -11.823 0.0000000000
10753  7.900  -61.861  -7.766 0.0000000000
10769  7.746  -61.635  -8.558 0.0000000000
10786  7.659  -61.380  -9.358 0.0000000000
10799  7.549  -61.579  -10.132 0.0000000000
10809  7.318  -61.715  -10.887 0.0000000000
