#!ascii label  , from subject cvs_avg35_inMNI152 vox2ras=TkReg
411
90393  6.946  16.507  10.274 0.0000000000
90398  6.504  16.700  10.011 0.0000000000
90399  6.022  16.628  9.700 0.0000000000
91437  8.287  17.378  10.444 0.0000000000
91438  7.366  17.468  10.184 0.0000000000
91439  6.784  17.075  10.185 0.0000000000
91444  7.043  17.992  9.974 0.0000000000
91445  6.515  17.566  9.889 0.0000000000
91446  5.706  17.545  9.521 0.0000000000
92454  9.208  18.448  11.006 0.0000000000
92455  8.737  18.091  10.590 0.0000000000
92464  8.937  18.767  10.441 0.0000000000
92465  8.215  18.444  10.070 0.0000000000
92466  7.445  18.257  9.901 0.0000000000
92469  7.626  18.815  9.666 0.0000000000
92470  6.927  18.563  9.630 0.0000000000
92471  6.108  18.448  9.406 0.0000000000
92472  5.350  18.506  9.198 0.0000000000
93440  9.010  19.675  12.108 0.0000000000
93454  9.342  19.571  11.295 0.0000000000
93466  9.244  19.492  10.599 0.0000000000
93467  8.788  19.448  10.117 0.0000000000
93477  8.082  19.494  9.653 0.0000000000
93478  7.305  19.412  9.332 0.0000000000
93479  6.507  19.361  9.086 0.0000000000
93480  5.803  19.120  9.051 0.0000000000
93490  5.920  19.741  8.744 0.0000000000
93491  5.288  19.522  8.811 0.0000000000
94482  8.869  20.430  11.994 0.0000000000
94483  8.247  20.469  12.260 0.0000000000
94484  7.456  20.373  13.067 0.0000000000
94492  9.184  20.668  11.584 0.0000000000
94493  8.702  20.893  11.947 0.0000000000
94502  9.325  20.739  10.562 0.0000000000
94503  9.118  20.032  10.242 0.0000000000
94512  9.135  21.166  9.878 0.0000000000
94513  8.693  20.498  9.771 0.0000000000
94514  7.611  20.402  9.101 0.0000000000
94515  6.991  19.893  9.016 0.0000000000
94533  7.114  20.968  8.752 0.0000000000
94534  6.525  20.435  8.665 0.0000000000
94535  5.575  20.393  8.501 0.0000000000
95558  7.052  21.489  13.447 0.0000000000
95559  6.280  21.589  13.969 0.0000000000
95560  5.841  22.090  14.515 0.0000000000
95567  8.211  21.248  12.084 0.0000000000
95568  7.614  21.472  12.671 0.0000000000
95575  9.258  21.647  11.154 0.0000000000
95576  8.637  21.645  11.726 0.0000000000
95577  7.878  21.875  12.079 0.0000000000
95585  9.320  21.845  10.572 0.0000000000
95600  9.303  21.812  9.983 0.0000000000
95601  8.807  21.678  9.300 0.0000000000
95602  8.214  21.054  9.266 0.0000000000
95618  8.476  22.272  8.734 0.0000000000
95619  7.696  21.601  8.752 0.0000000000
95620  6.694  21.418  8.441 0.0000000000
95621  5.827  21.434  8.224 0.0000000000
95622  5.168  20.992  8.322 0.0000000000
95632  5.541  22.052  7.963 0.0000000000
95633  5.244  21.790  8.071 0.0000000000
96625  5.881  22.949  16.291 0.0000000000
96632  5.769  22.863  15.661 0.0000000000
96640  5.742  22.848  14.893 0.0000000000
96650  7.156  22.226  13.203 0.0000000000
96651  6.601  22.370  13.591 0.0000000000
96652  5.911  22.708  14.012 0.0000000000
96660  7.412  22.643  12.616 0.0000000000
96661  6.833  23.004  13.275 0.0000000000
96662  6.260  23.070  13.509 0.0000000000
96671  9.247  22.337  10.850 0.0000000000
96672  8.777  22.588  11.298 0.0000000000
96673  7.923  22.578  11.764 0.0000000000
96688  9.330  22.679  10.327 0.0000000000
96689  9.119  22.919  10.854 0.0000000000
96706  9.324  22.827  9.333 0.0000000000
96707  9.000  22.370  8.897 0.0000000000
96716  9.296  23.257  8.787 0.0000000000
96717  8.939  22.900  8.495 0.0000000000
96718  7.800  22.815  8.187 0.0000000000
96719  6.866  22.187  8.152 0.0000000000
96720  6.305  21.879  8.144 0.0000000000
96732  7.337  23.313  7.798 0.0000000000
96733  6.846  23.011  7.746 0.0000000000
96734  6.014  22.444  7.761 0.0000000000
96735  5.387  22.440  7.728 0.0000000000
97783  11.542  23.548  16.753 0.0000000000
97784  10.481  23.570  16.654 0.0000000000
97785  9.403  23.549  16.678 0.0000000000
97786  8.273  23.581  16.835 0.0000000000
97787  7.176  23.620  16.717 0.0000000000
97788  6.261  23.696  16.263 0.0000000000
97789  5.882  23.318  15.974 0.0000000000
97798  6.138  24.099  15.881 0.0000000000
97799  5.875  23.714  15.494 0.0000000000
97806  5.808  23.673  14.535 0.0000000000
97813  5.914  23.693  13.766 0.0000000000
97820  7.453  23.562  12.197 0.0000000000
97821  6.993  23.727  12.942 0.0000000000
97822  6.329  23.756  13.263 0.0000000000
97836  8.711  23.470  11.026 0.0000000000
97837  7.993  23.463  11.405 0.0000000000
97852  9.421  23.564  10.037 0.0000000000
97853  9.151  23.500  10.637 0.0000000000
97862  9.456  23.716  9.474 0.0000000000
97865  9.438  23.670  8.984 0.0000000000
97866  9.194  23.697  8.473 0.0000000000
97867  8.527  23.623  8.101 0.0000000000
97874  7.733  23.706  7.843 0.0000000000
97875  7.035  23.781  7.537 0.0000000000
97876  6.173  23.652  7.321 0.0000000000
97877  5.574  23.099  7.395 0.0000000000
97878  5.280  22.812  7.496 0.0000000000
97888  5.880  24.186  7.174 0.0000000000
97889  5.644  23.982  7.191 0.0000000000
97890  5.339  23.382  7.291 0.0000000000
98796  12.879  24.575  16.646 0.0000000000
98797  12.191  24.481  16.371 0.0000000000
98798  11.166  24.261  16.337 0.0000000000
98799  10.149  24.236  16.335 0.0000000000
98800  9.088  24.244  16.361 0.0000000000
98801  8.031  24.319  16.442 0.0000000000
98802  7.082  24.293  16.238 0.0000000000
98803  6.487  24.282  15.963 0.0000000000
98811  11.712  24.877  15.991 0.0000000000
98812  10.865  24.874  15.944 0.0000000000
98813  9.861  24.892  15.951 0.0000000000
98814  8.833  24.952  15.990 0.0000000000
98815  7.822  24.944  15.954 0.0000000000
98816  6.954  24.763  15.739 0.0000000000
98817  6.243  24.536  15.540 0.0000000000
98818  5.911  24.520  14.925 0.0000000000
98828  5.885  24.578  14.124 0.0000000000
98838  5.987  24.581  13.380 0.0000000000
98848  7.490  24.434  11.839 0.0000000000
98849  7.071  24.542  12.587 0.0000000000
98850  6.411  24.569  12.908 0.0000000000
98862  8.821  23.947  10.839 0.0000000000
98863  8.213  24.413  11.060 0.0000000000
98870  9.438  24.280  9.816 0.0000000000
98871  9.048  24.386  10.525 0.0000000000
98872  8.505  24.890  10.723 0.0000000000
98874  9.487  24.250  9.252 0.0000000000
98877  9.382  24.342  8.761 0.0000000000
98878  9.000  24.504  8.103 0.0000000000
98879  8.239  24.248  7.897 0.0000000000
98881  8.324  24.872  7.844 0.0000000000
98882  7.575  24.547  7.620 0.0000000000
98883  6.657  24.625  7.263 0.0000000000
98884  6.096  24.317  7.181 0.0000000000
98891  6.439  25.214  7.035 0.0000000000
98892  5.923  24.838  7.046 0.0000000000
98893  5.451  24.749  6.972 0.0000000000
99719  13.246  25.376  16.484 0.0000000000
99720  12.740  24.961  16.364 0.0000000000
99726  13.083  25.644  16.122 0.0000000000
99727  12.592  25.409  15.981 0.0000000000
99728  11.636  25.531  15.613 0.0000000000
99729  10.620  25.536  15.561 0.0000000000
99730  9.607  25.558  15.555 0.0000000000
99731  8.600  25.668  15.458 0.0000000000
99732  7.540  25.438  15.438 0.0000000000
99733  6.684  25.195  15.252 0.0000000000
99734  6.177  24.973  15.119 0.0000000000
99743  8.626  26.106  15.153 0.0000000000
99744  8.125  26.047  15.078 0.0000000000
99745  7.189  25.931  14.940 0.0000000000
99746  6.293  25.469  14.533 0.0000000000
99758  5.993  25.492  13.608 0.0000000000
99769  7.070  25.220  12.238 0.0000000000
99770  6.503  25.336  12.517 0.0000000000
99771  6.056  25.541  12.829 0.0000000000
99777  7.400  25.443  11.590 0.0000000000
99778  6.558  25.856  11.976 0.0000000000
99779  6.097  25.962  12.243 0.0000000000
99782  9.291  24.906  10.052 0.0000000000
99783  8.691  25.342  10.375 0.0000000000
99784  8.003  25.390  10.869 0.0000000000
99787  9.423  24.819  9.463 0.0000000000
99788  9.152  25.465  9.732 0.0000000000
99791  9.457  24.670  9.070 0.0000000000
99792  9.278  25.256  8.857 0.0000000000
99795  8.819  25.497  8.029 0.0000000000
99796  7.936  25.553  7.548 0.0000000000
99797  7.283  25.090  7.373 0.0000000000
99800  7.732  26.020  7.212 0.0000000000
99801  7.130  25.637  7.006 0.0000000000
99802  6.295  25.734  6.723 0.0000000000
99803  5.561  25.846  6.563 0.0000000000
99804  5.287  25.661  6.589 0.0000000000
99813  5.360  26.419  6.207 0.0000000000
99814  5.127  26.398  6.165 0.0000000000
100587  13.315  26.173  15.994 0.0000000000
100588  12.532  26.409  15.304 0.0000000000
100589  11.385  26.219  15.174 0.0000000000
100590  10.352  26.163  15.155 0.0000000000
100591  9.397  26.145  15.178 0.0000000000
100592  8.881  26.133  15.182 0.0000000000
100596  12.577  26.989  14.927 0.0000000000
100597  12.038  26.897  14.796 0.0000000000
100598  11.071  26.795  14.697 0.0000000000
100599  10.044  26.679  14.693 0.0000000000
100600  8.936  26.512  14.783 0.0000000000
100601  7.946  26.541  14.520 0.0000000000
100602  7.001  26.450  14.233 0.0000000000
100603  6.361  26.312  13.695 0.0000000000
100609  6.036  26.358  13.052 0.0000000000
100615  5.969  26.499  12.389 0.0000000000
100617  7.510  26.091  11.180 0.0000000000
100618  6.808  26.427  11.521 0.0000000000
100619  6.068  26.641  11.773 0.0000000000
100621  8.667  26.011  10.045 0.0000000000
100622  8.033  26.259  10.602 0.0000000000
100625  8.878  26.140  9.429 0.0000000000
100628  8.868  26.266  8.647 0.0000000000
100631  8.639  26.439  7.819 0.0000000000
100632  8.113  26.289  7.359 0.0000000000
100635  8.411  26.834  7.323 0.0000000000
100636  7.813  26.581  6.916 0.0000000000
100637  6.941  26.532  6.453 0.0000000000
100638  6.099  26.417  6.334 0.0000000000
100639  5.620  26.518  6.196 0.0000000000
100642  6.515  26.957  6.146 0.0000000000
100643  5.992  27.023  6.016 0.0000000000
100644  5.447  26.986  5.903 0.0000000000
100645  5.193  27.268  5.719 0.0000000000
101394  13.348  27.191  15.531 0.0000000000
101395  12.940  27.126  15.035 0.0000000000
101399  13.180  27.596  15.036 0.0000000000
101400  12.666  27.512  14.701 0.0000000000
101401  11.786  27.603  14.366 0.0000000000
101402  10.751  27.360  14.281 0.0000000000
101403  9.765  27.244  14.235 0.0000000000
101404  8.764  27.166  14.107 0.0000000000
101405  7.776  27.131  13.873 0.0000000000
101406  6.884  27.081  13.533 0.0000000000
101407  6.308  26.964  13.167 0.0000000000
101410  11.262  27.983  14.027 0.0000000000
101411  10.513  27.931  13.855 0.0000000000
101412  9.581  27.839  13.690 0.0000000000
101413  8.603  27.767  13.501 0.0000000000
101414  7.608  27.783  13.269 0.0000000000
101415  6.640  27.760  12.895 0.0000000000
101416  6.036  27.161  12.619 0.0000000000
101420  6.213  27.897  12.125 0.0000000000
101421  5.931  27.172  11.943 0.0000000000
101424  7.229  26.744  11.021 0.0000000000
101425  6.432  27.509  11.264 0.0000000000
101426  6.033  27.137  11.650 0.0000000000
101428  8.424  26.739  10.018 0.0000000000
101429  7.599  27.320  10.530 0.0000000000
101430  6.999  28.081  10.515 0.0000000000
101432  8.651  26.987  9.310 0.0000000000
101435  8.733  27.231  8.543 0.0000000000
101438  8.656  27.439  7.775 0.0000000000
101441  8.391  27.504  7.043 0.0000000000
101442  7.713  27.440  6.433 0.0000000000
101443  7.041  27.243  6.135 0.0000000000
101446  7.344  27.781  6.039 0.0000000000
101447  6.666  27.650  5.874 0.0000000000
101448  5.910  27.747  5.746 0.0000000000
101449  5.374  27.821  5.551 0.0000000000
102140  13.543  27.840  16.002 0.0000000000
102141  13.170  28.533  16.007 0.0000000000
102150  13.375  28.035  15.379 0.0000000000
102151  12.998  28.610  15.127 0.0000000000
102158  13.145  28.068  14.805 0.0000000000
102159  12.562  28.347  14.481 0.0000000000
102160  11.851  28.455  14.158 0.0000000000
102163  11.231  28.595  13.705 0.0000000000
102164  10.358  28.635  13.382 0.0000000000
102165  9.394  28.451  13.228 0.0000000000
102166  8.470  28.390  12.958 0.0000000000
102167  7.517  28.417  12.692 0.0000000000
102168  6.802  28.430  12.351 0.0000000000
102171  9.966  29.058  13.100 0.0000000000
102172  9.304  29.046  12.750 0.0000000000
102173  8.380  28.978  12.399 0.0000000000
102174  7.463  28.967  12.131 0.0000000000
102175  6.689  28.678  11.639 0.0000000000
102178  6.672  28.621  10.837 0.0000000000
102180  8.278  27.477  9.920 0.0000000000
102181  7.764  28.135  10.097 0.0000000000
102182  6.968  28.736  10.076 0.0000000000
102184  8.481  27.985  9.341 0.0000000000
102185  7.858  28.783  9.661 0.0000000000
102186  7.212  29.193  9.640 0.0000000000
102189  8.626  28.201  8.446 0.0000000000
102192  8.594  28.400  7.601 0.0000000000
102196  8.320  28.457  6.683 0.0000000000
102197  7.809  28.177  6.170 0.0000000000
102201  8.018  28.808  6.115 0.0000000000
102202  7.397  28.497  5.753 0.0000000000
102203  6.544  28.477  5.520 0.0000000000
102204  5.763  28.568  5.398 0.0000000000
102205  5.224  28.530  5.275 0.0000000000
102214  5.428  29.032  5.152 0.0000000000
102215  5.117  29.149  4.998 0.0000000000
102869  12.676  29.047  16.254 0.0000000000
102876  12.683  29.149  15.539 0.0000000000
102877  12.317  29.578  15.980 0.0000000000
102878  11.722  29.685  16.325 0.0000000000
102884  12.475  29.055  14.763 0.0000000000
102885  12.026  29.607  15.171 0.0000000000
102886  11.833  29.751  15.750 0.0000000000
102894  12.203  28.814  14.397 0.0000000000
102895  11.761  29.281  14.205 0.0000000000
102899  11.107  29.416  13.205 0.0000000000
102900  10.469  29.209  13.095 0.0000000000
102903  11.018  29.839  12.709 0.0000000000
102904  10.307  29.632  12.648 0.0000000000
102905  9.226  29.718  12.097 0.0000000000
102906  8.233  29.468  11.881 0.0000000000
102907  7.416  29.431  11.528 0.0000000000
102908  6.849  29.249  11.119 0.0000000000
102912  9.143  30.118  11.781 0.0000000000
102913  8.709  29.988  11.662 0.0000000000
102914  8.064  29.822  11.486 0.0000000000
102915  6.762  29.251  10.613 0.0000000000
102918  6.730  29.443  10.042 0.0000000000
102921  8.381  28.793  9.049 0.0000000000
102922  7.840  29.491  9.233 0.0000000000
102923  6.973  29.713  9.434 0.0000000000
102926  8.432  29.303  8.369 0.0000000000
102927  7.967  30.061  8.743 0.0000000000
102929  8.540  29.472  7.316 0.0000000000
102933  8.366  29.518  6.392 0.0000000000
102937  7.908  29.469  5.681 0.0000000000
102938  7.195  29.332  5.213 0.0000000000
102939  6.398  29.171  5.167 0.0000000000
102940  5.841  29.241  5.086 0.0000000000
102947  6.863  29.663  4.821 0.0000000000
102948  6.290  29.698  4.732 0.0000000000
102949  5.573  29.598  4.658 0.0000000000
102950  5.144  29.568  4.495 0.0000000000
102958  5.425  29.928  4.204 0.0000000000
103629  10.882  29.906  16.551 0.0000000000
103630  10.371  30.649  16.540 0.0000000000
103631  9.691  31.042  16.400 0.0000000000
103638  11.492  29.914  14.641 0.0000000000
103639  11.181  29.965  15.481 0.0000000000
103640  10.426  30.680  15.675 0.0000000000
103641  9.948  30.852  16.056 0.0000000000
103649  11.347  30.228  13.737 0.0000000000
103650  11.095  30.472  14.625 0.0000000000
103651  10.753  30.548  15.124 0.0000000000
103658  11.282  30.174  12.903 0.0000000000
103660  10.919  30.284  12.427 0.0000000000
103661  10.063  30.484  11.931 0.0000000000
103662  9.416  30.223  11.838 0.0000000000
103663  7.064  29.653  11.143 0.0000000000
103664  6.819  29.527  10.937 0.0000000000
103667  9.708  31.064  11.562 0.0000000000
103668  9.134  30.627  11.532 0.0000000000
103669  8.257  30.355  11.265 0.0000000000
103670  7.505  30.017  11.151 0.0000000000
103671  6.826  29.887  10.727 0.0000000000
103673  6.685  30.147  9.933 0.0000000000
103675  7.286  30.063  8.975 0.0000000000
103676  6.834  30.351  9.266 0.0000000000
103678  8.303  30.617  8.012 0.0000000000
103679  7.506  30.628  8.710 0.0000000000
103680  7.021  30.452  8.888 0.0000000000
103682  8.541  30.539  6.813 0.0000000000
103686  8.382  30.422  5.785 0.0000000000
103691  7.770  30.307  4.884 0.0000000000
103692  7.262  29.901  4.797 0.0000000000
103697  7.571  30.628  4.423 0.0000000000
103698  7.073  30.363  4.307 0.0000000000
103699  6.094  30.200  4.302 0.0000000000
103700  5.655  30.058  4.231 0.0000000000
103704  6.959  30.850  3.863 0.0000000000
103705  6.467  30.796  3.874 0.0000000000
103706  5.676  30.613  3.845 0.0000000000
104349  10.227  31.537  16.336 0.0000000000
104359  10.114  30.937  15.223 0.0000000000
104360  9.877  31.160  15.569 0.0000000000
104366  11.305  30.836  13.490 0.0000000000
104367  11.119  30.912  13.995 0.0000000000
104368  10.491  31.011  14.712 0.0000000000
104369  10.185  30.990  15.061 0.0000000000
104376  11.358  30.744  13.013 0.0000000000
104377  11.258  31.425  13.317 0.0000000000
104378  10.977  31.283  14.058 0.0000000000
104381  11.205  30.584  12.619 0.0000000000
104382  11.024  31.149  12.247 0.0000000000
104385  10.216  31.457  11.624 0.0000000000
104387  8.361  31.152  10.924 0.0000000000
104388  7.612  30.677  10.822 0.0000000000
104389  7.171  30.339  10.884 0.0000000000
104393  7.480  31.585  10.118 0.0000000000
104394  6.961  30.639  10.430 0.0000000000
104396  7.083  31.710  9.066 0.0000000000
104397  6.790  30.929  9.636 0.0000000000
104399  8.116  31.425  7.910 0.0000000000
104400  7.592  31.490  8.321 0.0000000000
104401  6.936  30.930  8.911 0.0000000000
104403  8.391  31.723  7.252 0.0000000000
104404  7.971  31.760  7.822 0.0000000000
104407  8.574  31.505  6.065 0.0000000000
104411  8.367  31.346  5.022 0.0000000000
104416  7.698  31.271  4.133 0.0000000000
104417  7.232  30.950  3.921 0.0000000000
104421  7.409  31.935  3.618 0.0000000000
104422  6.913  31.484  3.631 0.0000000000
104423  6.056  31.449  3.529 0.0000000000
105076  10.397  31.712  15.498 0.0000000000
105089  10.678  31.812  14.657 0.0000000000
105090  10.737  30.790  15.298 0.0000000000
105099  11.267  32.204  13.513 0.0000000000
105100  10.905  31.585  14.060 0.0000000000
