#!ascii label  , from subject cvs_avg35_inMNI152 vox2ras=TkReg
676
31497  60.989  -36.943  7.419 0.0000000000
31498  60.211  -37.573  7.802 0.0000000000
31507  61.125  -36.821  6.776 0.0000000000
31508  60.570  -37.115  6.634 0.0000000000
31509  59.665  -37.348  6.977 0.0000000000
31510  59.012  -37.253  7.446 0.0000000000
31516  60.282  -37.002  6.079 0.0000000000
31517  59.996  -37.167  6.341 0.0000000000
32524  60.979  -36.356  9.528 0.0000000000
32536  61.090  -36.302  8.645 0.0000000000
32546  61.173  -36.327  7.894 0.0000000000
32547  58.416  -37.005  7.731 0.0000000000
32548  57.736  -36.544  7.536 0.0000000000
32549  56.955  -36.160  7.672 0.0000000000
32554  61.380  -36.249  6.861 0.0000000000
32555  61.113  -36.626  6.311 0.0000000000
32556  59.576  -37.074  6.450 0.0000000000
32557  58.866  -36.843  6.776 0.0000000000
32558  58.014  -36.293  6.565 0.0000000000
32564  61.438  -36.041  5.745 0.0000000000
32565  60.699  -36.662  5.699 0.0000000000
32566  59.719  -36.788  5.833 0.0000000000
32567  58.718  -36.358  5.792 0.0000000000
32568  58.011  -36.035  5.895 0.0000000000
32573  61.162  -36.206  4.722 0.0000000000
32574  60.275  -36.371  4.849 0.0000000000
32575  59.338  -36.260  5.067 0.0000000000
32576  58.784  -36.093  5.192 0.0000000000
32581  61.102  -36.187  4.042 0.0000000000
32582  60.726  -36.217  4.284 0.0000000000
32699  50.982  -36.252  -7.579 0.0000000000
32700  50.232  -36.002  -7.379 0.0000000000
32701  49.801  -35.833  -7.255 0.0000000000
33533  61.043  -35.857  8.876 0.0000000000
33534  60.729  -35.607  9.352 0.0000000000
33535  60.124  -35.186  9.571 0.0000000000
33551  61.104  -35.848  8.285 0.0000000000
33552  60.745  -35.313  8.447 0.0000000000
33553  60.378  -35.171  8.983 0.0000000000
33554  56.226  -35.897  8.000 0.0000000000
33555  55.478  -35.781  8.229 0.0000000000
33556  54.726  -35.579  8.311 0.0000000000
33557  53.729  -35.122  8.251 0.0000000000
33564  61.173  -35.462  7.518 0.0000000000
33565  60.826  -35.119  7.864 0.0000000000
33566  57.368  -36.106  7.060 0.0000000000
33567  56.712  -35.776  7.128 0.0000000000
33568  55.674  -35.440  7.327 0.0000000000
33569  54.474  -35.009  7.208 0.0000000000
33570  53.847  -34.901  7.561 0.0000000000
33575  61.619  -34.812  5.976 0.0000000000
33576  61.536  -35.283  6.315 0.0000000000
33577  57.404  -35.826  6.399 0.0000000000
33578  56.574  -35.423  6.247 0.0000000000
33579  55.393  -34.960  6.017 0.0000000000
33580  54.573  -34.821  6.397 0.0000000000
33585  61.848  -34.906  5.625 0.0000000000
33586  61.796  -35.376  5.507 0.0000000000
33587  58.371  -35.964  5.374 0.0000000000
33588  57.599  -35.633  5.413 0.0000000000
33589  56.551  -35.184  5.115 0.0000000000
33590  55.709  -34.851  4.756 0.0000000000
33595  62.168  -35.017  4.991 0.0000000000
33596  61.820  -35.645  4.821 0.0000000000
33597  60.378  -36.152  4.258 0.0000000000
33598  59.828  -36.018  4.317 0.0000000000
33599  58.702  -35.767  4.577 0.0000000000
33600  57.544  -35.299  4.277 0.0000000000
33601  56.462  -34.909  3.963 0.0000000000
33602  55.794  -34.738  4.175 0.0000000000
33606  62.216  -35.176  4.234 0.0000000000
33607  61.647  -35.735  3.785 0.0000000000
33608  60.627  -36.012  3.667 0.0000000000
33609  59.572  -35.674  3.544 0.0000000000
33610  58.494  -35.336  3.457 0.0000000000
33611  57.417  -35.005  3.144 0.0000000000
33612  56.712  -34.825  3.281 0.0000000000
33617  61.268  -35.629  2.973 0.0000000000
33618  60.418  -35.584  2.706 0.0000000000
33619  59.317  -35.301  2.666 0.0000000000
33620  58.328  -35.085  2.598 0.0000000000
33621  57.743  -34.969  2.499 0.0000000000
33717  49.510  -35.560  -7.135 0.0000000000
33735  51.466  -35.780  -8.053 0.0000000000
33736  50.662  -35.527  -7.796 0.0000000000
33737  49.976  -35.519  -7.482 0.0000000000
33760  51.218  -35.272  -8.249 0.0000000000
34514  59.387  -34.667  9.967 0.0000000000
34515  58.797  -34.088  9.481 0.0000000000
34528  60.552  -34.930  8.069 0.0000000000
34529  59.772  -34.534  8.545 0.0000000000
34530  58.925  -33.917  8.854 0.0000000000
34545  61.269  -34.964  6.903 0.0000000000
34546  60.663  -34.711  7.367 0.0000000000
34547  59.847  -34.090  7.314 0.0000000000
34548  53.863  -34.817  7.201 0.0000000000
34549  53.266  -34.668  7.546 0.0000000000
34559  61.704  -34.544  5.702 0.0000000000
34560  61.241  -34.528  6.240 0.0000000000
34561  60.271  -33.932  6.409 0.0000000000
34562  59.740  -33.773  6.799 0.0000000000
34563  54.535  -34.721  5.863 0.0000000000
34564  53.821  -34.661  6.464 0.0000000000
34565  52.696  -34.487  6.552 0.0000000000
34566  51.697  -34.395  6.561 0.0000000000
34574  62.074  -34.441  5.214 0.0000000000
34575  61.631  -33.996  5.465 0.0000000000
34576  60.965  -33.837  5.798 0.0000000000
34577  54.835  -34.718  5.084 0.0000000000
34578  53.958  -34.571  5.321 0.0000000000
34579  53.031  -34.477  5.558 0.0000000000
34580  52.077  -34.407  5.683 0.0000000000
34581  51.201  -34.303  5.747 0.0000000000
34588  62.481  -34.373  4.398 0.0000000000
34589  62.187  -33.881  4.933 0.0000000000
34590  55.791  -34.648  3.778 0.0000000000
34591  55.169  -34.607  4.162 0.0000000000
34592  54.198  -34.496  4.386 0.0000000000
34593  53.245  -34.443  4.578 0.0000000000
34594  52.315  -34.396  4.777 0.0000000000
34595  51.463  -34.313  4.946 0.0000000000
34596  50.670  -34.180  5.059 0.0000000000
34601  62.398  -34.851  3.247 0.0000000000
34602  61.797  -35.346  2.975 0.0000000000
34603  56.788  -34.746  2.857 0.0000000000
34604  56.163  -34.596  3.185 0.0000000000
34605  55.310  -34.467  3.358 0.0000000000
34606  54.466  -34.382  3.564 0.0000000000
34607  53.461  -34.314  3.622 0.0000000000
34608  52.470  -34.318  3.888 0.0000000000
34609  51.573  -34.258  4.119 0.0000000000
34610  50.899  -34.172  4.390 0.0000000000
34615  62.389  -34.595  2.493 0.0000000000
34616  61.611  -34.944  2.121 0.0000000000
34617  60.093  -35.033  1.945 0.0000000000
34618  58.941  -34.955  1.956 0.0000000000
34619  58.000  -34.859  2.045 0.0000000000
34620  57.219  -34.758  2.344 0.0000000000
34621  56.394  -34.503  2.385 0.0000000000
34622  55.555  -34.342  2.629 0.0000000000
34623  54.672  -34.217  2.836 0.0000000000
34624  53.952  -34.177  3.042 0.0000000000
34630  61.421  -34.124  1.750 0.0000000000
34631  60.663  -34.223  1.741 0.0000000000
34632  59.523  -34.237  1.728 0.0000000000
34633  58.428  -34.264  1.736 0.0000000000
34634  57.453  -34.337  1.810 0.0000000000
34635  56.788  -34.443  1.931 0.0000000000
34726  49.234  -35.251  -6.982 0.0000000000
34727  48.763  -34.993  -6.838 0.0000000000
34728  47.812  -34.734  -6.784 0.0000000000
34745  50.158  -35.218  -7.765 0.0000000000
34746  49.534  -34.976  -7.474 0.0000000000
34747  48.528  -34.496  -7.518 0.0000000000
34748  47.434  -34.024  -7.521 0.0000000000
34749  46.739  -33.921  -7.231 0.0000000000
34767  51.510  -34.902  -8.719 0.0000000000
34768  50.450  -34.839  -8.323 0.0000000000
34769  49.305  -34.389  -8.321 0.0000000000
34770  48.269  -33.897  -8.352 0.0000000000
34771  47.635  -33.739  -8.133 0.0000000000
34790  50.993  -34.486  -9.249 0.0000000000
34791  50.055  -34.077  -9.292 0.0000000000
34792  49.019  -33.857  -8.996 0.0000000000
34793  48.494  -33.667  -8.894 0.0000000000
35494  58.040  -33.680  9.806 0.0000000000
35500  58.247  -33.626  9.056 0.0000000000
35501  57.370  -33.117  9.491 0.0000000000
35505  59.301  -33.814  7.732 0.0000000000
35506  58.711  -33.611  8.267 0.0000000000
35507  57.754  -33.151  8.521 0.0000000000
35517  59.308  -33.586  7.057 0.0000000000
35518  58.730  -33.367  7.419 0.0000000000
35519  58.093  -33.073  7.686 0.0000000000
35530  59.892  -33.455  6.021 0.0000000000
35531  59.507  -33.418  6.420 0.0000000000
35532  58.699  -33.041  6.646 0.0000000000
35533  58.323  -33.024  7.166 0.0000000000
35545  61.213  -33.429  5.409 0.0000000000
35546  60.351  -33.169  5.543 0.0000000000
35547  59.509  -33.077  5.866 0.0000000000
35548  59.083  -33.055  6.144 0.0000000000
35561  62.473  -33.409  4.393 0.0000000000
35562  61.794  -33.264  4.968 0.0000000000
35563  61.122  -32.911  5.168 0.0000000000
35576  62.930  -33.745  3.590 0.0000000000
35577  53.321  -34.018  2.911 0.0000000000
35578  52.578  -34.075  3.093 0.0000000000
35579  51.651  -34.043  3.302 0.0000000000
35580  50.638  -33.943  3.589 0.0000000000
35592  62.850  -34.077  2.677 0.0000000000
35593  62.477  -34.283  2.113 0.0000000000
35594  56.380  -34.320  1.902 0.0000000000
35595  55.837  -34.205  1.943 0.0000000000
35596  54.920  -33.985  2.109 0.0000000000
35597  53.864  -33.607  2.441 0.0000000000
35598  52.797  -33.464  2.631 0.0000000000
35599  51.860  -33.454  2.730 0.0000000000
35600  50.892  -33.430  2.829 0.0000000000
35608  62.951  -33.664  2.067 0.0000000000
35609  62.155  -33.753  1.710 0.0000000000
35610  61.206  -33.478  1.582 0.0000000000
35611  60.111  -33.381  1.518 0.0000000000
35612  58.917  -33.429  1.432 0.0000000000
35613  57.752  -33.569  1.486 0.0000000000
35614  56.563  -33.782  1.628 0.0000000000
35615  55.421  -33.486  1.651 0.0000000000
35616  54.460  -33.223  1.800 0.0000000000
35617  53.691  -32.929  1.874 0.0000000000
35646  46.395  -33.810  -7.120 0.0000000000
35647  45.757  -33.457  -6.921 0.0000000000
35651  47.300  -33.650  -8.028 0.0000000000
35652  46.640  -33.404  -7.780 0.0000000000
35653  45.904  -32.761  -7.470 0.0000000000
35655  48.202  -33.570  -8.827 0.0000000000
35656  47.578  -33.364  -8.643 0.0000000000
35657  46.873  -32.827  -8.546 0.0000000000
35664  50.016  -33.712  -9.743 0.0000000000
35665  49.556  -33.574  -9.624 0.0000000000
35666  48.530  -33.288  -9.353 0.0000000000
35667  47.841  -32.859  -9.320 0.0000000000
35678  49.294  -33.036  -10.040 0.0000000000
35679  48.739  -32.790  -9.816 0.0000000000
36397  56.937  -32.817  9.387 0.0000000000
36403  56.896  -32.743  8.844 0.0000000000
36404  55.986  -32.451  8.851 0.0000000000
36405  55.297  -32.209  8.782 0.0000000000
36411  57.303  -32.634  7.859 0.0000000000
36412  56.460  -32.307  8.046 0.0000000000
36413  55.608  -32.056  8.064 0.0000000000
36414  55.062  -32.023  8.451 0.0000000000
36418  58.240  -32.620  6.372 0.0000000000
36419  57.805  -32.613  6.947 0.0000000000
36420  56.729  -32.181  7.111 0.0000000000
36421  56.134  -32.098  7.567 0.0000000000
36425  60.059  -32.584  5.254 0.0000000000
36426  59.577  -32.671  5.447 0.0000000000
36427  58.706  -32.551  5.743 0.0000000000
36428  57.781  -32.300  6.196 0.0000000000
36429  57.265  -32.211  6.581 0.0000000000
36433  62.152  -32.736  4.498 0.0000000000
36434  61.494  -32.526  4.807 0.0000000000
36435  60.605  -32.251  4.968 0.0000000000
36436  59.694  -32.262  5.087 0.0000000000
36437  59.174  -32.370  5.267 0.0000000000
36440  63.551  -32.001  3.015 0.0000000000
36441  62.902  -32.451  3.839 0.0000000000
36442  61.861  -32.073  4.381 0.0000000000
36443  61.231  -32.045  4.668 0.0000000000
36452  63.606  -32.125  2.285 0.0000000000
36453  63.349  -33.037  2.726 0.0000000000
36454  53.002  -32.868  2.129 0.0000000000
36455  52.092  -32.815  2.201 0.0000000000
36456  51.145  -32.777  2.264 0.0000000000
36468  63.607  -32.008  1.773 0.0000000000
36469  63.143  -32.709  1.634 0.0000000000
36470  61.984  -32.760  1.301 0.0000000000
36471  60.863  -32.618  1.217 0.0000000000
36472  59.565  -32.366  0.950 0.0000000000
36473  58.186  -32.712  0.980 0.0000000000
36474  56.999  -32.870  1.065 0.0000000000
36475  55.880  -32.866  1.165 0.0000000000
36476  54.844  -32.751  1.231 0.0000000000
36477  53.915  -32.631  1.308 0.0000000000
36478  53.088  -32.505  1.460 0.0000000000
36479  52.296  -32.436  1.577 0.0000000000
36480  51.366  -32.216  1.468 0.0000000000
36481  50.432  -32.281  1.636 0.0000000000
36494  59.290  -31.706  0.513 0.0000000000
36495  58.539  -31.859  0.510 0.0000000000
36496  57.387  -32.032  0.505 0.0000000000
36497  56.246  -32.208  0.509 0.0000000000
36498  55.164  -32.242  0.554 0.0000000000
36499  54.146  -32.212  0.630 0.0000000000
36500  53.207  -32.129  0.782 0.0000000000
36501  52.353  -32.074  0.990 0.0000000000
36502  51.834  -32.086  1.184 0.0000000000
36534  45.323  -32.466  -6.862 0.0000000000
36535  44.769  -32.083  -6.125 0.0000000000
36538  46.355  -32.421  -8.058 0.0000000000
36539  45.861  -31.987  -7.407 0.0000000000
36541  47.328  -32.678  -9.038 0.0000000000
36542  46.891  -32.073  -8.841 0.0000000000
36545  48.319  -32.659  -9.666 0.0000000000
36546  47.762  -32.138  -9.550 0.0000000000
36547  47.388  -31.643  -9.145 0.0000000000
36552  48.874  -32.217  -10.186 0.0000000000
36553  48.316  -31.632  -9.894 0.0000000000
36568  49.286  -31.654  -10.591 0.0000000000
37274  55.363  -31.911  7.732 0.0000000000
37275  54.737  -31.822  8.073 0.0000000000
37285  56.410  -31.940  6.771 0.0000000000
37286  55.732  -31.866  7.123 0.0000000000
37287  54.521  -31.487  6.938 0.0000000000
37288  53.535  -31.215  7.061 0.0000000000
37296  58.472  -32.172  5.367 0.0000000000
37297  57.980  -32.010  5.513 0.0000000000
37298  56.780  -31.764  6.147 0.0000000000
37299  55.397  -31.238  6.006 0.0000000000
37300  54.618  -31.184  6.254 0.0000000000
37306  60.486  -31.839  4.672 0.0000000000
37307  59.986  -31.832  4.691 0.0000000000
37308  58.782  -31.924  4.925 0.0000000000
37309  57.470  -31.283  4.868 0.0000000000
37310  56.237  -31.074  5.236 0.0000000000
37311  55.573  -30.968  5.306 0.0000000000
37315  63.536  -31.552  2.977 0.0000000000
37316  63.202  -31.396  3.191 0.0000000000
37317  62.230  -31.405  3.814 0.0000000000
37318  60.857  -31.527  4.289 0.0000000000
37319  59.505  -31.295  4.168 0.0000000000
37320  58.322  -31.050  4.252 0.0000000000
37321  57.689  -30.847  4.309 0.0000000000
37325  63.593  -31.381  2.637 0.0000000000
37326  63.393  -31.013  2.818 0.0000000000
37330  63.717  -31.530  1.998 0.0000000000
37331  63.481  -31.576  1.348 0.0000000000
37332  62.723  -31.977  0.869 0.0000000000
37333  61.656  -31.981  0.774 0.0000000000
37334  60.674  -31.915  0.754 0.0000000000
37335  51.125  -31.860  1.086 0.0000000000
37336  50.669  -31.823  1.074 0.0000000000
37347  63.079  -31.128  0.701 0.0000000000
37348  62.277  -31.187  0.456 0.0000000000
37349  61.241  -31.244  0.394 0.0000000000
37350  60.055  -31.367  0.392 0.0000000000
37351  59.040  -31.183  0.202 0.0000000000
37352  57.822  -31.073  -0.104 0.0000000000
37353  56.583  -31.464  -0.076 0.0000000000
37354  55.476  -31.627  -0.138 0.0000000000
37355  54.387  -31.667  -0.089 0.0000000000
37356  53.345  -31.679  0.014 0.0000000000
37357  52.340  -31.697  0.200 0.0000000000
37358  51.278  -31.740  0.604 0.0000000000
37359  50.035  -31.682  0.291 0.0000000000
37369  57.341  -30.714  -0.498 0.0000000000
37370  56.835  -30.931  -0.568 0.0000000000
37371  55.861  -31.172  -1.032 0.0000000000
37372  54.665  -31.349  -1.008 0.0000000000
37373  53.521  -31.450  -0.970 0.0000000000
37374  52.424  -31.520  -0.806 0.0000000000
37375  51.365  -31.553  -0.615 0.0000000000
37376  50.283  -31.605  -0.563 0.0000000000
37377  49.213  -31.627  -0.641 0.0000000000
37386  55.554  -30.846  -1.621 0.0000000000
37387  54.970  -30.968  -1.701 0.0000000000
37388  53.765  -30.990  -2.076 0.0000000000
37389  52.518  -31.295  -1.872 0.0000000000
37390  51.436  -31.447  -1.671 0.0000000000
37391  50.405  -31.564  -1.545 0.0000000000
37392  49.380  -31.608  -1.516 0.0000000000
37393  48.366  -31.573  -1.552 0.0000000000
37400  53.348  -30.796  -2.834 0.0000000000
37401  52.515  -31.025  -3.042 0.0000000000
37402  51.442  -31.321  -2.732 0.0000000000
37403  50.454  -31.509  -2.521 0.0000000000
37404  49.480  -31.584  -2.411 0.0000000000
37405  48.513  -31.531  -2.384 0.0000000000
37406  47.530  -31.443  -2.454 0.0000000000
37412  52.044  -31.047  -3.770 0.0000000000
37413  51.287  -31.162  -3.851 0.0000000000
37414  50.410  -31.393  -3.477 0.0000000000
37415  49.503  -31.485  -3.290 0.0000000000
37416  48.597  -31.440  -3.176 0.0000000000
37417  47.726  -31.364  -3.162 0.0000000000
37418  46.735  -31.202  -3.437 0.0000000000
37424  50.710  -31.104  -4.482 0.0000000000
37425  50.253  -31.221  -4.310 0.0000000000
37426  49.454  -31.302  -4.133 0.0000000000
37427  48.589  -31.282  -3.967 0.0000000000
37428  47.768  -31.229  -3.803 0.0000000000
37429  47.247  -31.216  -3.668 0.0000000000
37430  45.286  -31.232  -4.729 0.0000000000
37435  45.357  -31.252  -5.599 0.0000000000
37439  46.283  -31.207  -6.995 0.0000000000
37440  45.577  -31.461  -6.545 0.0000000000
37441  45.018  -31.563  -5.972 0.0000000000
37444  47.306  -31.011  -8.189 0.0000000000
37445  46.578  -31.395  -7.837 0.0000000000
37446  46.067  -31.546  -7.196 0.0000000000
37449  47.597  -31.030  -8.738 0.0000000000
37450  47.166  -31.430  -8.659 0.0000000000
37453  48.563  -30.992  -9.680 0.0000000000
37454  47.944  -31.212  -9.395 0.0000000000
37455  47.484  -31.343  -9.013 0.0000000000
37458  49.460  -31.084  -10.506 0.0000000000
37459  48.925  -31.273  -10.179 0.0000000000
37460  48.418  -31.299  -9.794 0.0000000000
37463  49.721  -31.326  -10.960 0.0000000000
37464  49.355  -31.365  -10.541 0.0000000000
38224  54.102  -31.158  6.442 0.0000000000
38225  53.449  -30.873  6.423 0.0000000000
38233  55.213  -30.937  5.393 0.0000000000
38234  54.449  -30.870  5.699 0.0000000000
38235  53.278  -30.517  5.706 0.0000000000
38242  57.375  -30.779  4.351 0.0000000000
38243  56.758  -30.675  4.490 0.0000000000
38244  55.471  -30.533  4.709 0.0000000000
38245  54.108  -30.399  4.850 0.0000000000
38251  63.206  -30.869  2.931 0.0000000000
38252  62.675  -30.724  3.169 0.0000000000
38253  61.534  -30.634  3.472 0.0000000000
38254  60.231  -30.634  3.571 0.0000000000
38255  58.943  -30.634  3.541 0.0000000000
38256  57.614  -30.381  3.754 0.0000000000
38257  56.376  -30.180  3.981 0.0000000000
38258  55.756  -30.105  4.088 0.0000000000
38261  63.678  -31.093  2.215 0.0000000000
38262  63.271  -30.556  2.343 0.0000000000
38263  62.189  -29.960  2.781 0.0000000000
38264  60.922  -29.834  2.983 0.0000000000
38265  59.650  -29.984  2.968 0.0000000000
38266  58.472  -30.034  3.038 0.0000000000
38267  57.844  -29.960  3.157 0.0000000000
38270  63.666  -31.022  1.804 0.0000000000
38271  63.374  -30.554  1.235 0.0000000000
38274  62.685  -30.312  0.382 0.0000000000
38275  61.818  -30.507  0.051 0.0000000000
38276  60.808  -30.578  -0.013 0.0000000000
38277  59.776  -30.605  -0.117 0.0000000000
38278  58.808  -30.570  -0.221 0.0000000000
38279  58.222  -30.521  -0.358 0.0000000000
38281  62.067  -29.876  -0.065 0.0000000000
38282  61.350  -29.908  -0.249 0.0000000000
38283  60.418  -29.918  -0.387 0.0000000000
38284  59.437  -29.965  -0.499 0.0000000000
38285  58.547  -30.083  -0.548 0.0000000000
38286  57.730  -30.330  -0.603 0.0000000000
38287  57.057  -30.534  -0.839 0.0000000000
38288  56.528  -30.761  -1.103 0.0000000000
38291  57.267  -30.125  -1.036 0.0000000000
38292  56.760  -30.377  -1.325 0.0000000000
38293  56.048  -30.587  -1.622 0.0000000000
38294  55.320  -30.609  -2.078 0.0000000000
38295  54.629  -30.732  -2.348 0.0000000000
38299  57.058  -30.027  -1.442 0.0000000000
38300  56.520  -30.117  -1.782 0.0000000000
38301  55.762  -30.181  -2.400 0.0000000000
38302  55.015  -30.521  -2.898 0.0000000000
38303  53.987  -30.583  -2.994 0.0000000000
38304  53.168  -30.735  -3.329 0.0000000000
38308  56.032  -29.937  -4.237 0.0000000000
38309  55.520  -30.165  -3.687 0.0000000000
38310  54.509  -30.437  -3.804 0.0000000000
38311  53.489  -30.592  -3.914 0.0000000000
38312  52.537  -30.816  -3.968 0.0000000000
38313  51.785  -30.990  -4.243 0.0000000000
38314  46.405  -31.042  -3.936 0.0000000000
38315  46.161  -31.044  -3.807 0.0000000000
38319  56.019  -30.188  -4.803 0.0000000000
38320  54.963  -30.360  -4.690 0.0000000000
38321  53.870  -30.535  -4.724 0.0000000000
38322  52.841  -30.631  -4.772 0.0000000000
38323  51.927  -30.777  -4.837 0.0000000000
38324  51.060  -30.908  -4.802 0.0000000000
38325  50.192  -30.991  -4.977 0.0000000000
38326  49.396  -31.069  -4.923 0.0000000000
38327  48.538  -31.063  -4.783 0.0000000000
38328  47.671  -31.010  -4.575 0.0000000000
38329  46.805  -31.026  -4.233 0.0000000000
38330  46.001  -30.979  -4.225 0.0000000000
38334  56.356  -30.195  -5.841 0.0000000000
38335  55.329  -30.325  -5.661 0.0000000000
38336  54.190  -30.470  -5.629 0.0000000000
38337  53.099  -30.530  -5.638 0.0000000000
38338  52.107  -30.612  -5.657 0.0000000000
38339  51.184  -30.658  -5.662 0.0000000000
38340  50.281  -30.722  -5.682 0.0000000000
38341  49.395  -30.803  -5.693 0.0000000000
38342  48.508  -30.822  -5.613 0.0000000000
38343  47.602  -30.804  -5.458 0.0000000000
38344  46.750  -30.847  -5.207 0.0000000000
38345  45.981  -30.960  -4.974 0.0000000000
38349  58.517  -30.133  -7.864 0.0000000000
38350  57.877  -30.237  -7.440 0.0000000000
38351  56.884  -30.313  -6.861 0.0000000000
38352  55.628  -30.342  -6.700 0.0000000000
38353  54.438  -30.377  -6.619 0.0000000000
38354  53.306  -30.451  -6.583 0.0000000000
38355  52.268  -30.523  -6.564 0.0000000000
38356  51.302  -30.553  -6.548 0.0000000000
38357  50.373  -30.579  -6.536 0.0000000000
38358  49.453  -30.642  -6.526 0.0000000000
38359  48.515  -30.673  -6.488 0.0000000000
38360  47.590  -30.724  -6.367 0.0000000000
38361  46.606  -30.867  -6.219 0.0000000000
38362  45.981  -30.960  -5.749 0.0000000000
38366  58.495  -30.059  -8.495 0.0000000000
38367  57.874  -30.336  -8.298 0.0000000000
38368  57.004  -30.614  -7.995 0.0000000000
38369  55.857  -30.565  -7.782 0.0000000000
38370  54.644  -30.481  -7.680 0.0000000000
38371  53.477  -30.491  -7.596 0.0000000000
38372  52.397  -30.513  -7.529 0.0000000000
38373  51.398  -30.512  -7.478 0.0000000000
38374  50.448  -30.512  -7.435 0.0000000000
38375  49.530  -30.553  -7.394 0.0000000000
38376  48.613  -30.609  -7.360 0.0000000000
38377  47.577  -30.738  -7.369 0.0000000000
38378  46.858  -30.875  -7.002 0.0000000000
38381  58.419  -29.932  -8.882 0.0000000000
38382  57.911  -30.074  -9.085 0.0000000000
38383  57.049  -30.449  -8.954 0.0000000000
38384  56.005  -30.616  -8.876 0.0000000000
38385  54.808  -30.595  -8.795 0.0000000000
38386  53.617  -30.591  -8.663 0.0000000000
38387  52.498  -30.552  -8.546 0.0000000000
38388  51.466  -30.497  -8.446 0.0000000000
38389  50.504  -30.475  -8.357 0.0000000000
38390  49.590  -30.511  -8.277 0.0000000000
38391  48.743  -30.588  -8.180 0.0000000000
38392  47.951  -30.710  -8.127 0.0000000000
38395  57.431  -29.640  -9.419 0.0000000000
38396  56.934  -29.934  -9.527 0.0000000000
38397  56.134  -30.266  -9.648 0.0000000000
38400  52.567  -30.531  -9.602 0.0000000000
38401  51.508  -30.511  -9.443 0.0000000000
38402  50.539  -30.490  -9.287 0.0000000000
38403  49.662  -30.538  -9.133 0.0000000000
38404  48.771  -30.683  -9.051 0.0000000000
38405  48.153  -30.777  -8.740 0.0000000000
38411  51.518  -30.487  -10.493 0.0000000000
38412  50.567  -30.584  -10.211 0.0000000000
38413  49.682  -30.730  -9.988 0.0000000000
38414  49.079  -30.795  -9.650 0.0000000000
38420  49.927  -30.862  -10.623 0.0000000000
39237  55.451  -30.055  4.126 0.0000000000
39238  54.840  -29.946  4.154 0.0000000000
39239  53.719  -29.815  4.250 0.0000000000
39246  57.537  -29.911  3.208 0.0000000000
39247  56.932  -29.794  3.286 0.0000000000
39248  55.743  -29.645  3.587 0.0000000000
39249  54.548  -29.298  3.399 0.0000000000
39250  53.330  -29.271  3.682 0.0000000000
39255  63.111  -30.083  1.601 0.0000000000
39256  62.581  -29.748  1.838 0.0000000000
39257  61.527  -29.514  2.037 0.0000000000
39258  60.307  -29.584  2.131 0.0000000000
39259  59.063  -29.692  2.210 0.0000000000
39260  57.767  -29.626  2.569 0.0000000000
39261  56.566  -29.143  2.561 0.0000000000
39262  55.446  -28.912  2.938 0.0000000000
39263  54.859  -28.822  3.002 0.0000000000
39265  62.794  -29.809  1.036 0.0000000000
39266  61.971  -29.330  1.111 0.0000000000
39267  60.874  -29.284  1.206 0.0000000000
39268  59.711  -29.361  1.311 0.0000000000
39269  58.481  -29.243  1.371 0.0000000000
39270  57.335  -29.103  1.792 0.0000000000
39271  56.767  -28.937  1.940 0.0000000000
39275  62.173  -29.538  0.368 0.0000000000
39276  61.240  -28.980  0.265 0.0000000000
39277  60.214  -28.953  0.546 0.0000000000
39278  59.211  -28.998  0.694 0.0000000000
39279  58.649  -28.987  0.786 0.0000000000
39284  61.636  -29.441  -0.080 0.0000000000
39285  60.899  -29.274  -0.303 0.0000000000
39286  59.968  -29.234  -0.736 0.0000000000
39287  58.982  -29.435  -0.878 0.0000000000
39288  58.086  -29.710  -0.789 0.0000000000
39289  57.622  -29.927  -0.878 0.0000000000
39290  52.360  -29.106  -0.958 0.0000000000
39298  59.457  -29.013  -1.084 0.0000000000
39299  58.942  -28.966  -1.223 0.0000000000
39300  58.276  -29.201  -1.111 0.0000000000
39301  57.455  -29.579  -1.137 0.0000000000
39302  54.937  -29.253  -1.887 0.0000000000
39303  53.876  -29.223  -1.874 0.0000000000
39304  52.840  -29.286  -1.816 0.0000000000
39312  56.911  -29.665  -1.616 0.0000000000
39313  56.265  -29.684  -2.016 0.0000000000
39314  55.434  -29.681  -2.783 0.0000000000
39315  54.317  -29.492  -2.745 0.0000000000
39316  53.239  -29.437  -2.684 0.0000000000
39317  52.225  -29.429  -2.639 0.0000000000
39323  55.945  -29.734  -4.389 0.0000000000
39324  55.539  -29.772  -3.992 0.0000000000
39325  54.627  -29.600  -3.678 0.0000000000
39326  53.563  -29.503  -3.559 0.0000000000
39327  52.525  -29.466  -3.500 0.0000000000
39333  56.131  -29.804  -4.733 0.0000000000
39334  55.602  -29.632  -4.713 0.0000000000
39335  54.775  -29.552  -4.579 0.0000000000
39336  53.788  -29.471  -4.429 0.0000000000
39337  52.776  -29.426  -4.345 0.0000000000
39338  51.787  -29.391  -4.320 0.0000000000
39343  56.373  -29.793  -5.402 0.0000000000
39344  55.800  -29.543  -5.337 0.0000000000
39345  54.864  -29.377  -5.478 0.0000000000
39346  53.916  -29.340  -5.263 0.0000000000
39347  52.980  -29.289  -5.167 0.0000000000
39348  52.041  -29.284  -5.110 0.0000000000
39351  58.516  -29.655  -7.371 0.0000000000
39352  57.824  -29.717  -6.730 0.0000000000
39353  56.874  -29.616  -6.263 0.0000000000
39354  56.116  -29.331  -6.001 0.0000000000
39355  55.377  -29.220  -5.977 0.0000000000
39358  59.019  -29.608  -8.105 0.0000000000
39361  58.593  -29.501  -8.816 0.0000000000
39362  58.300  -29.736  -9.042 0.0000000000
39365  58.449  -29.181  -9.026 0.0000000000
39366  57.938  -29.337  -9.209 0.0000000000
39367  56.774  -29.201  -9.826 0.0000000000
40205  54.569  -28.792  3.028 0.0000000000
40206  54.009  -28.780  3.056 0.0000000000
40218  56.504  -28.824  2.028 0.0000000000
40219  55.972  -28.645  2.183 0.0000000000
40220  54.858  -28.507  2.495 0.0000000000
40221  53.758  -28.401  2.413 0.0000000000
40232  58.360  -28.956  0.852 0.0000000000
40233  57.807  -28.851  1.020 0.0000000000
40234  56.734  -28.628  1.434 0.0000000000
40235  55.625  -28.349  1.470 0.0000000000
40236  54.529  -28.239  1.544 0.0000000000
40237  53.457  -28.327  1.573 0.0000000000
40249  60.819  -28.884  -0.176 0.0000000000
40250  60.433  -28.657  -0.063 0.0000000000
40251  59.580  -28.557  0.120 0.0000000000
40252  58.532  -28.650  0.398 0.0000000000
40253  57.422  -28.494  0.430 0.0000000000
40254  56.338  -28.319  0.525 0.0000000000
40255  55.247  -28.210  0.585 0.0000000000
40256  54.180  -28.352  0.655 0.0000000000
40257  53.138  -28.480  0.707 0.0000000000
40268  60.458  -28.874  -0.432 0.0000000000
40269  59.824  -28.710  -0.502 0.0000000000
40270  58.998  -28.540  -0.381 0.0000000000
40271  58.021  -28.579  -0.354 0.0000000000
40272  56.969  -28.471  -0.373 0.0000000000
40273  55.902  -28.356  -0.345 0.0000000000
40274  54.837  -28.431  -0.281 0.0000000000
40275  53.805  -28.653  -0.187 0.0000000000
40276  52.781  -28.773  -0.138 0.0000000000
40286  59.686  -28.887  -0.844 0.0000000000
40287  59.281  -28.754  -0.862 0.0000000000
40288  58.533  -28.777  -0.884 0.0000000000
40289  57.505  -28.865  -1.147 0.0000000000
40290  56.444  -28.759  -1.107 0.0000000000
40291  55.433  -28.748  -1.125 0.0000000000
40292  54.398  -28.837  -1.085 0.0000000000
40293  53.369  -29.022  -0.998 0.0000000000
40301  57.195  -29.320  -1.439 0.0000000000
40302  56.753  -29.202  -1.610 0.0000000000
40303  55.909  -29.198  -1.788 0.0000000000
40326  53.980  -28.997  -5.932 0.0000000000
40327  53.173  -28.926  -5.888 0.0000000000
40328  52.262  -28.895  -5.822 0.0000000000
40329  51.360  -28.832  -5.708 0.0000000000
40337  58.247  -29.066  -7.057 0.0000000000
40338  57.464  -28.962  -6.795 0.0000000000
40339  56.500  -28.878  -6.658 0.0000000000
40340  55.545  -28.810  -6.590 0.0000000000
40341  54.549  -28.806  -6.451 0.0000000000
40342  53.465  -28.600  -6.590 0.0000000000
40343  52.511  -28.553  -6.576 0.0000000000
40351  58.636  -28.931  -7.762 0.0000000000
40352  57.791  -28.650  -7.626 0.0000000000
40353  56.841  -28.465  -7.465 0.0000000000
40354  55.838  -28.415  -7.366 0.0000000000
40355  54.845  -28.372  -7.302 0.0000000000
40356  53.861  -28.323  -7.307 0.0000000000
40357  52.806  -28.230  -7.451 0.0000000000
40363  58.756  -28.976  -8.542 0.0000000000
40364  58.026  -28.656  -8.450 0.0000000000
40365  57.008  -28.200  -8.459 0.0000000000
40366  56.082  -28.094  -8.208 0.0000000000
40367  55.144  -28.026  -8.114 0.0000000000
40368  54.207  -28.026  -8.052 0.0000000000
40369  53.400  -28.021  -7.993 0.0000000000
40371  58.657  -29.088  -8.888 0.0000000000
40372  58.254  -28.897  -8.943 0.0000000000
40373  57.230  -28.502  -9.297 0.0000000000
40376  56.315  -28.362  -10.053 0.0000000000
41307  56.183  -27.658  -8.820 0.0000000000
41319  56.402  -27.781  -9.345 0.0000000000
41327  56.392  -28.004  -9.730 0.0000000000
