#!ascii label  , from subject cvs_avg35_inMNI152 vox2ras=TkReg
411
46606  65.136  -22.108  -18.975 0.0000000000
47679  66.963  -21.553  -18.774 0.0000000000
47680  65.933  -21.362  -19.062 0.0000000000
47681  64.892  -21.232  -19.529 0.0000000000
47682  63.973  -21.359  -19.897 0.0000000000
47699  68.326  -21.820  -20.034 0.0000000000
47700  64.416  -20.680  -20.011 0.0000000000
47701  63.563  -20.945  -20.458 0.0000000000
47724  68.038  -21.754  -21.072 0.0000000000
47725  67.425  -21.740  -21.804 0.0000000000
47726  62.977  -20.785  -20.951 0.0000000000
47750  66.840  -21.635  -22.564 0.0000000000
48763  67.737  -21.019  -19.368 0.0000000000
48764  66.740  -20.660  -19.238 0.0000000000
48765  65.809  -20.503  -19.554 0.0000000000
48766  65.114  -20.469  -19.783 0.0000000000
48778  67.799  -20.869  -20.417 0.0000000000
48779  67.205  -20.588  -20.831 0.0000000000
48780  65.528  -20.039  -19.866 0.0000000000
48781  64.923  -19.977  -20.102 0.0000000000
48782  64.168  -20.149  -20.469 0.0000000000
48795  67.484  -21.130  -21.154 0.0000000000
48796  66.826  -20.785  -21.616 0.0000000000
48797  63.527  -20.201  -20.862 0.0000000000
48798  62.788  -20.150  -21.229 0.0000000000
48824  66.346  -20.635  -22.730 0.0000000000
48825  65.894  -20.268  -23.241 0.0000000000
49772  67.296  -20.237  -19.880 0.0000000000
49773  66.444  -19.967  -19.797 0.0000000000
49774  65.910  -19.942  -19.806 0.0000000000
49781  67.276  -20.347  -20.434 0.0000000000
49782  66.711  -19.708  -20.759 0.0000000000
49783  65.748  -19.425  -20.289 0.0000000000
49784  64.591  -19.302  -20.629 0.0000000000
49785  63.992  -19.750  -20.777 0.0000000000
49791  66.304  -19.645  -21.944 0.0000000000
49792  64.306  -18.893  -20.930 0.0000000000
49793  63.645  -19.287  -21.091 0.0000000000
49794  62.457  -19.290  -21.489 0.0000000000
49812  65.899  -19.632  -22.790 0.0000000000
49813  65.369  -19.792  -23.295 0.0000000000
49814  65.073  -19.739  -23.510 0.0000000000
50844  66.579  -17.652  -21.480 0.0000000000
50845  66.257  -18.272  -20.856 0.0000000000
50846  65.226  -18.317  -20.821 0.0000000000
50847  64.629  -18.690  -20.854 0.0000000000
50855  66.653  -17.720  -21.794 0.0000000000
50856  66.451  -18.352  -21.708 0.0000000000
50857  64.905  -17.808  -21.053 0.0000000000
50858  64.284  -18.248  -21.139 0.0000000000
50859  63.086  -18.317  -21.428 0.0000000000
50860  62.061  -18.384  -21.700 0.0000000000
50861  61.301  -18.252  -21.911 0.0000000000
50871  66.057  -18.678  -22.486 0.0000000000
50872  65.344  -18.779  -23.110 0.0000000000
50873  64.997  -19.370  -23.415 0.0000000000
50874  60.535  -18.135  -22.071 0.0000000000
50892  65.035  -18.304  -23.481 0.0000000000
50893  64.632  -18.765  -23.710 0.0000000000
50967  64.705  -18.390  -29.458 0.0000000000
50987  65.852  -18.508  -30.078 0.0000000000
50988  65.239  -18.667  -30.079 0.0000000000
51014  65.977  -18.492  -30.369 0.0000000000
51015  65.748  -18.584  -31.088 0.0000000000
51032  65.199  -18.635  -32.091 0.0000000000
51033  64.612  -18.224  -33.000 0.0000000000
51034  63.367  -18.159  -33.262 0.0000000000
51035  61.919  -18.085  -32.823 0.0000000000
52176  66.629  -17.093  -21.580 0.0000000000
52177  66.301  -17.362  -21.240 0.0000000000
52178  65.831  -17.528  -20.996 0.0000000000
52199  66.845  -17.246  -22.054 0.0000000000
52200  66.644  -17.723  -22.044 0.0000000000
52201  65.340  -17.436  -21.133 0.0000000000
52202  64.653  -17.274  -21.348 0.0000000000
52203  63.627  -17.332  -21.533 0.0000000000
52204  62.434  -17.360  -21.785 0.0000000000
52205  61.768  -17.794  -21.849 0.0000000000
52214  66.836  -17.098  -22.556 0.0000000000
52215  66.375  -17.575  -22.660 0.0000000000
52216  65.830  -18.173  -22.926 0.0000000000
52217  62.048  -16.693  -22.055 0.0000000000
52218  61.244  -17.221  -22.050 0.0000000000
52219  59.963  -17.287  -22.214 0.0000000000
52220  58.911  -17.453  -22.351 0.0000000000
52234  66.079  -17.266  -23.298 0.0000000000
52235  65.412  -17.706  -23.504 0.0000000000
52236  64.829  -18.100  -23.725 0.0000000000
52249  65.080  -17.439  -24.141 0.0000000000
52250  64.404  -17.795  -24.355 0.0000000000
52290  64.582  -17.029  -27.934 0.0000000000
52291  63.674  -17.179  -27.824 0.0000000000
52304  65.700  -17.212  -28.510 0.0000000000
52305  65.185  -17.383  -28.581 0.0000000000
52306  64.332  -17.574  -28.561 0.0000000000
52318  65.878  -17.562  -28.947 0.0000000000
52319  65.182  -18.043  -29.291 0.0000000000
52320  64.188  -18.116  -29.073 0.0000000000
52328  66.080  -18.140  -29.806 0.0000000000
52329  65.577  -18.346  -29.718 0.0000000000
52347  66.085  -17.869  -30.817 0.0000000000
52348  65.491  -17.660  -31.801 0.0000000000
52349  64.747  -17.125  -32.434 0.0000000000
52350  62.316  -17.085  -32.380 0.0000000000
52374  64.907  -17.776  -32.532 0.0000000000
52375  63.919  -17.352  -32.812 0.0000000000
52376  62.626  -17.303  -32.643 0.0000000000
52377  62.082  -17.562  -32.618 0.0000000000
53562  66.418  -16.832  -21.494 0.0000000000
53563  66.029  -16.936  -21.270 0.0000000000
53564  65.702  -17.120  -21.206 0.0000000000
53588  66.859  -16.423  -21.891 0.0000000000
53589  66.269  -16.313  -21.599 0.0000000000
53590  65.441  -16.548  -21.504 0.0000000000
53591  64.188  -16.261  -21.828 0.0000000000
53592  63.103  -16.585  -21.900 0.0000000000
53593  62.519  -16.672  -21.982 0.0000000000
53616  67.019  -16.495  -22.748 0.0000000000
53617  66.767  -16.982  -22.855 0.0000000000
53618  63.881  -15.686  -22.133 0.0000000000
53619  63.355  -15.855  -22.144 0.0000000000
53620  62.475  -16.107  -22.169 0.0000000000
53621  61.537  -16.204  -22.323 0.0000000000
53622  60.366  -16.297  -22.560 0.0000000000
53623  59.214  -16.664  -22.606 0.0000000000
53641  67.026  -16.273  -23.336 0.0000000000
53642  66.478  -16.657  -23.485 0.0000000000
53643  65.864  -17.106  -23.586 0.0000000000
53644  60.025  -15.908  -23.069 0.0000000000
53645  59.462  -16.159  -23.065 0.0000000000
53656  66.176  -16.213  -24.733 0.0000000000
53657  65.506  -16.950  -24.256 0.0000000000
53658  64.974  -17.336  -24.456 0.0000000000
53675  66.242  -16.142  -25.920 0.0000000000
53676  65.488  -16.566  -25.437 0.0000000000
53677  64.833  -17.112  -25.019 0.0000000000
53696  66.400  -16.265  -26.987 0.0000000000
53697  65.607  -16.469  -26.561 0.0000000000
53698  64.557  -16.761  -26.141 0.0000000000
53713  66.371  -16.319  -27.784 0.0000000000
53714  65.864  -16.612  -27.536 0.0000000000
53715  64.992  -16.632  -27.266 0.0000000000
53716  64.083  -16.797  -27.108 0.0000000000
53726  66.459  -16.164  -28.203 0.0000000000
53727  66.171  -16.775  -28.479 0.0000000000
53728  65.416  -16.923  -28.083 0.0000000000
53743  66.234  -17.109  -29.399 0.0000000000
53759  66.182  -17.103  -30.293 0.0000000000
53769  65.919  -16.869  -31.253 0.0000000000
53770  65.164  -16.550  -32.039 0.0000000000
53771  63.947  -16.447  -32.409 0.0000000000
53797  63.142  -16.901  -32.545 0.0000000000
53798  62.767  -16.931  -32.457 0.0000000000
54983  66.682  -15.560  -21.919 0.0000000000
54984  65.959  -15.591  -21.799 0.0000000000
54985  65.083  -15.393  -21.962 0.0000000000
54986  64.275  -15.471  -22.122 0.0000000000
55002  67.198  -15.480  -22.550 0.0000000000
55003  64.493  -14.910  -22.309 0.0000000000
55004  63.684  -15.183  -22.345 0.0000000000
55005  62.789  -15.392  -22.430 0.0000000000
55006  61.979  -15.554  -22.508 0.0000000000
55007  61.125  -15.587  -22.885 0.0000000000
55008  60.447  -15.802  -22.945 0.0000000000
55029  67.192  -15.689  -23.524 0.0000000000
55030  66.959  -16.136  -23.622 0.0000000000
55031  61.036  -15.310  -23.724 0.0000000000
55032  60.332  -15.663  -23.526 0.0000000000
55033  59.613  -15.953  -23.569 0.0000000000
55054  67.145  -15.388  -24.655 0.0000000000
55055  66.799  -15.913  -24.189 0.0000000000
55056  61.048  -15.262  -24.537 0.0000000000
55057  60.428  -15.472  -24.396 0.0000000000
55081  67.208  -15.261  -25.777 0.0000000000
55082  66.759  -15.736  -25.288 0.0000000000
55083  61.048  -15.250  -24.931 0.0000000000
55084  60.669  -15.315  -25.030 0.0000000000
55099  67.236  -15.185  -26.864 0.0000000000
55100  66.862  -15.753  -26.428 0.0000000000
55119  67.062  -15.095  -27.440 0.0000000000
55120  66.788  -15.626  -27.649 0.0000000000
55134  66.317  -15.804  -28.849 0.0000000000
55135  66.241  -16.516  -29.120 0.0000000000
55151  66.185  -15.610  -29.598 0.0000000000
55152  66.189  -16.283  -29.718 0.0000000000
55170  66.066  -16.135  -30.621 0.0000000000
55184  65.558  -15.831  -31.401 0.0000000000
55185  64.661  -15.543  -32.004 0.0000000000
55186  63.434  -15.492  -31.849 0.0000000000
56174  66.901  -14.895  -22.280 0.0000000000
56175  66.278  -14.867  -22.079 0.0000000000
56176  65.711  -14.967  -22.004 0.0000000000
56184  67.418  -14.323  -23.211 0.0000000000
56185  67.228  -14.507  -22.773 0.0000000000
56186  66.587  -14.325  -22.537 0.0000000000
56187  65.392  -14.274  -22.585 0.0000000000
56188  64.008  -14.473  -22.780 0.0000000000
56189  63.024  -14.774  -22.785 0.0000000000
56190  62.237  -15.047  -22.770 0.0000000000
56191  61.756  -15.287  -22.810 0.0000000000
56202  67.361  -14.478  -23.731 0.0000000000
56203  67.539  -15.086  -23.139 0.0000000000
56204  65.171  -13.781  -23.352 0.0000000000
56205  64.328  -13.920  -23.677 0.0000000000
56206  63.227  -14.414  -23.519 0.0000000000
56207  62.357  -14.763  -23.383 0.0000000000
56208  61.674  -15.091  -23.208 0.0000000000
56220  67.287  -14.451  -24.553 0.0000000000
56221  67.383  -14.998  -24.101 0.0000000000
56222  63.939  -13.978  -24.786 0.0000000000
56223  63.304  -14.268  -24.476 0.0000000000
56224  62.428  -14.683  -24.317 0.0000000000
56225  61.672  -15.047  -24.028 0.0000000000
56248  67.274  -14.293  -25.460 0.0000000000
56249  67.355  -14.829  -25.124 0.0000000000
56250  63.738  -13.989  -25.309 0.0000000000
56251  63.339  -14.153  -25.238 0.0000000000
56252  62.485  -14.325  -25.428 0.0000000000
56253  61.353  -14.985  -25.198 0.0000000000
56266  67.265  -14.175  -25.979 0.0000000000
56267  67.327  -14.510  -26.237 0.0000000000
56268  62.075  -13.923  -26.025 0.0000000000
56269  61.477  -14.159  -26.022 0.0000000000
56283  67.163  -14.503  -27.493 0.0000000000
56284  66.928  -14.982  -27.727 0.0000000000
56298  67.024  -14.188  -28.135 0.0000000000
56299  66.758  -14.677  -28.398 0.0000000000
56309  66.220  -14.773  -29.735 0.0000000000
56310  66.084  -15.584  -30.087 0.0000000000
56324  66.050  -14.427  -30.550 0.0000000000
56325  65.945  -15.123  -30.745 0.0000000000
56346  65.224  -14.838  -31.378 0.0000000000
56347  64.253  -14.578  -31.678 0.0000000000
57303  67.424  -14.086  -23.284 0.0000000000
57304  67.310  -14.057  -23.075 0.0000000000
57305  66.926  -13.943  -22.962 0.0000000000
57306  66.310  -13.858  -22.948 0.0000000000
57312  67.233  -14.144  -23.454 0.0000000000
57313  66.975  -13.942  -23.407 0.0000000000
57314  66.472  -13.831  -23.539 0.0000000000
57315  65.745  -13.667  -23.516 0.0000000000
57316  65.122  -13.717  -23.895 0.0000000000
57327  67.153  -14.157  -24.105 0.0000000000
57328  65.938  -13.740  -24.264 0.0000000000
57329  65.438  -13.682  -24.490 0.0000000000
57330  64.716  -13.795  -24.608 0.0000000000
57353  67.136  -13.983  -24.964 0.0000000000
57354  65.775  -13.480  -25.416 0.0000000000
57355  65.059  -13.606  -25.410 0.0000000000
57356  64.189  -13.793  -25.494 0.0000000000
57357  63.443  -13.895  -25.715 0.0000000000
57358  62.996  -14.051  -25.660 0.0000000000
57378  67.175  -13.823  -25.933 0.0000000000
57379  67.278  -14.050  -26.262 0.0000000000
57380  65.818  -13.121  -26.092 0.0000000000
57381  65.347  -13.176  -26.104 0.0000000000
57382  64.557  -13.311  -26.197 0.0000000000
57383  63.660  -13.446  -26.264 0.0000000000
57384  62.677  -13.644  -26.177 0.0000000000
57385  61.675  -13.502  -26.423 0.0000000000
57386  60.737  -13.544  -26.555 0.0000000000
57397  67.160  -13.413  -26.395 0.0000000000
57398  67.312  -13.686  -26.862 0.0000000000
57411  67.239  -13.594  -28.147 0.0000000000
57412  66.983  -14.008  -28.481 0.0000000000
57421  67.304  -13.128  -28.778 0.0000000000
57422  66.875  -13.595  -29.194 0.0000000000
57432  66.165  -13.531  -30.627 0.0000000000
57433  65.772  -14.309  -31.021 0.0000000000
57450  65.762  -12.941  -31.358 0.0000000000
57451  65.152  -13.634  -31.519 0.0000000000
57452  63.856  -13.584  -31.583 0.0000000000
58408  66.923  -13.814  -23.927 0.0000000000
58409  66.720  -13.949  -23.907 0.0000000000
58410  66.415  -13.869  -24.106 0.0000000000
58417  66.910  -13.978  -24.356 0.0000000000
58418  66.629  -13.934  -24.484 0.0000000000
58419  66.338  -13.834  -24.608 0.0000000000
58436  66.865  -13.885  -24.981 0.0000000000
58437  66.561  -13.789  -25.106 0.0000000000
58438  66.237  -13.623  -25.244 0.0000000000
58461  66.849  -13.734  -25.487 0.0000000000
58462  66.625  -13.438  -25.820 0.0000000000
58463  66.247  -13.095  -26.151 0.0000000000
58464  65.713  -12.750  -26.553 0.0000000000
58465  64.954  -12.758  -26.763 0.0000000000
58466  64.036  -12.850  -26.889 0.0000000000
58467  63.046  -12.844  -26.805 0.0000000000
58468  62.049  -12.844  -26.801 0.0000000000
58469  61.091  -12.833  -26.858 0.0000000000
58470  60.247  -12.866  -26.939 0.0000000000
58491  66.970  -13.409  -26.051 0.0000000000
58492  67.068  -12.844  -26.668 0.0000000000
58493  66.297  -12.419  -26.967 0.0000000000
58494  65.492  -12.253  -27.234 0.0000000000
58495  64.545  -12.215  -27.429 0.0000000000
58496  63.487  -12.144  -27.402 0.0000000000
58497  62.443  -12.072  -27.230 0.0000000000
58498  61.438  -12.072  -27.177 0.0000000000
58499  60.477  -12.137  -27.215 0.0000000000
58513  67.422  -12.904  -27.600 0.0000000000
58516  67.457  -12.733  -28.420 0.0000000000
58517  67.231  -12.572  -29.133 0.0000000000
58525  66.713  -12.454  -30.020 0.0000000000
58535  66.085  -12.061  -31.243 0.0000000000
58536  65.247  -12.485  -31.677 0.0000000000
58537  64.372  -12.714  -31.832 0.0000000000
58538  63.384  -12.667  -31.775 0.0000000000
58560  65.339  -11.712  -31.939 0.0000000000
58561  64.689  -11.912  -32.154 0.0000000000
58562  63.884  -11.991  -32.254 0.0000000000
59663  67.300  -12.456  -27.422 0.0000000000
59664  66.916  -12.103  -27.445 0.0000000000
59665  66.160  -11.822  -27.672 0.0000000000
59666  65.234  -11.608  -27.830 0.0000000000
59667  64.086  -11.359  -27.991 0.0000000000
59668  62.895  -11.243  -27.675 0.0000000000
59669  61.832  -11.231  -27.497 0.0000000000
59670  60.820  -11.262  -27.435 0.0000000000
59671  59.840  -11.334  -27.387 0.0000000000
59697  67.476  -12.179  -27.943 0.0000000000
59698  66.870  -11.709  -28.228 0.0000000000
59699  66.025  -11.268  -28.454 0.0000000000
59700  65.032  -10.963  -28.374 0.0000000000
59701  64.249  -10.709  -28.562 0.0000000000
59704  67.417  -12.031  -28.662 0.0000000000
59705  66.855  -11.534  -29.262 0.0000000000
59706  66.128  -10.972  -29.186 0.0000000000
59708  66.462  -11.430  -30.342 0.0000000000
59717  66.175  -11.032  -31.110 0.0000000000
59729  65.693  -10.880  -32.009 0.0000000000
59730  65.083  -11.264  -32.591 0.0000000000
59731  64.347  -11.387  -32.833 0.0000000000
59732  63.522  -11.449  -32.946 0.0000000000
59757  65.316  -10.639  -32.813 0.0000000000
59758  64.769  -10.632  -33.304 0.0000000000
59759  64.001  -10.703  -33.516 0.0000000000
59779  64.578  -10.227  -33.661 0.0000000000
59780  64.385  -10.369  -33.597 0.0000000000
60757  63.312  -10.282  -28.277 0.0000000000
60758  62.257  -10.323  -27.730 0.0000000000
60759  61.217  -10.304  -27.517 0.0000000000
60760  60.205  -10.361  -27.375 0.0000000000
60761  59.242  -10.457  -27.319 0.0000000000
60794  65.565  -10.820  -28.909 0.0000000000
60795  64.880  -10.529  -29.017 0.0000000000
60796  64.089  -10.132  -28.989 0.0000000000
60803  66.296  -10.969  -29.765 0.0000000000
60804  65.615  -10.530  -29.620 0.0000000000
60805  64.779  -9.897  -29.650 0.0000000000
60806  64.111  -9.695  -29.348 0.0000000000
60808  66.071  -10.641  -30.419 0.0000000000
60809  65.445  -9.935  -30.465 0.0000000000
60810  65.022  -9.628  -30.141 0.0000000000
60813  65.913  -10.311  -31.234 0.0000000000
60814  65.580  -9.793  -31.307 0.0000000000
60821  65.694  -10.024  -31.928 0.0000000000
60822  65.523  -9.585  -31.848 0.0000000000
60837  65.633  -10.063  -32.718 0.0000000000
60838  65.317  -10.263  -33.262 0.0000000000
60839  63.953  -10.356  -33.791 0.0000000000
60865  65.499  -9.749  -33.428 0.0000000000
60866  64.996  -9.947  -33.795 0.0000000000
61765  60.255  -8.792  -26.949 0.0000000000
61766  59.869  -8.857  -26.946 0.0000000000
61767  59.069  -8.959  -26.954 0.0000000000
61768  58.402  -9.044  -26.959 0.0000000000
61779  63.081  -9.412  -28.307 0.0000000000
61780  62.622  -9.419  -27.880 0.0000000000
61781  61.701  -9.402  -27.518 0.0000000000
61782  60.591  -9.194  -27.161 0.0000000000
61783  59.601  -9.579  -27.154 0.0000000000
61784  58.722  -9.654  -27.096 0.0000000000
61815  63.487  -9.432  -28.954 0.0000000000
61835  64.789  -9.464  -29.983 0.0000000000
61836  64.256  -9.205  -29.740 0.0000000000
61838  65.314  -9.609  -30.944 0.0000000000
61839  64.901  -9.272  -30.574 0.0000000000
61840  64.518  -8.753  -30.197 0.0000000000
61843  65.293  -9.383  -31.397 0.0000000000
61844  65.050  -8.835  -31.428 0.0000000000
61846  65.605  -9.586  -32.353 0.0000000000
61847  65.439  -9.029  -32.175 0.0000000000
61848  65.269  -8.548  -31.924 0.0000000000
61857  65.751  -9.166  -33.093 0.0000000000
61858  65.800  -8.640  -32.753 0.0000000000
62834  61.888  -8.001  -26.871 0.0000000000
62835  61.135  -8.058  -26.792 0.0000000000
62836  60.334  -8.343  -26.813 0.0000000000
62837  59.439  -8.297  -26.870 0.0000000000
62838  58.493  -8.366  -27.158 0.0000000000
62849  63.136  -8.493  -28.107 0.0000000000
62850  62.221  -8.597  -27.440 0.0000000000
62851  61.393  -8.626  -27.115 0.0000000000
62852  60.858  -8.550  -26.928 0.0000000000
62876  63.656  -8.480  -29.211 0.0000000000
62904  64.200  -8.479  -29.841 0.0000000000
62916  64.682  -8.362  -30.733 0.0000000000
62917  64.462  -8.431  -30.202 0.0000000000
62920  65.102  -8.270  -31.553 0.0000000000
62923  65.303  -8.268  -31.959 0.0000000000
63938  62.140  -7.406  -26.832 0.0000000000
63939  61.568  -7.419  -26.824 0.0000000000
63940  60.759  -7.412  -26.985 0.0000000000
63941  59.876  -7.684  -27.063 0.0000000000
63942  59.178  -7.836  -27.186 0.0000000000
63952  62.570  -7.663  -27.287 0.0000000000
63973  63.749  -7.440  -28.667 0.0000000000
63999  64.064  -7.845  -29.589 0.0000000000
64014  64.519  -7.515  -30.267 0.0000000000
64015  64.363  -8.127  -30.126 0.0000000000
