#!ascii label  , from subject cvs_avg35_inMNI152 vox2ras=TkReg
494
64619  15.782  -6.175  26.609 0.0000000000
65905  15.050  -5.605  27.208 0.0000000000
65914  15.885  -5.967  26.277 0.0000000000
65915  15.579  -5.563  26.442 0.0000000000
65922  16.077  -5.568  25.658 0.0000000000
65923  15.753  -5.248  25.968 0.0000000000
65931  16.813  -5.648  24.371 0.0000000000
65932  16.543  -5.802  24.913 0.0000000000
67043  13.558  -4.326  28.358 0.0000000000
67044  12.780  -3.732  28.870 0.0000000000
67047  14.703  -5.085  27.289 0.0000000000
67048  14.342  -4.421  27.514 0.0000000000
67049  13.908  -3.580  27.803 0.0000000000
67056  15.001  -4.707  26.739 0.0000000000
67057  14.688  -3.841  26.792 0.0000000000
67064  16.012  -4.796  25.235 0.0000000000
67065  15.600  -4.625  25.806 0.0000000000
67072  16.720  -5.215  24.304 0.0000000000
67073  16.449  -4.915  24.572 0.0000000000
67082  16.855  -5.122  23.966 0.0000000000
67083  16.592  -4.372  23.591 0.0000000000
67089  17.081  -4.979  23.162 0.0000000000
67090  16.682  -4.179  22.636 0.0000000000
67098  17.142  -4.953  22.215 0.0000000000
67099  16.740  -4.172  21.661 0.0000000000
67108  16.784  -4.222  20.723 0.0000000000
68137  7.406  -3.549  34.175 0.0000000000
68143  6.727  -3.544  33.613 0.0000000000
68176  12.125  -3.081  29.187 0.0000000000
68188  13.398  -3.003  28.228 0.0000000000
68189  12.740  -2.831  28.777 0.0000000000
68192  14.299  -3.116  27.180 0.0000000000
68193  13.897  -3.003  27.703 0.0000000000
68197  15.060  -3.800  26.155 0.0000000000
68198  14.675  -3.157  26.355 0.0000000000
68202  15.829  -4.134  24.855 0.0000000000
68203  15.255  -3.303  25.275 0.0000000000
68204  14.906  -3.246  25.856 0.0000000000
68207  16.080  -3.881  24.013 0.0000000000
68208  15.647  -3.262  24.278 0.0000000000
68215  16.143  -3.341  23.130 0.0000000000
68216  15.867  -3.256  23.702 0.0000000000
68225  16.303  -3.345  22.081 0.0000000000
68236  16.482  -3.344  21.096 0.0000000000
68246  16.565  -3.419  20.155 0.0000000000
69199  8.746  -1.615  36.398 0.0000000000
69206  8.379  -2.577  35.203 0.0000000000
69212  7.849  -2.599  34.438 0.0000000000
69213  7.165  -2.575  33.906 0.0000000000
69221  6.646  -2.589  33.026 0.0000000000
69222  6.321  -3.226  32.717 0.0000000000
69229  6.878  -2.409  32.186 0.0000000000
69230  6.368  -2.991  32.322 0.0000000000
69236  7.086  -2.822  31.482 0.0000000000
69237  6.561  -2.855  31.867 0.0000000000
69244  9.291  -2.306  30.256 0.0000000000
69245  8.383  -2.668  30.656 0.0000000000
69246  7.736  -2.980  30.993 0.0000000000
69256  12.289  -2.077  28.840 0.0000000000
69257  11.539  -2.296  29.315 0.0000000000
69258  10.766  -2.448  29.651 0.0000000000
69259  10.067  -2.582  29.854 0.0000000000
69268  13.188  -1.996  27.973 0.0000000000
69269  12.875  -2.265  28.425 0.0000000000
69272  14.180  -2.446  27.039 0.0000000000
69273  13.815  -2.317  27.468 0.0000000000
69277  14.341  -2.249  26.449 0.0000000000
69278  14.067  -2.137  26.953 0.0000000000
69284  14.871  -2.293  25.063 0.0000000000
69285  14.738  -2.660  25.709 0.0000000000
69293  15.242  -2.464  24.434 0.0000000000
69303  15.963  -2.757  23.049 0.0000000000
69304  15.698  -2.511  23.447 0.0000000000
69314  15.986  -2.458  22.570 0.0000000000
69315  15.805  -2.002  22.932 0.0000000000
69328  16.207  -2.454  21.509 0.0000000000
69341  16.413  -2.459  20.533 0.0000000000
69353  16.494  -2.568  19.579 0.0000000000
70213  8.895  -1.059  36.018 0.0000000000
70214  8.730  -1.708  36.051 0.0000000000
70220  8.773  -0.864  35.333 0.0000000000
70221  8.622  -1.672  35.571 0.0000000000
70227  8.643  -0.689  34.955 0.0000000000
70228  8.231  -1.320  34.604 0.0000000000
70229  7.621  -1.958  34.163 0.0000000000
70237  7.977  -0.830  33.952 0.0000000000
70238  7.493  -1.410  33.580 0.0000000000
70245  7.278  -1.484  32.530 0.0000000000
70251  7.442  -1.739  31.730 0.0000000000
70258  9.302  -1.081  30.455 0.0000000000
70259  8.512  -1.610  30.745 0.0000000000
70260  7.785  -2.145  31.094 0.0000000000
70268  12.219  -1.424  28.690 0.0000000000
70269  11.648  -1.240  28.998 0.0000000000
70270  10.982  -1.646  29.455 0.0000000000
70271  10.152  -1.572  29.880 0.0000000000
70280  13.067  -1.583  27.930 0.0000000000
70281  12.724  -1.359  28.224 0.0000000000
70282  12.164  -0.983  28.607 0.0000000000
70289  13.294  -1.349  27.593 0.0000000000
70290  12.988  -0.909  27.824 0.0000000000
70299  14.120  -1.363  26.091 0.0000000000
70300  13.856  -1.525  26.824 0.0000000000
70311  14.729  -1.898  25.015 0.0000000000
70312  14.540  -1.631  25.352 0.0000000000
70326  14.860  -1.739  24.685 0.0000000000
70327  14.707  -1.227  24.802 0.0000000000
70339  15.228  -1.636  23.929 0.0000000000
70349  15.844  -1.667  22.578 0.0000000000
70350  15.576  -1.401  23.114 0.0000000000
70359  16.023  -1.597  21.914 0.0000000000
70369  16.291  -1.509  20.990 0.0000000000
70379  16.495  -1.492  19.972 0.0000000000
71249  9.900  0.102  36.221 0.0000000000
71250  9.276  -0.374  36.416 0.0000000000
71256  10.010  0.152  35.767 0.0000000000
71257  9.444  -0.228  35.623 0.0000000000
71263  8.970  -0.309  35.113 0.0000000000
71264  8.672  -0.296  34.707 0.0000000000
71271  8.271  -0.291  34.180 0.0000000000
71272  7.885  -0.280  33.573 0.0000000000
71278  7.630  -0.412  32.815 0.0000000000
71285  8.311  -0.129  31.452 0.0000000000
71286  7.813  -0.409  31.771 0.0000000000
71297  9.300  -0.314  30.559 0.0000000000
71298  8.642  -0.376  31.039 0.0000000000
71299  7.892  -1.196  31.168 0.0000000000
71311  11.424  -0.439  29.080 0.0000000000
71312  10.818  -0.620  29.453 0.0000000000
71313  9.853  -0.299  30.060 0.0000000000
71328  12.395  -0.525  28.395 0.0000000000
71329  11.933  -0.295  28.822 0.0000000000
71345  13.161  -0.547  27.542 0.0000000000
71346  12.813  -0.326  27.961 0.0000000000
71362  13.781  -0.752  26.269 0.0000000000
71363  13.507  -0.464  26.934 0.0000000000
71378  14.110  -0.633  25.610 0.0000000000
71389  14.922  -0.961  24.352 0.0000000000
71390  14.574  -0.564  24.885 0.0000000000
71399  15.308  -0.689  23.687 0.0000000000
71409  15.804  -0.885  22.387 0.0000000000
71410  15.644  -0.379  23.002 0.0000000000
71420  16.162  -0.606  21.556 0.0000000000
71430  16.447  -0.470  20.558 0.0000000000
72389  10.113  0.728  36.764 0.0000000000
72396  10.439  0.632  35.876 0.0000000000
72397  10.016  0.285  35.402 0.0000000000
72404  10.353  0.780  35.109 0.0000000000
72405  9.509  0.348  34.752 0.0000000000
72406  8.784  0.237  34.334 0.0000000000
72413  9.161  0.703  34.158 0.0000000000
72414  8.575  0.520  33.714 0.0000000000
72415  7.977  0.498  33.070 0.0000000000
72423  8.496  0.759  32.068 0.0000000000
72424  7.975  0.406  32.371 0.0000000000
72432  8.571  0.372  31.549 0.0000000000
72433  8.133  0.310  31.906 0.0000000000
72443  9.348  0.501  30.531 0.0000000000
72444  8.898  0.437  31.044 0.0000000000
72454  12.085  0.982  28.964 0.0000000000
72455  11.379  0.426  29.190 0.0000000000
72456  10.412  0.473  29.698 0.0000000000
72457  9.831  0.519  30.031 0.0000000000
72468  13.049  1.010  28.044 0.0000000000
72469  12.465  0.395  28.459 0.0000000000
72470  11.995  0.362  28.907 0.0000000000
72480  13.272  0.364  27.443 0.0000000000
72481  12.891  0.358  27.975 0.0000000000
72488  13.883  0.329  26.176 0.0000000000
72489  13.569  0.288  26.839 0.0000000000
72499  14.940  0.758  25.043 0.0000000000
72500  14.375  0.214  25.304 0.0000000000
72510  15.128  0.107  24.333 0.0000000000
72511  14.688  0.162  24.826 0.0000000000
72521  15.813  0.787  23.231 0.0000000000
72522  15.561  0.133  23.531 0.0000000000
72532  16.006  0.332  22.367 0.0000000000
72533  15.730  0.224  23.015 0.0000000000
72543  16.402  0.476  21.226 0.0000000000
73539  11.047  2.161  36.295 0.0000000000
73540  10.704  1.378  36.443 0.0000000000
73546  11.090  2.375  35.847 0.0000000000
73547  10.847  1.714  35.476 0.0000000000
73554  10.194  1.430  34.421 0.0000000000
73555  9.591  0.955  34.245 0.0000000000
73562  10.017  1.879  33.901 0.0000000000
73563  9.458  1.429  33.736 0.0000000000
73564  8.763  1.257  32.941 0.0000000000
73565  8.274  0.750  32.707 0.0000000000
73576  8.712  1.518  32.272 0.0000000000
73577  8.453  0.900  32.475 0.0000000000
73585  8.743  1.481  31.658 0.0000000000
73594  9.384  1.367  30.441 0.0000000000
73595  8.972  1.290  30.935 0.0000000000
73603  12.142  1.636  28.992 0.0000000000
73604  11.630  1.542  29.199 0.0000000000
73605  10.792  1.428  29.532 0.0000000000
73606  9.855  1.391  29.966 0.0000000000
73614  13.232  1.691  28.180 0.0000000000
73615  12.661  1.625  28.631 0.0000000000
73622  14.245  1.900  27.159 0.0000000000
73623  13.756  1.648  27.542 0.0000000000
73632  15.191  1.919  26.270 0.0000000000
73633  14.549  1.670  26.589 0.0000000000
73634  13.755  0.889  26.884 0.0000000000
73646  15.835  2.107  25.313 0.0000000000
73647  15.450  1.755  25.653 0.0000000000
73648  14.603  0.983  25.715 0.0000000000
73657  15.930  1.962  24.883 0.0000000000
73658  15.520  1.172  24.605 0.0000000000
73667  16.079  1.595  23.894 0.0000000000
73668  15.609  0.771  23.906 0.0000000000
73676  16.203  1.542  22.818 0.0000000000
73683  16.339  1.480  21.809 0.0000000000
74681  11.175  2.766  37.003 0.0000000000
74682  10.804  1.987  36.909 0.0000000000
74698  11.221  2.891  36.178 0.0000000000
74699  11.018  2.802  35.523 0.0000000000
74712  10.611  2.617  34.728 0.0000000000
74713  10.192  2.938  34.202 0.0000000000
74723  10.230  2.268  34.143 0.0000000000
74724  9.823  2.571  33.734 0.0000000000
74725  9.315  2.418  33.150 0.0000000000
74735  8.971  2.412  32.553 0.0000000000
74742  8.748  2.491  31.923 0.0000000000
74749  9.910  2.551  30.072 0.0000000000
74750  9.460  2.285  30.377 0.0000000000
74751  8.873  2.588  31.148 0.0000000000
74758  12.929  2.832  29.123 0.0000000000
74759  12.211  2.385  29.202 0.0000000000
74760  11.238  2.363  29.515 0.0000000000
74761  10.336  2.352  29.811 0.0000000000
74762  9.815  2.173  29.964 0.0000000000
74770  14.082  2.995  27.977 0.0000000000
74771  13.401  2.516  28.427 0.0000000000
74772  12.801  2.346  28.852 0.0000000000
74781  14.912  3.030  26.960 0.0000000000
74782  14.381  2.409  27.321 0.0000000000
74783  13.913  2.387  27.825 0.0000000000
74791  15.297  2.471  26.388 0.0000000000
74792  14.817  2.380  26.828 0.0000000000
74802  15.951  2.661  25.355 0.0000000000
74803  15.672  2.448  25.884 0.0000000000
74813  16.305  2.656  24.361 0.0000000000
74824  16.443  2.555  23.327 0.0000000000
74836  16.413  2.515  22.311 0.0000000000
74846  16.380  2.504  21.339 0.0000000000
75824  11.344  3.631  37.508 0.0000000000
75835  11.418  3.645  36.657 0.0000000000
75850  11.265  3.659  35.869 0.0000000000
75851  10.869  3.628  35.165 0.0000000000
75866  10.409  3.656  34.498 0.0000000000
75867  9.914  3.635  33.930 0.0000000000
75879  9.406  3.534  33.425 0.0000000000
75880  8.993  3.473  32.886 0.0000000000
75886  8.775  3.490  32.267 0.0000000000
75892  8.744  3.546  31.605 0.0000000000
75899  10.052  3.352  30.132 0.0000000000
75900  9.229  3.471  30.676 0.0000000000
75901  8.868  3.549  31.125 0.0000000000
75910  13.328  3.655  29.062 0.0000000000
75911  12.517  3.479  29.412 0.0000000000
75912  11.629  3.314  29.609 0.0000000000
75913  10.840  3.125  29.799 0.0000000000
75922  14.288  3.855  28.117 0.0000000000
75923  13.831  3.490  28.501 0.0000000000
75931  14.988  3.778  27.228 0.0000000000
75932  14.584  3.363  27.565 0.0000000000
75942  15.720  4.063  26.146 0.0000000000
75943  15.471  3.780  26.539 0.0000000000
75952  15.893  3.803  25.756 0.0000000000
75953  15.690  3.017  25.996 0.0000000000
75961  16.276  3.693  24.803 0.0000000000
75969  16.483  3.601  23.788 0.0000000000
75979  16.519  3.535  22.782 0.0000000000
75990  16.395  3.502  21.817 0.0000000000
77007  11.618  4.469  37.164 0.0000000000
77020  11.465  4.507  36.328 0.0000000000
77021  11.108  4.527  35.583 0.0000000000
77036  10.587  4.547  34.926 0.0000000000
77037  10.002  4.578  34.289 0.0000000000
77053  9.450  4.529  33.732 0.0000000000
77054  8.956  4.621  33.226 0.0000000000
77055  8.398  5.188  32.961 0.0000000000
77069  8.687  4.454  32.625 0.0000000000
77070  8.208  5.207  32.431 0.0000000000
77082  8.512  4.572  31.953 0.0000000000
77083  8.163  5.335  31.919 0.0000000000
77096  10.143  4.339  30.069 0.0000000000
77097  9.574  4.428  30.453 0.0000000000
77098  8.845  4.534  31.164 0.0000000000
77107  13.337  4.478  29.054 0.0000000000
77108  12.820  4.423  29.323 0.0000000000
77109  11.953  4.310  29.543 0.0000000000
77110  10.878  4.251  29.766 0.0000000000
77121  14.947  4.668  27.881 0.0000000000
77122  14.557  4.636  28.192 0.0000000000
77123  13.870  4.492  28.692 0.0000000000
77133  15.214  4.557  27.370 0.0000000000
77134  14.747  4.160  27.711 0.0000000000
77143  15.808  4.609  26.151 0.0000000000
77144  15.569  4.745  26.788 0.0000000000
77151  16.221  4.837  25.264 0.0000000000
77161  16.448  4.645  24.214 0.0000000000
77173  16.518  4.556  23.224 0.0000000000
77183  16.424  4.506  22.268 0.0000000000
77194  16.240  4.450  21.391 0.0000000000
78145  11.680  5.323  37.703 0.0000000000
78151  11.679  5.355  36.808 0.0000000000
78160  11.310  5.391  36.044 0.0000000000
78161  10.802  5.425  35.377 0.0000000000
78172  10.157  5.468  34.775 0.0000000000
78173  9.325  5.592  34.121 0.0000000000
78174  8.759  6.189  34.021 0.0000000000
78187  9.078  5.174  33.594 0.0000000000
78188  8.486  5.832  33.557 0.0000000000
78189  7.833  5.817  32.903 0.0000000000
78205  7.825  5.852  32.131 0.0000000000
78220  8.477  5.326  31.609 0.0000000000
78221  8.159  5.794  31.654 0.0000000000
78240  11.157  5.787  29.952 0.0000000000
78241  10.255  5.308  30.210 0.0000000000
78242  9.277  5.481  30.858 0.0000000000
78243  8.688  5.638  31.364 0.0000000000
78244  8.451  5.740  31.560 0.0000000000
78260  13.287  5.327  29.050 0.0000000000
78261  12.333  5.260  29.422 0.0000000000
78262  11.496  5.115  29.635 0.0000000000
78263  10.900  5.134  29.793 0.0000000000
78279  14.950  5.399  27.981 0.0000000000
78280  14.278  5.290  28.505 0.0000000000
78281  13.838  5.215  28.757 0.0000000000
78297  15.461  5.430  27.207 0.0000000000
78310  16.046  5.674  25.983 0.0000000000
78311  15.755  5.357  26.586 0.0000000000
78324  16.304  5.825  25.284 0.0000000000
78336  16.438  5.645  24.560 0.0000000000
78349  16.505  5.552  23.632 0.0000000000
78359  16.452  5.502  22.692 0.0000000000
78369  16.260  5.498  21.745 0.0000000000
78370  15.899  5.880  21.139 0.0000000000
78379  16.029  5.183  21.049 0.0000000000
79307  11.718  6.196  37.314 0.0000000000
79314  11.437  6.214  36.528 0.0000000000
79322  11.023  6.274  35.831 0.0000000000
79323  10.438  6.313  35.243 0.0000000000
79332  9.748  6.353  34.762 0.0000000000
79333  9.040  6.588  34.425 0.0000000000
79334  8.327  6.716  34.083 0.0000000000
79335  7.951  7.138  34.038 0.0000000000
79344  8.140  6.387  33.746 0.0000000000
79345  7.841  6.703  33.528 0.0000000000
79356  7.660  6.710  32.522 0.0000000000
79368  8.188  7.144  31.335 0.0000000000
79369  7.915  6.514  31.644 0.0000000000
79383  12.383  7.000  29.895 0.0000000000
79384  11.780  6.716  30.074 0.0000000000
79385  10.712  6.535  30.462 0.0000000000
79386  9.711  6.380  30.812 0.0000000000
79387  8.737  6.464  31.254 0.0000000000
79388  8.372  6.037  31.475 0.0000000000
79401  14.169  6.892  28.774 0.0000000000
79402  13.664  6.512  29.067 0.0000000000
79403  12.654  6.437  29.581 0.0000000000
79404  11.857  5.888  29.656 0.0000000000
79418  14.810  6.130  27.983 0.0000000000
79419  14.397  6.260  28.443 0.0000000000
79420  13.895  5.727  28.762 0.0000000000
79434  15.114  6.200  27.526 0.0000000000
79444  15.989  6.324  26.105 0.0000000000
79445  15.667  6.337  26.673 0.0000000000
79452  16.163  6.438  25.636 0.0000000000
79458  16.386  6.530  24.909 0.0000000000
79467  16.505  6.489  24.031 0.0000000000
79477  16.483  6.476  23.095 0.0000000000
79487  16.343  6.421  22.238 0.0000000000
79488  16.065  6.523  21.558 0.0000000000
80470  11.444  7.088  37.011 0.0000000000
80471  11.018  7.491  36.502 0.0000000000
80481  11.141  6.891  36.308 0.0000000000
80482  10.610  7.278  35.789 0.0000000000
80483  9.918  7.662  35.358 0.0000000000
80484  9.308  7.810  35.251 0.0000000000
80495  10.068  6.979  35.166 0.0000000000
80496  9.460  7.152  34.953 0.0000000000
80497  8.753  7.481  34.815 0.0000000000
80498  8.121  7.579  34.489 0.0000000000
80508  7.783  7.699  33.969 0.0000000000
80518  7.548  7.701  33.092 0.0000000000
80528  10.838  8.180  30.922 0.0000000000
80529  10.417  8.086  31.006 0.0000000000
80530  9.519  7.951  31.131 0.0000000000
80531  8.541  7.822  31.243 0.0000000000
80532  7.694  7.763  31.936 0.0000000000
80540  12.972  7.802  30.211 0.0000000000
80541  12.467  7.590  30.268 0.0000000000
80542  11.211  7.781  30.731 0.0000000000
80543  10.117  7.310  30.880 0.0000000000
80544  9.172  7.184  31.068 0.0000000000
80545  8.613  7.158  31.196 0.0000000000
80554  13.962  7.350  29.055 0.0000000000
80555  13.257  7.559  29.747 0.0000000000
80556  12.690  7.156  29.858 0.0000000000
80565  14.741  6.656  27.918 0.0000000000
80566  14.498  7.451  28.355 0.0000000000
80576  15.060  7.261  27.346 0.0000000000
80577  14.869  8.152  27.732 0.0000000000
80591  15.864  6.812  26.013 0.0000000000
80592  15.610  7.582  26.333 0.0000000000
80607  16.129  7.429  25.412 0.0000000000
80608  15.833  8.071  25.784 0.0000000000
80620  16.415  7.333  24.444 0.0000000000
80626  16.465  7.386  23.541 0.0000000000
80635  16.309  7.488  22.494 0.0000000000
80636  16.010  8.035  22.108 0.0000000000
80644  16.184  7.020  21.937 0.0000000000
80645  15.762  7.599  21.587 0.0000000000
81625  10.580  8.155  36.526 0.0000000000
81627  9.266  8.670  36.086 0.0000000000
81635  10.202  8.118  35.835 0.0000000000
81636  9.587  8.279  35.676 0.0000000000
81637  8.876  8.414  35.507 0.0000000000
81638  8.405  8.690  35.314 0.0000000000
81645  8.359  8.107  35.030 0.0000000000
81646  8.040  8.531  34.713 0.0000000000
81653  7.695  8.655  33.833 0.0000000000
81659  7.895  9.128  32.262 0.0000000000
81660  7.608  8.765  32.797 0.0000000000
81667  11.572  9.008  31.056 0.0000000000
81668  10.888  8.644  31.137 0.0000000000
81669  9.952  8.658  31.310 0.0000000000
81670  9.051  8.656  31.349 0.0000000000
81671  8.191  8.754  31.675 0.0000000000
81672  7.733  8.626  32.098 0.0000000000
81679  13.050  8.358  30.415 0.0000000000
81680  12.114  8.577  30.754 0.0000000000
81681  11.453  8.502  30.913 0.0000000000
81689  14.009  8.354  29.085 0.0000000000
81690  13.543  8.599  29.809 0.0000000000
81699  14.581  8.678  28.270 0.0000000000
81710  15.206  8.471  26.976 0.0000000000
81711  14.900  8.888  27.603 0.0000000000
81723  15.470  8.679  26.046 0.0000000000
81736  16.283  8.032  24.706 0.0000000000
81737  15.893  8.522  25.199 0.0000000000
81750  16.366  8.082  24.005 0.0000000000
81751  16.112  8.641  24.320 0.0000000000
81755  16.301  8.384  23.214 0.0000000000
81756  16.221  8.591  23.782 0.0000000000
81760  16.110  8.431  22.507 0.0000000000
81761  15.710  8.575  21.950 0.0000000000
82739  8.553  8.925  35.712 0.0000000000
82740  8.205  9.455  35.628 0.0000000000
82748  7.904  9.579  34.628 0.0000000000
82749  7.883  10.041  34.622 0.0000000000
82756  7.802  9.645  33.705 0.0000000000
82757  7.859  10.011  34.354 0.0000000000
82762  10.604  9.972  31.948 0.0000000000
82763  9.906  9.850  32.070 0.0000000000
82764  9.150  9.818  32.046 0.0000000000
82765  8.431  9.615  32.206 0.0000000000
82766  8.004  9.634  32.843 0.0000000000
82773  12.178  9.631  31.126 0.0000000000
82774  11.254  9.626  31.538 0.0000000000
82775  10.357  9.337  31.610 0.0000000000
82776  9.529  9.290  31.635 0.0000000000
82777  8.825  9.284  31.679 0.0000000000
82786  12.789  9.204  30.744 0.0000000000
82819  15.195  9.177  26.527 0.0000000000
82839  15.437  9.349  25.405 0.0000000000
82853  15.715  9.308  24.579 0.0000000000
82861  16.120  8.921  23.059 0.0000000000
82862  15.958  9.170  23.591 0.0000000000
82866  16.139  8.760  22.834 0.0000000000
82867  15.827  9.197  22.636 0.0000000000
83851  7.708  10.454  36.233 0.0000000000
83860  7.793  10.144  35.272 0.0000000000
83861  7.358  10.843  35.557 0.0000000000
83870  7.836  10.070  34.823 0.0000000000
83871  7.726  10.449  34.708 0.0000000000
83878  8.491  10.796  33.056 0.0000000000
83879  8.127  10.382  33.475 0.0000000000
83880  7.908  10.294  34.074 0.0000000000
83888  11.158  10.611  32.036 0.0000000000
83889  10.265  10.530  32.309 0.0000000000
83890  9.484  10.448  32.393 0.0000000000
83891  8.817  10.317  32.517 0.0000000000
83892  8.395  10.141  32.810 0.0000000000
83906  11.877  10.315  31.599 0.0000000000
84988  7.270  11.241  34.846 0.0000000000
84998  8.104  11.246  33.679 0.0000000000
84999  7.772  10.905  34.152 0.0000000000
85016  9.793  11.135  32.676 0.0000000000
85017  9.027  11.040  32.751 0.0000000000
