#!ascii label  , from subject cvs_avg35_inMNI152 vox2ras=TkReg
461
41737  17.270  -26.062  40.538 0.0000000000
41744  17.326  -26.275  39.308 0.0000000000
42666  17.211  -25.113  42.481 0.0000000000
42667  16.836  -24.665  41.659 0.0000000000
42677  17.124  -25.330  41.307 0.0000000000
42678  16.678  -24.692  40.896 0.0000000000
42687  17.017  -25.186  40.484 0.0000000000
42688  16.594  -24.658  40.116 0.0000000000
42698  17.033  -25.168  39.585 0.0000000000
42699  16.622  -24.578  39.652 0.0000000000
42707  17.255  -25.434  38.536 0.0000000000
42710  17.539  -25.516  37.560 0.0000000000
42713  18.158  -25.914  36.036 0.0000000000
42714  17.915  -25.520  36.513 0.0000000000
42718  18.164  -25.427  35.570 0.0000000000
42719  17.960  -25.014  36.007 0.0000000000
43655  8.913  -24.259  53.702 0.0000000000
43656  8.623  -24.175  54.019 0.0000000000
43659  9.006  -24.401  52.956 0.0000000000
43660  8.250  -24.363  53.501 0.0000000000
43661  7.743  -24.272  53.489 0.0000000000
43665  9.112  -24.369  51.923 0.0000000000
43666  8.282  -24.566  52.411 0.0000000000
43667  7.515  -24.393  52.894 0.0000000000
43668  7.085  -24.159  52.767 0.0000000000
43672  9.177  -24.308  50.861 0.0000000000
43673  8.363  -24.584  51.318 0.0000000000
43674  7.553  -24.600  51.767 0.0000000000
43675  6.947  -24.287  52.189 0.0000000000
43682  9.217  -24.293  49.913 0.0000000000
43683  8.500  -24.534  50.282 0.0000000000
43684  7.653  -24.634  50.624 0.0000000000
43685  6.881  -24.381  51.086 0.0000000000
43695  9.214  -24.257  49.343 0.0000000000
43696  8.731  -24.419  49.410 0.0000000000
43697  7.945  -24.597  49.532 0.0000000000
43698  6.954  -24.450  49.734 0.0000000000
43708  9.155  -24.209  48.772 0.0000000000
43709  8.440  -24.390  48.616 0.0000000000
43710  7.602  -24.446  48.556 0.0000000000
43711  6.786  -24.194  48.482 0.0000000000
43721  9.052  -24.114  47.874 0.0000000000
43722  8.293  -24.257  47.643 0.0000000000
43723  7.461  -24.136  47.442 0.0000000000
43724  6.813  -23.829  47.722 0.0000000000
43734  9.017  -24.045  46.906 0.0000000000
43735  8.287  -24.056  46.619 0.0000000000
43736  7.755  -23.633  46.491 0.0000000000
43747  8.972  -23.806  45.959 0.0000000000
43748  8.448  -23.484  45.786 0.0000000000
43749  7.955  -23.208  46.023 0.0000000000
43757  16.764  -23.912  43.956 0.0000000000
43758  9.097  -23.502  45.463 0.0000000000
43759  8.925  -23.342  45.340 0.0000000000
43769  17.075  -24.581  43.391 0.0000000000
43770  16.717  -23.930  43.112 0.0000000000
43781  16.979  -24.446  42.810 0.0000000000
43782  16.633  -24.163  42.302 0.0000000000
43798  16.219  -24.001  41.371 0.0000000000
43799  15.610  -23.716  40.836 0.0000000000
43813  16.126  -24.159  40.492 0.0000000000
43814  15.576  -23.729  40.166 0.0000000000
43829  16.654  -24.501  39.283 0.0000000000
43830  16.088  -23.962  39.618 0.0000000000
43831  15.639  -23.668  39.804 0.0000000000
43847  16.909  -24.664  38.732 0.0000000000
43848  16.504  -24.092  38.815 0.0000000000
43856  17.115  -24.487  37.825 0.0000000000
43857  16.787  -24.233  38.357 0.0000000000
43859  17.542  -24.766  37.013 0.0000000000
43862  17.941  -24.572  35.627 0.0000000000
43863  17.703  -24.570  36.289 0.0000000000
44683  9.794  -23.325  56.816 0.0000000000
44690  9.805  -23.564  56.031 0.0000000000
44691  8.978  -23.426  56.608 0.0000000000
44692  8.340  -23.169  56.508 0.0000000000
44695  9.871  -23.674  55.006 0.0000000000
44696  9.014  -23.820  55.427 0.0000000000
44697  8.112  -23.335  55.738 0.0000000000
44698  7.596  -22.978  55.431 0.0000000000
44703  10.023  -23.680  54.083 0.0000000000
44704  9.172  -24.027  54.345 0.0000000000
44705  8.221  -23.943  54.432 0.0000000000
44706  7.407  -23.207  54.722 0.0000000000
44707  6.921  -22.886  54.404 0.0000000000
44712  10.900  -23.099  52.706 0.0000000000
44713  10.354  -23.510  53.222 0.0000000000
44714  9.551  -24.020  53.499 0.0000000000
44715  7.892  -24.168  53.780 0.0000000000
44716  7.422  -23.938  53.674 0.0000000000
44717  6.847  -23.159  53.884 0.0000000000
44721  11.048  -23.006  51.977 0.0000000000
44722  10.466  -23.442  52.220 0.0000000000
44723  9.765  -23.970  52.550 0.0000000000
44724  7.188  -24.089  53.065 0.0000000000
44725  6.805  -23.627  52.835 0.0000000000
44728  11.120  -22.958  51.470 0.0000000000
44729  10.726  -23.269  51.443 0.0000000000
44730  9.965  -23.827  51.422 0.0000000000
44731  6.507  -23.713  51.641 0.0000000000
44734  11.139  -22.968  50.954 0.0000000000
44735  10.557  -23.407  50.640 0.0000000000
44736  9.855  -23.883  50.295 0.0000000000
44737  6.350  -23.816  50.496 0.0000000000
44740  11.124  -22.988  50.089 0.0000000000
44741  10.470  -23.450  49.668 0.0000000000
44742  9.730  -23.936  49.260 0.0000000000
44743  6.236  -23.806  49.340 0.0000000000
44750  11.098  -22.982  49.110 0.0000000000
44751  10.424  -23.441  48.647 0.0000000000
44752  9.713  -23.772  48.222 0.0000000000
44753  6.401  -23.429  48.281 0.0000000000
44762  11.129  -23.026  48.067 0.0000000000
44763  10.414  -23.416  47.592 0.0000000000
44764  9.675  -23.688  47.216 0.0000000000
44765  7.199  -23.422  47.115 0.0000000000
44766  6.768  -23.329  47.603 0.0000000000
44775  11.158  -23.033  46.963 0.0000000000
44776  10.429  -23.413  46.511 0.0000000000
44777  9.667  -23.637  46.210 0.0000000000
44778  7.635  -22.981  46.425 0.0000000000
44787  16.650  -23.080  45.075 0.0000000000
44788  11.255  -23.065  45.795 0.0000000000
44789  10.494  -23.350  45.409 0.0000000000
44790  9.623  -23.413  45.335 0.0000000000
44791  8.225  -22.944  45.639 0.0000000000
44792  7.849  -22.845  45.902 0.0000000000
44800  16.567  -23.173  44.420 0.0000000000
44801  12.161  -22.773  44.152 0.0000000000
44802  11.566  -22.980  44.502 0.0000000000
44803  10.537  -22.974  44.304 0.0000000000
44804  9.393  -22.978  44.956 0.0000000000
44805  8.730  -22.944  45.270 0.0000000000
44813  16.361  -23.129  43.556 0.0000000000
44814  15.837  -22.850  43.058 0.0000000000
44815  13.952  -22.699  43.204 0.0000000000
44816  13.393  -22.807  43.127 0.0000000000
44817  12.461  -22.801  43.453 0.0000000000
44818  11.710  -22.795  43.445 0.0000000000
44819  11.330  -22.539  43.441 0.0000000000
44828  16.224  -23.388  42.721 0.0000000000
44829  15.438  -22.974  42.494 0.0000000000
44830  14.334  -22.925  42.564 0.0000000000
44831  13.218  -23.028  42.412 0.0000000000
44832  12.333  -22.882  42.520 0.0000000000
44833  11.788  -22.513  42.714 0.0000000000
44834  11.582  -22.362  43.136 0.0000000000
44846  16.014  -23.511  42.043 0.0000000000
44847  15.243  -23.304  41.588 0.0000000000
44848  14.048  -23.203  41.559 0.0000000000
44849  12.958  -22.988  41.464 0.0000000000
44850  12.147  -22.684  41.949 0.0000000000
44851  11.886  -22.437  42.170 0.0000000000
44863  14.805  -23.420  40.658 0.0000000000
44864  13.828  -23.170  40.793 0.0000000000
44865  13.350  -22.858  40.675 0.0000000000
44877  15.748  -23.473  39.322 0.0000000000
44878  15.219  -23.289  39.618 0.0000000000
44879  14.205  -23.097  40.127 0.0000000000
44880  13.700  -22.981  40.376 0.0000000000
44897  16.027  -23.417  38.863 0.0000000000
44898  15.602  -23.212  39.135 0.0000000000
44916  16.926  -23.820  37.508 0.0000000000
44917  16.567  -23.657  38.064 0.0000000000
44930  17.210  -23.795  36.820 0.0000000000
44931  16.743  -23.345  37.333 0.0000000000
44939  17.609  -23.769  35.766 0.0000000000
45797  10.482  -23.202  56.518 0.0000000000
45804  11.846  -22.283  56.403 0.0000000000
45805  11.221  -22.809  55.937 0.0000000000
45806  10.550  -23.273  55.487 0.0000000000
45807  7.636  -22.783  55.833 0.0000000000
45808  7.162  -22.432  55.331 0.0000000000
45809  6.609  -22.119  54.854 0.0000000000
45813  11.878  -22.294  55.282 0.0000000000
45814  11.233  -22.834  54.829 0.0000000000
45815  10.566  -23.293  54.485 0.0000000000
45816  6.918  -22.634  54.724 0.0000000000
45817  6.493  -22.398  54.236 0.0000000000
45821  11.900  -22.324  54.196 0.0000000000
45822  11.128  -22.910  53.615 0.0000000000
45823  10.525  -23.343  53.853 0.0000000000
45824  6.205  -22.502  53.221 0.0000000000
45825  5.638  -22.095  52.409 0.0000000000
45829  11.990  -22.269  53.175 0.0000000000
45830  11.451  -22.647  52.522 0.0000000000
45831  6.209  -22.833  52.110 0.0000000000
45832  5.545  -22.209  51.509 0.0000000000
45835  12.162  -22.191  52.189 0.0000000000
45836  11.548  -22.614  51.545 0.0000000000
45837  5.978  -23.058  51.062 0.0000000000
45838  5.550  -22.314  50.492 0.0000000000
45841  12.285  -22.156  51.206 0.0000000000
45842  11.679  -22.529  50.593 0.0000000000
45843  5.973  -23.068  50.007 0.0000000000
45844  5.521  -22.369  49.522 0.0000000000
45847  12.331  -22.071  50.223 0.0000000000
45848  11.707  -22.493  49.628 0.0000000000
45849  5.989  -22.973  49.037 0.0000000000
45850  5.533  -22.337  48.640 0.0000000000
45853  12.393  -22.074  49.225 0.0000000000
45854  11.755  -22.515  48.614 0.0000000000
45855  6.025  -22.746  48.282 0.0000000000
45856  5.659  -22.214  47.817 0.0000000000
45858  16.462  -22.433  46.734 0.0000000000
45859  12.474  -22.093  48.192 0.0000000000
45860  11.816  -22.524  47.536 0.0000000000
45861  6.960  -23.028  47.338 0.0000000000
45862  6.446  -22.655  47.501 0.0000000000
45863  5.744  -22.012  46.991 0.0000000000
45868  16.519  -22.611  46.108 0.0000000000
45869  12.609  -22.081  47.087 0.0000000000
45870  11.913  -22.502  46.363 0.0000000000
45871  7.067  -22.691  46.813 0.0000000000
45872  6.347  -22.034  46.385 0.0000000000
45873  5.749  -21.784  46.494 0.0000000000
45878  16.498  -22.644  45.453 0.0000000000
45879  13.682  -21.773  45.598 0.0000000000
45880  12.943  -22.021  45.761 0.0000000000
45881  12.034  -22.624  45.176 0.0000000000
45882  7.913  -22.673  45.590 0.0000000000
45883  7.316  -22.284  45.731 0.0000000000
45884  6.593  -21.869  45.758 0.0000000000
45891  16.362  -22.519  44.857 0.0000000000
45892  15.857  -22.102  44.519 0.0000000000
45893  15.038  -21.902  44.378 0.0000000000
45894  13.911  -21.944  44.730 0.0000000000
45895  12.727  -22.484  44.343 0.0000000000
45896  12.081  -22.732  44.501 0.0000000000
45897  9.991  -22.267  44.440 0.0000000000
45898  9.110  -22.374  44.791 0.0000000000
45899  8.176  -22.422  45.093 0.0000000000
45900  7.600  -22.014  45.043 0.0000000000
45907  16.228  -22.603  44.173 0.0000000000
45908  15.652  -22.400  43.676 0.0000000000
45909  14.572  -22.407  43.475 0.0000000000
45910  13.564  -22.473  43.704 0.0000000000
45911  12.995  -22.635  43.607 0.0000000000
45912  11.025  -21.805  43.518 0.0000000000
45913  10.787  -22.220  43.832 0.0000000000
45920  15.292  -22.637  43.077 0.0000000000
45921  14.910  -22.694  42.852 0.0000000000
45922  11.462  -21.973  43.019 0.0000000000
45923  11.325  -22.208  43.390 0.0000000000
45935  12.434  -22.517  41.422 0.0000000000
45936  11.998  -22.150  41.766 0.0000000000
45937  11.707  -22.024  42.379 0.0000000000
45951  12.815  -22.379  40.803 0.0000000000
45952  12.370  -22.053  41.254 0.0000000000
45963  14.832  -22.761  39.167 0.0000000000
45964  14.317  -22.734  39.490 0.0000000000
45965  13.478  -22.540  39.991 0.0000000000
45977  16.079  -22.953  38.263 0.0000000000
45978  15.339  -22.700  38.671 0.0000000000
45979  14.414  -22.343  38.846 0.0000000000
45980  13.786  -22.218  39.240 0.0000000000
45996  16.331  -22.848  37.594 0.0000000000
45997  15.779  -22.421  37.914 0.0000000000
46015  17.190  -23.077  36.096 0.0000000000
46016  16.602  -22.637  36.691 0.0000000000
46017  15.996  -22.238  37.244 0.0000000000
46959  12.999  -21.314  56.241 0.0000000000
46960  12.440  -21.740  55.755 0.0000000000
46967  13.112  -21.283  55.166 0.0000000000
46968  12.513  -21.757  54.647 0.0000000000
46969  6.092  -21.500  54.568 0.0000000000
46970  5.690  -21.101  53.890 0.0000000000
46975  14.157  -20.936  53.289 0.0000000000
46976  13.308  -21.305  53.889 0.0000000000
46977  12.476  -21.831  53.737 0.0000000000
46978  5.964  -21.806  53.832 0.0000000000
46979  5.509  -21.439  53.060 0.0000000000
46985  14.356  -21.127  52.359 0.0000000000
46986  13.505  -21.325  52.637 0.0000000000
46987  12.712  -21.729  52.897 0.0000000000
46988  4.902  -21.320  51.987 0.0000000000
46989  4.545  -20.641  51.653 0.0000000000
46994  14.524  -21.218  51.398 0.0000000000
46995  13.660  -21.373  51.617 0.0000000000
46996  12.862  -21.686  51.886 0.0000000000
46997  4.947  -21.595  50.876 0.0000000000
46998  4.505  -20.824  51.077 0.0000000000
47003  14.631  -21.312  50.393 0.0000000000
47004  13.764  -21.380  50.620 0.0000000000
47005  12.973  -21.679  50.890 0.0000000000
47006  4.972  -21.710  49.883 0.0000000000
47007  4.486  -20.965  50.151 0.0000000000
47011  15.490  -21.579  49.130 0.0000000000
47012  14.687  -21.434  49.383 0.0000000000
47013  13.849  -21.458  49.622 0.0000000000
47014  13.045  -21.669  49.894 0.0000000000
47015  4.970  -21.791  48.948 0.0000000000
47016  4.473  -21.096  49.184 0.0000000000
47019  16.203  -21.889  47.866 0.0000000000
47020  15.530  -21.604  48.169 0.0000000000
47021  14.744  -21.506  48.406 0.0000000000
47022  13.925  -21.516  48.630 0.0000000000
47023  13.122  -21.700  48.890 0.0000000000
47024  5.075  -21.763  48.097 0.0000000000
47025  4.550  -21.194  48.256 0.0000000000
47028  16.214  -21.898  47.026 0.0000000000
47029  15.590  -21.605  47.272 0.0000000000
47030  14.823  -21.508  47.472 0.0000000000
47031  14.031  -21.537  47.657 0.0000000000
47032  13.231  -21.729  47.875 0.0000000000
47033  5.169  -21.662  47.298 0.0000000000
47034  4.706  -21.302  47.562 0.0000000000
47037  16.255  -21.998  46.293 0.0000000000
47038  15.687  -21.662  46.460 0.0000000000
47039  14.944  -21.516  46.593 0.0000000000
47040  14.170  -21.525  46.750 0.0000000000
47041  13.405  -21.702  46.866 0.0000000000
47042  5.708  -21.564  46.104 0.0000000000
47043  5.269  -21.473  46.474 0.0000000000
47044  4.706  -21.129  46.817 0.0000000000
47046  16.289  -22.184  45.675 0.0000000000
47047  15.848  -21.787  45.747 0.0000000000
47048  15.158  -21.609  45.806 0.0000000000
47049  14.305  -21.622  45.811 0.0000000000
47050  13.669  -21.679  46.140 0.0000000000
47051  6.648  -21.639  45.344 0.0000000000
47052  6.024  -21.454  45.544 0.0000000000
47053  5.229  -21.109  45.564 0.0000000000
47054  4.773  -20.997  46.051 0.0000000000
47056  16.316  -22.318  45.287 0.0000000000
47057  16.089  -22.006  45.174 0.0000000000
47058  15.465  -21.779  45.111 0.0000000000
47059  14.759  -21.697  45.148 0.0000000000
47060  9.474  -21.781  44.385 0.0000000000
47061  8.651  -21.792  44.481 0.0000000000
47062  7.796  -21.727  44.546 0.0000000000
47063  7.028  -21.534  44.789 0.0000000000
47064  6.175  -21.210  44.743 0.0000000000
47065  5.502  -20.922  44.793 0.0000000000
47067  10.946  -21.407  43.263 0.0000000000
47068  10.233  -21.416  43.828 0.0000000000
47069  9.018  -21.424  43.786 0.0000000000
47070  8.012  -21.490  43.783 0.0000000000
47071  7.100  -21.378  43.862 0.0000000000
47072  6.297  -21.170  43.953 0.0000000000
47073  5.574  -20.942  44.009 0.0000000000
47076  11.202  -21.175  42.644 0.0000000000
47077  10.229  -21.076  42.859 0.0000000000
47078  9.245  -21.222  42.958 0.0000000000
47079  8.182  -21.359  42.956 0.0000000000
47080  7.171  -21.351  43.005 0.0000000000
47081  6.302  -21.216  43.137 0.0000000000
47082  5.702  -20.983  43.354 0.0000000000
47084  12.206  -21.340  41.511 0.0000000000
47085  11.712  -21.278  42.022 0.0000000000
47094  12.861  -21.707  40.176 0.0000000000
47095  12.531  -21.521  40.866 0.0000000000
47107  13.287  -21.649  39.485 0.0000000000
47120  15.306  -22.189  38.053 0.0000000000
47121  14.669  -21.850  38.067 0.0000000000
47122  13.772  -21.473  38.684 0.0000000000
47132  15.398  -21.881  37.513 0.0000000000
47133  14.816  -21.241  37.234 0.0000000000
48053  13.636  -20.928  55.794 0.0000000000
48060  13.811  -20.891  54.825 0.0000000000
48068  14.112  -20.846  54.094 0.0000000000
48069  5.236  -20.309  53.263 0.0000000000
48070  4.854  -19.759  52.724 0.0000000000
48076  5.064  -20.835  52.643 0.0000000000
48077  4.669  -20.211  52.199 0.0000000000
48080  4.272  -20.109  51.269 0.0000000000
48083  4.044  -20.200  50.381 0.0000000000
48086  4.052  -20.287  49.394 0.0000000000
48089  4.149  -20.399  48.392 0.0000000000
48092  4.313  -20.575  47.337 0.0000000000
48095  4.435  -20.460  46.244 0.0000000000
48098  5.012  -20.700  44.789 0.0000000000
48099  4.655  -20.483  45.263 0.0000000000
48102  5.033  -20.707  44.126 0.0000000000
48103  4.712  -20.382  44.306 0.0000000000
48105  4.998  -20.570  43.297 0.0000000000
48106  4.782  -20.447  43.790 0.0000000000
48109  10.971  -20.750  41.907 0.0000000000
48110  10.208  -20.801  42.033 0.0000000000
48111  9.270  -20.961  42.081 0.0000000000
48112  8.260  -21.118  42.107 0.0000000000
48113  7.231  -21.183  42.153 0.0000000000
48114  6.273  -21.157  42.275 0.0000000000
48115  5.492  -20.896  42.607 0.0000000000
48117  12.242  -20.711  41.016 0.0000000000
48118  11.373  -20.452  41.211 0.0000000000
48119  10.252  -20.404  41.272 0.0000000000
48120  9.258  -20.549  41.263 0.0000000000
48121  8.263  -20.763  41.289 0.0000000000
48122  7.278  -20.933  41.315 0.0000000000
48123  6.311  -20.983  41.390 0.0000000000
48124  5.454  -20.713  41.635 0.0000000000
48126  12.975  -21.068  39.826 0.0000000000
48127  12.619  -20.823  40.373 0.0000000000
48128  10.928  -20.166  40.560 0.0000000000
48129  10.385  -20.198  40.596 0.0000000000
48130  9.320  -20.299  40.267 0.0000000000
48131  8.273  -20.524  40.436 0.0000000000
48138  13.209  -20.698  39.217 0.0000000000
48139  12.747  -20.514  39.754 0.0000000000
48152  14.036  -20.750  37.818 0.0000000000
48153  13.606  -20.480  38.531 0.0000000000
48163  14.426  -20.379  37.086 0.0000000000
49153  4.257  -19.298  51.517 0.0000000000
49156  3.891  -19.326  50.618 0.0000000000
49159  3.777  -19.372  49.612 0.0000000000
49161  3.846  -19.470  48.588 0.0000000000
49163  3.982  -19.605  47.582 0.0000000000
49165  4.126  -19.657  46.559 0.0000000000
49167  4.258  -19.672  45.526 0.0000000000
49170  4.383  -19.739  44.526 0.0000000000
49173  4.693  -20.087  42.977 0.0000000000
49174  4.524  -19.939  43.546 0.0000000000
49177  4.767  -19.925  42.282 0.0000000000
49178  4.587  -19.786  42.922 0.0000000000
49180  12.128  -20.357  40.550 0.0000000000
49181  11.831  -20.342  40.822 0.0000000000
49182  4.944  -19.958  40.974 0.0000000000
49184  12.232  -20.181  39.979 0.0000000000
49185  11.418  -20.122  40.261 0.0000000000
49186  10.463  -20.118  40.023 0.0000000000
49187  9.914  -20.182  40.055 0.0000000000
49191  13.259  -19.937  38.782 0.0000000000
49192  12.605  -19.865  39.260 0.0000000000
49193  11.625  -19.731  39.370 0.0000000000
49194  10.585  -19.816  39.294 0.0000000000
49202  14.103  -19.893  37.538 0.0000000000
49203  13.599  -19.608  38.030 0.0000000000
49204  12.790  -19.390  38.451 0.0000000000
49205  11.900  -19.306  38.628 0.0000000000
49206  10.891  -19.405  38.542 0.0000000000
49216  14.211  -19.369  36.999 0.0000000000
49217  13.930  -19.402  37.537 0.0000000000
50183  3.789  -18.663  47.790 0.0000000000
50185  3.927  -18.749  46.870 0.0000000000
50188  4.043  -18.730  45.873 0.0000000000
50192  4.159  -18.744  44.816 0.0000000000
50196  4.353  -18.924  43.874 0.0000000000
50199  4.651  -18.653  42.271 0.0000000000
50200  4.466  -19.061  43.014 0.0000000000
50211  13.412  -19.149  37.772 0.0000000000
50212  13.028  -19.011  37.843 0.0000000000
50213  12.166  -18.908  37.916 0.0000000000
50214  11.236  -19.005  37.902 0.0000000000
50219  13.944  -18.845  37.019 0.0000000000
50220  13.544  -18.877  37.370 0.0000000000
50221  12.466  -18.446  37.225 0.0000000000
50231  12.933  -18.218  36.841 0.0000000000
51255  3.791  -18.002  47.154 0.0000000000
51268  3.907  -17.824  46.327 0.0000000000
51278  4.064  -17.687  45.242 0.0000000000
51286  4.527  -17.311  43.592 0.0000000000
51287  4.347  -17.626  44.035 0.0000000000
51294  4.665  -17.706  43.049 0.0000000000
51295  4.446  -18.332  43.468 0.0000000000
51302  4.957  -17.687  41.858 0.0000000000
52633  4.060  -16.781  45.910 0.0000000000
52650  4.519  -16.295  44.228 0.0000000000
52651  4.373  -16.505  44.680 0.0000000000
52667  4.608  -16.642  43.769 0.0000000000
52668  4.406  -16.904  44.130 0.0000000000
