#
1573
14 0.000000 0.000000 0.000000 1.000000
51 0.000000 0.000000 0.000000 1.000000
366 0.000000 0.000000 0.000000 1.000000
379 0.000000 0.000000 0.000000 1.000000
380 0.000000 0.000000 0.000000 1.000000
496 0.000000 0.000000 0.000000 1.000000
722 0.000000 0.000000 0.000000 1.000000
871 0.000000 0.000000 0.000000 1.000000
1088 0.000000 0.000000 0.000000 1.000000
1089 0.000000 0.000000 0.000000 1.000000
1090 0.000000 0.000000 0.000000 1.000000
1589 0.000000 0.000000 0.000000 1.000000
1590 0.000000 0.000000 0.000000 1.000000
1812 0.000000 0.000000 0.000000 1.000000
1843 0.000000 0.000000 0.000000 1.000000
1844 0.000000 0.000000 0.000000 1.000000
1845 0.000000 0.000000 0.000000 1.000000
1846 0.000000 0.000000 0.000000 1.000000
1849 0.000000 0.000000 0.000000 1.000000
2134 0.000000 0.000000 0.000000 1.000000
2135 0.000000 0.000000 0.000000 1.000000
2137 0.000000 0.000000 0.000000 1.000000
2619 0.000000 0.000000 0.000000 1.000000
2641 0.000000 0.000000 0.000000 1.000000
2642 0.000000 0.000000 0.000000 1.000000
3008 0.000000 0.000000 0.000000 1.000000
3009 0.000000 0.000000 0.000000 1.000000
3010 0.000000 0.000000 0.000000 1.000000
3609 0.000000 0.000000 0.000000 1.000000
3982 0.000000 0.000000 0.000000 1.000000
3983 0.000000 0.000000 0.000000 1.000000
3984 0.000000 0.000000 0.000000 1.000000
4051 0.000000 0.000000 0.000000 1.000000
4052 0.000000 0.000000 0.000000 1.000000
4053 0.000000 0.000000 0.000000 1.000000
4054 0.000000 0.000000 0.000000 1.000000
4055 0.000000 0.000000 0.000000 1.000000
4056 0.000000 0.000000 0.000000 1.000000
4057 0.000000 0.000000 0.000000 1.000000
4064 0.000000 0.000000 0.000000 1.000000
4066 0.000000 0.000000 0.000000 1.000000
4703 0.000000 0.000000 0.000000 1.000000
4704 0.000000 0.000000 0.000000 1.000000
4705 0.000000 0.000000 0.000000 1.000000
4706 0.000000 0.000000 0.000000 1.000000
4707 0.000000 0.000000 0.000000 1.000000
4708 0.000000 0.000000 0.000000 1.000000
4710 0.000000 0.000000 0.000000 1.000000
4711 0.000000 0.000000 0.000000 1.000000
4712 0.000000 0.000000 0.000000 1.000000
4713 0.000000 0.000000 0.000000 1.000000
5907 0.000000 0.000000 0.000000 1.000000
5908 0.000000 0.000000 0.000000 1.000000
6135 0.000000 0.000000 0.000000 1.000000
6175 0.000000 0.000000 0.000000 1.000000
6176 0.000000 0.000000 0.000000 1.000000
6566 0.000000 0.000000 0.000000 1.000000
6567 0.000000 0.000000 0.000000 1.000000
6568 0.000000 0.000000 0.000000 1.000000
6569 0.000000 0.000000 0.000000 1.000000
6570 0.000000 0.000000 0.000000 1.000000
7547 0.000000 0.000000 0.000000 1.000000
7548 0.000000 0.000000 0.000000 1.000000
7549 0.000000 0.000000 0.000000 1.000000
7550 0.000000 0.000000 0.000000 1.000000
7551 0.000000 0.000000 0.000000 1.000000
8069 0.000000 0.000000 0.000000 1.000000
8070 0.000000 0.000000 0.000000 1.000000
8155 0.000000 0.000000 0.000000 1.000000
8156 0.000000 0.000000 0.000000 1.000000
8157 0.000000 0.000000 0.000000 1.000000
8158 0.000000 0.000000 0.000000 1.000000
8159 0.000000 0.000000 0.000000 1.000000
8160 0.000000 0.000000 0.000000 1.000000
8161 0.000000 0.000000 0.000000 1.000000
8162 0.000000 0.000000 0.000000 1.000000
8163 0.000000 0.000000 0.000000 1.000000
8164 0.000000 0.000000 0.000000 1.000000
8170 0.000000 0.000000 0.000000 1.000000
8171 0.000000 0.000000 0.000000 1.000000
8172 0.000000 0.000000 0.000000 1.000000
8173 0.000000 0.000000 0.000000 1.000000
8174 0.000000 0.000000 0.000000 1.000000
8175 0.000000 0.000000 0.000000 1.000000
8968 0.000000 0.000000 0.000000 1.000000
8969 0.000000 0.000000 0.000000 1.000000
8970 0.000000 0.000000 0.000000 1.000000
8971 0.000000 0.000000 0.000000 1.000000
8972 0.000000 0.000000 0.000000 1.000000
8977 0.000000 0.000000 0.000000 1.000000
8978 0.000000 0.000000 0.000000 1.000000
8979 0.000000 0.000000 0.000000 1.000000
8980 0.000000 0.000000 0.000000 1.000000
8981 0.000000 0.000000 0.000000 1.000000
8982 0.000000 0.000000 0.000000 1.000000
8983 0.000000 0.000000 0.000000 1.000000
10295 0.000000 0.000000 0.000000 1.000000
10297 0.000000 0.000000 0.000000 1.000000
10299 0.000000 0.000000 0.000000 1.000000
10321 0.000000 0.000000 0.000000 1.000000
10322 0.000000 0.000000 0.000000 1.000000
10688 0.000000 0.000000 0.000000 1.000000
10689 0.000000 0.000000 0.000000 1.000000
10690 0.000000 0.000000 0.000000 1.000000
11660 0.000000 0.000000 0.000000 1.000000
11661 0.000000 0.000000 0.000000 1.000000
11662 0.000000 0.000000 0.000000 1.000000
11663 0.000000 0.000000 0.000000 1.000000
11664 0.000000 0.000000 0.000000 1.000000
11731 0.000000 0.000000 0.000000 1.000000
11732 0.000000 0.000000 0.000000 1.000000
11733 0.000000 0.000000 0.000000 1.000000
11734 0.000000 0.000000 0.000000 1.000000
11735 0.000000 0.000000 0.000000 1.000000
11736 0.000000 0.000000 0.000000 1.000000
11737 0.000000 0.000000 0.000000 1.000000
12383 0.000000 0.000000 0.000000 1.000000
12384 0.000000 0.000000 0.000000 1.000000
12385 0.000000 0.000000 0.000000 1.000000
12386 0.000000 0.000000 0.000000 1.000000
12387 0.000000 0.000000 0.000000 1.000000
12388 0.000000 0.000000 0.000000 1.000000
12389 0.000000 0.000000 0.000000 1.000000
12390 0.000000 0.000000 0.000000 1.000000
12391 0.000000 0.000000 0.000000 1.000000
12392 0.000000 0.000000 0.000000 1.000000
12393 0.000000 0.000000 0.000000 1.000000
13610 0.000000 0.000000 0.000000 1.000000
13683 0.000000 0.000000 0.000000 1.000000
13684 0.000000 0.000000 0.000000 1.000000
13685 0.000000 0.000000 0.000000 1.000000
13686 0.000000 0.000000 0.000000 1.000000
13687 0.000000 0.000000 0.000000 1.000000
14064 0.000000 0.000000 0.000000 1.000000
14131 0.000000 0.000000 0.000000 1.000000
14132 0.000000 0.000000 0.000000 1.000000
14783 0.000000 0.000000 0.000000 1.000000
14784 0.000000 0.000000 0.000000 1.000000
14785 0.000000 0.000000 0.000000 1.000000
14786 0.000000 0.000000 0.000000 1.000000
14787 0.000000 0.000000 0.000000 1.000000
14788 0.000000 0.000000 0.000000 1.000000
14789 0.000000 0.000000 0.000000 1.000000
14790 0.000000 0.000000 0.000000 1.000000
16583 0.000000 0.000000 0.000000 1.000000
16584 0.000000 0.000000 0.000000 1.000000
16585 0.000000 0.000000 0.000000 1.000000
16586 0.000000 0.000000 0.000000 1.000000
16587 0.000000 0.000000 0.000000 1.000000
16588 0.000000 0.000000 0.000000 1.000000
16589 0.000000 0.000000 0.000000 1.000000
16590 0.000000 0.000000 0.000000 1.000000
17705 0.000000 0.000000 0.000000 1.000000
17706 0.000000 0.000000 0.000000 1.000000
17707 0.000000 0.000000 0.000000 1.000000
17708 0.000000 0.000000 0.000000 1.000000
17709 0.000000 0.000000 0.000000 1.000000
17911 0.000000 0.000000 0.000000 1.000000
17912 0.000000 0.000000 0.000000 1.000000
17913 0.000000 0.000000 0.000000 1.000000
17914 0.000000 0.000000 0.000000 1.000000
17915 0.000000 0.000000 0.000000 1.000000
17916 0.000000 0.000000 0.000000 1.000000
17917 0.000000 0.000000 0.000000 1.000000
17918 0.000000 0.000000 0.000000 1.000000
17919 0.000000 0.000000 0.000000 1.000000
17920 0.000000 0.000000 0.000000 1.000000
17921 0.000000 0.000000 0.000000 1.000000
17922 0.000000 0.000000 0.000000 1.000000
17923 0.000000 0.000000 0.000000 1.000000
17924 0.000000 0.000000 0.000000 1.000000
17925 0.000000 0.000000 0.000000 1.000000
17926 0.000000 0.000000 0.000000 1.000000
17927 0.000000 0.000000 0.000000 1.000000
17928 0.000000 0.000000 0.000000 1.000000
17929 0.000000 0.000000 0.000000 1.000000
17930 0.000000 0.000000 0.000000 1.000000
17931 0.000000 0.000000 0.000000 1.000000
17932 0.000000 0.000000 0.000000 1.000000
17948 0.000000 0.000000 0.000000 1.000000
17949 0.000000 0.000000 0.000000 1.000000
17950 0.000000 0.000000 0.000000 1.000000
17951 0.000000 0.000000 0.000000 1.000000
17952 0.000000 0.000000 0.000000 1.000000
17953 0.000000 0.000000 0.000000 1.000000
17954 0.000000 0.000000 0.000000 1.000000
17955 0.000000 0.000000 0.000000 1.000000
17956 0.000000 0.000000 0.000000 1.000000
17957 0.000000 0.000000 0.000000 1.000000
17959 0.000000 0.000000 0.000000 1.000000
19868 0.000000 0.000000 0.000000 1.000000
19869 0.000000 0.000000 0.000000 1.000000
19870 0.000000 0.000000 0.000000 1.000000
19871 0.000000 0.000000 0.000000 1.000000
19872 0.000000 0.000000 0.000000 1.000000
19873 0.000000 0.000000 0.000000 1.000000
19874 0.000000 0.000000 0.000000 1.000000
19875 0.000000 0.000000 0.000000 1.000000
19876 0.000000 0.000000 0.000000 1.000000
19877 0.000000 0.000000 0.000000 1.000000
19878 0.000000 0.000000 0.000000 1.000000
19879 0.000000 0.000000 0.000000 1.000000
19880 0.000000 0.000000 0.000000 1.000000
19881 0.000000 0.000000 0.000000 1.000000
19882 0.000000 0.000000 0.000000 1.000000
19891 0.000000 0.000000 0.000000 1.000000
19892 0.000000 0.000000 0.000000 1.000000
19893 0.000000 0.000000 0.000000 1.000000
19894 0.000000 0.000000 0.000000 1.000000
19895 0.000000 0.000000 0.000000 1.000000
19896 0.000000 0.000000 0.000000 1.000000
19897 0.000000 0.000000 0.000000 1.000000
19898 0.000000 0.000000 0.000000 1.000000
19903 0.000000 0.000000 0.000000 1.000000
19904 0.000000 0.000000 0.000000 1.000000
19905 0.000000 0.000000 0.000000 1.000000
19906 0.000000 0.000000 0.000000 1.000000
19907 0.000000 0.000000 0.000000 1.000000
23145 0.000000 0.000000 0.000000 1.000000
23185 0.000000 0.000000 0.000000 1.000000
23186 0.000000 0.000000 0.000000 1.000000
23187 0.000000 0.000000 0.000000 1.000000
23188 0.000000 0.000000 0.000000 1.000000
23846 0.000000 0.000000 0.000000 1.000000
23847 0.000000 0.000000 0.000000 1.000000
23848 0.000000 0.000000 0.000000 1.000000
23849 0.000000 0.000000 0.000000 1.000000
23850 0.000000 0.000000 0.000000 1.000000
24926 0.000000 0.000000 0.000000 1.000000
24927 0.000000 0.000000 0.000000 1.000000
24928 0.000000 0.000000 0.000000 1.000000
24929 0.000000 0.000000 0.000000 1.000000
24930 0.000000 0.000000 0.000000 1.000000
25598 0.000000 0.000000 0.000000 1.000000
25599 0.000000 0.000000 0.000000 1.000000
25600 0.000000 0.000000 0.000000 1.000000
25601 0.000000 0.000000 0.000000 1.000000
25602 0.000000 0.000000 0.000000 1.000000
25723 0.000000 0.000000 0.000000 1.000000
25724 0.000000 0.000000 0.000000 1.000000
25725 0.000000 0.000000 0.000000 1.000000
25726 0.000000 0.000000 0.000000 1.000000
25727 0.000000 0.000000 0.000000 1.000000
25728 0.000000 0.000000 0.000000 1.000000
25729 0.000000 0.000000 0.000000 1.000000
25730 0.000000 0.000000 0.000000 1.000000
25731 0.000000 0.000000 0.000000 1.000000
25732 0.000000 0.000000 0.000000 1.000000
25733 0.000000 0.000000 0.000000 1.000000
25734 0.000000 0.000000 0.000000 1.000000
25735 0.000000 0.000000 0.000000 1.000000
25746 0.000000 0.000000 0.000000 1.000000
25749 0.000000 0.000000 0.000000 1.000000
25750 0.000000 0.000000 0.000000 1.000000
26897 0.000000 0.000000 0.000000 1.000000
26898 0.000000 0.000000 0.000000 1.000000
26899 0.000000 0.000000 0.000000 1.000000
26900 0.000000 0.000000 0.000000 1.000000
26901 0.000000 0.000000 0.000000 1.000000
26902 0.000000 0.000000 0.000000 1.000000
26903 0.000000 0.000000 0.000000 1.000000
26904 0.000000 0.000000 0.000000 1.000000
26905 0.000000 0.000000 0.000000 1.000000
26906 0.000000 0.000000 0.000000 1.000000
26907 0.000000 0.000000 0.000000 1.000000
26908 0.000000 0.000000 0.000000 1.000000
26909 0.000000 0.000000 0.000000 1.000000
26910 0.000000 0.000000 0.000000 1.000000
26911 0.000000 0.000000 0.000000 1.000000
26912 0.000000 0.000000 0.000000 1.000000
26913 0.000000 0.000000 0.000000 1.000000
26914 0.000000 0.000000 0.000000 1.000000
26915 0.000000 0.000000 0.000000 1.000000
29141 0.000000 0.000000 0.000000 1.000000
29142 0.000000 0.000000 0.000000 1.000000
29144 0.000000 0.000000 0.000000 1.000000
29145 0.000000 0.000000 0.000000 1.000000
29146 0.000000 0.000000 0.000000 1.000000
29672 0.000000 0.000000 0.000000 1.000000
29673 0.000000 0.000000 0.000000 1.000000
29767 0.000000 0.000000 0.000000 1.000000
29768 0.000000 0.000000 0.000000 1.000000
29769 0.000000 0.000000 0.000000 1.000000
29770 0.000000 0.000000 0.000000 1.000000
29771 0.000000 0.000000 0.000000 1.000000
29772 0.000000 0.000000 0.000000 1.000000
29773 0.000000 0.000000 0.000000 1.000000
29774 0.000000 0.000000 0.000000 1.000000
29776 0.000000 0.000000 0.000000 1.000000
30680 0.000000 0.000000 0.000000 1.000000
30681 0.000000 0.000000 0.000000 1.000000
30682 0.000000 0.000000 0.000000 1.000000
30683 0.000000 0.000000 0.000000 1.000000
30684 0.000000 0.000000 0.000000 1.000000
30685 0.000000 0.000000 0.000000 1.000000
30686 0.000000 0.000000 0.000000 1.000000
30687 0.000000 0.000000 0.000000 1.000000
30688 0.000000 0.000000 0.000000 1.000000
30689 0.000000 0.000000 0.000000 1.000000
30690 0.000000 0.000000 0.000000 1.000000
33101 0.000000 0.000000 0.000000 1.000000
33102 0.000000 0.000000 0.000000 1.000000
33103 0.000000 0.000000 0.000000 1.000000
33104 0.000000 0.000000 0.000000 1.000000
33105 0.000000 0.000000 0.000000 1.000000
33106 0.000000 0.000000 0.000000 1.000000
33107 0.000000 0.000000 0.000000 1.000000
33108 0.000000 0.000000 0.000000 1.000000
33109 0.000000 0.000000 0.000000 1.000000
33110 0.000000 0.000000 0.000000 1.000000
34519 0.000000 0.000000 0.000000 1.000000
34520 0.000000 0.000000 0.000000 1.000000
34523 0.000000 0.000000 0.000000 1.000000
34524 0.000000 0.000000 0.000000 1.000000
34771 0.000000 0.000000 0.000000 1.000000
34772 0.000000 0.000000 0.000000 1.000000
34773 0.000000 0.000000 0.000000 1.000000
34774 0.000000 0.000000 0.000000 1.000000
34775 0.000000 0.000000 0.000000 1.000000
34776 0.000000 0.000000 0.000000 1.000000
34777 0.000000 0.000000 0.000000 1.000000
34778 0.000000 0.000000 0.000000 1.000000
34779 0.000000 0.000000 0.000000 1.000000
34780 0.000000 0.000000 0.000000 1.000000
34781 0.000000 0.000000 0.000000 1.000000
34782 0.000000 0.000000 0.000000 1.000000
34783 0.000000 0.000000 0.000000 1.000000
34784 0.000000 0.000000 0.000000 1.000000
34785 0.000000 0.000000 0.000000 1.000000
34786 0.000000 0.000000 0.000000 1.000000
34787 0.000000 0.000000 0.000000 1.000000
34788 0.000000 0.000000 0.000000 1.000000
34789 0.000000 0.000000 0.000000 1.000000
34790 0.000000 0.000000 0.000000 1.000000
34791 0.000000 0.000000 0.000000 1.000000
34792 0.000000 0.000000 0.000000 1.000000
34793 0.000000 0.000000 0.000000 1.000000
34794 0.000000 0.000000 0.000000 1.000000
34795 0.000000 0.000000 0.000000 1.000000
34796 0.000000 0.000000 0.000000 1.000000
34797 0.000000 0.000000 0.000000 1.000000
34798 0.000000 0.000000 0.000000 1.000000
34815 0.000000 0.000000 0.000000 1.000000
34816 0.000000 0.000000 0.000000 1.000000
34817 0.000000 0.000000 0.000000 1.000000
34818 0.000000 0.000000 0.000000 1.000000
34819 0.000000 0.000000 0.000000 1.000000
34820 0.000000 0.000000 0.000000 1.000000
34821 0.000000 0.000000 0.000000 1.000000
34822 0.000000 0.000000 0.000000 1.000000
34823 0.000000 0.000000 0.000000 1.000000
34824 0.000000 0.000000 0.000000 1.000000
34825 0.000000 0.000000 0.000000 1.000000
34826 0.000000 0.000000 0.000000 1.000000
34827 0.000000 0.000000 0.000000 1.000000
34828 0.000000 0.000000 0.000000 1.000000
34829 0.000000 0.000000 0.000000 1.000000
34830 0.000000 0.000000 0.000000 1.000000
34831 0.000000 0.000000 0.000000 1.000000
37150 0.000000 0.000000 0.000000 1.000000
37151 0.000000 0.000000 0.000000 1.000000
37152 0.000000 0.000000 0.000000 1.000000
37153 0.000000 0.000000 0.000000 1.000000
37154 0.000000 0.000000 0.000000 1.000000
37155 0.000000 0.000000 0.000000 1.000000
37156 0.000000 0.000000 0.000000 1.000000
37157 0.000000 0.000000 0.000000 1.000000
37159 0.000000 0.000000 0.000000 1.000000
37160 0.000000 0.000000 0.000000 1.000000
37161 0.000000 0.000000 0.000000 1.000000
37162 0.000000 0.000000 0.000000 1.000000
37163 0.000000 0.000000 0.000000 1.000000
37164 0.000000 0.000000 0.000000 1.000000
37165 0.000000 0.000000 0.000000 1.000000
37166 0.000000 0.000000 0.000000 1.000000
37177 0.000000 0.000000 0.000000 1.000000
37178 0.000000 0.000000 0.000000 1.000000
37179 0.000000 0.000000 0.000000 1.000000
37180 0.000000 0.000000 0.000000 1.000000
37181 0.000000 0.000000 0.000000 1.000000
37182 0.000000 0.000000 0.000000 1.000000
37183 0.000000 0.000000 0.000000 1.000000
37184 0.000000 0.000000 0.000000 1.000000
37185 0.000000 0.000000 0.000000 1.000000
37187 0.000000 0.000000 0.000000 1.000000
37188 0.000000 0.000000 0.000000 1.000000
37190 0.000000 0.000000 0.000000 1.000000
37191 0.000000 0.000000 0.000000 1.000000
37192 0.000000 0.000000 0.000000 1.000000
37193 0.000000 0.000000 0.000000 1.000000
37194 0.000000 0.000000 0.000000 1.000000
37195 0.000000 0.000000 0.000000 1.000000
37196 0.000000 0.000000 0.000000 1.000000
41015 0.000000 0.000000 0.000000 1.000000
41016 0.000000 0.000000 0.000000 1.000000
41017 0.000000 0.000000 0.000000 1.000000
41018 0.000000 0.000000 0.000000 1.000000
41019 0.000000 0.000000 0.000000 1.000000
41041 0.000000 0.000000 0.000000 1.000000
41042 0.000000 0.000000 0.000000 1.000000
41408 0.000000 0.000000 0.000000 1.000000
41409 0.000000 0.000000 0.000000 1.000000
41410 0.000000 0.000000 0.000000 1.000000
42380 0.000000 0.000000 0.000000 1.000000
42381 0.000000 0.000000 0.000000 1.000000
42382 0.000000 0.000000 0.000000 1.000000
42383 0.000000 0.000000 0.000000 1.000000
42384 0.000000 0.000000 0.000000 1.000000
42451 0.000000 0.000000 0.000000 1.000000
42452 0.000000 0.000000 0.000000 1.000000
42453 0.000000 0.000000 0.000000 1.000000
42454 0.000000 0.000000 0.000000 1.000000
42455 0.000000 0.000000 0.000000 1.000000
42456 0.000000 0.000000 0.000000 1.000000
42457 0.000000 0.000000 0.000000 1.000000
43103 0.000000 0.000000 0.000000 1.000000
43104 0.000000 0.000000 0.000000 1.000000
43105 0.000000 0.000000 0.000000 1.000000
43106 0.000000 0.000000 0.000000 1.000000
43107 0.000000 0.000000 0.000000 1.000000
43108 0.000000 0.000000 0.000000 1.000000
43109 0.000000 0.000000 0.000000 1.000000
43110 0.000000 0.000000 0.000000 1.000000
43112 0.000000 0.000000 0.000000 1.000000
43113 0.000000 0.000000 0.000000 1.000000
44330 0.000000 0.000000 0.000000 1.000000
44403 0.000000 0.000000 0.000000 1.000000
44404 0.000000 0.000000 0.000000 1.000000
44405 0.000000 0.000000 0.000000 1.000000
44406 0.000000 0.000000 0.000000 1.000000
44407 0.000000 0.000000 0.000000 1.000000
44783 0.000000 0.000000 0.000000 1.000000
44784 0.000000 0.000000 0.000000 1.000000
44851 0.000000 0.000000 0.000000 1.000000
44852 0.000000 0.000000 0.000000 1.000000
45503 0.000000 0.000000 0.000000 1.000000
45504 0.000000 0.000000 0.000000 1.000000
45505 0.000000 0.000000 0.000000 1.000000
45506 0.000000 0.000000 0.000000 1.000000
45507 0.000000 0.000000 0.000000 1.000000
45508 0.000000 0.000000 0.000000 1.000000
45509 0.000000 0.000000 0.000000 1.000000
45510 0.000000 0.000000 0.000000 1.000000
47303 0.000000 0.000000 0.000000 1.000000
47304 0.000000 0.000000 0.000000 1.000000
47305 0.000000 0.000000 0.000000 1.000000
47306 0.000000 0.000000 0.000000 1.000000
47307 0.000000 0.000000 0.000000 1.000000
47308 0.000000 0.000000 0.000000 1.000000
47309 0.000000 0.000000 0.000000 1.000000
47310 0.000000 0.000000 0.000000 1.000000
48425 0.000000 0.000000 0.000000 1.000000
48426 0.000000 0.000000 0.000000 1.000000
48427 0.000000 0.000000 0.000000 1.000000
48428 0.000000 0.000000 0.000000 1.000000
48429 0.000000 0.000000 0.000000 1.000000
48631 0.000000 0.000000 0.000000 1.000000
48632 0.000000 0.000000 0.000000 1.000000
48633 0.000000 0.000000 0.000000 1.000000
48634 0.000000 0.000000 0.000000 1.000000
48635 0.000000 0.000000 0.000000 1.000000
48636 0.000000 0.000000 0.000000 1.000000
48637 0.000000 0.000000 0.000000 1.000000
48638 0.000000 0.000000 0.000000 1.000000
48639 0.000000 0.000000 0.000000 1.000000
48640 0.000000 0.000000 0.000000 1.000000
48641 0.000000 0.000000 0.000000 1.000000
48642 0.000000 0.000000 0.000000 1.000000
48643 0.000000 0.000000 0.000000 1.000000
48644 0.000000 0.000000 0.000000 1.000000
48645 0.000000 0.000000 0.000000 1.000000
48646 0.000000 0.000000 0.000000 1.000000
48647 0.000000 0.000000 0.000000 1.000000
48648 0.000000 0.000000 0.000000 1.000000
48649 0.000000 0.000000 0.000000 1.000000
48650 0.000000 0.000000 0.000000 1.000000
48651 0.000000 0.000000 0.000000 1.000000
48652 0.000000 0.000000 0.000000 1.000000
48667 0.000000 0.000000 0.000000 1.000000
48668 0.000000 0.000000 0.000000 1.000000
48669 0.000000 0.000000 0.000000 1.000000
48670 0.000000 0.000000 0.000000 1.000000
48671 0.000000 0.000000 0.000000 1.000000
48672 0.000000 0.000000 0.000000 1.000000
48673 0.000000 0.000000 0.000000 1.000000
48674 0.000000 0.000000 0.000000 1.000000
48675 0.000000 0.000000 0.000000 1.000000
48676 0.000000 0.000000 0.000000 1.000000
48677 0.000000 0.000000 0.000000 1.000000
50588 0.000000 0.000000 0.000000 1.000000
50589 0.000000 0.000000 0.000000 1.000000
50590 0.000000 0.000000 0.000000 1.000000
50591 0.000000 0.000000 0.000000 1.000000
50592 0.000000 0.000000 0.000000 1.000000
50593 0.000000 0.000000 0.000000 1.000000
50594 0.000000 0.000000 0.000000 1.000000
50595 0.000000 0.000000 0.000000 1.000000
50596 0.000000 0.000000 0.000000 1.000000
50597 0.000000 0.000000 0.000000 1.000000
50598 0.000000 0.000000 0.000000 1.000000
50599 0.000000 0.000000 0.000000 1.000000
50600 0.000000 0.000000 0.000000 1.000000
50601 0.000000 0.000000 0.000000 1.000000
50602 0.000000 0.000000 0.000000 1.000000
50611 0.000000 0.000000 0.000000 1.000000
50612 0.000000 0.000000 0.000000 1.000000
50613 0.000000 0.000000 0.000000 1.000000
50614 0.000000 0.000000 0.000000 1.000000
50615 0.000000 0.000000 0.000000 1.000000
50616 0.000000 0.000000 0.000000 1.000000
50617 0.000000 0.000000 0.000000 1.000000
50618 0.000000 0.000000 0.000000 1.000000
50625 0.000000 0.000000 0.000000 1.000000
50626 0.000000 0.000000 0.000000 1.000000
50627 0.000000 0.000000 0.000000 1.000000
53930 0.000000 0.000000 0.000000 1.000000
53931 0.000000 0.000000 0.000000 1.000000
53932 0.000000 0.000000 0.000000 1.000000
53933 0.000000 0.000000 0.000000 1.000000
53934 0.000000 0.000000 0.000000 1.000000
54001 0.000000 0.000000 0.000000 1.000000
54002 0.000000 0.000000 0.000000 1.000000
54003 0.000000 0.000000 0.000000 1.000000
54004 0.000000 0.000000 0.000000 1.000000
54005 0.000000 0.000000 0.000000 1.000000
54006 0.000000 0.000000 0.000000 1.000000
54007 0.000000 0.000000 0.000000 1.000000
55103 0.000000 0.000000 0.000000 1.000000
55104 0.000000 0.000000 0.000000 1.000000
55105 0.000000 0.000000 0.000000 1.000000
55106 0.000000 0.000000 0.000000 1.000000
55107 0.000000 0.000000 0.000000 1.000000
55108 0.000000 0.000000 0.000000 1.000000
55109 0.000000 0.000000 0.000000 1.000000
55110 0.000000 0.000000 0.000000 1.000000
56904 0.000000 0.000000 0.000000 1.000000
56909 0.000000 0.000000 0.000000 1.000000
58018 0.000000 0.000000 0.000000 1.000000
58020 0.000000 0.000000 0.000000 1.000000
58022 0.000000 0.000000 0.000000 1.000000
58023 0.000000 0.000000 0.000000 1.000000
58024 0.000000 0.000000 0.000000 1.000000
58025 0.000000 0.000000 0.000000 1.000000
58026 0.000000 0.000000 0.000000 1.000000
58027 0.000000 0.000000 0.000000 1.000000
58028 0.000000 0.000000 0.000000 1.000000
58029 0.000000 0.000000 0.000000 1.000000
58231 0.000000 0.000000 0.000000 1.000000
58232 0.000000 0.000000 0.000000 1.000000
58233 0.000000 0.000000 0.000000 1.000000
58234 0.000000 0.000000 0.000000 1.000000
58235 0.000000 0.000000 0.000000 1.000000
58236 0.000000 0.000000 0.000000 1.000000
58237 0.000000 0.000000 0.000000 1.000000
58238 0.000000 0.000000 0.000000 1.000000
58239 0.000000 0.000000 0.000000 1.000000
58240 0.000000 0.000000 0.000000 1.000000
58241 0.000000 0.000000 0.000000 1.000000
58242 0.000000 0.000000 0.000000 1.000000
58243 0.000000 0.000000 0.000000 1.000000
58244 0.000000 0.000000 0.000000 1.000000
58245 0.000000 0.000000 0.000000 1.000000
58246 0.000000 0.000000 0.000000 1.000000
58247 0.000000 0.000000 0.000000 1.000000
58248 0.000000 0.000000 0.000000 1.000000
58249 0.000000 0.000000 0.000000 1.000000
58250 0.000000 0.000000 0.000000 1.000000
58251 0.000000 0.000000 0.000000 1.000000
58252 0.000000 0.000000 0.000000 1.000000
58274 0.000000 0.000000 0.000000 1.000000
58275 0.000000 0.000000 0.000000 1.000000
58276 0.000000 0.000000 0.000000 1.000000
60188 0.000000 0.000000 0.000000 1.000000
60189 0.000000 0.000000 0.000000 1.000000
60190 0.000000 0.000000 0.000000 1.000000
60191 0.000000 0.000000 0.000000 1.000000
60192 0.000000 0.000000 0.000000 1.000000
60193 0.000000 0.000000 0.000000 1.000000
60194 0.000000 0.000000 0.000000 1.000000
60195 0.000000 0.000000 0.000000 1.000000
60196 0.000000 0.000000 0.000000 1.000000
60197 0.000000 0.000000 0.000000 1.000000
60198 0.000000 0.000000 0.000000 1.000000
60199 0.000000 0.000000 0.000000 1.000000
60200 0.000000 0.000000 0.000000 1.000000
60201 0.000000 0.000000 0.000000 1.000000
60202 0.000000 0.000000 0.000000 1.000000
60203 0.000000 0.000000 0.000000 1.000000
60204 0.000000 0.000000 0.000000 1.000000
60205 0.000000 0.000000 0.000000 1.000000
60206 0.000000 0.000000 0.000000 1.000000
60207 0.000000 0.000000 0.000000 1.000000
60208 0.000000 0.000000 0.000000 1.000000
60209 0.000000 0.000000 0.000000 1.000000
60210 0.000000 0.000000 0.000000 1.000000
60211 0.000000 0.000000 0.000000 1.000000
60212 0.000000 0.000000 0.000000 1.000000
60213 0.000000 0.000000 0.000000 1.000000
60214 0.000000 0.000000 0.000000 1.000000
60215 0.000000 0.000000 0.000000 1.000000
60216 0.000000 0.000000 0.000000 1.000000
60217 0.000000 0.000000 0.000000 1.000000
60218 0.000000 0.000000 0.000000 1.000000
64088 0.000000 0.000000 0.000000 1.000000
64089 0.000000 0.000000 0.000000 1.000000
64090 0.000000 0.000000 0.000000 1.000000
64091 0.000000 0.000000 0.000000 1.000000
64092 0.000000 0.000000 0.000000 1.000000
64093 0.000000 0.000000 0.000000 1.000000
64095 0.000000 0.000000 0.000000 1.000000
64096 0.000000 0.000000 0.000000 1.000000
64097 0.000000 0.000000 0.000000 1.000000
64098 0.000000 0.000000 0.000000 1.000000
64099 0.000000 0.000000 0.000000 1.000000
64100 0.000000 0.000000 0.000000 1.000000
64101 0.000000 0.000000 0.000000 1.000000
64102 0.000000 0.000000 0.000000 1.000000
65225 0.000000 0.000000 0.000000 1.000000
65227 0.000000 0.000000 0.000000 1.000000
65228 0.000000 0.000000 0.000000 1.000000
65229 0.000000 0.000000 0.000000 1.000000
65431 0.000000 0.000000 0.000000 1.000000
65432 0.000000 0.000000 0.000000 1.000000
65433 0.000000 0.000000 0.000000 1.000000
65434 0.000000 0.000000 0.000000 1.000000
65435 0.000000 0.000000 0.000000 1.000000
65436 0.000000 0.000000 0.000000 1.000000
65437 0.000000 0.000000 0.000000 1.000000
65444 0.000000 0.000000 0.000000 1.000000
65445 0.000000 0.000000 0.000000 1.000000
65446 0.000000 0.000000 0.000000 1.000000
65451 0.000000 0.000000 0.000000 1.000000
67388 0.000000 0.000000 0.000000 1.000000
67389 0.000000 0.000000 0.000000 1.000000
67390 0.000000 0.000000 0.000000 1.000000
67391 0.000000 0.000000 0.000000 1.000000
67392 0.000000 0.000000 0.000000 1.000000
67393 0.000000 0.000000 0.000000 1.000000
67394 0.000000 0.000000 0.000000 1.000000
67395 0.000000 0.000000 0.000000 1.000000
67396 0.000000 0.000000 0.000000 1.000000
67397 0.000000 0.000000 0.000000 1.000000
67398 0.000000 0.000000 0.000000 1.000000
67399 0.000000 0.000000 0.000000 1.000000
67400 0.000000 0.000000 0.000000 1.000000
67401 0.000000 0.000000 0.000000 1.000000
67402 0.000000 0.000000 0.000000 1.000000
67403 0.000000 0.000000 0.000000 1.000000
67404 0.000000 0.000000 0.000000 1.000000
67405 0.000000 0.000000 0.000000 1.000000
67406 0.000000 0.000000 0.000000 1.000000
67407 0.000000 0.000000 0.000000 1.000000
67408 0.000000 0.000000 0.000000 1.000000
67409 0.000000 0.000000 0.000000 1.000000
67410 0.000000 0.000000 0.000000 1.000000
72788 0.000000 0.000000 0.000000 1.000000
72789 0.000000 0.000000 0.000000 1.000000
72790 0.000000 0.000000 0.000000 1.000000
72791 0.000000 0.000000 0.000000 1.000000
72792 0.000000 0.000000 0.000000 1.000000
72793 0.000000 0.000000 0.000000 1.000000
72794 0.000000 0.000000 0.000000 1.000000
72795 0.000000 0.000000 0.000000 1.000000
72796 0.000000 0.000000 0.000000 1.000000
72797 0.000000 0.000000 0.000000 1.000000
72798 0.000000 0.000000 0.000000 1.000000
72799 0.000000 0.000000 0.000000 1.000000
72800 0.000000 0.000000 0.000000 1.000000
72801 0.000000 0.000000 0.000000 1.000000
72802 0.000000 0.000000 0.000000 1.000000
72803 0.000000 0.000000 0.000000 1.000000
72804 0.000000 0.000000 0.000000 1.000000
72805 0.000000 0.000000 0.000000 1.000000
72806 0.000000 0.000000 0.000000 1.000000
72807 0.000000 0.000000 0.000000 1.000000
72808 0.000000 0.000000 0.000000 1.000000
72809 0.000000 0.000000 0.000000 1.000000
72810 0.000000 0.000000 0.000000 1.000000
76150 0.000000 0.000000 0.000000 1.000000
76151 0.000000 0.000000 0.000000 1.000000
76152 0.000000 0.000000 0.000000 1.000000
76153 0.000000 0.000000 0.000000 1.000000
76154 0.000000 0.000000 0.000000 1.000000
76155 0.000000 0.000000 0.000000 1.000000
76160 0.000000 0.000000 0.000000 1.000000
76161 0.000000 0.000000 0.000000 1.000000
76162 0.000000 0.000000 0.000000 1.000000
76163 0.000000 0.000000 0.000000 1.000000
76164 0.000000 0.000000 0.000000 1.000000
76771 0.000000 0.000000 0.000000 1.000000
76772 0.000000 0.000000 0.000000 1.000000
76773 0.000000 0.000000 0.000000 1.000000
76774 0.000000 0.000000 0.000000 1.000000
76775 0.000000 0.000000 0.000000 1.000000
76776 0.000000 0.000000 0.000000 1.000000
76777 0.000000 0.000000 0.000000 1.000000
76778 0.000000 0.000000 0.000000 1.000000
76779 0.000000 0.000000 0.000000 1.000000
76780 0.000000 0.000000 0.000000 1.000000
76781 0.000000 0.000000 0.000000 1.000000
76782 0.000000 0.000000 0.000000 1.000000
76783 0.000000 0.000000 0.000000 1.000000
76784 0.000000 0.000000 0.000000 1.000000
76785 0.000000 0.000000 0.000000 1.000000
76786 0.000000 0.000000 0.000000 1.000000
76787 0.000000 0.000000 0.000000 1.000000
76788 0.000000 0.000000 0.000000 1.000000
76789 0.000000 0.000000 0.000000 1.000000
76790 0.000000 0.000000 0.000000 1.000000
76791 0.000000 0.000000 0.000000 1.000000
76792 0.000000 0.000000 0.000000 1.000000
76793 0.000000 0.000000 0.000000 1.000000
76794 0.000000 0.000000 0.000000 1.000000
76795 0.000000 0.000000 0.000000 1.000000
76796 0.000000 0.000000 0.000000 1.000000
76797 0.000000 0.000000 0.000000 1.000000
76798 0.000000 0.000000 0.000000 1.000000
76799 0.000000 0.000000 0.000000 1.000000
76800 0.000000 0.000000 0.000000 1.000000
76801 0.000000 0.000000 0.000000 1.000000
76802 0.000000 0.000000 0.000000 1.000000
76803 0.000000 0.000000 0.000000 1.000000
76804 0.000000 0.000000 0.000000 1.000000
76805 0.000000 0.000000 0.000000 1.000000
76806 0.000000 0.000000 0.000000 1.000000
76807 0.000000 0.000000 0.000000 1.000000
76808 0.000000 0.000000 0.000000 1.000000
76809 0.000000 0.000000 0.000000 1.000000
76810 0.000000 0.000000 0.000000 1.000000
76811 0.000000 0.000000 0.000000 1.000000
76812 0.000000 0.000000 0.000000 1.000000
76813 0.000000 0.000000 0.000000 1.000000
76814 0.000000 0.000000 0.000000 1.000000
76815 0.000000 0.000000 0.000000 1.000000
76816 0.000000 0.000000 0.000000 1.000000
76817 0.000000 0.000000 0.000000 1.000000
76818 0.000000 0.000000 0.000000 1.000000
76819 0.000000 0.000000 0.000000 1.000000
76820 0.000000 0.000000 0.000000 1.000000
76821 0.000000 0.000000 0.000000 1.000000
76822 0.000000 0.000000 0.000000 1.000000
76823 0.000000 0.000000 0.000000 1.000000
76824 0.000000 0.000000 0.000000 1.000000
76825 0.000000 0.000000 0.000000 1.000000
76826 0.000000 0.000000 0.000000 1.000000
76827 0.000000 0.000000 0.000000 1.000000
76828 0.000000 0.000000 0.000000 1.000000
76829 0.000000 0.000000 0.000000 1.000000
76830 0.000000 0.000000 0.000000 1.000000
76831 0.000000 0.000000 0.000000 1.000000
76832 0.000000 0.000000 0.000000 1.000000
76833 0.000000 0.000000 0.000000 1.000000
76834 0.000000 0.000000 0.000000 1.000000
76835 0.000000 0.000000 0.000000 1.000000
76836 0.000000 0.000000 0.000000 1.000000
76837 0.000000 0.000000 0.000000 1.000000
76879 0.000000 0.000000 0.000000 1.000000
76880 0.000000 0.000000 0.000000 1.000000
76881 0.000000 0.000000 0.000000 1.000000
76883 0.000000 0.000000 0.000000 1.000000
76884 0.000000 0.000000 0.000000 1.000000
76885 0.000000 0.000000 0.000000 1.000000
76886 0.000000 0.000000 0.000000 1.000000
76887 0.000000 0.000000 0.000000 1.000000
76888 0.000000 0.000000 0.000000 1.000000
76889 0.000000 0.000000 0.000000 1.000000
76890 0.000000 0.000000 0.000000 1.000000
76891 0.000000 0.000000 0.000000 1.000000
76892 0.000000 0.000000 0.000000 1.000000
76893 0.000000 0.000000 0.000000 1.000000
76894 0.000000 0.000000 0.000000 1.000000
76895 0.000000 0.000000 0.000000 1.000000
76896 0.000000 0.000000 0.000000 1.000000
76897 0.000000 0.000000 0.000000 1.000000
76898 0.000000 0.000000 0.000000 1.000000
76899 0.000000 0.000000 0.000000 1.000000
76900 0.000000 0.000000 0.000000 1.000000
76901 0.000000 0.000000 0.000000 1.000000
76902 0.000000 0.000000 0.000000 1.000000
76903 0.000000 0.000000 0.000000 1.000000
76904 0.000000 0.000000 0.000000 1.000000
76905 0.000000 0.000000 0.000000 1.000000
76906 0.000000 0.000000 0.000000 1.000000
76907 0.000000 0.000000 0.000000 1.000000
76908 0.000000 0.000000 0.000000 1.000000
76909 0.000000 0.000000 0.000000 1.000000
76910 0.000000 0.000000 0.000000 1.000000
76911 0.000000 0.000000 0.000000 1.000000
76912 0.000000 0.000000 0.000000 1.000000
76913 0.000000 0.000000 0.000000 1.000000
76914 0.000000 0.000000 0.000000 1.000000
76915 0.000000 0.000000 0.000000 1.000000
76916 0.000000 0.000000 0.000000 1.000000
76917 0.000000 0.000000 0.000000 1.000000
76918 0.000000 0.000000 0.000000 1.000000
76919 0.000000 0.000000 0.000000 1.000000
76920 0.000000 0.000000 0.000000 1.000000
76921 0.000000 0.000000 0.000000 1.000000
76922 0.000000 0.000000 0.000000 1.000000
82643 0.000000 0.000000 0.000000 1.000000
82644 0.000000 0.000000 0.000000 1.000000
82645 0.000000 0.000000 0.000000 1.000000
82646 0.000000 0.000000 0.000000 1.000000
82647 0.000000 0.000000 0.000000 1.000000
82648 0.000000 0.000000 0.000000 1.000000
82649 0.000000 0.000000 0.000000 1.000000
82650 0.000000 0.000000 0.000000 1.000000
82651 0.000000 0.000000 0.000000 1.000000
82652 0.000000 0.000000 0.000000 1.000000
82653 0.000000 0.000000 0.000000 1.000000
82654 0.000000 0.000000 0.000000 1.000000
82655 0.000000 0.000000 0.000000 1.000000
82656 0.000000 0.000000 0.000000 1.000000
82657 0.000000 0.000000 0.000000 1.000000
82658 0.000000 0.000000 0.000000 1.000000
82659 0.000000 0.000000 0.000000 1.000000
82660 0.000000 0.000000 0.000000 1.000000
82661 0.000000 0.000000 0.000000 1.000000
82662 0.000000 0.000000 0.000000 1.000000
82663 0.000000 0.000000 0.000000 1.000000
82664 0.000000 0.000000 0.000000 1.000000
82665 0.000000 0.000000 0.000000 1.000000
82666 0.000000 0.000000 0.000000 1.000000
82667 0.000000 0.000000 0.000000 1.000000
82668 0.000000 0.000000 0.000000 1.000000
82669 0.000000 0.000000 0.000000 1.000000
82670 0.000000 0.000000 0.000000 1.000000
82671 0.000000 0.000000 0.000000 1.000000
82672 0.000000 0.000000 0.000000 1.000000
82673 0.000000 0.000000 0.000000 1.000000
82674 0.000000 0.000000 0.000000 1.000000
82675 0.000000 0.000000 0.000000 1.000000
82676 0.000000 0.000000 0.000000 1.000000
82677 0.000000 0.000000 0.000000 1.000000
82678 0.000000 0.000000 0.000000 1.000000
82679 0.000000 0.000000 0.000000 1.000000
82680 0.000000 0.000000 0.000000 1.000000
82681 0.000000 0.000000 0.000000 1.000000
82682 0.000000 0.000000 0.000000 1.000000
82683 0.000000 0.000000 0.000000 1.000000
82685 0.000000 0.000000 0.000000 1.000000
82711 0.000000 0.000000 0.000000 1.000000
82712 0.000000 0.000000 0.000000 1.000000
82713 0.000000 0.000000 0.000000 1.000000
82714 0.000000 0.000000 0.000000 1.000000
82715 0.000000 0.000000 0.000000 1.000000
82716 0.000000 0.000000 0.000000 1.000000
82717 0.000000 0.000000 0.000000 1.000000
82718 0.000000 0.000000 0.000000 1.000000
82719 0.000000 0.000000 0.000000 1.000000
82720 0.000000 0.000000 0.000000 1.000000
82721 0.000000 0.000000 0.000000 1.000000
82722 0.000000 0.000000 0.000000 1.000000
82723 0.000000 0.000000 0.000000 1.000000
82724 0.000000 0.000000 0.000000 1.000000
82725 0.000000 0.000000 0.000000 1.000000
82726 0.000000 0.000000 0.000000 1.000000
82727 0.000000 0.000000 0.000000 1.000000
82728 0.000000 0.000000 0.000000 1.000000
82729 0.000000 0.000000 0.000000 1.000000
82730 0.000000 0.000000 0.000000 1.000000
82731 0.000000 0.000000 0.000000 1.000000
82732 0.000000 0.000000 0.000000 1.000000
82733 0.000000 0.000000 0.000000 1.000000
82737 0.000000 0.000000 0.000000 1.000000
82738 0.000000 0.000000 0.000000 1.000000
82739 0.000000 0.000000 0.000000 1.000000
82740 0.000000 0.000000 0.000000 1.000000
82741 0.000000 0.000000 0.000000 1.000000
82745 0.000000 0.000000 0.000000 1.000000
82746 0.000000 0.000000 0.000000 1.000000
82747 0.000000 0.000000 0.000000 1.000000
82748 0.000000 0.000000 0.000000 1.000000
82749 0.000000 0.000000 0.000000 1.000000
82750 0.000000 0.000000 0.000000 1.000000
82751 0.000000 0.000000 0.000000 1.000000
82752 0.000000 0.000000 0.000000 1.000000
82753 0.000000 0.000000 0.000000 1.000000
82754 0.000000 0.000000 0.000000 1.000000
82755 0.000000 0.000000 0.000000 1.000000
82756 0.000000 0.000000 0.000000 1.000000
82757 0.000000 0.000000 0.000000 1.000000
82758 0.000000 0.000000 0.000000 1.000000
82759 0.000000 0.000000 0.000000 1.000000
82760 0.000000 0.000000 0.000000 1.000000
82761 0.000000 0.000000 0.000000 1.000000
92264 0.000000 0.000000 0.000000 1.000000
92265 0.000000 0.000000 0.000000 1.000000
92305 0.000000 0.000000 0.000000 1.000000
92306 0.000000 0.000000 0.000000 1.000000
92307 0.000000 0.000000 0.000000 1.000000
92308 0.000000 0.000000 0.000000 1.000000
92966 0.000000 0.000000 0.000000 1.000000
92967 0.000000 0.000000 0.000000 1.000000
92968 0.000000 0.000000 0.000000 1.000000
92969 0.000000 0.000000 0.000000 1.000000
92970 0.000000 0.000000 0.000000 1.000000
94714 0.000000 0.000000 0.000000 1.000000
94715 0.000000 0.000000 0.000000 1.000000
94716 0.000000 0.000000 0.000000 1.000000
94717 0.000000 0.000000 0.000000 1.000000
94718 0.000000 0.000000 0.000000 1.000000
94719 0.000000 0.000000 0.000000 1.000000
94720 0.000000 0.000000 0.000000 1.000000
94721 0.000000 0.000000 0.000000 1.000000
94722 0.000000 0.000000 0.000000 1.000000
94843 0.000000 0.000000 0.000000 1.000000
94844 0.000000 0.000000 0.000000 1.000000
94845 0.000000 0.000000 0.000000 1.000000
94846 0.000000 0.000000 0.000000 1.000000
94847 0.000000 0.000000 0.000000 1.000000
94848 0.000000 0.000000 0.000000 1.000000
94849 0.000000 0.000000 0.000000 1.000000
94850 0.000000 0.000000 0.000000 1.000000
94851 0.000000 0.000000 0.000000 1.000000
94852 0.000000 0.000000 0.000000 1.000000
94853 0.000000 0.000000 0.000000 1.000000
94854 0.000000 0.000000 0.000000 1.000000
94855 0.000000 0.000000 0.000000 1.000000
96017 0.000000 0.000000 0.000000 1.000000
96018 0.000000 0.000000 0.000000 1.000000
96019 0.000000 0.000000 0.000000 1.000000
96020 0.000000 0.000000 0.000000 1.000000
96021 0.000000 0.000000 0.000000 1.000000
96022 0.000000 0.000000 0.000000 1.000000
96023 0.000000 0.000000 0.000000 1.000000
96024 0.000000 0.000000 0.000000 1.000000
96025 0.000000 0.000000 0.000000 1.000000
96026 0.000000 0.000000 0.000000 1.000000
96027 0.000000 0.000000 0.000000 1.000000
96028 0.000000 0.000000 0.000000 1.000000
96029 0.000000 0.000000 0.000000 1.000000
96030 0.000000 0.000000 0.000000 1.000000
96031 0.000000 0.000000 0.000000 1.000000
96032 0.000000 0.000000 0.000000 1.000000
96033 0.000000 0.000000 0.000000 1.000000
96034 0.000000 0.000000 0.000000 1.000000
96035 0.000000 0.000000 0.000000 1.000000
98357 0.000000 0.000000 0.000000 1.000000
98358 0.000000 0.000000 0.000000 1.000000
98359 0.000000 0.000000 0.000000 1.000000
98360 0.000000 0.000000 0.000000 1.000000
98361 0.000000 0.000000 0.000000 1.000000
98362 0.000000 0.000000 0.000000 1.000000
98363 0.000000 0.000000 0.000000 1.000000
98364 0.000000 0.000000 0.000000 1.000000
98365 0.000000 0.000000 0.000000 1.000000
99041 0.000000 0.000000 0.000000 1.000000
99042 0.000000 0.000000 0.000000 1.000000
99163 0.000000 0.000000 0.000000 1.000000
99164 0.000000 0.000000 0.000000 1.000000
99165 0.000000 0.000000 0.000000 1.000000
99166 0.000000 0.000000 0.000000 1.000000
100337 0.000000 0.000000 0.000000 1.000000
100338 0.000000 0.000000 0.000000 1.000000
100339 0.000000 0.000000 0.000000 1.000000
100340 0.000000 0.000000 0.000000 1.000000
100341 0.000000 0.000000 0.000000 1.000000
100342 0.000000 0.000000 0.000000 1.000000
100343 0.000000 0.000000 0.000000 1.000000
100344 0.000000 0.000000 0.000000 1.000000
100345 0.000000 0.000000 0.000000 1.000000
100346 0.000000 0.000000 0.000000 1.000000
100347 0.000000 0.000000 0.000000 1.000000
100348 0.000000 0.000000 0.000000 1.000000
100349 0.000000 0.000000 0.000000 1.000000
100350 0.000000 0.000000 0.000000 1.000000
103577 0.000000 0.000000 0.000000 1.000000
103578 0.000000 0.000000 0.000000 1.000000
103579 0.000000 0.000000 0.000000 1.000000
103580 0.000000 0.000000 0.000000 1.000000
103581 0.000000 0.000000 0.000000 1.000000
103582 0.000000 0.000000 0.000000 1.000000
103583 0.000000 0.000000 0.000000 1.000000
103584 0.000000 0.000000 0.000000 1.000000
103585 0.000000 0.000000 0.000000 1.000000
103586 0.000000 0.000000 0.000000 1.000000
103587 0.000000 0.000000 0.000000 1.000000
103588 0.000000 0.000000 0.000000 1.000000
103589 0.000000 0.000000 0.000000 1.000000
103590 0.000000 0.000000 0.000000 1.000000
105595 0.000000 0.000000 0.000000 1.000000
105596 0.000000 0.000000 0.000000 1.000000
105597 0.000000 0.000000 0.000000 1.000000
105598 0.000000 0.000000 0.000000 1.000000
105599 0.000000 0.000000 0.000000 1.000000
105600 0.000000 0.000000 0.000000 1.000000
105601 0.000000 0.000000 0.000000 1.000000
105602 0.000000 0.000000 0.000000 1.000000
105603 0.000000 0.000000 0.000000 1.000000
105967 0.000000 0.000000 0.000000 1.000000
105968 0.000000 0.000000 0.000000 1.000000
105969 0.000000 0.000000 0.000000 1.000000
105970 0.000000 0.000000 0.000000 1.000000
105971 0.000000 0.000000 0.000000 1.000000
105972 0.000000 0.000000 0.000000 1.000000
105973 0.000000 0.000000 0.000000 1.000000
105974 0.000000 0.000000 0.000000 1.000000
105975 0.000000 0.000000 0.000000 1.000000
105976 0.000000 0.000000 0.000000 1.000000
105977 0.000000 0.000000 0.000000 1.000000
105978 0.000000 0.000000 0.000000 1.000000
105979 0.000000 0.000000 0.000000 1.000000
105980 0.000000 0.000000 0.000000 1.000000
105981 0.000000 0.000000 0.000000 1.000000
105982 0.000000 0.000000 0.000000 1.000000
105983 0.000000 0.000000 0.000000 1.000000
105984 0.000000 0.000000 0.000000 1.000000
105985 0.000000 0.000000 0.000000 1.000000
105986 0.000000 0.000000 0.000000 1.000000
105987 0.000000 0.000000 0.000000 1.000000
105988 0.000000 0.000000 0.000000 1.000000
105989 0.000000 0.000000 0.000000 1.000000
105990 0.000000 0.000000 0.000000 1.000000
105991 0.000000 0.000000 0.000000 1.000000
105992 0.000000 0.000000 0.000000 1.000000
105993 0.000000 0.000000 0.000000 1.000000
105994 0.000000 0.000000 0.000000 1.000000
105995 0.000000 0.000000 0.000000 1.000000
105996 0.000000 0.000000 0.000000 1.000000
105997 0.000000 0.000000 0.000000 1.000000
105998 0.000000 0.000000 0.000000 1.000000
105999 0.000000 0.000000 0.000000 1.000000
106000 0.000000 0.000000 0.000000 1.000000
106001 0.000000 0.000000 0.000000 1.000000
106002 0.000000 0.000000 0.000000 1.000000
106003 0.000000 0.000000 0.000000 1.000000
106004 0.000000 0.000000 0.000000 1.000000
106005 0.000000 0.000000 0.000000 1.000000
106006 0.000000 0.000000 0.000000 1.000000
106033 0.000000 0.000000 0.000000 1.000000
106034 0.000000 0.000000 0.000000 1.000000
106035 0.000000 0.000000 0.000000 1.000000
106036 0.000000 0.000000 0.000000 1.000000
106037 0.000000 0.000000 0.000000 1.000000
106038 0.000000 0.000000 0.000000 1.000000
106039 0.000000 0.000000 0.000000 1.000000
106040 0.000000 0.000000 0.000000 1.000000
106041 0.000000 0.000000 0.000000 1.000000
106042 0.000000 0.000000 0.000000 1.000000
106043 0.000000 0.000000 0.000000 1.000000
106044 0.000000 0.000000 0.000000 1.000000
106045 0.000000 0.000000 0.000000 1.000000
106046 0.000000 0.000000 0.000000 1.000000
106047 0.000000 0.000000 0.000000 1.000000
106048 0.000000 0.000000 0.000000 1.000000
106049 0.000000 0.000000 0.000000 1.000000
106050 0.000000 0.000000 0.000000 1.000000
106051 0.000000 0.000000 0.000000 1.000000
106053 0.000000 0.000000 0.000000 1.000000
106054 0.000000 0.000000 0.000000 1.000000
109490 0.000000 0.000000 0.000000 1.000000
109491 0.000000 0.000000 0.000000 1.000000
109492 0.000000 0.000000 0.000000 1.000000
109493 0.000000 0.000000 0.000000 1.000000
109494 0.000000 0.000000 0.000000 1.000000
109495 0.000000 0.000000 0.000000 1.000000
109496 0.000000 0.000000 0.000000 1.000000
109497 0.000000 0.000000 0.000000 1.000000
109498 0.000000 0.000000 0.000000 1.000000
109499 0.000000 0.000000 0.000000 1.000000
109500 0.000000 0.000000 0.000000 1.000000
109501 0.000000 0.000000 0.000000 1.000000
109502 0.000000 0.000000 0.000000 1.000000
109503 0.000000 0.000000 0.000000 1.000000
109504 0.000000 0.000000 0.000000 1.000000
109505 0.000000 0.000000 0.000000 1.000000
109506 0.000000 0.000000 0.000000 1.000000
109507 0.000000 0.000000 0.000000 1.000000
109508 0.000000 0.000000 0.000000 1.000000
109509 0.000000 0.000000 0.000000 1.000000
109510 0.000000 0.000000 0.000000 1.000000
109511 0.000000 0.000000 0.000000 1.000000
109512 0.000000 0.000000 0.000000 1.000000
109513 0.000000 0.000000 0.000000 1.000000
109514 0.000000 0.000000 0.000000 1.000000
109515 0.000000 0.000000 0.000000 1.000000
109516 0.000000 0.000000 0.000000 1.000000
109522 0.000000 0.000000 0.000000 1.000000
109531 0.000000 0.000000 0.000000 1.000000
109532 0.000000 0.000000 0.000000 1.000000
109533 0.000000 0.000000 0.000000 1.000000
109534 0.000000 0.000000 0.000000 1.000000
109535 0.000000 0.000000 0.000000 1.000000
109536 0.000000 0.000000 0.000000 1.000000
109537 0.000000 0.000000 0.000000 1.000000
109538 0.000000 0.000000 0.000000 1.000000
109539 0.000000 0.000000 0.000000 1.000000
109540 0.000000 0.000000 0.000000 1.000000
109541 0.000000 0.000000 0.000000 1.000000
109542 0.000000 0.000000 0.000000 1.000000
109543 0.000000 0.000000 0.000000 1.000000
109544 0.000000 0.000000 0.000000 1.000000
109554 0.000000 0.000000 0.000000 1.000000
109555 0.000000 0.000000 0.000000 1.000000
109556 0.000000 0.000000 0.000000 1.000000
109557 0.000000 0.000000 0.000000 1.000000
109558 0.000000 0.000000 0.000000 1.000000
109559 0.000000 0.000000 0.000000 1.000000
109560 0.000000 0.000000 0.000000 1.000000
109561 0.000000 0.000000 0.000000 1.000000
109562 0.000000 0.000000 0.000000 1.000000
115441 0.000000 0.000000 0.000000 1.000000
115442 0.000000 0.000000 0.000000 1.000000
115443 0.000000 0.000000 0.000000 1.000000
115537 0.000000 0.000000 0.000000 1.000000
115538 0.000000 0.000000 0.000000 1.000000
115539 0.000000 0.000000 0.000000 1.000000
115540 0.000000 0.000000 0.000000 1.000000
115541 0.000000 0.000000 0.000000 1.000000
115542 0.000000 0.000000 0.000000 1.000000
115543 0.000000 0.000000 0.000000 1.000000
115544 0.000000 0.000000 0.000000 1.000000
115545 0.000000 0.000000 0.000000 1.000000
115546 0.000000 0.000000 0.000000 1.000000
116073 0.000000 0.000000 0.000000 1.000000
116167 0.000000 0.000000 0.000000 1.000000
116168 0.000000 0.000000 0.000000 1.000000
117080 0.000000 0.000000 0.000000 1.000000
117081 0.000000 0.000000 0.000000 1.000000
117082 0.000000 0.000000 0.000000 1.000000
117083 0.000000 0.000000 0.000000 1.000000
117084 0.000000 0.000000 0.000000 1.000000
117085 0.000000 0.000000 0.000000 1.000000
117086 0.000000 0.000000 0.000000 1.000000
117087 0.000000 0.000000 0.000000 1.000000
117088 0.000000 0.000000 0.000000 1.000000
117089 0.000000 0.000000 0.000000 1.000000
117090 0.000000 0.000000 0.000000 1.000000
119600 0.000000 0.000000 0.000000 1.000000
119601 0.000000 0.000000 0.000000 1.000000
119602 0.000000 0.000000 0.000000 1.000000
119603 0.000000 0.000000 0.000000 1.000000
119604 0.000000 0.000000 0.000000 1.000000
119606 0.000000 0.000000 0.000000 1.000000
119607 0.000000 0.000000 0.000000 1.000000
119608 0.000000 0.000000 0.000000 1.000000
119609 0.000000 0.000000 0.000000 1.000000
119610 0.000000 0.000000 0.000000 1.000000
121168 0.000000 0.000000 0.000000 1.000000
121169 0.000000 0.000000 0.000000 1.000000
121170 0.000000 0.000000 0.000000 1.000000
121171 0.000000 0.000000 0.000000 1.000000
121172 0.000000 0.000000 0.000000 1.000000
121173 0.000000 0.000000 0.000000 1.000000
121174 0.000000 0.000000 0.000000 1.000000
121175 0.000000 0.000000 0.000000 1.000000
121176 0.000000 0.000000 0.000000 1.000000
121459 0.000000 0.000000 0.000000 1.000000
121460 0.000000 0.000000 0.000000 1.000000
121461 0.000000 0.000000 0.000000 1.000000
121462 0.000000 0.000000 0.000000 1.000000
121463 0.000000 0.000000 0.000000 1.000000
121464 0.000000 0.000000 0.000000 1.000000
121465 0.000000 0.000000 0.000000 1.000000
121466 0.000000 0.000000 0.000000 1.000000
121467 0.000000 0.000000 0.000000 1.000000
121468 0.000000 0.000000 0.000000 1.000000
121469 0.000000 0.000000 0.000000 1.000000
121470 0.000000 0.000000 0.000000 1.000000
121471 0.000000 0.000000 0.000000 1.000000
121472 0.000000 0.000000 0.000000 1.000000
121473 0.000000 0.000000 0.000000 1.000000
121474 0.000000 0.000000 0.000000 1.000000
121475 0.000000 0.000000 0.000000 1.000000
121476 0.000000 0.000000 0.000000 1.000000
121477 0.000000 0.000000 0.000000 1.000000
121478 0.000000 0.000000 0.000000 1.000000
121479 0.000000 0.000000 0.000000 1.000000
121480 0.000000 0.000000 0.000000 1.000000
121481 0.000000 0.000000 0.000000 1.000000
121482 0.000000 0.000000 0.000000 1.000000
121483 0.000000 0.000000 0.000000 1.000000
121484 0.000000 0.000000 0.000000 1.000000
121485 0.000000 0.000000 0.000000 1.000000
121486 0.000000 0.000000 0.000000 1.000000
121487 0.000000 0.000000 0.000000 1.000000
121488 0.000000 0.000000 0.000000 1.000000
121489 0.000000 0.000000 0.000000 1.000000
121512 0.000000 0.000000 0.000000 1.000000
121513 0.000000 0.000000 0.000000 1.000000
121514 0.000000 0.000000 0.000000 1.000000
121515 0.000000 0.000000 0.000000 1.000000
121518 0.000000 0.000000 0.000000 1.000000
121519 0.000000 0.000000 0.000000 1.000000
121520 0.000000 0.000000 0.000000 1.000000
121521 0.000000 0.000000 0.000000 1.000000
121522 0.000000 0.000000 0.000000 1.000000
121523 0.000000 0.000000 0.000000 1.000000
121524 0.000000 0.000000 0.000000 1.000000
121525 0.000000 0.000000 0.000000 1.000000
124199 0.000000 0.000000 0.000000 1.000000
124200 0.000000 0.000000 0.000000 1.000000
124201 0.000000 0.000000 0.000000 1.000000
124202 0.000000 0.000000 0.000000 1.000000
124203 0.000000 0.000000 0.000000 1.000000
124204 0.000000 0.000000 0.000000 1.000000
124205 0.000000 0.000000 0.000000 1.000000
124206 0.000000 0.000000 0.000000 1.000000
124207 0.000000 0.000000 0.000000 1.000000
124208 0.000000 0.000000 0.000000 1.000000
124209 0.000000 0.000000 0.000000 1.000000
124210 0.000000 0.000000 0.000000 1.000000
124211 0.000000 0.000000 0.000000 1.000000
124212 0.000000 0.000000 0.000000 1.000000
124213 0.000000 0.000000 0.000000 1.000000
124214 0.000000 0.000000 0.000000 1.000000
124215 0.000000 0.000000 0.000000 1.000000
124216 0.000000 0.000000 0.000000 1.000000
124217 0.000000 0.000000 0.000000 1.000000
124218 0.000000 0.000000 0.000000 1.000000
124219 0.000000 0.000000 0.000000 1.000000
124220 0.000000 0.000000 0.000000 1.000000
124221 0.000000 0.000000 0.000000 1.000000
124222 0.000000 0.000000 0.000000 1.000000
124223 0.000000 0.000000 0.000000 1.000000
124224 0.000000 0.000000 0.000000 1.000000
124225 0.000000 0.000000 0.000000 1.000000
124226 0.000000 0.000000 0.000000 1.000000
124227 0.000000 0.000000 0.000000 1.000000
124228 0.000000 0.000000 0.000000 1.000000
124229 0.000000 0.000000 0.000000 1.000000
124231 0.000000 0.000000 0.000000 1.000000
124232 0.000000 0.000000 0.000000 1.000000
124233 0.000000 0.000000 0.000000 1.000000
124234 0.000000 0.000000 0.000000 1.000000
124235 0.000000 0.000000 0.000000 1.000000
124236 0.000000 0.000000 0.000000 1.000000
124237 0.000000 0.000000 0.000000 1.000000
124238 0.000000 0.000000 0.000000 1.000000
124239 0.000000 0.000000 0.000000 1.000000
124240 0.000000 0.000000 0.000000 1.000000
124241 0.000000 0.000000 0.000000 1.000000
129566 0.000000 0.000000 0.000000 1.000000
129567 0.000000 0.000000 0.000000 1.000000
129574 0.000000 0.000000 0.000000 1.000000
129575 0.000000 0.000000 0.000000 1.000000
129576 0.000000 0.000000 0.000000 1.000000
129577 0.000000 0.000000 0.000000 1.000000
129578 0.000000 0.000000 0.000000 1.000000
129579 0.000000 0.000000 0.000000 1.000000
131004 0.000000 0.000000 0.000000 1.000000
131005 0.000000 0.000000 0.000000 1.000000
131006 0.000000 0.000000 0.000000 1.000000
131007 0.000000 0.000000 0.000000 1.000000
131263 0.000000 0.000000 0.000000 1.000000
131264 0.000000 0.000000 0.000000 1.000000
131265 0.000000 0.000000 0.000000 1.000000
131266 0.000000 0.000000 0.000000 1.000000
131267 0.000000 0.000000 0.000000 1.000000
131268 0.000000 0.000000 0.000000 1.000000
131269 0.000000 0.000000 0.000000 1.000000
131270 0.000000 0.000000 0.000000 1.000000
131271 0.000000 0.000000 0.000000 1.000000
131272 0.000000 0.000000 0.000000 1.000000
131273 0.000000 0.000000 0.000000 1.000000
131274 0.000000 0.000000 0.000000 1.000000
131275 0.000000 0.000000 0.000000 1.000000
131277 0.000000 0.000000 0.000000 1.000000
131278 0.000000 0.000000 0.000000 1.000000
131279 0.000000 0.000000 0.000000 1.000000
131280 0.000000 0.000000 0.000000 1.000000
131281 0.000000 0.000000 0.000000 1.000000
131282 0.000000 0.000000 0.000000 1.000000
131283 0.000000 0.000000 0.000000 1.000000
131284 0.000000 0.000000 0.000000 1.000000
131287 0.000000 0.000000 0.000000 1.000000
131288 0.000000 0.000000 0.000000 1.000000
131289 0.000000 0.000000 0.000000 1.000000
131290 0.000000 0.000000 0.000000 1.000000
133742 0.000000 0.000000 0.000000 1.000000
133743 0.000000 0.000000 0.000000 1.000000
133744 0.000000 0.000000 0.000000 1.000000
133745 0.000000 0.000000 0.000000 1.000000
133746 0.000000 0.000000 0.000000 1.000000
133747 0.000000 0.000000 0.000000 1.000000
133748 0.000000 0.000000 0.000000 1.000000
133749 0.000000 0.000000 0.000000 1.000000
133750 0.000000 0.000000 0.000000 1.000000
133751 0.000000 0.000000 0.000000 1.000000
133752 0.000000 0.000000 0.000000 1.000000
133753 0.000000 0.000000 0.000000 1.000000
133754 0.000000 0.000000 0.000000 1.000000
133755 0.000000 0.000000 0.000000 1.000000
133756 0.000000 0.000000 0.000000 1.000000
133757 0.000000 0.000000 0.000000 1.000000
133758 0.000000 0.000000 0.000000 1.000000
133759 0.000000 0.000000 0.000000 1.000000
133760 0.000000 0.000000 0.000000 1.000000
133761 0.000000 0.000000 0.000000 1.000000
133762 0.000000 0.000000 0.000000 1.000000
133763 0.000000 0.000000 0.000000 1.000000
133764 0.000000 0.000000 0.000000 1.000000
133765 0.000000 0.000000 0.000000 1.000000
133766 0.000000 0.000000 0.000000 1.000000
133767 0.000000 0.000000 0.000000 1.000000
133768 0.000000 0.000000 0.000000 1.000000
133769 0.000000 0.000000 0.000000 1.000000
133770 0.000000 0.000000 0.000000 1.000000
140483 0.000000 0.000000 0.000000 1.000000
140484 0.000000 0.000000 0.000000 1.000000
140485 0.000000 0.000000 0.000000 1.000000
140486 0.000000 0.000000 0.000000 1.000000
140487 0.000000 0.000000 0.000000 1.000000
140488 0.000000 0.000000 0.000000 1.000000
140489 0.000000 0.000000 0.000000 1.000000
140490 0.000000 0.000000 0.000000 1.000000
140491 0.000000 0.000000 0.000000 1.000000
140492 0.000000 0.000000 0.000000 1.000000
140493 0.000000 0.000000 0.000000 1.000000
140494 0.000000 0.000000 0.000000 1.000000
140495 0.000000 0.000000 0.000000 1.000000
140496 0.000000 0.000000 0.000000 1.000000
140497 0.000000 0.000000 0.000000 1.000000
140498 0.000000 0.000000 0.000000 1.000000
140499 0.000000 0.000000 0.000000 1.000000
140500 0.000000 0.000000 0.000000 1.000000
140501 0.000000 0.000000 0.000000 1.000000
140502 0.000000 0.000000 0.000000 1.000000
140503 0.000000 0.000000 0.000000 1.000000
140504 0.000000 0.000000 0.000000 1.000000
140505 0.000000 0.000000 0.000000 1.000000
140506 0.000000 0.000000 0.000000 1.000000
140507 0.000000 0.000000 0.000000 1.000000
140508 0.000000 0.000000 0.000000 1.000000
140509 0.000000 0.000000 0.000000 1.000000
140510 0.000000 0.000000 0.000000 1.000000
140535 0.000000 0.000000 0.000000 1.000000
144592 0.000000 0.000000 0.000000 1.000000
144593 0.000000 0.000000 0.000000 1.000000
144601 0.000000 0.000000 0.000000 1.000000
144604 0.000000 0.000000 0.000000 1.000000
144605 0.000000 0.000000 0.000000 1.000000
144606 0.000000 0.000000 0.000000 1.000000
145339 0.000000 0.000000 0.000000 1.000000
145340 0.000000 0.000000 0.000000 1.000000
145341 0.000000 0.000000 0.000000 1.000000
145342 0.000000 0.000000 0.000000 1.000000
145343 0.000000 0.000000 0.000000 1.000000
145344 0.000000 0.000000 0.000000 1.000000
145345 0.000000 0.000000 0.000000 1.000000
145346 0.000000 0.000000 0.000000 1.000000
145347 0.000000 0.000000 0.000000 1.000000
145348 0.000000 0.000000 0.000000 1.000000
145349 0.000000 0.000000 0.000000 1.000000
145350 0.000000 0.000000 0.000000 1.000000
145351 0.000000 0.000000 0.000000 1.000000
145352 0.000000 0.000000 0.000000 1.000000
145353 0.000000 0.000000 0.000000 1.000000
145354 0.000000 0.000000 0.000000 1.000000
145355 0.000000 0.000000 0.000000 1.000000
145356 0.000000 0.000000 0.000000 1.000000
145357 0.000000 0.000000 0.000000 1.000000
145358 0.000000 0.000000 0.000000 1.000000
145359 0.000000 0.000000 0.000000 1.000000
145360 0.000000 0.000000 0.000000 1.000000
145361 0.000000 0.000000 0.000000 1.000000
145362 0.000000 0.000000 0.000000 1.000000
145363 0.000000 0.000000 0.000000 1.000000
145364 0.000000 0.000000 0.000000 1.000000
145365 0.000000 0.000000 0.000000 1.000000
145366 0.000000 0.000000 0.000000 1.000000
145367 0.000000 0.000000 0.000000 1.000000
145368 0.000000 0.000000 0.000000 1.000000
145369 0.000000 0.000000 0.000000 1.000000
145370 0.000000 0.000000 0.000000 1.000000
145371 0.000000 0.000000 0.000000 1.000000
145372 0.000000 0.000000 0.000000 1.000000
145373 0.000000 0.000000 0.000000 1.000000
145374 0.000000 0.000000 0.000000 1.000000
145375 0.000000 0.000000 0.000000 1.000000
145376 0.000000 0.000000 0.000000 1.000000
145377 0.000000 0.000000 0.000000 1.000000
145378 0.000000 0.000000 0.000000 1.000000
145379 0.000000 0.000000 0.000000 1.000000
145380 0.000000 0.000000 0.000000 1.000000
145381 0.000000 0.000000 0.000000 1.000000
145382 0.000000 0.000000 0.000000 1.000000
145383 0.000000 0.000000 0.000000 1.000000
145384 0.000000 0.000000 0.000000 1.000000
145385 0.000000 0.000000 0.000000 1.000000
145386 0.000000 0.000000 0.000000 1.000000
145387 0.000000 0.000000 0.000000 1.000000
145388 0.000000 0.000000 0.000000 1.000000
145389 0.000000 0.000000 0.000000 1.000000
145390 0.000000 0.000000 0.000000 1.000000
145391 0.000000 0.000000 0.000000 1.000000
145392 0.000000 0.000000 0.000000 1.000000
145393 0.000000 0.000000 0.000000 1.000000
145394 0.000000 0.000000 0.000000 1.000000
145395 0.000000 0.000000 0.000000 1.000000
145396 0.000000 0.000000 0.000000 1.000000
145397 0.000000 0.000000 0.000000 1.000000
145398 0.000000 0.000000 0.000000 1.000000
145399 0.000000 0.000000 0.000000 1.000000
145400 0.000000 0.000000 0.000000 1.000000
145401 0.000000 0.000000 0.000000 1.000000
145402 0.000000 0.000000 0.000000 1.000000
145403 0.000000 0.000000 0.000000 1.000000
145404 0.000000 0.000000 0.000000 1.000000
145405 0.000000 0.000000 0.000000 1.000000
145406 0.000000 0.000000 0.000000 1.000000
145407 0.000000 0.000000 0.000000 1.000000
145408 0.000000 0.000000 0.000000 1.000000
145409 0.000000 0.000000 0.000000 1.000000
145410 0.000000 0.000000 0.000000 1.000000
145411 0.000000 0.000000 0.000000 1.000000
145412 0.000000 0.000000 0.000000 1.000000
145413 0.000000 0.000000 0.000000 1.000000
145414 0.000000 0.000000 0.000000 1.000000
145415 0.000000 0.000000 0.000000 1.000000
145416 0.000000 0.000000 0.000000 1.000000
145417 0.000000 0.000000 0.000000 1.000000
145418 0.000000 0.000000 0.000000 1.000000
145419 0.000000 0.000000 0.000000 1.000000
145420 0.000000 0.000000 0.000000 1.000000
145446 0.000000 0.000000 0.000000 1.000000
145447 0.000000 0.000000 0.000000 1.000000
145473 0.000000 0.000000 0.000000 1.000000
145474 0.000000 0.000000 0.000000 1.000000
145475 0.000000 0.000000 0.000000 1.000000
145476 0.000000 0.000000 0.000000 1.000000
145477 0.000000 0.000000 0.000000 1.000000
145478 0.000000 0.000000 0.000000 1.000000
145479 0.000000 0.000000 0.000000 1.000000
145480 0.000000 0.000000 0.000000 1.000000
145481 0.000000 0.000000 0.000000 1.000000
145482 0.000000 0.000000 0.000000 1.000000
145483 0.000000 0.000000 0.000000 1.000000
145484 0.000000 0.000000 0.000000 1.000000
145485 0.000000 0.000000 0.000000 1.000000
145486 0.000000 0.000000 0.000000 1.000000
145487 0.000000 0.000000 0.000000 1.000000
145488 0.000000 0.000000 0.000000 1.000000
145489 0.000000 0.000000 0.000000 1.000000
145490 0.000000 0.000000 0.000000 1.000000
145491 0.000000 0.000000 0.000000 1.000000
145492 0.000000 0.000000 0.000000 1.000000
145493 0.000000 0.000000 0.000000 1.000000
145494 0.000000 0.000000 0.000000 1.000000
145495 0.000000 0.000000 0.000000 1.000000
145496 0.000000 0.000000 0.000000 1.000000
145497 0.000000 0.000000 0.000000 1.000000
145498 0.000000 0.000000 0.000000 1.000000
145499 0.000000 0.000000 0.000000 1.000000
145500 0.000000 0.000000 0.000000 1.000000
145501 0.000000 0.000000 0.000000 1.000000
145502 0.000000 0.000000 0.000000 1.000000
145503 0.000000 0.000000 0.000000 1.000000
145504 0.000000 0.000000 0.000000 1.000000
145505 0.000000 0.000000 0.000000 1.000000
145506 0.000000 0.000000 0.000000 1.000000
145507 0.000000 0.000000 0.000000 1.000000
145508 0.000000 0.000000 0.000000 1.000000
145509 0.000000 0.000000 0.000000 1.000000
145510 0.000000 0.000000 0.000000 1.000000
145511 0.000000 0.000000 0.000000 1.000000
145512 0.000000 0.000000 0.000000 1.000000
145513 0.000000 0.000000 0.000000 1.000000
145514 0.000000 0.000000 0.000000 1.000000
145515 0.000000 0.000000 0.000000 1.000000
145516 0.000000 0.000000 0.000000 1.000000
145517 0.000000 0.000000 0.000000 1.000000
145518 0.000000 0.000000 0.000000 1.000000
145519 0.000000 0.000000 0.000000 1.000000
145520 0.000000 0.000000 0.000000 1.000000
145521 0.000000 0.000000 0.000000 1.000000
152416 0.000000 0.000000 0.000000 1.000000
152417 0.000000 0.000000 0.000000 1.000000
152418 0.000000 0.000000 0.000000 1.000000
152419 0.000000 0.000000 0.000000 1.000000
152420 0.000000 0.000000 0.000000 1.000000
152421 0.000000 0.000000 0.000000 1.000000
152422 0.000000 0.000000 0.000000 1.000000
152423 0.000000 0.000000 0.000000 1.000000
152424 0.000000 0.000000 0.000000 1.000000
152425 0.000000 0.000000 0.000000 1.000000
152426 0.000000 0.000000 0.000000 1.000000
152427 0.000000 0.000000 0.000000 1.000000
152428 0.000000 0.000000 0.000000 1.000000
152429 0.000000 0.000000 0.000000 1.000000
152430 0.000000 0.000000 0.000000 1.000000
152431 0.000000 0.000000 0.000000 1.000000
152432 0.000000 0.000000 0.000000 1.000000
152433 0.000000 0.000000 0.000000 1.000000
152434 0.000000 0.000000 0.000000 1.000000
152435 0.000000 0.000000 0.000000 1.000000
152436 0.000000 0.000000 0.000000 1.000000
152437 0.000000 0.000000 0.000000 1.000000
152438 0.000000 0.000000 0.000000 1.000000
152439 0.000000 0.000000 0.000000 1.000000
152440 0.000000 0.000000 0.000000 1.000000
152441 0.000000 0.000000 0.000000 1.000000
152443 0.000000 0.000000 0.000000 1.000000
152444 0.000000 0.000000 0.000000 1.000000
152445 0.000000 0.000000 0.000000 1.000000
152446 0.000000 0.000000 0.000000 1.000000
152447 0.000000 0.000000 0.000000 1.000000
152448 0.000000 0.000000 0.000000 1.000000
152449 0.000000 0.000000 0.000000 1.000000
152450 0.000000 0.000000 0.000000 1.000000
152451 0.000000 0.000000 0.000000 1.000000
152452 0.000000 0.000000 0.000000 1.000000
152453 0.000000 0.000000 0.000000 1.000000
152454 0.000000 0.000000 0.000000 1.000000
152455 0.000000 0.000000 0.000000 1.000000
152456 0.000000 0.000000 0.000000 1.000000
152457 0.000000 0.000000 0.000000 1.000000
152458 0.000000 0.000000 0.000000 1.000000
152459 0.000000 0.000000 0.000000 1.000000
152460 0.000000 0.000000 0.000000 1.000000
152461 0.000000 0.000000 0.000000 1.000000
152462 0.000000 0.000000 0.000000 1.000000
152463 0.000000 0.000000 0.000000 1.000000
152464 0.000000 0.000000 0.000000 1.000000
152465 0.000000 0.000000 0.000000 1.000000
152466 0.000000 0.000000 0.000000 1.000000
152467 0.000000 0.000000 0.000000 1.000000
152497 0.000000 0.000000 0.000000 1.000000
152498 0.000000 0.000000 0.000000 1.000000
152499 0.000000 0.000000 0.000000 1.000000
152500 0.000000 0.000000 0.000000 1.000000
152501 0.000000 0.000000 0.000000 1.000000
152502 0.000000 0.000000 0.000000 1.000000
152503 0.000000 0.000000 0.000000 1.000000
152504 0.000000 0.000000 0.000000 1.000000
152505 0.000000 0.000000 0.000000 1.000000
152506 0.000000 0.000000 0.000000 1.000000
152507 0.000000 0.000000 0.000000 1.000000
152508 0.000000 0.000000 0.000000 1.000000
152509 0.000000 0.000000 0.000000 1.000000
152510 0.000000 0.000000 0.000000 1.000000
152511 0.000000 0.000000 0.000000 1.000000
152512 0.000000 0.000000 0.000000 1.000000
152513 0.000000 0.000000 0.000000 1.000000
152514 0.000000 0.000000 0.000000 1.000000
152515 0.000000 0.000000 0.000000 1.000000
152516 0.000000 0.000000 0.000000 1.000000
152517 0.000000 0.000000 0.000000 1.000000
152518 0.000000 0.000000 0.000000 1.000000
152519 0.000000 0.000000 0.000000 1.000000
152520 0.000000 0.000000 0.000000 1.000000
152521 0.000000 0.000000 0.000000 1.000000
152522 0.000000 0.000000 0.000000 1.000000
152523 0.000000 0.000000 0.000000 1.000000
152526 0.000000 0.000000 0.000000 1.000000
152528 0.000000 0.000000 0.000000 1.000000
152529 0.000000 0.000000 0.000000 1.000000
152530 0.000000 0.000000 0.000000 1.000000
152531 0.000000 0.000000 0.000000 1.000000
152532 0.000000 0.000000 0.000000 1.000000
152535 0.000000 0.000000 0.000000 1.000000
152537 0.000000 0.000000 0.000000 1.000000
152538 0.000000 0.000000 0.000000 1.000000
152539 0.000000 0.000000 0.000000 1.000000
152540 0.000000 0.000000 0.000000 1.000000
152541 0.000000 0.000000 0.000000 1.000000
152542 0.000000 0.000000 0.000000 1.000000
152543 0.000000 0.000000 0.000000 1.000000
152544 0.000000 0.000000 0.000000 1.000000
152545 0.000000 0.000000 0.000000 1.000000
152546 0.000000 0.000000 0.000000 1.000000
152547 0.000000 0.000000 0.000000 1.000000
152548 0.000000 0.000000 0.000000 1.000000
152549 0.000000 0.000000 0.000000 1.000000
152550 0.000000 0.000000 0.000000 1.000000
152551 0.000000 0.000000 0.000000 1.000000
152552 0.000000 0.000000 0.000000 1.000000
152553 0.000000 0.000000 0.000000 1.000000
152554 0.000000 0.000000 0.000000 1.000000
152555 0.000000 0.000000 0.000000 1.000000
152556 0.000000 0.000000 0.000000 1.000000
152557 0.000000 0.000000 0.000000 1.000000
