#
1682
64 0.000000 0.000000 0.000000 1.000000
188 0.000000 0.000000 0.000000 1.000000
295 0.000000 0.000000 0.000000 1.000000
404 0.000000 0.000000 0.000000 1.000000
406 0.000000 0.000000 0.000000 1.000000
914 0.000000 0.000000 0.000000 1.000000
915 0.000000 0.000000 0.000000 1.000000
916 0.000000 0.000000 0.000000 1.000000
925 0.000000 0.000000 0.000000 1.000000
926 0.000000 0.000000 0.000000 1.000000
927 0.000000 0.000000 0.000000 1.000000
928 0.000000 0.000000 0.000000 1.000000
1485 0.000000 0.000000 0.000000 1.000000
1669 0.000000 0.000000 0.000000 1.000000
1683 0.000000 0.000000 0.000000 1.000000
1904 0.000000 0.000000 0.000000 1.000000
1906 0.000000 0.000000 0.000000 1.000000
1907 0.000000 0.000000 0.000000 1.000000
1908 0.000000 0.000000 0.000000 1.000000
1909 0.000000 0.000000 0.000000 1.000000
1910 0.000000 0.000000 0.000000 1.000000
1911 0.000000 0.000000 0.000000 1.000000
1912 0.000000 0.000000 0.000000 1.000000
1923 0.000000 0.000000 0.000000 1.000000
1924 0.000000 0.000000 0.000000 1.000000
2834 0.000000 0.000000 0.000000 1.000000
2835 0.000000 0.000000 0.000000 1.000000
2836 0.000000 0.000000 0.000000 1.000000
2845 0.000000 0.000000 0.000000 1.000000
2846 0.000000 0.000000 0.000000 1.000000
2847 0.000000 0.000000 0.000000 1.000000
2848 0.000000 0.000000 0.000000 1.000000
3742 0.000000 0.000000 0.000000 1.000000
3765 0.000000 0.000000 0.000000 1.000000
4184 0.000000 0.000000 0.000000 1.000000
4185 0.000000 0.000000 0.000000 1.000000
4186 0.000000 0.000000 0.000000 1.000000
4187 0.000000 0.000000 0.000000 1.000000
4188 0.000000 0.000000 0.000000 1.000000
4189 0.000000 0.000000 0.000000 1.000000
4190 0.000000 0.000000 0.000000 1.000000
4191 0.000000 0.000000 0.000000 1.000000
4192 0.000000 0.000000 0.000000 1.000000
4193 0.000000 0.000000 0.000000 1.000000
4194 0.000000 0.000000 0.000000 1.000000
4197 0.000000 0.000000 0.000000 1.000000
4198 0.000000 0.000000 0.000000 1.000000
4199 0.000000 0.000000 0.000000 1.000000
4200 0.000000 0.000000 0.000000 1.000000
4201 0.000000 0.000000 0.000000 1.000000
4218 0.000000 0.000000 0.000000 1.000000
4223 0.000000 0.000000 0.000000 1.000000
4225 0.000000 0.000000 0.000000 1.000000
4226 0.000000 0.000000 0.000000 1.000000
4227 0.000000 0.000000 0.000000 1.000000
4228 0.000000 0.000000 0.000000 1.000000
5184 0.000000 0.000000 0.000000 1.000000
6003 0.000000 0.000000 0.000000 1.000000
6254 0.000000 0.000000 0.000000 1.000000
6255 0.000000 0.000000 0.000000 1.000000
6256 0.000000 0.000000 0.000000 1.000000
6257 0.000000 0.000000 0.000000 1.000000
6258 0.000000 0.000000 0.000000 1.000000
6260 0.000000 0.000000 0.000000 1.000000
6273 0.000000 0.000000 0.000000 1.000000
6274 0.000000 0.000000 0.000000 1.000000
6275 0.000000 0.000000 0.000000 1.000000
6276 0.000000 0.000000 0.000000 1.000000
6277 0.000000 0.000000 0.000000 1.000000
6278 0.000000 0.000000 0.000000 1.000000
6279 0.000000 0.000000 0.000000 1.000000
6280 0.000000 0.000000 0.000000 1.000000
7304 0.000000 0.000000 0.000000 1.000000
7305 0.000000 0.000000 0.000000 1.000000
7324 0.000000 0.000000 0.000000 1.000000
7735 0.000000 0.000000 0.000000 1.000000
7767 0.000000 0.000000 0.000000 1.000000
7768 0.000000 0.000000 0.000000 1.000000
7769 0.000000 0.000000 0.000000 1.000000
8326 0.000000 0.000000 0.000000 1.000000
8327 0.000000 0.000000 0.000000 1.000000
8328 0.000000 0.000000 0.000000 1.000000
8329 0.000000 0.000000 0.000000 1.000000
8330 0.000000 0.000000 0.000000 1.000000
8331 0.000000 0.000000 0.000000 1.000000
8332 0.000000 0.000000 0.000000 1.000000
8333 0.000000 0.000000 0.000000 1.000000
8334 0.000000 0.000000 0.000000 1.000000
8335 0.000000 0.000000 0.000000 1.000000
8336 0.000000 0.000000 0.000000 1.000000
8337 0.000000 0.000000 0.000000 1.000000
8339 0.000000 0.000000 0.000000 1.000000
8340 0.000000 0.000000 0.000000 1.000000
8341 0.000000 0.000000 0.000000 1.000000
8342 0.000000 0.000000 0.000000 1.000000
8343 0.000000 0.000000 0.000000 1.000000
8344 0.000000 0.000000 0.000000 1.000000
8345 0.000000 0.000000 0.000000 1.000000
8346 0.000000 0.000000 0.000000 1.000000
8373 0.000000 0.000000 0.000000 1.000000
8374 0.000000 0.000000 0.000000 1.000000
8375 0.000000 0.000000 0.000000 1.000000
8376 0.000000 0.000000 0.000000 1.000000
8377 0.000000 0.000000 0.000000 1.000000
8378 0.000000 0.000000 0.000000 1.000000
8379 0.000000 0.000000 0.000000 1.000000
9548 0.000000 0.000000 0.000000 1.000000
10514 0.000000 0.000000 0.000000 1.000000
10515 0.000000 0.000000 0.000000 1.000000
10516 0.000000 0.000000 0.000000 1.000000
10525 0.000000 0.000000 0.000000 1.000000
10526 0.000000 0.000000 0.000000 1.000000
10527 0.000000 0.000000 0.000000 1.000000
10528 0.000000 0.000000 0.000000 1.000000
11422 0.000000 0.000000 0.000000 1.000000
11423 0.000000 0.000000 0.000000 1.000000
11445 0.000000 0.000000 0.000000 1.000000
11864 0.000000 0.000000 0.000000 1.000000
11865 0.000000 0.000000 0.000000 1.000000
11866 0.000000 0.000000 0.000000 1.000000
11867 0.000000 0.000000 0.000000 1.000000
11868 0.000000 0.000000 0.000000 1.000000
11869 0.000000 0.000000 0.000000 1.000000
11870 0.000000 0.000000 0.000000 1.000000
11871 0.000000 0.000000 0.000000 1.000000
11873 0.000000 0.000000 0.000000 1.000000
11874 0.000000 0.000000 0.000000 1.000000
11877 0.000000 0.000000 0.000000 1.000000
11878 0.000000 0.000000 0.000000 1.000000
11879 0.000000 0.000000 0.000000 1.000000
11880 0.000000 0.000000 0.000000 1.000000
11897 0.000000 0.000000 0.000000 1.000000
11905 0.000000 0.000000 0.000000 1.000000
11906 0.000000 0.000000 0.000000 1.000000
11907 0.000000 0.000000 0.000000 1.000000
11908 0.000000 0.000000 0.000000 1.000000
14264 0.000000 0.000000 0.000000 1.000000
14265 0.000000 0.000000 0.000000 1.000000
14266 0.000000 0.000000 0.000000 1.000000
14267 0.000000 0.000000 0.000000 1.000000
14268 0.000000 0.000000 0.000000 1.000000
14269 0.000000 0.000000 0.000000 1.000000
14270 0.000000 0.000000 0.000000 1.000000
14271 0.000000 0.000000 0.000000 1.000000
14295 0.000000 0.000000 0.000000 1.000000
14296 0.000000 0.000000 0.000000 1.000000
14297 0.000000 0.000000 0.000000 1.000000
14298 0.000000 0.000000 0.000000 1.000000
14299 0.000000 0.000000 0.000000 1.000000
14300 0.000000 0.000000 0.000000 1.000000
14301 0.000000 0.000000 0.000000 1.000000
14302 0.000000 0.000000 0.000000 1.000000
14303 0.000000 0.000000 0.000000 1.000000
14304 0.000000 0.000000 0.000000 1.000000
14305 0.000000 0.000000 0.000000 1.000000
14306 0.000000 0.000000 0.000000 1.000000
14307 0.000000 0.000000 0.000000 1.000000
14308 0.000000 0.000000 0.000000 1.000000
16064 0.000000 0.000000 0.000000 1.000000
16065 0.000000 0.000000 0.000000 1.000000
16107 0.000000 0.000000 0.000000 1.000000
16108 0.000000 0.000000 0.000000 1.000000
16987 0.000000 0.000000 0.000000 1.000000
17055 0.000000 0.000000 0.000000 1.000000
17056 0.000000 0.000000 0.000000 1.000000
17057 0.000000 0.000000 0.000000 1.000000
18315 0.000000 0.000000 0.000000 1.000000
18316 0.000000 0.000000 0.000000 1.000000
18317 0.000000 0.000000 0.000000 1.000000
18318 0.000000 0.000000 0.000000 1.000000
18319 0.000000 0.000000 0.000000 1.000000
18320 0.000000 0.000000 0.000000 1.000000
18321 0.000000 0.000000 0.000000 1.000000
18322 0.000000 0.000000 0.000000 1.000000
18323 0.000000 0.000000 0.000000 1.000000
18324 0.000000 0.000000 0.000000 1.000000
18325 0.000000 0.000000 0.000000 1.000000
18326 0.000000 0.000000 0.000000 1.000000
18327 0.000000 0.000000 0.000000 1.000000
18328 0.000000 0.000000 0.000000 1.000000
18329 0.000000 0.000000 0.000000 1.000000
18330 0.000000 0.000000 0.000000 1.000000
18331 0.000000 0.000000 0.000000 1.000000
18332 0.000000 0.000000 0.000000 1.000000
18333 0.000000 0.000000 0.000000 1.000000
18334 0.000000 0.000000 0.000000 1.000000
18335 0.000000 0.000000 0.000000 1.000000
18336 0.000000 0.000000 0.000000 1.000000
18337 0.000000 0.000000 0.000000 1.000000
18338 0.000000 0.000000 0.000000 1.000000
18339 0.000000 0.000000 0.000000 1.000000
18340 0.000000 0.000000 0.000000 1.000000
18341 0.000000 0.000000 0.000000 1.000000
18342 0.000000 0.000000 0.000000 1.000000
18343 0.000000 0.000000 0.000000 1.000000
18344 0.000000 0.000000 0.000000 1.000000
18348 0.000000 0.000000 0.000000 1.000000
18350 0.000000 0.000000 0.000000 1.000000
18351 0.000000 0.000000 0.000000 1.000000
18352 0.000000 0.000000 0.000000 1.000000
18353 0.000000 0.000000 0.000000 1.000000
18354 0.000000 0.000000 0.000000 1.000000
18355 0.000000 0.000000 0.000000 1.000000
18356 0.000000 0.000000 0.000000 1.000000
18357 0.000000 0.000000 0.000000 1.000000
18358 0.000000 0.000000 0.000000 1.000000
18359 0.000000 0.000000 0.000000 1.000000
18360 0.000000 0.000000 0.000000 1.000000
18361 0.000000 0.000000 0.000000 1.000000
18362 0.000000 0.000000 0.000000 1.000000
18363 0.000000 0.000000 0.000000 1.000000
18364 0.000000 0.000000 0.000000 1.000000
18365 0.000000 0.000000 0.000000 1.000000
18366 0.000000 0.000000 0.000000 1.000000
18413 0.000000 0.000000 0.000000 1.000000
18414 0.000000 0.000000 0.000000 1.000000
18415 0.000000 0.000000 0.000000 1.000000
18430 0.000000 0.000000 0.000000 1.000000
18431 0.000000 0.000000 0.000000 1.000000
18432 0.000000 0.000000 0.000000 1.000000
18433 0.000000 0.000000 0.000000 1.000000
18434 0.000000 0.000000 0.000000 1.000000
18435 0.000000 0.000000 0.000000 1.000000
18436 0.000000 0.000000 0.000000 1.000000
18437 0.000000 0.000000 0.000000 1.000000
18438 0.000000 0.000000 0.000000 1.000000
18439 0.000000 0.000000 0.000000 1.000000
18440 0.000000 0.000000 0.000000 1.000000
18441 0.000000 0.000000 0.000000 1.000000
18442 0.000000 0.000000 0.000000 1.000000
18443 0.000000 0.000000 0.000000 1.000000
18444 0.000000 0.000000 0.000000 1.000000
18445 0.000000 0.000000 0.000000 1.000000
18446 0.000000 0.000000 0.000000 1.000000
21308 0.000000 0.000000 0.000000 1.000000
21309 0.000000 0.000000 0.000000 1.000000
21310 0.000000 0.000000 0.000000 1.000000
23534 0.000000 0.000000 0.000000 1.000000
23535 0.000000 0.000000 0.000000 1.000000
23536 0.000000 0.000000 0.000000 1.000000
23537 0.000000 0.000000 0.000000 1.000000
23538 0.000000 0.000000 0.000000 1.000000
23553 0.000000 0.000000 0.000000 1.000000
23554 0.000000 0.000000 0.000000 1.000000
23555 0.000000 0.000000 0.000000 1.000000
23556 0.000000 0.000000 0.000000 1.000000
23557 0.000000 0.000000 0.000000 1.000000
23558 0.000000 0.000000 0.000000 1.000000
23559 0.000000 0.000000 0.000000 1.000000
23560 0.000000 0.000000 0.000000 1.000000
25168 0.000000 0.000000 0.000000 1.000000
25209 0.000000 0.000000 0.000000 1.000000
25210 0.000000 0.000000 0.000000 1.000000
25211 0.000000 0.000000 0.000000 1.000000
25964 0.000000 0.000000 0.000000 1.000000
25965 0.000000 0.000000 0.000000 1.000000
25966 0.000000 0.000000 0.000000 1.000000
25967 0.000000 0.000000 0.000000 1.000000
25968 0.000000 0.000000 0.000000 1.000000
25969 0.000000 0.000000 0.000000 1.000000
25970 0.000000 0.000000 0.000000 1.000000
25971 0.000000 0.000000 0.000000 1.000000
25972 0.000000 0.000000 0.000000 1.000000
25973 0.000000 0.000000 0.000000 1.000000
25974 0.000000 0.000000 0.000000 1.000000
25975 0.000000 0.000000 0.000000 1.000000
25976 0.000000 0.000000 0.000000 1.000000
25977 0.000000 0.000000 0.000000 1.000000
25978 0.000000 0.000000 0.000000 1.000000
25979 0.000000 0.000000 0.000000 1.000000
25980 0.000000 0.000000 0.000000 1.000000
25981 0.000000 0.000000 0.000000 1.000000
25982 0.000000 0.000000 0.000000 1.000000
25987 0.000000 0.000000 0.000000 1.000000
25988 0.000000 0.000000 0.000000 1.000000
25989 0.000000 0.000000 0.000000 1.000000
25990 0.000000 0.000000 0.000000 1.000000
25991 0.000000 0.000000 0.000000 1.000000
25992 0.000000 0.000000 0.000000 1.000000
25993 0.000000 0.000000 0.000000 1.000000
25994 0.000000 0.000000 0.000000 1.000000
25995 0.000000 0.000000 0.000000 1.000000
26024 0.000000 0.000000 0.000000 1.000000
26025 0.000000 0.000000 0.000000 1.000000
26037 0.000000 0.000000 0.000000 1.000000
26038 0.000000 0.000000 0.000000 1.000000
26039 0.000000 0.000000 0.000000 1.000000
26040 0.000000 0.000000 0.000000 1.000000
26041 0.000000 0.000000 0.000000 1.000000
26042 0.000000 0.000000 0.000000 1.000000
26043 0.000000 0.000000 0.000000 1.000000
26044 0.000000 0.000000 0.000000 1.000000
29367 0.000000 0.000000 0.000000 1.000000
29954 0.000000 0.000000 0.000000 1.000000
29955 0.000000 0.000000 0.000000 1.000000
29956 0.000000 0.000000 0.000000 1.000000
29957 0.000000 0.000000 0.000000 1.000000
29958 0.000000 0.000000 0.000000 1.000000
29959 0.000000 0.000000 0.000000 1.000000
29960 0.000000 0.000000 0.000000 1.000000
29961 0.000000 0.000000 0.000000 1.000000
29962 0.000000 0.000000 0.000000 1.000000
29963 0.000000 0.000000 0.000000 1.000000
29964 0.000000 0.000000 0.000000 1.000000
29997 0.000000 0.000000 0.000000 1.000000
29998 0.000000 0.000000 0.000000 1.000000
29999 0.000000 0.000000 0.000000 1.000000
30000 0.000000 0.000000 0.000000 1.000000
30001 0.000000 0.000000 0.000000 1.000000
30002 0.000000 0.000000 0.000000 1.000000
30003 0.000000 0.000000 0.000000 1.000000
30004 0.000000 0.000000 0.000000 1.000000
30005 0.000000 0.000000 0.000000 1.000000
30006 0.000000 0.000000 0.000000 1.000000
30007 0.000000 0.000000 0.000000 1.000000
30009 0.000000 0.000000 0.000000 1.000000
30010 0.000000 0.000000 0.000000 1.000000
30011 0.000000 0.000000 0.000000 1.000000
30012 0.000000 0.000000 0.000000 1.000000
30013 0.000000 0.000000 0.000000 1.000000
30014 0.000000 0.000000 0.000000 1.000000
30015 0.000000 0.000000 0.000000 1.000000
30016 0.000000 0.000000 0.000000 1.000000
32444 0.000000 0.000000 0.000000 1.000000
32445 0.000000 0.000000 0.000000 1.000000
32446 0.000000 0.000000 0.000000 1.000000
32447 0.000000 0.000000 0.000000 1.000000
32448 0.000000 0.000000 0.000000 1.000000
32498 0.000000 0.000000 0.000000 1.000000
32499 0.000000 0.000000 0.000000 1.000000
32500 0.000000 0.000000 0.000000 1.000000
33613 0.000000 0.000000 0.000000 1.000000
33700 0.000000 0.000000 0.000000 1.000000
33701 0.000000 0.000000 0.000000 1.000000
33702 0.000000 0.000000 0.000000 1.000000
33703 0.000000 0.000000 0.000000 1.000000
33704 0.000000 0.000000 0.000000 1.000000
35266 0.000000 0.000000 0.000000 1.000000
35267 0.000000 0.000000 0.000000 1.000000
35268 0.000000 0.000000 0.000000 1.000000
35269 0.000000 0.000000 0.000000 1.000000
35270 0.000000 0.000000 0.000000 1.000000
35275 0.000000 0.000000 0.000000 1.000000
35276 0.000000 0.000000 0.000000 1.000000
35277 0.000000 0.000000 0.000000 1.000000
35278 0.000000 0.000000 0.000000 1.000000
35279 0.000000 0.000000 0.000000 1.000000
35280 0.000000 0.000000 0.000000 1.000000
35281 0.000000 0.000000 0.000000 1.000000
35282 0.000000 0.000000 0.000000 1.000000
35287 0.000000 0.000000 0.000000 1.000000
35288 0.000000 0.000000 0.000000 1.000000
35290 0.000000 0.000000 0.000000 1.000000
35291 0.000000 0.000000 0.000000 1.000000
35292 0.000000 0.000000 0.000000 1.000000
35293 0.000000 0.000000 0.000000 1.000000
35294 0.000000 0.000000 0.000000 1.000000
35295 0.000000 0.000000 0.000000 1.000000
35296 0.000000 0.000000 0.000000 1.000000
35297 0.000000 0.000000 0.000000 1.000000
35298 0.000000 0.000000 0.000000 1.000000
35299 0.000000 0.000000 0.000000 1.000000
35300 0.000000 0.000000 0.000000 1.000000
35301 0.000000 0.000000 0.000000 1.000000
35302 0.000000 0.000000 0.000000 1.000000
35303 0.000000 0.000000 0.000000 1.000000
35304 0.000000 0.000000 0.000000 1.000000
35306 0.000000 0.000000 0.000000 1.000000
35307 0.000000 0.000000 0.000000 1.000000
35308 0.000000 0.000000 0.000000 1.000000
35309 0.000000 0.000000 0.000000 1.000000
35310 0.000000 0.000000 0.000000 1.000000
35311 0.000000 0.000000 0.000000 1.000000
35312 0.000000 0.000000 0.000000 1.000000
35313 0.000000 0.000000 0.000000 1.000000
35314 0.000000 0.000000 0.000000 1.000000
35315 0.000000 0.000000 0.000000 1.000000
35316 0.000000 0.000000 0.000000 1.000000
35317 0.000000 0.000000 0.000000 1.000000
35318 0.000000 0.000000 0.000000 1.000000
35319 0.000000 0.000000 0.000000 1.000000
35320 0.000000 0.000000 0.000000 1.000000
35321 0.000000 0.000000 0.000000 1.000000
35322 0.000000 0.000000 0.000000 1.000000
35323 0.000000 0.000000 0.000000 1.000000
35324 0.000000 0.000000 0.000000 1.000000
35325 0.000000 0.000000 0.000000 1.000000
35326 0.000000 0.000000 0.000000 1.000000
35327 0.000000 0.000000 0.000000 1.000000
35328 0.000000 0.000000 0.000000 1.000000
35385 0.000000 0.000000 0.000000 1.000000
35386 0.000000 0.000000 0.000000 1.000000
35403 0.000000 0.000000 0.000000 1.000000
35404 0.000000 0.000000 0.000000 1.000000
35405 0.000000 0.000000 0.000000 1.000000
35406 0.000000 0.000000 0.000000 1.000000
35407 0.000000 0.000000 0.000000 1.000000
35408 0.000000 0.000000 0.000000 1.000000
35409 0.000000 0.000000 0.000000 1.000000
35410 0.000000 0.000000 0.000000 1.000000
35411 0.000000 0.000000 0.000000 1.000000
35413 0.000000 0.000000 0.000000 1.000000
35414 0.000000 0.000000 0.000000 1.000000
35415 0.000000 0.000000 0.000000 1.000000
35416 0.000000 0.000000 0.000000 1.000000
35417 0.000000 0.000000 0.000000 1.000000
35418 0.000000 0.000000 0.000000 1.000000
35419 0.000000 0.000000 0.000000 1.000000
35420 0.000000 0.000000 0.000000 1.000000
35421 0.000000 0.000000 0.000000 1.000000
35422 0.000000 0.000000 0.000000 1.000000
35424 0.000000 0.000000 0.000000 1.000000
35425 0.000000 0.000000 0.000000 1.000000
38882 0.000000 0.000000 0.000000 1.000000
38883 0.000000 0.000000 0.000000 1.000000
38885 0.000000 0.000000 0.000000 1.000000
41234 0.000000 0.000000 0.000000 1.000000
41235 0.000000 0.000000 0.000000 1.000000
41236 0.000000 0.000000 0.000000 1.000000
41245 0.000000 0.000000 0.000000 1.000000
41246 0.000000 0.000000 0.000000 1.000000
41247 0.000000 0.000000 0.000000 1.000000
41248 0.000000 0.000000 0.000000 1.000000
42142 0.000000 0.000000 0.000000 1.000000
42143 0.000000 0.000000 0.000000 1.000000
42165 0.000000 0.000000 0.000000 1.000000
42166 0.000000 0.000000 0.000000 1.000000
42167 0.000000 0.000000 0.000000 1.000000
42584 0.000000 0.000000 0.000000 1.000000
42585 0.000000 0.000000 0.000000 1.000000
42586 0.000000 0.000000 0.000000 1.000000
42587 0.000000 0.000000 0.000000 1.000000
42588 0.000000 0.000000 0.000000 1.000000
42589 0.000000 0.000000 0.000000 1.000000
42590 0.000000 0.000000 0.000000 1.000000
42591 0.000000 0.000000 0.000000 1.000000
42593 0.000000 0.000000 0.000000 1.000000
42598 0.000000 0.000000 0.000000 1.000000
42599 0.000000 0.000000 0.000000 1.000000
42600 0.000000 0.000000 0.000000 1.000000
42617 0.000000 0.000000 0.000000 1.000000
42618 0.000000 0.000000 0.000000 1.000000
42625 0.000000 0.000000 0.000000 1.000000
42626 0.000000 0.000000 0.000000 1.000000
42627 0.000000 0.000000 0.000000 1.000000
42628 0.000000 0.000000 0.000000 1.000000
44984 0.000000 0.000000 0.000000 1.000000
44985 0.000000 0.000000 0.000000 1.000000
44986 0.000000 0.000000 0.000000 1.000000
44987 0.000000 0.000000 0.000000 1.000000
44988 0.000000 0.000000 0.000000 1.000000
44989 0.000000 0.000000 0.000000 1.000000
44990 0.000000 0.000000 0.000000 1.000000
44991 0.000000 0.000000 0.000000 1.000000
45015 0.000000 0.000000 0.000000 1.000000
45016 0.000000 0.000000 0.000000 1.000000
45017 0.000000 0.000000 0.000000 1.000000
45018 0.000000 0.000000 0.000000 1.000000
45019 0.000000 0.000000 0.000000 1.000000
45020 0.000000 0.000000 0.000000 1.000000
45021 0.000000 0.000000 0.000000 1.000000
45022 0.000000 0.000000 0.000000 1.000000
45023 0.000000 0.000000 0.000000 1.000000
45024 0.000000 0.000000 0.000000 1.000000
45025 0.000000 0.000000 0.000000 1.000000
45026 0.000000 0.000000 0.000000 1.000000
45027 0.000000 0.000000 0.000000 1.000000
45028 0.000000 0.000000 0.000000 1.000000
46784 0.000000 0.000000 0.000000 1.000000
46785 0.000000 0.000000 0.000000 1.000000
46827 0.000000 0.000000 0.000000 1.000000
46828 0.000000 0.000000 0.000000 1.000000
47707 0.000000 0.000000 0.000000 1.000000
47709 0.000000 0.000000 0.000000 1.000000
47775 0.000000 0.000000 0.000000 1.000000
47776 0.000000 0.000000 0.000000 1.000000
47777 0.000000 0.000000 0.000000 1.000000
49034 0.000000 0.000000 0.000000 1.000000
49035 0.000000 0.000000 0.000000 1.000000
49036 0.000000 0.000000 0.000000 1.000000
49037 0.000000 0.000000 0.000000 1.000000
49038 0.000000 0.000000 0.000000 1.000000
49039 0.000000 0.000000 0.000000 1.000000
49040 0.000000 0.000000 0.000000 1.000000
49041 0.000000 0.000000 0.000000 1.000000
49042 0.000000 0.000000 0.000000 1.000000
49043 0.000000 0.000000 0.000000 1.000000
49044 0.000000 0.000000 0.000000 1.000000
49045 0.000000 0.000000 0.000000 1.000000
49046 0.000000 0.000000 0.000000 1.000000
49047 0.000000 0.000000 0.000000 1.000000
49048 0.000000 0.000000 0.000000 1.000000
49049 0.000000 0.000000 0.000000 1.000000
49050 0.000000 0.000000 0.000000 1.000000
49051 0.000000 0.000000 0.000000 1.000000
49052 0.000000 0.000000 0.000000 1.000000
49053 0.000000 0.000000 0.000000 1.000000
49054 0.000000 0.000000 0.000000 1.000000
49055 0.000000 0.000000 0.000000 1.000000
49056 0.000000 0.000000 0.000000 1.000000
49057 0.000000 0.000000 0.000000 1.000000
49058 0.000000 0.000000 0.000000 1.000000
49059 0.000000 0.000000 0.000000 1.000000
49060 0.000000 0.000000 0.000000 1.000000
49061 0.000000 0.000000 0.000000 1.000000
49062 0.000000 0.000000 0.000000 1.000000
49063 0.000000 0.000000 0.000000 1.000000
49064 0.000000 0.000000 0.000000 1.000000
49068 0.000000 0.000000 0.000000 1.000000
49069 0.000000 0.000000 0.000000 1.000000
49070 0.000000 0.000000 0.000000 1.000000
49071 0.000000 0.000000 0.000000 1.000000
49072 0.000000 0.000000 0.000000 1.000000
49073 0.000000 0.000000 0.000000 1.000000
49074 0.000000 0.000000 0.000000 1.000000
49075 0.000000 0.000000 0.000000 1.000000
49076 0.000000 0.000000 0.000000 1.000000
49077 0.000000 0.000000 0.000000 1.000000
49078 0.000000 0.000000 0.000000 1.000000
49079 0.000000 0.000000 0.000000 1.000000
49080 0.000000 0.000000 0.000000 1.000000
49081 0.000000 0.000000 0.000000 1.000000
49082 0.000000 0.000000 0.000000 1.000000
49083 0.000000 0.000000 0.000000 1.000000
49084 0.000000 0.000000 0.000000 1.000000
49085 0.000000 0.000000 0.000000 1.000000
49086 0.000000 0.000000 0.000000 1.000000
49133 0.000000 0.000000 0.000000 1.000000
49134 0.000000 0.000000 0.000000 1.000000
49135 0.000000 0.000000 0.000000 1.000000
49150 0.000000 0.000000 0.000000 1.000000
49151 0.000000 0.000000 0.000000 1.000000
49152 0.000000 0.000000 0.000000 1.000000
49153 0.000000 0.000000 0.000000 1.000000
49154 0.000000 0.000000 0.000000 1.000000
49155 0.000000 0.000000 0.000000 1.000000
49156 0.000000 0.000000 0.000000 1.000000
49157 0.000000 0.000000 0.000000 1.000000
49158 0.000000 0.000000 0.000000 1.000000
49159 0.000000 0.000000 0.000000 1.000000
49160 0.000000 0.000000 0.000000 1.000000
49161 0.000000 0.000000 0.000000 1.000000
49162 0.000000 0.000000 0.000000 1.000000
49163 0.000000 0.000000 0.000000 1.000000
49164 0.000000 0.000000 0.000000 1.000000
49165 0.000000 0.000000 0.000000 1.000000
49166 0.000000 0.000000 0.000000 1.000000
49167 0.000000 0.000000 0.000000 1.000000
52028 0.000000 0.000000 0.000000 1.000000
52029 0.000000 0.000000 0.000000 1.000000
52030 0.000000 0.000000 0.000000 1.000000
54584 0.000000 0.000000 0.000000 1.000000
54585 0.000000 0.000000 0.000000 1.000000
54586 0.000000 0.000000 0.000000 1.000000
54587 0.000000 0.000000 0.000000 1.000000
54588 0.000000 0.000000 0.000000 1.000000
54589 0.000000 0.000000 0.000000 1.000000
54590 0.000000 0.000000 0.000000 1.000000
54591 0.000000 0.000000 0.000000 1.000000
54615 0.000000 0.000000 0.000000 1.000000
54616 0.000000 0.000000 0.000000 1.000000
54617 0.000000 0.000000 0.000000 1.000000
54618 0.000000 0.000000 0.000000 1.000000
54619 0.000000 0.000000 0.000000 1.000000
54620 0.000000 0.000000 0.000000 1.000000
54621 0.000000 0.000000 0.000000 1.000000
54622 0.000000 0.000000 0.000000 1.000000
54623 0.000000 0.000000 0.000000 1.000000
54624 0.000000 0.000000 0.000000 1.000000
54625 0.000000 0.000000 0.000000 1.000000
54626 0.000000 0.000000 0.000000 1.000000
54627 0.000000 0.000000 0.000000 1.000000
54628 0.000000 0.000000 0.000000 1.000000
57307 0.000000 0.000000 0.000000 1.000000
57308 0.000000 0.000000 0.000000 1.000000
57309 0.000000 0.000000 0.000000 1.000000
57375 0.000000 0.000000 0.000000 1.000000
57376 0.000000 0.000000 0.000000 1.000000
57377 0.000000 0.000000 0.000000 1.000000
58634 0.000000 0.000000 0.000000 1.000000
58635 0.000000 0.000000 0.000000 1.000000
58636 0.000000 0.000000 0.000000 1.000000
58637 0.000000 0.000000 0.000000 1.000000
58638 0.000000 0.000000 0.000000 1.000000
58639 0.000000 0.000000 0.000000 1.000000
58640 0.000000 0.000000 0.000000 1.000000
58641 0.000000 0.000000 0.000000 1.000000
58642 0.000000 0.000000 0.000000 1.000000
58643 0.000000 0.000000 0.000000 1.000000
58644 0.000000 0.000000 0.000000 1.000000
58645 0.000000 0.000000 0.000000 1.000000
58646 0.000000 0.000000 0.000000 1.000000
58647 0.000000 0.000000 0.000000 1.000000
58648 0.000000 0.000000 0.000000 1.000000
58649 0.000000 0.000000 0.000000 1.000000
58650 0.000000 0.000000 0.000000 1.000000
58651 0.000000 0.000000 0.000000 1.000000
58652 0.000000 0.000000 0.000000 1.000000
58653 0.000000 0.000000 0.000000 1.000000
58654 0.000000 0.000000 0.000000 1.000000
58655 0.000000 0.000000 0.000000 1.000000
58656 0.000000 0.000000 0.000000 1.000000
58657 0.000000 0.000000 0.000000 1.000000
58658 0.000000 0.000000 0.000000 1.000000
58659 0.000000 0.000000 0.000000 1.000000
58660 0.000000 0.000000 0.000000 1.000000
58661 0.000000 0.000000 0.000000 1.000000
58662 0.000000 0.000000 0.000000 1.000000
58663 0.000000 0.000000 0.000000 1.000000
58664 0.000000 0.000000 0.000000 1.000000
58671 0.000000 0.000000 0.000000 1.000000
58672 0.000000 0.000000 0.000000 1.000000
58673 0.000000 0.000000 0.000000 1.000000
58674 0.000000 0.000000 0.000000 1.000000
58675 0.000000 0.000000 0.000000 1.000000
58676 0.000000 0.000000 0.000000 1.000000
58677 0.000000 0.000000 0.000000 1.000000
58678 0.000000 0.000000 0.000000 1.000000
58679 0.000000 0.000000 0.000000 1.000000
58680 0.000000 0.000000 0.000000 1.000000
58681 0.000000 0.000000 0.000000 1.000000
58682 0.000000 0.000000 0.000000 1.000000
58683 0.000000 0.000000 0.000000 1.000000
58684 0.000000 0.000000 0.000000 1.000000
58685 0.000000 0.000000 0.000000 1.000000
58686 0.000000 0.000000 0.000000 1.000000
58733 0.000000 0.000000 0.000000 1.000000
58734 0.000000 0.000000 0.000000 1.000000
58755 0.000000 0.000000 0.000000 1.000000
58756 0.000000 0.000000 0.000000 1.000000
58757 0.000000 0.000000 0.000000 1.000000
58758 0.000000 0.000000 0.000000 1.000000
58759 0.000000 0.000000 0.000000 1.000000
58760 0.000000 0.000000 0.000000 1.000000
58761 0.000000 0.000000 0.000000 1.000000
58762 0.000000 0.000000 0.000000 1.000000
58763 0.000000 0.000000 0.000000 1.000000
58764 0.000000 0.000000 0.000000 1.000000
58765 0.000000 0.000000 0.000000 1.000000
58766 0.000000 0.000000 0.000000 1.000000
58767 0.000000 0.000000 0.000000 1.000000
58768 0.000000 0.000000 0.000000 1.000000
64575 0.000000 0.000000 0.000000 1.000000
64576 0.000000 0.000000 0.000000 1.000000
64577 0.000000 0.000000 0.000000 1.000000
65834 0.000000 0.000000 0.000000 1.000000
65835 0.000000 0.000000 0.000000 1.000000
65836 0.000000 0.000000 0.000000 1.000000
65837 0.000000 0.000000 0.000000 1.000000
65838 0.000000 0.000000 0.000000 1.000000
65839 0.000000 0.000000 0.000000 1.000000
65840 0.000000 0.000000 0.000000 1.000000
65841 0.000000 0.000000 0.000000 1.000000
65842 0.000000 0.000000 0.000000 1.000000
65843 0.000000 0.000000 0.000000 1.000000
65844 0.000000 0.000000 0.000000 1.000000
65845 0.000000 0.000000 0.000000 1.000000
65846 0.000000 0.000000 0.000000 1.000000
65847 0.000000 0.000000 0.000000 1.000000
65848 0.000000 0.000000 0.000000 1.000000
65849 0.000000 0.000000 0.000000 1.000000
65850 0.000000 0.000000 0.000000 1.000000
65851 0.000000 0.000000 0.000000 1.000000
65852 0.000000 0.000000 0.000000 1.000000
65853 0.000000 0.000000 0.000000 1.000000
65854 0.000000 0.000000 0.000000 1.000000
65855 0.000000 0.000000 0.000000 1.000000
65856 0.000000 0.000000 0.000000 1.000000
65925 0.000000 0.000000 0.000000 1.000000
65926 0.000000 0.000000 0.000000 1.000000
65927 0.000000 0.000000 0.000000 1.000000
65928 0.000000 0.000000 0.000000 1.000000
65929 0.000000 0.000000 0.000000 1.000000
65930 0.000000 0.000000 0.000000 1.000000
65931 0.000000 0.000000 0.000000 1.000000
65932 0.000000 0.000000 0.000000 1.000000
65933 0.000000 0.000000 0.000000 1.000000
65934 0.000000 0.000000 0.000000 1.000000
65935 0.000000 0.000000 0.000000 1.000000
65936 0.000000 0.000000 0.000000 1.000000
65937 0.000000 0.000000 0.000000 1.000000
65938 0.000000 0.000000 0.000000 1.000000
65939 0.000000 0.000000 0.000000 1.000000
65940 0.000000 0.000000 0.000000 1.000000
65941 0.000000 0.000000 0.000000 1.000000
65942 0.000000 0.000000 0.000000 1.000000
65943 0.000000 0.000000 0.000000 1.000000
65944 0.000000 0.000000 0.000000 1.000000
65945 0.000000 0.000000 0.000000 1.000000
65946 0.000000 0.000000 0.000000 1.000000
65947 0.000000 0.000000 0.000000 1.000000
65948 0.000000 0.000000 0.000000 1.000000
65949 0.000000 0.000000 0.000000 1.000000
65950 0.000000 0.000000 0.000000 1.000000
65951 0.000000 0.000000 0.000000 1.000000
65952 0.000000 0.000000 0.000000 1.000000
65953 0.000000 0.000000 0.000000 1.000000
65954 0.000000 0.000000 0.000000 1.000000
65955 0.000000 0.000000 0.000000 1.000000
65956 0.000000 0.000000 0.000000 1.000000
65957 0.000000 0.000000 0.000000 1.000000
65958 0.000000 0.000000 0.000000 1.000000
65959 0.000000 0.000000 0.000000 1.000000
65960 0.000000 0.000000 0.000000 1.000000
65961 0.000000 0.000000 0.000000 1.000000
65962 0.000000 0.000000 0.000000 1.000000
65963 0.000000 0.000000 0.000000 1.000000
65964 0.000000 0.000000 0.000000 1.000000
65965 0.000000 0.000000 0.000000 1.000000
65966 0.000000 0.000000 0.000000 1.000000
65967 0.000000 0.000000 0.000000 1.000000
65968 0.000000 0.000000 0.000000 1.000000
71234 0.000000 0.000000 0.000000 1.000000
71235 0.000000 0.000000 0.000000 1.000000
71236 0.000000 0.000000 0.000000 1.000000
71237 0.000000 0.000000 0.000000 1.000000
71238 0.000000 0.000000 0.000000 1.000000
71239 0.000000 0.000000 0.000000 1.000000
71240 0.000000 0.000000 0.000000 1.000000
71241 0.000000 0.000000 0.000000 1.000000
71348 0.000000 0.000000 0.000000 1.000000
71361 0.000000 0.000000 0.000000 1.000000
71362 0.000000 0.000000 0.000000 1.000000
71363 0.000000 0.000000 0.000000 1.000000
71364 0.000000 0.000000 0.000000 1.000000
71365 0.000000 0.000000 0.000000 1.000000
71366 0.000000 0.000000 0.000000 1.000000
71367 0.000000 0.000000 0.000000 1.000000
71368 0.000000 0.000000 0.000000 1.000000
74002 0.000000 0.000000 0.000000 1.000000
74205 0.000000 0.000000 0.000000 1.000000
74206 0.000000 0.000000 0.000000 1.000000
74207 0.000000 0.000000 0.000000 1.000000
74208 0.000000 0.000000 0.000000 1.000000
74209 0.000000 0.000000 0.000000 1.000000
74210 0.000000 0.000000 0.000000 1.000000
74211 0.000000 0.000000 0.000000 1.000000
74212 0.000000 0.000000 0.000000 1.000000
74213 0.000000 0.000000 0.000000 1.000000
74214 0.000000 0.000000 0.000000 1.000000
74215 0.000000 0.000000 0.000000 1.000000
77985 0.000000 0.000000 0.000000 1.000000
77986 0.000000 0.000000 0.000000 1.000000
77987 0.000000 0.000000 0.000000 1.000000
77988 0.000000 0.000000 0.000000 1.000000
77989 0.000000 0.000000 0.000000 1.000000
77990 0.000000 0.000000 0.000000 1.000000
77991 0.000000 0.000000 0.000000 1.000000
77992 0.000000 0.000000 0.000000 1.000000
77993 0.000000 0.000000 0.000000 1.000000
77994 0.000000 0.000000 0.000000 1.000000
77995 0.000000 0.000000 0.000000 1.000000
77996 0.000000 0.000000 0.000000 1.000000
77997 0.000000 0.000000 0.000000 1.000000
77998 0.000000 0.000000 0.000000 1.000000
77999 0.000000 0.000000 0.000000 1.000000
78001 0.000000 0.000000 0.000000 1.000000
78002 0.000000 0.000000 0.000000 1.000000
78007 0.000000 0.000000 0.000000 1.000000
78008 0.000000 0.000000 0.000000 1.000000
78009 0.000000 0.000000 0.000000 1.000000
78010 0.000000 0.000000 0.000000 1.000000
78011 0.000000 0.000000 0.000000 1.000000
78012 0.000000 0.000000 0.000000 1.000000
78013 0.000000 0.000000 0.000000 1.000000
78014 0.000000 0.000000 0.000000 1.000000
78015 0.000000 0.000000 0.000000 1.000000
78016 0.000000 0.000000 0.000000 1.000000
78017 0.000000 0.000000 0.000000 1.000000
78018 0.000000 0.000000 0.000000 1.000000
78019 0.000000 0.000000 0.000000 1.000000
78020 0.000000 0.000000 0.000000 1.000000
78021 0.000000 0.000000 0.000000 1.000000
78022 0.000000 0.000000 0.000000 1.000000
78023 0.000000 0.000000 0.000000 1.000000
78024 0.000000 0.000000 0.000000 1.000000
78025 0.000000 0.000000 0.000000 1.000000
78026 0.000000 0.000000 0.000000 1.000000
78027 0.000000 0.000000 0.000000 1.000000
78028 0.000000 0.000000 0.000000 1.000000
78029 0.000000 0.000000 0.000000 1.000000
78031 0.000000 0.000000 0.000000 1.000000
78032 0.000000 0.000000 0.000000 1.000000
78034 0.000000 0.000000 0.000000 1.000000
78036 0.000000 0.000000 0.000000 1.000000
78037 0.000000 0.000000 0.000000 1.000000
78038 0.000000 0.000000 0.000000 1.000000
78039 0.000000 0.000000 0.000000 1.000000
78040 0.000000 0.000000 0.000000 1.000000
78041 0.000000 0.000000 0.000000 1.000000
78042 0.000000 0.000000 0.000000 1.000000
78043 0.000000 0.000000 0.000000 1.000000
78044 0.000000 0.000000 0.000000 1.000000
78046 0.000000 0.000000 0.000000 1.000000
78047 0.000000 0.000000 0.000000 1.000000
78048 0.000000 0.000000 0.000000 1.000000
78049 0.000000 0.000000 0.000000 1.000000
78050 0.000000 0.000000 0.000000 1.000000
78051 0.000000 0.000000 0.000000 1.000000
78052 0.000000 0.000000 0.000000 1.000000
78053 0.000000 0.000000 0.000000 1.000000
78054 0.000000 0.000000 0.000000 1.000000
78055 0.000000 0.000000 0.000000 1.000000
78056 0.000000 0.000000 0.000000 1.000000
78057 0.000000 0.000000 0.000000 1.000000
78058 0.000000 0.000000 0.000000 1.000000
78059 0.000000 0.000000 0.000000 1.000000
78060 0.000000 0.000000 0.000000 1.000000
78061 0.000000 0.000000 0.000000 1.000000
78062 0.000000 0.000000 0.000000 1.000000
78063 0.000000 0.000000 0.000000 1.000000
78064 0.000000 0.000000 0.000000 1.000000
78065 0.000000 0.000000 0.000000 1.000000
78066 0.000000 0.000000 0.000000 1.000000
78067 0.000000 0.000000 0.000000 1.000000
78068 0.000000 0.000000 0.000000 1.000000
78069 0.000000 0.000000 0.000000 1.000000
78070 0.000000 0.000000 0.000000 1.000000
78071 0.000000 0.000000 0.000000 1.000000
78072 0.000000 0.000000 0.000000 1.000000
78073 0.000000 0.000000 0.000000 1.000000
78074 0.000000 0.000000 0.000000 1.000000
78075 0.000000 0.000000 0.000000 1.000000
78076 0.000000 0.000000 0.000000 1.000000
78077 0.000000 0.000000 0.000000 1.000000
78079 0.000000 0.000000 0.000000 1.000000
78081 0.000000 0.000000 0.000000 1.000000
78082 0.000000 0.000000 0.000000 1.000000
78086 0.000000 0.000000 0.000000 1.000000
78087 0.000000 0.000000 0.000000 1.000000
78088 0.000000 0.000000 0.000000 1.000000
78089 0.000000 0.000000 0.000000 1.000000
78090 0.000000 0.000000 0.000000 1.000000
78091 0.000000 0.000000 0.000000 1.000000
78092 0.000000 0.000000 0.000000 1.000000
78093 0.000000 0.000000 0.000000 1.000000
78094 0.000000 0.000000 0.000000 1.000000
78095 0.000000 0.000000 0.000000 1.000000
78096 0.000000 0.000000 0.000000 1.000000
78097 0.000000 0.000000 0.000000 1.000000
78098 0.000000 0.000000 0.000000 1.000000
78099 0.000000 0.000000 0.000000 1.000000
78100 0.000000 0.000000 0.000000 1.000000
78101 0.000000 0.000000 0.000000 1.000000
78102 0.000000 0.000000 0.000000 1.000000
78103 0.000000 0.000000 0.000000 1.000000
78104 0.000000 0.000000 0.000000 1.000000
78105 0.000000 0.000000 0.000000 1.000000
78106 0.000000 0.000000 0.000000 1.000000
78107 0.000000 0.000000 0.000000 1.000000
78108 0.000000 0.000000 0.000000 1.000000
78109 0.000000 0.000000 0.000000 1.000000
78110 0.000000 0.000000 0.000000 1.000000
78111 0.000000 0.000000 0.000000 1.000000
78112 0.000000 0.000000 0.000000 1.000000
78113 0.000000 0.000000 0.000000 1.000000
78114 0.000000 0.000000 0.000000 1.000000
78115 0.000000 0.000000 0.000000 1.000000
78116 0.000000 0.000000 0.000000 1.000000
78117 0.000000 0.000000 0.000000 1.000000
78118 0.000000 0.000000 0.000000 1.000000
78119 0.000000 0.000000 0.000000 1.000000
78120 0.000000 0.000000 0.000000 1.000000
78121 0.000000 0.000000 0.000000 1.000000
78122 0.000000 0.000000 0.000000 1.000000
78123 0.000000 0.000000 0.000000 1.000000
78124 0.000000 0.000000 0.000000 1.000000
78125 0.000000 0.000000 0.000000 1.000000
78126 0.000000 0.000000 0.000000 1.000000
78127 0.000000 0.000000 0.000000 1.000000
78128 0.000000 0.000000 0.000000 1.000000
78129 0.000000 0.000000 0.000000 1.000000
78130 0.000000 0.000000 0.000000 1.000000
78131 0.000000 0.000000 0.000000 1.000000
78132 0.000000 0.000000 0.000000 1.000000
78133 0.000000 0.000000 0.000000 1.000000
78134 0.000000 0.000000 0.000000 1.000000
78135 0.000000 0.000000 0.000000 1.000000
78136 0.000000 0.000000 0.000000 1.000000
78137 0.000000 0.000000 0.000000 1.000000
78138 0.000000 0.000000 0.000000 1.000000
78139 0.000000 0.000000 0.000000 1.000000
78140 0.000000 0.000000 0.000000 1.000000
78141 0.000000 0.000000 0.000000 1.000000
78278 0.000000 0.000000 0.000000 1.000000
78279 0.000000 0.000000 0.000000 1.000000
78280 0.000000 0.000000 0.000000 1.000000
78281 0.000000 0.000000 0.000000 1.000000
78282 0.000000 0.000000 0.000000 1.000000
78286 0.000000 0.000000 0.000000 1.000000
78287 0.000000 0.000000 0.000000 1.000000
78325 0.000000 0.000000 0.000000 1.000000
78326 0.000000 0.000000 0.000000 1.000000
78327 0.000000 0.000000 0.000000 1.000000
78328 0.000000 0.000000 0.000000 1.000000
78329 0.000000 0.000000 0.000000 1.000000
78332 0.000000 0.000000 0.000000 1.000000
78333 0.000000 0.000000 0.000000 1.000000
78334 0.000000 0.000000 0.000000 1.000000
78335 0.000000 0.000000 0.000000 1.000000
78336 0.000000 0.000000 0.000000 1.000000
78337 0.000000 0.000000 0.000000 1.000000
78338 0.000000 0.000000 0.000000 1.000000
78339 0.000000 0.000000 0.000000 1.000000
78340 0.000000 0.000000 0.000000 1.000000
78341 0.000000 0.000000 0.000000 1.000000
78342 0.000000 0.000000 0.000000 1.000000
78343 0.000000 0.000000 0.000000 1.000000
78344 0.000000 0.000000 0.000000 1.000000
78347 0.000000 0.000000 0.000000 1.000000
78348 0.000000 0.000000 0.000000 1.000000
78349 0.000000 0.000000 0.000000 1.000000
78350 0.000000 0.000000 0.000000 1.000000
78351 0.000000 0.000000 0.000000 1.000000
78352 0.000000 0.000000 0.000000 1.000000
78353 0.000000 0.000000 0.000000 1.000000
78354 0.000000 0.000000 0.000000 1.000000
78355 0.000000 0.000000 0.000000 1.000000
78356 0.000000 0.000000 0.000000 1.000000
78357 0.000000 0.000000 0.000000 1.000000
78358 0.000000 0.000000 0.000000 1.000000
78359 0.000000 0.000000 0.000000 1.000000
78360 0.000000 0.000000 0.000000 1.000000
78361 0.000000 0.000000 0.000000 1.000000
78362 0.000000 0.000000 0.000000 1.000000
78363 0.000000 0.000000 0.000000 1.000000
78364 0.000000 0.000000 0.000000 1.000000
78365 0.000000 0.000000 0.000000 1.000000
78366 0.000000 0.000000 0.000000 1.000000
78367 0.000000 0.000000 0.000000 1.000000
78368 0.000000 0.000000 0.000000 1.000000
78369 0.000000 0.000000 0.000000 1.000000
78370 0.000000 0.000000 0.000000 1.000000
78371 0.000000 0.000000 0.000000 1.000000
78372 0.000000 0.000000 0.000000 1.000000
78373 0.000000 0.000000 0.000000 1.000000
78374 0.000000 0.000000 0.000000 1.000000
78375 0.000000 0.000000 0.000000 1.000000
78376 0.000000 0.000000 0.000000 1.000000
78377 0.000000 0.000000 0.000000 1.000000
78378 0.000000 0.000000 0.000000 1.000000
78379 0.000000 0.000000 0.000000 1.000000
78380 0.000000 0.000000 0.000000 1.000000
86963 0.000000 0.000000 0.000000 1.000000
86965 0.000000 0.000000 0.000000 1.000000
86966 0.000000 0.000000 0.000000 1.000000
86967 0.000000 0.000000 0.000000 1.000000
86968 0.000000 0.000000 0.000000 1.000000
86969 0.000000 0.000000 0.000000 1.000000
86970 0.000000 0.000000 0.000000 1.000000
86971 0.000000 0.000000 0.000000 1.000000
86972 0.000000 0.000000 0.000000 1.000000
86973 0.000000 0.000000 0.000000 1.000000
86975 0.000000 0.000000 0.000000 1.000000
92654 0.000000 0.000000 0.000000 1.000000
92655 0.000000 0.000000 0.000000 1.000000
92656 0.000000 0.000000 0.000000 1.000000
92657 0.000000 0.000000 0.000000 1.000000
92658 0.000000 0.000000 0.000000 1.000000
92673 0.000000 0.000000 0.000000 1.000000
92674 0.000000 0.000000 0.000000 1.000000
92675 0.000000 0.000000 0.000000 1.000000
92676 0.000000 0.000000 0.000000 1.000000
92677 0.000000 0.000000 0.000000 1.000000
92678 0.000000 0.000000 0.000000 1.000000
92679 0.000000 0.000000 0.000000 1.000000
92680 0.000000 0.000000 0.000000 1.000000
94288 0.000000 0.000000 0.000000 1.000000
94289 0.000000 0.000000 0.000000 1.000000
94290 0.000000 0.000000 0.000000 1.000000
94291 0.000000 0.000000 0.000000 1.000000
94329 0.000000 0.000000 0.000000 1.000000
94330 0.000000 0.000000 0.000000 1.000000
94331 0.000000 0.000000 0.000000 1.000000
95084 0.000000 0.000000 0.000000 1.000000
95085 0.000000 0.000000 0.000000 1.000000
95086 0.000000 0.000000 0.000000 1.000000
95087 0.000000 0.000000 0.000000 1.000000
95088 0.000000 0.000000 0.000000 1.000000
95089 0.000000 0.000000 0.000000 1.000000
95090 0.000000 0.000000 0.000000 1.000000
95091 0.000000 0.000000 0.000000 1.000000
95092 0.000000 0.000000 0.000000 1.000000
95093 0.000000 0.000000 0.000000 1.000000
95094 0.000000 0.000000 0.000000 1.000000
95095 0.000000 0.000000 0.000000 1.000000
95096 0.000000 0.000000 0.000000 1.000000
95097 0.000000 0.000000 0.000000 1.000000
95099 0.000000 0.000000 0.000000 1.000000
95100 0.000000 0.000000 0.000000 1.000000
95101 0.000000 0.000000 0.000000 1.000000
95102 0.000000 0.000000 0.000000 1.000000
95107 0.000000 0.000000 0.000000 1.000000
95108 0.000000 0.000000 0.000000 1.000000
95109 0.000000 0.000000 0.000000 1.000000
95110 0.000000 0.000000 0.000000 1.000000
95111 0.000000 0.000000 0.000000 1.000000
95112 0.000000 0.000000 0.000000 1.000000
95113 0.000000 0.000000 0.000000 1.000000
95114 0.000000 0.000000 0.000000 1.000000
95115 0.000000 0.000000 0.000000 1.000000
95157 0.000000 0.000000 0.000000 1.000000
95158 0.000000 0.000000 0.000000 1.000000
95159 0.000000 0.000000 0.000000 1.000000
95160 0.000000 0.000000 0.000000 1.000000
95161 0.000000 0.000000 0.000000 1.000000
95162 0.000000 0.000000 0.000000 1.000000
95163 0.000000 0.000000 0.000000 1.000000
95164 0.000000 0.000000 0.000000 1.000000
99404 0.000000 0.000000 0.000000 1.000000
99405 0.000000 0.000000 0.000000 1.000000
99406 0.000000 0.000000 0.000000 1.000000
99407 0.000000 0.000000 0.000000 1.000000
99408 0.000000 0.000000 0.000000 1.000000
99409 0.000000 0.000000 0.000000 1.000000
99410 0.000000 0.000000 0.000000 1.000000
99411 0.000000 0.000000 0.000000 1.000000
99412 0.000000 0.000000 0.000000 1.000000
99413 0.000000 0.000000 0.000000 1.000000
99414 0.000000 0.000000 0.000000 1.000000
99415 0.000000 0.000000 0.000000 1.000000
99416 0.000000 0.000000 0.000000 1.000000
99417 0.000000 0.000000 0.000000 1.000000
99459 0.000000 0.000000 0.000000 1.000000
99460 0.000000 0.000000 0.000000 1.000000
99461 0.000000 0.000000 0.000000 1.000000
99462 0.000000 0.000000 0.000000 1.000000
99463 0.000000 0.000000 0.000000 1.000000
99464 0.000000 0.000000 0.000000 1.000000
99465 0.000000 0.000000 0.000000 1.000000
99466 0.000000 0.000000 0.000000 1.000000
99467 0.000000 0.000000 0.000000 1.000000
99468 0.000000 0.000000 0.000000 1.000000
99469 0.000000 0.000000 0.000000 1.000000
99470 0.000000 0.000000 0.000000 1.000000
99471 0.000000 0.000000 0.000000 1.000000
99472 0.000000 0.000000 0.000000 1.000000
99473 0.000000 0.000000 0.000000 1.000000
99474 0.000000 0.000000 0.000000 1.000000
99475 0.000000 0.000000 0.000000 1.000000
99476 0.000000 0.000000 0.000000 1.000000
99477 0.000000 0.000000 0.000000 1.000000
99478 0.000000 0.000000 0.000000 1.000000
99479 0.000000 0.000000 0.000000 1.000000
99480 0.000000 0.000000 0.000000 1.000000
99481 0.000000 0.000000 0.000000 1.000000
99482 0.000000 0.000000 0.000000 1.000000
99483 0.000000 0.000000 0.000000 1.000000
99484 0.000000 0.000000 0.000000 1.000000
102644 0.000000 0.000000 0.000000 1.000000
102645 0.000000 0.000000 0.000000 1.000000
102646 0.000000 0.000000 0.000000 1.000000
102721 0.000000 0.000000 0.000000 1.000000
102722 0.000000 0.000000 0.000000 1.000000
102723 0.000000 0.000000 0.000000 1.000000
102724 0.000000 0.000000 0.000000 1.000000
104305 0.000000 0.000000 0.000000 1.000000
104307 0.000000 0.000000 0.000000 1.000000
104427 0.000000 0.000000 0.000000 1.000000
104428 0.000000 0.000000 0.000000 1.000000
104429 0.000000 0.000000 0.000000 1.000000
104430 0.000000 0.000000 0.000000 1.000000
104431 0.000000 0.000000 0.000000 1.000000
106696 0.000000 0.000000 0.000000 1.000000
106697 0.000000 0.000000 0.000000 1.000000
106698 0.000000 0.000000 0.000000 1.000000
106699 0.000000 0.000000 0.000000 1.000000
106700 0.000000 0.000000 0.000000 1.000000
106701 0.000000 0.000000 0.000000 1.000000
106702 0.000000 0.000000 0.000000 1.000000
106703 0.000000 0.000000 0.000000 1.000000
106704 0.000000 0.000000 0.000000 1.000000
106705 0.000000 0.000000 0.000000 1.000000
106706 0.000000 0.000000 0.000000 1.000000
106707 0.000000 0.000000 0.000000 1.000000
106708 0.000000 0.000000 0.000000 1.000000
106709 0.000000 0.000000 0.000000 1.000000
106710 0.000000 0.000000 0.000000 1.000000
106711 0.000000 0.000000 0.000000 1.000000
106712 0.000000 0.000000 0.000000 1.000000
106713 0.000000 0.000000 0.000000 1.000000
106714 0.000000 0.000000 0.000000 1.000000
106715 0.000000 0.000000 0.000000 1.000000
106716 0.000000 0.000000 0.000000 1.000000
106717 0.000000 0.000000 0.000000 1.000000
106718 0.000000 0.000000 0.000000 1.000000
106719 0.000000 0.000000 0.000000 1.000000
106720 0.000000 0.000000 0.000000 1.000000
106721 0.000000 0.000000 0.000000 1.000000
106722 0.000000 0.000000 0.000000 1.000000
106723 0.000000 0.000000 0.000000 1.000000
106724 0.000000 0.000000 0.000000 1.000000
106725 0.000000 0.000000 0.000000 1.000000
106726 0.000000 0.000000 0.000000 1.000000
106727 0.000000 0.000000 0.000000 1.000000
106728 0.000000 0.000000 0.000000 1.000000
106729 0.000000 0.000000 0.000000 1.000000
106730 0.000000 0.000000 0.000000 1.000000
106731 0.000000 0.000000 0.000000 1.000000
106732 0.000000 0.000000 0.000000 1.000000
106733 0.000000 0.000000 0.000000 1.000000
106734 0.000000 0.000000 0.000000 1.000000
106735 0.000000 0.000000 0.000000 1.000000
106736 0.000000 0.000000 0.000000 1.000000
106737 0.000000 0.000000 0.000000 1.000000
106738 0.000000 0.000000 0.000000 1.000000
106739 0.000000 0.000000 0.000000 1.000000
106740 0.000000 0.000000 0.000000 1.000000
106741 0.000000 0.000000 0.000000 1.000000
106742 0.000000 0.000000 0.000000 1.000000
106743 0.000000 0.000000 0.000000 1.000000
106744 0.000000 0.000000 0.000000 1.000000
106745 0.000000 0.000000 0.000000 1.000000
106746 0.000000 0.000000 0.000000 1.000000
106747 0.000000 0.000000 0.000000 1.000000
106748 0.000000 0.000000 0.000000 1.000000
106750 0.000000 0.000000 0.000000 1.000000
106757 0.000000 0.000000 0.000000 1.000000
106758 0.000000 0.000000 0.000000 1.000000
106759 0.000000 0.000000 0.000000 1.000000
106760 0.000000 0.000000 0.000000 1.000000
106761 0.000000 0.000000 0.000000 1.000000
106762 0.000000 0.000000 0.000000 1.000000
106763 0.000000 0.000000 0.000000 1.000000
106764 0.000000 0.000000 0.000000 1.000000
106765 0.000000 0.000000 0.000000 1.000000
106766 0.000000 0.000000 0.000000 1.000000
106767 0.000000 0.000000 0.000000 1.000000
106768 0.000000 0.000000 0.000000 1.000000
106769 0.000000 0.000000 0.000000 1.000000
106770 0.000000 0.000000 0.000000 1.000000
106771 0.000000 0.000000 0.000000 1.000000
106772 0.000000 0.000000 0.000000 1.000000
106773 0.000000 0.000000 0.000000 1.000000
106774 0.000000 0.000000 0.000000 1.000000
106775 0.000000 0.000000 0.000000 1.000000
106776 0.000000 0.000000 0.000000 1.000000
106777 0.000000 0.000000 0.000000 1.000000
106778 0.000000 0.000000 0.000000 1.000000
106779 0.000000 0.000000 0.000000 1.000000
106780 0.000000 0.000000 0.000000 1.000000
106781 0.000000 0.000000 0.000000 1.000000
106782 0.000000 0.000000 0.000000 1.000000
106783 0.000000 0.000000 0.000000 1.000000
106784 0.000000 0.000000 0.000000 1.000000
106785 0.000000 0.000000 0.000000 1.000000
106786 0.000000 0.000000 0.000000 1.000000
106787 0.000000 0.000000 0.000000 1.000000
106788 0.000000 0.000000 0.000000 1.000000
106871 0.000000 0.000000 0.000000 1.000000
106872 0.000000 0.000000 0.000000 1.000000
106873 0.000000 0.000000 0.000000 1.000000
106874 0.000000 0.000000 0.000000 1.000000
106875 0.000000 0.000000 0.000000 1.000000
106900 0.000000 0.000000 0.000000 1.000000
106901 0.000000 0.000000 0.000000 1.000000
106902 0.000000 0.000000 0.000000 1.000000
106903 0.000000 0.000000 0.000000 1.000000
106904 0.000000 0.000000 0.000000 1.000000
106905 0.000000 0.000000 0.000000 1.000000
106906 0.000000 0.000000 0.000000 1.000000
106907 0.000000 0.000000 0.000000 1.000000
106908 0.000000 0.000000 0.000000 1.000000
106909 0.000000 0.000000 0.000000 1.000000
106910 0.000000 0.000000 0.000000 1.000000
106911 0.000000 0.000000 0.000000 1.000000
106912 0.000000 0.000000 0.000000 1.000000
106913 0.000000 0.000000 0.000000 1.000000
106914 0.000000 0.000000 0.000000 1.000000
106915 0.000000 0.000000 0.000000 1.000000
106916 0.000000 0.000000 0.000000 1.000000
106917 0.000000 0.000000 0.000000 1.000000
106918 0.000000 0.000000 0.000000 1.000000
106919 0.000000 0.000000 0.000000 1.000000
106920 0.000000 0.000000 0.000000 1.000000
106921 0.000000 0.000000 0.000000 1.000000
106922 0.000000 0.000000 0.000000 1.000000
106923 0.000000 0.000000 0.000000 1.000000
106924 0.000000 0.000000 0.000000 1.000000
106925 0.000000 0.000000 0.000000 1.000000
106926 0.000000 0.000000 0.000000 1.000000
106927 0.000000 0.000000 0.000000 1.000000
106928 0.000000 0.000000 0.000000 1.000000
106929 0.000000 0.000000 0.000000 1.000000
106930 0.000000 0.000000 0.000000 1.000000
106931 0.000000 0.000000 0.000000 1.000000
106932 0.000000 0.000000 0.000000 1.000000
112082 0.000000 0.000000 0.000000 1.000000
112083 0.000000 0.000000 0.000000 1.000000
112084 0.000000 0.000000 0.000000 1.000000
112085 0.000000 0.000000 0.000000 1.000000
112086 0.000000 0.000000 0.000000 1.000000
112087 0.000000 0.000000 0.000000 1.000000
112088 0.000000 0.000000 0.000000 1.000000
116354 0.000000 0.000000 0.000000 1.000000
116355 0.000000 0.000000 0.000000 1.000000
116356 0.000000 0.000000 0.000000 1.000000
116357 0.000000 0.000000 0.000000 1.000000
116358 0.000000 0.000000 0.000000 1.000000
116359 0.000000 0.000000 0.000000 1.000000
116360 0.000000 0.000000 0.000000 1.000000
116361 0.000000 0.000000 0.000000 1.000000
116362 0.000000 0.000000 0.000000 1.000000
116363 0.000000 0.000000 0.000000 1.000000
116364 0.000000 0.000000 0.000000 1.000000
116397 0.000000 0.000000 0.000000 1.000000
116398 0.000000 0.000000 0.000000 1.000000
116399 0.000000 0.000000 0.000000 1.000000
116400 0.000000 0.000000 0.000000 1.000000
116401 0.000000 0.000000 0.000000 1.000000
116402 0.000000 0.000000 0.000000 1.000000
116403 0.000000 0.000000 0.000000 1.000000
116404 0.000000 0.000000 0.000000 1.000000
116405 0.000000 0.000000 0.000000 1.000000
116406 0.000000 0.000000 0.000000 1.000000
116407 0.000000 0.000000 0.000000 1.000000
116408 0.000000 0.000000 0.000000 1.000000
116409 0.000000 0.000000 0.000000 1.000000
116410 0.000000 0.000000 0.000000 1.000000
116411 0.000000 0.000000 0.000000 1.000000
116412 0.000000 0.000000 0.000000 1.000000
116413 0.000000 0.000000 0.000000 1.000000
116414 0.000000 0.000000 0.000000 1.000000
116415 0.000000 0.000000 0.000000 1.000000
116416 0.000000 0.000000 0.000000 1.000000
120166 0.000000 0.000000 0.000000 1.000000
120167 0.000000 0.000000 0.000000 1.000000
120168 0.000000 0.000000 0.000000 1.000000
120169 0.000000 0.000000 0.000000 1.000000
120171 0.000000 0.000000 0.000000 1.000000
120261 0.000000 0.000000 0.000000 1.000000
120262 0.000000 0.000000 0.000000 1.000000
120263 0.000000 0.000000 0.000000 1.000000
120264 0.000000 0.000000 0.000000 1.000000
120265 0.000000 0.000000 0.000000 1.000000
122024 0.000000 0.000000 0.000000 1.000000
122025 0.000000 0.000000 0.000000 1.000000
122026 0.000000 0.000000 0.000000 1.000000
122027 0.000000 0.000000 0.000000 1.000000
122028 0.000000 0.000000 0.000000 1.000000
122029 0.000000 0.000000 0.000000 1.000000
122030 0.000000 0.000000 0.000000 1.000000
122031 0.000000 0.000000 0.000000 1.000000
122032 0.000000 0.000000 0.000000 1.000000
122033 0.000000 0.000000 0.000000 1.000000
122034 0.000000 0.000000 0.000000 1.000000
122035 0.000000 0.000000 0.000000 1.000000
122036 0.000000 0.000000 0.000000 1.000000
122037 0.000000 0.000000 0.000000 1.000000
122038 0.000000 0.000000 0.000000 1.000000
122039 0.000000 0.000000 0.000000 1.000000
122040 0.000000 0.000000 0.000000 1.000000
122041 0.000000 0.000000 0.000000 1.000000
122042 0.000000 0.000000 0.000000 1.000000
122043 0.000000 0.000000 0.000000 1.000000
122044 0.000000 0.000000 0.000000 1.000000
122045 0.000000 0.000000 0.000000 1.000000
122046 0.000000 0.000000 0.000000 1.000000
122047 0.000000 0.000000 0.000000 1.000000
122048 0.000000 0.000000 0.000000 1.000000
122049 0.000000 0.000000 0.000000 1.000000
122050 0.000000 0.000000 0.000000 1.000000
122051 0.000000 0.000000 0.000000 1.000000
122052 0.000000 0.000000 0.000000 1.000000
122053 0.000000 0.000000 0.000000 1.000000
122054 0.000000 0.000000 0.000000 1.000000
122055 0.000000 0.000000 0.000000 1.000000
122056 0.000000 0.000000 0.000000 1.000000
122057 0.000000 0.000000 0.000000 1.000000
122058 0.000000 0.000000 0.000000 1.000000
122059 0.000000 0.000000 0.000000 1.000000
122060 0.000000 0.000000 0.000000 1.000000
122061 0.000000 0.000000 0.000000 1.000000
122062 0.000000 0.000000 0.000000 1.000000
122063 0.000000 0.000000 0.000000 1.000000
122064 0.000000 0.000000 0.000000 1.000000
122065 0.000000 0.000000 0.000000 1.000000
122066 0.000000 0.000000 0.000000 1.000000
122076 0.000000 0.000000 0.000000 1.000000
122077 0.000000 0.000000 0.000000 1.000000
122078 0.000000 0.000000 0.000000 1.000000
122079 0.000000 0.000000 0.000000 1.000000
122080 0.000000 0.000000 0.000000 1.000000
122081 0.000000 0.000000 0.000000 1.000000
122082 0.000000 0.000000 0.000000 1.000000
122083 0.000000 0.000000 0.000000 1.000000
122084 0.000000 0.000000 0.000000 1.000000
122085 0.000000 0.000000 0.000000 1.000000
122086 0.000000 0.000000 0.000000 1.000000
122087 0.000000 0.000000 0.000000 1.000000
122088 0.000000 0.000000 0.000000 1.000000
122089 0.000000 0.000000 0.000000 1.000000
122090 0.000000 0.000000 0.000000 1.000000
122091 0.000000 0.000000 0.000000 1.000000
122092 0.000000 0.000000 0.000000 1.000000
122093 0.000000 0.000000 0.000000 1.000000
122094 0.000000 0.000000 0.000000 1.000000
122095 0.000000 0.000000 0.000000 1.000000
122096 0.000000 0.000000 0.000000 1.000000
122097 0.000000 0.000000 0.000000 1.000000
122162 0.000000 0.000000 0.000000 1.000000
122163 0.000000 0.000000 0.000000 1.000000
122164 0.000000 0.000000 0.000000 1.000000
122165 0.000000 0.000000 0.000000 1.000000
122191 0.000000 0.000000 0.000000 1.000000
122192 0.000000 0.000000 0.000000 1.000000
122193 0.000000 0.000000 0.000000 1.000000
122194 0.000000 0.000000 0.000000 1.000000
122195 0.000000 0.000000 0.000000 1.000000
122196 0.000000 0.000000 0.000000 1.000000
122197 0.000000 0.000000 0.000000 1.000000
122198 0.000000 0.000000 0.000000 1.000000
122199 0.000000 0.000000 0.000000 1.000000
122200 0.000000 0.000000 0.000000 1.000000
122201 0.000000 0.000000 0.000000 1.000000
122202 0.000000 0.000000 0.000000 1.000000
122203 0.000000 0.000000 0.000000 1.000000
122204 0.000000 0.000000 0.000000 1.000000
122205 0.000000 0.000000 0.000000 1.000000
122206 0.000000 0.000000 0.000000 1.000000
122207 0.000000 0.000000 0.000000 1.000000
122208 0.000000 0.000000 0.000000 1.000000
122209 0.000000 0.000000 0.000000 1.000000
122210 0.000000 0.000000 0.000000 1.000000
122211 0.000000 0.000000 0.000000 1.000000
122212 0.000000 0.000000 0.000000 1.000000
126219 0.000000 0.000000 0.000000 1.000000
126222 0.000000 0.000000 0.000000 1.000000
130179 0.000000 0.000000 0.000000 1.000000
130180 0.000000 0.000000 0.000000 1.000000
130181 0.000000 0.000000 0.000000 1.000000
131774 0.000000 0.000000 0.000000 1.000000
131775 0.000000 0.000000 0.000000 1.000000
131776 0.000000 0.000000 0.000000 1.000000
131777 0.000000 0.000000 0.000000 1.000000
131778 0.000000 0.000000 0.000000 1.000000
131779 0.000000 0.000000 0.000000 1.000000
131780 0.000000 0.000000 0.000000 1.000000
131781 0.000000 0.000000 0.000000 1.000000
131782 0.000000 0.000000 0.000000 1.000000
131783 0.000000 0.000000 0.000000 1.000000
131784 0.000000 0.000000 0.000000 1.000000
131785 0.000000 0.000000 0.000000 1.000000
131786 0.000000 0.000000 0.000000 1.000000
131787 0.000000 0.000000 0.000000 1.000000
131788 0.000000 0.000000 0.000000 1.000000
131789 0.000000 0.000000 0.000000 1.000000
131790 0.000000 0.000000 0.000000 1.000000
131791 0.000000 0.000000 0.000000 1.000000
131792 0.000000 0.000000 0.000000 1.000000
131793 0.000000 0.000000 0.000000 1.000000
131794 0.000000 0.000000 0.000000 1.000000
131795 0.000000 0.000000 0.000000 1.000000
131796 0.000000 0.000000 0.000000 1.000000
131797 0.000000 0.000000 0.000000 1.000000
131798 0.000000 0.000000 0.000000 1.000000
131799 0.000000 0.000000 0.000000 1.000000
131800 0.000000 0.000000 0.000000 1.000000
131801 0.000000 0.000000 0.000000 1.000000
131802 0.000000 0.000000 0.000000 1.000000
131889 0.000000 0.000000 0.000000 1.000000
131890 0.000000 0.000000 0.000000 1.000000
131891 0.000000 0.000000 0.000000 1.000000
131892 0.000000 0.000000 0.000000 1.000000
131893 0.000000 0.000000 0.000000 1.000000
131894 0.000000 0.000000 0.000000 1.000000
131895 0.000000 0.000000 0.000000 1.000000
131896 0.000000 0.000000 0.000000 1.000000
131897 0.000000 0.000000 0.000000 1.000000
131898 0.000000 0.000000 0.000000 1.000000
131899 0.000000 0.000000 0.000000 1.000000
131900 0.000000 0.000000 0.000000 1.000000
131901 0.000000 0.000000 0.000000 1.000000
131902 0.000000 0.000000 0.000000 1.000000
131903 0.000000 0.000000 0.000000 1.000000
131904 0.000000 0.000000 0.000000 1.000000
131905 0.000000 0.000000 0.000000 1.000000
131906 0.000000 0.000000 0.000000 1.000000
131907 0.000000 0.000000 0.000000 1.000000
131908 0.000000 0.000000 0.000000 1.000000
131909 0.000000 0.000000 0.000000 1.000000
131910 0.000000 0.000000 0.000000 1.000000
131911 0.000000 0.000000 0.000000 1.000000
131912 0.000000 0.000000 0.000000 1.000000
131913 0.000000 0.000000 0.000000 1.000000
131914 0.000000 0.000000 0.000000 1.000000
131915 0.000000 0.000000 0.000000 1.000000
131916 0.000000 0.000000 0.000000 1.000000
131917 0.000000 0.000000 0.000000 1.000000
131921 0.000000 0.000000 0.000000 1.000000
131922 0.000000 0.000000 0.000000 1.000000
131923 0.000000 0.000000 0.000000 1.000000
131924 0.000000 0.000000 0.000000 1.000000
131925 0.000000 0.000000 0.000000 1.000000
131926 0.000000 0.000000 0.000000 1.000000
131927 0.000000 0.000000 0.000000 1.000000
131928 0.000000 0.000000 0.000000 1.000000
131929 0.000000 0.000000 0.000000 1.000000
131930 0.000000 0.000000 0.000000 1.000000
131931 0.000000 0.000000 0.000000 1.000000
131932 0.000000 0.000000 0.000000 1.000000
131933 0.000000 0.000000 0.000000 1.000000
131934 0.000000 0.000000 0.000000 1.000000
131935 0.000000 0.000000 0.000000 1.000000
131936 0.000000 0.000000 0.000000 1.000000
131937 0.000000 0.000000 0.000000 1.000000
131938 0.000000 0.000000 0.000000 1.000000
131939 0.000000 0.000000 0.000000 1.000000
131940 0.000000 0.000000 0.000000 1.000000
131941 0.000000 0.000000 0.000000 1.000000
131942 0.000000 0.000000 0.000000 1.000000
131943 0.000000 0.000000 0.000000 1.000000
131944 0.000000 0.000000 0.000000 1.000000
138584 0.000000 0.000000 0.000000 1.000000
138585 0.000000 0.000000 0.000000 1.000000
138586 0.000000 0.000000 0.000000 1.000000
138587 0.000000 0.000000 0.000000 1.000000
138588 0.000000 0.000000 0.000000 1.000000
138589 0.000000 0.000000 0.000000 1.000000
138590 0.000000 0.000000 0.000000 1.000000
138591 0.000000 0.000000 0.000000 1.000000
138592 0.000000 0.000000 0.000000 1.000000
138593 0.000000 0.000000 0.000000 1.000000
138594 0.000000 0.000000 0.000000 1.000000
138602 0.000000 0.000000 0.000000 1.000000
138603 0.000000 0.000000 0.000000 1.000000
138604 0.000000 0.000000 0.000000 1.000000
138722 0.000000 0.000000 0.000000 1.000000
138723 0.000000 0.000000 0.000000 1.000000
138724 0.000000 0.000000 0.000000 1.000000
138725 0.000000 0.000000 0.000000 1.000000
138728 0.000000 0.000000 0.000000 1.000000
138729 0.000000 0.000000 0.000000 1.000000
138731 0.000000 0.000000 0.000000 1.000000
138739 0.000000 0.000000 0.000000 1.000000
138740 0.000000 0.000000 0.000000 1.000000
138741 0.000000 0.000000 0.000000 1.000000
138742 0.000000 0.000000 0.000000 1.000000
138743 0.000000 0.000000 0.000000 1.000000
138744 0.000000 0.000000 0.000000 1.000000
138745 0.000000 0.000000 0.000000 1.000000
138746 0.000000 0.000000 0.000000 1.000000
138747 0.000000 0.000000 0.000000 1.000000
138748 0.000000 0.000000 0.000000 1.000000
141967 0.000000 0.000000 0.000000 1.000000
142218 0.000000 0.000000 0.000000 1.000000
142219 0.000000 0.000000 0.000000 1.000000
142220 0.000000 0.000000 0.000000 1.000000
142221 0.000000 0.000000 0.000000 1.000000
142222 0.000000 0.000000 0.000000 1.000000
142223 0.000000 0.000000 0.000000 1.000000
142224 0.000000 0.000000 0.000000 1.000000
142225 0.000000 0.000000 0.000000 1.000000
142226 0.000000 0.000000 0.000000 1.000000
142227 0.000000 0.000000 0.000000 1.000000
142228 0.000000 0.000000 0.000000 1.000000
142231 0.000000 0.000000 0.000000 1.000000
146809 0.000000 0.000000 0.000000 1.000000
146810 0.000000 0.000000 0.000000 1.000000
146815 0.000000 0.000000 0.000000 1.000000
146816 0.000000 0.000000 0.000000 1.000000
146817 0.000000 0.000000 0.000000 1.000000
146818 0.000000 0.000000 0.000000 1.000000
146819 0.000000 0.000000 0.000000 1.000000
146820 0.000000 0.000000 0.000000 1.000000
146821 0.000000 0.000000 0.000000 1.000000
146822 0.000000 0.000000 0.000000 1.000000
146827 0.000000 0.000000 0.000000 1.000000
146833 0.000000 0.000000 0.000000 1.000000
146834 0.000000 0.000000 0.000000 1.000000
146835 0.000000 0.000000 0.000000 1.000000
146836 0.000000 0.000000 0.000000 1.000000
146837 0.000000 0.000000 0.000000 1.000000
146838 0.000000 0.000000 0.000000 1.000000
146839 0.000000 0.000000 0.000000 1.000000
146840 0.000000 0.000000 0.000000 1.000000
146841 0.000000 0.000000 0.000000 1.000000
146842 0.000000 0.000000 0.000000 1.000000
146843 0.000000 0.000000 0.000000 1.000000
146844 0.000000 0.000000 0.000000 1.000000
146845 0.000000 0.000000 0.000000 1.000000
146846 0.000000 0.000000 0.000000 1.000000
146847 0.000000 0.000000 0.000000 1.000000
146848 0.000000 0.000000 0.000000 1.000000
146849 0.000000 0.000000 0.000000 1.000000
146850 0.000000 0.000000 0.000000 1.000000
146851 0.000000 0.000000 0.000000 1.000000
146852 0.000000 0.000000 0.000000 1.000000
146853 0.000000 0.000000 0.000000 1.000000
146854 0.000000 0.000000 0.000000 1.000000
146855 0.000000 0.000000 0.000000 1.000000
146856 0.000000 0.000000 0.000000 1.000000
146857 0.000000 0.000000 0.000000 1.000000
146863 0.000000 0.000000 0.000000 1.000000
146869 0.000000 0.000000 0.000000 1.000000
146870 0.000000 0.000000 0.000000 1.000000
146871 0.000000 0.000000 0.000000 1.000000
146872 0.000000 0.000000 0.000000 1.000000
146873 0.000000 0.000000 0.000000 1.000000
146874 0.000000 0.000000 0.000000 1.000000
146875 0.000000 0.000000 0.000000 1.000000
146881 0.000000 0.000000 0.000000 1.000000
146882 0.000000 0.000000 0.000000 1.000000
146885 0.000000 0.000000 0.000000 1.000000
146886 0.000000 0.000000 0.000000 1.000000
146887 0.000000 0.000000 0.000000 1.000000
146888 0.000000 0.000000 0.000000 1.000000
146889 0.000000 0.000000 0.000000 1.000000
146890 0.000000 0.000000 0.000000 1.000000
146891 0.000000 0.000000 0.000000 1.000000
146892 0.000000 0.000000 0.000000 1.000000
146893 0.000000 0.000000 0.000000 1.000000
146894 0.000000 0.000000 0.000000 1.000000
146895 0.000000 0.000000 0.000000 1.000000
146896 0.000000 0.000000 0.000000 1.000000
146897 0.000000 0.000000 0.000000 1.000000
146898 0.000000 0.000000 0.000000 1.000000
146899 0.000000 0.000000 0.000000 1.000000
146900 0.000000 0.000000 0.000000 1.000000
146901 0.000000 0.000000 0.000000 1.000000
146902 0.000000 0.000000 0.000000 1.000000
146903 0.000000 0.000000 0.000000 1.000000
146904 0.000000 0.000000 0.000000 1.000000
146905 0.000000 0.000000 0.000000 1.000000
146906 0.000000 0.000000 0.000000 1.000000
146907 0.000000 0.000000 0.000000 1.000000
146908 0.000000 0.000000 0.000000 1.000000
146909 0.000000 0.000000 0.000000 1.000000
146910 0.000000 0.000000 0.000000 1.000000
146911 0.000000 0.000000 0.000000 1.000000
146912 0.000000 0.000000 0.000000 1.000000
146913 0.000000 0.000000 0.000000 1.000000
146914 0.000000 0.000000 0.000000 1.000000
146915 0.000000 0.000000 0.000000 1.000000
146916 0.000000 0.000000 0.000000 1.000000
146917 0.000000 0.000000 0.000000 1.000000
146918 0.000000 0.000000 0.000000 1.000000
146919 0.000000 0.000000 0.000000 1.000000
146920 0.000000 0.000000 0.000000 1.000000
146921 0.000000 0.000000 0.000000 1.000000
146922 0.000000 0.000000 0.000000 1.000000
146927 0.000000 0.000000 0.000000 1.000000
146928 0.000000 0.000000 0.000000 1.000000
146929 0.000000 0.000000 0.000000 1.000000
146930 0.000000 0.000000 0.000000 1.000000
146931 0.000000 0.000000 0.000000 1.000000
146932 0.000000 0.000000 0.000000 1.000000
146933 0.000000 0.000000 0.000000 1.000000
146934 0.000000 0.000000 0.000000 1.000000
146935 0.000000 0.000000 0.000000 1.000000
146936 0.000000 0.000000 0.000000 1.000000
146937 0.000000 0.000000 0.000000 1.000000
146938 0.000000 0.000000 0.000000 1.000000
146939 0.000000 0.000000 0.000000 1.000000
146940 0.000000 0.000000 0.000000 1.000000
146941 0.000000 0.000000 0.000000 1.000000
146942 0.000000 0.000000 0.000000 1.000000
146943 0.000000 0.000000 0.000000 1.000000
146944 0.000000 0.000000 0.000000 1.000000
146945 0.000000 0.000000 0.000000 1.000000
146946 0.000000 0.000000 0.000000 1.000000
146947 0.000000 0.000000 0.000000 1.000000
146948 0.000000 0.000000 0.000000 1.000000
146949 0.000000 0.000000 0.000000 1.000000
146950 0.000000 0.000000 0.000000 1.000000
146951 0.000000 0.000000 0.000000 1.000000
146952 0.000000 0.000000 0.000000 1.000000
146953 0.000000 0.000000 0.000000 1.000000
146954 0.000000 0.000000 0.000000 1.000000
146955 0.000000 0.000000 0.000000 1.000000
146956 0.000000 0.000000 0.000000 1.000000
146957 0.000000 0.000000 0.000000 1.000000
146958 0.000000 0.000000 0.000000 1.000000
146959 0.000000 0.000000 0.000000 1.000000
146960 0.000000 0.000000 0.000000 1.000000
146961 0.000000 0.000000 0.000000 1.000000
146962 0.000000 0.000000 0.000000 1.000000
146963 0.000000 0.000000 0.000000 1.000000
146964 0.000000 0.000000 0.000000 1.000000
146965 0.000000 0.000000 0.000000 1.000000
146966 0.000000 0.000000 0.000000 1.000000
146967 0.000000 0.000000 0.000000 1.000000
146968 0.000000 0.000000 0.000000 1.000000
146969 0.000000 0.000000 0.000000 1.000000
146970 0.000000 0.000000 0.000000 1.000000
146971 0.000000 0.000000 0.000000 1.000000
146972 0.000000 0.000000 0.000000 1.000000
146973 0.000000 0.000000 0.000000 1.000000
146974 0.000000 0.000000 0.000000 1.000000
146975 0.000000 0.000000 0.000000 1.000000
146976 0.000000 0.000000 0.000000 1.000000
146977 0.000000 0.000000 0.000000 1.000000
146978 0.000000 0.000000 0.000000 1.000000
146979 0.000000 0.000000 0.000000 1.000000
146980 0.000000 0.000000 0.000000 1.000000
146981 0.000000 0.000000 0.000000 1.000000
146982 0.000000 0.000000 0.000000 1.000000
146983 0.000000 0.000000 0.000000 1.000000
146984 0.000000 0.000000 0.000000 1.000000
146985 0.000000 0.000000 0.000000 1.000000
146986 0.000000 0.000000 0.000000 1.000000
146987 0.000000 0.000000 0.000000 1.000000
146988 0.000000 0.000000 0.000000 1.000000
146989 0.000000 0.000000 0.000000 1.000000
146990 0.000000 0.000000 0.000000 1.000000
146991 0.000000 0.000000 0.000000 1.000000
146992 0.000000 0.000000 0.000000 1.000000
146993 0.000000 0.000000 0.000000 1.000000
147013 0.000000 0.000000 0.000000 1.000000
147159 0.000000 0.000000 0.000000 1.000000
147160 0.000000 0.000000 0.000000 1.000000
147161 0.000000 0.000000 0.000000 1.000000
147162 0.000000 0.000000 0.000000 1.000000
147163 0.000000 0.000000 0.000000 1.000000
147164 0.000000 0.000000 0.000000 1.000000
147168 0.000000 0.000000 0.000000 1.000000
147169 0.000000 0.000000 0.000000 1.000000
147215 0.000000 0.000000 0.000000 1.000000
147217 0.000000 0.000000 0.000000 1.000000
147218 0.000000 0.000000 0.000000 1.000000
147219 0.000000 0.000000 0.000000 1.000000
147220 0.000000 0.000000 0.000000 1.000000
147221 0.000000 0.000000 0.000000 1.000000
147223 0.000000 0.000000 0.000000 1.000000
147224 0.000000 0.000000 0.000000 1.000000
147225 0.000000 0.000000 0.000000 1.000000
147226 0.000000 0.000000 0.000000 1.000000
147227 0.000000 0.000000 0.000000 1.000000
147228 0.000000 0.000000 0.000000 1.000000
147229 0.000000 0.000000 0.000000 1.000000
147230 0.000000 0.000000 0.000000 1.000000
147231 0.000000 0.000000 0.000000 1.000000
147232 0.000000 0.000000 0.000000 1.000000
147233 0.000000 0.000000 0.000000 1.000000
147234 0.000000 0.000000 0.000000 1.000000
147235 0.000000 0.000000 0.000000 1.000000
147236 0.000000 0.000000 0.000000 1.000000
147237 0.000000 0.000000 0.000000 1.000000
147238 0.000000 0.000000 0.000000 1.000000
147239 0.000000 0.000000 0.000000 1.000000
147247 0.000000 0.000000 0.000000 1.000000
147248 0.000000 0.000000 0.000000 1.000000
147249 0.000000 0.000000 0.000000 1.000000
147250 0.000000 0.000000 0.000000 1.000000
147251 0.000000 0.000000 0.000000 1.000000
147252 0.000000 0.000000 0.000000 1.000000
147253 0.000000 0.000000 0.000000 1.000000
147254 0.000000 0.000000 0.000000 1.000000
147255 0.000000 0.000000 0.000000 1.000000
147256 0.000000 0.000000 0.000000 1.000000
147257 0.000000 0.000000 0.000000 1.000000
147258 0.000000 0.000000 0.000000 1.000000
147259 0.000000 0.000000 0.000000 1.000000
147260 0.000000 0.000000 0.000000 1.000000
147261 0.000000 0.000000 0.000000 1.000000
147262 0.000000 0.000000 0.000000 1.000000
147263 0.000000 0.000000 0.000000 1.000000
147264 0.000000 0.000000 0.000000 1.000000
147265 0.000000 0.000000 0.000000 1.000000
147266 0.000000 0.000000 0.000000 1.000000
147267 0.000000 0.000000 0.000000 1.000000
147268 0.000000 0.000000 0.000000 1.000000
147269 0.000000 0.000000 0.000000 1.000000
147270 0.000000 0.000000 0.000000 1.000000
147271 0.000000 0.000000 0.000000 1.000000
147272 0.000000 0.000000 0.000000 1.000000
147273 0.000000 0.000000 0.000000 1.000000
147276 0.000000 0.000000 0.000000 1.000000
147277 0.000000 0.000000 0.000000 1.000000
147278 0.000000 0.000000 0.000000 1.000000
147279 0.000000 0.000000 0.000000 1.000000
147280 0.000000 0.000000 0.000000 1.000000
147281 0.000000 0.000000 0.000000 1.000000
147282 0.000000 0.000000 0.000000 1.000000
157607 0.000000 0.000000 0.000000 1.000000
157608 0.000000 0.000000 0.000000 1.000000
157613 0.000000 0.000000 0.000000 1.000000
157614 0.000000 0.000000 0.000000 1.000000
157615 0.000000 0.000000 0.000000 1.000000
157616 0.000000 0.000000 0.000000 1.000000
157617 0.000000 0.000000 0.000000 1.000000
157618 0.000000 0.000000 0.000000 1.000000
