#
2168
87 0.000000 0.000000 0.000000 1.000000
206 0.000000 0.000000 0.000000 1.000000
207 0.000000 0.000000 0.000000 1.000000
349 0.000000 0.000000 0.000000 1.000000
350 0.000000 0.000000 0.000000 1.000000
445 0.000000 0.000000 0.000000 1.000000
628 0.000000 0.000000 0.000000 1.000000
629 0.000000 0.000000 0.000000 1.000000
686 0.000000 0.000000 0.000000 1.000000
687 0.000000 0.000000 0.000000 1.000000
688 0.000000 0.000000 0.000000 1.000000
979 0.000000 0.000000 0.000000 1.000000
980 0.000000 0.000000 0.000000 1.000000
981 0.000000 0.000000 0.000000 1.000000
982 0.000000 0.000000 0.000000 1.000000
1403 0.000000 0.000000 0.000000 1.000000
1406 0.000000 0.000000 0.000000 1.000000
1408 0.000000 0.000000 0.000000 1.000000
1410 0.000000 0.000000 0.000000 1.000000
1524 0.000000 0.000000 0.000000 1.000000
1525 0.000000 0.000000 0.000000 1.000000
1779 0.000000 0.000000 0.000000 1.000000
1780 0.000000 0.000000 0.000000 1.000000
1781 0.000000 0.000000 0.000000 1.000000
1997 0.000000 0.000000 0.000000 1.000000
1998 0.000000 0.000000 0.000000 1.000000
2521 0.000000 0.000000 0.000000 1.000000
2522 0.000000 0.000000 0.000000 1.000000
2523 0.000000 0.000000 0.000000 1.000000
2524 0.000000 0.000000 0.000000 1.000000
2525 0.000000 0.000000 0.000000 1.000000
2606 0.000000 0.000000 0.000000 1.000000
2607 0.000000 0.000000 0.000000 1.000000
2608 0.000000 0.000000 0.000000 1.000000
2899 0.000000 0.000000 0.000000 1.000000
2900 0.000000 0.000000 0.000000 1.000000
2901 0.000000 0.000000 0.000000 1.000000
2902 0.000000 0.000000 0.000000 1.000000
3324 0.000000 0.000000 0.000000 1.000000
3325 0.000000 0.000000 0.000000 1.000000
3326 0.000000 0.000000 0.000000 1.000000
3496 0.000000 0.000000 0.000000 1.000000
3498 0.000000 0.000000 0.000000 1.000000
3499 0.000000 0.000000 0.000000 1.000000
3500 0.000000 0.000000 0.000000 1.000000
3501 0.000000 0.000000 0.000000 1.000000
3502 0.000000 0.000000 0.000000 1.000000
3924 0.000000 0.000000 0.000000 1.000000
3925 0.000000 0.000000 0.000000 1.000000
3926 0.000000 0.000000 0.000000 1.000000
4374 0.000000 0.000000 0.000000 1.000000
4376 0.000000 0.000000 0.000000 1.000000
4377 0.000000 0.000000 0.000000 1.000000
4378 0.000000 0.000000 0.000000 1.000000
4379 0.000000 0.000000 0.000000 1.000000
4380 0.000000 0.000000 0.000000 1.000000
4381 0.000000 0.000000 0.000000 1.000000
4382 0.000000 0.000000 0.000000 1.000000
4383 0.000000 0.000000 0.000000 1.000000
4385 0.000000 0.000000 0.000000 1.000000
5652 0.000000 0.000000 0.000000 1.000000
5654 0.000000 0.000000 0.000000 1.000000
5657 0.000000 0.000000 0.000000 1.000000
5658 0.000000 0.000000 0.000000 1.000000
5659 0.000000 0.000000 0.000000 1.000000
5660 0.000000 0.000000 0.000000 1.000000
5661 0.000000 0.000000 0.000000 1.000000
5662 0.000000 0.000000 0.000000 1.000000
5664 0.000000 0.000000 0.000000 1.000000
5665 0.000000 0.000000 0.000000 1.000000
5666 0.000000 0.000000 0.000000 1.000000
5667 0.000000 0.000000 0.000000 1.000000
5668 0.000000 0.000000 0.000000 1.000000
5842 0.000000 0.000000 0.000000 1.000000
5843 0.000000 0.000000 0.000000 1.000000
5844 0.000000 0.000000 0.000000 1.000000
5845 0.000000 0.000000 0.000000 1.000000
5846 0.000000 0.000000 0.000000 1.000000
6100 0.000000 0.000000 0.000000 1.000000
6369 0.000000 0.000000 0.000000 1.000000
6370 0.000000 0.000000 0.000000 1.000000
6371 0.000000 0.000000 0.000000 1.000000
6372 0.000000 0.000000 0.000000 1.000000
6373 0.000000 0.000000 0.000000 1.000000
6374 0.000000 0.000000 0.000000 1.000000
6375 0.000000 0.000000 0.000000 1.000000
6376 0.000000 0.000000 0.000000 1.000000
7137 0.000000 0.000000 0.000000 1.000000
7138 0.000000 0.000000 0.000000 1.000000
7139 0.000000 0.000000 0.000000 1.000000
7140 0.000000 0.000000 0.000000 1.000000
7141 0.000000 0.000000 0.000000 1.000000
7393 0.000000 0.000000 0.000000 1.000000
7394 0.000000 0.000000 0.000000 1.000000
7395 0.000000 0.000000 0.000000 1.000000
7396 0.000000 0.000000 0.000000 1.000000
7397 0.000000 0.000000 0.000000 1.000000
7398 0.000000 0.000000 0.000000 1.000000
7399 0.000000 0.000000 0.000000 1.000000
7989 0.000000 0.000000 0.000000 1.000000
7990 0.000000 0.000000 0.000000 1.000000
7991 0.000000 0.000000 0.000000 1.000000
7992 0.000000 0.000000 0.000000 1.000000
7993 0.000000 0.000000 0.000000 1.000000
7994 0.000000 0.000000 0.000000 1.000000
7995 0.000000 0.000000 0.000000 1.000000
7996 0.000000 0.000000 0.000000 1.000000
8564 0.000000 0.000000 0.000000 1.000000
8568 0.000000 0.000000 0.000000 1.000000
8573 0.000000 0.000000 0.000000 1.000000
8574 0.000000 0.000000 0.000000 1.000000
8575 0.000000 0.000000 0.000000 1.000000
8576 0.000000 0.000000 0.000000 1.000000
8577 0.000000 0.000000 0.000000 1.000000
8578 0.000000 0.000000 0.000000 1.000000
8579 0.000000 0.000000 0.000000 1.000000
9669 0.000000 0.000000 0.000000 1.000000
9671 0.000000 0.000000 0.000000 1.000000
9672 0.000000 0.000000 0.000000 1.000000
9673 0.000000 0.000000 0.000000 1.000000
9674 0.000000 0.000000 0.000000 1.000000
10117 0.000000 0.000000 0.000000 1.000000
10118 0.000000 0.000000 0.000000 1.000000
10119 0.000000 0.000000 0.000000 1.000000
10120 0.000000 0.000000 0.000000 1.000000
10121 0.000000 0.000000 0.000000 1.000000
10122 0.000000 0.000000 0.000000 1.000000
10126 0.000000 0.000000 0.000000 1.000000
10127 0.000000 0.000000 0.000000 1.000000
10128 0.000000 0.000000 0.000000 1.000000
10129 0.000000 0.000000 0.000000 1.000000
10130 0.000000 0.000000 0.000000 1.000000
10131 0.000000 0.000000 0.000000 1.000000
10132 0.000000 0.000000 0.000000 1.000000
10286 0.000000 0.000000 0.000000 1.000000
10287 0.000000 0.000000 0.000000 1.000000
10288 0.000000 0.000000 0.000000 1.000000
10580 0.000000 0.000000 0.000000 1.000000
10582 0.000000 0.000000 0.000000 1.000000
11004 0.000000 0.000000 0.000000 1.000000
11005 0.000000 0.000000 0.000000 1.000000
11006 0.000000 0.000000 0.000000 1.000000
11176 0.000000 0.000000 0.000000 1.000000
11177 0.000000 0.000000 0.000000 1.000000
11178 0.000000 0.000000 0.000000 1.000000
11179 0.000000 0.000000 0.000000 1.000000
11180 0.000000 0.000000 0.000000 1.000000
11181 0.000000 0.000000 0.000000 1.000000
11604 0.000000 0.000000 0.000000 1.000000
11605 0.000000 0.000000 0.000000 1.000000
11606 0.000000 0.000000 0.000000 1.000000
12054 0.000000 0.000000 0.000000 1.000000
12055 0.000000 0.000000 0.000000 1.000000
12056 0.000000 0.000000 0.000000 1.000000
12057 0.000000 0.000000 0.000000 1.000000
12058 0.000000 0.000000 0.000000 1.000000
12059 0.000000 0.000000 0.000000 1.000000
12060 0.000000 0.000000 0.000000 1.000000
12061 0.000000 0.000000 0.000000 1.000000
12062 0.000000 0.000000 0.000000 1.000000
12063 0.000000 0.000000 0.000000 1.000000
13332 0.000000 0.000000 0.000000 1.000000
13333 0.000000 0.000000 0.000000 1.000000
13334 0.000000 0.000000 0.000000 1.000000
13335 0.000000 0.000000 0.000000 1.000000
13336 0.000000 0.000000 0.000000 1.000000
13337 0.000000 0.000000 0.000000 1.000000
13338 0.000000 0.000000 0.000000 1.000000
13339 0.000000 0.000000 0.000000 1.000000
13340 0.000000 0.000000 0.000000 1.000000
13341 0.000000 0.000000 0.000000 1.000000
13342 0.000000 0.000000 0.000000 1.000000
13343 0.000000 0.000000 0.000000 1.000000
13344 0.000000 0.000000 0.000000 1.000000
13345 0.000000 0.000000 0.000000 1.000000
13346 0.000000 0.000000 0.000000 1.000000
13348 0.000000 0.000000 0.000000 1.000000
13576 0.000000 0.000000 0.000000 1.000000
13577 0.000000 0.000000 0.000000 1.000000
13578 0.000000 0.000000 0.000000 1.000000
13579 0.000000 0.000000 0.000000 1.000000
13580 0.000000 0.000000 0.000000 1.000000
13581 0.000000 0.000000 0.000000 1.000000
13582 0.000000 0.000000 0.000000 1.000000
13583 0.000000 0.000000 0.000000 1.000000
14454 0.000000 0.000000 0.000000 1.000000
14455 0.000000 0.000000 0.000000 1.000000
14456 0.000000 0.000000 0.000000 1.000000
14457 0.000000 0.000000 0.000000 1.000000
14458 0.000000 0.000000 0.000000 1.000000
14459 0.000000 0.000000 0.000000 1.000000
14460 0.000000 0.000000 0.000000 1.000000
14461 0.000000 0.000000 0.000000 1.000000
14462 0.000000 0.000000 0.000000 1.000000
14463 0.000000 0.000000 0.000000 1.000000
14464 0.000000 0.000000 0.000000 1.000000
14465 0.000000 0.000000 0.000000 1.000000
15728 0.000000 0.000000 0.000000 1.000000
15732 0.000000 0.000000 0.000000 1.000000
15734 0.000000 0.000000 0.000000 1.000000
15735 0.000000 0.000000 0.000000 1.000000
15736 0.000000 0.000000 0.000000 1.000000
15738 0.000000 0.000000 0.000000 1.000000
15750 0.000000 0.000000 0.000000 1.000000
16249 0.000000 0.000000 0.000000 1.000000
16250 0.000000 0.000000 0.000000 1.000000
16251 0.000000 0.000000 0.000000 1.000000
16252 0.000000 0.000000 0.000000 1.000000
16253 0.000000 0.000000 0.000000 1.000000
16254 0.000000 0.000000 0.000000 1.000000
16255 0.000000 0.000000 0.000000 1.000000
16256 0.000000 0.000000 0.000000 1.000000
16257 0.000000 0.000000 0.000000 1.000000
16258 0.000000 0.000000 0.000000 1.000000
16259 0.000000 0.000000 0.000000 1.000000
16260 0.000000 0.000000 0.000000 1.000000
16261 0.000000 0.000000 0.000000 1.000000
16262 0.000000 0.000000 0.000000 1.000000
16263 0.000000 0.000000 0.000000 1.000000
16265 0.000000 0.000000 0.000000 1.000000
16266 0.000000 0.000000 0.000000 1.000000
16267 0.000000 0.000000 0.000000 1.000000
17529 0.000000 0.000000 0.000000 1.000000
17530 0.000000 0.000000 0.000000 1.000000
17531 0.000000 0.000000 0.000000 1.000000
17532 0.000000 0.000000 0.000000 1.000000
17533 0.000000 0.000000 0.000000 1.000000
17534 0.000000 0.000000 0.000000 1.000000
17535 0.000000 0.000000 0.000000 1.000000
17536 0.000000 0.000000 0.000000 1.000000
17537 0.000000 0.000000 0.000000 1.000000
17538 0.000000 0.000000 0.000000 1.000000
17539 0.000000 0.000000 0.000000 1.000000
17541 0.000000 0.000000 0.000000 1.000000
17542 0.000000 0.000000 0.000000 1.000000
17543 0.000000 0.000000 0.000000 1.000000
17544 0.000000 0.000000 0.000000 1.000000
17545 0.000000 0.000000 0.000000 1.000000
18887 0.000000 0.000000 0.000000 1.000000
18888 0.000000 0.000000 0.000000 1.000000
18889 0.000000 0.000000 0.000000 1.000000
18897 0.000000 0.000000 0.000000 1.000000
18901 0.000000 0.000000 0.000000 1.000000
18902 0.000000 0.000000 0.000000 1.000000
18903 0.000000 0.000000 0.000000 1.000000
18904 0.000000 0.000000 0.000000 1.000000
18905 0.000000 0.000000 0.000000 1.000000
18906 0.000000 0.000000 0.000000 1.000000
18907 0.000000 0.000000 0.000000 1.000000
18908 0.000000 0.000000 0.000000 1.000000
18909 0.000000 0.000000 0.000000 1.000000
18910 0.000000 0.000000 0.000000 1.000000
18911 0.000000 0.000000 0.000000 1.000000
18912 0.000000 0.000000 0.000000 1.000000
18913 0.000000 0.000000 0.000000 1.000000
18914 0.000000 0.000000 0.000000 1.000000
18915 0.000000 0.000000 0.000000 1.000000
18916 0.000000 0.000000 0.000000 1.000000
21606 0.000000 0.000000 0.000000 1.000000
21612 0.000000 0.000000 0.000000 1.000000
21613 0.000000 0.000000 0.000000 1.000000
21614 0.000000 0.000000 0.000000 1.000000
21615 0.000000 0.000000 0.000000 1.000000
21616 0.000000 0.000000 0.000000 1.000000
22727 0.000000 0.000000 0.000000 1.000000
22728 0.000000 0.000000 0.000000 1.000000
22729 0.000000 0.000000 0.000000 1.000000
22730 0.000000 0.000000 0.000000 1.000000
22731 0.000000 0.000000 0.000000 1.000000
22732 0.000000 0.000000 0.000000 1.000000
22733 0.000000 0.000000 0.000000 1.000000
22734 0.000000 0.000000 0.000000 1.000000
22735 0.000000 0.000000 0.000000 1.000000
22736 0.000000 0.000000 0.000000 1.000000
22737 0.000000 0.000000 0.000000 1.000000
22738 0.000000 0.000000 0.000000 1.000000
22739 0.000000 0.000000 0.000000 1.000000
22740 0.000000 0.000000 0.000000 1.000000
22741 0.000000 0.000000 0.000000 1.000000
22742 0.000000 0.000000 0.000000 1.000000
22743 0.000000 0.000000 0.000000 1.000000
22744 0.000000 0.000000 0.000000 1.000000
22751 0.000000 0.000000 0.000000 1.000000
22752 0.000000 0.000000 0.000000 1.000000
22753 0.000000 0.000000 0.000000 1.000000
22754 0.000000 0.000000 0.000000 1.000000
22755 0.000000 0.000000 0.000000 1.000000
22756 0.000000 0.000000 0.000000 1.000000
22758 0.000000 0.000000 0.000000 1.000000
22759 0.000000 0.000000 0.000000 1.000000
22760 0.000000 0.000000 0.000000 1.000000
22761 0.000000 0.000000 0.000000 1.000000
22762 0.000000 0.000000 0.000000 1.000000
22763 0.000000 0.000000 0.000000 1.000000
22764 0.000000 0.000000 0.000000 1.000000
22765 0.000000 0.000000 0.000000 1.000000
22766 0.000000 0.000000 0.000000 1.000000
23122 0.000000 0.000000 0.000000 1.000000
23123 0.000000 0.000000 0.000000 1.000000
23124 0.000000 0.000000 0.000000 1.000000
23125 0.000000 0.000000 0.000000 1.000000
23126 0.000000 0.000000 0.000000 1.000000
23649 0.000000 0.000000 0.000000 1.000000
23650 0.000000 0.000000 0.000000 1.000000
23651 0.000000 0.000000 0.000000 1.000000
23652 0.000000 0.000000 0.000000 1.000000
23653 0.000000 0.000000 0.000000 1.000000
23654 0.000000 0.000000 0.000000 1.000000
23655 0.000000 0.000000 0.000000 1.000000
23656 0.000000 0.000000 0.000000 1.000000
24416 0.000000 0.000000 0.000000 1.000000
24417 0.000000 0.000000 0.000000 1.000000
24418 0.000000 0.000000 0.000000 1.000000
24726 0.000000 0.000000 0.000000 1.000000
24727 0.000000 0.000000 0.000000 1.000000
24728 0.000000 0.000000 0.000000 1.000000
24729 0.000000 0.000000 0.000000 1.000000
24730 0.000000 0.000000 0.000000 1.000000
24731 0.000000 0.000000 0.000000 1.000000
24732 0.000000 0.000000 0.000000 1.000000
24733 0.000000 0.000000 0.000000 1.000000
24734 0.000000 0.000000 0.000000 1.000000
24735 0.000000 0.000000 0.000000 1.000000
25494 0.000000 0.000000 0.000000 1.000000
25495 0.000000 0.000000 0.000000 1.000000
25496 0.000000 0.000000 0.000000 1.000000
25497 0.000000 0.000000 0.000000 1.000000
25498 0.000000 0.000000 0.000000 1.000000
26306 0.000000 0.000000 0.000000 1.000000
26309 0.000000 0.000000 0.000000 1.000000
26310 0.000000 0.000000 0.000000 1.000000
26311 0.000000 0.000000 0.000000 1.000000
26312 0.000000 0.000000 0.000000 1.000000
26313 0.000000 0.000000 0.000000 1.000000
26315 0.000000 0.000000 0.000000 1.000000
26316 0.000000 0.000000 0.000000 1.000000
26317 0.000000 0.000000 0.000000 1.000000
26318 0.000000 0.000000 0.000000 1.000000
26319 0.000000 0.000000 0.000000 1.000000
26320 0.000000 0.000000 0.000000 1.000000
26321 0.000000 0.000000 0.000000 1.000000
26322 0.000000 0.000000 0.000000 1.000000
26323 0.000000 0.000000 0.000000 1.000000
26324 0.000000 0.000000 0.000000 1.000000
28604 0.000000 0.000000 0.000000 1.000000
28606 0.000000 0.000000 0.000000 1.000000
28613 0.000000 0.000000 0.000000 1.000000
28614 0.000000 0.000000 0.000000 1.000000
28615 0.000000 0.000000 0.000000 1.000000
28616 0.000000 0.000000 0.000000 1.000000
28617 0.000000 0.000000 0.000000 1.000000
28618 0.000000 0.000000 0.000000 1.000000
28619 0.000000 0.000000 0.000000 1.000000
28620 0.000000 0.000000 0.000000 1.000000
28621 0.000000 0.000000 0.000000 1.000000
28622 0.000000 0.000000 0.000000 1.000000
28623 0.000000 0.000000 0.000000 1.000000
28624 0.000000 0.000000 0.000000 1.000000
28625 0.000000 0.000000 0.000000 1.000000
28626 0.000000 0.000000 0.000000 1.000000
28627 0.000000 0.000000 0.000000 1.000000
28628 0.000000 0.000000 0.000000 1.000000
28629 0.000000 0.000000 0.000000 1.000000
28630 0.000000 0.000000 0.000000 1.000000
28631 0.000000 0.000000 0.000000 1.000000
28632 0.000000 0.000000 0.000000 1.000000
28633 0.000000 0.000000 0.000000 1.000000
28634 0.000000 0.000000 0.000000 1.000000
28635 0.000000 0.000000 0.000000 1.000000
28636 0.000000 0.000000 0.000000 1.000000
28990 0.000000 0.000000 0.000000 1.000000
28991 0.000000 0.000000 0.000000 1.000000
28992 0.000000 0.000000 0.000000 1.000000
28993 0.000000 0.000000 0.000000 1.000000
28994 0.000000 0.000000 0.000000 1.000000
28995 0.000000 0.000000 0.000000 1.000000
28996 0.000000 0.000000 0.000000 1.000000
28997 0.000000 0.000000 0.000000 1.000000
28998 0.000000 0.000000 0.000000 1.000000
28999 0.000000 0.000000 0.000000 1.000000
29000 0.000000 0.000000 0.000000 1.000000
29589 0.000000 0.000000 0.000000 1.000000
29590 0.000000 0.000000 0.000000 1.000000
29591 0.000000 0.000000 0.000000 1.000000
30219 0.000000 0.000000 0.000000 1.000000
30220 0.000000 0.000000 0.000000 1.000000
30221 0.000000 0.000000 0.000000 1.000000
30222 0.000000 0.000000 0.000000 1.000000
30223 0.000000 0.000000 0.000000 1.000000
30224 0.000000 0.000000 0.000000 1.000000
30225 0.000000 0.000000 0.000000 1.000000
30226 0.000000 0.000000 0.000000 1.000000
30227 0.000000 0.000000 0.000000 1.000000
30228 0.000000 0.000000 0.000000 1.000000
30229 0.000000 0.000000 0.000000 1.000000
30230 0.000000 0.000000 0.000000 1.000000
30231 0.000000 0.000000 0.000000 1.000000
30232 0.000000 0.000000 0.000000 1.000000
30233 0.000000 0.000000 0.000000 1.000000
30234 0.000000 0.000000 0.000000 1.000000
30235 0.000000 0.000000 0.000000 1.000000
30236 0.000000 0.000000 0.000000 1.000000
32012 0.000000 0.000000 0.000000 1.000000
32013 0.000000 0.000000 0.000000 1.000000
32014 0.000000 0.000000 0.000000 1.000000
32015 0.000000 0.000000 0.000000 1.000000
32016 0.000000 0.000000 0.000000 1.000000
32017 0.000000 0.000000 0.000000 1.000000
32018 0.000000 0.000000 0.000000 1.000000
32019 0.000000 0.000000 0.000000 1.000000
32021 0.000000 0.000000 0.000000 1.000000
32022 0.000000 0.000000 0.000000 1.000000
32023 0.000000 0.000000 0.000000 1.000000
32024 0.000000 0.000000 0.000000 1.000000
32025 0.000000 0.000000 0.000000 1.000000
32026 0.000000 0.000000 0.000000 1.000000
32032 0.000000 0.000000 0.000000 1.000000
32033 0.000000 0.000000 0.000000 1.000000
32034 0.000000 0.000000 0.000000 1.000000
32682 0.000000 0.000000 0.000000 1.000000
32683 0.000000 0.000000 0.000000 1.000000
32684 0.000000 0.000000 0.000000 1.000000
32685 0.000000 0.000000 0.000000 1.000000
32686 0.000000 0.000000 0.000000 1.000000
32687 0.000000 0.000000 0.000000 1.000000
32688 0.000000 0.000000 0.000000 1.000000
32689 0.000000 0.000000 0.000000 1.000000
32690 0.000000 0.000000 0.000000 1.000000
32691 0.000000 0.000000 0.000000 1.000000
32692 0.000000 0.000000 0.000000 1.000000
32693 0.000000 0.000000 0.000000 1.000000
32694 0.000000 0.000000 0.000000 1.000000
32695 0.000000 0.000000 0.000000 1.000000
32696 0.000000 0.000000 0.000000 1.000000
32697 0.000000 0.000000 0.000000 1.000000
32698 0.000000 0.000000 0.000000 1.000000
32699 0.000000 0.000000 0.000000 1.000000
32700 0.000000 0.000000 0.000000 1.000000
34299 0.000000 0.000000 0.000000 1.000000
34300 0.000000 0.000000 0.000000 1.000000
34301 0.000000 0.000000 0.000000 1.000000
34302 0.000000 0.000000 0.000000 1.000000
34303 0.000000 0.000000 0.000000 1.000000
34304 0.000000 0.000000 0.000000 1.000000
34305 0.000000 0.000000 0.000000 1.000000
34306 0.000000 0.000000 0.000000 1.000000
34307 0.000000 0.000000 0.000000 1.000000
34308 0.000000 0.000000 0.000000 1.000000
34309 0.000000 0.000000 0.000000 1.000000
34310 0.000000 0.000000 0.000000 1.000000
34311 0.000000 0.000000 0.000000 1.000000
34312 0.000000 0.000000 0.000000 1.000000
34313 0.000000 0.000000 0.000000 1.000000
34314 0.000000 0.000000 0.000000 1.000000
34315 0.000000 0.000000 0.000000 1.000000
34316 0.000000 0.000000 0.000000 1.000000
34317 0.000000 0.000000 0.000000 1.000000
34318 0.000000 0.000000 0.000000 1.000000
34319 0.000000 0.000000 0.000000 1.000000
34320 0.000000 0.000000 0.000000 1.000000
35952 0.000000 0.000000 0.000000 1.000000
35953 0.000000 0.000000 0.000000 1.000000
35954 0.000000 0.000000 0.000000 1.000000
35964 0.000000 0.000000 0.000000 1.000000
35965 0.000000 0.000000 0.000000 1.000000
35967 0.000000 0.000000 0.000000 1.000000
35979 0.000000 0.000000 0.000000 1.000000
35980 0.000000 0.000000 0.000000 1.000000
35981 0.000000 0.000000 0.000000 1.000000
35982 0.000000 0.000000 0.000000 1.000000
35983 0.000000 0.000000 0.000000 1.000000
35984 0.000000 0.000000 0.000000 1.000000
35985 0.000000 0.000000 0.000000 1.000000
35986 0.000000 0.000000 0.000000 1.000000
35987 0.000000 0.000000 0.000000 1.000000
35988 0.000000 0.000000 0.000000 1.000000
35989 0.000000 0.000000 0.000000 1.000000
35990 0.000000 0.000000 0.000000 1.000000
35991 0.000000 0.000000 0.000000 1.000000
35992 0.000000 0.000000 0.000000 1.000000
35993 0.000000 0.000000 0.000000 1.000000
35994 0.000000 0.000000 0.000000 1.000000
35995 0.000000 0.000000 0.000000 1.000000
35996 0.000000 0.000000 0.000000 1.000000
35997 0.000000 0.000000 0.000000 1.000000
35998 0.000000 0.000000 0.000000 1.000000
35999 0.000000 0.000000 0.000000 1.000000
36000 0.000000 0.000000 0.000000 1.000000
39016 0.000000 0.000000 0.000000 1.000000
39242 0.000000 0.000000 0.000000 1.000000
39243 0.000000 0.000000 0.000000 1.000000
39249 0.000000 0.000000 0.000000 1.000000
39250 0.000000 0.000000 0.000000 1.000000
39251 0.000000 0.000000 0.000000 1.000000
39252 0.000000 0.000000 0.000000 1.000000
39253 0.000000 0.000000 0.000000 1.000000
39254 0.000000 0.000000 0.000000 1.000000
39255 0.000000 0.000000 0.000000 1.000000
39257 0.000000 0.000000 0.000000 1.000000
39258 0.000000 0.000000 0.000000 1.000000
39259 0.000000 0.000000 0.000000 1.000000
39260 0.000000 0.000000 0.000000 1.000000
40234 0.000000 0.000000 0.000000 1.000000
40236 0.000000 0.000000 0.000000 1.000000
40240 0.000000 0.000000 0.000000 1.000000
40585 0.000000 0.000000 0.000000 1.000000
40586 0.000000 0.000000 0.000000 1.000000
40587 0.000000 0.000000 0.000000 1.000000
40588 0.000000 0.000000 0.000000 1.000000
40589 0.000000 0.000000 0.000000 1.000000
40590 0.000000 0.000000 0.000000 1.000000
40591 0.000000 0.000000 0.000000 1.000000
40592 0.000000 0.000000 0.000000 1.000000
40593 0.000000 0.000000 0.000000 1.000000
40594 0.000000 0.000000 0.000000 1.000000
40595 0.000000 0.000000 0.000000 1.000000
40596 0.000000 0.000000 0.000000 1.000000
40597 0.000000 0.000000 0.000000 1.000000
40598 0.000000 0.000000 0.000000 1.000000
40599 0.000000 0.000000 0.000000 1.000000
40600 0.000000 0.000000 0.000000 1.000000
40601 0.000000 0.000000 0.000000 1.000000
40602 0.000000 0.000000 0.000000 1.000000
40603 0.000000 0.000000 0.000000 1.000000
40614 0.000000 0.000000 0.000000 1.000000
40615 0.000000 0.000000 0.000000 1.000000
40616 0.000000 0.000000 0.000000 1.000000
40617 0.000000 0.000000 0.000000 1.000000
40618 0.000000 0.000000 0.000000 1.000000
40619 0.000000 0.000000 0.000000 1.000000
40621 0.000000 0.000000 0.000000 1.000000
40622 0.000000 0.000000 0.000000 1.000000
40623 0.000000 0.000000 0.000000 1.000000
40624 0.000000 0.000000 0.000000 1.000000
40625 0.000000 0.000000 0.000000 1.000000
40626 0.000000 0.000000 0.000000 1.000000
40627 0.000000 0.000000 0.000000 1.000000
40628 0.000000 0.000000 0.000000 1.000000
40631 0.000000 0.000000 0.000000 1.000000
40633 0.000000 0.000000 0.000000 1.000000
40634 0.000000 0.000000 0.000000 1.000000
41006 0.000000 0.000000 0.000000 1.000000
41007 0.000000 0.000000 0.000000 1.000000
41008 0.000000 0.000000 0.000000 1.000000
41724 0.000000 0.000000 0.000000 1.000000
41725 0.000000 0.000000 0.000000 1.000000
41726 0.000000 0.000000 0.000000 1.000000
41896 0.000000 0.000000 0.000000 1.000000
41897 0.000000 0.000000 0.000000 1.000000
41898 0.000000 0.000000 0.000000 1.000000
41899 0.000000 0.000000 0.000000 1.000000
41900 0.000000 0.000000 0.000000 1.000000
41901 0.000000 0.000000 0.000000 1.000000
42324 0.000000 0.000000 0.000000 1.000000
42325 0.000000 0.000000 0.000000 1.000000
42326 0.000000 0.000000 0.000000 1.000000
42774 0.000000 0.000000 0.000000 1.000000
42775 0.000000 0.000000 0.000000 1.000000
42776 0.000000 0.000000 0.000000 1.000000
42777 0.000000 0.000000 0.000000 1.000000
42778 0.000000 0.000000 0.000000 1.000000
42779 0.000000 0.000000 0.000000 1.000000
42780 0.000000 0.000000 0.000000 1.000000
42781 0.000000 0.000000 0.000000 1.000000
42782 0.000000 0.000000 0.000000 1.000000
42783 0.000000 0.000000 0.000000 1.000000
44052 0.000000 0.000000 0.000000 1.000000
44053 0.000000 0.000000 0.000000 1.000000
44054 0.000000 0.000000 0.000000 1.000000
44055 0.000000 0.000000 0.000000 1.000000
44056 0.000000 0.000000 0.000000 1.000000
44057 0.000000 0.000000 0.000000 1.000000
44058 0.000000 0.000000 0.000000 1.000000
44059 0.000000 0.000000 0.000000 1.000000
44060 0.000000 0.000000 0.000000 1.000000
44061 0.000000 0.000000 0.000000 1.000000
44062 0.000000 0.000000 0.000000 1.000000
44063 0.000000 0.000000 0.000000 1.000000
44064 0.000000 0.000000 0.000000 1.000000
44065 0.000000 0.000000 0.000000 1.000000
44066 0.000000 0.000000 0.000000 1.000000
44296 0.000000 0.000000 0.000000 1.000000
44297 0.000000 0.000000 0.000000 1.000000
44298 0.000000 0.000000 0.000000 1.000000
44299 0.000000 0.000000 0.000000 1.000000
44300 0.000000 0.000000 0.000000 1.000000
44301 0.000000 0.000000 0.000000 1.000000
44302 0.000000 0.000000 0.000000 1.000000
44303 0.000000 0.000000 0.000000 1.000000
45174 0.000000 0.000000 0.000000 1.000000
45175 0.000000 0.000000 0.000000 1.000000
45176 0.000000 0.000000 0.000000 1.000000
45177 0.000000 0.000000 0.000000 1.000000
45178 0.000000 0.000000 0.000000 1.000000
45179 0.000000 0.000000 0.000000 1.000000
45180 0.000000 0.000000 0.000000 1.000000
45181 0.000000 0.000000 0.000000 1.000000
45182 0.000000 0.000000 0.000000 1.000000
45183 0.000000 0.000000 0.000000 1.000000
46444 0.000000 0.000000 0.000000 1.000000
46446 0.000000 0.000000 0.000000 1.000000
46448 0.000000 0.000000 0.000000 1.000000
46452 0.000000 0.000000 0.000000 1.000000
46453 0.000000 0.000000 0.000000 1.000000
46454 0.000000 0.000000 0.000000 1.000000
46455 0.000000 0.000000 0.000000 1.000000
46456 0.000000 0.000000 0.000000 1.000000
46969 0.000000 0.000000 0.000000 1.000000
46970 0.000000 0.000000 0.000000 1.000000
46971 0.000000 0.000000 0.000000 1.000000
46972 0.000000 0.000000 0.000000 1.000000
46973 0.000000 0.000000 0.000000 1.000000
46974 0.000000 0.000000 0.000000 1.000000
46975 0.000000 0.000000 0.000000 1.000000
46976 0.000000 0.000000 0.000000 1.000000
46977 0.000000 0.000000 0.000000 1.000000
46978 0.000000 0.000000 0.000000 1.000000
46979 0.000000 0.000000 0.000000 1.000000
46980 0.000000 0.000000 0.000000 1.000000
46981 0.000000 0.000000 0.000000 1.000000
46982 0.000000 0.000000 0.000000 1.000000
46983 0.000000 0.000000 0.000000 1.000000
48249 0.000000 0.000000 0.000000 1.000000
48250 0.000000 0.000000 0.000000 1.000000
48251 0.000000 0.000000 0.000000 1.000000
48252 0.000000 0.000000 0.000000 1.000000
48253 0.000000 0.000000 0.000000 1.000000
48254 0.000000 0.000000 0.000000 1.000000
48255 0.000000 0.000000 0.000000 1.000000
48256 0.000000 0.000000 0.000000 1.000000
48258 0.000000 0.000000 0.000000 1.000000
48261 0.000000 0.000000 0.000000 1.000000
48262 0.000000 0.000000 0.000000 1.000000
48263 0.000000 0.000000 0.000000 1.000000
48264 0.000000 0.000000 0.000000 1.000000
48265 0.000000 0.000000 0.000000 1.000000
49607 0.000000 0.000000 0.000000 1.000000
49608 0.000000 0.000000 0.000000 1.000000
49609 0.000000 0.000000 0.000000 1.000000
49617 0.000000 0.000000 0.000000 1.000000
49619 0.000000 0.000000 0.000000 1.000000
49621 0.000000 0.000000 0.000000 1.000000
49622 0.000000 0.000000 0.000000 1.000000
49623 0.000000 0.000000 0.000000 1.000000
49624 0.000000 0.000000 0.000000 1.000000
49625 0.000000 0.000000 0.000000 1.000000
49626 0.000000 0.000000 0.000000 1.000000
49627 0.000000 0.000000 0.000000 1.000000
49628 0.000000 0.000000 0.000000 1.000000
49629 0.000000 0.000000 0.000000 1.000000
49630 0.000000 0.000000 0.000000 1.000000
49631 0.000000 0.000000 0.000000 1.000000
49633 0.000000 0.000000 0.000000 1.000000
49634 0.000000 0.000000 0.000000 1.000000
49635 0.000000 0.000000 0.000000 1.000000
52332 0.000000 0.000000 0.000000 1.000000
52333 0.000000 0.000000 0.000000 1.000000
52334 0.000000 0.000000 0.000000 1.000000
52335 0.000000 0.000000 0.000000 1.000000
52336 0.000000 0.000000 0.000000 1.000000
53447 0.000000 0.000000 0.000000 1.000000
53448 0.000000 0.000000 0.000000 1.000000
53449 0.000000 0.000000 0.000000 1.000000
53450 0.000000 0.000000 0.000000 1.000000
53451 0.000000 0.000000 0.000000 1.000000
53452 0.000000 0.000000 0.000000 1.000000
53453 0.000000 0.000000 0.000000 1.000000
53454 0.000000 0.000000 0.000000 1.000000
53455 0.000000 0.000000 0.000000 1.000000
53456 0.000000 0.000000 0.000000 1.000000
53457 0.000000 0.000000 0.000000 1.000000
53458 0.000000 0.000000 0.000000 1.000000
53459 0.000000 0.000000 0.000000 1.000000
53460 0.000000 0.000000 0.000000 1.000000
53461 0.000000 0.000000 0.000000 1.000000
53462 0.000000 0.000000 0.000000 1.000000
53463 0.000000 0.000000 0.000000 1.000000
53464 0.000000 0.000000 0.000000 1.000000
53471 0.000000 0.000000 0.000000 1.000000
53472 0.000000 0.000000 0.000000 1.000000
53473 0.000000 0.000000 0.000000 1.000000
53474 0.000000 0.000000 0.000000 1.000000
53475 0.000000 0.000000 0.000000 1.000000
53476 0.000000 0.000000 0.000000 1.000000
53478 0.000000 0.000000 0.000000 1.000000
53479 0.000000 0.000000 0.000000 1.000000
53480 0.000000 0.000000 0.000000 1.000000
53481 0.000000 0.000000 0.000000 1.000000
53482 0.000000 0.000000 0.000000 1.000000
53483 0.000000 0.000000 0.000000 1.000000
53484 0.000000 0.000000 0.000000 1.000000
53485 0.000000 0.000000 0.000000 1.000000
53486 0.000000 0.000000 0.000000 1.000000
53896 0.000000 0.000000 0.000000 1.000000
53897 0.000000 0.000000 0.000000 1.000000
53898 0.000000 0.000000 0.000000 1.000000
53899 0.000000 0.000000 0.000000 1.000000
53900 0.000000 0.000000 0.000000 1.000000
53901 0.000000 0.000000 0.000000 1.000000
53902 0.000000 0.000000 0.000000 1.000000
53903 0.000000 0.000000 0.000000 1.000000
54774 0.000000 0.000000 0.000000 1.000000
54775 0.000000 0.000000 0.000000 1.000000
54776 0.000000 0.000000 0.000000 1.000000
54777 0.000000 0.000000 0.000000 1.000000
54778 0.000000 0.000000 0.000000 1.000000
54779 0.000000 0.000000 0.000000 1.000000
54780 0.000000 0.000000 0.000000 1.000000
54781 0.000000 0.000000 0.000000 1.000000
54782 0.000000 0.000000 0.000000 1.000000
54783 0.000000 0.000000 0.000000 1.000000
54785 0.000000 0.000000 0.000000 1.000000
56049 0.000000 0.000000 0.000000 1.000000
56050 0.000000 0.000000 0.000000 1.000000
56051 0.000000 0.000000 0.000000 1.000000
56052 0.000000 0.000000 0.000000 1.000000
56053 0.000000 0.000000 0.000000 1.000000
56054 0.000000 0.000000 0.000000 1.000000
56055 0.000000 0.000000 0.000000 1.000000
56056 0.000000 0.000000 0.000000 1.000000
56568 0.000000 0.000000 0.000000 1.000000
56569 0.000000 0.000000 0.000000 1.000000
56570 0.000000 0.000000 0.000000 1.000000
56571 0.000000 0.000000 0.000000 1.000000
56572 0.000000 0.000000 0.000000 1.000000
56573 0.000000 0.000000 0.000000 1.000000
56574 0.000000 0.000000 0.000000 1.000000
56575 0.000000 0.000000 0.000000 1.000000
56576 0.000000 0.000000 0.000000 1.000000
56577 0.000000 0.000000 0.000000 1.000000
56578 0.000000 0.000000 0.000000 1.000000
56579 0.000000 0.000000 0.000000 1.000000
56580 0.000000 0.000000 0.000000 1.000000
56581 0.000000 0.000000 0.000000 1.000000
56582 0.000000 0.000000 0.000000 1.000000
56583 0.000000 0.000000 0.000000 1.000000
57849 0.000000 0.000000 0.000000 1.000000
57850 0.000000 0.000000 0.000000 1.000000
57851 0.000000 0.000000 0.000000 1.000000
57852 0.000000 0.000000 0.000000 1.000000
57853 0.000000 0.000000 0.000000 1.000000
57854 0.000000 0.000000 0.000000 1.000000
57855 0.000000 0.000000 0.000000 1.000000
57856 0.000000 0.000000 0.000000 1.000000
59199 0.000000 0.000000 0.000000 1.000000
59201 0.000000 0.000000 0.000000 1.000000
59202 0.000000 0.000000 0.000000 1.000000
59203 0.000000 0.000000 0.000000 1.000000
59204 0.000000 0.000000 0.000000 1.000000
59206 0.000000 0.000000 0.000000 1.000000
59207 0.000000 0.000000 0.000000 1.000000
59208 0.000000 0.000000 0.000000 1.000000
59209 0.000000 0.000000 0.000000 1.000000
59210 0.000000 0.000000 0.000000 1.000000
59211 0.000000 0.000000 0.000000 1.000000
59212 0.000000 0.000000 0.000000 1.000000
59213 0.000000 0.000000 0.000000 1.000000
59214 0.000000 0.000000 0.000000 1.000000
59215 0.000000 0.000000 0.000000 1.000000
59216 0.000000 0.000000 0.000000 1.000000
59217 0.000000 0.000000 0.000000 1.000000
59218 0.000000 0.000000 0.000000 1.000000
59219 0.000000 0.000000 0.000000 1.000000
59220 0.000000 0.000000 0.000000 1.000000
59221 0.000000 0.000000 0.000000 1.000000
59222 0.000000 0.000000 0.000000 1.000000
59223 0.000000 0.000000 0.000000 1.000000
59224 0.000000 0.000000 0.000000 1.000000
59225 0.000000 0.000000 0.000000 1.000000
59226 0.000000 0.000000 0.000000 1.000000
59227 0.000000 0.000000 0.000000 1.000000
59228 0.000000 0.000000 0.000000 1.000000
59229 0.000000 0.000000 0.000000 1.000000
59230 0.000000 0.000000 0.000000 1.000000
63032 0.000000 0.000000 0.000000 1.000000
63033 0.000000 0.000000 0.000000 1.000000
63034 0.000000 0.000000 0.000000 1.000000
63035 0.000000 0.000000 0.000000 1.000000
63036 0.000000 0.000000 0.000000 1.000000
63047 0.000000 0.000000 0.000000 1.000000
63048 0.000000 0.000000 0.000000 1.000000
63049 0.000000 0.000000 0.000000 1.000000
63050 0.000000 0.000000 0.000000 1.000000
63051 0.000000 0.000000 0.000000 1.000000
63052 0.000000 0.000000 0.000000 1.000000
63053 0.000000 0.000000 0.000000 1.000000
63054 0.000000 0.000000 0.000000 1.000000
63055 0.000000 0.000000 0.000000 1.000000
63056 0.000000 0.000000 0.000000 1.000000
63057 0.000000 0.000000 0.000000 1.000000
63058 0.000000 0.000000 0.000000 1.000000
63059 0.000000 0.000000 0.000000 1.000000
63060 0.000000 0.000000 0.000000 1.000000
63061 0.000000 0.000000 0.000000 1.000000
63062 0.000000 0.000000 0.000000 1.000000
63063 0.000000 0.000000 0.000000 1.000000
63064 0.000000 0.000000 0.000000 1.000000
63065 0.000000 0.000000 0.000000 1.000000
63066 0.000000 0.000000 0.000000 1.000000
63067 0.000000 0.000000 0.000000 1.000000
63068 0.000000 0.000000 0.000000 1.000000
63069 0.000000 0.000000 0.000000 1.000000
63070 0.000000 0.000000 0.000000 1.000000
63071 0.000000 0.000000 0.000000 1.000000
63072 0.000000 0.000000 0.000000 1.000000
63073 0.000000 0.000000 0.000000 1.000000
63074 0.000000 0.000000 0.000000 1.000000
63075 0.000000 0.000000 0.000000 1.000000
63076 0.000000 0.000000 0.000000 1.000000
63077 0.000000 0.000000 0.000000 1.000000
63078 0.000000 0.000000 0.000000 1.000000
63079 0.000000 0.000000 0.000000 1.000000
63080 0.000000 0.000000 0.000000 1.000000
63081 0.000000 0.000000 0.000000 1.000000
63082 0.000000 0.000000 0.000000 1.000000
63083 0.000000 0.000000 0.000000 1.000000
63084 0.000000 0.000000 0.000000 1.000000
63766 0.000000 0.000000 0.000000 1.000000
63767 0.000000 0.000000 0.000000 1.000000
63768 0.000000 0.000000 0.000000 1.000000
63769 0.000000 0.000000 0.000000 1.000000
63770 0.000000 0.000000 0.000000 1.000000
63771 0.000000 0.000000 0.000000 1.000000
63772 0.000000 0.000000 0.000000 1.000000
63773 0.000000 0.000000 0.000000 1.000000
63774 0.000000 0.000000 0.000000 1.000000
63775 0.000000 0.000000 0.000000 1.000000
63776 0.000000 0.000000 0.000000 1.000000
63777 0.000000 0.000000 0.000000 1.000000
63778 0.000000 0.000000 0.000000 1.000000
63779 0.000000 0.000000 0.000000 1.000000
63780 0.000000 0.000000 0.000000 1.000000
63781 0.000000 0.000000 0.000000 1.000000
63782 0.000000 0.000000 0.000000 1.000000
63783 0.000000 0.000000 0.000000 1.000000
63784 0.000000 0.000000 0.000000 1.000000
63785 0.000000 0.000000 0.000000 1.000000
63786 0.000000 0.000000 0.000000 1.000000
63787 0.000000 0.000000 0.000000 1.000000
63788 0.000000 0.000000 0.000000 1.000000
65049 0.000000 0.000000 0.000000 1.000000
65050 0.000000 0.000000 0.000000 1.000000
65051 0.000000 0.000000 0.000000 1.000000
66399 0.000000 0.000000 0.000000 1.000000
66400 0.000000 0.000000 0.000000 1.000000
66401 0.000000 0.000000 0.000000 1.000000
66402 0.000000 0.000000 0.000000 1.000000
66403 0.000000 0.000000 0.000000 1.000000
66404 0.000000 0.000000 0.000000 1.000000
66405 0.000000 0.000000 0.000000 1.000000
66406 0.000000 0.000000 0.000000 1.000000
66407 0.000000 0.000000 0.000000 1.000000
66408 0.000000 0.000000 0.000000 1.000000
66409 0.000000 0.000000 0.000000 1.000000
66410 0.000000 0.000000 0.000000 1.000000
66411 0.000000 0.000000 0.000000 1.000000
66412 0.000000 0.000000 0.000000 1.000000
66413 0.000000 0.000000 0.000000 1.000000
66414 0.000000 0.000000 0.000000 1.000000
66415 0.000000 0.000000 0.000000 1.000000
66416 0.000000 0.000000 0.000000 1.000000
66417 0.000000 0.000000 0.000000 1.000000
66418 0.000000 0.000000 0.000000 1.000000
66419 0.000000 0.000000 0.000000 1.000000
66420 0.000000 0.000000 0.000000 1.000000
66421 0.000000 0.000000 0.000000 1.000000
66422 0.000000 0.000000 0.000000 1.000000
66423 0.000000 0.000000 0.000000 1.000000
66424 0.000000 0.000000 0.000000 1.000000
66425 0.000000 0.000000 0.000000 1.000000
66426 0.000000 0.000000 0.000000 1.000000
66427 0.000000 0.000000 0.000000 1.000000
66428 0.000000 0.000000 0.000000 1.000000
66429 0.000000 0.000000 0.000000 1.000000
66430 0.000000 0.000000 0.000000 1.000000
66431 0.000000 0.000000 0.000000 1.000000
66432 0.000000 0.000000 0.000000 1.000000
66433 0.000000 0.000000 0.000000 1.000000
66434 0.000000 0.000000 0.000000 1.000000
66435 0.000000 0.000000 0.000000 1.000000
66436 0.000000 0.000000 0.000000 1.000000
66437 0.000000 0.000000 0.000000 1.000000
66438 0.000000 0.000000 0.000000 1.000000
70235 0.000000 0.000000 0.000000 1.000000
70240 0.000000 0.000000 0.000000 1.000000
70241 0.000000 0.000000 0.000000 1.000000
70242 0.000000 0.000000 0.000000 1.000000
70243 0.000000 0.000000 0.000000 1.000000
70244 0.000000 0.000000 0.000000 1.000000
70245 0.000000 0.000000 0.000000 1.000000
70246 0.000000 0.000000 0.000000 1.000000
70247 0.000000 0.000000 0.000000 1.000000
70248 0.000000 0.000000 0.000000 1.000000
70249 0.000000 0.000000 0.000000 1.000000
70250 0.000000 0.000000 0.000000 1.000000
70251 0.000000 0.000000 0.000000 1.000000
70252 0.000000 0.000000 0.000000 1.000000
70253 0.000000 0.000000 0.000000 1.000000
70254 0.000000 0.000000 0.000000 1.000000
70260 0.000000 0.000000 0.000000 1.000000
70261 0.000000 0.000000 0.000000 1.000000
70262 0.000000 0.000000 0.000000 1.000000
70263 0.000000 0.000000 0.000000 1.000000
70268 0.000000 0.000000 0.000000 1.000000
70270 0.000000 0.000000 0.000000 1.000000
70285 0.000000 0.000000 0.000000 1.000000
70286 0.000000 0.000000 0.000000 1.000000
70287 0.000000 0.000000 0.000000 1.000000
70288 0.000000 0.000000 0.000000 1.000000
70289 0.000000 0.000000 0.000000 1.000000
70290 0.000000 0.000000 0.000000 1.000000
71787 0.000000 0.000000 0.000000 1.000000
71792 0.000000 0.000000 0.000000 1.000000
71793 0.000000 0.000000 0.000000 1.000000
71794 0.000000 0.000000 0.000000 1.000000
71795 0.000000 0.000000 0.000000 1.000000
71796 0.000000 0.000000 0.000000 1.000000
71797 0.000000 0.000000 0.000000 1.000000
71798 0.000000 0.000000 0.000000 1.000000
71799 0.000000 0.000000 0.000000 1.000000
71800 0.000000 0.000000 0.000000 1.000000
71801 0.000000 0.000000 0.000000 1.000000
71802 0.000000 0.000000 0.000000 1.000000
71803 0.000000 0.000000 0.000000 1.000000
71804 0.000000 0.000000 0.000000 1.000000
71805 0.000000 0.000000 0.000000 1.000000
71806 0.000000 0.000000 0.000000 1.000000
71807 0.000000 0.000000 0.000000 1.000000
71808 0.000000 0.000000 0.000000 1.000000
71809 0.000000 0.000000 0.000000 1.000000
71810 0.000000 0.000000 0.000000 1.000000
71811 0.000000 0.000000 0.000000 1.000000
71812 0.000000 0.000000 0.000000 1.000000
71813 0.000000 0.000000 0.000000 1.000000
71814 0.000000 0.000000 0.000000 1.000000
71815 0.000000 0.000000 0.000000 1.000000
71816 0.000000 0.000000 0.000000 1.000000
71817 0.000000 0.000000 0.000000 1.000000
71818 0.000000 0.000000 0.000000 1.000000
71819 0.000000 0.000000 0.000000 1.000000
71820 0.000000 0.000000 0.000000 1.000000
71821 0.000000 0.000000 0.000000 1.000000
71822 0.000000 0.000000 0.000000 1.000000
71823 0.000000 0.000000 0.000000 1.000000
71824 0.000000 0.000000 0.000000 1.000000
71825 0.000000 0.000000 0.000000 1.000000
71826 0.000000 0.000000 0.000000 1.000000
71827 0.000000 0.000000 0.000000 1.000000
71828 0.000000 0.000000 0.000000 1.000000
71829 0.000000 0.000000 0.000000 1.000000
71830 0.000000 0.000000 0.000000 1.000000
71831 0.000000 0.000000 0.000000 1.000000
71832 0.000000 0.000000 0.000000 1.000000
71833 0.000000 0.000000 0.000000 1.000000
71834 0.000000 0.000000 0.000000 1.000000
71835 0.000000 0.000000 0.000000 1.000000
71836 0.000000 0.000000 0.000000 1.000000
71837 0.000000 0.000000 0.000000 1.000000
71838 0.000000 0.000000 0.000000 1.000000
71840 0.000000 0.000000 0.000000 1.000000
75624 0.000000 0.000000 0.000000 1.000000
75625 0.000000 0.000000 0.000000 1.000000
75626 0.000000 0.000000 0.000000 1.000000
75627 0.000000 0.000000 0.000000 1.000000
75628 0.000000 0.000000 0.000000 1.000000
75629 0.000000 0.000000 0.000000 1.000000
75630 0.000000 0.000000 0.000000 1.000000
75631 0.000000 0.000000 0.000000 1.000000
75632 0.000000 0.000000 0.000000 1.000000
75633 0.000000 0.000000 0.000000 1.000000
75634 0.000000 0.000000 0.000000 1.000000
75635 0.000000 0.000000 0.000000 1.000000
75636 0.000000 0.000000 0.000000 1.000000
75637 0.000000 0.000000 0.000000 1.000000
75638 0.000000 0.000000 0.000000 1.000000
75639 0.000000 0.000000 0.000000 1.000000
75640 0.000000 0.000000 0.000000 1.000000
75641 0.000000 0.000000 0.000000 1.000000
75642 0.000000 0.000000 0.000000 1.000000
75643 0.000000 0.000000 0.000000 1.000000
75644 0.000000 0.000000 0.000000 1.000000
75645 0.000000 0.000000 0.000000 1.000000
75646 0.000000 0.000000 0.000000 1.000000
75647 0.000000 0.000000 0.000000 1.000000
75648 0.000000 0.000000 0.000000 1.000000
75649 0.000000 0.000000 0.000000 1.000000
75650 0.000000 0.000000 0.000000 1.000000
75651 0.000000 0.000000 0.000000 1.000000
75652 0.000000 0.000000 0.000000 1.000000
75653 0.000000 0.000000 0.000000 1.000000
75654 0.000000 0.000000 0.000000 1.000000
75656 0.000000 0.000000 0.000000 1.000000
75657 0.000000 0.000000 0.000000 1.000000
75658 0.000000 0.000000 0.000000 1.000000
75659 0.000000 0.000000 0.000000 1.000000
75660 0.000000 0.000000 0.000000 1.000000
75661 0.000000 0.000000 0.000000 1.000000
75662 0.000000 0.000000 0.000000 1.000000
75663 0.000000 0.000000 0.000000 1.000000
75664 0.000000 0.000000 0.000000 1.000000
75665 0.000000 0.000000 0.000000 1.000000
75666 0.000000 0.000000 0.000000 1.000000
75667 0.000000 0.000000 0.000000 1.000000
75668 0.000000 0.000000 0.000000 1.000000
75669 0.000000 0.000000 0.000000 1.000000
75670 0.000000 0.000000 0.000000 1.000000
75671 0.000000 0.000000 0.000000 1.000000
75672 0.000000 0.000000 0.000000 1.000000
75673 0.000000 0.000000 0.000000 1.000000
79669 0.000000 0.000000 0.000000 1.000000
79670 0.000000 0.000000 0.000000 1.000000
79671 0.000000 0.000000 0.000000 1.000000
79672 0.000000 0.000000 0.000000 1.000000
79673 0.000000 0.000000 0.000000 1.000000
79697 0.000000 0.000000 0.000000 1.000000
79698 0.000000 0.000000 0.000000 1.000000
79699 0.000000 0.000000 0.000000 1.000000
79700 0.000000 0.000000 0.000000 1.000000
79701 0.000000 0.000000 0.000000 1.000000
79702 0.000000 0.000000 0.000000 1.000000
79703 0.000000 0.000000 0.000000 1.000000
79705 0.000000 0.000000 0.000000 1.000000
79706 0.000000 0.000000 0.000000 1.000000
79707 0.000000 0.000000 0.000000 1.000000
79737 0.000000 0.000000 0.000000 1.000000
79738 0.000000 0.000000 0.000000 1.000000
79739 0.000000 0.000000 0.000000 1.000000
79740 0.000000 0.000000 0.000000 1.000000
79741 0.000000 0.000000 0.000000 1.000000
79742 0.000000 0.000000 0.000000 1.000000
79743 0.000000 0.000000 0.000000 1.000000
79744 0.000000 0.000000 0.000000 1.000000
79745 0.000000 0.000000 0.000000 1.000000
79746 0.000000 0.000000 0.000000 1.000000
79747 0.000000 0.000000 0.000000 1.000000
79748 0.000000 0.000000 0.000000 1.000000
79749 0.000000 0.000000 0.000000 1.000000
79750 0.000000 0.000000 0.000000 1.000000
79751 0.000000 0.000000 0.000000 1.000000
79752 0.000000 0.000000 0.000000 1.000000
79753 0.000000 0.000000 0.000000 1.000000
79754 0.000000 0.000000 0.000000 1.000000
79755 0.000000 0.000000 0.000000 1.000000
79756 0.000000 0.000000 0.000000 1.000000
79757 0.000000 0.000000 0.000000 1.000000
79758 0.000000 0.000000 0.000000 1.000000
79759 0.000000 0.000000 0.000000 1.000000
79760 0.000000 0.000000 0.000000 1.000000
79761 0.000000 0.000000 0.000000 1.000000
79762 0.000000 0.000000 0.000000 1.000000
79763 0.000000 0.000000 0.000000 1.000000
79764 0.000000 0.000000 0.000000 1.000000
79765 0.000000 0.000000 0.000000 1.000000
79766 0.000000 0.000000 0.000000 1.000000
79767 0.000000 0.000000 0.000000 1.000000
79768 0.000000 0.000000 0.000000 1.000000
79769 0.000000 0.000000 0.000000 1.000000
79770 0.000000 0.000000 0.000000 1.000000
79771 0.000000 0.000000 0.000000 1.000000
79772 0.000000 0.000000 0.000000 1.000000
79773 0.000000 0.000000 0.000000 1.000000
79774 0.000000 0.000000 0.000000 1.000000
79775 0.000000 0.000000 0.000000 1.000000
79776 0.000000 0.000000 0.000000 1.000000
79777 0.000000 0.000000 0.000000 1.000000
79778 0.000000 0.000000 0.000000 1.000000
79779 0.000000 0.000000 0.000000 1.000000
79780 0.000000 0.000000 0.000000 1.000000
79781 0.000000 0.000000 0.000000 1.000000
79782 0.000000 0.000000 0.000000 1.000000
79783 0.000000 0.000000 0.000000 1.000000
79784 0.000000 0.000000 0.000000 1.000000
79785 0.000000 0.000000 0.000000 1.000000
79786 0.000000 0.000000 0.000000 1.000000
79787 0.000000 0.000000 0.000000 1.000000
79788 0.000000 0.000000 0.000000 1.000000
87859 0.000000 0.000000 0.000000 1.000000
87860 0.000000 0.000000 0.000000 1.000000
87861 0.000000 0.000000 0.000000 1.000000
87873 0.000000 0.000000 0.000000 1.000000
87874 0.000000 0.000000 0.000000 1.000000
87875 0.000000 0.000000 0.000000 1.000000
87876 0.000000 0.000000 0.000000 1.000000
87877 0.000000 0.000000 0.000000 1.000000
87878 0.000000 0.000000 0.000000 1.000000
87879 0.000000 0.000000 0.000000 1.000000
87880 0.000000 0.000000 0.000000 1.000000
87881 0.000000 0.000000 0.000000 1.000000
87882 0.000000 0.000000 0.000000 1.000000
87883 0.000000 0.000000 0.000000 1.000000
87884 0.000000 0.000000 0.000000 1.000000
87885 0.000000 0.000000 0.000000 1.000000
87886 0.000000 0.000000 0.000000 1.000000
87887 0.000000 0.000000 0.000000 1.000000
87888 0.000000 0.000000 0.000000 1.000000
87889 0.000000 0.000000 0.000000 1.000000
87890 0.000000 0.000000 0.000000 1.000000
87891 0.000000 0.000000 0.000000 1.000000
87895 0.000000 0.000000 0.000000 1.000000
87897 0.000000 0.000000 0.000000 1.000000
87898 0.000000 0.000000 0.000000 1.000000
87899 0.000000 0.000000 0.000000 1.000000
87900 0.000000 0.000000 0.000000 1.000000
87901 0.000000 0.000000 0.000000 1.000000
87903 0.000000 0.000000 0.000000 1.000000
87904 0.000000 0.000000 0.000000 1.000000
87905 0.000000 0.000000 0.000000 1.000000
87906 0.000000 0.000000 0.000000 1.000000
90339 0.000000 0.000000 0.000000 1.000000
90344 0.000000 0.000000 0.000000 1.000000
91217 0.000000 0.000000 0.000000 1.000000
91218 0.000000 0.000000 0.000000 1.000000
91219 0.000000 0.000000 0.000000 1.000000
91220 0.000000 0.000000 0.000000 1.000000
91221 0.000000 0.000000 0.000000 1.000000
91222 0.000000 0.000000 0.000000 1.000000
91223 0.000000 0.000000 0.000000 1.000000
91224 0.000000 0.000000 0.000000 1.000000
91225 0.000000 0.000000 0.000000 1.000000
91226 0.000000 0.000000 0.000000 1.000000
91227 0.000000 0.000000 0.000000 1.000000
91228 0.000000 0.000000 0.000000 1.000000
91229 0.000000 0.000000 0.000000 1.000000
91230 0.000000 0.000000 0.000000 1.000000
91231 0.000000 0.000000 0.000000 1.000000
91232 0.000000 0.000000 0.000000 1.000000
91233 0.000000 0.000000 0.000000 1.000000
91234 0.000000 0.000000 0.000000 1.000000
91235 0.000000 0.000000 0.000000 1.000000
91236 0.000000 0.000000 0.000000 1.000000
91237 0.000000 0.000000 0.000000 1.000000
91238 0.000000 0.000000 0.000000 1.000000
91239 0.000000 0.000000 0.000000 1.000000
91240 0.000000 0.000000 0.000000 1.000000
91241 0.000000 0.000000 0.000000 1.000000
91242 0.000000 0.000000 0.000000 1.000000
91243 0.000000 0.000000 0.000000 1.000000
91244 0.000000 0.000000 0.000000 1.000000
91245 0.000000 0.000000 0.000000 1.000000
91246 0.000000 0.000000 0.000000 1.000000
91247 0.000000 0.000000 0.000000 1.000000
91248 0.000000 0.000000 0.000000 1.000000
91249 0.000000 0.000000 0.000000 1.000000
91250 0.000000 0.000000 0.000000 1.000000
91251 0.000000 0.000000 0.000000 1.000000
91252 0.000000 0.000000 0.000000 1.000000
91253 0.000000 0.000000 0.000000 1.000000
91254 0.000000 0.000000 0.000000 1.000000
91255 0.000000 0.000000 0.000000 1.000000
91256 0.000000 0.000000 0.000000 1.000000
91257 0.000000 0.000000 0.000000 1.000000
91258 0.000000 0.000000 0.000000 1.000000
91259 0.000000 0.000000 0.000000 1.000000
91260 0.000000 0.000000 0.000000 1.000000
91261 0.000000 0.000000 0.000000 1.000000
91262 0.000000 0.000000 0.000000 1.000000
91263 0.000000 0.000000 0.000000 1.000000
91264 0.000000 0.000000 0.000000 1.000000
91265 0.000000 0.000000 0.000000 1.000000
91266 0.000000 0.000000 0.000000 1.000000
91290 0.000000 0.000000 0.000000 1.000000
91291 0.000000 0.000000 0.000000 1.000000
91292 0.000000 0.000000 0.000000 1.000000
91293 0.000000 0.000000 0.000000 1.000000
91294 0.000000 0.000000 0.000000 1.000000
91295 0.000000 0.000000 0.000000 1.000000
91296 0.000000 0.000000 0.000000 1.000000
91297 0.000000 0.000000 0.000000 1.000000
91298 0.000000 0.000000 0.000000 1.000000
91299 0.000000 0.000000 0.000000 1.000000
91300 0.000000 0.000000 0.000000 1.000000
91301 0.000000 0.000000 0.000000 1.000000
91302 0.000000 0.000000 0.000000 1.000000
91303 0.000000 0.000000 0.000000 1.000000
91304 0.000000 0.000000 0.000000 1.000000
91305 0.000000 0.000000 0.000000 1.000000
91306 0.000000 0.000000 0.000000 1.000000
91308 0.000000 0.000000 0.000000 1.000000
91309 0.000000 0.000000 0.000000 1.000000
91310 0.000000 0.000000 0.000000 1.000000
91311 0.000000 0.000000 0.000000 1.000000
91312 0.000000 0.000000 0.000000 1.000000
91313 0.000000 0.000000 0.000000 1.000000
91314 0.000000 0.000000 0.000000 1.000000
91315 0.000000 0.000000 0.000000 1.000000
91316 0.000000 0.000000 0.000000 1.000000
91317 0.000000 0.000000 0.000000 1.000000
91318 0.000000 0.000000 0.000000 1.000000
91319 0.000000 0.000000 0.000000 1.000000
91320 0.000000 0.000000 0.000000 1.000000
91321 0.000000 0.000000 0.000000 1.000000
91322 0.000000 0.000000 0.000000 1.000000
91323 0.000000 0.000000 0.000000 1.000000
91324 0.000000 0.000000 0.000000 1.000000
91325 0.000000 0.000000 0.000000 1.000000
91326 0.000000 0.000000 0.000000 1.000000
91329 0.000000 0.000000 0.000000 1.000000
91332 0.000000 0.000000 0.000000 1.000000
91333 0.000000 0.000000 0.000000 1.000000
91334 0.000000 0.000000 0.000000 1.000000
91335 0.000000 0.000000 0.000000 1.000000
91336 0.000000 0.000000 0.000000 1.000000
91338 0.000000 0.000000 0.000000 1.000000
92242 0.000000 0.000000 0.000000 1.000000
92243 0.000000 0.000000 0.000000 1.000000
92244 0.000000 0.000000 0.000000 1.000000
92245 0.000000 0.000000 0.000000 1.000000
92246 0.000000 0.000000 0.000000 1.000000
92769 0.000000 0.000000 0.000000 1.000000
92770 0.000000 0.000000 0.000000 1.000000
92771 0.000000 0.000000 0.000000 1.000000
92772 0.000000 0.000000 0.000000 1.000000
92773 0.000000 0.000000 0.000000 1.000000
92774 0.000000 0.000000 0.000000 1.000000
93534 0.000000 0.000000 0.000000 1.000000
93535 0.000000 0.000000 0.000000 1.000000
93536 0.000000 0.000000 0.000000 1.000000
93537 0.000000 0.000000 0.000000 1.000000
93538 0.000000 0.000000 0.000000 1.000000
93844 0.000000 0.000000 0.000000 1.000000
93845 0.000000 0.000000 0.000000 1.000000
93846 0.000000 0.000000 0.000000 1.000000
93847 0.000000 0.000000 0.000000 1.000000
93848 0.000000 0.000000 0.000000 1.000000
93849 0.000000 0.000000 0.000000 1.000000
93850 0.000000 0.000000 0.000000 1.000000
93851 0.000000 0.000000 0.000000 1.000000
93852 0.000000 0.000000 0.000000 1.000000
93853 0.000000 0.000000 0.000000 1.000000
93854 0.000000 0.000000 0.000000 1.000000
93855 0.000000 0.000000 0.000000 1.000000
94614 0.000000 0.000000 0.000000 1.000000
94615 0.000000 0.000000 0.000000 1.000000
94616 0.000000 0.000000 0.000000 1.000000
94617 0.000000 0.000000 0.000000 1.000000
94618 0.000000 0.000000 0.000000 1.000000
95424 0.000000 0.000000 0.000000 1.000000
95425 0.000000 0.000000 0.000000 1.000000
95426 0.000000 0.000000 0.000000 1.000000
95427 0.000000 0.000000 0.000000 1.000000
95428 0.000000 0.000000 0.000000 1.000000
95429 0.000000 0.000000 0.000000 1.000000
95430 0.000000 0.000000 0.000000 1.000000
95431 0.000000 0.000000 0.000000 1.000000
95432 0.000000 0.000000 0.000000 1.000000
95433 0.000000 0.000000 0.000000 1.000000
95434 0.000000 0.000000 0.000000 1.000000
95435 0.000000 0.000000 0.000000 1.000000
95436 0.000000 0.000000 0.000000 1.000000
95437 0.000000 0.000000 0.000000 1.000000
95438 0.000000 0.000000 0.000000 1.000000
95439 0.000000 0.000000 0.000000 1.000000
95440 0.000000 0.000000 0.000000 1.000000
95441 0.000000 0.000000 0.000000 1.000000
97724 0.000000 0.000000 0.000000 1.000000
97725 0.000000 0.000000 0.000000 1.000000
97726 0.000000 0.000000 0.000000 1.000000
97727 0.000000 0.000000 0.000000 1.000000
97728 0.000000 0.000000 0.000000 1.000000
97729 0.000000 0.000000 0.000000 1.000000
97730 0.000000 0.000000 0.000000 1.000000
97731 0.000000 0.000000 0.000000 1.000000
97732 0.000000 0.000000 0.000000 1.000000
97733 0.000000 0.000000 0.000000 1.000000
97734 0.000000 0.000000 0.000000 1.000000
97735 0.000000 0.000000 0.000000 1.000000
97736 0.000000 0.000000 0.000000 1.000000
97737 0.000000 0.000000 0.000000 1.000000
97738 0.000000 0.000000 0.000000 1.000000
97739 0.000000 0.000000 0.000000 1.000000
97740 0.000000 0.000000 0.000000 1.000000
97741 0.000000 0.000000 0.000000 1.000000
97742 0.000000 0.000000 0.000000 1.000000
97743 0.000000 0.000000 0.000000 1.000000
97744 0.000000 0.000000 0.000000 1.000000
97745 0.000000 0.000000 0.000000 1.000000
97746 0.000000 0.000000 0.000000 1.000000
97747 0.000000 0.000000 0.000000 1.000000
97748 0.000000 0.000000 0.000000 1.000000
97749 0.000000 0.000000 0.000000 1.000000
97750 0.000000 0.000000 0.000000 1.000000
97751 0.000000 0.000000 0.000000 1.000000
97752 0.000000 0.000000 0.000000 1.000000
97753 0.000000 0.000000 0.000000 1.000000
97754 0.000000 0.000000 0.000000 1.000000
98164 0.000000 0.000000 0.000000 1.000000
98165 0.000000 0.000000 0.000000 1.000000
98166 0.000000 0.000000 0.000000 1.000000
98167 0.000000 0.000000 0.000000 1.000000
98168 0.000000 0.000000 0.000000 1.000000
98169 0.000000 0.000000 0.000000 1.000000
98170 0.000000 0.000000 0.000000 1.000000
98171 0.000000 0.000000 0.000000 1.000000
98172 0.000000 0.000000 0.000000 1.000000
98173 0.000000 0.000000 0.000000 1.000000
98174 0.000000 0.000000 0.000000 1.000000
98175 0.000000 0.000000 0.000000 1.000000
98176 0.000000 0.000000 0.000000 1.000000
98177 0.000000 0.000000 0.000000 1.000000
99744 0.000000 0.000000 0.000000 1.000000
99745 0.000000 0.000000 0.000000 1.000000
99746 0.000000 0.000000 0.000000 1.000000
99747 0.000000 0.000000 0.000000 1.000000
99748 0.000000 0.000000 0.000000 1.000000
99749 0.000000 0.000000 0.000000 1.000000
99750 0.000000 0.000000 0.000000 1.000000
99751 0.000000 0.000000 0.000000 1.000000
99752 0.000000 0.000000 0.000000 1.000000
99753 0.000000 0.000000 0.000000 1.000000
99754 0.000000 0.000000 0.000000 1.000000
99755 0.000000 0.000000 0.000000 1.000000
99756 0.000000 0.000000 0.000000 1.000000
99757 0.000000 0.000000 0.000000 1.000000
99758 0.000000 0.000000 0.000000 1.000000
99759 0.000000 0.000000 0.000000 1.000000
99760 0.000000 0.000000 0.000000 1.000000
99761 0.000000 0.000000 0.000000 1.000000
99762 0.000000 0.000000 0.000000 1.000000
99763 0.000000 0.000000 0.000000 1.000000
99764 0.000000 0.000000 0.000000 1.000000
99765 0.000000 0.000000 0.000000 1.000000
99766 0.000000 0.000000 0.000000 1.000000
102044 0.000000 0.000000 0.000000 1.000000
102046 0.000000 0.000000 0.000000 1.000000
102047 0.000000 0.000000 0.000000 1.000000
102048 0.000000 0.000000 0.000000 1.000000
102049 0.000000 0.000000 0.000000 1.000000
102050 0.000000 0.000000 0.000000 1.000000
102051 0.000000 0.000000 0.000000 1.000000
102052 0.000000 0.000000 0.000000 1.000000
102054 0.000000 0.000000 0.000000 1.000000
102056 0.000000 0.000000 0.000000 1.000000
102975 0.000000 0.000000 0.000000 1.000000
102976 0.000000 0.000000 0.000000 1.000000
102977 0.000000 0.000000 0.000000 1.000000
102978 0.000000 0.000000 0.000000 1.000000
102979 0.000000 0.000000 0.000000 1.000000
102980 0.000000 0.000000 0.000000 1.000000
102981 0.000000 0.000000 0.000000 1.000000
102982 0.000000 0.000000 0.000000 1.000000
102983 0.000000 0.000000 0.000000 1.000000
102984 0.000000 0.000000 0.000000 1.000000
102985 0.000000 0.000000 0.000000 1.000000
102986 0.000000 0.000000 0.000000 1.000000
102987 0.000000 0.000000 0.000000 1.000000
102988 0.000000 0.000000 0.000000 1.000000
102989 0.000000 0.000000 0.000000 1.000000
102990 0.000000 0.000000 0.000000 1.000000
102991 0.000000 0.000000 0.000000 1.000000
102992 0.000000 0.000000 0.000000 1.000000
102993 0.000000 0.000000 0.000000 1.000000
102994 0.000000 0.000000 0.000000 1.000000
102995 0.000000 0.000000 0.000000 1.000000
102996 0.000000 0.000000 0.000000 1.000000
102997 0.000000 0.000000 0.000000 1.000000
102998 0.000000 0.000000 0.000000 1.000000
102999 0.000000 0.000000 0.000000 1.000000
103000 0.000000 0.000000 0.000000 1.000000
103001 0.000000 0.000000 0.000000 1.000000
103002 0.000000 0.000000 0.000000 1.000000
103003 0.000000 0.000000 0.000000 1.000000
103004 0.000000 0.000000 0.000000 1.000000
103005 0.000000 0.000000 0.000000 1.000000
103006 0.000000 0.000000 0.000000 1.000000
103007 0.000000 0.000000 0.000000 1.000000
103008 0.000000 0.000000 0.000000 1.000000
105279 0.000000 0.000000 0.000000 1.000000
105280 0.000000 0.000000 0.000000 1.000000
105281 0.000000 0.000000 0.000000 1.000000
105282 0.000000 0.000000 0.000000 1.000000
105283 0.000000 0.000000 0.000000 1.000000
105284 0.000000 0.000000 0.000000 1.000000
105285 0.000000 0.000000 0.000000 1.000000
105286 0.000000 0.000000 0.000000 1.000000
105287 0.000000 0.000000 0.000000 1.000000
105288 0.000000 0.000000 0.000000 1.000000
105289 0.000000 0.000000 0.000000 1.000000
105290 0.000000 0.000000 0.000000 1.000000
105291 0.000000 0.000000 0.000000 1.000000
105292 0.000000 0.000000 0.000000 1.000000
105293 0.000000 0.000000 0.000000 1.000000
105294 0.000000 0.000000 0.000000 1.000000
105295 0.000000 0.000000 0.000000 1.000000
105296 0.000000 0.000000 0.000000 1.000000
105297 0.000000 0.000000 0.000000 1.000000
105299 0.000000 0.000000 0.000000 1.000000
105300 0.000000 0.000000 0.000000 1.000000
105301 0.000000 0.000000 0.000000 1.000000
105302 0.000000 0.000000 0.000000 1.000000
105303 0.000000 0.000000 0.000000 1.000000
105304 0.000000 0.000000 0.000000 1.000000
105305 0.000000 0.000000 0.000000 1.000000
105306 0.000000 0.000000 0.000000 1.000000
105307 0.000000 0.000000 0.000000 1.000000
105308 0.000000 0.000000 0.000000 1.000000
105309 0.000000 0.000000 0.000000 1.000000
107708 0.000000 0.000000 0.000000 1.000000
107723 0.000000 0.000000 0.000000 1.000000
107724 0.000000 0.000000 0.000000 1.000000
107725 0.000000 0.000000 0.000000 1.000000
107726 0.000000 0.000000 0.000000 1.000000
107727 0.000000 0.000000 0.000000 1.000000
107728 0.000000 0.000000 0.000000 1.000000
107729 0.000000 0.000000 0.000000 1.000000
107741 0.000000 0.000000 0.000000 1.000000
107749 0.000000 0.000000 0.000000 1.000000
107750 0.000000 0.000000 0.000000 1.000000
107751 0.000000 0.000000 0.000000 1.000000
107752 0.000000 0.000000 0.000000 1.000000
107753 0.000000 0.000000 0.000000 1.000000
107754 0.000000 0.000000 0.000000 1.000000
107755 0.000000 0.000000 0.000000 1.000000
107756 0.000000 0.000000 0.000000 1.000000
107757 0.000000 0.000000 0.000000 1.000000
107758 0.000000 0.000000 0.000000 1.000000
107759 0.000000 0.000000 0.000000 1.000000
107760 0.000000 0.000000 0.000000 1.000000
107761 0.000000 0.000000 0.000000 1.000000
107762 0.000000 0.000000 0.000000 1.000000
107763 0.000000 0.000000 0.000000 1.000000
107764 0.000000 0.000000 0.000000 1.000000
107765 0.000000 0.000000 0.000000 1.000000
107766 0.000000 0.000000 0.000000 1.000000
107767 0.000000 0.000000 0.000000 1.000000
107768 0.000000 0.000000 0.000000 1.000000
107769 0.000000 0.000000 0.000000 1.000000
107770 0.000000 0.000000 0.000000 1.000000
107771 0.000000 0.000000 0.000000 1.000000
107772 0.000000 0.000000 0.000000 1.000000
107773 0.000000 0.000000 0.000000 1.000000
107774 0.000000 0.000000 0.000000 1.000000
107775 0.000000 0.000000 0.000000 1.000000
107776 0.000000 0.000000 0.000000 1.000000
107777 0.000000 0.000000 0.000000 1.000000
112620 0.000000 0.000000 0.000000 1.000000
112629 0.000000 0.000000 0.000000 1.000000
112630 0.000000 0.000000 0.000000 1.000000
112631 0.000000 0.000000 0.000000 1.000000
112632 0.000000 0.000000 0.000000 1.000000
112633 0.000000 0.000000 0.000000 1.000000
112634 0.000000 0.000000 0.000000 1.000000
112635 0.000000 0.000000 0.000000 1.000000
112636 0.000000 0.000000 0.000000 1.000000
112637 0.000000 0.000000 0.000000 1.000000
112638 0.000000 0.000000 0.000000 1.000000
112643 0.000000 0.000000 0.000000 1.000000
112644 0.000000 0.000000 0.000000 1.000000
114635 0.000000 0.000000 0.000000 1.000000
114636 0.000000 0.000000 0.000000 1.000000
114637 0.000000 0.000000 0.000000 1.000000
114638 0.000000 0.000000 0.000000 1.000000
114639 0.000000 0.000000 0.000000 1.000000
114640 0.000000 0.000000 0.000000 1.000000
114641 0.000000 0.000000 0.000000 1.000000
114642 0.000000 0.000000 0.000000 1.000000
114643 0.000000 0.000000 0.000000 1.000000
114644 0.000000 0.000000 0.000000 1.000000
114645 0.000000 0.000000 0.000000 1.000000
114646 0.000000 0.000000 0.000000 1.000000
114647 0.000000 0.000000 0.000000 1.000000
114648 0.000000 0.000000 0.000000 1.000000
114649 0.000000 0.000000 0.000000 1.000000
114650 0.000000 0.000000 0.000000 1.000000
114651 0.000000 0.000000 0.000000 1.000000
114652 0.000000 0.000000 0.000000 1.000000
114653 0.000000 0.000000 0.000000 1.000000
114654 0.000000 0.000000 0.000000 1.000000
114655 0.000000 0.000000 0.000000 1.000000
114656 0.000000 0.000000 0.000000 1.000000
114657 0.000000 0.000000 0.000000 1.000000
114658 0.000000 0.000000 0.000000 1.000000
114659 0.000000 0.000000 0.000000 1.000000
114660 0.000000 0.000000 0.000000 1.000000
114661 0.000000 0.000000 0.000000 1.000000
114662 0.000000 0.000000 0.000000 1.000000
114663 0.000000 0.000000 0.000000 1.000000
114664 0.000000 0.000000 0.000000 1.000000
114665 0.000000 0.000000 0.000000 1.000000
114679 0.000000 0.000000 0.000000 1.000000
114680 0.000000 0.000000 0.000000 1.000000
114681 0.000000 0.000000 0.000000 1.000000
114682 0.000000 0.000000 0.000000 1.000000
114683 0.000000 0.000000 0.000000 1.000000
114684 0.000000 0.000000 0.000000 1.000000
114685 0.000000 0.000000 0.000000 1.000000
114686 0.000000 0.000000 0.000000 1.000000
114687 0.000000 0.000000 0.000000 1.000000
114688 0.000000 0.000000 0.000000 1.000000
114690 0.000000 0.000000 0.000000 1.000000
114691 0.000000 0.000000 0.000000 1.000000
114692 0.000000 0.000000 0.000000 1.000000
114693 0.000000 0.000000 0.000000 1.000000
114694 0.000000 0.000000 0.000000 1.000000
114695 0.000000 0.000000 0.000000 1.000000
114696 0.000000 0.000000 0.000000 1.000000
114697 0.000000 0.000000 0.000000 1.000000
114698 0.000000 0.000000 0.000000 1.000000
114699 0.000000 0.000000 0.000000 1.000000
114700 0.000000 0.000000 0.000000 1.000000
114701 0.000000 0.000000 0.000000 1.000000
114702 0.000000 0.000000 0.000000 1.000000
114703 0.000000 0.000000 0.000000 1.000000
114704 0.000000 0.000000 0.000000 1.000000
114705 0.000000 0.000000 0.000000 1.000000
114706 0.000000 0.000000 0.000000 1.000000
115390 0.000000 0.000000 0.000000 1.000000
115391 0.000000 0.000000 0.000000 1.000000
115392 0.000000 0.000000 0.000000 1.000000
115393 0.000000 0.000000 0.000000 1.000000
115394 0.000000 0.000000 0.000000 1.000000
115395 0.000000 0.000000 0.000000 1.000000
115396 0.000000 0.000000 0.000000 1.000000
115397 0.000000 0.000000 0.000000 1.000000
115398 0.000000 0.000000 0.000000 1.000000
115399 0.000000 0.000000 0.000000 1.000000
115400 0.000000 0.000000 0.000000 1.000000
116619 0.000000 0.000000 0.000000 1.000000
116620 0.000000 0.000000 0.000000 1.000000
116621 0.000000 0.000000 0.000000 1.000000
116622 0.000000 0.000000 0.000000 1.000000
116623 0.000000 0.000000 0.000000 1.000000
116624 0.000000 0.000000 0.000000 1.000000
116625 0.000000 0.000000 0.000000 1.000000
116626 0.000000 0.000000 0.000000 1.000000
116627 0.000000 0.000000 0.000000 1.000000
116628 0.000000 0.000000 0.000000 1.000000
116629 0.000000 0.000000 0.000000 1.000000
116630 0.000000 0.000000 0.000000 1.000000
116631 0.000000 0.000000 0.000000 1.000000
116632 0.000000 0.000000 0.000000 1.000000
116633 0.000000 0.000000 0.000000 1.000000
116634 0.000000 0.000000 0.000000 1.000000
116635 0.000000 0.000000 0.000000 1.000000
116636 0.000000 0.000000 0.000000 1.000000
116637 0.000000 0.000000 0.000000 1.000000
118403 0.000000 0.000000 0.000000 1.000000
118408 0.000000 0.000000 0.000000 1.000000
118409 0.000000 0.000000 0.000000 1.000000
118410 0.000000 0.000000 0.000000 1.000000
118411 0.000000 0.000000 0.000000 1.000000
118412 0.000000 0.000000 0.000000 1.000000
118413 0.000000 0.000000 0.000000 1.000000
118414 0.000000 0.000000 0.000000 1.000000
119133 0.000000 0.000000 0.000000 1.000000
119134 0.000000 0.000000 0.000000 1.000000
119135 0.000000 0.000000 0.000000 1.000000
119136 0.000000 0.000000 0.000000 1.000000
119137 0.000000 0.000000 0.000000 1.000000
119138 0.000000 0.000000 0.000000 1.000000
119139 0.000000 0.000000 0.000000 1.000000
119140 0.000000 0.000000 0.000000 1.000000
119141 0.000000 0.000000 0.000000 1.000000
119142 0.000000 0.000000 0.000000 1.000000
119143 0.000000 0.000000 0.000000 1.000000
119144 0.000000 0.000000 0.000000 1.000000
119145 0.000000 0.000000 0.000000 1.000000
119146 0.000000 0.000000 0.000000 1.000000
119147 0.000000 0.000000 0.000000 1.000000
119148 0.000000 0.000000 0.000000 1.000000
119149 0.000000 0.000000 0.000000 1.000000
119150 0.000000 0.000000 0.000000 1.000000
119151 0.000000 0.000000 0.000000 1.000000
119152 0.000000 0.000000 0.000000 1.000000
119153 0.000000 0.000000 0.000000 1.000000
119154 0.000000 0.000000 0.000000 1.000000
119155 0.000000 0.000000 0.000000 1.000000
119156 0.000000 0.000000 0.000000 1.000000
120924 0.000000 0.000000 0.000000 1.000000
120925 0.000000 0.000000 0.000000 1.000000
120926 0.000000 0.000000 0.000000 1.000000
120927 0.000000 0.000000 0.000000 1.000000
120928 0.000000 0.000000 0.000000 1.000000
120929 0.000000 0.000000 0.000000 1.000000
120930 0.000000 0.000000 0.000000 1.000000
120931 0.000000 0.000000 0.000000 1.000000
120932 0.000000 0.000000 0.000000 1.000000
120933 0.000000 0.000000 0.000000 1.000000
120934 0.000000 0.000000 0.000000 1.000000
122819 0.000000 0.000000 0.000000 1.000000
122825 0.000000 0.000000 0.000000 1.000000
122826 0.000000 0.000000 0.000000 1.000000
122827 0.000000 0.000000 0.000000 1.000000
122828 0.000000 0.000000 0.000000 1.000000
122829 0.000000 0.000000 0.000000 1.000000
122830 0.000000 0.000000 0.000000 1.000000
122831 0.000000 0.000000 0.000000 1.000000
122832 0.000000 0.000000 0.000000 1.000000
122833 0.000000 0.000000 0.000000 1.000000
122834 0.000000 0.000000 0.000000 1.000000
122839 0.000000 0.000000 0.000000 1.000000
122840 0.000000 0.000000 0.000000 1.000000
122841 0.000000 0.000000 0.000000 1.000000
122842 0.000000 0.000000 0.000000 1.000000
122843 0.000000 0.000000 0.000000 1.000000
122844 0.000000 0.000000 0.000000 1.000000
122845 0.000000 0.000000 0.000000 1.000000
122846 0.000000 0.000000 0.000000 1.000000
122847 0.000000 0.000000 0.000000 1.000000
122848 0.000000 0.000000 0.000000 1.000000
122849 0.000000 0.000000 0.000000 1.000000
122850 0.000000 0.000000 0.000000 1.000000
122851 0.000000 0.000000 0.000000 1.000000
122852 0.000000 0.000000 0.000000 1.000000
122853 0.000000 0.000000 0.000000 1.000000
122854 0.000000 0.000000 0.000000 1.000000
122855 0.000000 0.000000 0.000000 1.000000
122856 0.000000 0.000000 0.000000 1.000000
122857 0.000000 0.000000 0.000000 1.000000
122858 0.000000 0.000000 0.000000 1.000000
122859 0.000000 0.000000 0.000000 1.000000
122860 0.000000 0.000000 0.000000 1.000000
128182 0.000000 0.000000 0.000000 1.000000
128185 0.000000 0.000000 0.000000 1.000000
128186 0.000000 0.000000 0.000000 1.000000
128201 0.000000 0.000000 0.000000 1.000000
128202 0.000000 0.000000 0.000000 1.000000
128203 0.000000 0.000000 0.000000 1.000000
128204 0.000000 0.000000 0.000000 1.000000
128205 0.000000 0.000000 0.000000 1.000000
128206 0.000000 0.000000 0.000000 1.000000
128207 0.000000 0.000000 0.000000 1.000000
128208 0.000000 0.000000 0.000000 1.000000
128209 0.000000 0.000000 0.000000 1.000000
128210 0.000000 0.000000 0.000000 1.000000
128211 0.000000 0.000000 0.000000 1.000000
128212 0.000000 0.000000 0.000000 1.000000
128213 0.000000 0.000000 0.000000 1.000000
128214 0.000000 0.000000 0.000000 1.000000
128215 0.000000 0.000000 0.000000 1.000000
128216 0.000000 0.000000 0.000000 1.000000
128217 0.000000 0.000000 0.000000 1.000000
128218 0.000000 0.000000 0.000000 1.000000
128219 0.000000 0.000000 0.000000 1.000000
128220 0.000000 0.000000 0.000000 1.000000
128221 0.000000 0.000000 0.000000 1.000000
128222 0.000000 0.000000 0.000000 1.000000
128223 0.000000 0.000000 0.000000 1.000000
128224 0.000000 0.000000 0.000000 1.000000
128225 0.000000 0.000000 0.000000 1.000000
128226 0.000000 0.000000 0.000000 1.000000
128227 0.000000 0.000000 0.000000 1.000000
128228 0.000000 0.000000 0.000000 1.000000
128229 0.000000 0.000000 0.000000 1.000000
128230 0.000000 0.000000 0.000000 1.000000
128231 0.000000 0.000000 0.000000 1.000000
128232 0.000000 0.000000 0.000000 1.000000
128233 0.000000 0.000000 0.000000 1.000000
128234 0.000000 0.000000 0.000000 1.000000
128235 0.000000 0.000000 0.000000 1.000000
128236 0.000000 0.000000 0.000000 1.000000
128237 0.000000 0.000000 0.000000 1.000000
128238 0.000000 0.000000 0.000000 1.000000
128239 0.000000 0.000000 0.000000 1.000000
128240 0.000000 0.000000 0.000000 1.000000
128241 0.000000 0.000000 0.000000 1.000000
128242 0.000000 0.000000 0.000000 1.000000
128243 0.000000 0.000000 0.000000 1.000000
128244 0.000000 0.000000 0.000000 1.000000
128245 0.000000 0.000000 0.000000 1.000000
128246 0.000000 0.000000 0.000000 1.000000
128247 0.000000 0.000000 0.000000 1.000000
128248 0.000000 0.000000 0.000000 1.000000
128249 0.000000 0.000000 0.000000 1.000000
128250 0.000000 0.000000 0.000000 1.000000
128251 0.000000 0.000000 0.000000 1.000000
128252 0.000000 0.000000 0.000000 1.000000
128253 0.000000 0.000000 0.000000 1.000000
128254 0.000000 0.000000 0.000000 1.000000
128255 0.000000 0.000000 0.000000 1.000000
128256 0.000000 0.000000 0.000000 1.000000
129154 0.000000 0.000000 0.000000 1.000000
129155 0.000000 0.000000 0.000000 1.000000
129157 0.000000 0.000000 0.000000 1.000000
129158 0.000000 0.000000 0.000000 1.000000
129159 0.000000 0.000000 0.000000 1.000000
129160 0.000000 0.000000 0.000000 1.000000
129161 0.000000 0.000000 0.000000 1.000000
129162 0.000000 0.000000 0.000000 1.000000
129163 0.000000 0.000000 0.000000 1.000000
129164 0.000000 0.000000 0.000000 1.000000
129165 0.000000 0.000000 0.000000 1.000000
129166 0.000000 0.000000 0.000000 1.000000
129167 0.000000 0.000000 0.000000 1.000000
129168 0.000000 0.000000 0.000000 1.000000
129169 0.000000 0.000000 0.000000 1.000000
129170 0.000000 0.000000 0.000000 1.000000
129171 0.000000 0.000000 0.000000 1.000000
129172 0.000000 0.000000 0.000000 1.000000
129173 0.000000 0.000000 0.000000 1.000000
129174 0.000000 0.000000 0.000000 1.000000
129175 0.000000 0.000000 0.000000 1.000000
129176 0.000000 0.000000 0.000000 1.000000
129177 0.000000 0.000000 0.000000 1.000000
129178 0.000000 0.000000 0.000000 1.000000
129179 0.000000 0.000000 0.000000 1.000000
129180 0.000000 0.000000 0.000000 1.000000
129181 0.000000 0.000000 0.000000 1.000000
130779 0.000000 0.000000 0.000000 1.000000
130780 0.000000 0.000000 0.000000 1.000000
130781 0.000000 0.000000 0.000000 1.000000
130782 0.000000 0.000000 0.000000 1.000000
130783 0.000000 0.000000 0.000000 1.000000
130784 0.000000 0.000000 0.000000 1.000000
130785 0.000000 0.000000 0.000000 1.000000
130786 0.000000 0.000000 0.000000 1.000000
132489 0.000000 0.000000 0.000000 1.000000
132490 0.000000 0.000000 0.000000 1.000000
132491 0.000000 0.000000 0.000000 1.000000
132492 0.000000 0.000000 0.000000 1.000000
132493 0.000000 0.000000 0.000000 1.000000
132494 0.000000 0.000000 0.000000 1.000000
132495 0.000000 0.000000 0.000000 1.000000
132496 0.000000 0.000000 0.000000 1.000000
132497 0.000000 0.000000 0.000000 1.000000
132498 0.000000 0.000000 0.000000 1.000000
132499 0.000000 0.000000 0.000000 1.000000
132500 0.000000 0.000000 0.000000 1.000000
132501 0.000000 0.000000 0.000000 1.000000
132502 0.000000 0.000000 0.000000 1.000000
132503 0.000000 0.000000 0.000000 1.000000
132504 0.000000 0.000000 0.000000 1.000000
132505 0.000000 0.000000 0.000000 1.000000
132506 0.000000 0.000000 0.000000 1.000000
132507 0.000000 0.000000 0.000000 1.000000
132508 0.000000 0.000000 0.000000 1.000000
132509 0.000000 0.000000 0.000000 1.000000
132510 0.000000 0.000000 0.000000 1.000000
132511 0.000000 0.000000 0.000000 1.000000
132512 0.000000 0.000000 0.000000 1.000000
132513 0.000000 0.000000 0.000000 1.000000
132514 0.000000 0.000000 0.000000 1.000000
132515 0.000000 0.000000 0.000000 1.000000
132516 0.000000 0.000000 0.000000 1.000000
132517 0.000000 0.000000 0.000000 1.000000
132518 0.000000 0.000000 0.000000 1.000000
132519 0.000000 0.000000 0.000000 1.000000
132520 0.000000 0.000000 0.000000 1.000000
132521 0.000000 0.000000 0.000000 1.000000
132522 0.000000 0.000000 0.000000 1.000000
132523 0.000000 0.000000 0.000000 1.000000
132524 0.000000 0.000000 0.000000 1.000000
132525 0.000000 0.000000 0.000000 1.000000
132526 0.000000 0.000000 0.000000 1.000000
132527 0.000000 0.000000 0.000000 1.000000
132528 0.000000 0.000000 0.000000 1.000000
132529 0.000000 0.000000 0.000000 1.000000
132530 0.000000 0.000000 0.000000 1.000000
132531 0.000000 0.000000 0.000000 1.000000
132532 0.000000 0.000000 0.000000 1.000000
132533 0.000000 0.000000 0.000000 1.000000
132534 0.000000 0.000000 0.000000 1.000000
132535 0.000000 0.000000 0.000000 1.000000
132536 0.000000 0.000000 0.000000 1.000000
132537 0.000000 0.000000 0.000000 1.000000
132538 0.000000 0.000000 0.000000 1.000000
137354 0.000000 0.000000 0.000000 1.000000
137355 0.000000 0.000000 0.000000 1.000000
137356 0.000000 0.000000 0.000000 1.000000
137357 0.000000 0.000000 0.000000 1.000000
137358 0.000000 0.000000 0.000000 1.000000
137359 0.000000 0.000000 0.000000 1.000000
137360 0.000000 0.000000 0.000000 1.000000
137361 0.000000 0.000000 0.000000 1.000000
137362 0.000000 0.000000 0.000000 1.000000
137363 0.000000 0.000000 0.000000 1.000000
137364 0.000000 0.000000 0.000000 1.000000
137365 0.000000 0.000000 0.000000 1.000000
137366 0.000000 0.000000 0.000000 1.000000
137367 0.000000 0.000000 0.000000 1.000000
137368 0.000000 0.000000 0.000000 1.000000
137369 0.000000 0.000000 0.000000 1.000000
137370 0.000000 0.000000 0.000000 1.000000
137371 0.000000 0.000000 0.000000 1.000000
137372 0.000000 0.000000 0.000000 1.000000
137373 0.000000 0.000000 0.000000 1.000000
137379 0.000000 0.000000 0.000000 1.000000
137380 0.000000 0.000000 0.000000 1.000000
137381 0.000000 0.000000 0.000000 1.000000
137382 0.000000 0.000000 0.000000 1.000000
137383 0.000000 0.000000 0.000000 1.000000
137384 0.000000 0.000000 0.000000 1.000000
137385 0.000000 0.000000 0.000000 1.000000
137387 0.000000 0.000000 0.000000 1.000000
137388 0.000000 0.000000 0.000000 1.000000
137389 0.000000 0.000000 0.000000 1.000000
137390 0.000000 0.000000 0.000000 1.000000
137391 0.000000 0.000000 0.000000 1.000000
137392 0.000000 0.000000 0.000000 1.000000
137393 0.000000 0.000000 0.000000 1.000000
137394 0.000000 0.000000 0.000000 1.000000
137410 0.000000 0.000000 0.000000 1.000000
137411 0.000000 0.000000 0.000000 1.000000
137412 0.000000 0.000000 0.000000 1.000000
137413 0.000000 0.000000 0.000000 1.000000
137414 0.000000 0.000000 0.000000 1.000000
137415 0.000000 0.000000 0.000000 1.000000
137416 0.000000 0.000000 0.000000 1.000000
137417 0.000000 0.000000 0.000000 1.000000
139267 0.000000 0.000000 0.000000 1.000000
139268 0.000000 0.000000 0.000000 1.000000
139269 0.000000 0.000000 0.000000 1.000000
139270 0.000000 0.000000 0.000000 1.000000
139271 0.000000 0.000000 0.000000 1.000000
139272 0.000000 0.000000 0.000000 1.000000
139273 0.000000 0.000000 0.000000 1.000000
139274 0.000000 0.000000 0.000000 1.000000
139275 0.000000 0.000000 0.000000 1.000000
139276 0.000000 0.000000 0.000000 1.000000
139277 0.000000 0.000000 0.000000 1.000000
139278 0.000000 0.000000 0.000000 1.000000
139279 0.000000 0.000000 0.000000 1.000000
139280 0.000000 0.000000 0.000000 1.000000
139281 0.000000 0.000000 0.000000 1.000000
139282 0.000000 0.000000 0.000000 1.000000
139283 0.000000 0.000000 0.000000 1.000000
139284 0.000000 0.000000 0.000000 1.000000
139285 0.000000 0.000000 0.000000 1.000000
139286 0.000000 0.000000 0.000000 1.000000
139287 0.000000 0.000000 0.000000 1.000000
139288 0.000000 0.000000 0.000000 1.000000
139289 0.000000 0.000000 0.000000 1.000000
139290 0.000000 0.000000 0.000000 1.000000
139291 0.000000 0.000000 0.000000 1.000000
139292 0.000000 0.000000 0.000000 1.000000
139293 0.000000 0.000000 0.000000 1.000000
139294 0.000000 0.000000 0.000000 1.000000
139295 0.000000 0.000000 0.000000 1.000000
139296 0.000000 0.000000 0.000000 1.000000
139297 0.000000 0.000000 0.000000 1.000000
139298 0.000000 0.000000 0.000000 1.000000
139299 0.000000 0.000000 0.000000 1.000000
139300 0.000000 0.000000 0.000000 1.000000
139301 0.000000 0.000000 0.000000 1.000000
139302 0.000000 0.000000 0.000000 1.000000
139303 0.000000 0.000000 0.000000 1.000000
139304 0.000000 0.000000 0.000000 1.000000
139305 0.000000 0.000000 0.000000 1.000000
139306 0.000000 0.000000 0.000000 1.000000
139307 0.000000 0.000000 0.000000 1.000000
139308 0.000000 0.000000 0.000000 1.000000
139309 0.000000 0.000000 0.000000 1.000000
139310 0.000000 0.000000 0.000000 1.000000
139311 0.000000 0.000000 0.000000 1.000000
139312 0.000000 0.000000 0.000000 1.000000
139313 0.000000 0.000000 0.000000 1.000000
139314 0.000000 0.000000 0.000000 1.000000
139315 0.000000 0.000000 0.000000 1.000000
139316 0.000000 0.000000 0.000000 1.000000
139317 0.000000 0.000000 0.000000 1.000000
139318 0.000000 0.000000 0.000000 1.000000
139319 0.000000 0.000000 0.000000 1.000000
139320 0.000000 0.000000 0.000000 1.000000
139321 0.000000 0.000000 0.000000 1.000000
139322 0.000000 0.000000 0.000000 1.000000
139323 0.000000 0.000000 0.000000 1.000000
139324 0.000000 0.000000 0.000000 1.000000
139325 0.000000 0.000000 0.000000 1.000000
143949 0.000000 0.000000 0.000000 1.000000
143950 0.000000 0.000000 0.000000 1.000000
143951 0.000000 0.000000 0.000000 1.000000
143952 0.000000 0.000000 0.000000 1.000000
143953 0.000000 0.000000 0.000000 1.000000
143954 0.000000 0.000000 0.000000 1.000000
143955 0.000000 0.000000 0.000000 1.000000
143956 0.000000 0.000000 0.000000 1.000000
143957 0.000000 0.000000 0.000000 1.000000
143958 0.000000 0.000000 0.000000 1.000000
143959 0.000000 0.000000 0.000000 1.000000
143960 0.000000 0.000000 0.000000 1.000000
143961 0.000000 0.000000 0.000000 1.000000
143962 0.000000 0.000000 0.000000 1.000000
143963 0.000000 0.000000 0.000000 1.000000
143964 0.000000 0.000000 0.000000 1.000000
143965 0.000000 0.000000 0.000000 1.000000
143966 0.000000 0.000000 0.000000 1.000000
143967 0.000000 0.000000 0.000000 1.000000
143968 0.000000 0.000000 0.000000 1.000000
143969 0.000000 0.000000 0.000000 1.000000
143970 0.000000 0.000000 0.000000 1.000000
143971 0.000000 0.000000 0.000000 1.000000
143972 0.000000 0.000000 0.000000 1.000000
143973 0.000000 0.000000 0.000000 1.000000
143974 0.000000 0.000000 0.000000 1.000000
143975 0.000000 0.000000 0.000000 1.000000
143976 0.000000 0.000000 0.000000 1.000000
143977 0.000000 0.000000 0.000000 1.000000
143978 0.000000 0.000000 0.000000 1.000000
143979 0.000000 0.000000 0.000000 1.000000
143980 0.000000 0.000000 0.000000 1.000000
143981 0.000000 0.000000 0.000000 1.000000
143982 0.000000 0.000000 0.000000 1.000000
143983 0.000000 0.000000 0.000000 1.000000
143984 0.000000 0.000000 0.000000 1.000000
143985 0.000000 0.000000 0.000000 1.000000
143986 0.000000 0.000000 0.000000 1.000000
143987 0.000000 0.000000 0.000000 1.000000
143988 0.000000 0.000000 0.000000 1.000000
143989 0.000000 0.000000 0.000000 1.000000
143990 0.000000 0.000000 0.000000 1.000000
143991 0.000000 0.000000 0.000000 1.000000
143992 0.000000 0.000000 0.000000 1.000000
143993 0.000000 0.000000 0.000000 1.000000
143994 0.000000 0.000000 0.000000 1.000000
143995 0.000000 0.000000 0.000000 1.000000
143996 0.000000 0.000000 0.000000 1.000000
143997 0.000000 0.000000 0.000000 1.000000
143998 0.000000 0.000000 0.000000 1.000000
143999 0.000000 0.000000 0.000000 1.000000
144000 0.000000 0.000000 0.000000 1.000000
144001 0.000000 0.000000 0.000000 1.000000
144002 0.000000 0.000000 0.000000 1.000000
144003 0.000000 0.000000 0.000000 1.000000
144004 0.000000 0.000000 0.000000 1.000000
144005 0.000000 0.000000 0.000000 1.000000
144006 0.000000 0.000000 0.000000 1.000000
144007 0.000000 0.000000 0.000000 1.000000
144008 0.000000 0.000000 0.000000 1.000000
144009 0.000000 0.000000 0.000000 1.000000
144010 0.000000 0.000000 0.000000 1.000000
148838 0.000000 0.000000 0.000000 1.000000
148839 0.000000 0.000000 0.000000 1.000000
148840 0.000000 0.000000 0.000000 1.000000
148841 0.000000 0.000000 0.000000 1.000000
148842 0.000000 0.000000 0.000000 1.000000
148843 0.000000 0.000000 0.000000 1.000000
148844 0.000000 0.000000 0.000000 1.000000
148872 0.000000 0.000000 0.000000 1.000000
148873 0.000000 0.000000 0.000000 1.000000
148874 0.000000 0.000000 0.000000 1.000000
148875 0.000000 0.000000 0.000000 1.000000
148876 0.000000 0.000000 0.000000 1.000000
148877 0.000000 0.000000 0.000000 1.000000
148881 0.000000 0.000000 0.000000 1.000000
148882 0.000000 0.000000 0.000000 1.000000
148883 0.000000 0.000000 0.000000 1.000000
148884 0.000000 0.000000 0.000000 1.000000
148885 0.000000 0.000000 0.000000 1.000000
148886 0.000000 0.000000 0.000000 1.000000
148919 0.000000 0.000000 0.000000 1.000000
148920 0.000000 0.000000 0.000000 1.000000
148921 0.000000 0.000000 0.000000 1.000000
148922 0.000000 0.000000 0.000000 1.000000
148923 0.000000 0.000000 0.000000 1.000000
148924 0.000000 0.000000 0.000000 1.000000
148925 0.000000 0.000000 0.000000 1.000000
148926 0.000000 0.000000 0.000000 1.000000
148927 0.000000 0.000000 0.000000 1.000000
148928 0.000000 0.000000 0.000000 1.000000
148929 0.000000 0.000000 0.000000 1.000000
148930 0.000000 0.000000 0.000000 1.000000
148931 0.000000 0.000000 0.000000 1.000000
148932 0.000000 0.000000 0.000000 1.000000
148933 0.000000 0.000000 0.000000 1.000000
148934 0.000000 0.000000 0.000000 1.000000
148935 0.000000 0.000000 0.000000 1.000000
148936 0.000000 0.000000 0.000000 1.000000
148937 0.000000 0.000000 0.000000 1.000000
148938 0.000000 0.000000 0.000000 1.000000
148939 0.000000 0.000000 0.000000 1.000000
148940 0.000000 0.000000 0.000000 1.000000
148941 0.000000 0.000000 0.000000 1.000000
148942 0.000000 0.000000 0.000000 1.000000
148943 0.000000 0.000000 0.000000 1.000000
148944 0.000000 0.000000 0.000000 1.000000
148945 0.000000 0.000000 0.000000 1.000000
148946 0.000000 0.000000 0.000000 1.000000
148947 0.000000 0.000000 0.000000 1.000000
148948 0.000000 0.000000 0.000000 1.000000
148949 0.000000 0.000000 0.000000 1.000000
148950 0.000000 0.000000 0.000000 1.000000
148951 0.000000 0.000000 0.000000 1.000000
148952 0.000000 0.000000 0.000000 1.000000
148953 0.000000 0.000000 0.000000 1.000000
148954 0.000000 0.000000 0.000000 1.000000
148955 0.000000 0.000000 0.000000 1.000000
148956 0.000000 0.000000 0.000000 1.000000
148957 0.000000 0.000000 0.000000 1.000000
148958 0.000000 0.000000 0.000000 1.000000
148959 0.000000 0.000000 0.000000 1.000000
148960 0.000000 0.000000 0.000000 1.000000
148961 0.000000 0.000000 0.000000 1.000000
148962 0.000000 0.000000 0.000000 1.000000
148963 0.000000 0.000000 0.000000 1.000000
148964 0.000000 0.000000 0.000000 1.000000
148965 0.000000 0.000000 0.000000 1.000000
148966 0.000000 0.000000 0.000000 1.000000
148967 0.000000 0.000000 0.000000 1.000000
148968 0.000000 0.000000 0.000000 1.000000
148969 0.000000 0.000000 0.000000 1.000000
148970 0.000000 0.000000 0.000000 1.000000
148971 0.000000 0.000000 0.000000 1.000000
148972 0.000000 0.000000 0.000000 1.000000
148973 0.000000 0.000000 0.000000 1.000000
148974 0.000000 0.000000 0.000000 1.000000
148975 0.000000 0.000000 0.000000 1.000000
148976 0.000000 0.000000 0.000000 1.000000
148977 0.000000 0.000000 0.000000 1.000000
148978 0.000000 0.000000 0.000000 1.000000
148979 0.000000 0.000000 0.000000 1.000000
148980 0.000000 0.000000 0.000000 1.000000
148981 0.000000 0.000000 0.000000 1.000000
148982 0.000000 0.000000 0.000000 1.000000
148983 0.000000 0.000000 0.000000 1.000000
158008 0.000000 0.000000 0.000000 1.000000
158681 0.000000 0.000000 0.000000 1.000000
158682 0.000000 0.000000 0.000000 1.000000
158683 0.000000 0.000000 0.000000 1.000000
158684 0.000000 0.000000 0.000000 1.000000
158685 0.000000 0.000000 0.000000 1.000000
158694 0.000000 0.000000 0.000000 1.000000
158702 0.000000 0.000000 0.000000 1.000000
158703 0.000000 0.000000 0.000000 1.000000
158704 0.000000 0.000000 0.000000 1.000000
158705 0.000000 0.000000 0.000000 1.000000
158706 0.000000 0.000000 0.000000 1.000000
158707 0.000000 0.000000 0.000000 1.000000
158708 0.000000 0.000000 0.000000 1.000000
158709 0.000000 0.000000 0.000000 1.000000
158710 0.000000 0.000000 0.000000 1.000000
158711 0.000000 0.000000 0.000000 1.000000
158712 0.000000 0.000000 0.000000 1.000000
158713 0.000000 0.000000 0.000000 1.000000
158714 0.000000 0.000000 0.000000 1.000000
158715 0.000000 0.000000 0.000000 1.000000
158716 0.000000 0.000000 0.000000 1.000000
158717 0.000000 0.000000 0.000000 1.000000
158718 0.000000 0.000000 0.000000 1.000000
158719 0.000000 0.000000 0.000000 1.000000
158720 0.000000 0.000000 0.000000 1.000000
158721 0.000000 0.000000 0.000000 1.000000
158723 0.000000 0.000000 0.000000 1.000000
158724 0.000000 0.000000 0.000000 1.000000
158726 0.000000 0.000000 0.000000 1.000000
158727 0.000000 0.000000 0.000000 1.000000
158728 0.000000 0.000000 0.000000 1.000000
158729 0.000000 0.000000 0.000000 1.000000
158730 0.000000 0.000000 0.000000 1.000000
158731 0.000000 0.000000 0.000000 1.000000
158732 0.000000 0.000000 0.000000 1.000000
158733 0.000000 0.000000 0.000000 1.000000
158734 0.000000 0.000000 0.000000 1.000000
158735 0.000000 0.000000 0.000000 1.000000
158736 0.000000 0.000000 0.000000 1.000000
158737 0.000000 0.000000 0.000000 1.000000
158738 0.000000 0.000000 0.000000 1.000000
161656 0.000000 0.000000 0.000000 1.000000
161657 0.000000 0.000000 0.000000 1.000000
161658 0.000000 0.000000 0.000000 1.000000
161660 0.000000 0.000000 0.000000 1.000000
161661 0.000000 0.000000 0.000000 1.000000
161662 0.000000 0.000000 0.000000 1.000000
161663 0.000000 0.000000 0.000000 1.000000
161664 0.000000 0.000000 0.000000 1.000000
161673 0.000000 0.000000 0.000000 1.000000
161674 0.000000 0.000000 0.000000 1.000000
161675 0.000000 0.000000 0.000000 1.000000
161676 0.000000 0.000000 0.000000 1.000000
161678 0.000000 0.000000 0.000000 1.000000
161679 0.000000 0.000000 0.000000 1.000000
161680 0.000000 0.000000 0.000000 1.000000
162709 0.000000 0.000000 0.000000 1.000000
162710 0.000000 0.000000 0.000000 1.000000
162711 0.000000 0.000000 0.000000 1.000000
162712 0.000000 0.000000 0.000000 1.000000
162713 0.000000 0.000000 0.000000 1.000000
162714 0.000000 0.000000 0.000000 1.000000
162715 0.000000 0.000000 0.000000 1.000000
162716 0.000000 0.000000 0.000000 1.000000
162717 0.000000 0.000000 0.000000 1.000000
162718 0.000000 0.000000 0.000000 1.000000
162719 0.000000 0.000000 0.000000 1.000000
162720 0.000000 0.000000 0.000000 1.000000
162721 0.000000 0.000000 0.000000 1.000000
162722 0.000000 0.000000 0.000000 1.000000
162723 0.000000 0.000000 0.000000 1.000000
162724 0.000000 0.000000 0.000000 1.000000
162725 0.000000 0.000000 0.000000 1.000000
162726 0.000000 0.000000 0.000000 1.000000
162727 0.000000 0.000000 0.000000 1.000000
162728 0.000000 0.000000 0.000000 1.000000
162729 0.000000 0.000000 0.000000 1.000000
162730 0.000000 0.000000 0.000000 1.000000
162731 0.000000 0.000000 0.000000 1.000000
162732 0.000000 0.000000 0.000000 1.000000
162733 0.000000 0.000000 0.000000 1.000000
162734 0.000000 0.000000 0.000000 1.000000
162735 0.000000 0.000000 0.000000 1.000000
162736 0.000000 0.000000 0.000000 1.000000
162737 0.000000 0.000000 0.000000 1.000000
162738 0.000000 0.000000 0.000000 1.000000
162739 0.000000 0.000000 0.000000 1.000000
162740 0.000000 0.000000 0.000000 1.000000
162741 0.000000 0.000000 0.000000 1.000000
162742 0.000000 0.000000 0.000000 1.000000
162743 0.000000 0.000000 0.000000 1.000000
162744 0.000000 0.000000 0.000000 1.000000
162745 0.000000 0.000000 0.000000 1.000000
162746 0.000000 0.000000 0.000000 1.000000
162747 0.000000 0.000000 0.000000 1.000000
162748 0.000000 0.000000 0.000000 1.000000
162749 0.000000 0.000000 0.000000 1.000000
162750 0.000000 0.000000 0.000000 1.000000
162751 0.000000 0.000000 0.000000 1.000000
162752 0.000000 0.000000 0.000000 1.000000
162753 0.000000 0.000000 0.000000 1.000000
162754 0.000000 0.000000 0.000000 1.000000
162755 0.000000 0.000000 0.000000 1.000000
162756 0.000000 0.000000 0.000000 1.000000
162757 0.000000 0.000000 0.000000 1.000000
162758 0.000000 0.000000 0.000000 1.000000
162759 0.000000 0.000000 0.000000 1.000000
162760 0.000000 0.000000 0.000000 1.000000
162761 0.000000 0.000000 0.000000 1.000000
162762 0.000000 0.000000 0.000000 1.000000
162763 0.000000 0.000000 0.000000 1.000000
162764 0.000000 0.000000 0.000000 1.000000
162765 0.000000 0.000000 0.000000 1.000000
162766 0.000000 0.000000 0.000000 1.000000
162767 0.000000 0.000000 0.000000 1.000000
162772 0.000000 0.000000 0.000000 1.000000
162773 0.000000 0.000000 0.000000 1.000000
162797 0.000000 0.000000 0.000000 1.000000
162798 0.000000 0.000000 0.000000 1.000000
162799 0.000000 0.000000 0.000000 1.000000
162800 0.000000 0.000000 0.000000 1.000000
162801 0.000000 0.000000 0.000000 1.000000
162802 0.000000 0.000000 0.000000 1.000000
162803 0.000000 0.000000 0.000000 1.000000
162804 0.000000 0.000000 0.000000 1.000000
162805 0.000000 0.000000 0.000000 1.000000
162806 0.000000 0.000000 0.000000 1.000000
162807 0.000000 0.000000 0.000000 1.000000
162808 0.000000 0.000000 0.000000 1.000000
162809 0.000000 0.000000 0.000000 1.000000
162810 0.000000 0.000000 0.000000 1.000000
162811 0.000000 0.000000 0.000000 1.000000
162812 0.000000 0.000000 0.000000 1.000000
162817 0.000000 0.000000 0.000000 1.000000
162818 0.000000 0.000000 0.000000 1.000000
162819 0.000000 0.000000 0.000000 1.000000
162820 0.000000 0.000000 0.000000 1.000000
162821 0.000000 0.000000 0.000000 1.000000
162822 0.000000 0.000000 0.000000 1.000000
162823 0.000000 0.000000 0.000000 1.000000
162824 0.000000 0.000000 0.000000 1.000000
162825 0.000000 0.000000 0.000000 1.000000
162826 0.000000 0.000000 0.000000 1.000000
162827 0.000000 0.000000 0.000000 1.000000
162828 0.000000 0.000000 0.000000 1.000000
162829 0.000000 0.000000 0.000000 1.000000
162830 0.000000 0.000000 0.000000 1.000000
162831 0.000000 0.000000 0.000000 1.000000
162832 0.000000 0.000000 0.000000 1.000000
162833 0.000000 0.000000 0.000000 1.000000
162834 0.000000 0.000000 0.000000 1.000000
162835 0.000000 0.000000 0.000000 1.000000
162836 0.000000 0.000000 0.000000 1.000000
162837 0.000000 0.000000 0.000000 1.000000
162838 0.000000 0.000000 0.000000 1.000000
162839 0.000000 0.000000 0.000000 1.000000
162840 0.000000 0.000000 0.000000 1.000000
162847 0.000000 0.000000 0.000000 1.000000
162853 0.000000 0.000000 0.000000 1.000000
162854 0.000000 0.000000 0.000000 1.000000
162855 0.000000 0.000000 0.000000 1.000000
162857 0.000000 0.000000 0.000000 1.000000
162858 0.000000 0.000000 0.000000 1.000000
162859 0.000000 0.000000 0.000000 1.000000
