#
566
114 0.000000 0.000000 0.000000 1.000000
248 0.000000 0.000000 0.000000 1.000000
1105 0.000000 0.000000 0.000000 1.000000
1598 0.000000 0.000000 0.000000 1.000000
1599 0.000000 0.000000 0.000000 1.000000
1600 0.000000 0.000000 0.000000 1.000000
1601 0.000000 0.000000 0.000000 1.000000
2165 0.000000 0.000000 0.000000 1.000000
2167 0.000000 0.000000 0.000000 1.000000
2168 0.000000 0.000000 0.000000 1.000000
3025 0.000000 0.000000 0.000000 1.000000
3026 0.000000 0.000000 0.000000 1.000000
3029 0.000000 0.000000 0.000000 1.000000
3626 0.000000 0.000000 0.000000 1.000000
3627 0.000000 0.000000 0.000000 1.000000
3628 0.000000 0.000000 0.000000 1.000000
4755 0.000000 0.000000 0.000000 1.000000
4756 0.000000 0.000000 0.000000 1.000000
4757 0.000000 0.000000 0.000000 1.000000
4783 0.000000 0.000000 0.000000 1.000000
4784 0.000000 0.000000 0.000000 1.000000
6597 0.000000 0.000000 0.000000 1.000000
6599 0.000000 0.000000 0.000000 1.000000
7570 0.000000 0.000000 0.000000 1.000000
7571 0.000000 0.000000 0.000000 1.000000
7573 0.000000 0.000000 0.000000 1.000000
7574 0.000000 0.000000 0.000000 1.000000
7575 0.000000 0.000000 0.000000 1.000000
7576 0.000000 0.000000 0.000000 1.000000
7577 0.000000 0.000000 0.000000 1.000000
9033 0.000000 0.000000 0.000000 1.000000
9059 0.000000 0.000000 0.000000 1.000000
9065 0.000000 0.000000 0.000000 1.000000
9066 0.000000 0.000000 0.000000 1.000000
9067 0.000000 0.000000 0.000000 1.000000
9068 0.000000 0.000000 0.000000 1.000000
9069 0.000000 0.000000 0.000000 1.000000
10705 0.000000 0.000000 0.000000 1.000000
10706 0.000000 0.000000 0.000000 1.000000
10707 0.000000 0.000000 0.000000 1.000000
10708 0.000000 0.000000 0.000000 1.000000
10709 0.000000 0.000000 0.000000 1.000000
11308 0.000000 0.000000 0.000000 1.000000
12435 0.000000 0.000000 0.000000 1.000000
12436 0.000000 0.000000 0.000000 1.000000
12437 0.000000 0.000000 0.000000 1.000000
12464 0.000000 0.000000 0.000000 1.000000
14835 0.000000 0.000000 0.000000 1.000000
14836 0.000000 0.000000 0.000000 1.000000
14837 0.000000 0.000000 0.000000 1.000000
16632 0.000000 0.000000 0.000000 1.000000
16633 0.000000 0.000000 0.000000 1.000000
16634 0.000000 0.000000 0.000000 1.000000
16638 0.000000 0.000000 0.000000 1.000000
16639 0.000000 0.000000 0.000000 1.000000
16640 0.000000 0.000000 0.000000 1.000000
16641 0.000000 0.000000 0.000000 1.000000
16642 0.000000 0.000000 0.000000 1.000000
16643 0.000000 0.000000 0.000000 1.000000
16644 0.000000 0.000000 0.000000 1.000000
16645 0.000000 0.000000 0.000000 1.000000
16646 0.000000 0.000000 0.000000 1.000000
16647 0.000000 0.000000 0.000000 1.000000
16648 0.000000 0.000000 0.000000 1.000000
16649 0.000000 0.000000 0.000000 1.000000
20025 0.000000 0.000000 0.000000 1.000000
20027 0.000000 0.000000 0.000000 1.000000
20090 0.000000 0.000000 0.000000 1.000000
20091 0.000000 0.000000 0.000000 1.000000
20092 0.000000 0.000000 0.000000 1.000000
20107 0.000000 0.000000 0.000000 1.000000
20108 0.000000 0.000000 0.000000 1.000000
20109 0.000000 0.000000 0.000000 1.000000
20110 0.000000 0.000000 0.000000 1.000000
20111 0.000000 0.000000 0.000000 1.000000
20112 0.000000 0.000000 0.000000 1.000000
20113 0.000000 0.000000 0.000000 1.000000
20114 0.000000 0.000000 0.000000 1.000000
20115 0.000000 0.000000 0.000000 1.000000
20116 0.000000 0.000000 0.000000 1.000000
20117 0.000000 0.000000 0.000000 1.000000
23877 0.000000 0.000000 0.000000 1.000000
23878 0.000000 0.000000 0.000000 1.000000
23879 0.000000 0.000000 0.000000 1.000000
23880 0.000000 0.000000 0.000000 1.000000
23884 0.000000 0.000000 0.000000 1.000000
24960 0.000000 0.000000 0.000000 1.000000
24961 0.000000 0.000000 0.000000 1.000000
24962 0.000000 0.000000 0.000000 1.000000
24963 0.000000 0.000000 0.000000 1.000000
24964 0.000000 0.000000 0.000000 1.000000
26991 0.000000 0.000000 0.000000 1.000000
26992 0.000000 0.000000 0.000000 1.000000
26993 0.000000 0.000000 0.000000 1.000000
26994 0.000000 0.000000 0.000000 1.000000
27031 0.000000 0.000000 0.000000 1.000000
27041 0.000000 0.000000 0.000000 1.000000
27042 0.000000 0.000000 0.000000 1.000000
27043 0.000000 0.000000 0.000000 1.000000
27044 0.000000 0.000000 0.000000 1.000000
30753 0.000000 0.000000 0.000000 1.000000
30754 0.000000 0.000000 0.000000 1.000000
30755 0.000000 0.000000 0.000000 1.000000
30756 0.000000 0.000000 0.000000 1.000000
30758 0.000000 0.000000 0.000000 1.000000
33161 0.000000 0.000000 0.000000 1.000000
33163 0.000000 0.000000 0.000000 1.000000
33164 0.000000 0.000000 0.000000 1.000000
33165 0.000000 0.000000 0.000000 1.000000
33166 0.000000 0.000000 0.000000 1.000000
33167 0.000000 0.000000 0.000000 1.000000
33173 0.000000 0.000000 0.000000 1.000000
33174 0.000000 0.000000 0.000000 1.000000
33175 0.000000 0.000000 0.000000 1.000000
33176 0.000000 0.000000 0.000000 1.000000
33177 0.000000 0.000000 0.000000 1.000000
33178 0.000000 0.000000 0.000000 1.000000
33179 0.000000 0.000000 0.000000 1.000000
33180 0.000000 0.000000 0.000000 1.000000
33181 0.000000 0.000000 0.000000 1.000000
33182 0.000000 0.000000 0.000000 1.000000
33183 0.000000 0.000000 0.000000 1.000000
33184 0.000000 0.000000 0.000000 1.000000
33185 0.000000 0.000000 0.000000 1.000000
37344 0.000000 0.000000 0.000000 1.000000
37350 0.000000 0.000000 0.000000 1.000000
37419 0.000000 0.000000 0.000000 1.000000
37420 0.000000 0.000000 0.000000 1.000000
37421 0.000000 0.000000 0.000000 1.000000
37437 0.000000 0.000000 0.000000 1.000000
37441 0.000000 0.000000 0.000000 1.000000
37442 0.000000 0.000000 0.000000 1.000000
37443 0.000000 0.000000 0.000000 1.000000
37444 0.000000 0.000000 0.000000 1.000000
37445 0.000000 0.000000 0.000000 1.000000
37446 0.000000 0.000000 0.000000 1.000000
37447 0.000000 0.000000 0.000000 1.000000
37448 0.000000 0.000000 0.000000 1.000000
37449 0.000000 0.000000 0.000000 1.000000
37450 0.000000 0.000000 0.000000 1.000000
37452 0.000000 0.000000 0.000000 1.000000
41425 0.000000 0.000000 0.000000 1.000000
41426 0.000000 0.000000 0.000000 1.000000
41427 0.000000 0.000000 0.000000 1.000000
41428 0.000000 0.000000 0.000000 1.000000
41429 0.000000 0.000000 0.000000 1.000000
43155 0.000000 0.000000 0.000000 1.000000
43156 0.000000 0.000000 0.000000 1.000000
43157 0.000000 0.000000 0.000000 1.000000
45555 0.000000 0.000000 0.000000 1.000000
45556 0.000000 0.000000 0.000000 1.000000
45557 0.000000 0.000000 0.000000 1.000000
47351 0.000000 0.000000 0.000000 1.000000
47352 0.000000 0.000000 0.000000 1.000000
47353 0.000000 0.000000 0.000000 1.000000
47354 0.000000 0.000000 0.000000 1.000000
47358 0.000000 0.000000 0.000000 1.000000
47359 0.000000 0.000000 0.000000 1.000000
47360 0.000000 0.000000 0.000000 1.000000
47361 0.000000 0.000000 0.000000 1.000000
47362 0.000000 0.000000 0.000000 1.000000
47363 0.000000 0.000000 0.000000 1.000000
47364 0.000000 0.000000 0.000000 1.000000
47365 0.000000 0.000000 0.000000 1.000000
47366 0.000000 0.000000 0.000000 1.000000
47367 0.000000 0.000000 0.000000 1.000000
47368 0.000000 0.000000 0.000000 1.000000
47369 0.000000 0.000000 0.000000 1.000000
50745 0.000000 0.000000 0.000000 1.000000
50746 0.000000 0.000000 0.000000 1.000000
50747 0.000000 0.000000 0.000000 1.000000
50808 0.000000 0.000000 0.000000 1.000000
50810 0.000000 0.000000 0.000000 1.000000
50811 0.000000 0.000000 0.000000 1.000000
50812 0.000000 0.000000 0.000000 1.000000
50826 0.000000 0.000000 0.000000 1.000000
50827 0.000000 0.000000 0.000000 1.000000
50828 0.000000 0.000000 0.000000 1.000000
50829 0.000000 0.000000 0.000000 1.000000
50830 0.000000 0.000000 0.000000 1.000000
50831 0.000000 0.000000 0.000000 1.000000
50832 0.000000 0.000000 0.000000 1.000000
50833 0.000000 0.000000 0.000000 1.000000
50834 0.000000 0.000000 0.000000 1.000000
50835 0.000000 0.000000 0.000000 1.000000
50836 0.000000 0.000000 0.000000 1.000000
50837 0.000000 0.000000 0.000000 1.000000
55155 0.000000 0.000000 0.000000 1.000000
55156 0.000000 0.000000 0.000000 1.000000
55157 0.000000 0.000000 0.000000 1.000000
55158 0.000000 0.000000 0.000000 1.000000
55159 0.000000 0.000000 0.000000 1.000000
55160 0.000000 0.000000 0.000000 1.000000
55165 0.000000 0.000000 0.000000 1.000000
55166 0.000000 0.000000 0.000000 1.000000
55167 0.000000 0.000000 0.000000 1.000000
55169 0.000000 0.000000 0.000000 1.000000
56959 0.000000 0.000000 0.000000 1.000000
56960 0.000000 0.000000 0.000000 1.000000
56961 0.000000 0.000000 0.000000 1.000000
56962 0.000000 0.000000 0.000000 1.000000
56963 0.000000 0.000000 0.000000 1.000000
56964 0.000000 0.000000 0.000000 1.000000
56966 0.000000 0.000000 0.000000 1.000000
60345 0.000000 0.000000 0.000000 1.000000
60346 0.000000 0.000000 0.000000 1.000000
60347 0.000000 0.000000 0.000000 1.000000
60348 0.000000 0.000000 0.000000 1.000000
60349 0.000000 0.000000 0.000000 1.000000
60350 0.000000 0.000000 0.000000 1.000000
60351 0.000000 0.000000 0.000000 1.000000
60352 0.000000 0.000000 0.000000 1.000000
60424 0.000000 0.000000 0.000000 1.000000
60426 0.000000 0.000000 0.000000 1.000000
60427 0.000000 0.000000 0.000000 1.000000
60428 0.000000 0.000000 0.000000 1.000000
60429 0.000000 0.000000 0.000000 1.000000
60430 0.000000 0.000000 0.000000 1.000000
60432 0.000000 0.000000 0.000000 1.000000
60433 0.000000 0.000000 0.000000 1.000000
60434 0.000000 0.000000 0.000000 1.000000
67545 0.000000 0.000000 0.000000 1.000000
67546 0.000000 0.000000 0.000000 1.000000
67547 0.000000 0.000000 0.000000 1.000000
67548 0.000000 0.000000 0.000000 1.000000
67549 0.000000 0.000000 0.000000 1.000000
67550 0.000000 0.000000 0.000000 1.000000
67551 0.000000 0.000000 0.000000 1.000000
67552 0.000000 0.000000 0.000000 1.000000
67553 0.000000 0.000000 0.000000 1.000000
67554 0.000000 0.000000 0.000000 1.000000
67555 0.000000 0.000000 0.000000 1.000000
72928 0.000000 0.000000 0.000000 1.000000
72929 0.000000 0.000000 0.000000 1.000000
72933 0.000000 0.000000 0.000000 1.000000
72934 0.000000 0.000000 0.000000 1.000000
72935 0.000000 0.000000 0.000000 1.000000
72936 0.000000 0.000000 0.000000 1.000000
72937 0.000000 0.000000 0.000000 1.000000
72938 0.000000 0.000000 0.000000 1.000000
72939 0.000000 0.000000 0.000000 1.000000
72940 0.000000 0.000000 0.000000 1.000000
72941 0.000000 0.000000 0.000000 1.000000
72942 0.000000 0.000000 0.000000 1.000000
72943 0.000000 0.000000 0.000000 1.000000
72944 0.000000 0.000000 0.000000 1.000000
72956 0.000000 0.000000 0.000000 1.000000
72957 0.000000 0.000000 0.000000 1.000000
72958 0.000000 0.000000 0.000000 1.000000
72959 0.000000 0.000000 0.000000 1.000000
72960 0.000000 0.000000 0.000000 1.000000
72961 0.000000 0.000000 0.000000 1.000000
72962 0.000000 0.000000 0.000000 1.000000
72963 0.000000 0.000000 0.000000 1.000000
72964 0.000000 0.000000 0.000000 1.000000
72965 0.000000 0.000000 0.000000 1.000000
72966 0.000000 0.000000 0.000000 1.000000
72967 0.000000 0.000000 0.000000 1.000000
72968 0.000000 0.000000 0.000000 1.000000
72969 0.000000 0.000000 0.000000 1.000000
72970 0.000000 0.000000 0.000000 1.000000
72971 0.000000 0.000000 0.000000 1.000000
72972 0.000000 0.000000 0.000000 1.000000
72973 0.000000 0.000000 0.000000 1.000000
72974 0.000000 0.000000 0.000000 1.000000
72975 0.000000 0.000000 0.000000 1.000000
72976 0.000000 0.000000 0.000000 1.000000
72977 0.000000 0.000000 0.000000 1.000000
72978 0.000000 0.000000 0.000000 1.000000
72979 0.000000 0.000000 0.000000 1.000000
72980 0.000000 0.000000 0.000000 1.000000
72981 0.000000 0.000000 0.000000 1.000000
72982 0.000000 0.000000 0.000000 1.000000
72983 0.000000 0.000000 0.000000 1.000000
72984 0.000000 0.000000 0.000000 1.000000
72985 0.000000 0.000000 0.000000 1.000000
72986 0.000000 0.000000 0.000000 1.000000
72987 0.000000 0.000000 0.000000 1.000000
72988 0.000000 0.000000 0.000000 1.000000
72989 0.000000 0.000000 0.000000 1.000000
83123 0.000000 0.000000 0.000000 1.000000
83124 0.000000 0.000000 0.000000 1.000000
83125 0.000000 0.000000 0.000000 1.000000
83139 0.000000 0.000000 0.000000 1.000000
83311 0.000000 0.000000 0.000000 1.000000
83312 0.000000 0.000000 0.000000 1.000000
83313 0.000000 0.000000 0.000000 1.000000
83314 0.000000 0.000000 0.000000 1.000000
83315 0.000000 0.000000 0.000000 1.000000
83316 0.000000 0.000000 0.000000 1.000000
83317 0.000000 0.000000 0.000000 1.000000
83359 0.000000 0.000000 0.000000 1.000000
83360 0.000000 0.000000 0.000000 1.000000
83366 0.000000 0.000000 0.000000 1.000000
83367 0.000000 0.000000 0.000000 1.000000
83368 0.000000 0.000000 0.000000 1.000000
83369 0.000000 0.000000 0.000000 1.000000
83370 0.000000 0.000000 0.000000 1.000000
83371 0.000000 0.000000 0.000000 1.000000
83372 0.000000 0.000000 0.000000 1.000000
83373 0.000000 0.000000 0.000000 1.000000
83374 0.000000 0.000000 0.000000 1.000000
83375 0.000000 0.000000 0.000000 1.000000
83376 0.000000 0.000000 0.000000 1.000000
83377 0.000000 0.000000 0.000000 1.000000
83378 0.000000 0.000000 0.000000 1.000000
83379 0.000000 0.000000 0.000000 1.000000
83380 0.000000 0.000000 0.000000 1.000000
83381 0.000000 0.000000 0.000000 1.000000
83382 0.000000 0.000000 0.000000 1.000000
83383 0.000000 0.000000 0.000000 1.000000
83384 0.000000 0.000000 0.000000 1.000000
83385 0.000000 0.000000 0.000000 1.000000
83386 0.000000 0.000000 0.000000 1.000000
83387 0.000000 0.000000 0.000000 1.000000
83388 0.000000 0.000000 0.000000 1.000000
83389 0.000000 0.000000 0.000000 1.000000
83390 0.000000 0.000000 0.000000 1.000000
83391 0.000000 0.000000 0.000000 1.000000
83392 0.000000 0.000000 0.000000 1.000000
83394 0.000000 0.000000 0.000000 1.000000
83395 0.000000 0.000000 0.000000 1.000000
92997 0.000000 0.000000 0.000000 1.000000
92998 0.000000 0.000000 0.000000 1.000000
92999 0.000000 0.000000 0.000000 1.000000
93000 0.000000 0.000000 0.000000 1.000000
93001 0.000000 0.000000 0.000000 1.000000
93002 0.000000 0.000000 0.000000 1.000000
93003 0.000000 0.000000 0.000000 1.000000
93004 0.000000 0.000000 0.000000 1.000000
93005 0.000000 0.000000 0.000000 1.000000
94082 0.000000 0.000000 0.000000 1.000000
96111 0.000000 0.000000 0.000000 1.000000
96112 0.000000 0.000000 0.000000 1.000000
96113 0.000000 0.000000 0.000000 1.000000
96114 0.000000 0.000000 0.000000 1.000000
96115 0.000000 0.000000 0.000000 1.000000
96161 0.000000 0.000000 0.000000 1.000000
96162 0.000000 0.000000 0.000000 1.000000
100431 0.000000 0.000000 0.000000 1.000000
100432 0.000000 0.000000 0.000000 1.000000
100433 0.000000 0.000000 0.000000 1.000000
100434 0.000000 0.000000 0.000000 1.000000
100435 0.000000 0.000000 0.000000 1.000000
100436 0.000000 0.000000 0.000000 1.000000
103665 0.000000 0.000000 0.000000 1.000000
103666 0.000000 0.000000 0.000000 1.000000
103667 0.000000 0.000000 0.000000 1.000000
103668 0.000000 0.000000 0.000000 1.000000
103669 0.000000 0.000000 0.000000 1.000000
103670 0.000000 0.000000 0.000000 1.000000
103676 0.000000 0.000000 0.000000 1.000000
103677 0.000000 0.000000 0.000000 1.000000
103678 0.000000 0.000000 0.000000 1.000000
103679 0.000000 0.000000 0.000000 1.000000
103680 0.000000 0.000000 0.000000 1.000000
103681 0.000000 0.000000 0.000000 1.000000
103682 0.000000 0.000000 0.000000 1.000000
103683 0.000000 0.000000 0.000000 1.000000
103684 0.000000 0.000000 0.000000 1.000000
103685 0.000000 0.000000 0.000000 1.000000
103686 0.000000 0.000000 0.000000 1.000000
103687 0.000000 0.000000 0.000000 1.000000
103688 0.000000 0.000000 0.000000 1.000000
103689 0.000000 0.000000 0.000000 1.000000
103690 0.000000 0.000000 0.000000 1.000000
103691 0.000000 0.000000 0.000000 1.000000
103692 0.000000 0.000000 0.000000 1.000000
103693 0.000000 0.000000 0.000000 1.000000
103694 0.000000 0.000000 0.000000 1.000000
103695 0.000000 0.000000 0.000000 1.000000
103696 0.000000 0.000000 0.000000 1.000000
103697 0.000000 0.000000 0.000000 1.000000
109777 0.000000 0.000000 0.000000 1.000000
109778 0.000000 0.000000 0.000000 1.000000
109779 0.000000 0.000000 0.000000 1.000000
109890 0.000000 0.000000 0.000000 1.000000
109891 0.000000 0.000000 0.000000 1.000000
109892 0.000000 0.000000 0.000000 1.000000
109893 0.000000 0.000000 0.000000 1.000000
109894 0.000000 0.000000 0.000000 1.000000
109920 0.000000 0.000000 0.000000 1.000000
109921 0.000000 0.000000 0.000000 1.000000
109922 0.000000 0.000000 0.000000 1.000000
109923 0.000000 0.000000 0.000000 1.000000
109924 0.000000 0.000000 0.000000 1.000000
109925 0.000000 0.000000 0.000000 1.000000
109926 0.000000 0.000000 0.000000 1.000000
109927 0.000000 0.000000 0.000000 1.000000
109928 0.000000 0.000000 0.000000 1.000000
109929 0.000000 0.000000 0.000000 1.000000
109930 0.000000 0.000000 0.000000 1.000000
109931 0.000000 0.000000 0.000000 1.000000
109932 0.000000 0.000000 0.000000 1.000000
109933 0.000000 0.000000 0.000000 1.000000
109934 0.000000 0.000000 0.000000 1.000000
109935 0.000000 0.000000 0.000000 1.000000
109936 0.000000 0.000000 0.000000 1.000000
109937 0.000000 0.000000 0.000000 1.000000
109938 0.000000 0.000000 0.000000 1.000000
109939 0.000000 0.000000 0.000000 1.000000
117153 0.000000 0.000000 0.000000 1.000000
117154 0.000000 0.000000 0.000000 1.000000
117155 0.000000 0.000000 0.000000 1.000000
117156 0.000000 0.000000 0.000000 1.000000
117157 0.000000 0.000000 0.000000 1.000000
117158 0.000000 0.000000 0.000000 1.000000
117159 0.000000 0.000000 0.000000 1.000000
117160 0.000000 0.000000 0.000000 1.000000
117161 0.000000 0.000000 0.000000 1.000000
119679 0.000000 0.000000 0.000000 1.000000
119680 0.000000 0.000000 0.000000 1.000000
119681 0.000000 0.000000 0.000000 1.000000
119682 0.000000 0.000000 0.000000 1.000000
119683 0.000000 0.000000 0.000000 1.000000
119684 0.000000 0.000000 0.000000 1.000000
119685 0.000000 0.000000 0.000000 1.000000
119686 0.000000 0.000000 0.000000 1.000000
119687 0.000000 0.000000 0.000000 1.000000
119688 0.000000 0.000000 0.000000 1.000000
119689 0.000000 0.000000 0.000000 1.000000
119690 0.000000 0.000000 0.000000 1.000000
119691 0.000000 0.000000 0.000000 1.000000
124419 0.000000 0.000000 0.000000 1.000000
124420 0.000000 0.000000 0.000000 1.000000
124421 0.000000 0.000000 0.000000 1.000000
124422 0.000000 0.000000 0.000000 1.000000
124423 0.000000 0.000000 0.000000 1.000000
124424 0.000000 0.000000 0.000000 1.000000
124425 0.000000 0.000000 0.000000 1.000000
124426 0.000000 0.000000 0.000000 1.000000
124427 0.000000 0.000000 0.000000 1.000000
124512 0.000000 0.000000 0.000000 1.000000
124513 0.000000 0.000000 0.000000 1.000000
124534 0.000000 0.000000 0.000000 1.000000
124535 0.000000 0.000000 0.000000 1.000000
124536 0.000000 0.000000 0.000000 1.000000
124537 0.000000 0.000000 0.000000 1.000000
124538 0.000000 0.000000 0.000000 1.000000
124539 0.000000 0.000000 0.000000 1.000000
124540 0.000000 0.000000 0.000000 1.000000
124541 0.000000 0.000000 0.000000 1.000000
124542 0.000000 0.000000 0.000000 1.000000
124543 0.000000 0.000000 0.000000 1.000000
124544 0.000000 0.000000 0.000000 1.000000
124545 0.000000 0.000000 0.000000 1.000000
124546 0.000000 0.000000 0.000000 1.000000
133941 0.000000 0.000000 0.000000 1.000000
133942 0.000000 0.000000 0.000000 1.000000
133943 0.000000 0.000000 0.000000 1.000000
133944 0.000000 0.000000 0.000000 1.000000
133945 0.000000 0.000000 0.000000 1.000000
133946 0.000000 0.000000 0.000000 1.000000
133947 0.000000 0.000000 0.000000 1.000000
133952 0.000000 0.000000 0.000000 1.000000
133953 0.000000 0.000000 0.000000 1.000000
133954 0.000000 0.000000 0.000000 1.000000
133955 0.000000 0.000000 0.000000 1.000000
133956 0.000000 0.000000 0.000000 1.000000
133957 0.000000 0.000000 0.000000 1.000000
140656 0.000000 0.000000 0.000000 1.000000
140657 0.000000 0.000000 0.000000 1.000000
140662 0.000000 0.000000 0.000000 1.000000
140663 0.000000 0.000000 0.000000 1.000000
140664 0.000000 0.000000 0.000000 1.000000
140665 0.000000 0.000000 0.000000 1.000000
140666 0.000000 0.000000 0.000000 1.000000
140667 0.000000 0.000000 0.000000 1.000000
140668 0.000000 0.000000 0.000000 1.000000
140669 0.000000 0.000000 0.000000 1.000000
140670 0.000000 0.000000 0.000000 1.000000
140671 0.000000 0.000000 0.000000 1.000000
140672 0.000000 0.000000 0.000000 1.000000
140673 0.000000 0.000000 0.000000 1.000000
140674 0.000000 0.000000 0.000000 1.000000
140675 0.000000 0.000000 0.000000 1.000000
140693 0.000000 0.000000 0.000000 1.000000
140694 0.000000 0.000000 0.000000 1.000000
140695 0.000000 0.000000 0.000000 1.000000
140696 0.000000 0.000000 0.000000 1.000000
140697 0.000000 0.000000 0.000000 1.000000
140698 0.000000 0.000000 0.000000 1.000000
140699 0.000000 0.000000 0.000000 1.000000
140700 0.000000 0.000000 0.000000 1.000000
140701 0.000000 0.000000 0.000000 1.000000
140702 0.000000 0.000000 0.000000 1.000000
140703 0.000000 0.000000 0.000000 1.000000
140704 0.000000 0.000000 0.000000 1.000000
140705 0.000000 0.000000 0.000000 1.000000
140706 0.000000 0.000000 0.000000 1.000000
140707 0.000000 0.000000 0.000000 1.000000
140708 0.000000 0.000000 0.000000 1.000000
140709 0.000000 0.000000 0.000000 1.000000
140710 0.000000 0.000000 0.000000 1.000000
140711 0.000000 0.000000 0.000000 1.000000
140712 0.000000 0.000000 0.000000 1.000000
140713 0.000000 0.000000 0.000000 1.000000
140714 0.000000 0.000000 0.000000 1.000000
140715 0.000000 0.000000 0.000000 1.000000
140716 0.000000 0.000000 0.000000 1.000000
140717 0.000000 0.000000 0.000000 1.000000
140718 0.000000 0.000000 0.000000 1.000000
140719 0.000000 0.000000 0.000000 1.000000
140720 0.000000 0.000000 0.000000 1.000000
140721 0.000000 0.000000 0.000000 1.000000
140722 0.000000 0.000000 0.000000 1.000000
140723 0.000000 0.000000 0.000000 1.000000
140724 0.000000 0.000000 0.000000 1.000000
140725 0.000000 0.000000 0.000000 1.000000
140726 0.000000 0.000000 0.000000 1.000000
140727 0.000000 0.000000 0.000000 1.000000
140728 0.000000 0.000000 0.000000 1.000000
140729 0.000000 0.000000 0.000000 1.000000
152994 0.000000 0.000000 0.000000 1.000000
152995 0.000000 0.000000 0.000000 1.000000
152996 0.000000 0.000000 0.000000 1.000000
153012 0.000000 0.000000 0.000000 1.000000
153013 0.000000 0.000000 0.000000 1.000000
153014 0.000000 0.000000 0.000000 1.000000
153017 0.000000 0.000000 0.000000 1.000000
153218 0.000000 0.000000 0.000000 1.000000
153219 0.000000 0.000000 0.000000 1.000000
153220 0.000000 0.000000 0.000000 1.000000
153221 0.000000 0.000000 0.000000 1.000000
153222 0.000000 0.000000 0.000000 1.000000
153223 0.000000 0.000000 0.000000 1.000000
153224 0.000000 0.000000 0.000000 1.000000
153225 0.000000 0.000000 0.000000 1.000000
153226 0.000000 0.000000 0.000000 1.000000
153227 0.000000 0.000000 0.000000 1.000000
153276 0.000000 0.000000 0.000000 1.000000
153277 0.000000 0.000000 0.000000 1.000000
153285 0.000000 0.000000 0.000000 1.000000
153286 0.000000 0.000000 0.000000 1.000000
153287 0.000000 0.000000 0.000000 1.000000
153288 0.000000 0.000000 0.000000 1.000000
153289 0.000000 0.000000 0.000000 1.000000
153290 0.000000 0.000000 0.000000 1.000000
153291 0.000000 0.000000 0.000000 1.000000
153292 0.000000 0.000000 0.000000 1.000000
153293 0.000000 0.000000 0.000000 1.000000
153294 0.000000 0.000000 0.000000 1.000000
153295 0.000000 0.000000 0.000000 1.000000
153296 0.000000 0.000000 0.000000 1.000000
153297 0.000000 0.000000 0.000000 1.000000
153298 0.000000 0.000000 0.000000 1.000000
153299 0.000000 0.000000 0.000000 1.000000
153300 0.000000 0.000000 0.000000 1.000000
153301 0.000000 0.000000 0.000000 1.000000
153302 0.000000 0.000000 0.000000 1.000000
153303 0.000000 0.000000 0.000000 1.000000
153304 0.000000 0.000000 0.000000 1.000000
153305 0.000000 0.000000 0.000000 1.000000
153306 0.000000 0.000000 0.000000 1.000000
153307 0.000000 0.000000 0.000000 1.000000
153308 0.000000 0.000000 0.000000 1.000000
153309 0.000000 0.000000 0.000000 1.000000
153310 0.000000 0.000000 0.000000 1.000000
153311 0.000000 0.000000 0.000000 1.000000
153312 0.000000 0.000000 0.000000 1.000000
153313 0.000000 0.000000 0.000000 1.000000
153314 0.000000 0.000000 0.000000 1.000000
153315 0.000000 0.000000 0.000000 1.000000
153318 0.000000 0.000000 0.000000 1.000000
153319 0.000000 0.000000 0.000000 1.000000
153320 0.000000 0.000000 0.000000 1.000000
