#
935
339 0.000000 0.000000 0.000000 1.000000
551 0.000000 0.000000 0.000000 1.000000
552 0.000000 0.000000 0.000000 1.000000
1373 0.000000 0.000000 0.000000 1.000000
1374 0.000000 0.000000 0.000000 1.000000
1376 0.000000 0.000000 0.000000 1.000000
1377 0.000000 0.000000 0.000000 1.000000
1378 0.000000 0.000000 0.000000 1.000000
1379 0.000000 0.000000 0.000000 1.000000
2293 0.000000 0.000000 0.000000 1.000000
2294 0.000000 0.000000 0.000000 1.000000
2295 0.000000 0.000000 0.000000 1.000000
2296 0.000000 0.000000 0.000000 1.000000
2485 0.000000 0.000000 0.000000 1.000000
2487 0.000000 0.000000 0.000000 1.000000
3297 0.000000 0.000000 0.000000 1.000000
3298 0.000000 0.000000 0.000000 1.000000
3299 0.000000 0.000000 0.000000 1.000000
5087 0.000000 0.000000 0.000000 1.000000
5088 0.000000 0.000000 0.000000 1.000000
5089 0.000000 0.000000 0.000000 1.000000
5090 0.000000 0.000000 0.000000 1.000000
5091 0.000000 0.000000 0.000000 1.000000
5095 0.000000 0.000000 0.000000 1.000000
5096 0.000000 0.000000 0.000000 1.000000
5560 0.000000 0.000000 0.000000 1.000000
5562 0.000000 0.000000 0.000000 1.000000
5563 0.000000 0.000000 0.000000 1.000000
5565 0.000000 0.000000 0.000000 1.000000
5567 0.000000 0.000000 0.000000 1.000000
5568 0.000000 0.000000 0.000000 1.000000
5572 0.000000 0.000000 0.000000 1.000000
5573 0.000000 0.000000 0.000000 1.000000
5575 0.000000 0.000000 0.000000 1.000000
5576 0.000000 0.000000 0.000000 1.000000
5577 0.000000 0.000000 0.000000 1.000000
5578 0.000000 0.000000 0.000000 1.000000
7079 0.000000 0.000000 0.000000 1.000000
7080 0.000000 0.000000 0.000000 1.000000
7081 0.000000 0.000000 0.000000 1.000000
7082 0.000000 0.000000 0.000000 1.000000
7083 0.000000 0.000000 0.000000 1.000000
7084 0.000000 0.000000 0.000000 1.000000
7085 0.000000 0.000000 0.000000 1.000000
7086 0.000000 0.000000 0.000000 1.000000
7087 0.000000 0.000000 0.000000 1.000000
7090 0.000000 0.000000 0.000000 1.000000
7091 0.000000 0.000000 0.000000 1.000000
9437 0.000000 0.000000 0.000000 1.000000
9438 0.000000 0.000000 0.000000 1.000000
9439 0.000000 0.000000 0.000000 1.000000
9443 0.000000 0.000000 0.000000 1.000000
9445 0.000000 0.000000 0.000000 1.000000
9446 0.000000 0.000000 0.000000 1.000000
9447 0.000000 0.000000 0.000000 1.000000
10003 0.000000 0.000000 0.000000 1.000000
10010 0.000000 0.000000 0.000000 1.000000
10012 0.000000 0.000000 0.000000 1.000000
10015 0.000000 0.000000 0.000000 1.000000
10016 0.000000 0.000000 0.000000 1.000000
10021 0.000000 0.000000 0.000000 1.000000
10025 0.000000 0.000000 0.000000 1.000000
12767 0.000000 0.000000 0.000000 1.000000
12768 0.000000 0.000000 0.000000 1.000000
12769 0.000000 0.000000 0.000000 1.000000
12770 0.000000 0.000000 0.000000 1.000000
12771 0.000000 0.000000 0.000000 1.000000
13240 0.000000 0.000000 0.000000 1.000000
13244 0.000000 0.000000 0.000000 1.000000
13247 0.000000 0.000000 0.000000 1.000000
13248 0.000000 0.000000 0.000000 1.000000
13257 0.000000 0.000000 0.000000 1.000000
15177 0.000000 0.000000 0.000000 1.000000
15178 0.000000 0.000000 0.000000 1.000000
15638 0.000000 0.000000 0.000000 1.000000
15639 0.000000 0.000000 0.000000 1.000000
15640 0.000000 0.000000 0.000000 1.000000
15643 0.000000 0.000000 0.000000 1.000000
15644 0.000000 0.000000 0.000000 1.000000
15646 0.000000 0.000000 0.000000 1.000000
15647 0.000000 0.000000 0.000000 1.000000
15648 0.000000 0.000000 0.000000 1.000000
15649 0.000000 0.000000 0.000000 1.000000
15650 0.000000 0.000000 0.000000 1.000000
15651 0.000000 0.000000 0.000000 1.000000
15652 0.000000 0.000000 0.000000 1.000000
15653 0.000000 0.000000 0.000000 1.000000
15654 0.000000 0.000000 0.000000 1.000000
15655 0.000000 0.000000 0.000000 1.000000
15657 0.000000 0.000000 0.000000 1.000000
21025 0.000000 0.000000 0.000000 1.000000
21027 0.000000 0.000000 0.000000 1.000000
21028 0.000000 0.000000 0.000000 1.000000
21029 0.000000 0.000000 0.000000 1.000000
21030 0.000000 0.000000 0.000000 1.000000
21031 0.000000 0.000000 0.000000 1.000000
21032 0.000000 0.000000 0.000000 1.000000
21033 0.000000 0.000000 0.000000 1.000000
21034 0.000000 0.000000 0.000000 1.000000
21035 0.000000 0.000000 0.000000 1.000000
21042 0.000000 0.000000 0.000000 1.000000
21043 0.000000 0.000000 0.000000 1.000000
21044 0.000000 0.000000 0.000000 1.000000
21048 0.000000 0.000000 0.000000 1.000000
21049 0.000000 0.000000 0.000000 1.000000
21050 0.000000 0.000000 0.000000 1.000000
21051 0.000000 0.000000 0.000000 1.000000
21052 0.000000 0.000000 0.000000 1.000000
21053 0.000000 0.000000 0.000000 1.000000
21054 0.000000 0.000000 0.000000 1.000000
22441 0.000000 0.000000 0.000000 1.000000
22442 0.000000 0.000000 0.000000 1.000000
22443 0.000000 0.000000 0.000000 1.000000
22457 0.000000 0.000000 0.000000 1.000000
22458 0.000000 0.000000 0.000000 1.000000
22459 0.000000 0.000000 0.000000 1.000000
22460 0.000000 0.000000 0.000000 1.000000
22461 0.000000 0.000000 0.000000 1.000000
22464 0.000000 0.000000 0.000000 1.000000
22465 0.000000 0.000000 0.000000 1.000000
22466 0.000000 0.000000 0.000000 1.000000
22474 0.000000 0.000000 0.000000 1.000000
22475 0.000000 0.000000 0.000000 1.000000
22476 0.000000 0.000000 0.000000 1.000000
22477 0.000000 0.000000 0.000000 1.000000
22486 0.000000 0.000000 0.000000 1.000000
22487 0.000000 0.000000 0.000000 1.000000
22488 0.000000 0.000000 0.000000 1.000000
22489 0.000000 0.000000 0.000000 1.000000
22490 0.000000 0.000000 0.000000 1.000000
22491 0.000000 0.000000 0.000000 1.000000
22497 0.000000 0.000000 0.000000 1.000000
24364 0.000000 0.000000 0.000000 1.000000
24365 0.000000 0.000000 0.000000 1.000000
24366 0.000000 0.000000 0.000000 1.000000
24367 0.000000 0.000000 0.000000 1.000000
24368 0.000000 0.000000 0.000000 1.000000
24369 0.000000 0.000000 0.000000 1.000000
24370 0.000000 0.000000 0.000000 1.000000
27591 0.000000 0.000000 0.000000 1.000000
27592 0.000000 0.000000 0.000000 1.000000
27593 0.000000 0.000000 0.000000 1.000000
27594 0.000000 0.000000 0.000000 1.000000
27595 0.000000 0.000000 0.000000 1.000000
27596 0.000000 0.000000 0.000000 1.000000
27597 0.000000 0.000000 0.000000 1.000000
27603 0.000000 0.000000 0.000000 1.000000
27604 0.000000 0.000000 0.000000 1.000000
27605 0.000000 0.000000 0.000000 1.000000
27606 0.000000 0.000000 0.000000 1.000000
27607 0.000000 0.000000 0.000000 1.000000
27608 0.000000 0.000000 0.000000 1.000000
28441 0.000000 0.000000 0.000000 1.000000
28444 0.000000 0.000000 0.000000 1.000000
28448 0.000000 0.000000 0.000000 1.000000
28449 0.000000 0.000000 0.000000 1.000000
28451 0.000000 0.000000 0.000000 1.000000
28452 0.000000 0.000000 0.000000 1.000000
28453 0.000000 0.000000 0.000000 1.000000
28454 0.000000 0.000000 0.000000 1.000000
28462 0.000000 0.000000 0.000000 1.000000
28463 0.000000 0.000000 0.000000 1.000000
28465 0.000000 0.000000 0.000000 1.000000
28466 0.000000 0.000000 0.000000 1.000000
28467 0.000000 0.000000 0.000000 1.000000
28468 0.000000 0.000000 0.000000 1.000000
28469 0.000000 0.000000 0.000000 1.000000
28470 0.000000 0.000000 0.000000 1.000000
28471 0.000000 0.000000 0.000000 1.000000
28472 0.000000 0.000000 0.000000 1.000000
28473 0.000000 0.000000 0.000000 1.000000
28474 0.000000 0.000000 0.000000 1.000000
31223 0.000000 0.000000 0.000000 1.000000
31224 0.000000 0.000000 0.000000 1.000000
31233 0.000000 0.000000 0.000000 1.000000
31877 0.000000 0.000000 0.000000 1.000000
31878 0.000000 0.000000 0.000000 1.000000
31879 0.000000 0.000000 0.000000 1.000000
31880 0.000000 0.000000 0.000000 1.000000
31881 0.000000 0.000000 0.000000 1.000000
31882 0.000000 0.000000 0.000000 1.000000
31883 0.000000 0.000000 0.000000 1.000000
31884 0.000000 0.000000 0.000000 1.000000
31885 0.000000 0.000000 0.000000 1.000000
31888 0.000000 0.000000 0.000000 1.000000
31889 0.000000 0.000000 0.000000 1.000000
31890 0.000000 0.000000 0.000000 1.000000
31891 0.000000 0.000000 0.000000 1.000000
31892 0.000000 0.000000 0.000000 1.000000
31893 0.000000 0.000000 0.000000 1.000000
31894 0.000000 0.000000 0.000000 1.000000
31895 0.000000 0.000000 0.000000 1.000000
31896 0.000000 0.000000 0.000000 1.000000
31902 0.000000 0.000000 0.000000 1.000000
31903 0.000000 0.000000 0.000000 1.000000
31904 0.000000 0.000000 0.000000 1.000000
31905 0.000000 0.000000 0.000000 1.000000
31906 0.000000 0.000000 0.000000 1.000000
31907 0.000000 0.000000 0.000000 1.000000
38548 0.000000 0.000000 0.000000 1.000000
38549 0.000000 0.000000 0.000000 1.000000
38550 0.000000 0.000000 0.000000 1.000000
38551 0.000000 0.000000 0.000000 1.000000
38552 0.000000 0.000000 0.000000 1.000000
38553 0.000000 0.000000 0.000000 1.000000
38554 0.000000 0.000000 0.000000 1.000000
38555 0.000000 0.000000 0.000000 1.000000
38566 0.000000 0.000000 0.000000 1.000000
38567 0.000000 0.000000 0.000000 1.000000
38571 0.000000 0.000000 0.000000 1.000000
38572 0.000000 0.000000 0.000000 1.000000
38573 0.000000 0.000000 0.000000 1.000000
38574 0.000000 0.000000 0.000000 1.000000
38575 0.000000 0.000000 0.000000 1.000000
38576 0.000000 0.000000 0.000000 1.000000
38577 0.000000 0.000000 0.000000 1.000000
38578 0.000000 0.000000 0.000000 1.000000
38579 0.000000 0.000000 0.000000 1.000000
38580 0.000000 0.000000 0.000000 1.000000
38581 0.000000 0.000000 0.000000 1.000000
38582 0.000000 0.000000 0.000000 1.000000
40243 0.000000 0.000000 0.000000 1.000000
40244 0.000000 0.000000 0.000000 1.000000
40246 0.000000 0.000000 0.000000 1.000000
40264 0.000000 0.000000 0.000000 1.000000
40265 0.000000 0.000000 0.000000 1.000000
40270 0.000000 0.000000 0.000000 1.000000
40271 0.000000 0.000000 0.000000 1.000000
40272 0.000000 0.000000 0.000000 1.000000
40280 0.000000 0.000000 0.000000 1.000000
40281 0.000000 0.000000 0.000000 1.000000
40282 0.000000 0.000000 0.000000 1.000000
40283 0.000000 0.000000 0.000000 1.000000
40298 0.000000 0.000000 0.000000 1.000000
40299 0.000000 0.000000 0.000000 1.000000
40300 0.000000 0.000000 0.000000 1.000000
40301 0.000000 0.000000 0.000000 1.000000
40309 0.000000 0.000000 0.000000 1.000000
40310 0.000000 0.000000 0.000000 1.000000
43487 0.000000 0.000000 0.000000 1.000000
43488 0.000000 0.000000 0.000000 1.000000
43489 0.000000 0.000000 0.000000 1.000000
43490 0.000000 0.000000 0.000000 1.000000
43491 0.000000 0.000000 0.000000 1.000000
43960 0.000000 0.000000 0.000000 1.000000
43966 0.000000 0.000000 0.000000 1.000000
43967 0.000000 0.000000 0.000000 1.000000
43968 0.000000 0.000000 0.000000 1.000000
45897 0.000000 0.000000 0.000000 1.000000
45898 0.000000 0.000000 0.000000 1.000000
46358 0.000000 0.000000 0.000000 1.000000
46359 0.000000 0.000000 0.000000 1.000000
46360 0.000000 0.000000 0.000000 1.000000
46364 0.000000 0.000000 0.000000 1.000000
46366 0.000000 0.000000 0.000000 1.000000
46367 0.000000 0.000000 0.000000 1.000000
46368 0.000000 0.000000 0.000000 1.000000
46369 0.000000 0.000000 0.000000 1.000000
46370 0.000000 0.000000 0.000000 1.000000
46371 0.000000 0.000000 0.000000 1.000000
46372 0.000000 0.000000 0.000000 1.000000
46373 0.000000 0.000000 0.000000 1.000000
46374 0.000000 0.000000 0.000000 1.000000
46375 0.000000 0.000000 0.000000 1.000000
51745 0.000000 0.000000 0.000000 1.000000
51746 0.000000 0.000000 0.000000 1.000000
51747 0.000000 0.000000 0.000000 1.000000
51748 0.000000 0.000000 0.000000 1.000000
51749 0.000000 0.000000 0.000000 1.000000
51750 0.000000 0.000000 0.000000 1.000000
51751 0.000000 0.000000 0.000000 1.000000
51752 0.000000 0.000000 0.000000 1.000000
51753 0.000000 0.000000 0.000000 1.000000
51754 0.000000 0.000000 0.000000 1.000000
51755 0.000000 0.000000 0.000000 1.000000
51756 0.000000 0.000000 0.000000 1.000000
51762 0.000000 0.000000 0.000000 1.000000
51763 0.000000 0.000000 0.000000 1.000000
51764 0.000000 0.000000 0.000000 1.000000
51768 0.000000 0.000000 0.000000 1.000000
51769 0.000000 0.000000 0.000000 1.000000
51770 0.000000 0.000000 0.000000 1.000000
51771 0.000000 0.000000 0.000000 1.000000
51772 0.000000 0.000000 0.000000 1.000000
51773 0.000000 0.000000 0.000000 1.000000
51774 0.000000 0.000000 0.000000 1.000000
53161 0.000000 0.000000 0.000000 1.000000
53162 0.000000 0.000000 0.000000 1.000000
53163 0.000000 0.000000 0.000000 1.000000
53177 0.000000 0.000000 0.000000 1.000000
53178 0.000000 0.000000 0.000000 1.000000
53179 0.000000 0.000000 0.000000 1.000000
53180 0.000000 0.000000 0.000000 1.000000
53181 0.000000 0.000000 0.000000 1.000000
53184 0.000000 0.000000 0.000000 1.000000
53185 0.000000 0.000000 0.000000 1.000000
53186 0.000000 0.000000 0.000000 1.000000
53194 0.000000 0.000000 0.000000 1.000000
53195 0.000000 0.000000 0.000000 1.000000
53196 0.000000 0.000000 0.000000 1.000000
53197 0.000000 0.000000 0.000000 1.000000
53198 0.000000 0.000000 0.000000 1.000000
53206 0.000000 0.000000 0.000000 1.000000
53207 0.000000 0.000000 0.000000 1.000000
53208 0.000000 0.000000 0.000000 1.000000
53210 0.000000 0.000000 0.000000 1.000000
53212 0.000000 0.000000 0.000000 1.000000
55967 0.000000 0.000000 0.000000 1.000000
55968 0.000000 0.000000 0.000000 1.000000
55970 0.000000 0.000000 0.000000 1.000000
55971 0.000000 0.000000 0.000000 1.000000
55972 0.000000 0.000000 0.000000 1.000000
55973 0.000000 0.000000 0.000000 1.000000
55974 0.000000 0.000000 0.000000 1.000000
55975 0.000000 0.000000 0.000000 1.000000
61342 0.000000 0.000000 0.000000 1.000000
61344 0.000000 0.000000 0.000000 1.000000
61345 0.000000 0.000000 0.000000 1.000000
61346 0.000000 0.000000 0.000000 1.000000
61347 0.000000 0.000000 0.000000 1.000000
61348 0.000000 0.000000 0.000000 1.000000
61349 0.000000 0.000000 0.000000 1.000000
61350 0.000000 0.000000 0.000000 1.000000
61351 0.000000 0.000000 0.000000 1.000000
61352 0.000000 0.000000 0.000000 1.000000
61353 0.000000 0.000000 0.000000 1.000000
61354 0.000000 0.000000 0.000000 1.000000
61355 0.000000 0.000000 0.000000 1.000000
61356 0.000000 0.000000 0.000000 1.000000
61365 0.000000 0.000000 0.000000 1.000000
61366 0.000000 0.000000 0.000000 1.000000
61367 0.000000 0.000000 0.000000 1.000000
61369 0.000000 0.000000 0.000000 1.000000
61370 0.000000 0.000000 0.000000 1.000000
61371 0.000000 0.000000 0.000000 1.000000
61372 0.000000 0.000000 0.000000 1.000000
61373 0.000000 0.000000 0.000000 1.000000
62765 0.000000 0.000000 0.000000 1.000000
62766 0.000000 0.000000 0.000000 1.000000
62767 0.000000 0.000000 0.000000 1.000000
62768 0.000000 0.000000 0.000000 1.000000
62770 0.000000 0.000000 0.000000 1.000000
62771 0.000000 0.000000 0.000000 1.000000
62772 0.000000 0.000000 0.000000 1.000000
62773 0.000000 0.000000 0.000000 1.000000
62774 0.000000 0.000000 0.000000 1.000000
62775 0.000000 0.000000 0.000000 1.000000
62779 0.000000 0.000000 0.000000 1.000000
62780 0.000000 0.000000 0.000000 1.000000
62781 0.000000 0.000000 0.000000 1.000000
62782 0.000000 0.000000 0.000000 1.000000
62783 0.000000 0.000000 0.000000 1.000000
62796 0.000000 0.000000 0.000000 1.000000
62797 0.000000 0.000000 0.000000 1.000000
62798 0.000000 0.000000 0.000000 1.000000
62799 0.000000 0.000000 0.000000 1.000000
62800 0.000000 0.000000 0.000000 1.000000
62802 0.000000 0.000000 0.000000 1.000000
62803 0.000000 0.000000 0.000000 1.000000
62804 0.000000 0.000000 0.000000 1.000000
62805 0.000000 0.000000 0.000000 1.000000
62806 0.000000 0.000000 0.000000 1.000000
62807 0.000000 0.000000 0.000000 1.000000
62808 0.000000 0.000000 0.000000 1.000000
62809 0.000000 0.000000 0.000000 1.000000
62810 0.000000 0.000000 0.000000 1.000000
62811 0.000000 0.000000 0.000000 1.000000
62812 0.000000 0.000000 0.000000 1.000000
62813 0.000000 0.000000 0.000000 1.000000
62814 0.000000 0.000000 0.000000 1.000000
62815 0.000000 0.000000 0.000000 1.000000
68554 0.000000 0.000000 0.000000 1.000000
68555 0.000000 0.000000 0.000000 1.000000
68556 0.000000 0.000000 0.000000 1.000000
69953 0.000000 0.000000 0.000000 1.000000
69954 0.000000 0.000000 0.000000 1.000000
69955 0.000000 0.000000 0.000000 1.000000
69956 0.000000 0.000000 0.000000 1.000000
69957 0.000000 0.000000 0.000000 1.000000
69958 0.000000 0.000000 0.000000 1.000000
69959 0.000000 0.000000 0.000000 1.000000
69960 0.000000 0.000000 0.000000 1.000000
69962 0.000000 0.000000 0.000000 1.000000
69964 0.000000 0.000000 0.000000 1.000000
69965 0.000000 0.000000 0.000000 1.000000
69966 0.000000 0.000000 0.000000 1.000000
69967 0.000000 0.000000 0.000000 1.000000
69968 0.000000 0.000000 0.000000 1.000000
69969 0.000000 0.000000 0.000000 1.000000
69970 0.000000 0.000000 0.000000 1.000000
69971 0.000000 0.000000 0.000000 1.000000
69972 0.000000 0.000000 0.000000 1.000000
69973 0.000000 0.000000 0.000000 1.000000
69976 0.000000 0.000000 0.000000 1.000000
69977 0.000000 0.000000 0.000000 1.000000
69978 0.000000 0.000000 0.000000 1.000000
69979 0.000000 0.000000 0.000000 1.000000
69980 0.000000 0.000000 0.000000 1.000000
69981 0.000000 0.000000 0.000000 1.000000
69982 0.000000 0.000000 0.000000 1.000000
69983 0.000000 0.000000 0.000000 1.000000
69984 0.000000 0.000000 0.000000 1.000000
69985 0.000000 0.000000 0.000000 1.000000
69986 0.000000 0.000000 0.000000 1.000000
69987 0.000000 0.000000 0.000000 1.000000
69988 0.000000 0.000000 0.000000 1.000000
69989 0.000000 0.000000 0.000000 1.000000
69990 0.000000 0.000000 0.000000 1.000000
69991 0.000000 0.000000 0.000000 1.000000
69992 0.000000 0.000000 0.000000 1.000000
69993 0.000000 0.000000 0.000000 1.000000
70001 0.000000 0.000000 0.000000 1.000000
70003 0.000000 0.000000 0.000000 1.000000
70004 0.000000 0.000000 0.000000 1.000000
70005 0.000000 0.000000 0.000000 1.000000
70006 0.000000 0.000000 0.000000 1.000000
70007 0.000000 0.000000 0.000000 1.000000
70008 0.000000 0.000000 0.000000 1.000000
70009 0.000000 0.000000 0.000000 1.000000
70010 0.000000 0.000000 0.000000 1.000000
70011 0.000000 0.000000 0.000000 1.000000
70012 0.000000 0.000000 0.000000 1.000000
70013 0.000000 0.000000 0.000000 1.000000
70014 0.000000 0.000000 0.000000 1.000000
70015 0.000000 0.000000 0.000000 1.000000
70017 0.000000 0.000000 0.000000 1.000000
86125 0.000000 0.000000 0.000000 1.000000
86126 0.000000 0.000000 0.000000 1.000000
86127 0.000000 0.000000 0.000000 1.000000
86128 0.000000 0.000000 0.000000 1.000000
86129 0.000000 0.000000 0.000000 1.000000
86130 0.000000 0.000000 0.000000 1.000000
86131 0.000000 0.000000 0.000000 1.000000
86132 0.000000 0.000000 0.000000 1.000000
86133 0.000000 0.000000 0.000000 1.000000
86134 0.000000 0.000000 0.000000 1.000000
86135 0.000000 0.000000 0.000000 1.000000
86136 0.000000 0.000000 0.000000 1.000000
86137 0.000000 0.000000 0.000000 1.000000
86138 0.000000 0.000000 0.000000 1.000000
86139 0.000000 0.000000 0.000000 1.000000
86140 0.000000 0.000000 0.000000 1.000000
86141 0.000000 0.000000 0.000000 1.000000
86142 0.000000 0.000000 0.000000 1.000000
86143 0.000000 0.000000 0.000000 1.000000
86144 0.000000 0.000000 0.000000 1.000000
86145 0.000000 0.000000 0.000000 1.000000
86146 0.000000 0.000000 0.000000 1.000000
86170 0.000000 0.000000 0.000000 1.000000
86171 0.000000 0.000000 0.000000 1.000000
86172 0.000000 0.000000 0.000000 1.000000
86173 0.000000 0.000000 0.000000 1.000000
86174 0.000000 0.000000 0.000000 1.000000
86183 0.000000 0.000000 0.000000 1.000000
86184 0.000000 0.000000 0.000000 1.000000
86185 0.000000 0.000000 0.000000 1.000000
86186 0.000000 0.000000 0.000000 1.000000
86187 0.000000 0.000000 0.000000 1.000000
86188 0.000000 0.000000 0.000000 1.000000
86189 0.000000 0.000000 0.000000 1.000000
86190 0.000000 0.000000 0.000000 1.000000
86191 0.000000 0.000000 0.000000 1.000000
86192 0.000000 0.000000 0.000000 1.000000
86193 0.000000 0.000000 0.000000 1.000000
86194 0.000000 0.000000 0.000000 1.000000
86195 0.000000 0.000000 0.000000 1.000000
86196 0.000000 0.000000 0.000000 1.000000
86197 0.000000 0.000000 0.000000 1.000000
86198 0.000000 0.000000 0.000000 1.000000
86199 0.000000 0.000000 0.000000 1.000000
86200 0.000000 0.000000 0.000000 1.000000
86201 0.000000 0.000000 0.000000 1.000000
86202 0.000000 0.000000 0.000000 1.000000
86203 0.000000 0.000000 0.000000 1.000000
86204 0.000000 0.000000 0.000000 1.000000
86206 0.000000 0.000000 0.000000 1.000000
86211 0.000000 0.000000 0.000000 1.000000
90361 0.000000 0.000000 0.000000 1.000000
90362 0.000000 0.000000 0.000000 1.000000
90363 0.000000 0.000000 0.000000 1.000000
90364 0.000000 0.000000 0.000000 1.000000
90365 0.000000 0.000000 0.000000 1.000000
90366 0.000000 0.000000 0.000000 1.000000
90368 0.000000 0.000000 0.000000 1.000000
90369 0.000000 0.000000 0.000000 1.000000
90370 0.000000 0.000000 0.000000 1.000000
90371 0.000000 0.000000 0.000000 1.000000
90409 0.000000 0.000000 0.000000 1.000000
90414 0.000000 0.000000 0.000000 1.000000
90415 0.000000 0.000000 0.000000 1.000000
90416 0.000000 0.000000 0.000000 1.000000
90417 0.000000 0.000000 0.000000 1.000000
90418 0.000000 0.000000 0.000000 1.000000
90419 0.000000 0.000000 0.000000 1.000000
90420 0.000000 0.000000 0.000000 1.000000
90429 0.000000 0.000000 0.000000 1.000000
90430 0.000000 0.000000 0.000000 1.000000
90431 0.000000 0.000000 0.000000 1.000000
90432 0.000000 0.000000 0.000000 1.000000
90433 0.000000 0.000000 0.000000 1.000000
90434 0.000000 0.000000 0.000000 1.000000
90435 0.000000 0.000000 0.000000 1.000000
90436 0.000000 0.000000 0.000000 1.000000
90456 0.000000 0.000000 0.000000 1.000000
90457 0.000000 0.000000 0.000000 1.000000
90458 0.000000 0.000000 0.000000 1.000000
90461 0.000000 0.000000 0.000000 1.000000
90462 0.000000 0.000000 0.000000 1.000000
90463 0.000000 0.000000 0.000000 1.000000
90464 0.000000 0.000000 0.000000 1.000000
90465 0.000000 0.000000 0.000000 1.000000
90466 0.000000 0.000000 0.000000 1.000000
90499 0.000000 0.000000 0.000000 1.000000
90500 0.000000 0.000000 0.000000 1.000000
90501 0.000000 0.000000 0.000000 1.000000
90502 0.000000 0.000000 0.000000 1.000000
90503 0.000000 0.000000 0.000000 1.000000
90504 0.000000 0.000000 0.000000 1.000000
90505 0.000000 0.000000 0.000000 1.000000
90506 0.000000 0.000000 0.000000 1.000000
90507 0.000000 0.000000 0.000000 1.000000
90508 0.000000 0.000000 0.000000 1.000000
90509 0.000000 0.000000 0.000000 1.000000
90510 0.000000 0.000000 0.000000 1.000000
90526 0.000000 0.000000 0.000000 1.000000
90527 0.000000 0.000000 0.000000 1.000000
90528 0.000000 0.000000 0.000000 1.000000
90529 0.000000 0.000000 0.000000 1.000000
90530 0.000000 0.000000 0.000000 1.000000
90531 0.000000 0.000000 0.000000 1.000000
90533 0.000000 0.000000 0.000000 1.000000
96709 0.000000 0.000000 0.000000 1.000000
96710 0.000000 0.000000 0.000000 1.000000
96711 0.000000 0.000000 0.000000 1.000000
96712 0.000000 0.000000 0.000000 1.000000
96713 0.000000 0.000000 0.000000 1.000000
96714 0.000000 0.000000 0.000000 1.000000
96715 0.000000 0.000000 0.000000 1.000000
96716 0.000000 0.000000 0.000000 1.000000
96717 0.000000 0.000000 0.000000 1.000000
97566 0.000000 0.000000 0.000000 1.000000
97571 0.000000 0.000000 0.000000 1.000000
97572 0.000000 0.000000 0.000000 1.000000
97573 0.000000 0.000000 0.000000 1.000000
97574 0.000000 0.000000 0.000000 1.000000
97584 0.000000 0.000000 0.000000 1.000000
97588 0.000000 0.000000 0.000000 1.000000
97589 0.000000 0.000000 0.000000 1.000000
97590 0.000000 0.000000 0.000000 1.000000
97591 0.000000 0.000000 0.000000 1.000000
101048 0.000000 0.000000 0.000000 1.000000
101049 0.000000 0.000000 0.000000 1.000000
101876 0.000000 0.000000 0.000000 1.000000
101877 0.000000 0.000000 0.000000 1.000000
101878 0.000000 0.000000 0.000000 1.000000
101879 0.000000 0.000000 0.000000 1.000000
101880 0.000000 0.000000 0.000000 1.000000
101884 0.000000 0.000000 0.000000 1.000000
101885 0.000000 0.000000 0.000000 1.000000
101886 0.000000 0.000000 0.000000 1.000000
101887 0.000000 0.000000 0.000000 1.000000
101888 0.000000 0.000000 0.000000 1.000000
101889 0.000000 0.000000 0.000000 1.000000
101890 0.000000 0.000000 0.000000 1.000000
101891 0.000000 0.000000 0.000000 1.000000
101892 0.000000 0.000000 0.000000 1.000000
101893 0.000000 0.000000 0.000000 1.000000
101894 0.000000 0.000000 0.000000 1.000000
101895 0.000000 0.000000 0.000000 1.000000
101896 0.000000 0.000000 0.000000 1.000000
101897 0.000000 0.000000 0.000000 1.000000
101898 0.000000 0.000000 0.000000 1.000000
101899 0.000000 0.000000 0.000000 1.000000
101900 0.000000 0.000000 0.000000 1.000000
101901 0.000000 0.000000 0.000000 1.000000
101902 0.000000 0.000000 0.000000 1.000000
101903 0.000000 0.000000 0.000000 1.000000
101905 0.000000 0.000000 0.000000 1.000000
101906 0.000000 0.000000 0.000000 1.000000
101907 0.000000 0.000000 0.000000 1.000000
101909 0.000000 0.000000 0.000000 1.000000
101910 0.000000 0.000000 0.000000 1.000000
101911 0.000000 0.000000 0.000000 1.000000
101912 0.000000 0.000000 0.000000 1.000000
101913 0.000000 0.000000 0.000000 1.000000
111573 0.000000 0.000000 0.000000 1.000000
111575 0.000000 0.000000 0.000000 1.000000
111576 0.000000 0.000000 0.000000 1.000000
111577 0.000000 0.000000 0.000000 1.000000
111579 0.000000 0.000000 0.000000 1.000000
111580 0.000000 0.000000 0.000000 1.000000
111581 0.000000 0.000000 0.000000 1.000000
111582 0.000000 0.000000 0.000000 1.000000
111583 0.000000 0.000000 0.000000 1.000000
111584 0.000000 0.000000 0.000000 1.000000
111585 0.000000 0.000000 0.000000 1.000000
111586 0.000000 0.000000 0.000000 1.000000
111587 0.000000 0.000000 0.000000 1.000000
111588 0.000000 0.000000 0.000000 1.000000
111589 0.000000 0.000000 0.000000 1.000000
111590 0.000000 0.000000 0.000000 1.000000
111591 0.000000 0.000000 0.000000 1.000000
111592 0.000000 0.000000 0.000000 1.000000
111593 0.000000 0.000000 0.000000 1.000000
111604 0.000000 0.000000 0.000000 1.000000
111605 0.000000 0.000000 0.000000 1.000000
111606 0.000000 0.000000 0.000000 1.000000
111607 0.000000 0.000000 0.000000 1.000000
111608 0.000000 0.000000 0.000000 1.000000
111614 0.000000 0.000000 0.000000 1.000000
111615 0.000000 0.000000 0.000000 1.000000
111616 0.000000 0.000000 0.000000 1.000000
111617 0.000000 0.000000 0.000000 1.000000
111618 0.000000 0.000000 0.000000 1.000000
111619 0.000000 0.000000 0.000000 1.000000
111620 0.000000 0.000000 0.000000 1.000000
111621 0.000000 0.000000 0.000000 1.000000
111622 0.000000 0.000000 0.000000 1.000000
111623 0.000000 0.000000 0.000000 1.000000
111624 0.000000 0.000000 0.000000 1.000000
111625 0.000000 0.000000 0.000000 1.000000
111626 0.000000 0.000000 0.000000 1.000000
114121 0.000000 0.000000 0.000000 1.000000
114122 0.000000 0.000000 0.000000 1.000000
114123 0.000000 0.000000 0.000000 1.000000
114124 0.000000 0.000000 0.000000 1.000000
114125 0.000000 0.000000 0.000000 1.000000
114126 0.000000 0.000000 0.000000 1.000000
114127 0.000000 0.000000 0.000000 1.000000
114151 0.000000 0.000000 0.000000 1.000000
114152 0.000000 0.000000 0.000000 1.000000
114153 0.000000 0.000000 0.000000 1.000000
114154 0.000000 0.000000 0.000000 1.000000
114155 0.000000 0.000000 0.000000 1.000000
114156 0.000000 0.000000 0.000000 1.000000
114157 0.000000 0.000000 0.000000 1.000000
114162 0.000000 0.000000 0.000000 1.000000
114163 0.000000 0.000000 0.000000 1.000000
114164 0.000000 0.000000 0.000000 1.000000
114165 0.000000 0.000000 0.000000 1.000000
114166 0.000000 0.000000 0.000000 1.000000
114180 0.000000 0.000000 0.000000 1.000000
114181 0.000000 0.000000 0.000000 1.000000
114182 0.000000 0.000000 0.000000 1.000000
114183 0.000000 0.000000 0.000000 1.000000
114184 0.000000 0.000000 0.000000 1.000000
114185 0.000000 0.000000 0.000000 1.000000
114186 0.000000 0.000000 0.000000 1.000000
114187 0.000000 0.000000 0.000000 1.000000
114202 0.000000 0.000000 0.000000 1.000000
114203 0.000000 0.000000 0.000000 1.000000
114204 0.000000 0.000000 0.000000 1.000000
114205 0.000000 0.000000 0.000000 1.000000
114206 0.000000 0.000000 0.000000 1.000000
114207 0.000000 0.000000 0.000000 1.000000
114208 0.000000 0.000000 0.000000 1.000000
114209 0.000000 0.000000 0.000000 1.000000
114210 0.000000 0.000000 0.000000 1.000000
118277 0.000000 0.000000 0.000000 1.000000
118278 0.000000 0.000000 0.000000 1.000000
118288 0.000000 0.000000 0.000000 1.000000
118289 0.000000 0.000000 0.000000 1.000000
118290 0.000000 0.000000 0.000000 1.000000
118291 0.000000 0.000000 0.000000 1.000000
118292 0.000000 0.000000 0.000000 1.000000
118293 0.000000 0.000000 0.000000 1.000000
118294 0.000000 0.000000 0.000000 1.000000
118295 0.000000 0.000000 0.000000 1.000000
118296 0.000000 0.000000 0.000000 1.000000
118297 0.000000 0.000000 0.000000 1.000000
118298 0.000000 0.000000 0.000000 1.000000
118299 0.000000 0.000000 0.000000 1.000000
118300 0.000000 0.000000 0.000000 1.000000
118301 0.000000 0.000000 0.000000 1.000000
118302 0.000000 0.000000 0.000000 1.000000
118303 0.000000 0.000000 0.000000 1.000000
118304 0.000000 0.000000 0.000000 1.000000
125819 0.000000 0.000000 0.000000 1.000000
125820 0.000000 0.000000 0.000000 1.000000
125821 0.000000 0.000000 0.000000 1.000000
125822 0.000000 0.000000 0.000000 1.000000
125823 0.000000 0.000000 0.000000 1.000000
125824 0.000000 0.000000 0.000000 1.000000
125825 0.000000 0.000000 0.000000 1.000000
125826 0.000000 0.000000 0.000000 1.000000
125827 0.000000 0.000000 0.000000 1.000000
125828 0.000000 0.000000 0.000000 1.000000
125829 0.000000 0.000000 0.000000 1.000000
125830 0.000000 0.000000 0.000000 1.000000
125831 0.000000 0.000000 0.000000 1.000000
125832 0.000000 0.000000 0.000000 1.000000
125833 0.000000 0.000000 0.000000 1.000000
125834 0.000000 0.000000 0.000000 1.000000
125835 0.000000 0.000000 0.000000 1.000000
125850 0.000000 0.000000 0.000000 1.000000
125851 0.000000 0.000000 0.000000 1.000000
125852 0.000000 0.000000 0.000000 1.000000
125853 0.000000 0.000000 0.000000 1.000000
125854 0.000000 0.000000 0.000000 1.000000
125855 0.000000 0.000000 0.000000 1.000000
125856 0.000000 0.000000 0.000000 1.000000
125857 0.000000 0.000000 0.000000 1.000000
125858 0.000000 0.000000 0.000000 1.000000
125859 0.000000 0.000000 0.000000 1.000000
125860 0.000000 0.000000 0.000000 1.000000
125861 0.000000 0.000000 0.000000 1.000000
127801 0.000000 0.000000 0.000000 1.000000
127808 0.000000 0.000000 0.000000 1.000000
127809 0.000000 0.000000 0.000000 1.000000
127816 0.000000 0.000000 0.000000 1.000000
127821 0.000000 0.000000 0.000000 1.000000
127823 0.000000 0.000000 0.000000 1.000000
127824 0.000000 0.000000 0.000000 1.000000
127825 0.000000 0.000000 0.000000 1.000000
127826 0.000000 0.000000 0.000000 1.000000
127827 0.000000 0.000000 0.000000 1.000000
127828 0.000000 0.000000 0.000000 1.000000
127829 0.000000 0.000000 0.000000 1.000000
127830 0.000000 0.000000 0.000000 1.000000
127831 0.000000 0.000000 0.000000 1.000000
127832 0.000000 0.000000 0.000000 1.000000
127833 0.000000 0.000000 0.000000 1.000000
127834 0.000000 0.000000 0.000000 1.000000
127850 0.000000 0.000000 0.000000 1.000000
127851 0.000000 0.000000 0.000000 1.000000
127852 0.000000 0.000000 0.000000 1.000000
127853 0.000000 0.000000 0.000000 1.000000
127855 0.000000 0.000000 0.000000 1.000000
127856 0.000000 0.000000 0.000000 1.000000
127857 0.000000 0.000000 0.000000 1.000000
127858 0.000000 0.000000 0.000000 1.000000
127859 0.000000 0.000000 0.000000 1.000000
127860 0.000000 0.000000 0.000000 1.000000
127864 0.000000 0.000000 0.000000 1.000000
127865 0.000000 0.000000 0.000000 1.000000
127866 0.000000 0.000000 0.000000 1.000000
127867 0.000000 0.000000 0.000000 1.000000
127868 0.000000 0.000000 0.000000 1.000000
127869 0.000000 0.000000 0.000000 1.000000
127870 0.000000 0.000000 0.000000 1.000000
127871 0.000000 0.000000 0.000000 1.000000
127872 0.000000 0.000000 0.000000 1.000000
127873 0.000000 0.000000 0.000000 1.000000
127876 0.000000 0.000000 0.000000 1.000000
127877 0.000000 0.000000 0.000000 1.000000
127878 0.000000 0.000000 0.000000 1.000000
135216 0.000000 0.000000 0.000000 1.000000
135218 0.000000 0.000000 0.000000 1.000000
135219 0.000000 0.000000 0.000000 1.000000
135220 0.000000 0.000000 0.000000 1.000000
135221 0.000000 0.000000 0.000000 1.000000
135222 0.000000 0.000000 0.000000 1.000000
135245 0.000000 0.000000 0.000000 1.000000
135246 0.000000 0.000000 0.000000 1.000000
136991 0.000000 0.000000 0.000000 1.000000
136992 0.000000 0.000000 0.000000 1.000000
136993 0.000000 0.000000 0.000000 1.000000
136994 0.000000 0.000000 0.000000 1.000000
136995 0.000000 0.000000 0.000000 1.000000
136996 0.000000 0.000000 0.000000 1.000000
136997 0.000000 0.000000 0.000000 1.000000
136998 0.000000 0.000000 0.000000 1.000000
136999 0.000000 0.000000 0.000000 1.000000
137000 0.000000 0.000000 0.000000 1.000000
137001 0.000000 0.000000 0.000000 1.000000
137002 0.000000 0.000000 0.000000 1.000000
137003 0.000000 0.000000 0.000000 1.000000
137004 0.000000 0.000000 0.000000 1.000000
137005 0.000000 0.000000 0.000000 1.000000
137006 0.000000 0.000000 0.000000 1.000000
137007 0.000000 0.000000 0.000000 1.000000
137008 0.000000 0.000000 0.000000 1.000000
137009 0.000000 0.000000 0.000000 1.000000
137010 0.000000 0.000000 0.000000 1.000000
137011 0.000000 0.000000 0.000000 1.000000
137012 0.000000 0.000000 0.000000 1.000000
137013 0.000000 0.000000 0.000000 1.000000
137014 0.000000 0.000000 0.000000 1.000000
137015 0.000000 0.000000 0.000000 1.000000
137020 0.000000 0.000000 0.000000 1.000000
137021 0.000000 0.000000 0.000000 1.000000
137022 0.000000 0.000000 0.000000 1.000000
137023 0.000000 0.000000 0.000000 1.000000
137024 0.000000 0.000000 0.000000 1.000000
137025 0.000000 0.000000 0.000000 1.000000
137026 0.000000 0.000000 0.000000 1.000000
137027 0.000000 0.000000 0.000000 1.000000
137028 0.000000 0.000000 0.000000 1.000000
137029 0.000000 0.000000 0.000000 1.000000
137030 0.000000 0.000000 0.000000 1.000000
137031 0.000000 0.000000 0.000000 1.000000
137032 0.000000 0.000000 0.000000 1.000000
137033 0.000000 0.000000 0.000000 1.000000
137034 0.000000 0.000000 0.000000 1.000000
137035 0.000000 0.000000 0.000000 1.000000
137036 0.000000 0.000000 0.000000 1.000000
137037 0.000000 0.000000 0.000000 1.000000
137038 0.000000 0.000000 0.000000 1.000000
137039 0.000000 0.000000 0.000000 1.000000
137040 0.000000 0.000000 0.000000 1.000000
137043 0.000000 0.000000 0.000000 1.000000
137056 0.000000 0.000000 0.000000 1.000000
137057 0.000000 0.000000 0.000000 1.000000
137058 0.000000 0.000000 0.000000 1.000000
137059 0.000000 0.000000 0.000000 1.000000
137060 0.000000 0.000000 0.000000 1.000000
137061 0.000000 0.000000 0.000000 1.000000
137062 0.000000 0.000000 0.000000 1.000000
137063 0.000000 0.000000 0.000000 1.000000
137064 0.000000 0.000000 0.000000 1.000000
137065 0.000000 0.000000 0.000000 1.000000
137066 0.000000 0.000000 0.000000 1.000000
137067 0.000000 0.000000 0.000000 1.000000
137068 0.000000 0.000000 0.000000 1.000000
137069 0.000000 0.000000 0.000000 1.000000
137070 0.000000 0.000000 0.000000 1.000000
137071 0.000000 0.000000 0.000000 1.000000
137072 0.000000 0.000000 0.000000 1.000000
137073 0.000000 0.000000 0.000000 1.000000
143679 0.000000 0.000000 0.000000 1.000000
143680 0.000000 0.000000 0.000000 1.000000
143681 0.000000 0.000000 0.000000 1.000000
143682 0.000000 0.000000 0.000000 1.000000
143691 0.000000 0.000000 0.000000 1.000000
156605 0.000000 0.000000 0.000000 1.000000
156606 0.000000 0.000000 0.000000 1.000000
156607 0.000000 0.000000 0.000000 1.000000
156608 0.000000 0.000000 0.000000 1.000000
156609 0.000000 0.000000 0.000000 1.000000
156610 0.000000 0.000000 0.000000 1.000000
156611 0.000000 0.000000 0.000000 1.000000
156612 0.000000 0.000000 0.000000 1.000000
156613 0.000000 0.000000 0.000000 1.000000
156614 0.000000 0.000000 0.000000 1.000000
156615 0.000000 0.000000 0.000000 1.000000
156616 0.000000 0.000000 0.000000 1.000000
156617 0.000000 0.000000 0.000000 1.000000
156618 0.000000 0.000000 0.000000 1.000000
156619 0.000000 0.000000 0.000000 1.000000
156620 0.000000 0.000000 0.000000 1.000000
156621 0.000000 0.000000 0.000000 1.000000
156622 0.000000 0.000000 0.000000 1.000000
156623 0.000000 0.000000 0.000000 1.000000
156624 0.000000 0.000000 0.000000 1.000000
156655 0.000000 0.000000 0.000000 1.000000
156656 0.000000 0.000000 0.000000 1.000000
156657 0.000000 0.000000 0.000000 1.000000
156658 0.000000 0.000000 0.000000 1.000000
156659 0.000000 0.000000 0.000000 1.000000
156668 0.000000 0.000000 0.000000 1.000000
156672 0.000000 0.000000 0.000000 1.000000
156673 0.000000 0.000000 0.000000 1.000000
156675 0.000000 0.000000 0.000000 1.000000
156676 0.000000 0.000000 0.000000 1.000000
156677 0.000000 0.000000 0.000000 1.000000
156678 0.000000 0.000000 0.000000 1.000000
156679 0.000000 0.000000 0.000000 1.000000
156680 0.000000 0.000000 0.000000 1.000000
156681 0.000000 0.000000 0.000000 1.000000
156682 0.000000 0.000000 0.000000 1.000000
156683 0.000000 0.000000 0.000000 1.000000
156684 0.000000 0.000000 0.000000 1.000000
156685 0.000000 0.000000 0.000000 1.000000
156686 0.000000 0.000000 0.000000 1.000000
156687 0.000000 0.000000 0.000000 1.000000
156688 0.000000 0.000000 0.000000 1.000000
156689 0.000000 0.000000 0.000000 1.000000
156690 0.000000 0.000000 0.000000 1.000000
156691 0.000000 0.000000 0.000000 1.000000
156692 0.000000 0.000000 0.000000 1.000000
156693 0.000000 0.000000 0.000000 1.000000
156694 0.000000 0.000000 0.000000 1.000000
156695 0.000000 0.000000 0.000000 1.000000
156696 0.000000 0.000000 0.000000 1.000000
156697 0.000000 0.000000 0.000000 1.000000
156698 0.000000 0.000000 0.000000 1.000000
156700 0.000000 0.000000 0.000000 1.000000
156701 0.000000 0.000000 0.000000 1.000000
156702 0.000000 0.000000 0.000000 1.000000
156703 0.000000 0.000000 0.000000 1.000000
156704 0.000000 0.000000 0.000000 1.000000
161683 0.000000 0.000000 0.000000 1.000000
161684 0.000000 0.000000 0.000000 1.000000
161685 0.000000 0.000000 0.000000 1.000000
161686 0.000000 0.000000 0.000000 1.000000
161687 0.000000 0.000000 0.000000 1.000000
161688 0.000000 0.000000 0.000000 1.000000
161692 0.000000 0.000000 0.000000 1.000000
161693 0.000000 0.000000 0.000000 1.000000
161694 0.000000 0.000000 0.000000 1.000000
161695 0.000000 0.000000 0.000000 1.000000
161697 0.000000 0.000000 0.000000 1.000000
161746 0.000000 0.000000 0.000000 1.000000
161747 0.000000 0.000000 0.000000 1.000000
161748 0.000000 0.000000 0.000000 1.000000
161749 0.000000 0.000000 0.000000 1.000000
161750 0.000000 0.000000 0.000000 1.000000
161764 0.000000 0.000000 0.000000 1.000000
161765 0.000000 0.000000 0.000000 1.000000
161766 0.000000 0.000000 0.000000 1.000000
161767 0.000000 0.000000 0.000000 1.000000
161768 0.000000 0.000000 0.000000 1.000000
161769 0.000000 0.000000 0.000000 1.000000
161770 0.000000 0.000000 0.000000 1.000000
161771 0.000000 0.000000 0.000000 1.000000
161772 0.000000 0.000000 0.000000 1.000000
161773 0.000000 0.000000 0.000000 1.000000
161774 0.000000 0.000000 0.000000 1.000000
161775 0.000000 0.000000 0.000000 1.000000
161796 0.000000 0.000000 0.000000 1.000000
161797 0.000000 0.000000 0.000000 1.000000
161798 0.000000 0.000000 0.000000 1.000000
161799 0.000000 0.000000 0.000000 1.000000
161802 0.000000 0.000000 0.000000 1.000000
161803 0.000000 0.000000 0.000000 1.000000
161804 0.000000 0.000000 0.000000 1.000000
161805 0.000000 0.000000 0.000000 1.000000
161806 0.000000 0.000000 0.000000 1.000000
161807 0.000000 0.000000 0.000000 1.000000
161848 0.000000 0.000000 0.000000 1.000000
161849 0.000000 0.000000 0.000000 1.000000
161850 0.000000 0.000000 0.000000 1.000000
161851 0.000000 0.000000 0.000000 1.000000
161852 0.000000 0.000000 0.000000 1.000000
161853 0.000000 0.000000 0.000000 1.000000
161854 0.000000 0.000000 0.000000 1.000000
161855 0.000000 0.000000 0.000000 1.000000
161856 0.000000 0.000000 0.000000 1.000000
161857 0.000000 0.000000 0.000000 1.000000
161858 0.000000 0.000000 0.000000 1.000000
161859 0.000000 0.000000 0.000000 1.000000
161860 0.000000 0.000000 0.000000 1.000000
161861 0.000000 0.000000 0.000000 1.000000
161884 0.000000 0.000000 0.000000 1.000000
161885 0.000000 0.000000 0.000000 1.000000
