#
351
80 0.000000 0.000000 0.000000 1.000000
962 0.000000 0.000000 0.000000 1.000000
1513 0.000000 0.000000 0.000000 1.000000
1514 0.000000 0.000000 0.000000 1.000000
1515 0.000000 0.000000 0.000000 1.000000
2257 0.000000 0.000000 0.000000 1.000000
2880 0.000000 0.000000 0.000000 1.000000
2881 0.000000 0.000000 0.000000 1.000000
2882 0.000000 0.000000 0.000000 1.000000
3481 0.000000 0.000000 0.000000 1.000000
3486 0.000000 0.000000 0.000000 1.000000
5000 0.000000 0.000000 0.000000 1.000000
6339 0.000000 0.000000 0.000000 1.000000
7368 0.000000 0.000000 0.000000 1.000000
7369 0.000000 0.000000 0.000000 1.000000
7370 0.000000 0.000000 0.000000 1.000000
7371 0.000000 0.000000 0.000000 1.000000
7372 0.000000 0.000000 0.000000 1.000000
7374 0.000000 0.000000 0.000000 1.000000
7375 0.000000 0.000000 0.000000 1.000000
7376 0.000000 0.000000 0.000000 1.000000
7377 0.000000 0.000000 0.000000 1.000000
9330 0.000000 0.000000 0.000000 1.000000
9331 0.000000 0.000000 0.000000 1.000000
9340 0.000000 0.000000 0.000000 1.000000
10560 0.000000 0.000000 0.000000 1.000000
10561 0.000000 0.000000 0.000000 1.000000
10562 0.000000 0.000000 0.000000 1.000000
14403 0.000000 0.000000 0.000000 1.000000
14404 0.000000 0.000000 0.000000 1.000000
14405 0.000000 0.000000 0.000000 1.000000
16201 0.000000 0.000000 0.000000 1.000000
16203 0.000000 0.000000 0.000000 1.000000
16204 0.000000 0.000000 0.000000 1.000000
16205 0.000000 0.000000 0.000000 1.000000
16206 0.000000 0.000000 0.000000 1.000000
16207 0.000000 0.000000 0.000000 1.000000
16212 0.000000 0.000000 0.000000 1.000000
16213 0.000000 0.000000 0.000000 1.000000
16214 0.000000 0.000000 0.000000 1.000000
16215 0.000000 0.000000 0.000000 1.000000
16216 0.000000 0.000000 0.000000 1.000000
16217 0.000000 0.000000 0.000000 1.000000
16219 0.000000 0.000000 0.000000 1.000000
18743 0.000000 0.000000 0.000000 1.000000
18744 0.000000 0.000000 0.000000 1.000000
20762 0.000000 0.000000 0.000000 1.000000
20763 0.000000 0.000000 0.000000 1.000000
20764 0.000000 0.000000 0.000000 1.000000
20765 0.000000 0.000000 0.000000 1.000000
20766 0.000000 0.000000 0.000000 1.000000
23616 0.000000 0.000000 0.000000 1.000000
23617 0.000000 0.000000 0.000000 1.000000
23618 0.000000 0.000000 0.000000 1.000000
23619 0.000000 0.000000 0.000000 1.000000
23620 0.000000 0.000000 0.000000 1.000000
24699 0.000000 0.000000 0.000000 1.000000
24700 0.000000 0.000000 0.000000 1.000000
24706 0.000000 0.000000 0.000000 1.000000
27435 0.000000 0.000000 0.000000 1.000000
30150 0.000000 0.000000 0.000000 1.000000
32616 0.000000 0.000000 0.000000 1.000000
32617 0.000000 0.000000 0.000000 1.000000
32618 0.000000 0.000000 0.000000 1.000000
32619 0.000000 0.000000 0.000000 1.000000
32620 0.000000 0.000000 0.000000 1.000000
32621 0.000000 0.000000 0.000000 1.000000
32622 0.000000 0.000000 0.000000 1.000000
32623 0.000000 0.000000 0.000000 1.000000
32624 0.000000 0.000000 0.000000 1.000000
32632 0.000000 0.000000 0.000000 1.000000
32633 0.000000 0.000000 0.000000 1.000000
32634 0.000000 0.000000 0.000000 1.000000
32639 0.000000 0.000000 0.000000 1.000000
32640 0.000000 0.000000 0.000000 1.000000
35789 0.000000 0.000000 0.000000 1.000000
35790 0.000000 0.000000 0.000000 1.000000
35794 0.000000 0.000000 0.000000 1.000000
38228 0.000000 0.000000 0.000000 1.000000
38229 0.000000 0.000000 0.000000 1.000000
38230 0.000000 0.000000 0.000000 1.000000
38231 0.000000 0.000000 0.000000 1.000000
38232 0.000000 0.000000 0.000000 1.000000
38233 0.000000 0.000000 0.000000 1.000000
38257 0.000000 0.000000 0.000000 1.000000
38258 0.000000 0.000000 0.000000 1.000000
38259 0.000000 0.000000 0.000000 1.000000
38260 0.000000 0.000000 0.000000 1.000000
38261 0.000000 0.000000 0.000000 1.000000
41280 0.000000 0.000000 0.000000 1.000000
41281 0.000000 0.000000 0.000000 1.000000
41282 0.000000 0.000000 0.000000 1.000000
45123 0.000000 0.000000 0.000000 1.000000
45124 0.000000 0.000000 0.000000 1.000000
45125 0.000000 0.000000 0.000000 1.000000
45126 0.000000 0.000000 0.000000 1.000000
45127 0.000000 0.000000 0.000000 1.000000
46923 0.000000 0.000000 0.000000 1.000000
46924 0.000000 0.000000 0.000000 1.000000
46925 0.000000 0.000000 0.000000 1.000000
46926 0.000000 0.000000 0.000000 1.000000
46927 0.000000 0.000000 0.000000 1.000000
46931 0.000000 0.000000 0.000000 1.000000
46932 0.000000 0.000000 0.000000 1.000000
46933 0.000000 0.000000 0.000000 1.000000
46934 0.000000 0.000000 0.000000 1.000000
46935 0.000000 0.000000 0.000000 1.000000
46936 0.000000 0.000000 0.000000 1.000000
46937 0.000000 0.000000 0.000000 1.000000
49463 0.000000 0.000000 0.000000 1.000000
49464 0.000000 0.000000 0.000000 1.000000
49465 0.000000 0.000000 0.000000 1.000000
51482 0.000000 0.000000 0.000000 1.000000
51483 0.000000 0.000000 0.000000 1.000000
51484 0.000000 0.000000 0.000000 1.000000
51485 0.000000 0.000000 0.000000 1.000000
51486 0.000000 0.000000 0.000000 1.000000
54720 0.000000 0.000000 0.000000 1.000000
54721 0.000000 0.000000 0.000000 1.000000
54722 0.000000 0.000000 0.000000 1.000000
54723 0.000000 0.000000 0.000000 1.000000
54724 0.000000 0.000000 0.000000 1.000000
54725 0.000000 0.000000 0.000000 1.000000
54726 0.000000 0.000000 0.000000 1.000000
54727 0.000000 0.000000 0.000000 1.000000
56526 0.000000 0.000000 0.000000 1.000000
66248 0.000000 0.000000 0.000000 1.000000
66249 0.000000 0.000000 0.000000 1.000000
66250 0.000000 0.000000 0.000000 1.000000
66251 0.000000 0.000000 0.000000 1.000000
66252 0.000000 0.000000 0.000000 1.000000
66253 0.000000 0.000000 0.000000 1.000000
66254 0.000000 0.000000 0.000000 1.000000
66255 0.000000 0.000000 0.000000 1.000000
71640 0.000000 0.000000 0.000000 1.000000
71641 0.000000 0.000000 0.000000 1.000000
71642 0.000000 0.000000 0.000000 1.000000
71643 0.000000 0.000000 0.000000 1.000000
71644 0.000000 0.000000 0.000000 1.000000
71645 0.000000 0.000000 0.000000 1.000000
71646 0.000000 0.000000 0.000000 1.000000
71647 0.000000 0.000000 0.000000 1.000000
71648 0.000000 0.000000 0.000000 1.000000
71651 0.000000 0.000000 0.000000 1.000000
71652 0.000000 0.000000 0.000000 1.000000
71653 0.000000 0.000000 0.000000 1.000000
71654 0.000000 0.000000 0.000000 1.000000
71655 0.000000 0.000000 0.000000 1.000000
71656 0.000000 0.000000 0.000000 1.000000
71657 0.000000 0.000000 0.000000 1.000000
71658 0.000000 0.000000 0.000000 1.000000
71659 0.000000 0.000000 0.000000 1.000000
71660 0.000000 0.000000 0.000000 1.000000
71662 0.000000 0.000000 0.000000 1.000000
71674 0.000000 0.000000 0.000000 1.000000
71675 0.000000 0.000000 0.000000 1.000000
71676 0.000000 0.000000 0.000000 1.000000
71677 0.000000 0.000000 0.000000 1.000000
71678 0.000000 0.000000 0.000000 1.000000
71679 0.000000 0.000000 0.000000 1.000000
71680 0.000000 0.000000 0.000000 1.000000
71681 0.000000 0.000000 0.000000 1.000000
71682 0.000000 0.000000 0.000000 1.000000
71683 0.000000 0.000000 0.000000 1.000000
71688 0.000000 0.000000 0.000000 1.000000
71693 0.000000 0.000000 0.000000 1.000000
71694 0.000000 0.000000 0.000000 1.000000
71695 0.000000 0.000000 0.000000 1.000000
71696 0.000000 0.000000 0.000000 1.000000
71697 0.000000 0.000000 0.000000 1.000000
71698 0.000000 0.000000 0.000000 1.000000
79268 0.000000 0.000000 0.000000 1.000000
79269 0.000000 0.000000 0.000000 1.000000
79270 0.000000 0.000000 0.000000 1.000000
79272 0.000000 0.000000 0.000000 1.000000
79274 0.000000 0.000000 0.000000 1.000000
85329 0.000000 0.000000 0.000000 1.000000
85330 0.000000 0.000000 0.000000 1.000000
85331 0.000000 0.000000 0.000000 1.000000
85332 0.000000 0.000000 0.000000 1.000000
85333 0.000000 0.000000 0.000000 1.000000
85334 0.000000 0.000000 0.000000 1.000000
85335 0.000000 0.000000 0.000000 1.000000
85336 0.000000 0.000000 0.000000 1.000000
85337 0.000000 0.000000 0.000000 1.000000
85338 0.000000 0.000000 0.000000 1.000000
85339 0.000000 0.000000 0.000000 1.000000
85340 0.000000 0.000000 0.000000 1.000000
85341 0.000000 0.000000 0.000000 1.000000
85403 0.000000 0.000000 0.000000 1.000000
85404 0.000000 0.000000 0.000000 1.000000
85405 0.000000 0.000000 0.000000 1.000000
85406 0.000000 0.000000 0.000000 1.000000
85407 0.000000 0.000000 0.000000 1.000000
85408 0.000000 0.000000 0.000000 1.000000
85409 0.000000 0.000000 0.000000 1.000000
85410 0.000000 0.000000 0.000000 1.000000
85411 0.000000 0.000000 0.000000 1.000000
92736 0.000000 0.000000 0.000000 1.000000
92737 0.000000 0.000000 0.000000 1.000000
92738 0.000000 0.000000 0.000000 1.000000
92739 0.000000 0.000000 0.000000 1.000000
92740 0.000000 0.000000 0.000000 1.000000
99653 0.000000 0.000000 0.000000 1.000000
99654 0.000000 0.000000 0.000000 1.000000
99655 0.000000 0.000000 0.000000 1.000000
99656 0.000000 0.000000 0.000000 1.000000
99657 0.000000 0.000000 0.000000 1.000000
99659 0.000000 0.000000 0.000000 1.000000
102889 0.000000 0.000000 0.000000 1.000000
102893 0.000000 0.000000 0.000000 1.000000
102894 0.000000 0.000000 0.000000 1.000000
102895 0.000000 0.000000 0.000000 1.000000
102896 0.000000 0.000000 0.000000 1.000000
102897 0.000000 0.000000 0.000000 1.000000
102898 0.000000 0.000000 0.000000 1.000000
102899 0.000000 0.000000 0.000000 1.000000
102900 0.000000 0.000000 0.000000 1.000000
102901 0.000000 0.000000 0.000000 1.000000
102909 0.000000 0.000000 0.000000 1.000000
102910 0.000000 0.000000 0.000000 1.000000
102911 0.000000 0.000000 0.000000 1.000000
102912 0.000000 0.000000 0.000000 1.000000
102913 0.000000 0.000000 0.000000 1.000000
102914 0.000000 0.000000 0.000000 1.000000
102915 0.000000 0.000000 0.000000 1.000000
102916 0.000000 0.000000 0.000000 1.000000
102917 0.000000 0.000000 0.000000 1.000000
102918 0.000000 0.000000 0.000000 1.000000
102919 0.000000 0.000000 0.000000 1.000000
102920 0.000000 0.000000 0.000000 1.000000
102921 0.000000 0.000000 0.000000 1.000000
102922 0.000000 0.000000 0.000000 1.000000
102923 0.000000 0.000000 0.000000 1.000000
102924 0.000000 0.000000 0.000000 1.000000
107465 0.000000 0.000000 0.000000 1.000000
107466 0.000000 0.000000 0.000000 1.000000
107467 0.000000 0.000000 0.000000 1.000000
107468 0.000000 0.000000 0.000000 1.000000
111100 0.000000 0.000000 0.000000 1.000000
111101 0.000000 0.000000 0.000000 1.000000
111102 0.000000 0.000000 0.000000 1.000000
111103 0.000000 0.000000 0.000000 1.000000
111104 0.000000 0.000000 0.000000 1.000000
111105 0.000000 0.000000 0.000000 1.000000
111106 0.000000 0.000000 0.000000 1.000000
111107 0.000000 0.000000 0.000000 1.000000
111108 0.000000 0.000000 0.000000 1.000000
116544 0.000000 0.000000 0.000000 1.000000
116546 0.000000 0.000000 0.000000 1.000000
116547 0.000000 0.000000 0.000000 1.000000
116548 0.000000 0.000000 0.000000 1.000000
116549 0.000000 0.000000 0.000000 1.000000
116550 0.000000 0.000000 0.000000 1.000000
116551 0.000000 0.000000 0.000000 1.000000
116552 0.000000 0.000000 0.000000 1.000000
116553 0.000000 0.000000 0.000000 1.000000
116554 0.000000 0.000000 0.000000 1.000000
119068 0.000000 0.000000 0.000000 1.000000
119071 0.000000 0.000000 0.000000 1.000000
119072 0.000000 0.000000 0.000000 1.000000
119073 0.000000 0.000000 0.000000 1.000000
119074 0.000000 0.000000 0.000000 1.000000
119086 0.000000 0.000000 0.000000 1.000000
122624 0.000000 0.000000 0.000000 1.000000
125454 0.000000 0.000000 0.000000 1.000000
125455 0.000000 0.000000 0.000000 1.000000
125456 0.000000 0.000000 0.000000 1.000000
125457 0.000000 0.000000 0.000000 1.000000
132299 0.000000 0.000000 0.000000 1.000000
132302 0.000000 0.000000 0.000000 1.000000
132305 0.000000 0.000000 0.000000 1.000000
139080 0.000000 0.000000 0.000000 1.000000
139081 0.000000 0.000000 0.000000 1.000000
139082 0.000000 0.000000 0.000000 1.000000
139083 0.000000 0.000000 0.000000 1.000000
139084 0.000000 0.000000 0.000000 1.000000
139085 0.000000 0.000000 0.000000 1.000000
139086 0.000000 0.000000 0.000000 1.000000
139087 0.000000 0.000000 0.000000 1.000000
139088 0.000000 0.000000 0.000000 1.000000
139089 0.000000 0.000000 0.000000 1.000000
139090 0.000000 0.000000 0.000000 1.000000
139093 0.000000 0.000000 0.000000 1.000000
139094 0.000000 0.000000 0.000000 1.000000
139095 0.000000 0.000000 0.000000 1.000000
139096 0.000000 0.000000 0.000000 1.000000
139097 0.000000 0.000000 0.000000 1.000000
139098 0.000000 0.000000 0.000000 1.000000
139099 0.000000 0.000000 0.000000 1.000000
139100 0.000000 0.000000 0.000000 1.000000
139101 0.000000 0.000000 0.000000 1.000000
139103 0.000000 0.000000 0.000000 1.000000
139104 0.000000 0.000000 0.000000 1.000000
139117 0.000000 0.000000 0.000000 1.000000
139125 0.000000 0.000000 0.000000 1.000000
139126 0.000000 0.000000 0.000000 1.000000
139127 0.000000 0.000000 0.000000 1.000000
139128 0.000000 0.000000 0.000000 1.000000
139129 0.000000 0.000000 0.000000 1.000000
139130 0.000000 0.000000 0.000000 1.000000
139131 0.000000 0.000000 0.000000 1.000000
139132 0.000000 0.000000 0.000000 1.000000
139145 0.000000 0.000000 0.000000 1.000000
139146 0.000000 0.000000 0.000000 1.000000
139147 0.000000 0.000000 0.000000 1.000000
139148 0.000000 0.000000 0.000000 1.000000
139149 0.000000 0.000000 0.000000 1.000000
139150 0.000000 0.000000 0.000000 1.000000
148355 0.000000 0.000000 0.000000 1.000000
148356 0.000000 0.000000 0.000000 1.000000
148357 0.000000 0.000000 0.000000 1.000000
148358 0.000000 0.000000 0.000000 1.000000
148359 0.000000 0.000000 0.000000 1.000000
148360 0.000000 0.000000 0.000000 1.000000
148361 0.000000 0.000000 0.000000 1.000000
148362 0.000000 0.000000 0.000000 1.000000
148363 0.000000 0.000000 0.000000 1.000000
148372 0.000000 0.000000 0.000000 1.000000
148373 0.000000 0.000000 0.000000 1.000000
155645 0.000000 0.000000 0.000000 1.000000
155646 0.000000 0.000000 0.000000 1.000000
155648 0.000000 0.000000 0.000000 1.000000
155649 0.000000 0.000000 0.000000 1.000000
155650 0.000000 0.000000 0.000000 1.000000
155651 0.000000 0.000000 0.000000 1.000000
155652 0.000000 0.000000 0.000000 1.000000
155653 0.000000 0.000000 0.000000 1.000000
155654 0.000000 0.000000 0.000000 1.000000
155655 0.000000 0.000000 0.000000 1.000000
155656 0.000000 0.000000 0.000000 1.000000
155657 0.000000 0.000000 0.000000 1.000000
155658 0.000000 0.000000 0.000000 1.000000
155659 0.000000 0.000000 0.000000 1.000000
155722 0.000000 0.000000 0.000000 1.000000
155731 0.000000 0.000000 0.000000 1.000000
155732 0.000000 0.000000 0.000000 1.000000
155733 0.000000 0.000000 0.000000 1.000000
155734 0.000000 0.000000 0.000000 1.000000
155735 0.000000 0.000000 0.000000 1.000000
155736 0.000000 0.000000 0.000000 1.000000
155737 0.000000 0.000000 0.000000 1.000000
155738 0.000000 0.000000 0.000000 1.000000
155739 0.000000 0.000000 0.000000 1.000000
155740 0.000000 0.000000 0.000000 1.000000
155741 0.000000 0.000000 0.000000 1.000000
155742 0.000000 0.000000 0.000000 1.000000
155743 0.000000 0.000000 0.000000 1.000000
155744 0.000000 0.000000 0.000000 1.000000
155745 0.000000 0.000000 0.000000 1.000000
155746 0.000000 0.000000 0.000000 1.000000
