#
486
82 0.000000 0.000000 0.000000 1.000000
201 0.000000 0.000000 0.000000 1.000000
963 0.000000 0.000000 0.000000 1.000000
964 0.000000 0.000000 0.000000 1.000000
965 0.000000 0.000000 0.000000 1.000000
967 0.000000 0.000000 0.000000 1.000000
1973 0.000000 0.000000 0.000000 1.000000
2883 0.000000 0.000000 0.000000 1.000000
2884 0.000000 0.000000 0.000000 1.000000
2885 0.000000 0.000000 0.000000 1.000000
2886 0.000000 0.000000 0.000000 1.000000
2887 0.000000 0.000000 0.000000 1.000000
4328 0.000000 0.000000 0.000000 1.000000
4329 0.000000 0.000000 0.000000 1.000000
4330 0.000000 0.000000 0.000000 1.000000
4331 0.000000 0.000000 0.000000 1.000000
6341 0.000000 0.000000 0.000000 1.000000
6342 0.000000 0.000000 0.000000 1.000000
6343 0.000000 0.000000 0.000000 1.000000
6344 0.000000 0.000000 0.000000 1.000000
6345 0.000000 0.000000 0.000000 1.000000
6347 0.000000 0.000000 0.000000 1.000000
8507 0.000000 0.000000 0.000000 1.000000
8508 0.000000 0.000000 0.000000 1.000000
8509 0.000000 0.000000 0.000000 1.000000
8510 0.000000 0.000000 0.000000 1.000000
9854 0.000000 0.000000 0.000000 1.000000
10563 0.000000 0.000000 0.000000 1.000000
10564 0.000000 0.000000 0.000000 1.000000
10565 0.000000 0.000000 0.000000 1.000000
10566 0.000000 0.000000 0.000000 1.000000
10567 0.000000 0.000000 0.000000 1.000000
12008 0.000000 0.000000 0.000000 1.000000
12009 0.000000 0.000000 0.000000 1.000000
12010 0.000000 0.000000 0.000000 1.000000
12011 0.000000 0.000000 0.000000 1.000000
14408 0.000000 0.000000 0.000000 1.000000
14409 0.000000 0.000000 0.000000 1.000000
14410 0.000000 0.000000 0.000000 1.000000
14411 0.000000 0.000000 0.000000 1.000000
14412 0.000000 0.000000 0.000000 1.000000
14413 0.000000 0.000000 0.000000 1.000000
14414 0.000000 0.000000 0.000000 1.000000
14415 0.000000 0.000000 0.000000 1.000000
14416 0.000000 0.000000 0.000000 1.000000
14417 0.000000 0.000000 0.000000 1.000000
14418 0.000000 0.000000 0.000000 1.000000
14419 0.000000 0.000000 0.000000 1.000000
14420 0.000000 0.000000 0.000000 1.000000
18745 0.000000 0.000000 0.000000 1.000000
18746 0.000000 0.000000 0.000000 1.000000
18747 0.000000 0.000000 0.000000 1.000000
18748 0.000000 0.000000 0.000000 1.000000
18749 0.000000 0.000000 0.000000 1.000000
18750 0.000000 0.000000 0.000000 1.000000
18751 0.000000 0.000000 0.000000 1.000000
18752 0.000000 0.000000 0.000000 1.000000
18753 0.000000 0.000000 0.000000 1.000000
22072 0.000000 0.000000 0.000000 1.000000
22073 0.000000 0.000000 0.000000 1.000000
23621 0.000000 0.000000 0.000000 1.000000
23622 0.000000 0.000000 0.000000 1.000000
23623 0.000000 0.000000 0.000000 1.000000
23624 0.000000 0.000000 0.000000 1.000000
23625 0.000000 0.000000 0.000000 1.000000
23626 0.000000 0.000000 0.000000 1.000000
23627 0.000000 0.000000 0.000000 1.000000
23628 0.000000 0.000000 0.000000 1.000000
23629 0.000000 0.000000 0.000000 1.000000
26222 0.000000 0.000000 0.000000 1.000000
26223 0.000000 0.000000 0.000000 1.000000
26224 0.000000 0.000000 0.000000 1.000000
26225 0.000000 0.000000 0.000000 1.000000
26226 0.000000 0.000000 0.000000 1.000000
26227 0.000000 0.000000 0.000000 1.000000
26228 0.000000 0.000000 0.000000 1.000000
30154 0.000000 0.000000 0.000000 1.000000
30155 0.000000 0.000000 0.000000 1.000000
30156 0.000000 0.000000 0.000000 1.000000
30157 0.000000 0.000000 0.000000 1.000000
30158 0.000000 0.000000 0.000000 1.000000
30159 0.000000 0.000000 0.000000 1.000000
30160 0.000000 0.000000 0.000000 1.000000
30161 0.000000 0.000000 0.000000 1.000000
30162 0.000000 0.000000 0.000000 1.000000
30163 0.000000 0.000000 0.000000 1.000000
30164 0.000000 0.000000 0.000000 1.000000
30165 0.000000 0.000000 0.000000 1.000000
30166 0.000000 0.000000 0.000000 1.000000
30167 0.000000 0.000000 0.000000 1.000000
30168 0.000000 0.000000 0.000000 1.000000
30170 0.000000 0.000000 0.000000 1.000000
30171 0.000000 0.000000 0.000000 1.000000
32625 0.000000 0.000000 0.000000 1.000000
32626 0.000000 0.000000 0.000000 1.000000
32635 0.000000 0.000000 0.000000 1.000000
32636 0.000000 0.000000 0.000000 1.000000
32637 0.000000 0.000000 0.000000 1.000000
32638 0.000000 0.000000 0.000000 1.000000
32641 0.000000 0.000000 0.000000 1.000000
32642 0.000000 0.000000 0.000000 1.000000
32643 0.000000 0.000000 0.000000 1.000000
32644 0.000000 0.000000 0.000000 1.000000
35791 0.000000 0.000000 0.000000 1.000000
35792 0.000000 0.000000 0.000000 1.000000
35793 0.000000 0.000000 0.000000 1.000000
35795 0.000000 0.000000 0.000000 1.000000
35796 0.000000 0.000000 0.000000 1.000000
35797 0.000000 0.000000 0.000000 1.000000
35798 0.000000 0.000000 0.000000 1.000000
35799 0.000000 0.000000 0.000000 1.000000
35800 0.000000 0.000000 0.000000 1.000000
35803 0.000000 0.000000 0.000000 1.000000
39773 0.000000 0.000000 0.000000 1.000000
39800 0.000000 0.000000 0.000000 1.000000
39801 0.000000 0.000000 0.000000 1.000000
39802 0.000000 0.000000 0.000000 1.000000
39803 0.000000 0.000000 0.000000 1.000000
39806 0.000000 0.000000 0.000000 1.000000
41283 0.000000 0.000000 0.000000 1.000000
41284 0.000000 0.000000 0.000000 1.000000
41285 0.000000 0.000000 0.000000 1.000000
41286 0.000000 0.000000 0.000000 1.000000
41287 0.000000 0.000000 0.000000 1.000000
42728 0.000000 0.000000 0.000000 1.000000
42729 0.000000 0.000000 0.000000 1.000000
42730 0.000000 0.000000 0.000000 1.000000
42731 0.000000 0.000000 0.000000 1.000000
42732 0.000000 0.000000 0.000000 1.000000
45128 0.000000 0.000000 0.000000 1.000000
45129 0.000000 0.000000 0.000000 1.000000
45130 0.000000 0.000000 0.000000 1.000000
45131 0.000000 0.000000 0.000000 1.000000
45132 0.000000 0.000000 0.000000 1.000000
45133 0.000000 0.000000 0.000000 1.000000
45134 0.000000 0.000000 0.000000 1.000000
45135 0.000000 0.000000 0.000000 1.000000
45136 0.000000 0.000000 0.000000 1.000000
45137 0.000000 0.000000 0.000000 1.000000
45138 0.000000 0.000000 0.000000 1.000000
45139 0.000000 0.000000 0.000000 1.000000
45140 0.000000 0.000000 0.000000 1.000000
45141 0.000000 0.000000 0.000000 1.000000
45142 0.000000 0.000000 0.000000 1.000000
49466 0.000000 0.000000 0.000000 1.000000
49467 0.000000 0.000000 0.000000 1.000000
49468 0.000000 0.000000 0.000000 1.000000
49469 0.000000 0.000000 0.000000 1.000000
49470 0.000000 0.000000 0.000000 1.000000
49471 0.000000 0.000000 0.000000 1.000000
49472 0.000000 0.000000 0.000000 1.000000
49473 0.000000 0.000000 0.000000 1.000000
52793 0.000000 0.000000 0.000000 1.000000
54728 0.000000 0.000000 0.000000 1.000000
54729 0.000000 0.000000 0.000000 1.000000
54730 0.000000 0.000000 0.000000 1.000000
54731 0.000000 0.000000 0.000000 1.000000
54732 0.000000 0.000000 0.000000 1.000000
54733 0.000000 0.000000 0.000000 1.000000
54734 0.000000 0.000000 0.000000 1.000000
54735 0.000000 0.000000 0.000000 1.000000
54736 0.000000 0.000000 0.000000 1.000000
54737 0.000000 0.000000 0.000000 1.000000
54738 0.000000 0.000000 0.000000 1.000000
54739 0.000000 0.000000 0.000000 1.000000
54740 0.000000 0.000000 0.000000 1.000000
54741 0.000000 0.000000 0.000000 1.000000
54742 0.000000 0.000000 0.000000 1.000000
59063 0.000000 0.000000 0.000000 1.000000
59064 0.000000 0.000000 0.000000 1.000000
59065 0.000000 0.000000 0.000000 1.000000
59066 0.000000 0.000000 0.000000 1.000000
59067 0.000000 0.000000 0.000000 1.000000
59068 0.000000 0.000000 0.000000 1.000000
59069 0.000000 0.000000 0.000000 1.000000
59070 0.000000 0.000000 0.000000 1.000000
59071 0.000000 0.000000 0.000000 1.000000
59073 0.000000 0.000000 0.000000 1.000000
66262 0.000000 0.000000 0.000000 1.000000
66263 0.000000 0.000000 0.000000 1.000000
66264 0.000000 0.000000 0.000000 1.000000
66265 0.000000 0.000000 0.000000 1.000000
66266 0.000000 0.000000 0.000000 1.000000
66267 0.000000 0.000000 0.000000 1.000000
66268 0.000000 0.000000 0.000000 1.000000
66269 0.000000 0.000000 0.000000 1.000000
66270 0.000000 0.000000 0.000000 1.000000
66271 0.000000 0.000000 0.000000 1.000000
66272 0.000000 0.000000 0.000000 1.000000
66273 0.000000 0.000000 0.000000 1.000000
66274 0.000000 0.000000 0.000000 1.000000
66275 0.000000 0.000000 0.000000 1.000000
66276 0.000000 0.000000 0.000000 1.000000
66277 0.000000 0.000000 0.000000 1.000000
66278 0.000000 0.000000 0.000000 1.000000
66279 0.000000 0.000000 0.000000 1.000000
66280 0.000000 0.000000 0.000000 1.000000
66281 0.000000 0.000000 0.000000 1.000000
66282 0.000000 0.000000 0.000000 1.000000
66283 0.000000 0.000000 0.000000 1.000000
66284 0.000000 0.000000 0.000000 1.000000
66285 0.000000 0.000000 0.000000 1.000000
66286 0.000000 0.000000 0.000000 1.000000
66287 0.000000 0.000000 0.000000 1.000000
66288 0.000000 0.000000 0.000000 1.000000
66289 0.000000 0.000000 0.000000 1.000000
66290 0.000000 0.000000 0.000000 1.000000
66292 0.000000 0.000000 0.000000 1.000000
66293 0.000000 0.000000 0.000000 1.000000
66294 0.000000 0.000000 0.000000 1.000000
66295 0.000000 0.000000 0.000000 1.000000
66296 0.000000 0.000000 0.000000 1.000000
66297 0.000000 0.000000 0.000000 1.000000
66298 0.000000 0.000000 0.000000 1.000000
71661 0.000000 0.000000 0.000000 1.000000
71684 0.000000 0.000000 0.000000 1.000000
71685 0.000000 0.000000 0.000000 1.000000
71686 0.000000 0.000000 0.000000 1.000000
71687 0.000000 0.000000 0.000000 1.000000
71689 0.000000 0.000000 0.000000 1.000000
71690 0.000000 0.000000 0.000000 1.000000
71691 0.000000 0.000000 0.000000 1.000000
71692 0.000000 0.000000 0.000000 1.000000
71699 0.000000 0.000000 0.000000 1.000000
71700 0.000000 0.000000 0.000000 1.000000
71701 0.000000 0.000000 0.000000 1.000000
71702 0.000000 0.000000 0.000000 1.000000
71704 0.000000 0.000000 0.000000 1.000000
71705 0.000000 0.000000 0.000000 1.000000
71706 0.000000 0.000000 0.000000 1.000000
71707 0.000000 0.000000 0.000000 1.000000
79271 0.000000 0.000000 0.000000 1.000000
79273 0.000000 0.000000 0.000000 1.000000
79275 0.000000 0.000000 0.000000 1.000000
79276 0.000000 0.000000 0.000000 1.000000
79277 0.000000 0.000000 0.000000 1.000000
79278 0.000000 0.000000 0.000000 1.000000
79279 0.000000 0.000000 0.000000 1.000000
79280 0.000000 0.000000 0.000000 1.000000
79281 0.000000 0.000000 0.000000 1.000000
79282 0.000000 0.000000 0.000000 1.000000
79283 0.000000 0.000000 0.000000 1.000000
79284 0.000000 0.000000 0.000000 1.000000
79285 0.000000 0.000000 0.000000 1.000000
79286 0.000000 0.000000 0.000000 1.000000
79287 0.000000 0.000000 0.000000 1.000000
79288 0.000000 0.000000 0.000000 1.000000
79289 0.000000 0.000000 0.000000 1.000000
79290 0.000000 0.000000 0.000000 1.000000
79291 0.000000 0.000000 0.000000 1.000000
79292 0.000000 0.000000 0.000000 1.000000
79293 0.000000 0.000000 0.000000 1.000000
79294 0.000000 0.000000 0.000000 1.000000
79295 0.000000 0.000000 0.000000 1.000000
79296 0.000000 0.000000 0.000000 1.000000
79297 0.000000 0.000000 0.000000 1.000000
79298 0.000000 0.000000 0.000000 1.000000
79300 0.000000 0.000000 0.000000 1.000000
79305 0.000000 0.000000 0.000000 1.000000
79306 0.000000 0.000000 0.000000 1.000000
79307 0.000000 0.000000 0.000000 1.000000
89256 0.000000 0.000000 0.000000 1.000000
89257 0.000000 0.000000 0.000000 1.000000
89258 0.000000 0.000000 0.000000 1.000000
89259 0.000000 0.000000 0.000000 1.000000
89262 0.000000 0.000000 0.000000 1.000000
89263 0.000000 0.000000 0.000000 1.000000
89264 0.000000 0.000000 0.000000 1.000000
89271 0.000000 0.000000 0.000000 1.000000
89272 0.000000 0.000000 0.000000 1.000000
92741 0.000000 0.000000 0.000000 1.000000
92742 0.000000 0.000000 0.000000 1.000000
92743 0.000000 0.000000 0.000000 1.000000
92744 0.000000 0.000000 0.000000 1.000000
92745 0.000000 0.000000 0.000000 1.000000
92746 0.000000 0.000000 0.000000 1.000000
92747 0.000000 0.000000 0.000000 1.000000
92748 0.000000 0.000000 0.000000 1.000000
92749 0.000000 0.000000 0.000000 1.000000
95342 0.000000 0.000000 0.000000 1.000000
95343 0.000000 0.000000 0.000000 1.000000
95344 0.000000 0.000000 0.000000 1.000000
95345 0.000000 0.000000 0.000000 1.000000
95346 0.000000 0.000000 0.000000 1.000000
95347 0.000000 0.000000 0.000000 1.000000
95348 0.000000 0.000000 0.000000 1.000000
95349 0.000000 0.000000 0.000000 1.000000
99662 0.000000 0.000000 0.000000 1.000000
99663 0.000000 0.000000 0.000000 1.000000
99664 0.000000 0.000000 0.000000 1.000000
99665 0.000000 0.000000 0.000000 1.000000
99666 0.000000 0.000000 0.000000 1.000000
99667 0.000000 0.000000 0.000000 1.000000
99668 0.000000 0.000000 0.000000 1.000000
99669 0.000000 0.000000 0.000000 1.000000
99670 0.000000 0.000000 0.000000 1.000000
99671 0.000000 0.000000 0.000000 1.000000
99672 0.000000 0.000000 0.000000 1.000000
99673 0.000000 0.000000 0.000000 1.000000
99674 0.000000 0.000000 0.000000 1.000000
99675 0.000000 0.000000 0.000000 1.000000
99676 0.000000 0.000000 0.000000 1.000000
99677 0.000000 0.000000 0.000000 1.000000
99678 0.000000 0.000000 0.000000 1.000000
99679 0.000000 0.000000 0.000000 1.000000
99680 0.000000 0.000000 0.000000 1.000000
99681 0.000000 0.000000 0.000000 1.000000
99682 0.000000 0.000000 0.000000 1.000000
99683 0.000000 0.000000 0.000000 1.000000
99684 0.000000 0.000000 0.000000 1.000000
99686 0.000000 0.000000 0.000000 1.000000
107469 0.000000 0.000000 0.000000 1.000000
107470 0.000000 0.000000 0.000000 1.000000
107471 0.000000 0.000000 0.000000 1.000000
107472 0.000000 0.000000 0.000000 1.000000
107473 0.000000 0.000000 0.000000 1.000000
107474 0.000000 0.000000 0.000000 1.000000
107475 0.000000 0.000000 0.000000 1.000000
107476 0.000000 0.000000 0.000000 1.000000
107477 0.000000 0.000000 0.000000 1.000000
107478 0.000000 0.000000 0.000000 1.000000
107479 0.000000 0.000000 0.000000 1.000000
107480 0.000000 0.000000 0.000000 1.000000
107481 0.000000 0.000000 0.000000 1.000000
107482 0.000000 0.000000 0.000000 1.000000
107483 0.000000 0.000000 0.000000 1.000000
113457 0.000000 0.000000 0.000000 1.000000
113458 0.000000 0.000000 0.000000 1.000000
113459 0.000000 0.000000 0.000000 1.000000
113460 0.000000 0.000000 0.000000 1.000000
116555 0.000000 0.000000 0.000000 1.000000
116556 0.000000 0.000000 0.000000 1.000000
116557 0.000000 0.000000 0.000000 1.000000
116558 0.000000 0.000000 0.000000 1.000000
116559 0.000000 0.000000 0.000000 1.000000
116560 0.000000 0.000000 0.000000 1.000000
116561 0.000000 0.000000 0.000000 1.000000
116562 0.000000 0.000000 0.000000 1.000000
116563 0.000000 0.000000 0.000000 1.000000
116564 0.000000 0.000000 0.000000 1.000000
116565 0.000000 0.000000 0.000000 1.000000
116566 0.000000 0.000000 0.000000 1.000000
116567 0.000000 0.000000 0.000000 1.000000
116568 0.000000 0.000000 0.000000 1.000000
116569 0.000000 0.000000 0.000000 1.000000
116570 0.000000 0.000000 0.000000 1.000000
116571 0.000000 0.000000 0.000000 1.000000
116572 0.000000 0.000000 0.000000 1.000000
116573 0.000000 0.000000 0.000000 1.000000
116574 0.000000 0.000000 0.000000 1.000000
116575 0.000000 0.000000 0.000000 1.000000
122625 0.000000 0.000000 0.000000 1.000000
122626 0.000000 0.000000 0.000000 1.000000
122627 0.000000 0.000000 0.000000 1.000000
122628 0.000000 0.000000 0.000000 1.000000
122629 0.000000 0.000000 0.000000 1.000000
122630 0.000000 0.000000 0.000000 1.000000
122631 0.000000 0.000000 0.000000 1.000000
122632 0.000000 0.000000 0.000000 1.000000
122633 0.000000 0.000000 0.000000 1.000000
122634 0.000000 0.000000 0.000000 1.000000
122635 0.000000 0.000000 0.000000 1.000000
122636 0.000000 0.000000 0.000000 1.000000
132317 0.000000 0.000000 0.000000 1.000000
132318 0.000000 0.000000 0.000000 1.000000
132319 0.000000 0.000000 0.000000 1.000000
132320 0.000000 0.000000 0.000000 1.000000
132321 0.000000 0.000000 0.000000 1.000000
132322 0.000000 0.000000 0.000000 1.000000
132323 0.000000 0.000000 0.000000 1.000000
132324 0.000000 0.000000 0.000000 1.000000
132325 0.000000 0.000000 0.000000 1.000000
132326 0.000000 0.000000 0.000000 1.000000
132327 0.000000 0.000000 0.000000 1.000000
132328 0.000000 0.000000 0.000000 1.000000
132329 0.000000 0.000000 0.000000 1.000000
132330 0.000000 0.000000 0.000000 1.000000
132331 0.000000 0.000000 0.000000 1.000000
132332 0.000000 0.000000 0.000000 1.000000
132333 0.000000 0.000000 0.000000 1.000000
132334 0.000000 0.000000 0.000000 1.000000
132335 0.000000 0.000000 0.000000 1.000000
132336 0.000000 0.000000 0.000000 1.000000
132337 0.000000 0.000000 0.000000 1.000000
132338 0.000000 0.000000 0.000000 1.000000
132339 0.000000 0.000000 0.000000 1.000000
132340 0.000000 0.000000 0.000000 1.000000
132341 0.000000 0.000000 0.000000 1.000000
132342 0.000000 0.000000 0.000000 1.000000
132343 0.000000 0.000000 0.000000 1.000000
132344 0.000000 0.000000 0.000000 1.000000
132345 0.000000 0.000000 0.000000 1.000000
132346 0.000000 0.000000 0.000000 1.000000
132347 0.000000 0.000000 0.000000 1.000000
132348 0.000000 0.000000 0.000000 1.000000
132349 0.000000 0.000000 0.000000 1.000000
132350 0.000000 0.000000 0.000000 1.000000
132351 0.000000 0.000000 0.000000 1.000000
132356 0.000000 0.000000 0.000000 1.000000
132357 0.000000 0.000000 0.000000 1.000000
132358 0.000000 0.000000 0.000000 1.000000
132359 0.000000 0.000000 0.000000 1.000000
132360 0.000000 0.000000 0.000000 1.000000
132361 0.000000 0.000000 0.000000 1.000000
132362 0.000000 0.000000 0.000000 1.000000
139102 0.000000 0.000000 0.000000 1.000000
139105 0.000000 0.000000 0.000000 1.000000
139106 0.000000 0.000000 0.000000 1.000000
139107 0.000000 0.000000 0.000000 1.000000
139108 0.000000 0.000000 0.000000 1.000000
139133 0.000000 0.000000 0.000000 1.000000
139134 0.000000 0.000000 0.000000 1.000000
139135 0.000000 0.000000 0.000000 1.000000
139136 0.000000 0.000000 0.000000 1.000000
139137 0.000000 0.000000 0.000000 1.000000
139138 0.000000 0.000000 0.000000 1.000000
139139 0.000000 0.000000 0.000000 1.000000
139140 0.000000 0.000000 0.000000 1.000000
139141 0.000000 0.000000 0.000000 1.000000
139142 0.000000 0.000000 0.000000 1.000000
139143 0.000000 0.000000 0.000000 1.000000
139144 0.000000 0.000000 0.000000 1.000000
139151 0.000000 0.000000 0.000000 1.000000
139152 0.000000 0.000000 0.000000 1.000000
139153 0.000000 0.000000 0.000000 1.000000
139154 0.000000 0.000000 0.000000 1.000000
139155 0.000000 0.000000 0.000000 1.000000
139156 0.000000 0.000000 0.000000 1.000000
139157 0.000000 0.000000 0.000000 1.000000
139158 0.000000 0.000000 0.000000 1.000000
139159 0.000000 0.000000 0.000000 1.000000
139160 0.000000 0.000000 0.000000 1.000000
139161 0.000000 0.000000 0.000000 1.000000
139162 0.000000 0.000000 0.000000 1.000000
148364 0.000000 0.000000 0.000000 1.000000
148365 0.000000 0.000000 0.000000 1.000000
148366 0.000000 0.000000 0.000000 1.000000
148367 0.000000 0.000000 0.000000 1.000000
148368 0.000000 0.000000 0.000000 1.000000
148369 0.000000 0.000000 0.000000 1.000000
148370 0.000000 0.000000 0.000000 1.000000
148371 0.000000 0.000000 0.000000 1.000000
148375 0.000000 0.000000 0.000000 1.000000
148376 0.000000 0.000000 0.000000 1.000000
148377 0.000000 0.000000 0.000000 1.000000
148378 0.000000 0.000000 0.000000 1.000000
148379 0.000000 0.000000 0.000000 1.000000
148380 0.000000 0.000000 0.000000 1.000000
148381 0.000000 0.000000 0.000000 1.000000
148382 0.000000 0.000000 0.000000 1.000000
148383 0.000000 0.000000 0.000000 1.000000
148384 0.000000 0.000000 0.000000 1.000000
148385 0.000000 0.000000 0.000000 1.000000
148386 0.000000 0.000000 0.000000 1.000000
148387 0.000000 0.000000 0.000000 1.000000
148388 0.000000 0.000000 0.000000 1.000000
148389 0.000000 0.000000 0.000000 1.000000
148390 0.000000 0.000000 0.000000 1.000000
148391 0.000000 0.000000 0.000000 1.000000
148392 0.000000 0.000000 0.000000 1.000000
148397 0.000000 0.000000 0.000000 1.000000
148398 0.000000 0.000000 0.000000 1.000000
148399 0.000000 0.000000 0.000000 1.000000
148400 0.000000 0.000000 0.000000 1.000000
148401 0.000000 0.000000 0.000000 1.000000
148402 0.000000 0.000000 0.000000 1.000000
148405 0.000000 0.000000 0.000000 1.000000
148406 0.000000 0.000000 0.000000 1.000000
148407 0.000000 0.000000 0.000000 1.000000
160275 0.000000 0.000000 0.000000 1.000000
160276 0.000000 0.000000 0.000000 1.000000
160277 0.000000 0.000000 0.000000 1.000000
160357 0.000000 0.000000 0.000000 1.000000
160358 0.000000 0.000000 0.000000 1.000000
160359 0.000000 0.000000 0.000000 1.000000
160360 0.000000 0.000000 0.000000 1.000000
160361 0.000000 0.000000 0.000000 1.000000
160362 0.000000 0.000000 0.000000 1.000000
160363 0.000000 0.000000 0.000000 1.000000
160364 0.000000 0.000000 0.000000 1.000000
160365 0.000000 0.000000 0.000000 1.000000
160366 0.000000 0.000000 0.000000 1.000000
160367 0.000000 0.000000 0.000000 1.000000
160374 0.000000 0.000000 0.000000 1.000000
160375 0.000000 0.000000 0.000000 1.000000
160376 0.000000 0.000000 0.000000 1.000000
