#
864
330 0.000000 0.000000 0.000000 1.000000
531 0.000000 0.000000 0.000000 1.000000
533 0.000000 0.000000 0.000000 1.000000
1169 0.000000 0.000000 0.000000 1.000000
1170 0.000000 0.000000 0.000000 1.000000
1213 0.000000 0.000000 0.000000 1.000000
2237 0.000000 0.000000 0.000000 1.000000
2238 0.000000 0.000000 0.000000 1.000000
2239 0.000000 0.000000 0.000000 1.000000
2242 0.000000 0.000000 0.000000 1.000000
2287 0.000000 0.000000 0.000000 1.000000
2288 0.000000 0.000000 0.000000 1.000000
3090 0.000000 0.000000 0.000000 1.000000
3870 0.000000 0.000000 0.000000 1.000000
3872 0.000000 0.000000 0.000000 1.000000
4949 0.000000 0.000000 0.000000 1.000000
4950 0.000000 0.000000 0.000000 1.000000
4951 0.000000 0.000000 0.000000 1.000000
4952 0.000000 0.000000 0.000000 1.000000
4953 0.000000 0.000000 0.000000 1.000000
4954 0.000000 0.000000 0.000000 1.000000
4955 0.000000 0.000000 0.000000 1.000000
4956 0.000000 0.000000 0.000000 1.000000
4963 0.000000 0.000000 0.000000 1.000000
4965 0.000000 0.000000 0.000000 1.000000
5078 0.000000 0.000000 0.000000 1.000000
5079 0.000000 0.000000 0.000000 1.000000
5080 0.000000 0.000000 0.000000 1.000000
5081 0.000000 0.000000 0.000000 1.000000
5082 0.000000 0.000000 0.000000 1.000000
5083 0.000000 0.000000 0.000000 1.000000
5151 0.000000 0.000000 0.000000 1.000000
6713 0.000000 0.000000 0.000000 1.000000
6714 0.000000 0.000000 0.000000 1.000000
6715 0.000000 0.000000 0.000000 1.000000
6716 0.000000 0.000000 0.000000 1.000000
6717 0.000000 0.000000 0.000000 1.000000
6791 0.000000 0.000000 0.000000 1.000000
6793 0.000000 0.000000 0.000000 1.000000
9272 0.000000 0.000000 0.000000 1.000000
9273 0.000000 0.000000 0.000000 1.000000
9275 0.000000 0.000000 0.000000 1.000000
9276 0.000000 0.000000 0.000000 1.000000
9283 0.000000 0.000000 0.000000 1.000000
9284 0.000000 0.000000 0.000000 1.000000
9285 0.000000 0.000000 0.000000 1.000000
9287 0.000000 0.000000 0.000000 1.000000
9288 0.000000 0.000000 0.000000 1.000000
9289 0.000000 0.000000 0.000000 1.000000
9423 0.000000 0.000000 0.000000 1.000000
9424 0.000000 0.000000 0.000000 1.000000
9425 0.000000 0.000000 0.000000 1.000000
9426 0.000000 0.000000 0.000000 1.000000
9427 0.000000 0.000000 0.000000 1.000000
11550 0.000000 0.000000 0.000000 1.000000
11551 0.000000 0.000000 0.000000 1.000000
11552 0.000000 0.000000 0.000000 1.000000
12629 0.000000 0.000000 0.000000 1.000000
12630 0.000000 0.000000 0.000000 1.000000
12631 0.000000 0.000000 0.000000 1.000000
12632 0.000000 0.000000 0.000000 1.000000
12633 0.000000 0.000000 0.000000 1.000000
12634 0.000000 0.000000 0.000000 1.000000
12635 0.000000 0.000000 0.000000 1.000000
12636 0.000000 0.000000 0.000000 1.000000
12759 0.000000 0.000000 0.000000 1.000000
12760 0.000000 0.000000 0.000000 1.000000
12761 0.000000 0.000000 0.000000 1.000000
12762 0.000000 0.000000 0.000000 1.000000
12763 0.000000 0.000000 0.000000 1.000000
12831 0.000000 0.000000 0.000000 1.000000
15029 0.000000 0.000000 0.000000 1.000000
15030 0.000000 0.000000 0.000000 1.000000
15031 0.000000 0.000000 0.000000 1.000000
15033 0.000000 0.000000 0.000000 1.000000
15034 0.000000 0.000000 0.000000 1.000000
15035 0.000000 0.000000 0.000000 1.000000
15036 0.000000 0.000000 0.000000 1.000000
15158 0.000000 0.000000 0.000000 1.000000
15160 0.000000 0.000000 0.000000 1.000000
15161 0.000000 0.000000 0.000000 1.000000
15162 0.000000 0.000000 0.000000 1.000000
15163 0.000000 0.000000 0.000000 1.000000
17379 0.000000 0.000000 0.000000 1.000000
17380 0.000000 0.000000 0.000000 1.000000
20617 0.000000 0.000000 0.000000 1.000000
20618 0.000000 0.000000 0.000000 1.000000
20619 0.000000 0.000000 0.000000 1.000000
20620 0.000000 0.000000 0.000000 1.000000
20621 0.000000 0.000000 0.000000 1.000000
20622 0.000000 0.000000 0.000000 1.000000
20623 0.000000 0.000000 0.000000 1.000000
20624 0.000000 0.000000 0.000000 1.000000
20625 0.000000 0.000000 0.000000 1.000000
20626 0.000000 0.000000 0.000000 1.000000
20627 0.000000 0.000000 0.000000 1.000000
20628 0.000000 0.000000 0.000000 1.000000
20629 0.000000 0.000000 0.000000 1.000000
20630 0.000000 0.000000 0.000000 1.000000
20631 0.000000 0.000000 0.000000 1.000000
20648 0.000000 0.000000 0.000000 1.000000
20649 0.000000 0.000000 0.000000 1.000000
20650 0.000000 0.000000 0.000000 1.000000
20651 0.000000 0.000000 0.000000 1.000000
20652 0.000000 0.000000 0.000000 1.000000
20653 0.000000 0.000000 0.000000 1.000000
20654 0.000000 0.000000 0.000000 1.000000
20656 0.000000 0.000000 0.000000 1.000000
20657 0.000000 0.000000 0.000000 1.000000
20658 0.000000 0.000000 0.000000 1.000000
20659 0.000000 0.000000 0.000000 1.000000
20660 0.000000 0.000000 0.000000 1.000000
20995 0.000000 0.000000 0.000000 1.000000
20999 0.000000 0.000000 0.000000 1.000000
21000 0.000000 0.000000 0.000000 1.000000
21001 0.000000 0.000000 0.000000 1.000000
21002 0.000000 0.000000 0.000000 1.000000
21003 0.000000 0.000000 0.000000 1.000000
21004 0.000000 0.000000 0.000000 1.000000
21005 0.000000 0.000000 0.000000 1.000000
21006 0.000000 0.000000 0.000000 1.000000
21007 0.000000 0.000000 0.000000 1.000000
21008 0.000000 0.000000 0.000000 1.000000
21009 0.000000 0.000000 0.000000 1.000000
21010 0.000000 0.000000 0.000000 1.000000
23993 0.000000 0.000000 0.000000 1.000000
23994 0.000000 0.000000 0.000000 1.000000
25398 0.000000 0.000000 0.000000 1.000000
25400 0.000000 0.000000 0.000000 1.000000
25401 0.000000 0.000000 0.000000 1.000000
27341 0.000000 0.000000 0.000000 1.000000
27343 0.000000 0.000000 0.000000 1.000000
27344 0.000000 0.000000 0.000000 1.000000
27345 0.000000 0.000000 0.000000 1.000000
27346 0.000000 0.000000 0.000000 1.000000
27347 0.000000 0.000000 0.000000 1.000000
27348 0.000000 0.000000 0.000000 1.000000
27349 0.000000 0.000000 0.000000 1.000000
27350 0.000000 0.000000 0.000000 1.000000
27351 0.000000 0.000000 0.000000 1.000000
27352 0.000000 0.000000 0.000000 1.000000
27353 0.000000 0.000000 0.000000 1.000000
27354 0.000000 0.000000 0.000000 1.000000
27365 0.000000 0.000000 0.000000 1.000000
27366 0.000000 0.000000 0.000000 1.000000
27367 0.000000 0.000000 0.000000 1.000000
27368 0.000000 0.000000 0.000000 1.000000
27369 0.000000 0.000000 0.000000 1.000000
27370 0.000000 0.000000 0.000000 1.000000
27574 0.000000 0.000000 0.000000 1.000000
27575 0.000000 0.000000 0.000000 1.000000
27576 0.000000 0.000000 0.000000 1.000000
27577 0.000000 0.000000 0.000000 1.000000
27578 0.000000 0.000000 0.000000 1.000000
27579 0.000000 0.000000 0.000000 1.000000
27580 0.000000 0.000000 0.000000 1.000000
27581 0.000000 0.000000 0.000000 1.000000
27582 0.000000 0.000000 0.000000 1.000000
27583 0.000000 0.000000 0.000000 1.000000
31025 0.000000 0.000000 0.000000 1.000000
31026 0.000000 0.000000 0.000000 1.000000
31027 0.000000 0.000000 0.000000 1.000000
31028 0.000000 0.000000 0.000000 1.000000
31029 0.000000 0.000000 0.000000 1.000000
31030 0.000000 0.000000 0.000000 1.000000
31031 0.000000 0.000000 0.000000 1.000000
31032 0.000000 0.000000 0.000000 1.000000
31033 0.000000 0.000000 0.000000 1.000000
31034 0.000000 0.000000 0.000000 1.000000
31035 0.000000 0.000000 0.000000 1.000000
31205 0.000000 0.000000 0.000000 1.000000
31206 0.000000 0.000000 0.000000 1.000000
31207 0.000000 0.000000 0.000000 1.000000
31208 0.000000 0.000000 0.000000 1.000000
31210 0.000000 0.000000 0.000000 1.000000
31211 0.000000 0.000000 0.000000 1.000000
31212 0.000000 0.000000 0.000000 1.000000
31213 0.000000 0.000000 0.000000 1.000000
34109 0.000000 0.000000 0.000000 1.000000
34110 0.000000 0.000000 0.000000 1.000000
38054 0.000000 0.000000 0.000000 1.000000
38055 0.000000 0.000000 0.000000 1.000000
38056 0.000000 0.000000 0.000000 1.000000
38057 0.000000 0.000000 0.000000 1.000000
38058 0.000000 0.000000 0.000000 1.000000
38059 0.000000 0.000000 0.000000 1.000000
38060 0.000000 0.000000 0.000000 1.000000
38066 0.000000 0.000000 0.000000 1.000000
38067 0.000000 0.000000 0.000000 1.000000
38079 0.000000 0.000000 0.000000 1.000000
38089 0.000000 0.000000 0.000000 1.000000
38090 0.000000 0.000000 0.000000 1.000000
38091 0.000000 0.000000 0.000000 1.000000
38092 0.000000 0.000000 0.000000 1.000000
38093 0.000000 0.000000 0.000000 1.000000
38094 0.000000 0.000000 0.000000 1.000000
38095 0.000000 0.000000 0.000000 1.000000
38096 0.000000 0.000000 0.000000 1.000000
38101 0.000000 0.000000 0.000000 1.000000
38102 0.000000 0.000000 0.000000 1.000000
38103 0.000000 0.000000 0.000000 1.000000
38104 0.000000 0.000000 0.000000 1.000000
38105 0.000000 0.000000 0.000000 1.000000
38106 0.000000 0.000000 0.000000 1.000000
38107 0.000000 0.000000 0.000000 1.000000
38512 0.000000 0.000000 0.000000 1.000000
38513 0.000000 0.000000 0.000000 1.000000
38514 0.000000 0.000000 0.000000 1.000000
38515 0.000000 0.000000 0.000000 1.000000
38516 0.000000 0.000000 0.000000 1.000000
38517 0.000000 0.000000 0.000000 1.000000
38518 0.000000 0.000000 0.000000 1.000000
38519 0.000000 0.000000 0.000000 1.000000
38520 0.000000 0.000000 0.000000 1.000000
38521 0.000000 0.000000 0.000000 1.000000
38522 0.000000 0.000000 0.000000 1.000000
38523 0.000000 0.000000 0.000000 1.000000
38524 0.000000 0.000000 0.000000 1.000000
42270 0.000000 0.000000 0.000000 1.000000
42271 0.000000 0.000000 0.000000 1.000000
42272 0.000000 0.000000 0.000000 1.000000
43349 0.000000 0.000000 0.000000 1.000000
43350 0.000000 0.000000 0.000000 1.000000
43351 0.000000 0.000000 0.000000 1.000000
43352 0.000000 0.000000 0.000000 1.000000
43353 0.000000 0.000000 0.000000 1.000000
43354 0.000000 0.000000 0.000000 1.000000
43355 0.000000 0.000000 0.000000 1.000000
43356 0.000000 0.000000 0.000000 1.000000
43480 0.000000 0.000000 0.000000 1.000000
43481 0.000000 0.000000 0.000000 1.000000
43482 0.000000 0.000000 0.000000 1.000000
43483 0.000000 0.000000 0.000000 1.000000
45749 0.000000 0.000000 0.000000 1.000000
45750 0.000000 0.000000 0.000000 1.000000
45751 0.000000 0.000000 0.000000 1.000000
45753 0.000000 0.000000 0.000000 1.000000
45755 0.000000 0.000000 0.000000 1.000000
45756 0.000000 0.000000 0.000000 1.000000
45880 0.000000 0.000000 0.000000 1.000000
45881 0.000000 0.000000 0.000000 1.000000
45882 0.000000 0.000000 0.000000 1.000000
45883 0.000000 0.000000 0.000000 1.000000
51332 0.000000 0.000000 0.000000 1.000000
51337 0.000000 0.000000 0.000000 1.000000
51338 0.000000 0.000000 0.000000 1.000000
51339 0.000000 0.000000 0.000000 1.000000
51340 0.000000 0.000000 0.000000 1.000000
51341 0.000000 0.000000 0.000000 1.000000
51342 0.000000 0.000000 0.000000 1.000000
51343 0.000000 0.000000 0.000000 1.000000
51344 0.000000 0.000000 0.000000 1.000000
51345 0.000000 0.000000 0.000000 1.000000
51346 0.000000 0.000000 0.000000 1.000000
51347 0.000000 0.000000 0.000000 1.000000
51348 0.000000 0.000000 0.000000 1.000000
51349 0.000000 0.000000 0.000000 1.000000
51350 0.000000 0.000000 0.000000 1.000000
51351 0.000000 0.000000 0.000000 1.000000
51370 0.000000 0.000000 0.000000 1.000000
51371 0.000000 0.000000 0.000000 1.000000
51372 0.000000 0.000000 0.000000 1.000000
51373 0.000000 0.000000 0.000000 1.000000
51374 0.000000 0.000000 0.000000 1.000000
51375 0.000000 0.000000 0.000000 1.000000
51376 0.000000 0.000000 0.000000 1.000000
51378 0.000000 0.000000 0.000000 1.000000
51379 0.000000 0.000000 0.000000 1.000000
51380 0.000000 0.000000 0.000000 1.000000
51381 0.000000 0.000000 0.000000 1.000000
51715 0.000000 0.000000 0.000000 1.000000
51717 0.000000 0.000000 0.000000 1.000000
51718 0.000000 0.000000 0.000000 1.000000
51719 0.000000 0.000000 0.000000 1.000000
51720 0.000000 0.000000 0.000000 1.000000
51721 0.000000 0.000000 0.000000 1.000000
51722 0.000000 0.000000 0.000000 1.000000
51723 0.000000 0.000000 0.000000 1.000000
51724 0.000000 0.000000 0.000000 1.000000
51725 0.000000 0.000000 0.000000 1.000000
51726 0.000000 0.000000 0.000000 1.000000
51727 0.000000 0.000000 0.000000 1.000000
51728 0.000000 0.000000 0.000000 1.000000
51729 0.000000 0.000000 0.000000 1.000000
51730 0.000000 0.000000 0.000000 1.000000
55350 0.000000 0.000000 0.000000 1.000000
57690 0.000000 0.000000 0.000000 1.000000
57691 0.000000 0.000000 0.000000 1.000000
57692 0.000000 0.000000 0.000000 1.000000
57693 0.000000 0.000000 0.000000 1.000000
57694 0.000000 0.000000 0.000000 1.000000
57695 0.000000 0.000000 0.000000 1.000000
57697 0.000000 0.000000 0.000000 1.000000
60929 0.000000 0.000000 0.000000 1.000000
60930 0.000000 0.000000 0.000000 1.000000
60931 0.000000 0.000000 0.000000 1.000000
60932 0.000000 0.000000 0.000000 1.000000
60933 0.000000 0.000000 0.000000 1.000000
60934 0.000000 0.000000 0.000000 1.000000
60935 0.000000 0.000000 0.000000 1.000000
60936 0.000000 0.000000 0.000000 1.000000
60937 0.000000 0.000000 0.000000 1.000000
60938 0.000000 0.000000 0.000000 1.000000
60939 0.000000 0.000000 0.000000 1.000000
60940 0.000000 0.000000 0.000000 1.000000
60941 0.000000 0.000000 0.000000 1.000000
60942 0.000000 0.000000 0.000000 1.000000
60943 0.000000 0.000000 0.000000 1.000000
60944 0.000000 0.000000 0.000000 1.000000
60945 0.000000 0.000000 0.000000 1.000000
60946 0.000000 0.000000 0.000000 1.000000
60947 0.000000 0.000000 0.000000 1.000000
60948 0.000000 0.000000 0.000000 1.000000
60949 0.000000 0.000000 0.000000 1.000000
60950 0.000000 0.000000 0.000000 1.000000
60951 0.000000 0.000000 0.000000 1.000000
60968 0.000000 0.000000 0.000000 1.000000
60972 0.000000 0.000000 0.000000 1.000000
60973 0.000000 0.000000 0.000000 1.000000
60974 0.000000 0.000000 0.000000 1.000000
60975 0.000000 0.000000 0.000000 1.000000
61315 0.000000 0.000000 0.000000 1.000000
61316 0.000000 0.000000 0.000000 1.000000
61317 0.000000 0.000000 0.000000 1.000000
61318 0.000000 0.000000 0.000000 1.000000
61319 0.000000 0.000000 0.000000 1.000000
61320 0.000000 0.000000 0.000000 1.000000
61321 0.000000 0.000000 0.000000 1.000000
61322 0.000000 0.000000 0.000000 1.000000
61323 0.000000 0.000000 0.000000 1.000000
61324 0.000000 0.000000 0.000000 1.000000
61325 0.000000 0.000000 0.000000 1.000000
61326 0.000000 0.000000 0.000000 1.000000
61327 0.000000 0.000000 0.000000 1.000000
61328 0.000000 0.000000 0.000000 1.000000
61329 0.000000 0.000000 0.000000 1.000000
61330 0.000000 0.000000 0.000000 1.000000
61331 0.000000 0.000000 0.000000 1.000000
61332 0.000000 0.000000 0.000000 1.000000
61333 0.000000 0.000000 0.000000 1.000000
61534 0.000000 0.000000 0.000000 1.000000
61536 0.000000 0.000000 0.000000 1.000000
68129 0.000000 0.000000 0.000000 1.000000
68130 0.000000 0.000000 0.000000 1.000000
68131 0.000000 0.000000 0.000000 1.000000
68132 0.000000 0.000000 0.000000 1.000000
68133 0.000000 0.000000 0.000000 1.000000
68134 0.000000 0.000000 0.000000 1.000000
68135 0.000000 0.000000 0.000000 1.000000
68136 0.000000 0.000000 0.000000 1.000000
68137 0.000000 0.000000 0.000000 1.000000
68138 0.000000 0.000000 0.000000 1.000000
68139 0.000000 0.000000 0.000000 1.000000
68140 0.000000 0.000000 0.000000 1.000000
68141 0.000000 0.000000 0.000000 1.000000
68142 0.000000 0.000000 0.000000 1.000000
68143 0.000000 0.000000 0.000000 1.000000
68144 0.000000 0.000000 0.000000 1.000000
68145 0.000000 0.000000 0.000000 1.000000
68146 0.000000 0.000000 0.000000 1.000000
68147 0.000000 0.000000 0.000000 1.000000
68148 0.000000 0.000000 0.000000 1.000000
68149 0.000000 0.000000 0.000000 1.000000
68150 0.000000 0.000000 0.000000 1.000000
68151 0.000000 0.000000 0.000000 1.000000
68516 0.000000 0.000000 0.000000 1.000000
68517 0.000000 0.000000 0.000000 1.000000
68518 0.000000 0.000000 0.000000 1.000000
68519 0.000000 0.000000 0.000000 1.000000
68523 0.000000 0.000000 0.000000 1.000000
68524 0.000000 0.000000 0.000000 1.000000
68525 0.000000 0.000000 0.000000 1.000000
68526 0.000000 0.000000 0.000000 1.000000
68527 0.000000 0.000000 0.000000 1.000000
68528 0.000000 0.000000 0.000000 1.000000
68529 0.000000 0.000000 0.000000 1.000000
68530 0.000000 0.000000 0.000000 1.000000
68531 0.000000 0.000000 0.000000 1.000000
68532 0.000000 0.000000 0.000000 1.000000
68533 0.000000 0.000000 0.000000 1.000000
75174 0.000000 0.000000 0.000000 1.000000
75176 0.000000 0.000000 0.000000 1.000000
75177 0.000000 0.000000 0.000000 1.000000
75178 0.000000 0.000000 0.000000 1.000000
84877 0.000000 0.000000 0.000000 1.000000
84892 0.000000 0.000000 0.000000 1.000000
84893 0.000000 0.000000 0.000000 1.000000
84894 0.000000 0.000000 0.000000 1.000000
84895 0.000000 0.000000 0.000000 1.000000
84896 0.000000 0.000000 0.000000 1.000000
84897 0.000000 0.000000 0.000000 1.000000
84898 0.000000 0.000000 0.000000 1.000000
84899 0.000000 0.000000 0.000000 1.000000
84900 0.000000 0.000000 0.000000 1.000000
84901 0.000000 0.000000 0.000000 1.000000
84902 0.000000 0.000000 0.000000 1.000000
84903 0.000000 0.000000 0.000000 1.000000
84904 0.000000 0.000000 0.000000 1.000000
84905 0.000000 0.000000 0.000000 1.000000
84906 0.000000 0.000000 0.000000 1.000000
84907 0.000000 0.000000 0.000000 1.000000
84908 0.000000 0.000000 0.000000 1.000000
84909 0.000000 0.000000 0.000000 1.000000
84910 0.000000 0.000000 0.000000 1.000000
84917 0.000000 0.000000 0.000000 1.000000
84922 0.000000 0.000000 0.000000 1.000000
84923 0.000000 0.000000 0.000000 1.000000
84924 0.000000 0.000000 0.000000 1.000000
84925 0.000000 0.000000 0.000000 1.000000
84926 0.000000 0.000000 0.000000 1.000000
84927 0.000000 0.000000 0.000000 1.000000
84932 0.000000 0.000000 0.000000 1.000000
84958 0.000000 0.000000 0.000000 1.000000
84978 0.000000 0.000000 0.000000 1.000000
84980 0.000000 0.000000 0.000000 1.000000
84981 0.000000 0.000000 0.000000 1.000000
84982 0.000000 0.000000 0.000000 1.000000
84983 0.000000 0.000000 0.000000 1.000000
84984 0.000000 0.000000 0.000000 1.000000
84985 0.000000 0.000000 0.000000 1.000000
84986 0.000000 0.000000 0.000000 1.000000
84987 0.000000 0.000000 0.000000 1.000000
84988 0.000000 0.000000 0.000000 1.000000
84989 0.000000 0.000000 0.000000 1.000000
84990 0.000000 0.000000 0.000000 1.000000
84991 0.000000 0.000000 0.000000 1.000000
84992 0.000000 0.000000 0.000000 1.000000
84993 0.000000 0.000000 0.000000 1.000000
84994 0.000000 0.000000 0.000000 1.000000
84995 0.000000 0.000000 0.000000 1.000000
84996 0.000000 0.000000 0.000000 1.000000
84997 0.000000 0.000000 0.000000 1.000000
84998 0.000000 0.000000 0.000000 1.000000
84999 0.000000 0.000000 0.000000 1.000000
85000 0.000000 0.000000 0.000000 1.000000
85001 0.000000 0.000000 0.000000 1.000000
85007 0.000000 0.000000 0.000000 1.000000
85011 0.000000 0.000000 0.000000 1.000000
85012 0.000000 0.000000 0.000000 1.000000
85013 0.000000 0.000000 0.000000 1.000000
85014 0.000000 0.000000 0.000000 1.000000
85015 0.000000 0.000000 0.000000 1.000000
85016 0.000000 0.000000 0.000000 1.000000
85017 0.000000 0.000000 0.000000 1.000000
85018 0.000000 0.000000 0.000000 1.000000
85019 0.000000 0.000000 0.000000 1.000000
85020 0.000000 0.000000 0.000000 1.000000
85021 0.000000 0.000000 0.000000 1.000000
85022 0.000000 0.000000 0.000000 1.000000
85023 0.000000 0.000000 0.000000 1.000000
85024 0.000000 0.000000 0.000000 1.000000
85025 0.000000 0.000000 0.000000 1.000000
85026 0.000000 0.000000 0.000000 1.000000
86035 0.000000 0.000000 0.000000 1.000000
86037 0.000000 0.000000 0.000000 1.000000
86039 0.000000 0.000000 0.000000 1.000000
86040 0.000000 0.000000 0.000000 1.000000
86041 0.000000 0.000000 0.000000 1.000000
86042 0.000000 0.000000 0.000000 1.000000
86043 0.000000 0.000000 0.000000 1.000000
86044 0.000000 0.000000 0.000000 1.000000
86045 0.000000 0.000000 0.000000 1.000000
86046 0.000000 0.000000 0.000000 1.000000
86047 0.000000 0.000000 0.000000 1.000000
86048 0.000000 0.000000 0.000000 1.000000
86049 0.000000 0.000000 0.000000 1.000000
86050 0.000000 0.000000 0.000000 1.000000
86051 0.000000 0.000000 0.000000 1.000000
86052 0.000000 0.000000 0.000000 1.000000
86053 0.000000 0.000000 0.000000 1.000000
86054 0.000000 0.000000 0.000000 1.000000
86055 0.000000 0.000000 0.000000 1.000000
86056 0.000000 0.000000 0.000000 1.000000
86057 0.000000 0.000000 0.000000 1.000000
86058 0.000000 0.000000 0.000000 1.000000
86059 0.000000 0.000000 0.000000 1.000000
86060 0.000000 0.000000 0.000000 1.000000
86061 0.000000 0.000000 0.000000 1.000000
86062 0.000000 0.000000 0.000000 1.000000
86063 0.000000 0.000000 0.000000 1.000000
86064 0.000000 0.000000 0.000000 1.000000
86065 0.000000 0.000000 0.000000 1.000000
86066 0.000000 0.000000 0.000000 1.000000
86067 0.000000 0.000000 0.000000 1.000000
86068 0.000000 0.000000 0.000000 1.000000
86069 0.000000 0.000000 0.000000 1.000000
86070 0.000000 0.000000 0.000000 1.000000
86071 0.000000 0.000000 0.000000 1.000000
86072 0.000000 0.000000 0.000000 1.000000
94518 0.000000 0.000000 0.000000 1.000000
94519 0.000000 0.000000 0.000000 1.000000
94520 0.000000 0.000000 0.000000 1.000000
94521 0.000000 0.000000 0.000000 1.000000
94522 0.000000 0.000000 0.000000 1.000000
96461 0.000000 0.000000 0.000000 1.000000
96462 0.000000 0.000000 0.000000 1.000000
96463 0.000000 0.000000 0.000000 1.000000
96464 0.000000 0.000000 0.000000 1.000000
96465 0.000000 0.000000 0.000000 1.000000
96466 0.000000 0.000000 0.000000 1.000000
96467 0.000000 0.000000 0.000000 1.000000
96468 0.000000 0.000000 0.000000 1.000000
96469 0.000000 0.000000 0.000000 1.000000
96470 0.000000 0.000000 0.000000 1.000000
96471 0.000000 0.000000 0.000000 1.000000
96472 0.000000 0.000000 0.000000 1.000000
96473 0.000000 0.000000 0.000000 1.000000
96474 0.000000 0.000000 0.000000 1.000000
96694 0.000000 0.000000 0.000000 1.000000
96695 0.000000 0.000000 0.000000 1.000000
96696 0.000000 0.000000 0.000000 1.000000
96697 0.000000 0.000000 0.000000 1.000000
96698 0.000000 0.000000 0.000000 1.000000
96699 0.000000 0.000000 0.000000 1.000000
96700 0.000000 0.000000 0.000000 1.000000
96701 0.000000 0.000000 0.000000 1.000000
96702 0.000000 0.000000 0.000000 1.000000
96703 0.000000 0.000000 0.000000 1.000000
96824 0.000000 0.000000 0.000000 1.000000
96825 0.000000 0.000000 0.000000 1.000000
100781 0.000000 0.000000 0.000000 1.000000
100782 0.000000 0.000000 0.000000 1.000000
100783 0.000000 0.000000 0.000000 1.000000
100784 0.000000 0.000000 0.000000 1.000000
100785 0.000000 0.000000 0.000000 1.000000
100787 0.000000 0.000000 0.000000 1.000000
100788 0.000000 0.000000 0.000000 1.000000
100789 0.000000 0.000000 0.000000 1.000000
100790 0.000000 0.000000 0.000000 1.000000
100791 0.000000 0.000000 0.000000 1.000000
100792 0.000000 0.000000 0.000000 1.000000
100793 0.000000 0.000000 0.000000 1.000000
100794 0.000000 0.000000 0.000000 1.000000
101016 0.000000 0.000000 0.000000 1.000000
101017 0.000000 0.000000 0.000000 1.000000
101018 0.000000 0.000000 0.000000 1.000000
101019 0.000000 0.000000 0.000000 1.000000
101020 0.000000 0.000000 0.000000 1.000000
101021 0.000000 0.000000 0.000000 1.000000
101022 0.000000 0.000000 0.000000 1.000000
101023 0.000000 0.000000 0.000000 1.000000
105009 0.000000 0.000000 0.000000 1.000000
105010 0.000000 0.000000 0.000000 1.000000
105011 0.000000 0.000000 0.000000 1.000000
105012 0.000000 0.000000 0.000000 1.000000
110830 0.000000 0.000000 0.000000 1.000000
110839 0.000000 0.000000 0.000000 1.000000
110840 0.000000 0.000000 0.000000 1.000000
110841 0.000000 0.000000 0.000000 1.000000
110842 0.000000 0.000000 0.000000 1.000000
110843 0.000000 0.000000 0.000000 1.000000
110844 0.000000 0.000000 0.000000 1.000000
110845 0.000000 0.000000 0.000000 1.000000
110846 0.000000 0.000000 0.000000 1.000000
110847 0.000000 0.000000 0.000000 1.000000
110848 0.000000 0.000000 0.000000 1.000000
110849 0.000000 0.000000 0.000000 1.000000
110850 0.000000 0.000000 0.000000 1.000000
110851 0.000000 0.000000 0.000000 1.000000
110852 0.000000 0.000000 0.000000 1.000000
110854 0.000000 0.000000 0.000000 1.000000
110855 0.000000 0.000000 0.000000 1.000000
110856 0.000000 0.000000 0.000000 1.000000
110857 0.000000 0.000000 0.000000 1.000000
110858 0.000000 0.000000 0.000000 1.000000
110859 0.000000 0.000000 0.000000 1.000000
110860 0.000000 0.000000 0.000000 1.000000
110861 0.000000 0.000000 0.000000 1.000000
110862 0.000000 0.000000 0.000000 1.000000
110863 0.000000 0.000000 0.000000 1.000000
110864 0.000000 0.000000 0.000000 1.000000
110865 0.000000 0.000000 0.000000 1.000000
110893 0.000000 0.000000 0.000000 1.000000
110894 0.000000 0.000000 0.000000 1.000000
110895 0.000000 0.000000 0.000000 1.000000
110896 0.000000 0.000000 0.000000 1.000000
110897 0.000000 0.000000 0.000000 1.000000
110898 0.000000 0.000000 0.000000 1.000000
110899 0.000000 0.000000 0.000000 1.000000
110900 0.000000 0.000000 0.000000 1.000000
110901 0.000000 0.000000 0.000000 1.000000
110902 0.000000 0.000000 0.000000 1.000000
110903 0.000000 0.000000 0.000000 1.000000
110904 0.000000 0.000000 0.000000 1.000000
110905 0.000000 0.000000 0.000000 1.000000
110906 0.000000 0.000000 0.000000 1.000000
110909 0.000000 0.000000 0.000000 1.000000
110910 0.000000 0.000000 0.000000 1.000000
110911 0.000000 0.000000 0.000000 1.000000
110912 0.000000 0.000000 0.000000 1.000000
110913 0.000000 0.000000 0.000000 1.000000
110914 0.000000 0.000000 0.000000 1.000000
110915 0.000000 0.000000 0.000000 1.000000
110916 0.000000 0.000000 0.000000 1.000000
110917 0.000000 0.000000 0.000000 1.000000
110918 0.000000 0.000000 0.000000 1.000000
111519 0.000000 0.000000 0.000000 1.000000
111526 0.000000 0.000000 0.000000 1.000000
111527 0.000000 0.000000 0.000000 1.000000
111528 0.000000 0.000000 0.000000 1.000000
111529 0.000000 0.000000 0.000000 1.000000
111530 0.000000 0.000000 0.000000 1.000000
111531 0.000000 0.000000 0.000000 1.000000
111532 0.000000 0.000000 0.000000 1.000000
111533 0.000000 0.000000 0.000000 1.000000
111534 0.000000 0.000000 0.000000 1.000000
111535 0.000000 0.000000 0.000000 1.000000
111536 0.000000 0.000000 0.000000 1.000000
111537 0.000000 0.000000 0.000000 1.000000
111538 0.000000 0.000000 0.000000 1.000000
111539 0.000000 0.000000 0.000000 1.000000
111540 0.000000 0.000000 0.000000 1.000000
111541 0.000000 0.000000 0.000000 1.000000
111542 0.000000 0.000000 0.000000 1.000000
111543 0.000000 0.000000 0.000000 1.000000
111544 0.000000 0.000000 0.000000 1.000000
111545 0.000000 0.000000 0.000000 1.000000
111546 0.000000 0.000000 0.000000 1.000000
111547 0.000000 0.000000 0.000000 1.000000
117425 0.000000 0.000000 0.000000 1.000000
117426 0.000000 0.000000 0.000000 1.000000
117427 0.000000 0.000000 0.000000 1.000000
117428 0.000000 0.000000 0.000000 1.000000
117612 0.000000 0.000000 0.000000 1.000000
117613 0.000000 0.000000 0.000000 1.000000
120702 0.000000 0.000000 0.000000 1.000000
120707 0.000000 0.000000 0.000000 1.000000
120708 0.000000 0.000000 0.000000 1.000000
125237 0.000000 0.000000 0.000000 1.000000
125239 0.000000 0.000000 0.000000 1.000000
125240 0.000000 0.000000 0.000000 1.000000
125241 0.000000 0.000000 0.000000 1.000000
125242 0.000000 0.000000 0.000000 1.000000
125243 0.000000 0.000000 0.000000 1.000000
125244 0.000000 0.000000 0.000000 1.000000
125245 0.000000 0.000000 0.000000 1.000000
125246 0.000000 0.000000 0.000000 1.000000
125247 0.000000 0.000000 0.000000 1.000000
125248 0.000000 0.000000 0.000000 1.000000
125249 0.000000 0.000000 0.000000 1.000000
125250 0.000000 0.000000 0.000000 1.000000
125251 0.000000 0.000000 0.000000 1.000000
125252 0.000000 0.000000 0.000000 1.000000
125253 0.000000 0.000000 0.000000 1.000000
125254 0.000000 0.000000 0.000000 1.000000
125255 0.000000 0.000000 0.000000 1.000000
125256 0.000000 0.000000 0.000000 1.000000
125257 0.000000 0.000000 0.000000 1.000000
125258 0.000000 0.000000 0.000000 1.000000
125259 0.000000 0.000000 0.000000 1.000000
125260 0.000000 0.000000 0.000000 1.000000
125261 0.000000 0.000000 0.000000 1.000000
125262 0.000000 0.000000 0.000000 1.000000
125263 0.000000 0.000000 0.000000 1.000000
125264 0.000000 0.000000 0.000000 1.000000
125265 0.000000 0.000000 0.000000 1.000000
125266 0.000000 0.000000 0.000000 1.000000
125267 0.000000 0.000000 0.000000 1.000000
125268 0.000000 0.000000 0.000000 1.000000
125291 0.000000 0.000000 0.000000 1.000000
125292 0.000000 0.000000 0.000000 1.000000
125293 0.000000 0.000000 0.000000 1.000000
125294 0.000000 0.000000 0.000000 1.000000
125296 0.000000 0.000000 0.000000 1.000000
125297 0.000000 0.000000 0.000000 1.000000
125298 0.000000 0.000000 0.000000 1.000000
125299 0.000000 0.000000 0.000000 1.000000
125300 0.000000 0.000000 0.000000 1.000000
125301 0.000000 0.000000 0.000000 1.000000
125302 0.000000 0.000000 0.000000 1.000000
125303 0.000000 0.000000 0.000000 1.000000
125304 0.000000 0.000000 0.000000 1.000000
125306 0.000000 0.000000 0.000000 1.000000
125307 0.000000 0.000000 0.000000 1.000000
125777 0.000000 0.000000 0.000000 1.000000
125779 0.000000 0.000000 0.000000 1.000000
125780 0.000000 0.000000 0.000000 1.000000
125781 0.000000 0.000000 0.000000 1.000000
125782 0.000000 0.000000 0.000000 1.000000
125783 0.000000 0.000000 0.000000 1.000000
125784 0.000000 0.000000 0.000000 1.000000
125785 0.000000 0.000000 0.000000 1.000000
125786 0.000000 0.000000 0.000000 1.000000
125787 0.000000 0.000000 0.000000 1.000000
125788 0.000000 0.000000 0.000000 1.000000
125789 0.000000 0.000000 0.000000 1.000000
125790 0.000000 0.000000 0.000000 1.000000
125791 0.000000 0.000000 0.000000 1.000000
125792 0.000000 0.000000 0.000000 1.000000
125793 0.000000 0.000000 0.000000 1.000000
125794 0.000000 0.000000 0.000000 1.000000
125795 0.000000 0.000000 0.000000 1.000000
125796 0.000000 0.000000 0.000000 1.000000
125797 0.000000 0.000000 0.000000 1.000000
125798 0.000000 0.000000 0.000000 1.000000
125799 0.000000 0.000000 0.000000 1.000000
125800 0.000000 0.000000 0.000000 1.000000
125801 0.000000 0.000000 0.000000 1.000000
125802 0.000000 0.000000 0.000000 1.000000
125803 0.000000 0.000000 0.000000 1.000000
130579 0.000000 0.000000 0.000000 1.000000
134681 0.000000 0.000000 0.000000 1.000000
134682 0.000000 0.000000 0.000000 1.000000
134683 0.000000 0.000000 0.000000 1.000000
134684 0.000000 0.000000 0.000000 1.000000
134685 0.000000 0.000000 0.000000 1.000000
134686 0.000000 0.000000 0.000000 1.000000
134687 0.000000 0.000000 0.000000 1.000000
134688 0.000000 0.000000 0.000000 1.000000
134689 0.000000 0.000000 0.000000 1.000000
134690 0.000000 0.000000 0.000000 1.000000
134691 0.000000 0.000000 0.000000 1.000000
134692 0.000000 0.000000 0.000000 1.000000
134693 0.000000 0.000000 0.000000 1.000000
134694 0.000000 0.000000 0.000000 1.000000
134695 0.000000 0.000000 0.000000 1.000000
134696 0.000000 0.000000 0.000000 1.000000
134697 0.000000 0.000000 0.000000 1.000000
134698 0.000000 0.000000 0.000000 1.000000
134699 0.000000 0.000000 0.000000 1.000000
134700 0.000000 0.000000 0.000000 1.000000
134701 0.000000 0.000000 0.000000 1.000000
134702 0.000000 0.000000 0.000000 1.000000
134703 0.000000 0.000000 0.000000 1.000000
134704 0.000000 0.000000 0.000000 1.000000
134705 0.000000 0.000000 0.000000 1.000000
134706 0.000000 0.000000 0.000000 1.000000
134707 0.000000 0.000000 0.000000 1.000000
134708 0.000000 0.000000 0.000000 1.000000
134709 0.000000 0.000000 0.000000 1.000000
135169 0.000000 0.000000 0.000000 1.000000
135170 0.000000 0.000000 0.000000 1.000000
135171 0.000000 0.000000 0.000000 1.000000
135172 0.000000 0.000000 0.000000 1.000000
135173 0.000000 0.000000 0.000000 1.000000
135174 0.000000 0.000000 0.000000 1.000000
135175 0.000000 0.000000 0.000000 1.000000
135176 0.000000 0.000000 0.000000 1.000000
135180 0.000000 0.000000 0.000000 1.000000
135181 0.000000 0.000000 0.000000 1.000000
135182 0.000000 0.000000 0.000000 1.000000
135183 0.000000 0.000000 0.000000 1.000000
135184 0.000000 0.000000 0.000000 1.000000
135185 0.000000 0.000000 0.000000 1.000000
135186 0.000000 0.000000 0.000000 1.000000
135187 0.000000 0.000000 0.000000 1.000000
135188 0.000000 0.000000 0.000000 1.000000
135189 0.000000 0.000000 0.000000 1.000000
135190 0.000000 0.000000 0.000000 1.000000
135191 0.000000 0.000000 0.000000 1.000000
135192 0.000000 0.000000 0.000000 1.000000
135193 0.000000 0.000000 0.000000 1.000000
143399 0.000000 0.000000 0.000000 1.000000
143400 0.000000 0.000000 0.000000 1.000000
143401 0.000000 0.000000 0.000000 1.000000
143402 0.000000 0.000000 0.000000 1.000000
143403 0.000000 0.000000 0.000000 1.000000
143404 0.000000 0.000000 0.000000 1.000000
155120 0.000000 0.000000 0.000000 1.000000
155121 0.000000 0.000000 0.000000 1.000000
155122 0.000000 0.000000 0.000000 1.000000
155123 0.000000 0.000000 0.000000 1.000000
155124 0.000000 0.000000 0.000000 1.000000
155125 0.000000 0.000000 0.000000 1.000000
155126 0.000000 0.000000 0.000000 1.000000
155127 0.000000 0.000000 0.000000 1.000000
155128 0.000000 0.000000 0.000000 1.000000
155129 0.000000 0.000000 0.000000 1.000000
155130 0.000000 0.000000 0.000000 1.000000
155131 0.000000 0.000000 0.000000 1.000000
155132 0.000000 0.000000 0.000000 1.000000
155133 0.000000 0.000000 0.000000 1.000000
155134 0.000000 0.000000 0.000000 1.000000
155135 0.000000 0.000000 0.000000 1.000000
155136 0.000000 0.000000 0.000000 1.000000
155137 0.000000 0.000000 0.000000 1.000000
155141 0.000000 0.000000 0.000000 1.000000
155156 0.000000 0.000000 0.000000 1.000000
155157 0.000000 0.000000 0.000000 1.000000
155158 0.000000 0.000000 0.000000 1.000000
155159 0.000000 0.000000 0.000000 1.000000
155160 0.000000 0.000000 0.000000 1.000000
155161 0.000000 0.000000 0.000000 1.000000
155197 0.000000 0.000000 0.000000 1.000000
155198 0.000000 0.000000 0.000000 1.000000
155227 0.000000 0.000000 0.000000 1.000000
155228 0.000000 0.000000 0.000000 1.000000
155229 0.000000 0.000000 0.000000 1.000000
155230 0.000000 0.000000 0.000000 1.000000
155231 0.000000 0.000000 0.000000 1.000000
155232 0.000000 0.000000 0.000000 1.000000
155233 0.000000 0.000000 0.000000 1.000000
155234 0.000000 0.000000 0.000000 1.000000
155235 0.000000 0.000000 0.000000 1.000000
155236 0.000000 0.000000 0.000000 1.000000
155237 0.000000 0.000000 0.000000 1.000000
155238 0.000000 0.000000 0.000000 1.000000
155239 0.000000 0.000000 0.000000 1.000000
155240 0.000000 0.000000 0.000000 1.000000
155241 0.000000 0.000000 0.000000 1.000000
155242 0.000000 0.000000 0.000000 1.000000
155243 0.000000 0.000000 0.000000 1.000000
155244 0.000000 0.000000 0.000000 1.000000
155245 0.000000 0.000000 0.000000 1.000000
155246 0.000000 0.000000 0.000000 1.000000
155247 0.000000 0.000000 0.000000 1.000000
155248 0.000000 0.000000 0.000000 1.000000
155249 0.000000 0.000000 0.000000 1.000000
155250 0.000000 0.000000 0.000000 1.000000
155263 0.000000 0.000000 0.000000 1.000000
155264 0.000000 0.000000 0.000000 1.000000
155265 0.000000 0.000000 0.000000 1.000000
155266 0.000000 0.000000 0.000000 1.000000
155267 0.000000 0.000000 0.000000 1.000000
155268 0.000000 0.000000 0.000000 1.000000
155269 0.000000 0.000000 0.000000 1.000000
155270 0.000000 0.000000 0.000000 1.000000
155271 0.000000 0.000000 0.000000 1.000000
155272 0.000000 0.000000 0.000000 1.000000
155273 0.000000 0.000000 0.000000 1.000000
155274 0.000000 0.000000 0.000000 1.000000
155275 0.000000 0.000000 0.000000 1.000000
155276 0.000000 0.000000 0.000000 1.000000
155277 0.000000 0.000000 0.000000 1.000000
155278 0.000000 0.000000 0.000000 1.000000
155279 0.000000 0.000000 0.000000 1.000000
155280 0.000000 0.000000 0.000000 1.000000
155281 0.000000 0.000000 0.000000 1.000000
155300 0.000000 0.000000 0.000000 1.000000
156496 0.000000 0.000000 0.000000 1.000000
156497 0.000000 0.000000 0.000000 1.000000
156498 0.000000 0.000000 0.000000 1.000000
156499 0.000000 0.000000 0.000000 1.000000
156500 0.000000 0.000000 0.000000 1.000000
156501 0.000000 0.000000 0.000000 1.000000
156502 0.000000 0.000000 0.000000 1.000000
156503 0.000000 0.000000 0.000000 1.000000
156504 0.000000 0.000000 0.000000 1.000000
156505 0.000000 0.000000 0.000000 1.000000
156506 0.000000 0.000000 0.000000 1.000000
156507 0.000000 0.000000 0.000000 1.000000
156508 0.000000 0.000000 0.000000 1.000000
156509 0.000000 0.000000 0.000000 1.000000
156510 0.000000 0.000000 0.000000 1.000000
156511 0.000000 0.000000 0.000000 1.000000
156512 0.000000 0.000000 0.000000 1.000000
156513 0.000000 0.000000 0.000000 1.000000
156514 0.000000 0.000000 0.000000 1.000000
156515 0.000000 0.000000 0.000000 1.000000
156516 0.000000 0.000000 0.000000 1.000000
156517 0.000000 0.000000 0.000000 1.000000
156518 0.000000 0.000000 0.000000 1.000000
156519 0.000000 0.000000 0.000000 1.000000
156520 0.000000 0.000000 0.000000 1.000000
156524 0.000000 0.000000 0.000000 1.000000
156525 0.000000 0.000000 0.000000 1.000000
156526 0.000000 0.000000 0.000000 1.000000
156527 0.000000 0.000000 0.000000 1.000000
156528 0.000000 0.000000 0.000000 1.000000
156529 0.000000 0.000000 0.000000 1.000000
156530 0.000000 0.000000 0.000000 1.000000
156532 0.000000 0.000000 0.000000 1.000000
156533 0.000000 0.000000 0.000000 1.000000
156534 0.000000 0.000000 0.000000 1.000000
