#
970
61 0.000000 0.000000 0.000000 1.000000
180 0.000000 0.000000 0.000000 1.000000
181 0.000000 0.000000 0.000000 1.000000
272 0.000000 0.000000 0.000000 1.000000
398 0.000000 0.000000 0.000000 1.000000
660 0.000000 0.000000 0.000000 1.000000
661 0.000000 0.000000 0.000000 1.000000
902 0.000000 0.000000 0.000000 1.000000
903 0.000000 0.000000 0.000000 1.000000
904 0.000000 0.000000 0.000000 1.000000
905 0.000000 0.000000 0.000000 1.000000
906 0.000000 0.000000 0.000000 1.000000
1478 0.000000 0.000000 0.000000 1.000000
1479 0.000000 0.000000 0.000000 1.000000
1891 0.000000 0.000000 0.000000 1.000000
2581 0.000000 0.000000 0.000000 1.000000
2822 0.000000 0.000000 0.000000 1.000000
2823 0.000000 0.000000 0.000000 1.000000
2824 0.000000 0.000000 0.000000 1.000000
2825 0.000000 0.000000 0.000000 1.000000
2826 0.000000 0.000000 0.000000 1.000000
3422 0.000000 0.000000 0.000000 1.000000
3423 0.000000 0.000000 0.000000 1.000000
3424 0.000000 0.000000 0.000000 1.000000
3425 0.000000 0.000000 0.000000 1.000000
3426 0.000000 0.000000 0.000000 1.000000
4149 0.000000 0.000000 0.000000 1.000000
4150 0.000000 0.000000 0.000000 1.000000
4151 0.000000 0.000000 0.000000 1.000000
4152 0.000000 0.000000 0.000000 1.000000
4154 0.000000 0.000000 0.000000 1.000000
4155 0.000000 0.000000 0.000000 1.000000
4156 0.000000 0.000000 0.000000 1.000000
4158 0.000000 0.000000 0.000000 1.000000
5798 0.000000 0.000000 0.000000 1.000000
5799 0.000000 0.000000 0.000000 1.000000
5963 0.000000 0.000000 0.000000 1.000000
6232 0.000000 0.000000 0.000000 1.000000
6233 0.000000 0.000000 0.000000 1.000000
6234 0.000000 0.000000 0.000000 1.000000
6235 0.000000 0.000000 0.000000 1.000000
6236 0.000000 0.000000 0.000000 1.000000
6237 0.000000 0.000000 0.000000 1.000000
6238 0.000000 0.000000 0.000000 1.000000
6239 0.000000 0.000000 0.000000 1.000000
7287 0.000000 0.000000 0.000000 1.000000
7289 0.000000 0.000000 0.000000 1.000000
7290 0.000000 0.000000 0.000000 1.000000
7291 0.000000 0.000000 0.000000 1.000000
7292 0.000000 0.000000 0.000000 1.000000
7293 0.000000 0.000000 0.000000 1.000000
8281 0.000000 0.000000 0.000000 1.000000
8288 0.000000 0.000000 0.000000 1.000000
8289 0.000000 0.000000 0.000000 1.000000
8290 0.000000 0.000000 0.000000 1.000000
8291 0.000000 0.000000 0.000000 1.000000
8613 0.000000 0.000000 0.000000 1.000000
9186 0.000000 0.000000 0.000000 1.000000
9187 0.000000 0.000000 0.000000 1.000000
9188 0.000000 0.000000 0.000000 1.000000
10261 0.000000 0.000000 0.000000 1.000000
10502 0.000000 0.000000 0.000000 1.000000
10503 0.000000 0.000000 0.000000 1.000000
10504 0.000000 0.000000 0.000000 1.000000
10505 0.000000 0.000000 0.000000 1.000000
10506 0.000000 0.000000 0.000000 1.000000
11102 0.000000 0.000000 0.000000 1.000000
11103 0.000000 0.000000 0.000000 1.000000
11104 0.000000 0.000000 0.000000 1.000000
11105 0.000000 0.000000 0.000000 1.000000
11106 0.000000 0.000000 0.000000 1.000000
11377 0.000000 0.000000 0.000000 1.000000
11379 0.000000 0.000000 0.000000 1.000000
11827 0.000000 0.000000 0.000000 1.000000
11829 0.000000 0.000000 0.000000 1.000000
11830 0.000000 0.000000 0.000000 1.000000
11831 0.000000 0.000000 0.000000 1.000000
11832 0.000000 0.000000 0.000000 1.000000
11833 0.000000 0.000000 0.000000 1.000000
11834 0.000000 0.000000 0.000000 1.000000
11835 0.000000 0.000000 0.000000 1.000000
11836 0.000000 0.000000 0.000000 1.000000
13502 0.000000 0.000000 0.000000 1.000000
13503 0.000000 0.000000 0.000000 1.000000
13504 0.000000 0.000000 0.000000 1.000000
13505 0.000000 0.000000 0.000000 1.000000
13506 0.000000 0.000000 0.000000 1.000000
14227 0.000000 0.000000 0.000000 1.000000
14228 0.000000 0.000000 0.000000 1.000000
14229 0.000000 0.000000 0.000000 1.000000
14230 0.000000 0.000000 0.000000 1.000000
14231 0.000000 0.000000 0.000000 1.000000
14232 0.000000 0.000000 0.000000 1.000000
14233 0.000000 0.000000 0.000000 1.000000
14234 0.000000 0.000000 0.000000 1.000000
14235 0.000000 0.000000 0.000000 1.000000
14236 0.000000 0.000000 0.000000 1.000000
14237 0.000000 0.000000 0.000000 1.000000
14238 0.000000 0.000000 0.000000 1.000000
14239 0.000000 0.000000 0.000000 1.000000
14240 0.000000 0.000000 0.000000 1.000000
16026 0.000000 0.000000 0.000000 1.000000
16029 0.000000 0.000000 0.000000 1.000000
16030 0.000000 0.000000 0.000000 1.000000
16031 0.000000 0.000000 0.000000 1.000000
16032 0.000000 0.000000 0.000000 1.000000
16033 0.000000 0.000000 0.000000 1.000000
16034 0.000000 0.000000 0.000000 1.000000
16035 0.000000 0.000000 0.000000 1.000000
16036 0.000000 0.000000 0.000000 1.000000
16037 0.000000 0.000000 0.000000 1.000000
16038 0.000000 0.000000 0.000000 1.000000
16039 0.000000 0.000000 0.000000 1.000000
16040 0.000000 0.000000 0.000000 1.000000
16041 0.000000 0.000000 0.000000 1.000000
18210 0.000000 0.000000 0.000000 1.000000
18211 0.000000 0.000000 0.000000 1.000000
18212 0.000000 0.000000 0.000000 1.000000
18227 0.000000 0.000000 0.000000 1.000000
18228 0.000000 0.000000 0.000000 1.000000
18229 0.000000 0.000000 0.000000 1.000000
18230 0.000000 0.000000 0.000000 1.000000
18231 0.000000 0.000000 0.000000 1.000000
18232 0.000000 0.000000 0.000000 1.000000
18233 0.000000 0.000000 0.000000 1.000000
18234 0.000000 0.000000 0.000000 1.000000
18236 0.000000 0.000000 0.000000 1.000000
18238 0.000000 0.000000 0.000000 1.000000
20407 0.000000 0.000000 0.000000 1.000000
20408 0.000000 0.000000 0.000000 1.000000
20409 0.000000 0.000000 0.000000 1.000000
20411 0.000000 0.000000 0.000000 1.000000
20412 0.000000 0.000000 0.000000 1.000000
20413 0.000000 0.000000 0.000000 1.000000
23078 0.000000 0.000000 0.000000 1.000000
23079 0.000000 0.000000 0.000000 1.000000
23512 0.000000 0.000000 0.000000 1.000000
23513 0.000000 0.000000 0.000000 1.000000
23514 0.000000 0.000000 0.000000 1.000000
23515 0.000000 0.000000 0.000000 1.000000
23516 0.000000 0.000000 0.000000 1.000000
23517 0.000000 0.000000 0.000000 1.000000
23518 0.000000 0.000000 0.000000 1.000000
23519 0.000000 0.000000 0.000000 1.000000
23520 0.000000 0.000000 0.000000 1.000000
24592 0.000000 0.000000 0.000000 1.000000
24593 0.000000 0.000000 0.000000 1.000000
24594 0.000000 0.000000 0.000000 1.000000
24595 0.000000 0.000000 0.000000 1.000000
24596 0.000000 0.000000 0.000000 1.000000
24597 0.000000 0.000000 0.000000 1.000000
24598 0.000000 0.000000 0.000000 1.000000
24599 0.000000 0.000000 0.000000 1.000000
24600 0.000000 0.000000 0.000000 1.000000
25902 0.000000 0.000000 0.000000 1.000000
25903 0.000000 0.000000 0.000000 1.000000
25904 0.000000 0.000000 0.000000 1.000000
25905 0.000000 0.000000 0.000000 1.000000
25912 0.000000 0.000000 0.000000 1.000000
25913 0.000000 0.000000 0.000000 1.000000
25914 0.000000 0.000000 0.000000 1.000000
25915 0.000000 0.000000 0.000000 1.000000
25916 0.000000 0.000000 0.000000 1.000000
25917 0.000000 0.000000 0.000000 1.000000
28890 0.000000 0.000000 0.000000 1.000000
28891 0.000000 0.000000 0.000000 1.000000
28892 0.000000 0.000000 0.000000 1.000000
28893 0.000000 0.000000 0.000000 1.000000
29272 0.000000 0.000000 0.000000 1.000000
29273 0.000000 0.000000 0.000000 1.000000
29902 0.000000 0.000000 0.000000 1.000000
29903 0.000000 0.000000 0.000000 1.000000
29904 0.000000 0.000000 0.000000 1.000000
29905 0.000000 0.000000 0.000000 1.000000
29906 0.000000 0.000000 0.000000 1.000000
29907 0.000000 0.000000 0.000000 1.000000
29908 0.000000 0.000000 0.000000 1.000000
29909 0.000000 0.000000 0.000000 1.000000
29910 0.000000 0.000000 0.000000 1.000000
29911 0.000000 0.000000 0.000000 1.000000
29912 0.000000 0.000000 0.000000 1.000000
29913 0.000000 0.000000 0.000000 1.000000
29914 0.000000 0.000000 0.000000 1.000000
29915 0.000000 0.000000 0.000000 1.000000
29916 0.000000 0.000000 0.000000 1.000000
29917 0.000000 0.000000 0.000000 1.000000
29918 0.000000 0.000000 0.000000 1.000000
29919 0.000000 0.000000 0.000000 1.000000
29920 0.000000 0.000000 0.000000 1.000000
32396 0.000000 0.000000 0.000000 1.000000
32397 0.000000 0.000000 0.000000 1.000000
32401 0.000000 0.000000 0.000000 1.000000
32402 0.000000 0.000000 0.000000 1.000000
32403 0.000000 0.000000 0.000000 1.000000
32404 0.000000 0.000000 0.000000 1.000000
32405 0.000000 0.000000 0.000000 1.000000
32406 0.000000 0.000000 0.000000 1.000000
32407 0.000000 0.000000 0.000000 1.000000
32408 0.000000 0.000000 0.000000 1.000000
32409 0.000000 0.000000 0.000000 1.000000
32410 0.000000 0.000000 0.000000 1.000000
32411 0.000000 0.000000 0.000000 1.000000
32412 0.000000 0.000000 0.000000 1.000000
32413 0.000000 0.000000 0.000000 1.000000
32414 0.000000 0.000000 0.000000 1.000000
32415 0.000000 0.000000 0.000000 1.000000
35137 0.000000 0.000000 0.000000 1.000000
35138 0.000000 0.000000 0.000000 1.000000
35140 0.000000 0.000000 0.000000 1.000000
35161 0.000000 0.000000 0.000000 1.000000
35162 0.000000 0.000000 0.000000 1.000000
35163 0.000000 0.000000 0.000000 1.000000
35164 0.000000 0.000000 0.000000 1.000000
35165 0.000000 0.000000 0.000000 1.000000
35166 0.000000 0.000000 0.000000 1.000000
35167 0.000000 0.000000 0.000000 1.000000
35168 0.000000 0.000000 0.000000 1.000000
35169 0.000000 0.000000 0.000000 1.000000
35170 0.000000 0.000000 0.000000 1.000000
35171 0.000000 0.000000 0.000000 1.000000
35172 0.000000 0.000000 0.000000 1.000000
37800 0.000000 0.000000 0.000000 1.000000
37801 0.000000 0.000000 0.000000 1.000000
37802 0.000000 0.000000 0.000000 1.000000
37803 0.000000 0.000000 0.000000 1.000000
37804 0.000000 0.000000 0.000000 1.000000
37805 0.000000 0.000000 0.000000 1.000000
37806 0.000000 0.000000 0.000000 1.000000
37807 0.000000 0.000000 0.000000 1.000000
37808 0.000000 0.000000 0.000000 1.000000
37815 0.000000 0.000000 0.000000 1.000000
37816 0.000000 0.000000 0.000000 1.000000
37817 0.000000 0.000000 0.000000 1.000000
37818 0.000000 0.000000 0.000000 1.000000
37819 0.000000 0.000000 0.000000 1.000000
37820 0.000000 0.000000 0.000000 1.000000
37823 0.000000 0.000000 0.000000 1.000000
37824 0.000000 0.000000 0.000000 1.000000
37825 0.000000 0.000000 0.000000 1.000000
37826 0.000000 0.000000 0.000000 1.000000
37853 0.000000 0.000000 0.000000 1.000000
37854 0.000000 0.000000 0.000000 1.000000
37855 0.000000 0.000000 0.000000 1.000000
40980 0.000000 0.000000 0.000000 1.000000
41222 0.000000 0.000000 0.000000 1.000000
41223 0.000000 0.000000 0.000000 1.000000
41224 0.000000 0.000000 0.000000 1.000000
41225 0.000000 0.000000 0.000000 1.000000
41226 0.000000 0.000000 0.000000 1.000000
41822 0.000000 0.000000 0.000000 1.000000
41823 0.000000 0.000000 0.000000 1.000000
41824 0.000000 0.000000 0.000000 1.000000
41825 0.000000 0.000000 0.000000 1.000000
41826 0.000000 0.000000 0.000000 1.000000
42097 0.000000 0.000000 0.000000 1.000000
42098 0.000000 0.000000 0.000000 1.000000
42099 0.000000 0.000000 0.000000 1.000000
42547 0.000000 0.000000 0.000000 1.000000
42548 0.000000 0.000000 0.000000 1.000000
42549 0.000000 0.000000 0.000000 1.000000
42550 0.000000 0.000000 0.000000 1.000000
42551 0.000000 0.000000 0.000000 1.000000
42552 0.000000 0.000000 0.000000 1.000000
42553 0.000000 0.000000 0.000000 1.000000
42554 0.000000 0.000000 0.000000 1.000000
42555 0.000000 0.000000 0.000000 1.000000
42556 0.000000 0.000000 0.000000 1.000000
44222 0.000000 0.000000 0.000000 1.000000
44223 0.000000 0.000000 0.000000 1.000000
44224 0.000000 0.000000 0.000000 1.000000
44225 0.000000 0.000000 0.000000 1.000000
44226 0.000000 0.000000 0.000000 1.000000
44947 0.000000 0.000000 0.000000 1.000000
44948 0.000000 0.000000 0.000000 1.000000
44949 0.000000 0.000000 0.000000 1.000000
44950 0.000000 0.000000 0.000000 1.000000
44951 0.000000 0.000000 0.000000 1.000000
44952 0.000000 0.000000 0.000000 1.000000
44953 0.000000 0.000000 0.000000 1.000000
44954 0.000000 0.000000 0.000000 1.000000
44955 0.000000 0.000000 0.000000 1.000000
44956 0.000000 0.000000 0.000000 1.000000
44957 0.000000 0.000000 0.000000 1.000000
44958 0.000000 0.000000 0.000000 1.000000
44959 0.000000 0.000000 0.000000 1.000000
44960 0.000000 0.000000 0.000000 1.000000
44961 0.000000 0.000000 0.000000 1.000000
46749 0.000000 0.000000 0.000000 1.000000
46750 0.000000 0.000000 0.000000 1.000000
46751 0.000000 0.000000 0.000000 1.000000
46752 0.000000 0.000000 0.000000 1.000000
46753 0.000000 0.000000 0.000000 1.000000
46754 0.000000 0.000000 0.000000 1.000000
46755 0.000000 0.000000 0.000000 1.000000
46756 0.000000 0.000000 0.000000 1.000000
46757 0.000000 0.000000 0.000000 1.000000
46758 0.000000 0.000000 0.000000 1.000000
46759 0.000000 0.000000 0.000000 1.000000
46760 0.000000 0.000000 0.000000 1.000000
46761 0.000000 0.000000 0.000000 1.000000
48930 0.000000 0.000000 0.000000 1.000000
48931 0.000000 0.000000 0.000000 1.000000
48932 0.000000 0.000000 0.000000 1.000000
48947 0.000000 0.000000 0.000000 1.000000
48948 0.000000 0.000000 0.000000 1.000000
48949 0.000000 0.000000 0.000000 1.000000
48950 0.000000 0.000000 0.000000 1.000000
48951 0.000000 0.000000 0.000000 1.000000
48952 0.000000 0.000000 0.000000 1.000000
48953 0.000000 0.000000 0.000000 1.000000
48954 0.000000 0.000000 0.000000 1.000000
51127 0.000000 0.000000 0.000000 1.000000
51128 0.000000 0.000000 0.000000 1.000000
51129 0.000000 0.000000 0.000000 1.000000
51133 0.000000 0.000000 0.000000 1.000000
53822 0.000000 0.000000 0.000000 1.000000
53823 0.000000 0.000000 0.000000 1.000000
53824 0.000000 0.000000 0.000000 1.000000
53825 0.000000 0.000000 0.000000 1.000000
53826 0.000000 0.000000 0.000000 1.000000
54547 0.000000 0.000000 0.000000 1.000000
54548 0.000000 0.000000 0.000000 1.000000
54549 0.000000 0.000000 0.000000 1.000000
54550 0.000000 0.000000 0.000000 1.000000
54551 0.000000 0.000000 0.000000 1.000000
54552 0.000000 0.000000 0.000000 1.000000
54553 0.000000 0.000000 0.000000 1.000000
54554 0.000000 0.000000 0.000000 1.000000
54555 0.000000 0.000000 0.000000 1.000000
54556 0.000000 0.000000 0.000000 1.000000
54557 0.000000 0.000000 0.000000 1.000000
54558 0.000000 0.000000 0.000000 1.000000
54559 0.000000 0.000000 0.000000 1.000000
54560 0.000000 0.000000 0.000000 1.000000
54561 0.000000 0.000000 0.000000 1.000000
56347 0.000000 0.000000 0.000000 1.000000
56348 0.000000 0.000000 0.000000 1.000000
56349 0.000000 0.000000 0.000000 1.000000
56350 0.000000 0.000000 0.000000 1.000000
56351 0.000000 0.000000 0.000000 1.000000
56352 0.000000 0.000000 0.000000 1.000000
56353 0.000000 0.000000 0.000000 1.000000
56354 0.000000 0.000000 0.000000 1.000000
56355 0.000000 0.000000 0.000000 1.000000
56356 0.000000 0.000000 0.000000 1.000000
56357 0.000000 0.000000 0.000000 1.000000
56358 0.000000 0.000000 0.000000 1.000000
56359 0.000000 0.000000 0.000000 1.000000
56360 0.000000 0.000000 0.000000 1.000000
56361 0.000000 0.000000 0.000000 1.000000
58525 0.000000 0.000000 0.000000 1.000000
58530 0.000000 0.000000 0.000000 1.000000
58531 0.000000 0.000000 0.000000 1.000000
58532 0.000000 0.000000 0.000000 1.000000
58533 0.000000 0.000000 0.000000 1.000000
58534 0.000000 0.000000 0.000000 1.000000
58535 0.000000 0.000000 0.000000 1.000000
58536 0.000000 0.000000 0.000000 1.000000
58540 0.000000 0.000000 0.000000 1.000000
58546 0.000000 0.000000 0.000000 1.000000
58547 0.000000 0.000000 0.000000 1.000000
58548 0.000000 0.000000 0.000000 1.000000
58549 0.000000 0.000000 0.000000 1.000000
58550 0.000000 0.000000 0.000000 1.000000
58551 0.000000 0.000000 0.000000 1.000000
58552 0.000000 0.000000 0.000000 1.000000
58553 0.000000 0.000000 0.000000 1.000000
63550 0.000000 0.000000 0.000000 1.000000
63551 0.000000 0.000000 0.000000 1.000000
63552 0.000000 0.000000 0.000000 1.000000
63553 0.000000 0.000000 0.000000 1.000000
63554 0.000000 0.000000 0.000000 1.000000
63555 0.000000 0.000000 0.000000 1.000000
63556 0.000000 0.000000 0.000000 1.000000
63557 0.000000 0.000000 0.000000 1.000000
63558 0.000000 0.000000 0.000000 1.000000
63559 0.000000 0.000000 0.000000 1.000000
63560 0.000000 0.000000 0.000000 1.000000
63561 0.000000 0.000000 0.000000 1.000000
64373 0.000000 0.000000 0.000000 1.000000
65722 0.000000 0.000000 0.000000 1.000000
65723 0.000000 0.000000 0.000000 1.000000
65724 0.000000 0.000000 0.000000 1.000000
65725 0.000000 0.000000 0.000000 1.000000
65726 0.000000 0.000000 0.000000 1.000000
65727 0.000000 0.000000 0.000000 1.000000
65728 0.000000 0.000000 0.000000 1.000000
65729 0.000000 0.000000 0.000000 1.000000
65730 0.000000 0.000000 0.000000 1.000000
65731 0.000000 0.000000 0.000000 1.000000
65732 0.000000 0.000000 0.000000 1.000000
65733 0.000000 0.000000 0.000000 1.000000
65734 0.000000 0.000000 0.000000 1.000000
65735 0.000000 0.000000 0.000000 1.000000
65736 0.000000 0.000000 0.000000 1.000000
65737 0.000000 0.000000 0.000000 1.000000
65738 0.000000 0.000000 0.000000 1.000000
65739 0.000000 0.000000 0.000000 1.000000
65740 0.000000 0.000000 0.000000 1.000000
65741 0.000000 0.000000 0.000000 1.000000
65742 0.000000 0.000000 0.000000 1.000000
65743 0.000000 0.000000 0.000000 1.000000
65744 0.000000 0.000000 0.000000 1.000000
65745 0.000000 0.000000 0.000000 1.000000
65746 0.000000 0.000000 0.000000 1.000000
65747 0.000000 0.000000 0.000000 1.000000
65748 0.000000 0.000000 0.000000 1.000000
65749 0.000000 0.000000 0.000000 1.000000
65750 0.000000 0.000000 0.000000 1.000000
65751 0.000000 0.000000 0.000000 1.000000
65752 0.000000 0.000000 0.000000 1.000000
65753 0.000000 0.000000 0.000000 1.000000
65754 0.000000 0.000000 0.000000 1.000000
65755 0.000000 0.000000 0.000000 1.000000
65756 0.000000 0.000000 0.000000 1.000000
65757 0.000000 0.000000 0.000000 1.000000
65758 0.000000 0.000000 0.000000 1.000000
65759 0.000000 0.000000 0.000000 1.000000
65760 0.000000 0.000000 0.000000 1.000000
65761 0.000000 0.000000 0.000000 1.000000
71117 0.000000 0.000000 0.000000 1.000000
71118 0.000000 0.000000 0.000000 1.000000
71119 0.000000 0.000000 0.000000 1.000000
71120 0.000000 0.000000 0.000000 1.000000
71121 0.000000 0.000000 0.000000 1.000000
71130 0.000000 0.000000 0.000000 1.000000
71131 0.000000 0.000000 0.000000 1.000000
71132 0.000000 0.000000 0.000000 1.000000
71133 0.000000 0.000000 0.000000 1.000000
71134 0.000000 0.000000 0.000000 1.000000
71135 0.000000 0.000000 0.000000 1.000000
71136 0.000000 0.000000 0.000000 1.000000
71137 0.000000 0.000000 0.000000 1.000000
71138 0.000000 0.000000 0.000000 1.000000
71139 0.000000 0.000000 0.000000 1.000000
71140 0.000000 0.000000 0.000000 1.000000
71141 0.000000 0.000000 0.000000 1.000000
71142 0.000000 0.000000 0.000000 1.000000
71143 0.000000 0.000000 0.000000 1.000000
71144 0.000000 0.000000 0.000000 1.000000
71145 0.000000 0.000000 0.000000 1.000000
71146 0.000000 0.000000 0.000000 1.000000
71147 0.000000 0.000000 0.000000 1.000000
71148 0.000000 0.000000 0.000000 1.000000
71149 0.000000 0.000000 0.000000 1.000000
71150 0.000000 0.000000 0.000000 1.000000
71151 0.000000 0.000000 0.000000 1.000000
71152 0.000000 0.000000 0.000000 1.000000
71153 0.000000 0.000000 0.000000 1.000000
71154 0.000000 0.000000 0.000000 1.000000
71155 0.000000 0.000000 0.000000 1.000000
71156 0.000000 0.000000 0.000000 1.000000
71157 0.000000 0.000000 0.000000 1.000000
71158 0.000000 0.000000 0.000000 1.000000
71159 0.000000 0.000000 0.000000 1.000000
71160 0.000000 0.000000 0.000000 1.000000
71161 0.000000 0.000000 0.000000 1.000000
71162 0.000000 0.000000 0.000000 1.000000
71163 0.000000 0.000000 0.000000 1.000000
71164 0.000000 0.000000 0.000000 1.000000
71165 0.000000 0.000000 0.000000 1.000000
71166 0.000000 0.000000 0.000000 1.000000
73620 0.000000 0.000000 0.000000 1.000000
73621 0.000000 0.000000 0.000000 1.000000
77670 0.000000 0.000000 0.000000 1.000000
77671 0.000000 0.000000 0.000000 1.000000
77672 0.000000 0.000000 0.000000 1.000000
77673 0.000000 0.000000 0.000000 1.000000
77674 0.000000 0.000000 0.000000 1.000000
77675 0.000000 0.000000 0.000000 1.000000
77677 0.000000 0.000000 0.000000 1.000000
77678 0.000000 0.000000 0.000000 1.000000
77679 0.000000 0.000000 0.000000 1.000000
77680 0.000000 0.000000 0.000000 1.000000
77722 0.000000 0.000000 0.000000 1.000000
77725 0.000000 0.000000 0.000000 1.000000
77731 0.000000 0.000000 0.000000 1.000000
77732 0.000000 0.000000 0.000000 1.000000
77733 0.000000 0.000000 0.000000 1.000000
77734 0.000000 0.000000 0.000000 1.000000
77735 0.000000 0.000000 0.000000 1.000000
77736 0.000000 0.000000 0.000000 1.000000
77737 0.000000 0.000000 0.000000 1.000000
77738 0.000000 0.000000 0.000000 1.000000
77739 0.000000 0.000000 0.000000 1.000000
77740 0.000000 0.000000 0.000000 1.000000
77741 0.000000 0.000000 0.000000 1.000000
77742 0.000000 0.000000 0.000000 1.000000
77743 0.000000 0.000000 0.000000 1.000000
77744 0.000000 0.000000 0.000000 1.000000
77745 0.000000 0.000000 0.000000 1.000000
77746 0.000000 0.000000 0.000000 1.000000
77747 0.000000 0.000000 0.000000 1.000000
77748 0.000000 0.000000 0.000000 1.000000
77749 0.000000 0.000000 0.000000 1.000000
77750 0.000000 0.000000 0.000000 1.000000
77751 0.000000 0.000000 0.000000 1.000000
77752 0.000000 0.000000 0.000000 1.000000
77753 0.000000 0.000000 0.000000 1.000000
77754 0.000000 0.000000 0.000000 1.000000
77755 0.000000 0.000000 0.000000 1.000000
77756 0.000000 0.000000 0.000000 1.000000
77757 0.000000 0.000000 0.000000 1.000000
77758 0.000000 0.000000 0.000000 1.000000
77759 0.000000 0.000000 0.000000 1.000000
77760 0.000000 0.000000 0.000000 1.000000
84262 0.000000 0.000000 0.000000 1.000000
84263 0.000000 0.000000 0.000000 1.000000
84264 0.000000 0.000000 0.000000 1.000000
84265 0.000000 0.000000 0.000000 1.000000
84266 0.000000 0.000000 0.000000 1.000000
84267 0.000000 0.000000 0.000000 1.000000
84268 0.000000 0.000000 0.000000 1.000000
84269 0.000000 0.000000 0.000000 1.000000
84273 0.000000 0.000000 0.000000 1.000000
84274 0.000000 0.000000 0.000000 1.000000
84275 0.000000 0.000000 0.000000 1.000000
84276 0.000000 0.000000 0.000000 1.000000
84277 0.000000 0.000000 0.000000 1.000000
84278 0.000000 0.000000 0.000000 1.000000
84279 0.000000 0.000000 0.000000 1.000000
84280 0.000000 0.000000 0.000000 1.000000
84281 0.000000 0.000000 0.000000 1.000000
84282 0.000000 0.000000 0.000000 1.000000
84283 0.000000 0.000000 0.000000 1.000000
84284 0.000000 0.000000 0.000000 1.000000
84304 0.000000 0.000000 0.000000 1.000000
84305 0.000000 0.000000 0.000000 1.000000
84306 0.000000 0.000000 0.000000 1.000000
84307 0.000000 0.000000 0.000000 1.000000
84308 0.000000 0.000000 0.000000 1.000000
84309 0.000000 0.000000 0.000000 1.000000
84313 0.000000 0.000000 0.000000 1.000000
84323 0.000000 0.000000 0.000000 1.000000
84328 0.000000 0.000000 0.000000 1.000000
84329 0.000000 0.000000 0.000000 1.000000
84396 0.000000 0.000000 0.000000 1.000000
84397 0.000000 0.000000 0.000000 1.000000
84398 0.000000 0.000000 0.000000 1.000000
84399 0.000000 0.000000 0.000000 1.000000
84403 0.000000 0.000000 0.000000 1.000000
92198 0.000000 0.000000 0.000000 1.000000
92199 0.000000 0.000000 0.000000 1.000000
92632 0.000000 0.000000 0.000000 1.000000
92633 0.000000 0.000000 0.000000 1.000000
92634 0.000000 0.000000 0.000000 1.000000
92635 0.000000 0.000000 0.000000 1.000000
92636 0.000000 0.000000 0.000000 1.000000
92637 0.000000 0.000000 0.000000 1.000000
92638 0.000000 0.000000 0.000000 1.000000
92639 0.000000 0.000000 0.000000 1.000000
92640 0.000000 0.000000 0.000000 1.000000
93712 0.000000 0.000000 0.000000 1.000000
93713 0.000000 0.000000 0.000000 1.000000
93714 0.000000 0.000000 0.000000 1.000000
93715 0.000000 0.000000 0.000000 1.000000
93716 0.000000 0.000000 0.000000 1.000000
93717 0.000000 0.000000 0.000000 1.000000
93718 0.000000 0.000000 0.000000 1.000000
93719 0.000000 0.000000 0.000000 1.000000
93720 0.000000 0.000000 0.000000 1.000000
94207 0.000000 0.000000 0.000000 1.000000
94209 0.000000 0.000000 0.000000 1.000000
95017 0.000000 0.000000 0.000000 1.000000
95018 0.000000 0.000000 0.000000 1.000000
95019 0.000000 0.000000 0.000000 1.000000
95020 0.000000 0.000000 0.000000 1.000000
95021 0.000000 0.000000 0.000000 1.000000
95022 0.000000 0.000000 0.000000 1.000000
95023 0.000000 0.000000 0.000000 1.000000
95024 0.000000 0.000000 0.000000 1.000000
95025 0.000000 0.000000 0.000000 1.000000
95026 0.000000 0.000000 0.000000 1.000000
95027 0.000000 0.000000 0.000000 1.000000
95028 0.000000 0.000000 0.000000 1.000000
95029 0.000000 0.000000 0.000000 1.000000
95030 0.000000 0.000000 0.000000 1.000000
95031 0.000000 0.000000 0.000000 1.000000
95032 0.000000 0.000000 0.000000 1.000000
95033 0.000000 0.000000 0.000000 1.000000
95034 0.000000 0.000000 0.000000 1.000000
98032 0.000000 0.000000 0.000000 1.000000
98033 0.000000 0.000000 0.000000 1.000000
98034 0.000000 0.000000 0.000000 1.000000
98035 0.000000 0.000000 0.000000 1.000000
98036 0.000000 0.000000 0.000000 1.000000
98037 0.000000 0.000000 0.000000 1.000000
98038 0.000000 0.000000 0.000000 1.000000
98039 0.000000 0.000000 0.000000 1.000000
98040 0.000000 0.000000 0.000000 1.000000
99337 0.000000 0.000000 0.000000 1.000000
99338 0.000000 0.000000 0.000000 1.000000
99339 0.000000 0.000000 0.000000 1.000000
99340 0.000000 0.000000 0.000000 1.000000
99341 0.000000 0.000000 0.000000 1.000000
99342 0.000000 0.000000 0.000000 1.000000
99343 0.000000 0.000000 0.000000 1.000000
99344 0.000000 0.000000 0.000000 1.000000
99345 0.000000 0.000000 0.000000 1.000000
99346 0.000000 0.000000 0.000000 1.000000
99347 0.000000 0.000000 0.000000 1.000000
99348 0.000000 0.000000 0.000000 1.000000
99349 0.000000 0.000000 0.000000 1.000000
99350 0.000000 0.000000 0.000000 1.000000
99351 0.000000 0.000000 0.000000 1.000000
99352 0.000000 0.000000 0.000000 1.000000
99353 0.000000 0.000000 0.000000 1.000000
99354 0.000000 0.000000 0.000000 1.000000
99355 0.000000 0.000000 0.000000 1.000000
99356 0.000000 0.000000 0.000000 1.000000
99357 0.000000 0.000000 0.000000 1.000000
99358 0.000000 0.000000 0.000000 1.000000
99359 0.000000 0.000000 0.000000 1.000000
99360 0.000000 0.000000 0.000000 1.000000
99361 0.000000 0.000000 0.000000 1.000000
102576 0.000000 0.000000 0.000000 1.000000
102582 0.000000 0.000000 0.000000 1.000000
102583 0.000000 0.000000 0.000000 1.000000
102584 0.000000 0.000000 0.000000 1.000000
102585 0.000000 0.000000 0.000000 1.000000
102586 0.000000 0.000000 0.000000 1.000000
102587 0.000000 0.000000 0.000000 1.000000
102588 0.000000 0.000000 0.000000 1.000000
102589 0.000000 0.000000 0.000000 1.000000
102590 0.000000 0.000000 0.000000 1.000000
102591 0.000000 0.000000 0.000000 1.000000
102592 0.000000 0.000000 0.000000 1.000000
102593 0.000000 0.000000 0.000000 1.000000
102594 0.000000 0.000000 0.000000 1.000000
102595 0.000000 0.000000 0.000000 1.000000
102596 0.000000 0.000000 0.000000 1.000000
102597 0.000000 0.000000 0.000000 1.000000
102598 0.000000 0.000000 0.000000 1.000000
102599 0.000000 0.000000 0.000000 1.000000
102600 0.000000 0.000000 0.000000 1.000000
102601 0.000000 0.000000 0.000000 1.000000
102602 0.000000 0.000000 0.000000 1.000000
102603 0.000000 0.000000 0.000000 1.000000
106506 0.000000 0.000000 0.000000 1.000000
106507 0.000000 0.000000 0.000000 1.000000
106508 0.000000 0.000000 0.000000 1.000000
106509 0.000000 0.000000 0.000000 1.000000
106510 0.000000 0.000000 0.000000 1.000000
106511 0.000000 0.000000 0.000000 1.000000
106512 0.000000 0.000000 0.000000 1.000000
106537 0.000000 0.000000 0.000000 1.000000
106538 0.000000 0.000000 0.000000 1.000000
106539 0.000000 0.000000 0.000000 1.000000
106540 0.000000 0.000000 0.000000 1.000000
106541 0.000000 0.000000 0.000000 1.000000
106542 0.000000 0.000000 0.000000 1.000000
106543 0.000000 0.000000 0.000000 1.000000
106544 0.000000 0.000000 0.000000 1.000000
106545 0.000000 0.000000 0.000000 1.000000
106546 0.000000 0.000000 0.000000 1.000000
106547 0.000000 0.000000 0.000000 1.000000
106548 0.000000 0.000000 0.000000 1.000000
106549 0.000000 0.000000 0.000000 1.000000
106550 0.000000 0.000000 0.000000 1.000000
106552 0.000000 0.000000 0.000000 1.000000
106553 0.000000 0.000000 0.000000 1.000000
106555 0.000000 0.000000 0.000000 1.000000
106556 0.000000 0.000000 0.000000 1.000000
110461 0.000000 0.000000 0.000000 1.000000
110462 0.000000 0.000000 0.000000 1.000000
110463 0.000000 0.000000 0.000000 1.000000
110464 0.000000 0.000000 0.000000 1.000000
110465 0.000000 0.000000 0.000000 1.000000
110470 0.000000 0.000000 0.000000 1.000000
110471 0.000000 0.000000 0.000000 1.000000
110472 0.000000 0.000000 0.000000 1.000000
110473 0.000000 0.000000 0.000000 1.000000
110474 0.000000 0.000000 0.000000 1.000000
115290 0.000000 0.000000 0.000000 1.000000
115291 0.000000 0.000000 0.000000 1.000000
115292 0.000000 0.000000 0.000000 1.000000
115293 0.000000 0.000000 0.000000 1.000000
116302 0.000000 0.000000 0.000000 1.000000
116303 0.000000 0.000000 0.000000 1.000000
116304 0.000000 0.000000 0.000000 1.000000
116305 0.000000 0.000000 0.000000 1.000000
116306 0.000000 0.000000 0.000000 1.000000
116307 0.000000 0.000000 0.000000 1.000000
116308 0.000000 0.000000 0.000000 1.000000
116309 0.000000 0.000000 0.000000 1.000000
116310 0.000000 0.000000 0.000000 1.000000
116311 0.000000 0.000000 0.000000 1.000000
116312 0.000000 0.000000 0.000000 1.000000
116313 0.000000 0.000000 0.000000 1.000000
116314 0.000000 0.000000 0.000000 1.000000
116315 0.000000 0.000000 0.000000 1.000000
116316 0.000000 0.000000 0.000000 1.000000
116317 0.000000 0.000000 0.000000 1.000000
116318 0.000000 0.000000 0.000000 1.000000
116319 0.000000 0.000000 0.000000 1.000000
116320 0.000000 0.000000 0.000000 1.000000
116321 0.000000 0.000000 0.000000 1.000000
116322 0.000000 0.000000 0.000000 1.000000
118822 0.000000 0.000000 0.000000 1.000000
118823 0.000000 0.000000 0.000000 1.000000
118824 0.000000 0.000000 0.000000 1.000000
118825 0.000000 0.000000 0.000000 1.000000
118826 0.000000 0.000000 0.000000 1.000000
118827 0.000000 0.000000 0.000000 1.000000
118828 0.000000 0.000000 0.000000 1.000000
118829 0.000000 0.000000 0.000000 1.000000
118830 0.000000 0.000000 0.000000 1.000000
118831 0.000000 0.000000 0.000000 1.000000
118832 0.000000 0.000000 0.000000 1.000000
118833 0.000000 0.000000 0.000000 1.000000
118834 0.000000 0.000000 0.000000 1.000000
118835 0.000000 0.000000 0.000000 1.000000
118836 0.000000 0.000000 0.000000 1.000000
118837 0.000000 0.000000 0.000000 1.000000
118838 0.000000 0.000000 0.000000 1.000000
118839 0.000000 0.000000 0.000000 1.000000
118840 0.000000 0.000000 0.000000 1.000000
118841 0.000000 0.000000 0.000000 1.000000
118842 0.000000 0.000000 0.000000 1.000000
121878 0.000000 0.000000 0.000000 1.000000
121879 0.000000 0.000000 0.000000 1.000000
121880 0.000000 0.000000 0.000000 1.000000
121881 0.000000 0.000000 0.000000 1.000000
121882 0.000000 0.000000 0.000000 1.000000
121883 0.000000 0.000000 0.000000 1.000000
121884 0.000000 0.000000 0.000000 1.000000
121885 0.000000 0.000000 0.000000 1.000000
121886 0.000000 0.000000 0.000000 1.000000
121901 0.000000 0.000000 0.000000 1.000000
121902 0.000000 0.000000 0.000000 1.000000
121903 0.000000 0.000000 0.000000 1.000000
121904 0.000000 0.000000 0.000000 1.000000
121905 0.000000 0.000000 0.000000 1.000000
121906 0.000000 0.000000 0.000000 1.000000
121907 0.000000 0.000000 0.000000 1.000000
121908 0.000000 0.000000 0.000000 1.000000
121909 0.000000 0.000000 0.000000 1.000000
121910 0.000000 0.000000 0.000000 1.000000
121911 0.000000 0.000000 0.000000 1.000000
121912 0.000000 0.000000 0.000000 1.000000
121913 0.000000 0.000000 0.000000 1.000000
121916 0.000000 0.000000 0.000000 1.000000
128885 0.000000 0.000000 0.000000 1.000000
128886 0.000000 0.000000 0.000000 1.000000
128887 0.000000 0.000000 0.000000 1.000000
128888 0.000000 0.000000 0.000000 1.000000
128889 0.000000 0.000000 0.000000 1.000000
128890 0.000000 0.000000 0.000000 1.000000
128891 0.000000 0.000000 0.000000 1.000000
128892 0.000000 0.000000 0.000000 1.000000
128893 0.000000 0.000000 0.000000 1.000000
128894 0.000000 0.000000 0.000000 1.000000
128895 0.000000 0.000000 0.000000 1.000000
129922 0.000000 0.000000 0.000000 1.000000
129923 0.000000 0.000000 0.000000 1.000000
129924 0.000000 0.000000 0.000000 1.000000
129925 0.000000 0.000000 0.000000 1.000000
129926 0.000000 0.000000 0.000000 1.000000
131632 0.000000 0.000000 0.000000 1.000000
131633 0.000000 0.000000 0.000000 1.000000
131634 0.000000 0.000000 0.000000 1.000000
131635 0.000000 0.000000 0.000000 1.000000
131636 0.000000 0.000000 0.000000 1.000000
131637 0.000000 0.000000 0.000000 1.000000
131638 0.000000 0.000000 0.000000 1.000000
131639 0.000000 0.000000 0.000000 1.000000
131640 0.000000 0.000000 0.000000 1.000000
131641 0.000000 0.000000 0.000000 1.000000
131642 0.000000 0.000000 0.000000 1.000000
131643 0.000000 0.000000 0.000000 1.000000
131644 0.000000 0.000000 0.000000 1.000000
131645 0.000000 0.000000 0.000000 1.000000
131646 0.000000 0.000000 0.000000 1.000000
131647 0.000000 0.000000 0.000000 1.000000
131648 0.000000 0.000000 0.000000 1.000000
131649 0.000000 0.000000 0.000000 1.000000
131650 0.000000 0.000000 0.000000 1.000000
131651 0.000000 0.000000 0.000000 1.000000
131652 0.000000 0.000000 0.000000 1.000000
131653 0.000000 0.000000 0.000000 1.000000
131654 0.000000 0.000000 0.000000 1.000000
131655 0.000000 0.000000 0.000000 1.000000
131656 0.000000 0.000000 0.000000 1.000000
131657 0.000000 0.000000 0.000000 1.000000
131658 0.000000 0.000000 0.000000 1.000000
131659 0.000000 0.000000 0.000000 1.000000
131660 0.000000 0.000000 0.000000 1.000000
131661 0.000000 0.000000 0.000000 1.000000
131662 0.000000 0.000000 0.000000 1.000000
131663 0.000000 0.000000 0.000000 1.000000
131664 0.000000 0.000000 0.000000 1.000000
131665 0.000000 0.000000 0.000000 1.000000
131666 0.000000 0.000000 0.000000 1.000000
131667 0.000000 0.000000 0.000000 1.000000
131668 0.000000 0.000000 0.000000 1.000000
131669 0.000000 0.000000 0.000000 1.000000
131670 0.000000 0.000000 0.000000 1.000000
131671 0.000000 0.000000 0.000000 1.000000
131672 0.000000 0.000000 0.000000 1.000000
131673 0.000000 0.000000 0.000000 1.000000
131674 0.000000 0.000000 0.000000 1.000000
131675 0.000000 0.000000 0.000000 1.000000
131676 0.000000 0.000000 0.000000 1.000000
131677 0.000000 0.000000 0.000000 1.000000
131678 0.000000 0.000000 0.000000 1.000000
131679 0.000000 0.000000 0.000000 1.000000
131680 0.000000 0.000000 0.000000 1.000000
131681 0.000000 0.000000 0.000000 1.000000
131682 0.000000 0.000000 0.000000 1.000000
131683 0.000000 0.000000 0.000000 1.000000
131684 0.000000 0.000000 0.000000 1.000000
138444 0.000000 0.000000 0.000000 1.000000
138445 0.000000 0.000000 0.000000 1.000000
138446 0.000000 0.000000 0.000000 1.000000
138447 0.000000 0.000000 0.000000 1.000000
138457 0.000000 0.000000 0.000000 1.000000
138458 0.000000 0.000000 0.000000 1.000000
138460 0.000000 0.000000 0.000000 1.000000
138461 0.000000 0.000000 0.000000 1.000000
138462 0.000000 0.000000 0.000000 1.000000
138463 0.000000 0.000000 0.000000 1.000000
138466 0.000000 0.000000 0.000000 1.000000
138467 0.000000 0.000000 0.000000 1.000000
138468 0.000000 0.000000 0.000000 1.000000
138469 0.000000 0.000000 0.000000 1.000000
138470 0.000000 0.000000 0.000000 1.000000
138471 0.000000 0.000000 0.000000 1.000000
138472 0.000000 0.000000 0.000000 1.000000
138473 0.000000 0.000000 0.000000 1.000000
138474 0.000000 0.000000 0.000000 1.000000
138475 0.000000 0.000000 0.000000 1.000000
138476 0.000000 0.000000 0.000000 1.000000
138477 0.000000 0.000000 0.000000 1.000000
138478 0.000000 0.000000 0.000000 1.000000
138479 0.000000 0.000000 0.000000 1.000000
138480 0.000000 0.000000 0.000000 1.000000
138481 0.000000 0.000000 0.000000 1.000000
138482 0.000000 0.000000 0.000000 1.000000
138483 0.000000 0.000000 0.000000 1.000000
138484 0.000000 0.000000 0.000000 1.000000
138485 0.000000 0.000000 0.000000 1.000000
138486 0.000000 0.000000 0.000000 1.000000
138487 0.000000 0.000000 0.000000 1.000000
138488 0.000000 0.000000 0.000000 1.000000
138489 0.000000 0.000000 0.000000 1.000000
138490 0.000000 0.000000 0.000000 1.000000
138491 0.000000 0.000000 0.000000 1.000000
138492 0.000000 0.000000 0.000000 1.000000
138493 0.000000 0.000000 0.000000 1.000000
138494 0.000000 0.000000 0.000000 1.000000
138495 0.000000 0.000000 0.000000 1.000000
138496 0.000000 0.000000 0.000000 1.000000
138497 0.000000 0.000000 0.000000 1.000000
138498 0.000000 0.000000 0.000000 1.000000
138499 0.000000 0.000000 0.000000 1.000000
138500 0.000000 0.000000 0.000000 1.000000
138501 0.000000 0.000000 0.000000 1.000000
141501 0.000000 0.000000 0.000000 1.000000
146425 0.000000 0.000000 0.000000 1.000000
146426 0.000000 0.000000 0.000000 1.000000
146427 0.000000 0.000000 0.000000 1.000000
146428 0.000000 0.000000 0.000000 1.000000
146429 0.000000 0.000000 0.000000 1.000000
146430 0.000000 0.000000 0.000000 1.000000
146434 0.000000 0.000000 0.000000 1.000000
146435 0.000000 0.000000 0.000000 1.000000
146436 0.000000 0.000000 0.000000 1.000000
146439 0.000000 0.000000 0.000000 1.000000
146499 0.000000 0.000000 0.000000 1.000000
146500 0.000000 0.000000 0.000000 1.000000
146501 0.000000 0.000000 0.000000 1.000000
146502 0.000000 0.000000 0.000000 1.000000
146503 0.000000 0.000000 0.000000 1.000000
146504 0.000000 0.000000 0.000000 1.000000
146505 0.000000 0.000000 0.000000 1.000000
146506 0.000000 0.000000 0.000000 1.000000
146507 0.000000 0.000000 0.000000 1.000000
146508 0.000000 0.000000 0.000000 1.000000
146509 0.000000 0.000000 0.000000 1.000000
146510 0.000000 0.000000 0.000000 1.000000
146511 0.000000 0.000000 0.000000 1.000000
146512 0.000000 0.000000 0.000000 1.000000
146513 0.000000 0.000000 0.000000 1.000000
146514 0.000000 0.000000 0.000000 1.000000
146515 0.000000 0.000000 0.000000 1.000000
146516 0.000000 0.000000 0.000000 1.000000
146517 0.000000 0.000000 0.000000 1.000000
146518 0.000000 0.000000 0.000000 1.000000
146519 0.000000 0.000000 0.000000 1.000000
146520 0.000000 0.000000 0.000000 1.000000
146521 0.000000 0.000000 0.000000 1.000000
146522 0.000000 0.000000 0.000000 1.000000
146523 0.000000 0.000000 0.000000 1.000000
146524 0.000000 0.000000 0.000000 1.000000
146525 0.000000 0.000000 0.000000 1.000000
146526 0.000000 0.000000 0.000000 1.000000
146527 0.000000 0.000000 0.000000 1.000000
146528 0.000000 0.000000 0.000000 1.000000
146529 0.000000 0.000000 0.000000 1.000000
146530 0.000000 0.000000 0.000000 1.000000
146531 0.000000 0.000000 0.000000 1.000000
146532 0.000000 0.000000 0.000000 1.000000
146533 0.000000 0.000000 0.000000 1.000000
149259 0.000000 0.000000 0.000000 1.000000
149260 0.000000 0.000000 0.000000 1.000000
149261 0.000000 0.000000 0.000000 1.000000
154362 0.000000 0.000000 0.000000 1.000000
154363 0.000000 0.000000 0.000000 1.000000
154364 0.000000 0.000000 0.000000 1.000000
154365 0.000000 0.000000 0.000000 1.000000
154366 0.000000 0.000000 0.000000 1.000000
154367 0.000000 0.000000 0.000000 1.000000
154368 0.000000 0.000000 0.000000 1.000000
154369 0.000000 0.000000 0.000000 1.000000
154370 0.000000 0.000000 0.000000 1.000000
154371 0.000000 0.000000 0.000000 1.000000
154372 0.000000 0.000000 0.000000 1.000000
154373 0.000000 0.000000 0.000000 1.000000
154374 0.000000 0.000000 0.000000 1.000000
154375 0.000000 0.000000 0.000000 1.000000
154376 0.000000 0.000000 0.000000 1.000000
154377 0.000000 0.000000 0.000000 1.000000
154378 0.000000 0.000000 0.000000 1.000000
154379 0.000000 0.000000 0.000000 1.000000
154380 0.000000 0.000000 0.000000 1.000000
154381 0.000000 0.000000 0.000000 1.000000
154382 0.000000 0.000000 0.000000 1.000000
154383 0.000000 0.000000 0.000000 1.000000
154384 0.000000 0.000000 0.000000 1.000000
154385 0.000000 0.000000 0.000000 1.000000
154386 0.000000 0.000000 0.000000 1.000000
154387 0.000000 0.000000 0.000000 1.000000
154388 0.000000 0.000000 0.000000 1.000000
154408 0.000000 0.000000 0.000000 1.000000
154409 0.000000 0.000000 0.000000 1.000000
154411 0.000000 0.000000 0.000000 1.000000
154412 0.000000 0.000000 0.000000 1.000000
154413 0.000000 0.000000 0.000000 1.000000
154414 0.000000 0.000000 0.000000 1.000000
154415 0.000000 0.000000 0.000000 1.000000
154416 0.000000 0.000000 0.000000 1.000000
154417 0.000000 0.000000 0.000000 1.000000
154418 0.000000 0.000000 0.000000 1.000000
154419 0.000000 0.000000 0.000000 1.000000
154420 0.000000 0.000000 0.000000 1.000000
154421 0.000000 0.000000 0.000000 1.000000
154422 0.000000 0.000000 0.000000 1.000000
154423 0.000000 0.000000 0.000000 1.000000
154424 0.000000 0.000000 0.000000 1.000000
154433 0.000000 0.000000 0.000000 1.000000
154434 0.000000 0.000000 0.000000 1.000000
154435 0.000000 0.000000 0.000000 1.000000
154436 0.000000 0.000000 0.000000 1.000000
154438 0.000000 0.000000 0.000000 1.000000
154439 0.000000 0.000000 0.000000 1.000000
154440 0.000000 0.000000 0.000000 1.000000
154441 0.000000 0.000000 0.000000 1.000000
154442 0.000000 0.000000 0.000000 1.000000
154521 0.000000 0.000000 0.000000 1.000000
154522 0.000000 0.000000 0.000000 1.000000
154523 0.000000 0.000000 0.000000 1.000000
154524 0.000000 0.000000 0.000000 1.000000
154525 0.000000 0.000000 0.000000 1.000000
154526 0.000000 0.000000 0.000000 1.000000
154528 0.000000 0.000000 0.000000 1.000000
154529 0.000000 0.000000 0.000000 1.000000
154530 0.000000 0.000000 0.000000 1.000000
154531 0.000000 0.000000 0.000000 1.000000
154532 0.000000 0.000000 0.000000 1.000000
154541 0.000000 0.000000 0.000000 1.000000
