#
1220
294 0.000000 0.000000 0.000000 1.000000
409 0.000000 0.000000 0.000000 1.000000
410 0.000000 0.000000 0.000000 1.000000
411 0.000000 0.000000 0.000000 1.000000
412 0.000000 0.000000 0.000000 1.000000
923 0.000000 0.000000 0.000000 1.000000
1245 0.000000 0.000000 0.000000 1.000000
1246 0.000000 0.000000 0.000000 1.000000
1915 0.000000 0.000000 0.000000 1.000000
1916 0.000000 0.000000 0.000000 1.000000
1917 0.000000 0.000000 0.000000 1.000000
1918 0.000000 0.000000 0.000000 1.000000
1919 0.000000 0.000000 0.000000 1.000000
1920 0.000000 0.000000 0.000000 1.000000
1921 0.000000 0.000000 0.000000 1.000000
1922 0.000000 0.000000 0.000000 1.000000
2089 0.000000 0.000000 0.000000 1.000000
2090 0.000000 0.000000 0.000000 1.000000
2327 0.000000 0.000000 0.000000 1.000000
3165 0.000000 0.000000 0.000000 1.000000
3166 0.000000 0.000000 0.000000 1.000000
3762 0.000000 0.000000 0.000000 1.000000
3764 0.000000 0.000000 0.000000 1.000000
4207 0.000000 0.000000 0.000000 1.000000
4208 0.000000 0.000000 0.000000 1.000000
4209 0.000000 0.000000 0.000000 1.000000
4210 0.000000 0.000000 0.000000 1.000000
4211 0.000000 0.000000 0.000000 1.000000
4212 0.000000 0.000000 0.000000 1.000000
4213 0.000000 0.000000 0.000000 1.000000
4214 0.000000 0.000000 0.000000 1.000000
4217 0.000000 0.000000 0.000000 1.000000
4219 0.000000 0.000000 0.000000 1.000000
4220 0.000000 0.000000 0.000000 1.000000
4221 0.000000 0.000000 0.000000 1.000000
4222 0.000000 0.000000 0.000000 1.000000
4224 0.000000 0.000000 0.000000 1.000000
4593 0.000000 0.000000 0.000000 1.000000
4596 0.000000 0.000000 0.000000 1.000000
4597 0.000000 0.000000 0.000000 1.000000
5175 0.000000 0.000000 0.000000 1.000000
5176 0.000000 0.000000 0.000000 1.000000
5177 0.000000 0.000000 0.000000 1.000000
5179 0.000000 0.000000 0.000000 1.000000
6272 0.000000 0.000000 0.000000 1.000000
6849 0.000000 0.000000 0.000000 1.000000
6850 0.000000 0.000000 0.000000 1.000000
6851 0.000000 0.000000 0.000000 1.000000
6852 0.000000 0.000000 0.000000 1.000000
8353 0.000000 0.000000 0.000000 1.000000
8355 0.000000 0.000000 0.000000 1.000000
8356 0.000000 0.000000 0.000000 1.000000
8357 0.000000 0.000000 0.000000 1.000000
8358 0.000000 0.000000 0.000000 1.000000
8359 0.000000 0.000000 0.000000 1.000000
8360 0.000000 0.000000 0.000000 1.000000
8361 0.000000 0.000000 0.000000 1.000000
8362 0.000000 0.000000 0.000000 1.000000
8363 0.000000 0.000000 0.000000 1.000000
8365 0.000000 0.000000 0.000000 1.000000
8366 0.000000 0.000000 0.000000 1.000000
8367 0.000000 0.000000 0.000000 1.000000
8368 0.000000 0.000000 0.000000 1.000000
8369 0.000000 0.000000 0.000000 1.000000
8370 0.000000 0.000000 0.000000 1.000000
8371 0.000000 0.000000 0.000000 1.000000
8372 0.000000 0.000000 0.000000 1.000000
8833 0.000000 0.000000 0.000000 1.000000
8834 0.000000 0.000000 0.000000 1.000000
8835 0.000000 0.000000 0.000000 1.000000
8836 0.000000 0.000000 0.000000 1.000000
8837 0.000000 0.000000 0.000000 1.000000
8838 0.000000 0.000000 0.000000 1.000000
9540 0.000000 0.000000 0.000000 1.000000
9541 0.000000 0.000000 0.000000 1.000000
9542 0.000000 0.000000 0.000000 1.000000
9543 0.000000 0.000000 0.000000 1.000000
9544 0.000000 0.000000 0.000000 1.000000
10845 0.000000 0.000000 0.000000 1.000000
10846 0.000000 0.000000 0.000000 1.000000
11442 0.000000 0.000000 0.000000 1.000000
11443 0.000000 0.000000 0.000000 1.000000
11444 0.000000 0.000000 0.000000 1.000000
11887 0.000000 0.000000 0.000000 1.000000
11888 0.000000 0.000000 0.000000 1.000000
11889 0.000000 0.000000 0.000000 1.000000
11890 0.000000 0.000000 0.000000 1.000000
11891 0.000000 0.000000 0.000000 1.000000
11892 0.000000 0.000000 0.000000 1.000000
11893 0.000000 0.000000 0.000000 1.000000
11894 0.000000 0.000000 0.000000 1.000000
11898 0.000000 0.000000 0.000000 1.000000
11899 0.000000 0.000000 0.000000 1.000000
11900 0.000000 0.000000 0.000000 1.000000
11901 0.000000 0.000000 0.000000 1.000000
11902 0.000000 0.000000 0.000000 1.000000
11903 0.000000 0.000000 0.000000 1.000000
11904 0.000000 0.000000 0.000000 1.000000
12855 0.000000 0.000000 0.000000 1.000000
12856 0.000000 0.000000 0.000000 1.000000
12857 0.000000 0.000000 0.000000 1.000000
14293 0.000000 0.000000 0.000000 1.000000
15255 0.000000 0.000000 0.000000 1.000000
15256 0.000000 0.000000 0.000000 1.000000
15257 0.000000 0.000000 0.000000 1.000000
15259 0.000000 0.000000 0.000000 1.000000
18382 0.000000 0.000000 0.000000 1.000000
18383 0.000000 0.000000 0.000000 1.000000
18384 0.000000 0.000000 0.000000 1.000000
18385 0.000000 0.000000 0.000000 1.000000
18386 0.000000 0.000000 0.000000 1.000000
18387 0.000000 0.000000 0.000000 1.000000
18388 0.000000 0.000000 0.000000 1.000000
18389 0.000000 0.000000 0.000000 1.000000
18390 0.000000 0.000000 0.000000 1.000000
18391 0.000000 0.000000 0.000000 1.000000
18392 0.000000 0.000000 0.000000 1.000000
18393 0.000000 0.000000 0.000000 1.000000
18394 0.000000 0.000000 0.000000 1.000000
18395 0.000000 0.000000 0.000000 1.000000
18396 0.000000 0.000000 0.000000 1.000000
18397 0.000000 0.000000 0.000000 1.000000
18398 0.000000 0.000000 0.000000 1.000000
18399 0.000000 0.000000 0.000000 1.000000
18400 0.000000 0.000000 0.000000 1.000000
18401 0.000000 0.000000 0.000000 1.000000
18402 0.000000 0.000000 0.000000 1.000000
18403 0.000000 0.000000 0.000000 1.000000
18404 0.000000 0.000000 0.000000 1.000000
18408 0.000000 0.000000 0.000000 1.000000
18410 0.000000 0.000000 0.000000 1.000000
18411 0.000000 0.000000 0.000000 1.000000
18412 0.000000 0.000000 0.000000 1.000000
18416 0.000000 0.000000 0.000000 1.000000
18417 0.000000 0.000000 0.000000 1.000000
18418 0.000000 0.000000 0.000000 1.000000
18419 0.000000 0.000000 0.000000 1.000000
18420 0.000000 0.000000 0.000000 1.000000
18421 0.000000 0.000000 0.000000 1.000000
18422 0.000000 0.000000 0.000000 1.000000
18423 0.000000 0.000000 0.000000 1.000000
18424 0.000000 0.000000 0.000000 1.000000
18425 0.000000 0.000000 0.000000 1.000000
18426 0.000000 0.000000 0.000000 1.000000
18427 0.000000 0.000000 0.000000 1.000000
18428 0.000000 0.000000 0.000000 1.000000
18429 0.000000 0.000000 0.000000 1.000000
19533 0.000000 0.000000 0.000000 1.000000
19534 0.000000 0.000000 0.000000 1.000000
19535 0.000000 0.000000 0.000000 1.000000
19536 0.000000 0.000000 0.000000 1.000000
19537 0.000000 0.000000 0.000000 1.000000
19538 0.000000 0.000000 0.000000 1.000000
19539 0.000000 0.000000 0.000000 1.000000
19543 0.000000 0.000000 0.000000 1.000000
19544 0.000000 0.000000 0.000000 1.000000
19545 0.000000 0.000000 0.000000 1.000000
19546 0.000000 0.000000 0.000000 1.000000
19547 0.000000 0.000000 0.000000 1.000000
19549 0.000000 0.000000 0.000000 1.000000
21288 0.000000 0.000000 0.000000 1.000000
21289 0.000000 0.000000 0.000000 1.000000
21290 0.000000 0.000000 0.000000 1.000000
21291 0.000000 0.000000 0.000000 1.000000
21292 0.000000 0.000000 0.000000 1.000000
21293 0.000000 0.000000 0.000000 1.000000
21294 0.000000 0.000000 0.000000 1.000000
21295 0.000000 0.000000 0.000000 1.000000
21297 0.000000 0.000000 0.000000 1.000000
21298 0.000000 0.000000 0.000000 1.000000
21299 0.000000 0.000000 0.000000 1.000000
21301 0.000000 0.000000 0.000000 1.000000
24129 0.000000 0.000000 0.000000 1.000000
24130 0.000000 0.000000 0.000000 1.000000
24131 0.000000 0.000000 0.000000 1.000000
25205 0.000000 0.000000 0.000000 1.000000
25206 0.000000 0.000000 0.000000 1.000000
25207 0.000000 0.000000 0.000000 1.000000
26005 0.000000 0.000000 0.000000 1.000000
26006 0.000000 0.000000 0.000000 1.000000
26007 0.000000 0.000000 0.000000 1.000000
26008 0.000000 0.000000 0.000000 1.000000
26009 0.000000 0.000000 0.000000 1.000000
26010 0.000000 0.000000 0.000000 1.000000
26011 0.000000 0.000000 0.000000 1.000000
26012 0.000000 0.000000 0.000000 1.000000
26013 0.000000 0.000000 0.000000 1.000000
26014 0.000000 0.000000 0.000000 1.000000
26015 0.000000 0.000000 0.000000 1.000000
26016 0.000000 0.000000 0.000000 1.000000
26017 0.000000 0.000000 0.000000 1.000000
26018 0.000000 0.000000 0.000000 1.000000
26023 0.000000 0.000000 0.000000 1.000000
26026 0.000000 0.000000 0.000000 1.000000
26027 0.000000 0.000000 0.000000 1.000000
26028 0.000000 0.000000 0.000000 1.000000
26029 0.000000 0.000000 0.000000 1.000000
26030 0.000000 0.000000 0.000000 1.000000
26031 0.000000 0.000000 0.000000 1.000000
26032 0.000000 0.000000 0.000000 1.000000
26033 0.000000 0.000000 0.000000 1.000000
26034 0.000000 0.000000 0.000000 1.000000
26035 0.000000 0.000000 0.000000 1.000000
26036 0.000000 0.000000 0.000000 1.000000
26700 0.000000 0.000000 0.000000 1.000000
26704 0.000000 0.000000 0.000000 1.000000
26705 0.000000 0.000000 0.000000 1.000000
26706 0.000000 0.000000 0.000000 1.000000
26707 0.000000 0.000000 0.000000 1.000000
27747 0.000000 0.000000 0.000000 1.000000
27748 0.000000 0.000000 0.000000 1.000000
27749 0.000000 0.000000 0.000000 1.000000
27750 0.000000 0.000000 0.000000 1.000000
27751 0.000000 0.000000 0.000000 1.000000
27752 0.000000 0.000000 0.000000 1.000000
27753 0.000000 0.000000 0.000000 1.000000
27754 0.000000 0.000000 0.000000 1.000000
29987 0.000000 0.000000 0.000000 1.000000
29993 0.000000 0.000000 0.000000 1.000000
29994 0.000000 0.000000 0.000000 1.000000
29995 0.000000 0.000000 0.000000 1.000000
29996 0.000000 0.000000 0.000000 1.000000
30008 0.000000 0.000000 0.000000 1.000000
31341 0.000000 0.000000 0.000000 1.000000
31342 0.000000 0.000000 0.000000 1.000000
31343 0.000000 0.000000 0.000000 1.000000
31344 0.000000 0.000000 0.000000 1.000000
31345 0.000000 0.000000 0.000000 1.000000
31346 0.000000 0.000000 0.000000 1.000000
31347 0.000000 0.000000 0.000000 1.000000
31348 0.000000 0.000000 0.000000 1.000000
35350 0.000000 0.000000 0.000000 1.000000
35351 0.000000 0.000000 0.000000 1.000000
35352 0.000000 0.000000 0.000000 1.000000
35353 0.000000 0.000000 0.000000 1.000000
35354 0.000000 0.000000 0.000000 1.000000
35355 0.000000 0.000000 0.000000 1.000000
35356 0.000000 0.000000 0.000000 1.000000
35357 0.000000 0.000000 0.000000 1.000000
35358 0.000000 0.000000 0.000000 1.000000
35359 0.000000 0.000000 0.000000 1.000000
35360 0.000000 0.000000 0.000000 1.000000
35361 0.000000 0.000000 0.000000 1.000000
35362 0.000000 0.000000 0.000000 1.000000
35363 0.000000 0.000000 0.000000 1.000000
35364 0.000000 0.000000 0.000000 1.000000
35365 0.000000 0.000000 0.000000 1.000000
35366 0.000000 0.000000 0.000000 1.000000
35367 0.000000 0.000000 0.000000 1.000000
35368 0.000000 0.000000 0.000000 1.000000
35369 0.000000 0.000000 0.000000 1.000000
35370 0.000000 0.000000 0.000000 1.000000
35371 0.000000 0.000000 0.000000 1.000000
35372 0.000000 0.000000 0.000000 1.000000
35373 0.000000 0.000000 0.000000 1.000000
35374 0.000000 0.000000 0.000000 1.000000
35375 0.000000 0.000000 0.000000 1.000000
35382 0.000000 0.000000 0.000000 1.000000
35383 0.000000 0.000000 0.000000 1.000000
35384 0.000000 0.000000 0.000000 1.000000
35387 0.000000 0.000000 0.000000 1.000000
35388 0.000000 0.000000 0.000000 1.000000
35389 0.000000 0.000000 0.000000 1.000000
35390 0.000000 0.000000 0.000000 1.000000
35391 0.000000 0.000000 0.000000 1.000000
35392 0.000000 0.000000 0.000000 1.000000
35393 0.000000 0.000000 0.000000 1.000000
35394 0.000000 0.000000 0.000000 1.000000
35395 0.000000 0.000000 0.000000 1.000000
35396 0.000000 0.000000 0.000000 1.000000
35397 0.000000 0.000000 0.000000 1.000000
35398 0.000000 0.000000 0.000000 1.000000
35399 0.000000 0.000000 0.000000 1.000000
35400 0.000000 0.000000 0.000000 1.000000
35401 0.000000 0.000000 0.000000 1.000000
35402 0.000000 0.000000 0.000000 1.000000
35412 0.000000 0.000000 0.000000 1.000000
36745 0.000000 0.000000 0.000000 1.000000
36746 0.000000 0.000000 0.000000 1.000000
36747 0.000000 0.000000 0.000000 1.000000
36748 0.000000 0.000000 0.000000 1.000000
36749 0.000000 0.000000 0.000000 1.000000
36750 0.000000 0.000000 0.000000 1.000000
36751 0.000000 0.000000 0.000000 1.000000
36752 0.000000 0.000000 0.000000 1.000000
36753 0.000000 0.000000 0.000000 1.000000
36756 0.000000 0.000000 0.000000 1.000000
36758 0.000000 0.000000 0.000000 1.000000
36759 0.000000 0.000000 0.000000 1.000000
36760 0.000000 0.000000 0.000000 1.000000
36761 0.000000 0.000000 0.000000 1.000000
38860 0.000000 0.000000 0.000000 1.000000
38861 0.000000 0.000000 0.000000 1.000000
38862 0.000000 0.000000 0.000000 1.000000
38863 0.000000 0.000000 0.000000 1.000000
38864 0.000000 0.000000 0.000000 1.000000
38865 0.000000 0.000000 0.000000 1.000000
38866 0.000000 0.000000 0.000000 1.000000
38867 0.000000 0.000000 0.000000 1.000000
38868 0.000000 0.000000 0.000000 1.000000
38869 0.000000 0.000000 0.000000 1.000000
38870 0.000000 0.000000 0.000000 1.000000
38871 0.000000 0.000000 0.000000 1.000000
38872 0.000000 0.000000 0.000000 1.000000
38873 0.000000 0.000000 0.000000 1.000000
41565 0.000000 0.000000 0.000000 1.000000
42161 0.000000 0.000000 0.000000 1.000000
42162 0.000000 0.000000 0.000000 1.000000
42163 0.000000 0.000000 0.000000 1.000000
42164 0.000000 0.000000 0.000000 1.000000
42607 0.000000 0.000000 0.000000 1.000000
42608 0.000000 0.000000 0.000000 1.000000
42609 0.000000 0.000000 0.000000 1.000000
42610 0.000000 0.000000 0.000000 1.000000
42611 0.000000 0.000000 0.000000 1.000000
42612 0.000000 0.000000 0.000000 1.000000
42613 0.000000 0.000000 0.000000 1.000000
42614 0.000000 0.000000 0.000000 1.000000
42619 0.000000 0.000000 0.000000 1.000000
42620 0.000000 0.000000 0.000000 1.000000
42621 0.000000 0.000000 0.000000 1.000000
42622 0.000000 0.000000 0.000000 1.000000
42623 0.000000 0.000000 0.000000 1.000000
42624 0.000000 0.000000 0.000000 1.000000
43575 0.000000 0.000000 0.000000 1.000000
43576 0.000000 0.000000 0.000000 1.000000
43577 0.000000 0.000000 0.000000 1.000000
45975 0.000000 0.000000 0.000000 1.000000
45976 0.000000 0.000000 0.000000 1.000000
45977 0.000000 0.000000 0.000000 1.000000
49102 0.000000 0.000000 0.000000 1.000000
49103 0.000000 0.000000 0.000000 1.000000
49104 0.000000 0.000000 0.000000 1.000000
49105 0.000000 0.000000 0.000000 1.000000
49106 0.000000 0.000000 0.000000 1.000000
49107 0.000000 0.000000 0.000000 1.000000
49108 0.000000 0.000000 0.000000 1.000000
49109 0.000000 0.000000 0.000000 1.000000
49110 0.000000 0.000000 0.000000 1.000000
49111 0.000000 0.000000 0.000000 1.000000
49112 0.000000 0.000000 0.000000 1.000000
49113 0.000000 0.000000 0.000000 1.000000
49114 0.000000 0.000000 0.000000 1.000000
49115 0.000000 0.000000 0.000000 1.000000
49116 0.000000 0.000000 0.000000 1.000000
49117 0.000000 0.000000 0.000000 1.000000
49118 0.000000 0.000000 0.000000 1.000000
49119 0.000000 0.000000 0.000000 1.000000
49120 0.000000 0.000000 0.000000 1.000000
49121 0.000000 0.000000 0.000000 1.000000
49122 0.000000 0.000000 0.000000 1.000000
49123 0.000000 0.000000 0.000000 1.000000
49124 0.000000 0.000000 0.000000 1.000000
49128 0.000000 0.000000 0.000000 1.000000
49129 0.000000 0.000000 0.000000 1.000000
49130 0.000000 0.000000 0.000000 1.000000
49131 0.000000 0.000000 0.000000 1.000000
49132 0.000000 0.000000 0.000000 1.000000
49136 0.000000 0.000000 0.000000 1.000000
49137 0.000000 0.000000 0.000000 1.000000
49138 0.000000 0.000000 0.000000 1.000000
49139 0.000000 0.000000 0.000000 1.000000
49140 0.000000 0.000000 0.000000 1.000000
49141 0.000000 0.000000 0.000000 1.000000
49142 0.000000 0.000000 0.000000 1.000000
49143 0.000000 0.000000 0.000000 1.000000
49144 0.000000 0.000000 0.000000 1.000000
49145 0.000000 0.000000 0.000000 1.000000
49146 0.000000 0.000000 0.000000 1.000000
49147 0.000000 0.000000 0.000000 1.000000
49148 0.000000 0.000000 0.000000 1.000000
49149 0.000000 0.000000 0.000000 1.000000
50253 0.000000 0.000000 0.000000 1.000000
50254 0.000000 0.000000 0.000000 1.000000
50255 0.000000 0.000000 0.000000 1.000000
50256 0.000000 0.000000 0.000000 1.000000
50257 0.000000 0.000000 0.000000 1.000000
50258 0.000000 0.000000 0.000000 1.000000
50259 0.000000 0.000000 0.000000 1.000000
50263 0.000000 0.000000 0.000000 1.000000
50264 0.000000 0.000000 0.000000 1.000000
50265 0.000000 0.000000 0.000000 1.000000
50266 0.000000 0.000000 0.000000 1.000000
50267 0.000000 0.000000 0.000000 1.000000
50268 0.000000 0.000000 0.000000 1.000000
50269 0.000000 0.000000 0.000000 1.000000
52007 0.000000 0.000000 0.000000 1.000000
52008 0.000000 0.000000 0.000000 1.000000
52009 0.000000 0.000000 0.000000 1.000000
52010 0.000000 0.000000 0.000000 1.000000
52011 0.000000 0.000000 0.000000 1.000000
52012 0.000000 0.000000 0.000000 1.000000
52013 0.000000 0.000000 0.000000 1.000000
52014 0.000000 0.000000 0.000000 1.000000
52015 0.000000 0.000000 0.000000 1.000000
52017 0.000000 0.000000 0.000000 1.000000
52019 0.000000 0.000000 0.000000 1.000000
55575 0.000000 0.000000 0.000000 1.000000
55576 0.000000 0.000000 0.000000 1.000000
55577 0.000000 0.000000 0.000000 1.000000
57363 0.000000 0.000000 0.000000 1.000000
57367 0.000000 0.000000 0.000000 1.000000
57368 0.000000 0.000000 0.000000 1.000000
57369 0.000000 0.000000 0.000000 1.000000
57370 0.000000 0.000000 0.000000 1.000000
57371 0.000000 0.000000 0.000000 1.000000
57372 0.000000 0.000000 0.000000 1.000000
58702 0.000000 0.000000 0.000000 1.000000
58703 0.000000 0.000000 0.000000 1.000000
58704 0.000000 0.000000 0.000000 1.000000
58705 0.000000 0.000000 0.000000 1.000000
58706 0.000000 0.000000 0.000000 1.000000
58707 0.000000 0.000000 0.000000 1.000000
58708 0.000000 0.000000 0.000000 1.000000
58709 0.000000 0.000000 0.000000 1.000000
58710 0.000000 0.000000 0.000000 1.000000
58711 0.000000 0.000000 0.000000 1.000000
58712 0.000000 0.000000 0.000000 1.000000
58713 0.000000 0.000000 0.000000 1.000000
58714 0.000000 0.000000 0.000000 1.000000
58715 0.000000 0.000000 0.000000 1.000000
58716 0.000000 0.000000 0.000000 1.000000
58717 0.000000 0.000000 0.000000 1.000000
58718 0.000000 0.000000 0.000000 1.000000
58719 0.000000 0.000000 0.000000 1.000000
58720 0.000000 0.000000 0.000000 1.000000
58721 0.000000 0.000000 0.000000 1.000000
58722 0.000000 0.000000 0.000000 1.000000
58723 0.000000 0.000000 0.000000 1.000000
58724 0.000000 0.000000 0.000000 1.000000
58730 0.000000 0.000000 0.000000 1.000000
58731 0.000000 0.000000 0.000000 1.000000
58732 0.000000 0.000000 0.000000 1.000000
58735 0.000000 0.000000 0.000000 1.000000
58736 0.000000 0.000000 0.000000 1.000000
58737 0.000000 0.000000 0.000000 1.000000
58738 0.000000 0.000000 0.000000 1.000000
58739 0.000000 0.000000 0.000000 1.000000
58740 0.000000 0.000000 0.000000 1.000000
58741 0.000000 0.000000 0.000000 1.000000
58742 0.000000 0.000000 0.000000 1.000000
58743 0.000000 0.000000 0.000000 1.000000
58744 0.000000 0.000000 0.000000 1.000000
58745 0.000000 0.000000 0.000000 1.000000
58746 0.000000 0.000000 0.000000 1.000000
58747 0.000000 0.000000 0.000000 1.000000
58748 0.000000 0.000000 0.000000 1.000000
58749 0.000000 0.000000 0.000000 1.000000
58750 0.000000 0.000000 0.000000 1.000000
58751 0.000000 0.000000 0.000000 1.000000
58752 0.000000 0.000000 0.000000 1.000000
58753 0.000000 0.000000 0.000000 1.000000
58754 0.000000 0.000000 0.000000 1.000000
59858 0.000000 0.000000 0.000000 1.000000
59863 0.000000 0.000000 0.000000 1.000000
59864 0.000000 0.000000 0.000000 1.000000
59865 0.000000 0.000000 0.000000 1.000000
59866 0.000000 0.000000 0.000000 1.000000
59867 0.000000 0.000000 0.000000 1.000000
59868 0.000000 0.000000 0.000000 1.000000
59869 0.000000 0.000000 0.000000 1.000000
61605 0.000000 0.000000 0.000000 1.000000
61606 0.000000 0.000000 0.000000 1.000000
61607 0.000000 0.000000 0.000000 1.000000
61608 0.000000 0.000000 0.000000 1.000000
61609 0.000000 0.000000 0.000000 1.000000
61610 0.000000 0.000000 0.000000 1.000000
61611 0.000000 0.000000 0.000000 1.000000
61612 0.000000 0.000000 0.000000 1.000000
61613 0.000000 0.000000 0.000000 1.000000
61614 0.000000 0.000000 0.000000 1.000000
65918 0.000000 0.000000 0.000000 1.000000
65920 0.000000 0.000000 0.000000 1.000000
65921 0.000000 0.000000 0.000000 1.000000
65922 0.000000 0.000000 0.000000 1.000000
65923 0.000000 0.000000 0.000000 1.000000
65924 0.000000 0.000000 0.000000 1.000000
68805 0.000000 0.000000 0.000000 1.000000
68806 0.000000 0.000000 0.000000 1.000000
68807 0.000000 0.000000 0.000000 1.000000
68808 0.000000 0.000000 0.000000 1.000000
68809 0.000000 0.000000 0.000000 1.000000
68810 0.000000 0.000000 0.000000 1.000000
68811 0.000000 0.000000 0.000000 1.000000
68812 0.000000 0.000000 0.000000 1.000000
68813 0.000000 0.000000 0.000000 1.000000
68814 0.000000 0.000000 0.000000 1.000000
68815 0.000000 0.000000 0.000000 1.000000
68816 0.000000 0.000000 0.000000 1.000000
68817 0.000000 0.000000 0.000000 1.000000
68818 0.000000 0.000000 0.000000 1.000000
68819 0.000000 0.000000 0.000000 1.000000
68820 0.000000 0.000000 0.000000 1.000000
68821 0.000000 0.000000 0.000000 1.000000
68822 0.000000 0.000000 0.000000 1.000000
78187 0.000000 0.000000 0.000000 1.000000
78189 0.000000 0.000000 0.000000 1.000000
78190 0.000000 0.000000 0.000000 1.000000
78191 0.000000 0.000000 0.000000 1.000000
78192 0.000000 0.000000 0.000000 1.000000
78193 0.000000 0.000000 0.000000 1.000000
78194 0.000000 0.000000 0.000000 1.000000
78195 0.000000 0.000000 0.000000 1.000000
78196 0.000000 0.000000 0.000000 1.000000
78197 0.000000 0.000000 0.000000 1.000000
78198 0.000000 0.000000 0.000000 1.000000
78199 0.000000 0.000000 0.000000 1.000000
78200 0.000000 0.000000 0.000000 1.000000
78201 0.000000 0.000000 0.000000 1.000000
78202 0.000000 0.000000 0.000000 1.000000
78203 0.000000 0.000000 0.000000 1.000000
78204 0.000000 0.000000 0.000000 1.000000
78205 0.000000 0.000000 0.000000 1.000000
78206 0.000000 0.000000 0.000000 1.000000
78207 0.000000 0.000000 0.000000 1.000000
78208 0.000000 0.000000 0.000000 1.000000
78209 0.000000 0.000000 0.000000 1.000000
78211 0.000000 0.000000 0.000000 1.000000
78212 0.000000 0.000000 0.000000 1.000000
78213 0.000000 0.000000 0.000000 1.000000
78214 0.000000 0.000000 0.000000 1.000000
78215 0.000000 0.000000 0.000000 1.000000
78216 0.000000 0.000000 0.000000 1.000000
78217 0.000000 0.000000 0.000000 1.000000
78218 0.000000 0.000000 0.000000 1.000000
78219 0.000000 0.000000 0.000000 1.000000
78220 0.000000 0.000000 0.000000 1.000000
78221 0.000000 0.000000 0.000000 1.000000
78222 0.000000 0.000000 0.000000 1.000000
78223 0.000000 0.000000 0.000000 1.000000
78224 0.000000 0.000000 0.000000 1.000000
78225 0.000000 0.000000 0.000000 1.000000
78226 0.000000 0.000000 0.000000 1.000000
78227 0.000000 0.000000 0.000000 1.000000
78228 0.000000 0.000000 0.000000 1.000000
78229 0.000000 0.000000 0.000000 1.000000
78230 0.000000 0.000000 0.000000 1.000000
78231 0.000000 0.000000 0.000000 1.000000
78232 0.000000 0.000000 0.000000 1.000000
78233 0.000000 0.000000 0.000000 1.000000
78234 0.000000 0.000000 0.000000 1.000000
78235 0.000000 0.000000 0.000000 1.000000
78236 0.000000 0.000000 0.000000 1.000000
78237 0.000000 0.000000 0.000000 1.000000
78238 0.000000 0.000000 0.000000 1.000000
78239 0.000000 0.000000 0.000000 1.000000
78240 0.000000 0.000000 0.000000 1.000000
78241 0.000000 0.000000 0.000000 1.000000
78242 0.000000 0.000000 0.000000 1.000000
78243 0.000000 0.000000 0.000000 1.000000
78244 0.000000 0.000000 0.000000 1.000000
78245 0.000000 0.000000 0.000000 1.000000
78246 0.000000 0.000000 0.000000 1.000000
78247 0.000000 0.000000 0.000000 1.000000
78248 0.000000 0.000000 0.000000 1.000000
78249 0.000000 0.000000 0.000000 1.000000
78250 0.000000 0.000000 0.000000 1.000000
78251 0.000000 0.000000 0.000000 1.000000
78252 0.000000 0.000000 0.000000 1.000000
78253 0.000000 0.000000 0.000000 1.000000
78254 0.000000 0.000000 0.000000 1.000000
78271 0.000000 0.000000 0.000000 1.000000
78272 0.000000 0.000000 0.000000 1.000000
78273 0.000000 0.000000 0.000000 1.000000
78274 0.000000 0.000000 0.000000 1.000000
78275 0.000000 0.000000 0.000000 1.000000
78276 0.000000 0.000000 0.000000 1.000000
78277 0.000000 0.000000 0.000000 1.000000
78283 0.000000 0.000000 0.000000 1.000000
78284 0.000000 0.000000 0.000000 1.000000
78285 0.000000 0.000000 0.000000 1.000000
78288 0.000000 0.000000 0.000000 1.000000
78289 0.000000 0.000000 0.000000 1.000000
78290 0.000000 0.000000 0.000000 1.000000
78291 0.000000 0.000000 0.000000 1.000000
78292 0.000000 0.000000 0.000000 1.000000
78293 0.000000 0.000000 0.000000 1.000000
78294 0.000000 0.000000 0.000000 1.000000
78295 0.000000 0.000000 0.000000 1.000000
78296 0.000000 0.000000 0.000000 1.000000
78297 0.000000 0.000000 0.000000 1.000000
78298 0.000000 0.000000 0.000000 1.000000
78299 0.000000 0.000000 0.000000 1.000000
78300 0.000000 0.000000 0.000000 1.000000
78301 0.000000 0.000000 0.000000 1.000000
78302 0.000000 0.000000 0.000000 1.000000
78303 0.000000 0.000000 0.000000 1.000000
78304 0.000000 0.000000 0.000000 1.000000
78305 0.000000 0.000000 0.000000 1.000000
78306 0.000000 0.000000 0.000000 1.000000
78307 0.000000 0.000000 0.000000 1.000000
78308 0.000000 0.000000 0.000000 1.000000
78309 0.000000 0.000000 0.000000 1.000000
78310 0.000000 0.000000 0.000000 1.000000
78311 0.000000 0.000000 0.000000 1.000000
78312 0.000000 0.000000 0.000000 1.000000
78313 0.000000 0.000000 0.000000 1.000000
78314 0.000000 0.000000 0.000000 1.000000
78315 0.000000 0.000000 0.000000 1.000000
78316 0.000000 0.000000 0.000000 1.000000
78317 0.000000 0.000000 0.000000 1.000000
78318 0.000000 0.000000 0.000000 1.000000
78319 0.000000 0.000000 0.000000 1.000000
78320 0.000000 0.000000 0.000000 1.000000
78321 0.000000 0.000000 0.000000 1.000000
78322 0.000000 0.000000 0.000000 1.000000
78323 0.000000 0.000000 0.000000 1.000000
78324 0.000000 0.000000 0.000000 1.000000
78330 0.000000 0.000000 0.000000 1.000000
78331 0.000000 0.000000 0.000000 1.000000
78345 0.000000 0.000000 0.000000 1.000000
78346 0.000000 0.000000 0.000000 1.000000
81634 0.000000 0.000000 0.000000 1.000000
81635 0.000000 0.000000 0.000000 1.000000
81636 0.000000 0.000000 0.000000 1.000000
81637 0.000000 0.000000 0.000000 1.000000
81638 0.000000 0.000000 0.000000 1.000000
81639 0.000000 0.000000 0.000000 1.000000
81640 0.000000 0.000000 0.000000 1.000000
81641 0.000000 0.000000 0.000000 1.000000
81642 0.000000 0.000000 0.000000 1.000000
81643 0.000000 0.000000 0.000000 1.000000
81644 0.000000 0.000000 0.000000 1.000000
81645 0.000000 0.000000 0.000000 1.000000
81646 0.000000 0.000000 0.000000 1.000000
81647 0.000000 0.000000 0.000000 1.000000
81648 0.000000 0.000000 0.000000 1.000000
81649 0.000000 0.000000 0.000000 1.000000
81650 0.000000 0.000000 0.000000 1.000000
81651 0.000000 0.000000 0.000000 1.000000
81652 0.000000 0.000000 0.000000 1.000000
81653 0.000000 0.000000 0.000000 1.000000
81654 0.000000 0.000000 0.000000 1.000000
81661 0.000000 0.000000 0.000000 1.000000
81662 0.000000 0.000000 0.000000 1.000000
81663 0.000000 0.000000 0.000000 1.000000
81666 0.000000 0.000000 0.000000 1.000000
81667 0.000000 0.000000 0.000000 1.000000
81668 0.000000 0.000000 0.000000 1.000000
81669 0.000000 0.000000 0.000000 1.000000
81670 0.000000 0.000000 0.000000 1.000000
81671 0.000000 0.000000 0.000000 1.000000
81672 0.000000 0.000000 0.000000 1.000000
81673 0.000000 0.000000 0.000000 1.000000
81674 0.000000 0.000000 0.000000 1.000000
81675 0.000000 0.000000 0.000000 1.000000
81676 0.000000 0.000000 0.000000 1.000000
86903 0.000000 0.000000 0.000000 1.000000
86904 0.000000 0.000000 0.000000 1.000000
86905 0.000000 0.000000 0.000000 1.000000
86906 0.000000 0.000000 0.000000 1.000000
86907 0.000000 0.000000 0.000000 1.000000
86908 0.000000 0.000000 0.000000 1.000000
86910 0.000000 0.000000 0.000000 1.000000
86911 0.000000 0.000000 0.000000 1.000000
86912 0.000000 0.000000 0.000000 1.000000
86913 0.000000 0.000000 0.000000 1.000000
86914 0.000000 0.000000 0.000000 1.000000
86915 0.000000 0.000000 0.000000 1.000000
86916 0.000000 0.000000 0.000000 1.000000
86917 0.000000 0.000000 0.000000 1.000000
86918 0.000000 0.000000 0.000000 1.000000
86919 0.000000 0.000000 0.000000 1.000000
86920 0.000000 0.000000 0.000000 1.000000
86921 0.000000 0.000000 0.000000 1.000000
86922 0.000000 0.000000 0.000000 1.000000
86923 0.000000 0.000000 0.000000 1.000000
86924 0.000000 0.000000 0.000000 1.000000
86925 0.000000 0.000000 0.000000 1.000000
86926 0.000000 0.000000 0.000000 1.000000
86927 0.000000 0.000000 0.000000 1.000000
86928 0.000000 0.000000 0.000000 1.000000
86929 0.000000 0.000000 0.000000 1.000000
86930 0.000000 0.000000 0.000000 1.000000
86931 0.000000 0.000000 0.000000 1.000000
86932 0.000000 0.000000 0.000000 1.000000
86933 0.000000 0.000000 0.000000 1.000000
86934 0.000000 0.000000 0.000000 1.000000
86935 0.000000 0.000000 0.000000 1.000000
86936 0.000000 0.000000 0.000000 1.000000
86937 0.000000 0.000000 0.000000 1.000000
86938 0.000000 0.000000 0.000000 1.000000
86939 0.000000 0.000000 0.000000 1.000000
86940 0.000000 0.000000 0.000000 1.000000
86941 0.000000 0.000000 0.000000 1.000000
86942 0.000000 0.000000 0.000000 1.000000
93249 0.000000 0.000000 0.000000 1.000000
93250 0.000000 0.000000 0.000000 1.000000
93251 0.000000 0.000000 0.000000 1.000000
94323 0.000000 0.000000 0.000000 1.000000
94324 0.000000 0.000000 0.000000 1.000000
94325 0.000000 0.000000 0.000000 1.000000
94326 0.000000 0.000000 0.000000 1.000000
94327 0.000000 0.000000 0.000000 1.000000
94328 0.000000 0.000000 0.000000 1.000000
95125 0.000000 0.000000 0.000000 1.000000
95126 0.000000 0.000000 0.000000 1.000000
95127 0.000000 0.000000 0.000000 1.000000
95128 0.000000 0.000000 0.000000 1.000000
95129 0.000000 0.000000 0.000000 1.000000
95130 0.000000 0.000000 0.000000 1.000000
95131 0.000000 0.000000 0.000000 1.000000
95132 0.000000 0.000000 0.000000 1.000000
95133 0.000000 0.000000 0.000000 1.000000
95134 0.000000 0.000000 0.000000 1.000000
95135 0.000000 0.000000 0.000000 1.000000
95136 0.000000 0.000000 0.000000 1.000000
95137 0.000000 0.000000 0.000000 1.000000
95138 0.000000 0.000000 0.000000 1.000000
95144 0.000000 0.000000 0.000000 1.000000
95145 0.000000 0.000000 0.000000 1.000000
95146 0.000000 0.000000 0.000000 1.000000
95147 0.000000 0.000000 0.000000 1.000000
95148 0.000000 0.000000 0.000000 1.000000
95149 0.000000 0.000000 0.000000 1.000000
95150 0.000000 0.000000 0.000000 1.000000
95151 0.000000 0.000000 0.000000 1.000000
95152 0.000000 0.000000 0.000000 1.000000
95153 0.000000 0.000000 0.000000 1.000000
95154 0.000000 0.000000 0.000000 1.000000
95155 0.000000 0.000000 0.000000 1.000000
95156 0.000000 0.000000 0.000000 1.000000
95826 0.000000 0.000000 0.000000 1.000000
96867 0.000000 0.000000 0.000000 1.000000
96868 0.000000 0.000000 0.000000 1.000000
96869 0.000000 0.000000 0.000000 1.000000
96870 0.000000 0.000000 0.000000 1.000000
96871 0.000000 0.000000 0.000000 1.000000
99458 0.000000 0.000000 0.000000 1.000000
101187 0.000000 0.000000 0.000000 1.000000
101188 0.000000 0.000000 0.000000 1.000000
101189 0.000000 0.000000 0.000000 1.000000
101190 0.000000 0.000000 0.000000 1.000000
101191 0.000000 0.000000 0.000000 1.000000
101192 0.000000 0.000000 0.000000 1.000000
101193 0.000000 0.000000 0.000000 1.000000
106816 0.000000 0.000000 0.000000 1.000000
106817 0.000000 0.000000 0.000000 1.000000
106818 0.000000 0.000000 0.000000 1.000000
106819 0.000000 0.000000 0.000000 1.000000
106820 0.000000 0.000000 0.000000 1.000000
106821 0.000000 0.000000 0.000000 1.000000
106822 0.000000 0.000000 0.000000 1.000000
106823 0.000000 0.000000 0.000000 1.000000
106824 0.000000 0.000000 0.000000 1.000000
106825 0.000000 0.000000 0.000000 1.000000
106826 0.000000 0.000000 0.000000 1.000000
106827 0.000000 0.000000 0.000000 1.000000
106828 0.000000 0.000000 0.000000 1.000000
106829 0.000000 0.000000 0.000000 1.000000
106831 0.000000 0.000000 0.000000 1.000000
106832 0.000000 0.000000 0.000000 1.000000
106833 0.000000 0.000000 0.000000 1.000000
106834 0.000000 0.000000 0.000000 1.000000
106835 0.000000 0.000000 0.000000 1.000000
106836 0.000000 0.000000 0.000000 1.000000
106837 0.000000 0.000000 0.000000 1.000000
106838 0.000000 0.000000 0.000000 1.000000
106839 0.000000 0.000000 0.000000 1.000000
106840 0.000000 0.000000 0.000000 1.000000
106841 0.000000 0.000000 0.000000 1.000000
106842 0.000000 0.000000 0.000000 1.000000
106843 0.000000 0.000000 0.000000 1.000000
106844 0.000000 0.000000 0.000000 1.000000
106845 0.000000 0.000000 0.000000 1.000000
106846 0.000000 0.000000 0.000000 1.000000
106847 0.000000 0.000000 0.000000 1.000000
106848 0.000000 0.000000 0.000000 1.000000
106849 0.000000 0.000000 0.000000 1.000000
106850 0.000000 0.000000 0.000000 1.000000
106851 0.000000 0.000000 0.000000 1.000000
106852 0.000000 0.000000 0.000000 1.000000
106853 0.000000 0.000000 0.000000 1.000000
106854 0.000000 0.000000 0.000000 1.000000
106855 0.000000 0.000000 0.000000 1.000000
106856 0.000000 0.000000 0.000000 1.000000
106864 0.000000 0.000000 0.000000 1.000000
106866 0.000000 0.000000 0.000000 1.000000
106867 0.000000 0.000000 0.000000 1.000000
106868 0.000000 0.000000 0.000000 1.000000
106869 0.000000 0.000000 0.000000 1.000000
106870 0.000000 0.000000 0.000000 1.000000
106876 0.000000 0.000000 0.000000 1.000000
106877 0.000000 0.000000 0.000000 1.000000
106878 0.000000 0.000000 0.000000 1.000000
106879 0.000000 0.000000 0.000000 1.000000
106880 0.000000 0.000000 0.000000 1.000000
106881 0.000000 0.000000 0.000000 1.000000
106882 0.000000 0.000000 0.000000 1.000000
106883 0.000000 0.000000 0.000000 1.000000
106884 0.000000 0.000000 0.000000 1.000000
106885 0.000000 0.000000 0.000000 1.000000
106886 0.000000 0.000000 0.000000 1.000000
106887 0.000000 0.000000 0.000000 1.000000
106888 0.000000 0.000000 0.000000 1.000000
106889 0.000000 0.000000 0.000000 1.000000
106890 0.000000 0.000000 0.000000 1.000000
106891 0.000000 0.000000 0.000000 1.000000
106892 0.000000 0.000000 0.000000 1.000000
106893 0.000000 0.000000 0.000000 1.000000
106894 0.000000 0.000000 0.000000 1.000000
106895 0.000000 0.000000 0.000000 1.000000
106896 0.000000 0.000000 0.000000 1.000000
106897 0.000000 0.000000 0.000000 1.000000
106898 0.000000 0.000000 0.000000 1.000000
106899 0.000000 0.000000 0.000000 1.000000
108885 0.000000 0.000000 0.000000 1.000000
108886 0.000000 0.000000 0.000000 1.000000
108887 0.000000 0.000000 0.000000 1.000000
108888 0.000000 0.000000 0.000000 1.000000
108889 0.000000 0.000000 0.000000 1.000000
108890 0.000000 0.000000 0.000000 1.000000
108891 0.000000 0.000000 0.000000 1.000000
108892 0.000000 0.000000 0.000000 1.000000
108893 0.000000 0.000000 0.000000 1.000000
108894 0.000000 0.000000 0.000000 1.000000
108895 0.000000 0.000000 0.000000 1.000000
108896 0.000000 0.000000 0.000000 1.000000
108897 0.000000 0.000000 0.000000 1.000000
108903 0.000000 0.000000 0.000000 1.000000
108904 0.000000 0.000000 0.000000 1.000000
108905 0.000000 0.000000 0.000000 1.000000
108906 0.000000 0.000000 0.000000 1.000000
108907 0.000000 0.000000 0.000000 1.000000
108908 0.000000 0.000000 0.000000 1.000000
108909 0.000000 0.000000 0.000000 1.000000
108910 0.000000 0.000000 0.000000 1.000000
112046 0.000000 0.000000 0.000000 1.000000
112047 0.000000 0.000000 0.000000 1.000000
112048 0.000000 0.000000 0.000000 1.000000
112049 0.000000 0.000000 0.000000 1.000000
112050 0.000000 0.000000 0.000000 1.000000
112051 0.000000 0.000000 0.000000 1.000000
112052 0.000000 0.000000 0.000000 1.000000
112053 0.000000 0.000000 0.000000 1.000000
112054 0.000000 0.000000 0.000000 1.000000
112055 0.000000 0.000000 0.000000 1.000000
112056 0.000000 0.000000 0.000000 1.000000
112057 0.000000 0.000000 0.000000 1.000000
112058 0.000000 0.000000 0.000000 1.000000
112059 0.000000 0.000000 0.000000 1.000000
112060 0.000000 0.000000 0.000000 1.000000
112061 0.000000 0.000000 0.000000 1.000000
112062 0.000000 0.000000 0.000000 1.000000
112063 0.000000 0.000000 0.000000 1.000000
112064 0.000000 0.000000 0.000000 1.000000
112065 0.000000 0.000000 0.000000 1.000000
112066 0.000000 0.000000 0.000000 1.000000
112067 0.000000 0.000000 0.000000 1.000000
112068 0.000000 0.000000 0.000000 1.000000
112069 0.000000 0.000000 0.000000 1.000000
112070 0.000000 0.000000 0.000000 1.000000
117741 0.000000 0.000000 0.000000 1.000000
117742 0.000000 0.000000 0.000000 1.000000
117743 0.000000 0.000000 0.000000 1.000000
117744 0.000000 0.000000 0.000000 1.000000
117745 0.000000 0.000000 0.000000 1.000000
117746 0.000000 0.000000 0.000000 1.000000
117747 0.000000 0.000000 0.000000 1.000000
117748 0.000000 0.000000 0.000000 1.000000
120252 0.000000 0.000000 0.000000 1.000000
120253 0.000000 0.000000 0.000000 1.000000
120255 0.000000 0.000000 0.000000 1.000000
120256 0.000000 0.000000 0.000000 1.000000
122119 0.000000 0.000000 0.000000 1.000000
122120 0.000000 0.000000 0.000000 1.000000
122121 0.000000 0.000000 0.000000 1.000000
122122 0.000000 0.000000 0.000000 1.000000
122123 0.000000 0.000000 0.000000 1.000000
122124 0.000000 0.000000 0.000000 1.000000
122125 0.000000 0.000000 0.000000 1.000000
122126 0.000000 0.000000 0.000000 1.000000
122127 0.000000 0.000000 0.000000 1.000000
122128 0.000000 0.000000 0.000000 1.000000
122129 0.000000 0.000000 0.000000 1.000000
122130 0.000000 0.000000 0.000000 1.000000
122131 0.000000 0.000000 0.000000 1.000000
122132 0.000000 0.000000 0.000000 1.000000
122133 0.000000 0.000000 0.000000 1.000000
122134 0.000000 0.000000 0.000000 1.000000
122135 0.000000 0.000000 0.000000 1.000000
122136 0.000000 0.000000 0.000000 1.000000
122137 0.000000 0.000000 0.000000 1.000000
122138 0.000000 0.000000 0.000000 1.000000
122139 0.000000 0.000000 0.000000 1.000000
122140 0.000000 0.000000 0.000000 1.000000
122141 0.000000 0.000000 0.000000 1.000000
122142 0.000000 0.000000 0.000000 1.000000
122143 0.000000 0.000000 0.000000 1.000000
122144 0.000000 0.000000 0.000000 1.000000
122145 0.000000 0.000000 0.000000 1.000000
122146 0.000000 0.000000 0.000000 1.000000
122147 0.000000 0.000000 0.000000 1.000000
122148 0.000000 0.000000 0.000000 1.000000
122149 0.000000 0.000000 0.000000 1.000000
122150 0.000000 0.000000 0.000000 1.000000
122160 0.000000 0.000000 0.000000 1.000000
122161 0.000000 0.000000 0.000000 1.000000
122166 0.000000 0.000000 0.000000 1.000000
122167 0.000000 0.000000 0.000000 1.000000
122168 0.000000 0.000000 0.000000 1.000000
122169 0.000000 0.000000 0.000000 1.000000
122170 0.000000 0.000000 0.000000 1.000000
122171 0.000000 0.000000 0.000000 1.000000
122172 0.000000 0.000000 0.000000 1.000000
122173 0.000000 0.000000 0.000000 1.000000
122174 0.000000 0.000000 0.000000 1.000000
122175 0.000000 0.000000 0.000000 1.000000
122176 0.000000 0.000000 0.000000 1.000000
122177 0.000000 0.000000 0.000000 1.000000
122178 0.000000 0.000000 0.000000 1.000000
122179 0.000000 0.000000 0.000000 1.000000
122180 0.000000 0.000000 0.000000 1.000000
122181 0.000000 0.000000 0.000000 1.000000
122182 0.000000 0.000000 0.000000 1.000000
122183 0.000000 0.000000 0.000000 1.000000
122184 0.000000 0.000000 0.000000 1.000000
122185 0.000000 0.000000 0.000000 1.000000
122186 0.000000 0.000000 0.000000 1.000000
122187 0.000000 0.000000 0.000000 1.000000
122188 0.000000 0.000000 0.000000 1.000000
122189 0.000000 0.000000 0.000000 1.000000
122190 0.000000 0.000000 0.000000 1.000000
123732 0.000000 0.000000 0.000000 1.000000
123735 0.000000 0.000000 0.000000 1.000000
123736 0.000000 0.000000 0.000000 1.000000
123737 0.000000 0.000000 0.000000 1.000000
123738 0.000000 0.000000 0.000000 1.000000
123743 0.000000 0.000000 0.000000 1.000000
123746 0.000000 0.000000 0.000000 1.000000
123747 0.000000 0.000000 0.000000 1.000000
123748 0.000000 0.000000 0.000000 1.000000
123749 0.000000 0.000000 0.000000 1.000000
123750 0.000000 0.000000 0.000000 1.000000
123751 0.000000 0.000000 0.000000 1.000000
123752 0.000000 0.000000 0.000000 1.000000
123753 0.000000 0.000000 0.000000 1.000000
123754 0.000000 0.000000 0.000000 1.000000
123755 0.000000 0.000000 0.000000 1.000000
126183 0.000000 0.000000 0.000000 1.000000
126184 0.000000 0.000000 0.000000 1.000000
126185 0.000000 0.000000 0.000000 1.000000
126186 0.000000 0.000000 0.000000 1.000000
126187 0.000000 0.000000 0.000000 1.000000
126188 0.000000 0.000000 0.000000 1.000000
126189 0.000000 0.000000 0.000000 1.000000
126190 0.000000 0.000000 0.000000 1.000000
126191 0.000000 0.000000 0.000000 1.000000
126192 0.000000 0.000000 0.000000 1.000000
126193 0.000000 0.000000 0.000000 1.000000
126194 0.000000 0.000000 0.000000 1.000000
126195 0.000000 0.000000 0.000000 1.000000
126196 0.000000 0.000000 0.000000 1.000000
126197 0.000000 0.000000 0.000000 1.000000
126198 0.000000 0.000000 0.000000 1.000000
131861 0.000000 0.000000 0.000000 1.000000
131869 0.000000 0.000000 0.000000 1.000000
131870 0.000000 0.000000 0.000000 1.000000
131879 0.000000 0.000000 0.000000 1.000000
131880 0.000000 0.000000 0.000000 1.000000
131881 0.000000 0.000000 0.000000 1.000000
131882 0.000000 0.000000 0.000000 1.000000
131883 0.000000 0.000000 0.000000 1.000000
131884 0.000000 0.000000 0.000000 1.000000
131885 0.000000 0.000000 0.000000 1.000000
131886 0.000000 0.000000 0.000000 1.000000
131887 0.000000 0.000000 0.000000 1.000000
131888 0.000000 0.000000 0.000000 1.000000
131918 0.000000 0.000000 0.000000 1.000000
131919 0.000000 0.000000 0.000000 1.000000
131920 0.000000 0.000000 0.000000 1.000000
135537 0.000000 0.000000 0.000000 1.000000
135538 0.000000 0.000000 0.000000 1.000000
135539 0.000000 0.000000 0.000000 1.000000
135540 0.000000 0.000000 0.000000 1.000000
135541 0.000000 0.000000 0.000000 1.000000
135542 0.000000 0.000000 0.000000 1.000000
135543 0.000000 0.000000 0.000000 1.000000
135544 0.000000 0.000000 0.000000 1.000000
135545 0.000000 0.000000 0.000000 1.000000
135546 0.000000 0.000000 0.000000 1.000000
135547 0.000000 0.000000 0.000000 1.000000
135548 0.000000 0.000000 0.000000 1.000000
135549 0.000000 0.000000 0.000000 1.000000
135550 0.000000 0.000000 0.000000 1.000000
135551 0.000000 0.000000 0.000000 1.000000
135552 0.000000 0.000000 0.000000 1.000000
135553 0.000000 0.000000 0.000000 1.000000
135554 0.000000 0.000000 0.000000 1.000000
135555 0.000000 0.000000 0.000000 1.000000
135556 0.000000 0.000000 0.000000 1.000000
135557 0.000000 0.000000 0.000000 1.000000
135558 0.000000 0.000000 0.000000 1.000000
147054 0.000000 0.000000 0.000000 1.000000
147057 0.000000 0.000000 0.000000 1.000000
147059 0.000000 0.000000 0.000000 1.000000
147060 0.000000 0.000000 0.000000 1.000000
147061 0.000000 0.000000 0.000000 1.000000
147062 0.000000 0.000000 0.000000 1.000000
147063 0.000000 0.000000 0.000000 1.000000
147064 0.000000 0.000000 0.000000 1.000000
147065 0.000000 0.000000 0.000000 1.000000
147066 0.000000 0.000000 0.000000 1.000000
147067 0.000000 0.000000 0.000000 1.000000
147068 0.000000 0.000000 0.000000 1.000000
147069 0.000000 0.000000 0.000000 1.000000
147070 0.000000 0.000000 0.000000 1.000000
147071 0.000000 0.000000 0.000000 1.000000
147072 0.000000 0.000000 0.000000 1.000000
147073 0.000000 0.000000 0.000000 1.000000
147074 0.000000 0.000000 0.000000 1.000000
147075 0.000000 0.000000 0.000000 1.000000
147076 0.000000 0.000000 0.000000 1.000000
147077 0.000000 0.000000 0.000000 1.000000
147078 0.000000 0.000000 0.000000 1.000000
147079 0.000000 0.000000 0.000000 1.000000
147080 0.000000 0.000000 0.000000 1.000000
147081 0.000000 0.000000 0.000000 1.000000
147082 0.000000 0.000000 0.000000 1.000000
147083 0.000000 0.000000 0.000000 1.000000
147084 0.000000 0.000000 0.000000 1.000000
147085 0.000000 0.000000 0.000000 1.000000
147086 0.000000 0.000000 0.000000 1.000000
147087 0.000000 0.000000 0.000000 1.000000
147088 0.000000 0.000000 0.000000 1.000000
147089 0.000000 0.000000 0.000000 1.000000
147090 0.000000 0.000000 0.000000 1.000000
147091 0.000000 0.000000 0.000000 1.000000
147092 0.000000 0.000000 0.000000 1.000000
147093 0.000000 0.000000 0.000000 1.000000
147094 0.000000 0.000000 0.000000 1.000000
147095 0.000000 0.000000 0.000000 1.000000
147096 0.000000 0.000000 0.000000 1.000000
147097 0.000000 0.000000 0.000000 1.000000
147098 0.000000 0.000000 0.000000 1.000000
147099 0.000000 0.000000 0.000000 1.000000
147100 0.000000 0.000000 0.000000 1.000000
147101 0.000000 0.000000 0.000000 1.000000
147102 0.000000 0.000000 0.000000 1.000000
147103 0.000000 0.000000 0.000000 1.000000
147104 0.000000 0.000000 0.000000 1.000000
147105 0.000000 0.000000 0.000000 1.000000
147106 0.000000 0.000000 0.000000 1.000000
147107 0.000000 0.000000 0.000000 1.000000
147108 0.000000 0.000000 0.000000 1.000000
147109 0.000000 0.000000 0.000000 1.000000
147110 0.000000 0.000000 0.000000 1.000000
147111 0.000000 0.000000 0.000000 1.000000
147112 0.000000 0.000000 0.000000 1.000000
147113 0.000000 0.000000 0.000000 1.000000
147114 0.000000 0.000000 0.000000 1.000000
147115 0.000000 0.000000 0.000000 1.000000
147116 0.000000 0.000000 0.000000 1.000000
147117 0.000000 0.000000 0.000000 1.000000
147118 0.000000 0.000000 0.000000 1.000000
147119 0.000000 0.000000 0.000000 1.000000
147120 0.000000 0.000000 0.000000 1.000000
147121 0.000000 0.000000 0.000000 1.000000
147122 0.000000 0.000000 0.000000 1.000000
147123 0.000000 0.000000 0.000000 1.000000
147124 0.000000 0.000000 0.000000 1.000000
147125 0.000000 0.000000 0.000000 1.000000
147126 0.000000 0.000000 0.000000 1.000000
147127 0.000000 0.000000 0.000000 1.000000
147128 0.000000 0.000000 0.000000 1.000000
147129 0.000000 0.000000 0.000000 1.000000
147130 0.000000 0.000000 0.000000 1.000000
147131 0.000000 0.000000 0.000000 1.000000
147151 0.000000 0.000000 0.000000 1.000000
147152 0.000000 0.000000 0.000000 1.000000
147153 0.000000 0.000000 0.000000 1.000000
147154 0.000000 0.000000 0.000000 1.000000
147155 0.000000 0.000000 0.000000 1.000000
147156 0.000000 0.000000 0.000000 1.000000
147157 0.000000 0.000000 0.000000 1.000000
147158 0.000000 0.000000 0.000000 1.000000
147165 0.000000 0.000000 0.000000 1.000000
147166 0.000000 0.000000 0.000000 1.000000
147167 0.000000 0.000000 0.000000 1.000000
147170 0.000000 0.000000 0.000000 1.000000
147171 0.000000 0.000000 0.000000 1.000000
147172 0.000000 0.000000 0.000000 1.000000
147173 0.000000 0.000000 0.000000 1.000000
147174 0.000000 0.000000 0.000000 1.000000
147175 0.000000 0.000000 0.000000 1.000000
147176 0.000000 0.000000 0.000000 1.000000
147177 0.000000 0.000000 0.000000 1.000000
147178 0.000000 0.000000 0.000000 1.000000
147179 0.000000 0.000000 0.000000 1.000000
147180 0.000000 0.000000 0.000000 1.000000
147181 0.000000 0.000000 0.000000 1.000000
147182 0.000000 0.000000 0.000000 1.000000
147183 0.000000 0.000000 0.000000 1.000000
147184 0.000000 0.000000 0.000000 1.000000
147185 0.000000 0.000000 0.000000 1.000000
147186 0.000000 0.000000 0.000000 1.000000
147187 0.000000 0.000000 0.000000 1.000000
147188 0.000000 0.000000 0.000000 1.000000
147189 0.000000 0.000000 0.000000 1.000000
147190 0.000000 0.000000 0.000000 1.000000
147191 0.000000 0.000000 0.000000 1.000000
147192 0.000000 0.000000 0.000000 1.000000
147193 0.000000 0.000000 0.000000 1.000000
147194 0.000000 0.000000 0.000000 1.000000
147195 0.000000 0.000000 0.000000 1.000000
147196 0.000000 0.000000 0.000000 1.000000
147197 0.000000 0.000000 0.000000 1.000000
147198 0.000000 0.000000 0.000000 1.000000
147199 0.000000 0.000000 0.000000 1.000000
147200 0.000000 0.000000 0.000000 1.000000
147201 0.000000 0.000000 0.000000 1.000000
147202 0.000000 0.000000 0.000000 1.000000
147203 0.000000 0.000000 0.000000 1.000000
147204 0.000000 0.000000 0.000000 1.000000
147205 0.000000 0.000000 0.000000 1.000000
147206 0.000000 0.000000 0.000000 1.000000
147207 0.000000 0.000000 0.000000 1.000000
147208 0.000000 0.000000 0.000000 1.000000
147209 0.000000 0.000000 0.000000 1.000000
147210 0.000000 0.000000 0.000000 1.000000
147211 0.000000 0.000000 0.000000 1.000000
147212 0.000000 0.000000 0.000000 1.000000
147213 0.000000 0.000000 0.000000 1.000000
147216 0.000000 0.000000 0.000000 1.000000
147222 0.000000 0.000000 0.000000 1.000000
147240 0.000000 0.000000 0.000000 1.000000
147241 0.000000 0.000000 0.000000 1.000000
147242 0.000000 0.000000 0.000000 1.000000
147243 0.000000 0.000000 0.000000 1.000000
147244 0.000000 0.000000 0.000000 1.000000
147245 0.000000 0.000000 0.000000 1.000000
147246 0.000000 0.000000 0.000000 1.000000
151202 0.000000 0.000000 0.000000 1.000000
151203 0.000000 0.000000 0.000000 1.000000
151204 0.000000 0.000000 0.000000 1.000000
151205 0.000000 0.000000 0.000000 1.000000
151206 0.000000 0.000000 0.000000 1.000000
151207 0.000000 0.000000 0.000000 1.000000
151208 0.000000 0.000000 0.000000 1.000000
151209 0.000000 0.000000 0.000000 1.000000
151210 0.000000 0.000000 0.000000 1.000000
151211 0.000000 0.000000 0.000000 1.000000
151212 0.000000 0.000000 0.000000 1.000000
151213 0.000000 0.000000 0.000000 1.000000
151214 0.000000 0.000000 0.000000 1.000000
151215 0.000000 0.000000 0.000000 1.000000
151216 0.000000 0.000000 0.000000 1.000000
151217 0.000000 0.000000 0.000000 1.000000
151218 0.000000 0.000000 0.000000 1.000000
151219 0.000000 0.000000 0.000000 1.000000
151220 0.000000 0.000000 0.000000 1.000000
151221 0.000000 0.000000 0.000000 1.000000
151222 0.000000 0.000000 0.000000 1.000000
151223 0.000000 0.000000 0.000000 1.000000
151224 0.000000 0.000000 0.000000 1.000000
151225 0.000000 0.000000 0.000000 1.000000
151226 0.000000 0.000000 0.000000 1.000000
151227 0.000000 0.000000 0.000000 1.000000
151234 0.000000 0.000000 0.000000 1.000000
151235 0.000000 0.000000 0.000000 1.000000
151236 0.000000 0.000000 0.000000 1.000000
151239 0.000000 0.000000 0.000000 1.000000
151240 0.000000 0.000000 0.000000 1.000000
151241 0.000000 0.000000 0.000000 1.000000
151242 0.000000 0.000000 0.000000 1.000000
151243 0.000000 0.000000 0.000000 1.000000
151244 0.000000 0.000000 0.000000 1.000000
151245 0.000000 0.000000 0.000000 1.000000
151246 0.000000 0.000000 0.000000 1.000000
151247 0.000000 0.000000 0.000000 1.000000
151248 0.000000 0.000000 0.000000 1.000000
151249 0.000000 0.000000 0.000000 1.000000
151250 0.000000 0.000000 0.000000 1.000000
151251 0.000000 0.000000 0.000000 1.000000
151252 0.000000 0.000000 0.000000 1.000000
151253 0.000000 0.000000 0.000000 1.000000
151254 0.000000 0.000000 0.000000 1.000000
151264 0.000000 0.000000 0.000000 1.000000
157532 0.000000 0.000000 0.000000 1.000000
157535 0.000000 0.000000 0.000000 1.000000
157540 0.000000 0.000000 0.000000 1.000000
157544 0.000000 0.000000 0.000000 1.000000
157545 0.000000 0.000000 0.000000 1.000000
157546 0.000000 0.000000 0.000000 1.000000
157547 0.000000 0.000000 0.000000 1.000000
157548 0.000000 0.000000 0.000000 1.000000
157549 0.000000 0.000000 0.000000 1.000000
157550 0.000000 0.000000 0.000000 1.000000
157551 0.000000 0.000000 0.000000 1.000000
157552 0.000000 0.000000 0.000000 1.000000
157553 0.000000 0.000000 0.000000 1.000000
157554 0.000000 0.000000 0.000000 1.000000
157555 0.000000 0.000000 0.000000 1.000000
157556 0.000000 0.000000 0.000000 1.000000
157557 0.000000 0.000000 0.000000 1.000000
157558 0.000000 0.000000 0.000000 1.000000
157559 0.000000 0.000000 0.000000 1.000000
157560 0.000000 0.000000 0.000000 1.000000
157561 0.000000 0.000000 0.000000 1.000000
157562 0.000000 0.000000 0.000000 1.000000
157563 0.000000 0.000000 0.000000 1.000000
157564 0.000000 0.000000 0.000000 1.000000
157565 0.000000 0.000000 0.000000 1.000000
157566 0.000000 0.000000 0.000000 1.000000
157567 0.000000 0.000000 0.000000 1.000000
157568 0.000000 0.000000 0.000000 1.000000
157569 0.000000 0.000000 0.000000 1.000000
157570 0.000000 0.000000 0.000000 1.000000
157571 0.000000 0.000000 0.000000 1.000000
157572 0.000000 0.000000 0.000000 1.000000
157573 0.000000 0.000000 0.000000 1.000000
157574 0.000000 0.000000 0.000000 1.000000
157575 0.000000 0.000000 0.000000 1.000000
157576 0.000000 0.000000 0.000000 1.000000
157577 0.000000 0.000000 0.000000 1.000000
157578 0.000000 0.000000 0.000000 1.000000
157579 0.000000 0.000000 0.000000 1.000000
157580 0.000000 0.000000 0.000000 1.000000
157581 0.000000 0.000000 0.000000 1.000000
157582 0.000000 0.000000 0.000000 1.000000
