#
70
742 0.000000 0.000000 0.000000 1.000000
2663 0.000000 0.000000 0.000000 1.000000
5947 0.000000 0.000000 0.000000 1.000000
8639 0.000000 0.000000 0.000000 1.000000
13749 0.000000 0.000000 0.000000 1.000000
13750 0.000000 0.000000 0.000000 1.000000
13751 0.000000 0.000000 0.000000 1.000000
13752 0.000000 0.000000 0.000000 1.000000
13753 0.000000 0.000000 0.000000 1.000000
13754 0.000000 0.000000 0.000000 1.000000
23224 0.000000 0.000000 0.000000 1.000000
23225 0.000000 0.000000 0.000000 1.000000
29235 0.000000 0.000000 0.000000 1.000000
36168 0.000000 0.000000 0.000000 1.000000
36171 0.000000 0.000000 0.000000 1.000000
37887 0.000000 0.000000 0.000000 1.000000
44467 0.000000 0.000000 0.000000 1.000000
44468 0.000000 0.000000 0.000000 1.000000
44469 0.000000 0.000000 0.000000 1.000000
44470 0.000000 0.000000 0.000000 1.000000
44471 0.000000 0.000000 0.000000 1.000000
44472 0.000000 0.000000 0.000000 1.000000
44473 0.000000 0.000000 0.000000 1.000000
44474 0.000000 0.000000 0.000000 1.000000
54068 0.000000 0.000000 0.000000 1.000000
64290 0.000000 0.000000 0.000000 1.000000
64291 0.000000 0.000000 0.000000 1.000000
64292 0.000000 0.000000 0.000000 1.000000
64293 0.000000 0.000000 0.000000 1.000000
64294 0.000000 0.000000 0.000000 1.000000
64295 0.000000 0.000000 0.000000 1.000000
64300 0.000000 0.000000 0.000000 1.000000
80203 0.000000 0.000000 0.000000 1.000000
80205 0.000000 0.000000 0.000000 1.000000
80206 0.000000 0.000000 0.000000 1.000000
80207 0.000000 0.000000 0.000000 1.000000
80208 0.000000 0.000000 0.000000 1.000000
80209 0.000000 0.000000 0.000000 1.000000
84484 0.000000 0.000000 0.000000 1.000000
98478 0.000000 0.000000 0.000000 1.000000
98479 0.000000 0.000000 0.000000 1.000000
98480 0.000000 0.000000 0.000000 1.000000
98481 0.000000 0.000000 0.000000 1.000000
98482 0.000000 0.000000 0.000000 1.000000
98483 0.000000 0.000000 0.000000 1.000000
98484 0.000000 0.000000 0.000000 1.000000
98485 0.000000 0.000000 0.000000 1.000000
98486 0.000000 0.000000 0.000000 1.000000
108029 0.000000 0.000000 0.000000 1.000000
115630 0.000000 0.000000 0.000000 1.000000
115631 0.000000 0.000000 0.000000 1.000000
115632 0.000000 0.000000 0.000000 1.000000
115633 0.000000 0.000000 0.000000 1.000000
115634 0.000000 0.000000 0.000000 1.000000
115637 0.000000 0.000000 0.000000 1.000000
115638 0.000000 0.000000 0.000000 1.000000
129819 0.000000 0.000000 0.000000 1.000000
129820 0.000000 0.000000 0.000000 1.000000
129822 0.000000 0.000000 0.000000 1.000000
129823 0.000000 0.000000 0.000000 1.000000
129831 0.000000 0.000000 0.000000 1.000000
149478 0.000000 0.000000 0.000000 1.000000
149485 0.000000 0.000000 0.000000 1.000000
149486 0.000000 0.000000 0.000000 1.000000
149487 0.000000 0.000000 0.000000 1.000000
149488 0.000000 0.000000 0.000000 1.000000
149489 0.000000 0.000000 0.000000 1.000000
154624 0.000000 0.000000 0.000000 1.000000
154625 0.000000 0.000000 0.000000 1.000000
154627 0.000000 0.000000 0.000000 1.000000
