#
556
178 0.000000 0.000000 0.000000 1.000000
393 0.000000 0.000000 0.000000 1.000000
893 0.000000 0.000000 0.000000 1.000000
894 0.000000 0.000000 0.000000 1.000000
1472 0.000000 0.000000 0.000000 1.000000
1474 0.000000 0.000000 0.000000 1.000000
1877 0.000000 0.000000 0.000000 1.000000
1878 0.000000 0.000000 0.000000 1.000000
1879 0.000000 0.000000 0.000000 1.000000
2813 0.000000 0.000000 0.000000 1.000000
2814 0.000000 0.000000 0.000000 1.000000
4120 0.000000 0.000000 0.000000 1.000000
4121 0.000000 0.000000 0.000000 1.000000
4122 0.000000 0.000000 0.000000 1.000000
4123 0.000000 0.000000 0.000000 1.000000
4124 0.000000 0.000000 0.000000 1.000000
4125 0.000000 0.000000 0.000000 1.000000
4126 0.000000 0.000000 0.000000 1.000000
4127 0.000000 0.000000 0.000000 1.000000
4129 0.000000 0.000000 0.000000 1.000000
4130 0.000000 0.000000 0.000000 1.000000
4131 0.000000 0.000000 0.000000 1.000000
6217 0.000000 0.000000 0.000000 1.000000
6218 0.000000 0.000000 0.000000 1.000000
7274 0.000000 0.000000 0.000000 1.000000
7277 0.000000 0.000000 0.000000 1.000000
7280 0.000000 0.000000 0.000000 1.000000
8250 0.000000 0.000000 0.000000 1.000000
8251 0.000000 0.000000 0.000000 1.000000
8252 0.000000 0.000000 0.000000 1.000000
8253 0.000000 0.000000 0.000000 1.000000
8254 0.000000 0.000000 0.000000 1.000000
8255 0.000000 0.000000 0.000000 1.000000
8256 0.000000 0.000000 0.000000 1.000000
10493 0.000000 0.000000 0.000000 1.000000
10494 0.000000 0.000000 0.000000 1.000000
11800 0.000000 0.000000 0.000000 1.000000
11801 0.000000 0.000000 0.000000 1.000000
11802 0.000000 0.000000 0.000000 1.000000
11803 0.000000 0.000000 0.000000 1.000000
11804 0.000000 0.000000 0.000000 1.000000
11805 0.000000 0.000000 0.000000 1.000000
11806 0.000000 0.000000 0.000000 1.000000
11807 0.000000 0.000000 0.000000 1.000000
14200 0.000000 0.000000 0.000000 1.000000
14201 0.000000 0.000000 0.000000 1.000000
14202 0.000000 0.000000 0.000000 1.000000
14203 0.000000 0.000000 0.000000 1.000000
14204 0.000000 0.000000 0.000000 1.000000
16008 0.000000 0.000000 0.000000 1.000000
16009 0.000000 0.000000 0.000000 1.000000
16010 0.000000 0.000000 0.000000 1.000000
16011 0.000000 0.000000 0.000000 1.000000
16012 0.000000 0.000000 0.000000 1.000000
16013 0.000000 0.000000 0.000000 1.000000
18122 0.000000 0.000000 0.000000 1.000000
18123 0.000000 0.000000 0.000000 1.000000
18124 0.000000 0.000000 0.000000 1.000000
18130 0.000000 0.000000 0.000000 1.000000
18135 0.000000 0.000000 0.000000 1.000000
18136 0.000000 0.000000 0.000000 1.000000
18137 0.000000 0.000000 0.000000 1.000000
18138 0.000000 0.000000 0.000000 1.000000
18139 0.000000 0.000000 0.000000 1.000000
18140 0.000000 0.000000 0.000000 1.000000
18141 0.000000 0.000000 0.000000 1.000000
18142 0.000000 0.000000 0.000000 1.000000
18145 0.000000 0.000000 0.000000 1.000000
18146 0.000000 0.000000 0.000000 1.000000
18147 0.000000 0.000000 0.000000 1.000000
18148 0.000000 0.000000 0.000000 1.000000
18149 0.000000 0.000000 0.000000 1.000000
18150 0.000000 0.000000 0.000000 1.000000
18151 0.000000 0.000000 0.000000 1.000000
18152 0.000000 0.000000 0.000000 1.000000
18154 0.000000 0.000000 0.000000 1.000000
23497 0.000000 0.000000 0.000000 1.000000
23498 0.000000 0.000000 0.000000 1.000000
24583 0.000000 0.000000 0.000000 1.000000
25848 0.000000 0.000000 0.000000 1.000000
25849 0.000000 0.000000 0.000000 1.000000
25850 0.000000 0.000000 0.000000 1.000000
25851 0.000000 0.000000 0.000000 1.000000
25852 0.000000 0.000000 0.000000 1.000000
25854 0.000000 0.000000 0.000000 1.000000
25855 0.000000 0.000000 0.000000 1.000000
25856 0.000000 0.000000 0.000000 1.000000
25857 0.000000 0.000000 0.000000 1.000000
25858 0.000000 0.000000 0.000000 1.000000
25859 0.000000 0.000000 0.000000 1.000000
25860 0.000000 0.000000 0.000000 1.000000
25861 0.000000 0.000000 0.000000 1.000000
25862 0.000000 0.000000 0.000000 1.000000
25863 0.000000 0.000000 0.000000 1.000000
25864 0.000000 0.000000 0.000000 1.000000
25865 0.000000 0.000000 0.000000 1.000000
25866 0.000000 0.000000 0.000000 1.000000
25867 0.000000 0.000000 0.000000 1.000000
29864 0.000000 0.000000 0.000000 1.000000
29865 0.000000 0.000000 0.000000 1.000000
29866 0.000000 0.000000 0.000000 1.000000
29867 0.000000 0.000000 0.000000 1.000000
29868 0.000000 0.000000 0.000000 1.000000
29869 0.000000 0.000000 0.000000 1.000000
29870 0.000000 0.000000 0.000000 1.000000
29871 0.000000 0.000000 0.000000 1.000000
32362 0.000000 0.000000 0.000000 1.000000
32363 0.000000 0.000000 0.000000 1.000000
32366 0.000000 0.000000 0.000000 1.000000
32368 0.000000 0.000000 0.000000 1.000000
32369 0.000000 0.000000 0.000000 1.000000
32376 0.000000 0.000000 0.000000 1.000000
32377 0.000000 0.000000 0.000000 1.000000
32378 0.000000 0.000000 0.000000 1.000000
32379 0.000000 0.000000 0.000000 1.000000
35031 0.000000 0.000000 0.000000 1.000000
35046 0.000000 0.000000 0.000000 1.000000
35047 0.000000 0.000000 0.000000 1.000000
35048 0.000000 0.000000 0.000000 1.000000
35049 0.000000 0.000000 0.000000 1.000000
35050 0.000000 0.000000 0.000000 1.000000
35051 0.000000 0.000000 0.000000 1.000000
35052 0.000000 0.000000 0.000000 1.000000
35053 0.000000 0.000000 0.000000 1.000000
35054 0.000000 0.000000 0.000000 1.000000
35056 0.000000 0.000000 0.000000 1.000000
35057 0.000000 0.000000 0.000000 1.000000
35058 0.000000 0.000000 0.000000 1.000000
35059 0.000000 0.000000 0.000000 1.000000
35060 0.000000 0.000000 0.000000 1.000000
35061 0.000000 0.000000 0.000000 1.000000
35062 0.000000 0.000000 0.000000 1.000000
35063 0.000000 0.000000 0.000000 1.000000
35064 0.000000 0.000000 0.000000 1.000000
35065 0.000000 0.000000 0.000000 1.000000
35066 0.000000 0.000000 0.000000 1.000000
35067 0.000000 0.000000 0.000000 1.000000
35068 0.000000 0.000000 0.000000 1.000000
35069 0.000000 0.000000 0.000000 1.000000
42520 0.000000 0.000000 0.000000 1.000000
42521 0.000000 0.000000 0.000000 1.000000
42522 0.000000 0.000000 0.000000 1.000000
42523 0.000000 0.000000 0.000000 1.000000
42524 0.000000 0.000000 0.000000 1.000000
42525 0.000000 0.000000 0.000000 1.000000
42526 0.000000 0.000000 0.000000 1.000000
42527 0.000000 0.000000 0.000000 1.000000
44920 0.000000 0.000000 0.000000 1.000000
44921 0.000000 0.000000 0.000000 1.000000
44922 0.000000 0.000000 0.000000 1.000000
44923 0.000000 0.000000 0.000000 1.000000
44924 0.000000 0.000000 0.000000 1.000000
46728 0.000000 0.000000 0.000000 1.000000
46729 0.000000 0.000000 0.000000 1.000000
46730 0.000000 0.000000 0.000000 1.000000
46731 0.000000 0.000000 0.000000 1.000000
46732 0.000000 0.000000 0.000000 1.000000
46733 0.000000 0.000000 0.000000 1.000000
46734 0.000000 0.000000 0.000000 1.000000
48840 0.000000 0.000000 0.000000 1.000000
48841 0.000000 0.000000 0.000000 1.000000
48842 0.000000 0.000000 0.000000 1.000000
48843 0.000000 0.000000 0.000000 1.000000
48844 0.000000 0.000000 0.000000 1.000000
48850 0.000000 0.000000 0.000000 1.000000
48851 0.000000 0.000000 0.000000 1.000000
48852 0.000000 0.000000 0.000000 1.000000
48854 0.000000 0.000000 0.000000 1.000000
48855 0.000000 0.000000 0.000000 1.000000
48856 0.000000 0.000000 0.000000 1.000000
48857 0.000000 0.000000 0.000000 1.000000
48858 0.000000 0.000000 0.000000 1.000000
48859 0.000000 0.000000 0.000000 1.000000
48860 0.000000 0.000000 0.000000 1.000000
48861 0.000000 0.000000 0.000000 1.000000
48862 0.000000 0.000000 0.000000 1.000000
48866 0.000000 0.000000 0.000000 1.000000
48867 0.000000 0.000000 0.000000 1.000000
48868 0.000000 0.000000 0.000000 1.000000
48869 0.000000 0.000000 0.000000 1.000000
48870 0.000000 0.000000 0.000000 1.000000
48871 0.000000 0.000000 0.000000 1.000000
48872 0.000000 0.000000 0.000000 1.000000
54520 0.000000 0.000000 0.000000 1.000000
54521 0.000000 0.000000 0.000000 1.000000
54522 0.000000 0.000000 0.000000 1.000000
54523 0.000000 0.000000 0.000000 1.000000
54524 0.000000 0.000000 0.000000 1.000000
56331 0.000000 0.000000 0.000000 1.000000
58440 0.000000 0.000000 0.000000 1.000000
58441 0.000000 0.000000 0.000000 1.000000
58442 0.000000 0.000000 0.000000 1.000000
58443 0.000000 0.000000 0.000000 1.000000
58444 0.000000 0.000000 0.000000 1.000000
58445 0.000000 0.000000 0.000000 1.000000
58446 0.000000 0.000000 0.000000 1.000000
58447 0.000000 0.000000 0.000000 1.000000
58448 0.000000 0.000000 0.000000 1.000000
58449 0.000000 0.000000 0.000000 1.000000
58450 0.000000 0.000000 0.000000 1.000000
58451 0.000000 0.000000 0.000000 1.000000
58452 0.000000 0.000000 0.000000 1.000000
58453 0.000000 0.000000 0.000000 1.000000
58454 0.000000 0.000000 0.000000 1.000000
58455 0.000000 0.000000 0.000000 1.000000
58456 0.000000 0.000000 0.000000 1.000000
58457 0.000000 0.000000 0.000000 1.000000
58458 0.000000 0.000000 0.000000 1.000000
58459 0.000000 0.000000 0.000000 1.000000
58460 0.000000 0.000000 0.000000 1.000000
58461 0.000000 0.000000 0.000000 1.000000
58462 0.000000 0.000000 0.000000 1.000000
58463 0.000000 0.000000 0.000000 1.000000
58464 0.000000 0.000000 0.000000 1.000000
58468 0.000000 0.000000 0.000000 1.000000
58469 0.000000 0.000000 0.000000 1.000000
58470 0.000000 0.000000 0.000000 1.000000
58471 0.000000 0.000000 0.000000 1.000000
65640 0.000000 0.000000 0.000000 1.000000
65641 0.000000 0.000000 0.000000 1.000000
65642 0.000000 0.000000 0.000000 1.000000
65643 0.000000 0.000000 0.000000 1.000000
65644 0.000000 0.000000 0.000000 1.000000
65645 0.000000 0.000000 0.000000 1.000000
65646 0.000000 0.000000 0.000000 1.000000
65647 0.000000 0.000000 0.000000 1.000000
65648 0.000000 0.000000 0.000000 1.000000
65649 0.000000 0.000000 0.000000 1.000000
65650 0.000000 0.000000 0.000000 1.000000
65651 0.000000 0.000000 0.000000 1.000000
65652 0.000000 0.000000 0.000000 1.000000
65653 0.000000 0.000000 0.000000 1.000000
65654 0.000000 0.000000 0.000000 1.000000
71038 0.000000 0.000000 0.000000 1.000000
71039 0.000000 0.000000 0.000000 1.000000
71048 0.000000 0.000000 0.000000 1.000000
71053 0.000000 0.000000 0.000000 1.000000
71054 0.000000 0.000000 0.000000 1.000000
71066 0.000000 0.000000 0.000000 1.000000
71072 0.000000 0.000000 0.000000 1.000000
71073 0.000000 0.000000 0.000000 1.000000
71074 0.000000 0.000000 0.000000 1.000000
71075 0.000000 0.000000 0.000000 1.000000
71076 0.000000 0.000000 0.000000 1.000000
71077 0.000000 0.000000 0.000000 1.000000
71078 0.000000 0.000000 0.000000 1.000000
71079 0.000000 0.000000 0.000000 1.000000
77408 0.000000 0.000000 0.000000 1.000000
77409 0.000000 0.000000 0.000000 1.000000
77410 0.000000 0.000000 0.000000 1.000000
77430 0.000000 0.000000 0.000000 1.000000
77445 0.000000 0.000000 0.000000 1.000000
77446 0.000000 0.000000 0.000000 1.000000
77447 0.000000 0.000000 0.000000 1.000000
77448 0.000000 0.000000 0.000000 1.000000
77449 0.000000 0.000000 0.000000 1.000000
77450 0.000000 0.000000 0.000000 1.000000
77451 0.000000 0.000000 0.000000 1.000000
77452 0.000000 0.000000 0.000000 1.000000
77453 0.000000 0.000000 0.000000 1.000000
77454 0.000000 0.000000 0.000000 1.000000
77455 0.000000 0.000000 0.000000 1.000000
77456 0.000000 0.000000 0.000000 1.000000
77457 0.000000 0.000000 0.000000 1.000000
77458 0.000000 0.000000 0.000000 1.000000
77459 0.000000 0.000000 0.000000 1.000000
77460 0.000000 0.000000 0.000000 1.000000
77461 0.000000 0.000000 0.000000 1.000000
77462 0.000000 0.000000 0.000000 1.000000
77463 0.000000 0.000000 0.000000 1.000000
77464 0.000000 0.000000 0.000000 1.000000
77465 0.000000 0.000000 0.000000 1.000000
77466 0.000000 0.000000 0.000000 1.000000
77467 0.000000 0.000000 0.000000 1.000000
77471 0.000000 0.000000 0.000000 1.000000
77472 0.000000 0.000000 0.000000 1.000000
77473 0.000000 0.000000 0.000000 1.000000
77474 0.000000 0.000000 0.000000 1.000000
77475 0.000000 0.000000 0.000000 1.000000
77476 0.000000 0.000000 0.000000 1.000000
77477 0.000000 0.000000 0.000000 1.000000
77478 0.000000 0.000000 0.000000 1.000000
77479 0.000000 0.000000 0.000000 1.000000
77480 0.000000 0.000000 0.000000 1.000000
77481 0.000000 0.000000 0.000000 1.000000
77482 0.000000 0.000000 0.000000 1.000000
77483 0.000000 0.000000 0.000000 1.000000
77484 0.000000 0.000000 0.000000 1.000000
77485 0.000000 0.000000 0.000000 1.000000
77486 0.000000 0.000000 0.000000 1.000000
77487 0.000000 0.000000 0.000000 1.000000
77488 0.000000 0.000000 0.000000 1.000000
77489 0.000000 0.000000 0.000000 1.000000
77490 0.000000 0.000000 0.000000 1.000000
77491 0.000000 0.000000 0.000000 1.000000
77492 0.000000 0.000000 0.000000 1.000000
77493 0.000000 0.000000 0.000000 1.000000
77494 0.000000 0.000000 0.000000 1.000000
77495 0.000000 0.000000 0.000000 1.000000
77496 0.000000 0.000000 0.000000 1.000000
77497 0.000000 0.000000 0.000000 1.000000
77498 0.000000 0.000000 0.000000 1.000000
77499 0.000000 0.000000 0.000000 1.000000
77500 0.000000 0.000000 0.000000 1.000000
77502 0.000000 0.000000 0.000000 1.000000
77503 0.000000 0.000000 0.000000 1.000000
77504 0.000000 0.000000 0.000000 1.000000
77505 0.000000 0.000000 0.000000 1.000000
92617 0.000000 0.000000 0.000000 1.000000
92618 0.000000 0.000000 0.000000 1.000000
94968 0.000000 0.000000 0.000000 1.000000
94969 0.000000 0.000000 0.000000 1.000000
94970 0.000000 0.000000 0.000000 1.000000
94971 0.000000 0.000000 0.000000 1.000000
94972 0.000000 0.000000 0.000000 1.000000
94973 0.000000 0.000000 0.000000 1.000000
94974 0.000000 0.000000 0.000000 1.000000
94975 0.000000 0.000000 0.000000 1.000000
94976 0.000000 0.000000 0.000000 1.000000
94977 0.000000 0.000000 0.000000 1.000000
94978 0.000000 0.000000 0.000000 1.000000
94979 0.000000 0.000000 0.000000 1.000000
94980 0.000000 0.000000 0.000000 1.000000
94981 0.000000 0.000000 0.000000 1.000000
99288 0.000000 0.000000 0.000000 1.000000
99289 0.000000 0.000000 0.000000 1.000000
99290 0.000000 0.000000 0.000000 1.000000
99291 0.000000 0.000000 0.000000 1.000000
99292 0.000000 0.000000 0.000000 1.000000
99293 0.000000 0.000000 0.000000 1.000000
99294 0.000000 0.000000 0.000000 1.000000
99295 0.000000 0.000000 0.000000 1.000000
99296 0.000000 0.000000 0.000000 1.000000
102542 0.000000 0.000000 0.000000 1.000000
102543 0.000000 0.000000 0.000000 1.000000
102544 0.000000 0.000000 0.000000 1.000000
102545 0.000000 0.000000 0.000000 1.000000
102546 0.000000 0.000000 0.000000 1.000000
102547 0.000000 0.000000 0.000000 1.000000
102548 0.000000 0.000000 0.000000 1.000000
102549 0.000000 0.000000 0.000000 1.000000
102550 0.000000 0.000000 0.000000 1.000000
102551 0.000000 0.000000 0.000000 1.000000
102552 0.000000 0.000000 0.000000 1.000000
102553 0.000000 0.000000 0.000000 1.000000
106347 0.000000 0.000000 0.000000 1.000000
106348 0.000000 0.000000 0.000000 1.000000
106349 0.000000 0.000000 0.000000 1.000000
106350 0.000000 0.000000 0.000000 1.000000
106351 0.000000 0.000000 0.000000 1.000000
106362 0.000000 0.000000 0.000000 1.000000
106363 0.000000 0.000000 0.000000 1.000000
106364 0.000000 0.000000 0.000000 1.000000
106371 0.000000 0.000000 0.000000 1.000000
106372 0.000000 0.000000 0.000000 1.000000
106373 0.000000 0.000000 0.000000 1.000000
106374 0.000000 0.000000 0.000000 1.000000
106375 0.000000 0.000000 0.000000 1.000000
106376 0.000000 0.000000 0.000000 1.000000
106377 0.000000 0.000000 0.000000 1.000000
106378 0.000000 0.000000 0.000000 1.000000
106379 0.000000 0.000000 0.000000 1.000000
106380 0.000000 0.000000 0.000000 1.000000
106381 0.000000 0.000000 0.000000 1.000000
106382 0.000000 0.000000 0.000000 1.000000
106383 0.000000 0.000000 0.000000 1.000000
106384 0.000000 0.000000 0.000000 1.000000
106389 0.000000 0.000000 0.000000 1.000000
106390 0.000000 0.000000 0.000000 1.000000
106391 0.000000 0.000000 0.000000 1.000000
106392 0.000000 0.000000 0.000000 1.000000
106393 0.000000 0.000000 0.000000 1.000000
106394 0.000000 0.000000 0.000000 1.000000
106395 0.000000 0.000000 0.000000 1.000000
106396 0.000000 0.000000 0.000000 1.000000
106397 0.000000 0.000000 0.000000 1.000000
106398 0.000000 0.000000 0.000000 1.000000
106399 0.000000 0.000000 0.000000 1.000000
106400 0.000000 0.000000 0.000000 1.000000
106401 0.000000 0.000000 0.000000 1.000000
106402 0.000000 0.000000 0.000000 1.000000
106404 0.000000 0.000000 0.000000 1.000000
116264 0.000000 0.000000 0.000000 1.000000
116266 0.000000 0.000000 0.000000 1.000000
116267 0.000000 0.000000 0.000000 1.000000
116268 0.000000 0.000000 0.000000 1.000000
116269 0.000000 0.000000 0.000000 1.000000
116270 0.000000 0.000000 0.000000 1.000000
118800 0.000000 0.000000 0.000000 1.000000
118801 0.000000 0.000000 0.000000 1.000000
118802 0.000000 0.000000 0.000000 1.000000
121752 0.000000 0.000000 0.000000 1.000000
121753 0.000000 0.000000 0.000000 1.000000
121754 0.000000 0.000000 0.000000 1.000000
121755 0.000000 0.000000 0.000000 1.000000
121756 0.000000 0.000000 0.000000 1.000000
121757 0.000000 0.000000 0.000000 1.000000
121758 0.000000 0.000000 0.000000 1.000000
121759 0.000000 0.000000 0.000000 1.000000
121760 0.000000 0.000000 0.000000 1.000000
121761 0.000000 0.000000 0.000000 1.000000
121762 0.000000 0.000000 0.000000 1.000000
121764 0.000000 0.000000 0.000000 1.000000
121765 0.000000 0.000000 0.000000 1.000000
121766 0.000000 0.000000 0.000000 1.000000
121767 0.000000 0.000000 0.000000 1.000000
121768 0.000000 0.000000 0.000000 1.000000
121769 0.000000 0.000000 0.000000 1.000000
121770 0.000000 0.000000 0.000000 1.000000
121771 0.000000 0.000000 0.000000 1.000000
121772 0.000000 0.000000 0.000000 1.000000
121773 0.000000 0.000000 0.000000 1.000000
121774 0.000000 0.000000 0.000000 1.000000
121775 0.000000 0.000000 0.000000 1.000000
121776 0.000000 0.000000 0.000000 1.000000
121777 0.000000 0.000000 0.000000 1.000000
121778 0.000000 0.000000 0.000000 1.000000
121779 0.000000 0.000000 0.000000 1.000000
121780 0.000000 0.000000 0.000000 1.000000
121781 0.000000 0.000000 0.000000 1.000000
121782 0.000000 0.000000 0.000000 1.000000
121783 0.000000 0.000000 0.000000 1.000000
121785 0.000000 0.000000 0.000000 1.000000
121786 0.000000 0.000000 0.000000 1.000000
121787 0.000000 0.000000 0.000000 1.000000
121788 0.000000 0.000000 0.000000 1.000000
121790 0.000000 0.000000 0.000000 1.000000
121791 0.000000 0.000000 0.000000 1.000000
121792 0.000000 0.000000 0.000000 1.000000
121793 0.000000 0.000000 0.000000 1.000000
121794 0.000000 0.000000 0.000000 1.000000
121795 0.000000 0.000000 0.000000 1.000000
121796 0.000000 0.000000 0.000000 1.000000
121797 0.000000 0.000000 0.000000 1.000000
131527 0.000000 0.000000 0.000000 1.000000
131528 0.000000 0.000000 0.000000 1.000000
131530 0.000000 0.000000 0.000000 1.000000
131531 0.000000 0.000000 0.000000 1.000000
131532 0.000000 0.000000 0.000000 1.000000
131533 0.000000 0.000000 0.000000 1.000000
131534 0.000000 0.000000 0.000000 1.000000
131535 0.000000 0.000000 0.000000 1.000000
131536 0.000000 0.000000 0.000000 1.000000
131537 0.000000 0.000000 0.000000 1.000000
131538 0.000000 0.000000 0.000000 1.000000
131539 0.000000 0.000000 0.000000 1.000000
131540 0.000000 0.000000 0.000000 1.000000
131541 0.000000 0.000000 0.000000 1.000000
131542 0.000000 0.000000 0.000000 1.000000
131543 0.000000 0.000000 0.000000 1.000000
131544 0.000000 0.000000 0.000000 1.000000
131545 0.000000 0.000000 0.000000 1.000000
131546 0.000000 0.000000 0.000000 1.000000
131547 0.000000 0.000000 0.000000 1.000000
131548 0.000000 0.000000 0.000000 1.000000
131567 0.000000 0.000000 0.000000 1.000000
138344 0.000000 0.000000 0.000000 1.000000
138345 0.000000 0.000000 0.000000 1.000000
138346 0.000000 0.000000 0.000000 1.000000
138347 0.000000 0.000000 0.000000 1.000000
138355 0.000000 0.000000 0.000000 1.000000
138356 0.000000 0.000000 0.000000 1.000000
138357 0.000000 0.000000 0.000000 1.000000
138358 0.000000 0.000000 0.000000 1.000000
138359 0.000000 0.000000 0.000000 1.000000
138361 0.000000 0.000000 0.000000 1.000000
138362 0.000000 0.000000 0.000000 1.000000
138363 0.000000 0.000000 0.000000 1.000000
138364 0.000000 0.000000 0.000000 1.000000
138365 0.000000 0.000000 0.000000 1.000000
138386 0.000000 0.000000 0.000000 1.000000
138387 0.000000 0.000000 0.000000 1.000000
138388 0.000000 0.000000 0.000000 1.000000
138389 0.000000 0.000000 0.000000 1.000000
138390 0.000000 0.000000 0.000000 1.000000
138391 0.000000 0.000000 0.000000 1.000000
138392 0.000000 0.000000 0.000000 1.000000
138393 0.000000 0.000000 0.000000 1.000000
138394 0.000000 0.000000 0.000000 1.000000
138396 0.000000 0.000000 0.000000 1.000000
138402 0.000000 0.000000 0.000000 1.000000
146109 0.000000 0.000000 0.000000 1.000000
146110 0.000000 0.000000 0.000000 1.000000
146111 0.000000 0.000000 0.000000 1.000000
146112 0.000000 0.000000 0.000000 1.000000
146113 0.000000 0.000000 0.000000 1.000000
146114 0.000000 0.000000 0.000000 1.000000
146154 0.000000 0.000000 0.000000 1.000000
146155 0.000000 0.000000 0.000000 1.000000
146156 0.000000 0.000000 0.000000 1.000000
146157 0.000000 0.000000 0.000000 1.000000
146158 0.000000 0.000000 0.000000 1.000000
146159 0.000000 0.000000 0.000000 1.000000
146160 0.000000 0.000000 0.000000 1.000000
146161 0.000000 0.000000 0.000000 1.000000
146162 0.000000 0.000000 0.000000 1.000000
146163 0.000000 0.000000 0.000000 1.000000
146164 0.000000 0.000000 0.000000 1.000000
146165 0.000000 0.000000 0.000000 1.000000
146166 0.000000 0.000000 0.000000 1.000000
146167 0.000000 0.000000 0.000000 1.000000
146168 0.000000 0.000000 0.000000 1.000000
146169 0.000000 0.000000 0.000000 1.000000
146170 0.000000 0.000000 0.000000 1.000000
146171 0.000000 0.000000 0.000000 1.000000
146172 0.000000 0.000000 0.000000 1.000000
146173 0.000000 0.000000 0.000000 1.000000
146174 0.000000 0.000000 0.000000 1.000000
146175 0.000000 0.000000 0.000000 1.000000
146176 0.000000 0.000000 0.000000 1.000000
146177 0.000000 0.000000 0.000000 1.000000
146178 0.000000 0.000000 0.000000 1.000000
146179 0.000000 0.000000 0.000000 1.000000
146180 0.000000 0.000000 0.000000 1.000000
146181 0.000000 0.000000 0.000000 1.000000
146186 0.000000 0.000000 0.000000 1.000000
146187 0.000000 0.000000 0.000000 1.000000
146188 0.000000 0.000000 0.000000 1.000000
146189 0.000000 0.000000 0.000000 1.000000
146190 0.000000 0.000000 0.000000 1.000000
146191 0.000000 0.000000 0.000000 1.000000
146192 0.000000 0.000000 0.000000 1.000000
146193 0.000000 0.000000 0.000000 1.000000
146194 0.000000 0.000000 0.000000 1.000000
146195 0.000000 0.000000 0.000000 1.000000
146196 0.000000 0.000000 0.000000 1.000000
146197 0.000000 0.000000 0.000000 1.000000
146198 0.000000 0.000000 0.000000 1.000000
146199 0.000000 0.000000 0.000000 1.000000
146200 0.000000 0.000000 0.000000 1.000000
146201 0.000000 0.000000 0.000000 1.000000
146202 0.000000 0.000000 0.000000 1.000000
146203 0.000000 0.000000 0.000000 1.000000
146204 0.000000 0.000000 0.000000 1.000000
146205 0.000000 0.000000 0.000000 1.000000
146206 0.000000 0.000000 0.000000 1.000000
146207 0.000000 0.000000 0.000000 1.000000
146208 0.000000 0.000000 0.000000 1.000000
146209 0.000000 0.000000 0.000000 1.000000
146210 0.000000 0.000000 0.000000 1.000000
146211 0.000000 0.000000 0.000000 1.000000
146212 0.000000 0.000000 0.000000 1.000000
146213 0.000000 0.000000 0.000000 1.000000
146214 0.000000 0.000000 0.000000 1.000000
146215 0.000000 0.000000 0.000000 1.000000
146216 0.000000 0.000000 0.000000 1.000000
146217 0.000000 0.000000 0.000000 1.000000
146218 0.000000 0.000000 0.000000 1.000000
146219 0.000000 0.000000 0.000000 1.000000
146220 0.000000 0.000000 0.000000 1.000000
146221 0.000000 0.000000 0.000000 1.000000
146222 0.000000 0.000000 0.000000 1.000000
146223 0.000000 0.000000 0.000000 1.000000
146224 0.000000 0.000000 0.000000 1.000000
146225 0.000000 0.000000 0.000000 1.000000
146226 0.000000 0.000000 0.000000 1.000000
