#
776
120 0.000000 0.000000 0.000000 1.000000
121 0.000000 0.000000 0.000000 1.000000
526 0.000000 0.000000 0.000000 1.000000
528 0.000000 0.000000 0.000000 1.000000
1160 0.000000 0.000000 0.000000 1.000000
1162 0.000000 0.000000 0.000000 1.000000
1164 0.000000 0.000000 0.000000 1.000000
2218 0.000000 0.000000 0.000000 1.000000
2219 0.000000 0.000000 0.000000 1.000000
2222 0.000000 0.000000 0.000000 1.000000
2223 0.000000 0.000000 0.000000 1.000000
2229 0.000000 0.000000 0.000000 1.000000
3079 0.000000 0.000000 0.000000 1.000000
3080 0.000000 0.000000 0.000000 1.000000
3081 0.000000 0.000000 0.000000 1.000000
3082 0.000000 0.000000 0.000000 1.000000
3083 0.000000 0.000000 0.000000 1.000000
3084 0.000000 0.000000 0.000000 1.000000
4910 0.000000 0.000000 0.000000 1.000000
4911 0.000000 0.000000 0.000000 1.000000
4912 0.000000 0.000000 0.000000 1.000000
4916 0.000000 0.000000 0.000000 1.000000
4918 0.000000 0.000000 0.000000 1.000000
4919 0.000000 0.000000 0.000000 1.000000
4920 0.000000 0.000000 0.000000 1.000000
4921 0.000000 0.000000 0.000000 1.000000
4922 0.000000 0.000000 0.000000 1.000000
6695 0.000000 0.000000 0.000000 1.000000
6696 0.000000 0.000000 0.000000 1.000000
6697 0.000000 0.000000 0.000000 1.000000
6698 0.000000 0.000000 0.000000 1.000000
6699 0.000000 0.000000 0.000000 1.000000
6703 0.000000 0.000000 0.000000 1.000000
6704 0.000000 0.000000 0.000000 1.000000
7640 0.000000 0.000000 0.000000 1.000000
9217 0.000000 0.000000 0.000000 1.000000
9218 0.000000 0.000000 0.000000 1.000000
9219 0.000000 0.000000 0.000000 1.000000
9220 0.000000 0.000000 0.000000 1.000000
9221 0.000000 0.000000 0.000000 1.000000
9228 0.000000 0.000000 0.000000 1.000000
9229 0.000000 0.000000 0.000000 1.000000
9230 0.000000 0.000000 0.000000 1.000000
9234 0.000000 0.000000 0.000000 1.000000
9249 0.000000 0.000000 0.000000 1.000000
9250 0.000000 0.000000 0.000000 1.000000
9251 0.000000 0.000000 0.000000 1.000000
9252 0.000000 0.000000 0.000000 1.000000
9253 0.000000 0.000000 0.000000 1.000000
10758 0.000000 0.000000 0.000000 1.000000
10759 0.000000 0.000000 0.000000 1.000000
10760 0.000000 0.000000 0.000000 1.000000
10761 0.000000 0.000000 0.000000 1.000000
10762 0.000000 0.000000 0.000000 1.000000
10763 0.000000 0.000000 0.000000 1.000000
10764 0.000000 0.000000 0.000000 1.000000
12590 0.000000 0.000000 0.000000 1.000000
12591 0.000000 0.000000 0.000000 1.000000
12592 0.000000 0.000000 0.000000 1.000000
12596 0.000000 0.000000 0.000000 1.000000
12597 0.000000 0.000000 0.000000 1.000000
12598 0.000000 0.000000 0.000000 1.000000
12599 0.000000 0.000000 0.000000 1.000000
12600 0.000000 0.000000 0.000000 1.000000
12601 0.000000 0.000000 0.000000 1.000000
12602 0.000000 0.000000 0.000000 1.000000
14996 0.000000 0.000000 0.000000 1.000000
14997 0.000000 0.000000 0.000000 1.000000
14998 0.000000 0.000000 0.000000 1.000000
14999 0.000000 0.000000 0.000000 1.000000
15000 0.000000 0.000000 0.000000 1.000000
15001 0.000000 0.000000 0.000000 1.000000
15002 0.000000 0.000000 0.000000 1.000000
15003 0.000000 0.000000 0.000000 1.000000
15004 0.000000 0.000000 0.000000 1.000000
15005 0.000000 0.000000 0.000000 1.000000
15009 0.000000 0.000000 0.000000 1.000000
15010 0.000000 0.000000 0.000000 1.000000
15011 0.000000 0.000000 0.000000 1.000000
15012 0.000000 0.000000 0.000000 1.000000
15013 0.000000 0.000000 0.000000 1.000000
15014 0.000000 0.000000 0.000000 1.000000
20486 0.000000 0.000000 0.000000 1.000000
20488 0.000000 0.000000 0.000000 1.000000
20489 0.000000 0.000000 0.000000 1.000000
20490 0.000000 0.000000 0.000000 1.000000
20491 0.000000 0.000000 0.000000 1.000000
20492 0.000000 0.000000 0.000000 1.000000
20493 0.000000 0.000000 0.000000 1.000000
20494 0.000000 0.000000 0.000000 1.000000
20495 0.000000 0.000000 0.000000 1.000000
20496 0.000000 0.000000 0.000000 1.000000
20497 0.000000 0.000000 0.000000 1.000000
20514 0.000000 0.000000 0.000000 1.000000
20515 0.000000 0.000000 0.000000 1.000000
20516 0.000000 0.000000 0.000000 1.000000
20517 0.000000 0.000000 0.000000 1.000000
20518 0.000000 0.000000 0.000000 1.000000
20519 0.000000 0.000000 0.000000 1.000000
20520 0.000000 0.000000 0.000000 1.000000
20522 0.000000 0.000000 0.000000 1.000000
20523 0.000000 0.000000 0.000000 1.000000
20528 0.000000 0.000000 0.000000 1.000000
20529 0.000000 0.000000 0.000000 1.000000
20566 0.000000 0.000000 0.000000 1.000000
20568 0.000000 0.000000 0.000000 1.000000
20569 0.000000 0.000000 0.000000 1.000000
20570 0.000000 0.000000 0.000000 1.000000
20571 0.000000 0.000000 0.000000 1.000000
20572 0.000000 0.000000 0.000000 1.000000
23973 0.000000 0.000000 0.000000 1.000000
23974 0.000000 0.000000 0.000000 1.000000
23975 0.000000 0.000000 0.000000 1.000000
23976 0.000000 0.000000 0.000000 1.000000
23977 0.000000 0.000000 0.000000 1.000000
23978 0.000000 0.000000 0.000000 1.000000
23979 0.000000 0.000000 0.000000 1.000000
23980 0.000000 0.000000 0.000000 1.000000
23981 0.000000 0.000000 0.000000 1.000000
23982 0.000000 0.000000 0.000000 1.000000
23983 0.000000 0.000000 0.000000 1.000000
23984 0.000000 0.000000 0.000000 1.000000
27270 0.000000 0.000000 0.000000 1.000000
27271 0.000000 0.000000 0.000000 1.000000
27272 0.000000 0.000000 0.000000 1.000000
27273 0.000000 0.000000 0.000000 1.000000
27274 0.000000 0.000000 0.000000 1.000000
27283 0.000000 0.000000 0.000000 1.000000
27284 0.000000 0.000000 0.000000 1.000000
27285 0.000000 0.000000 0.000000 1.000000
27286 0.000000 0.000000 0.000000 1.000000
27287 0.000000 0.000000 0.000000 1.000000
27288 0.000000 0.000000 0.000000 1.000000
27289 0.000000 0.000000 0.000000 1.000000
27290 0.000000 0.000000 0.000000 1.000000
27291 0.000000 0.000000 0.000000 1.000000
27292 0.000000 0.000000 0.000000 1.000000
27319 0.000000 0.000000 0.000000 1.000000
30979 0.000000 0.000000 0.000000 1.000000
30980 0.000000 0.000000 0.000000 1.000000
30982 0.000000 0.000000 0.000000 1.000000
30983 0.000000 0.000000 0.000000 1.000000
30984 0.000000 0.000000 0.000000 1.000000
30985 0.000000 0.000000 0.000000 1.000000
30986 0.000000 0.000000 0.000000 1.000000
30987 0.000000 0.000000 0.000000 1.000000
30988 0.000000 0.000000 0.000000 1.000000
30989 0.000000 0.000000 0.000000 1.000000
30990 0.000000 0.000000 0.000000 1.000000
30999 0.000000 0.000000 0.000000 1.000000
33356 0.000000 0.000000 0.000000 1.000000
33385 0.000000 0.000000 0.000000 1.000000
33386 0.000000 0.000000 0.000000 1.000000
37894 0.000000 0.000000 0.000000 1.000000
37895 0.000000 0.000000 0.000000 1.000000
37896 0.000000 0.000000 0.000000 1.000000
37897 0.000000 0.000000 0.000000 1.000000
37899 0.000000 0.000000 0.000000 1.000000
37900 0.000000 0.000000 0.000000 1.000000
37901 0.000000 0.000000 0.000000 1.000000
37902 0.000000 0.000000 0.000000 1.000000
37903 0.000000 0.000000 0.000000 1.000000
37904 0.000000 0.000000 0.000000 1.000000
37905 0.000000 0.000000 0.000000 1.000000
37906 0.000000 0.000000 0.000000 1.000000
37907 0.000000 0.000000 0.000000 1.000000
37925 0.000000 0.000000 0.000000 1.000000
37926 0.000000 0.000000 0.000000 1.000000
37927 0.000000 0.000000 0.000000 1.000000
37928 0.000000 0.000000 0.000000 1.000000
37929 0.000000 0.000000 0.000000 1.000000
37930 0.000000 0.000000 0.000000 1.000000
37931 0.000000 0.000000 0.000000 1.000000
37932 0.000000 0.000000 0.000000 1.000000
37933 0.000000 0.000000 0.000000 1.000000
37934 0.000000 0.000000 0.000000 1.000000
37935 0.000000 0.000000 0.000000 1.000000
37944 0.000000 0.000000 0.000000 1.000000
37945 0.000000 0.000000 0.000000 1.000000
37946 0.000000 0.000000 0.000000 1.000000
37989 0.000000 0.000000 0.000000 1.000000
37990 0.000000 0.000000 0.000000 1.000000
37991 0.000000 0.000000 0.000000 1.000000
37992 0.000000 0.000000 0.000000 1.000000
37993 0.000000 0.000000 0.000000 1.000000
37994 0.000000 0.000000 0.000000 1.000000
37995 0.000000 0.000000 0.000000 1.000000
37996 0.000000 0.000000 0.000000 1.000000
37997 0.000000 0.000000 0.000000 1.000000
37999 0.000000 0.000000 0.000000 1.000000
38000 0.000000 0.000000 0.000000 1.000000
38002 0.000000 0.000000 0.000000 1.000000
38003 0.000000 0.000000 0.000000 1.000000
38004 0.000000 0.000000 0.000000 1.000000
38006 0.000000 0.000000 0.000000 1.000000
41470 0.000000 0.000000 0.000000 1.000000
41478 0.000000 0.000000 0.000000 1.000000
41479 0.000000 0.000000 0.000000 1.000000
41480 0.000000 0.000000 0.000000 1.000000
41481 0.000000 0.000000 0.000000 1.000000
41482 0.000000 0.000000 0.000000 1.000000
41483 0.000000 0.000000 0.000000 1.000000
41484 0.000000 0.000000 0.000000 1.000000
43310 0.000000 0.000000 0.000000 1.000000
43311 0.000000 0.000000 0.000000 1.000000
43312 0.000000 0.000000 0.000000 1.000000
43316 0.000000 0.000000 0.000000 1.000000
43317 0.000000 0.000000 0.000000 1.000000
43318 0.000000 0.000000 0.000000 1.000000
43319 0.000000 0.000000 0.000000 1.000000
43320 0.000000 0.000000 0.000000 1.000000
43321 0.000000 0.000000 0.000000 1.000000
43322 0.000000 0.000000 0.000000 1.000000
43330 0.000000 0.000000 0.000000 1.000000
43332 0.000000 0.000000 0.000000 1.000000
43334 0.000000 0.000000 0.000000 1.000000
45716 0.000000 0.000000 0.000000 1.000000
45717 0.000000 0.000000 0.000000 1.000000
45718 0.000000 0.000000 0.000000 1.000000
45719 0.000000 0.000000 0.000000 1.000000
45720 0.000000 0.000000 0.000000 1.000000
45721 0.000000 0.000000 0.000000 1.000000
45722 0.000000 0.000000 0.000000 1.000000
45723 0.000000 0.000000 0.000000 1.000000
45724 0.000000 0.000000 0.000000 1.000000
45725 0.000000 0.000000 0.000000 1.000000
45726 0.000000 0.000000 0.000000 1.000000
45727 0.000000 0.000000 0.000000 1.000000
45728 0.000000 0.000000 0.000000 1.000000
45729 0.000000 0.000000 0.000000 1.000000
45730 0.000000 0.000000 0.000000 1.000000
45731 0.000000 0.000000 0.000000 1.000000
45732 0.000000 0.000000 0.000000 1.000000
45733 0.000000 0.000000 0.000000 1.000000
45734 0.000000 0.000000 0.000000 1.000000
51206 0.000000 0.000000 0.000000 1.000000
51207 0.000000 0.000000 0.000000 1.000000
51208 0.000000 0.000000 0.000000 1.000000
51209 0.000000 0.000000 0.000000 1.000000
51210 0.000000 0.000000 0.000000 1.000000
51211 0.000000 0.000000 0.000000 1.000000
51212 0.000000 0.000000 0.000000 1.000000
51213 0.000000 0.000000 0.000000 1.000000
51214 0.000000 0.000000 0.000000 1.000000
51215 0.000000 0.000000 0.000000 1.000000
51216 0.000000 0.000000 0.000000 1.000000
51217 0.000000 0.000000 0.000000 1.000000
51234 0.000000 0.000000 0.000000 1.000000
51236 0.000000 0.000000 0.000000 1.000000
51237 0.000000 0.000000 0.000000 1.000000
51238 0.000000 0.000000 0.000000 1.000000
51239 0.000000 0.000000 0.000000 1.000000
51240 0.000000 0.000000 0.000000 1.000000
51241 0.000000 0.000000 0.000000 1.000000
51242 0.000000 0.000000 0.000000 1.000000
51243 0.000000 0.000000 0.000000 1.000000
51244 0.000000 0.000000 0.000000 1.000000
51288 0.000000 0.000000 0.000000 1.000000
51289 0.000000 0.000000 0.000000 1.000000
51290 0.000000 0.000000 0.000000 1.000000
51291 0.000000 0.000000 0.000000 1.000000
51292 0.000000 0.000000 0.000000 1.000000
55314 0.000000 0.000000 0.000000 1.000000
55315 0.000000 0.000000 0.000000 1.000000
55316 0.000000 0.000000 0.000000 1.000000
55317 0.000000 0.000000 0.000000 1.000000
55318 0.000000 0.000000 0.000000 1.000000
55319 0.000000 0.000000 0.000000 1.000000
55320 0.000000 0.000000 0.000000 1.000000
55321 0.000000 0.000000 0.000000 1.000000
55322 0.000000 0.000000 0.000000 1.000000
55323 0.000000 0.000000 0.000000 1.000000
55324 0.000000 0.000000 0.000000 1.000000
55325 0.000000 0.000000 0.000000 1.000000
55326 0.000000 0.000000 0.000000 1.000000
55327 0.000000 0.000000 0.000000 1.000000
55328 0.000000 0.000000 0.000000 1.000000
55329 0.000000 0.000000 0.000000 1.000000
55330 0.000000 0.000000 0.000000 1.000000
55331 0.000000 0.000000 0.000000 1.000000
55332 0.000000 0.000000 0.000000 1.000000
55333 0.000000 0.000000 0.000000 1.000000
55334 0.000000 0.000000 0.000000 1.000000
60808 0.000000 0.000000 0.000000 1.000000
60809 0.000000 0.000000 0.000000 1.000000
60810 0.000000 0.000000 0.000000 1.000000
60811 0.000000 0.000000 0.000000 1.000000
60812 0.000000 0.000000 0.000000 1.000000
60813 0.000000 0.000000 0.000000 1.000000
60814 0.000000 0.000000 0.000000 1.000000
60815 0.000000 0.000000 0.000000 1.000000
60816 0.000000 0.000000 0.000000 1.000000
60817 0.000000 0.000000 0.000000 1.000000
60828 0.000000 0.000000 0.000000 1.000000
60829 0.000000 0.000000 0.000000 1.000000
60830 0.000000 0.000000 0.000000 1.000000
60831 0.000000 0.000000 0.000000 1.000000
60832 0.000000 0.000000 0.000000 1.000000
60833 0.000000 0.000000 0.000000 1.000000
60834 0.000000 0.000000 0.000000 1.000000
60835 0.000000 0.000000 0.000000 1.000000
60836 0.000000 0.000000 0.000000 1.000000
60837 0.000000 0.000000 0.000000 1.000000
60838 0.000000 0.000000 0.000000 1.000000
60839 0.000000 0.000000 0.000000 1.000000
60840 0.000000 0.000000 0.000000 1.000000
60841 0.000000 0.000000 0.000000 1.000000
60842 0.000000 0.000000 0.000000 1.000000
60843 0.000000 0.000000 0.000000 1.000000
60844 0.000000 0.000000 0.000000 1.000000
60845 0.000000 0.000000 0.000000 1.000000
60846 0.000000 0.000000 0.000000 1.000000
60847 0.000000 0.000000 0.000000 1.000000
68026 0.000000 0.000000 0.000000 1.000000
68027 0.000000 0.000000 0.000000 1.000000
68028 0.000000 0.000000 0.000000 1.000000
68029 0.000000 0.000000 0.000000 1.000000
68030 0.000000 0.000000 0.000000 1.000000
68031 0.000000 0.000000 0.000000 1.000000
68032 0.000000 0.000000 0.000000 1.000000
68033 0.000000 0.000000 0.000000 1.000000
68034 0.000000 0.000000 0.000000 1.000000
68035 0.000000 0.000000 0.000000 1.000000
68036 0.000000 0.000000 0.000000 1.000000
68037 0.000000 0.000000 0.000000 1.000000
68038 0.000000 0.000000 0.000000 1.000000
68039 0.000000 0.000000 0.000000 1.000000
68040 0.000000 0.000000 0.000000 1.000000
68041 0.000000 0.000000 0.000000 1.000000
68042 0.000000 0.000000 0.000000 1.000000
68043 0.000000 0.000000 0.000000 1.000000
68044 0.000000 0.000000 0.000000 1.000000
68045 0.000000 0.000000 0.000000 1.000000
68046 0.000000 0.000000 0.000000 1.000000
68047 0.000000 0.000000 0.000000 1.000000
68048 0.000000 0.000000 0.000000 1.000000
68049 0.000000 0.000000 0.000000 1.000000
68050 0.000000 0.000000 0.000000 1.000000
68051 0.000000 0.000000 0.000000 1.000000
68052 0.000000 0.000000 0.000000 1.000000
68053 0.000000 0.000000 0.000000 1.000000
68054 0.000000 0.000000 0.000000 1.000000
68055 0.000000 0.000000 0.000000 1.000000
68070 0.000000 0.000000 0.000000 1.000000
68071 0.000000 0.000000 0.000000 1.000000
68072 0.000000 0.000000 0.000000 1.000000
68073 0.000000 0.000000 0.000000 1.000000
68074 0.000000 0.000000 0.000000 1.000000
68080 0.000000 0.000000 0.000000 1.000000
68081 0.000000 0.000000 0.000000 1.000000
68082 0.000000 0.000000 0.000000 1.000000
73393 0.000000 0.000000 0.000000 1.000000
73394 0.000000 0.000000 0.000000 1.000000
84499 0.000000 0.000000 0.000000 1.000000
84501 0.000000 0.000000 0.000000 1.000000
84502 0.000000 0.000000 0.000000 1.000000
84503 0.000000 0.000000 0.000000 1.000000
84504 0.000000 0.000000 0.000000 1.000000
84505 0.000000 0.000000 0.000000 1.000000
84506 0.000000 0.000000 0.000000 1.000000
84507 0.000000 0.000000 0.000000 1.000000
84508 0.000000 0.000000 0.000000 1.000000
84511 0.000000 0.000000 0.000000 1.000000
84512 0.000000 0.000000 0.000000 1.000000
84513 0.000000 0.000000 0.000000 1.000000
84514 0.000000 0.000000 0.000000 1.000000
84515 0.000000 0.000000 0.000000 1.000000
84516 0.000000 0.000000 0.000000 1.000000
84517 0.000000 0.000000 0.000000 1.000000
84518 0.000000 0.000000 0.000000 1.000000
84519 0.000000 0.000000 0.000000 1.000000
84520 0.000000 0.000000 0.000000 1.000000
84521 0.000000 0.000000 0.000000 1.000000
84522 0.000000 0.000000 0.000000 1.000000
84523 0.000000 0.000000 0.000000 1.000000
84524 0.000000 0.000000 0.000000 1.000000
84525 0.000000 0.000000 0.000000 1.000000
84526 0.000000 0.000000 0.000000 1.000000
84527 0.000000 0.000000 0.000000 1.000000
84528 0.000000 0.000000 0.000000 1.000000
84529 0.000000 0.000000 0.000000 1.000000
84530 0.000000 0.000000 0.000000 1.000000
84531 0.000000 0.000000 0.000000 1.000000
84532 0.000000 0.000000 0.000000 1.000000
84578 0.000000 0.000000 0.000000 1.000000
84579 0.000000 0.000000 0.000000 1.000000
84580 0.000000 0.000000 0.000000 1.000000
84581 0.000000 0.000000 0.000000 1.000000
84582 0.000000 0.000000 0.000000 1.000000
84583 0.000000 0.000000 0.000000 1.000000
84584 0.000000 0.000000 0.000000 1.000000
84585 0.000000 0.000000 0.000000 1.000000
84586 0.000000 0.000000 0.000000 1.000000
84587 0.000000 0.000000 0.000000 1.000000
84588 0.000000 0.000000 0.000000 1.000000
84589 0.000000 0.000000 0.000000 1.000000
84590 0.000000 0.000000 0.000000 1.000000
84591 0.000000 0.000000 0.000000 1.000000
84592 0.000000 0.000000 0.000000 1.000000
84593 0.000000 0.000000 0.000000 1.000000
84594 0.000000 0.000000 0.000000 1.000000
84595 0.000000 0.000000 0.000000 1.000000
84596 0.000000 0.000000 0.000000 1.000000
84597 0.000000 0.000000 0.000000 1.000000
84598 0.000000 0.000000 0.000000 1.000000
84599 0.000000 0.000000 0.000000 1.000000
84600 0.000000 0.000000 0.000000 1.000000
84601 0.000000 0.000000 0.000000 1.000000
84602 0.000000 0.000000 0.000000 1.000000
84608 0.000000 0.000000 0.000000 1.000000
84609 0.000000 0.000000 0.000000 1.000000
84610 0.000000 0.000000 0.000000 1.000000
84623 0.000000 0.000000 0.000000 1.000000
84624 0.000000 0.000000 0.000000 1.000000
84625 0.000000 0.000000 0.000000 1.000000
84626 0.000000 0.000000 0.000000 1.000000
84627 0.000000 0.000000 0.000000 1.000000
84628 0.000000 0.000000 0.000000 1.000000
84629 0.000000 0.000000 0.000000 1.000000
84735 0.000000 0.000000 0.000000 1.000000
84736 0.000000 0.000000 0.000000 1.000000
84737 0.000000 0.000000 0.000000 1.000000
84738 0.000000 0.000000 0.000000 1.000000
84739 0.000000 0.000000 0.000000 1.000000
84740 0.000000 0.000000 0.000000 1.000000
84741 0.000000 0.000000 0.000000 1.000000
84742 0.000000 0.000000 0.000000 1.000000
84745 0.000000 0.000000 0.000000 1.000000
84746 0.000000 0.000000 0.000000 1.000000
84747 0.000000 0.000000 0.000000 1.000000
84748 0.000000 0.000000 0.000000 1.000000
84749 0.000000 0.000000 0.000000 1.000000
84750 0.000000 0.000000 0.000000 1.000000
84751 0.000000 0.000000 0.000000 1.000000
84752 0.000000 0.000000 0.000000 1.000000
84753 0.000000 0.000000 0.000000 1.000000
84754 0.000000 0.000000 0.000000 1.000000
84755 0.000000 0.000000 0.000000 1.000000
84756 0.000000 0.000000 0.000000 1.000000
84757 0.000000 0.000000 0.000000 1.000000
84761 0.000000 0.000000 0.000000 1.000000
84763 0.000000 0.000000 0.000000 1.000000
84764 0.000000 0.000000 0.000000 1.000000
84765 0.000000 0.000000 0.000000 1.000000
84771 0.000000 0.000000 0.000000 1.000000
84772 0.000000 0.000000 0.000000 1.000000
84773 0.000000 0.000000 0.000000 1.000000
84774 0.000000 0.000000 0.000000 1.000000
84775 0.000000 0.000000 0.000000 1.000000
93092 0.000000 0.000000 0.000000 1.000000
93093 0.000000 0.000000 0.000000 1.000000
93094 0.000000 0.000000 0.000000 1.000000
93095 0.000000 0.000000 0.000000 1.000000
93096 0.000000 0.000000 0.000000 1.000000
93097 0.000000 0.000000 0.000000 1.000000
93098 0.000000 0.000000 0.000000 1.000000
93099 0.000000 0.000000 0.000000 1.000000
93100 0.000000 0.000000 0.000000 1.000000
93101 0.000000 0.000000 0.000000 1.000000
93102 0.000000 0.000000 0.000000 1.000000
93103 0.000000 0.000000 0.000000 1.000000
93104 0.000000 0.000000 0.000000 1.000000
96390 0.000000 0.000000 0.000000 1.000000
96391 0.000000 0.000000 0.000000 1.000000
96392 0.000000 0.000000 0.000000 1.000000
96393 0.000000 0.000000 0.000000 1.000000
96394 0.000000 0.000000 0.000000 1.000000
96400 0.000000 0.000000 0.000000 1.000000
96401 0.000000 0.000000 0.000000 1.000000
96402 0.000000 0.000000 0.000000 1.000000
96403 0.000000 0.000000 0.000000 1.000000
96404 0.000000 0.000000 0.000000 1.000000
96405 0.000000 0.000000 0.000000 1.000000
96406 0.000000 0.000000 0.000000 1.000000
96407 0.000000 0.000000 0.000000 1.000000
96408 0.000000 0.000000 0.000000 1.000000
96409 0.000000 0.000000 0.000000 1.000000
96410 0.000000 0.000000 0.000000 1.000000
96411 0.000000 0.000000 0.000000 1.000000
96412 0.000000 0.000000 0.000000 1.000000
100720 0.000000 0.000000 0.000000 1.000000
100721 0.000000 0.000000 0.000000 1.000000
100722 0.000000 0.000000 0.000000 1.000000
100723 0.000000 0.000000 0.000000 1.000000
100724 0.000000 0.000000 0.000000 1.000000
100725 0.000000 0.000000 0.000000 1.000000
100726 0.000000 0.000000 0.000000 1.000000
100727 0.000000 0.000000 0.000000 1.000000
100728 0.000000 0.000000 0.000000 1.000000
100729 0.000000 0.000000 0.000000 1.000000
100730 0.000000 0.000000 0.000000 1.000000
100731 0.000000 0.000000 0.000000 1.000000
100732 0.000000 0.000000 0.000000 1.000000
100733 0.000000 0.000000 0.000000 1.000000
100734 0.000000 0.000000 0.000000 1.000000
100735 0.000000 0.000000 0.000000 1.000000
100736 0.000000 0.000000 0.000000 1.000000
100737 0.000000 0.000000 0.000000 1.000000
100739 0.000000 0.000000 0.000000 1.000000
100746 0.000000 0.000000 0.000000 1.000000
100747 0.000000 0.000000 0.000000 1.000000
100748 0.000000 0.000000 0.000000 1.000000
100749 0.000000 0.000000 0.000000 1.000000
100750 0.000000 0.000000 0.000000 1.000000
100751 0.000000 0.000000 0.000000 1.000000
100752 0.000000 0.000000 0.000000 1.000000
100753 0.000000 0.000000 0.000000 1.000000
100754 0.000000 0.000000 0.000000 1.000000
110605 0.000000 0.000000 0.000000 1.000000
110606 0.000000 0.000000 0.000000 1.000000
110607 0.000000 0.000000 0.000000 1.000000
110608 0.000000 0.000000 0.000000 1.000000
110609 0.000000 0.000000 0.000000 1.000000
110610 0.000000 0.000000 0.000000 1.000000
110611 0.000000 0.000000 0.000000 1.000000
110612 0.000000 0.000000 0.000000 1.000000
110613 0.000000 0.000000 0.000000 1.000000
110614 0.000000 0.000000 0.000000 1.000000
110615 0.000000 0.000000 0.000000 1.000000
110616 0.000000 0.000000 0.000000 1.000000
110617 0.000000 0.000000 0.000000 1.000000
110618 0.000000 0.000000 0.000000 1.000000
110619 0.000000 0.000000 0.000000 1.000000
110620 0.000000 0.000000 0.000000 1.000000
110621 0.000000 0.000000 0.000000 1.000000
110622 0.000000 0.000000 0.000000 1.000000
110623 0.000000 0.000000 0.000000 1.000000
110652 0.000000 0.000000 0.000000 1.000000
110653 0.000000 0.000000 0.000000 1.000000
110654 0.000000 0.000000 0.000000 1.000000
110655 0.000000 0.000000 0.000000 1.000000
110656 0.000000 0.000000 0.000000 1.000000
110657 0.000000 0.000000 0.000000 1.000000
110658 0.000000 0.000000 0.000000 1.000000
110659 0.000000 0.000000 0.000000 1.000000
110660 0.000000 0.000000 0.000000 1.000000
110661 0.000000 0.000000 0.000000 1.000000
110662 0.000000 0.000000 0.000000 1.000000
110663 0.000000 0.000000 0.000000 1.000000
110664 0.000000 0.000000 0.000000 1.000000
110665 0.000000 0.000000 0.000000 1.000000
110666 0.000000 0.000000 0.000000 1.000000
110667 0.000000 0.000000 0.000000 1.000000
110669 0.000000 0.000000 0.000000 1.000000
110670 0.000000 0.000000 0.000000 1.000000
110671 0.000000 0.000000 0.000000 1.000000
110678 0.000000 0.000000 0.000000 1.000000
110679 0.000000 0.000000 0.000000 1.000000
110746 0.000000 0.000000 0.000000 1.000000
110748 0.000000 0.000000 0.000000 1.000000
110749 0.000000 0.000000 0.000000 1.000000
110750 0.000000 0.000000 0.000000 1.000000
110751 0.000000 0.000000 0.000000 1.000000
110752 0.000000 0.000000 0.000000 1.000000
110753 0.000000 0.000000 0.000000 1.000000
110754 0.000000 0.000000 0.000000 1.000000
110755 0.000000 0.000000 0.000000 1.000000
110756 0.000000 0.000000 0.000000 1.000000
110757 0.000000 0.000000 0.000000 1.000000
110758 0.000000 0.000000 0.000000 1.000000
117375 0.000000 0.000000 0.000000 1.000000
117376 0.000000 0.000000 0.000000 1.000000
117377 0.000000 0.000000 0.000000 1.000000
117378 0.000000 0.000000 0.000000 1.000000
117379 0.000000 0.000000 0.000000 1.000000
117380 0.000000 0.000000 0.000000 1.000000
117381 0.000000 0.000000 0.000000 1.000000
117382 0.000000 0.000000 0.000000 1.000000
117383 0.000000 0.000000 0.000000 1.000000
117384 0.000000 0.000000 0.000000 1.000000
117385 0.000000 0.000000 0.000000 1.000000
117386 0.000000 0.000000 0.000000 1.000000
117387 0.000000 0.000000 0.000000 1.000000
117388 0.000000 0.000000 0.000000 1.000000
117389 0.000000 0.000000 0.000000 1.000000
117390 0.000000 0.000000 0.000000 1.000000
117391 0.000000 0.000000 0.000000 1.000000
117392 0.000000 0.000000 0.000000 1.000000
117393 0.000000 0.000000 0.000000 1.000000
117394 0.000000 0.000000 0.000000 1.000000
117395 0.000000 0.000000 0.000000 1.000000
117396 0.000000 0.000000 0.000000 1.000000
117397 0.000000 0.000000 0.000000 1.000000
117398 0.000000 0.000000 0.000000 1.000000
117399 0.000000 0.000000 0.000000 1.000000
117400 0.000000 0.000000 0.000000 1.000000
117401 0.000000 0.000000 0.000000 1.000000
117402 0.000000 0.000000 0.000000 1.000000
117403 0.000000 0.000000 0.000000 1.000000
117404 0.000000 0.000000 0.000000 1.000000
125069 0.000000 0.000000 0.000000 1.000000
125070 0.000000 0.000000 0.000000 1.000000
125071 0.000000 0.000000 0.000000 1.000000
125072 0.000000 0.000000 0.000000 1.000000
125073 0.000000 0.000000 0.000000 1.000000
125074 0.000000 0.000000 0.000000 1.000000
125075 0.000000 0.000000 0.000000 1.000000
125076 0.000000 0.000000 0.000000 1.000000
125077 0.000000 0.000000 0.000000 1.000000
125078 0.000000 0.000000 0.000000 1.000000
125079 0.000000 0.000000 0.000000 1.000000
125080 0.000000 0.000000 0.000000 1.000000
125104 0.000000 0.000000 0.000000 1.000000
125105 0.000000 0.000000 0.000000 1.000000
125106 0.000000 0.000000 0.000000 1.000000
125107 0.000000 0.000000 0.000000 1.000000
125108 0.000000 0.000000 0.000000 1.000000
125109 0.000000 0.000000 0.000000 1.000000
125110 0.000000 0.000000 0.000000 1.000000
125111 0.000000 0.000000 0.000000 1.000000
125112 0.000000 0.000000 0.000000 1.000000
125113 0.000000 0.000000 0.000000 1.000000
125114 0.000000 0.000000 0.000000 1.000000
125115 0.000000 0.000000 0.000000 1.000000
125116 0.000000 0.000000 0.000000 1.000000
125117 0.000000 0.000000 0.000000 1.000000
125118 0.000000 0.000000 0.000000 1.000000
125119 0.000000 0.000000 0.000000 1.000000
125120 0.000000 0.000000 0.000000 1.000000
125121 0.000000 0.000000 0.000000 1.000000
125122 0.000000 0.000000 0.000000 1.000000
125183 0.000000 0.000000 0.000000 1.000000
125184 0.000000 0.000000 0.000000 1.000000
125185 0.000000 0.000000 0.000000 1.000000
134551 0.000000 0.000000 0.000000 1.000000
134552 0.000000 0.000000 0.000000 1.000000
134554 0.000000 0.000000 0.000000 1.000000
134555 0.000000 0.000000 0.000000 1.000000
134560 0.000000 0.000000 0.000000 1.000000
134561 0.000000 0.000000 0.000000 1.000000
134562 0.000000 0.000000 0.000000 1.000000
134563 0.000000 0.000000 0.000000 1.000000
134564 0.000000 0.000000 0.000000 1.000000
134565 0.000000 0.000000 0.000000 1.000000
134566 0.000000 0.000000 0.000000 1.000000
134567 0.000000 0.000000 0.000000 1.000000
134568 0.000000 0.000000 0.000000 1.000000
134569 0.000000 0.000000 0.000000 1.000000
134570 0.000000 0.000000 0.000000 1.000000
134571 0.000000 0.000000 0.000000 1.000000
134572 0.000000 0.000000 0.000000 1.000000
134573 0.000000 0.000000 0.000000 1.000000
134574 0.000000 0.000000 0.000000 1.000000
134575 0.000000 0.000000 0.000000 1.000000
134576 0.000000 0.000000 0.000000 1.000000
134577 0.000000 0.000000 0.000000 1.000000
134579 0.000000 0.000000 0.000000 1.000000
134580 0.000000 0.000000 0.000000 1.000000
134581 0.000000 0.000000 0.000000 1.000000
134582 0.000000 0.000000 0.000000 1.000000
134583 0.000000 0.000000 0.000000 1.000000
134584 0.000000 0.000000 0.000000 1.000000
134585 0.000000 0.000000 0.000000 1.000000
134586 0.000000 0.000000 0.000000 1.000000
134607 0.000000 0.000000 0.000000 1.000000
134608 0.000000 0.000000 0.000000 1.000000
134609 0.000000 0.000000 0.000000 1.000000
134610 0.000000 0.000000 0.000000 1.000000
134611 0.000000 0.000000 0.000000 1.000000
134624 0.000000 0.000000 0.000000 1.000000
141223 0.000000 0.000000 0.000000 1.000000
141224 0.000000 0.000000 0.000000 1.000000
141305 0.000000 0.000000 0.000000 1.000000
141306 0.000000 0.000000 0.000000 1.000000
141307 0.000000 0.000000 0.000000 1.000000
141308 0.000000 0.000000 0.000000 1.000000
141309 0.000000 0.000000 0.000000 1.000000
154647 0.000000 0.000000 0.000000 1.000000
154648 0.000000 0.000000 0.000000 1.000000
154650 0.000000 0.000000 0.000000 1.000000
154651 0.000000 0.000000 0.000000 1.000000
154652 0.000000 0.000000 0.000000 1.000000
154653 0.000000 0.000000 0.000000 1.000000
154654 0.000000 0.000000 0.000000 1.000000
154655 0.000000 0.000000 0.000000 1.000000
154662 0.000000 0.000000 0.000000 1.000000
154663 0.000000 0.000000 0.000000 1.000000
154668 0.000000 0.000000 0.000000 1.000000
154669 0.000000 0.000000 0.000000 1.000000
154670 0.000000 0.000000 0.000000 1.000000
154671 0.000000 0.000000 0.000000 1.000000
154672 0.000000 0.000000 0.000000 1.000000
154673 0.000000 0.000000 0.000000 1.000000
154674 0.000000 0.000000 0.000000 1.000000
154675 0.000000 0.000000 0.000000 1.000000
154677 0.000000 0.000000 0.000000 1.000000
154678 0.000000 0.000000 0.000000 1.000000
154679 0.000000 0.000000 0.000000 1.000000
154680 0.000000 0.000000 0.000000 1.000000
154681 0.000000 0.000000 0.000000 1.000000
154682 0.000000 0.000000 0.000000 1.000000
154683 0.000000 0.000000 0.000000 1.000000
154684 0.000000 0.000000 0.000000 1.000000
154685 0.000000 0.000000 0.000000 1.000000
154739 0.000000 0.000000 0.000000 1.000000
154740 0.000000 0.000000 0.000000 1.000000
154741 0.000000 0.000000 0.000000 1.000000
154742 0.000000 0.000000 0.000000 1.000000
154743 0.000000 0.000000 0.000000 1.000000
154744 0.000000 0.000000 0.000000 1.000000
154745 0.000000 0.000000 0.000000 1.000000
154746 0.000000 0.000000 0.000000 1.000000
154747 0.000000 0.000000 0.000000 1.000000
154748 0.000000 0.000000 0.000000 1.000000
154749 0.000000 0.000000 0.000000 1.000000
154750 0.000000 0.000000 0.000000 1.000000
154751 0.000000 0.000000 0.000000 1.000000
154752 0.000000 0.000000 0.000000 1.000000
154753 0.000000 0.000000 0.000000 1.000000
154754 0.000000 0.000000 0.000000 1.000000
154755 0.000000 0.000000 0.000000 1.000000
154756 0.000000 0.000000 0.000000 1.000000
154757 0.000000 0.000000 0.000000 1.000000
154758 0.000000 0.000000 0.000000 1.000000
154759 0.000000 0.000000 0.000000 1.000000
154760 0.000000 0.000000 0.000000 1.000000
154761 0.000000 0.000000 0.000000 1.000000
154762 0.000000 0.000000 0.000000 1.000000
154763 0.000000 0.000000 0.000000 1.000000
154764 0.000000 0.000000 0.000000 1.000000
154765 0.000000 0.000000 0.000000 1.000000
154766 0.000000 0.000000 0.000000 1.000000
154767 0.000000 0.000000 0.000000 1.000000
154776 0.000000 0.000000 0.000000 1.000000
154794 0.000000 0.000000 0.000000 1.000000
154795 0.000000 0.000000 0.000000 1.000000
154796 0.000000 0.000000 0.000000 1.000000
154797 0.000000 0.000000 0.000000 1.000000
154798 0.000000 0.000000 0.000000 1.000000
154799 0.000000 0.000000 0.000000 1.000000
154800 0.000000 0.000000 0.000000 1.000000
154801 0.000000 0.000000 0.000000 1.000000
154802 0.000000 0.000000 0.000000 1.000000
154810 0.000000 0.000000 0.000000 1.000000
154811 0.000000 0.000000 0.000000 1.000000
154929 0.000000 0.000000 0.000000 1.000000
154930 0.000000 0.000000 0.000000 1.000000
154931 0.000000 0.000000 0.000000 1.000000
154932 0.000000 0.000000 0.000000 1.000000
154933 0.000000 0.000000 0.000000 1.000000
154934 0.000000 0.000000 0.000000 1.000000
154935 0.000000 0.000000 0.000000 1.000000
154936 0.000000 0.000000 0.000000 1.000000
154937 0.000000 0.000000 0.000000 1.000000
154939 0.000000 0.000000 0.000000 1.000000
154940 0.000000 0.000000 0.000000 1.000000
154941 0.000000 0.000000 0.000000 1.000000
154942 0.000000 0.000000 0.000000 1.000000
154943 0.000000 0.000000 0.000000 1.000000
154944 0.000000 0.000000 0.000000 1.000000
154945 0.000000 0.000000 0.000000 1.000000
154946 0.000000 0.000000 0.000000 1.000000
154947 0.000000 0.000000 0.000000 1.000000
154948 0.000000 0.000000 0.000000 1.000000
154949 0.000000 0.000000 0.000000 1.000000
154950 0.000000 0.000000 0.000000 1.000000
154951 0.000000 0.000000 0.000000 1.000000
154952 0.000000 0.000000 0.000000 1.000000
154953 0.000000 0.000000 0.000000 1.000000
154954 0.000000 0.000000 0.000000 1.000000
154955 0.000000 0.000000 0.000000 1.000000
154963 0.000000 0.000000 0.000000 1.000000
154964 0.000000 0.000000 0.000000 1.000000
154969 0.000000 0.000000 0.000000 1.000000
154970 0.000000 0.000000 0.000000 1.000000
154971 0.000000 0.000000 0.000000 1.000000
154972 0.000000 0.000000 0.000000 1.000000
154973 0.000000 0.000000 0.000000 1.000000
154974 0.000000 0.000000 0.000000 1.000000
154975 0.000000 0.000000 0.000000 1.000000
154976 0.000000 0.000000 0.000000 1.000000
154978 0.000000 0.000000 0.000000 1.000000
154979 0.000000 0.000000 0.000000 1.000000
154981 0.000000 0.000000 0.000000 1.000000
154982 0.000000 0.000000 0.000000 1.000000
154983 0.000000 0.000000 0.000000 1.000000
