#
359
145 0.000000 0.000000 0.000000 1.000000
315 0.000000 0.000000 0.000000 1.000000
1307 0.000000 0.000000 0.000000 1.000000
1308 0.000000 0.000000 0.000000 1.000000
1309 0.000000 0.000000 0.000000 1.000000
2404 0.000000 0.000000 0.000000 1.000000
3227 0.000000 0.000000 0.000000 1.000000
3228 0.000000 0.000000 0.000000 1.000000
3229 0.000000 0.000000 0.000000 1.000000
5364 0.000000 0.000000 0.000000 1.000000
5365 0.000000 0.000000 0.000000 1.000000
5366 0.000000 0.000000 0.000000 1.000000
6961 0.000000 0.000000 0.000000 1.000000
6962 0.000000 0.000000 0.000000 1.000000
6963 0.000000 0.000000 0.000000 1.000000
6964 0.000000 0.000000 0.000000 1.000000
6967 0.000000 0.000000 0.000000 1.000000
7858 0.000000 0.000000 0.000000 1.000000
7859 0.000000 0.000000 0.000000 1.000000
7860 0.000000 0.000000 0.000000 1.000000
9769 0.000000 0.000000 0.000000 1.000000
9770 0.000000 0.000000 0.000000 1.000000
10907 0.000000 0.000000 0.000000 1.000000
10908 0.000000 0.000000 0.000000 1.000000
10909 0.000000 0.000000 0.000000 1.000000
13044 0.000000 0.000000 0.000000 1.000000
13045 0.000000 0.000000 0.000000 1.000000
13046 0.000000 0.000000 0.000000 1.000000
15442 0.000000 0.000000 0.000000 1.000000
15443 0.000000 0.000000 0.000000 1.000000
15444 0.000000 0.000000 0.000000 1.000000
15445 0.000000 0.000000 0.000000 1.000000
15446 0.000000 0.000000 0.000000 1.000000
15447 0.000000 0.000000 0.000000 1.000000
15448 0.000000 0.000000 0.000000 1.000000
15449 0.000000 0.000000 0.000000 1.000000
15451 0.000000 0.000000 0.000000 1.000000
17250 0.000000 0.000000 0.000000 1.000000
17253 0.000000 0.000000 0.000000 1.000000
17254 0.000000 0.000000 0.000000 1.000000
17255 0.000000 0.000000 0.000000 1.000000
17256 0.000000 0.000000 0.000000 1.000000
21855 0.000000 0.000000 0.000000 1.000000
21856 0.000000 0.000000 0.000000 1.000000
21857 0.000000 0.000000 0.000000 1.000000
21858 0.000000 0.000000 0.000000 1.000000
21859 0.000000 0.000000 0.000000 1.000000
21860 0.000000 0.000000 0.000000 1.000000
21861 0.000000 0.000000 0.000000 1.000000
24241 0.000000 0.000000 0.000000 1.000000
24242 0.000000 0.000000 0.000000 1.000000
24243 0.000000 0.000000 0.000000 1.000000
24244 0.000000 0.000000 0.000000 1.000000
24245 0.000000 0.000000 0.000000 1.000000
24246 0.000000 0.000000 0.000000 1.000000
24247 0.000000 0.000000 0.000000 1.000000
28088 0.000000 0.000000 0.000000 1.000000
28089 0.000000 0.000000 0.000000 1.000000
28090 0.000000 0.000000 0.000000 1.000000
28091 0.000000 0.000000 0.000000 1.000000
28092 0.000000 0.000000 0.000000 1.000000
28093 0.000000 0.000000 0.000000 1.000000
31603 0.000000 0.000000 0.000000 1.000000
31604 0.000000 0.000000 0.000000 1.000000
31605 0.000000 0.000000 0.000000 1.000000
31606 0.000000 0.000000 0.000000 1.000000
31607 0.000000 0.000000 0.000000 1.000000
31608 0.000000 0.000000 0.000000 1.000000
31609 0.000000 0.000000 0.000000 1.000000
31610 0.000000 0.000000 0.000000 1.000000
31611 0.000000 0.000000 0.000000 1.000000
31612 0.000000 0.000000 0.000000 1.000000
31618 0.000000 0.000000 0.000000 1.000000
33946 0.000000 0.000000 0.000000 1.000000
33947 0.000000 0.000000 0.000000 1.000000
33948 0.000000 0.000000 0.000000 1.000000
33949 0.000000 0.000000 0.000000 1.000000
33950 0.000000 0.000000 0.000000 1.000000
33951 0.000000 0.000000 0.000000 1.000000
33952 0.000000 0.000000 0.000000 1.000000
33953 0.000000 0.000000 0.000000 1.000000
33954 0.000000 0.000000 0.000000 1.000000
39541 0.000000 0.000000 0.000000 1.000000
39542 0.000000 0.000000 0.000000 1.000000
39543 0.000000 0.000000 0.000000 1.000000
39544 0.000000 0.000000 0.000000 1.000000
39545 0.000000 0.000000 0.000000 1.000000
39546 0.000000 0.000000 0.000000 1.000000
39547 0.000000 0.000000 0.000000 1.000000
39610 0.000000 0.000000 0.000000 1.000000
39611 0.000000 0.000000 0.000000 1.000000
41627 0.000000 0.000000 0.000000 1.000000
41628 0.000000 0.000000 0.000000 1.000000
41629 0.000000 0.000000 0.000000 1.000000
43762 0.000000 0.000000 0.000000 1.000000
43763 0.000000 0.000000 0.000000 1.000000
43764 0.000000 0.000000 0.000000 1.000000
46162 0.000000 0.000000 0.000000 1.000000
46163 0.000000 0.000000 0.000000 1.000000
46164 0.000000 0.000000 0.000000 1.000000
46165 0.000000 0.000000 0.000000 1.000000
46166 0.000000 0.000000 0.000000 1.000000
46167 0.000000 0.000000 0.000000 1.000000
46168 0.000000 0.000000 0.000000 1.000000
46169 0.000000 0.000000 0.000000 1.000000
46170 0.000000 0.000000 0.000000 1.000000
46171 0.000000 0.000000 0.000000 1.000000
47975 0.000000 0.000000 0.000000 1.000000
52574 0.000000 0.000000 0.000000 1.000000
52575 0.000000 0.000000 0.000000 1.000000
52576 0.000000 0.000000 0.000000 1.000000
52577 0.000000 0.000000 0.000000 1.000000
52578 0.000000 0.000000 0.000000 1.000000
52579 0.000000 0.000000 0.000000 1.000000
52580 0.000000 0.000000 0.000000 1.000000
52581 0.000000 0.000000 0.000000 1.000000
55762 0.000000 0.000000 0.000000 1.000000
55763 0.000000 0.000000 0.000000 1.000000
55764 0.000000 0.000000 0.000000 1.000000
55765 0.000000 0.000000 0.000000 1.000000
55766 0.000000 0.000000 0.000000 1.000000
55767 0.000000 0.000000 0.000000 1.000000
55768 0.000000 0.000000 0.000000 1.000000
55769 0.000000 0.000000 0.000000 1.000000
55770 0.000000 0.000000 0.000000 1.000000
55771 0.000000 0.000000 0.000000 1.000000
62170 0.000000 0.000000 0.000000 1.000000
62172 0.000000 0.000000 0.000000 1.000000
62174 0.000000 0.000000 0.000000 1.000000
62175 0.000000 0.000000 0.000000 1.000000
62176 0.000000 0.000000 0.000000 1.000000
62177 0.000000 0.000000 0.000000 1.000000
62178 0.000000 0.000000 0.000000 1.000000
62179 0.000000 0.000000 0.000000 1.000000
62180 0.000000 0.000000 0.000000 1.000000
62181 0.000000 0.000000 0.000000 1.000000
62182 0.000000 0.000000 0.000000 1.000000
69367 0.000000 0.000000 0.000000 1.000000
69368 0.000000 0.000000 0.000000 1.000000
69369 0.000000 0.000000 0.000000 1.000000
69370 0.000000 0.000000 0.000000 1.000000
69371 0.000000 0.000000 0.000000 1.000000
69372 0.000000 0.000000 0.000000 1.000000
69373 0.000000 0.000000 0.000000 1.000000
69374 0.000000 0.000000 0.000000 1.000000
69375 0.000000 0.000000 0.000000 1.000000
69376 0.000000 0.000000 0.000000 1.000000
69377 0.000000 0.000000 0.000000 1.000000
69378 0.000000 0.000000 0.000000 1.000000
69379 0.000000 0.000000 0.000000 1.000000
69380 0.000000 0.000000 0.000000 1.000000
69381 0.000000 0.000000 0.000000 1.000000
69382 0.000000 0.000000 0.000000 1.000000
69383 0.000000 0.000000 0.000000 1.000000
69384 0.000000 0.000000 0.000000 1.000000
69385 0.000000 0.000000 0.000000 1.000000
69386 0.000000 0.000000 0.000000 1.000000
69387 0.000000 0.000000 0.000000 1.000000
69388 0.000000 0.000000 0.000000 1.000000
69392 0.000000 0.000000 0.000000 1.000000
69398 0.000000 0.000000 0.000000 1.000000
74790 0.000000 0.000000 0.000000 1.000000
74791 0.000000 0.000000 0.000000 1.000000
74792 0.000000 0.000000 0.000000 1.000000
74793 0.000000 0.000000 0.000000 1.000000
74794 0.000000 0.000000 0.000000 1.000000
74795 0.000000 0.000000 0.000000 1.000000
74796 0.000000 0.000000 0.000000 1.000000
74800 0.000000 0.000000 0.000000 1.000000
74801 0.000000 0.000000 0.000000 1.000000
74802 0.000000 0.000000 0.000000 1.000000
74803 0.000000 0.000000 0.000000 1.000000
74804 0.000000 0.000000 0.000000 1.000000
74805 0.000000 0.000000 0.000000 1.000000
74806 0.000000 0.000000 0.000000 1.000000
74807 0.000000 0.000000 0.000000 1.000000
74808 0.000000 0.000000 0.000000 1.000000
74809 0.000000 0.000000 0.000000 1.000000
74810 0.000000 0.000000 0.000000 1.000000
74811 0.000000 0.000000 0.000000 1.000000
88605 0.000000 0.000000 0.000000 1.000000
88606 0.000000 0.000000 0.000000 1.000000
88607 0.000000 0.000000 0.000000 1.000000
88608 0.000000 0.000000 0.000000 1.000000
88609 0.000000 0.000000 0.000000 1.000000
88610 0.000000 0.000000 0.000000 1.000000
88611 0.000000 0.000000 0.000000 1.000000
88612 0.000000 0.000000 0.000000 1.000000
88613 0.000000 0.000000 0.000000 1.000000
88614 0.000000 0.000000 0.000000 1.000000
88615 0.000000 0.000000 0.000000 1.000000
88616 0.000000 0.000000 0.000000 1.000000
88617 0.000000 0.000000 0.000000 1.000000
88618 0.000000 0.000000 0.000000 1.000000
88619 0.000000 0.000000 0.000000 1.000000
88620 0.000000 0.000000 0.000000 1.000000
88621 0.000000 0.000000 0.000000 1.000000
88622 0.000000 0.000000 0.000000 1.000000
88778 0.000000 0.000000 0.000000 1.000000
88781 0.000000 0.000000 0.000000 1.000000
88783 0.000000 0.000000 0.000000 1.000000
93361 0.000000 0.000000 0.000000 1.000000
93362 0.000000 0.000000 0.000000 1.000000
93363 0.000000 0.000000 0.000000 1.000000
93364 0.000000 0.000000 0.000000 1.000000
93365 0.000000 0.000000 0.000000 1.000000
93366 0.000000 0.000000 0.000000 1.000000
93367 0.000000 0.000000 0.000000 1.000000
97207 0.000000 0.000000 0.000000 1.000000
97208 0.000000 0.000000 0.000000 1.000000
97209 0.000000 0.000000 0.000000 1.000000
97210 0.000000 0.000000 0.000000 1.000000
97211 0.000000 0.000000 0.000000 1.000000
97212 0.000000 0.000000 0.000000 1.000000
101524 0.000000 0.000000 0.000000 1.000000
101525 0.000000 0.000000 0.000000 1.000000
101526 0.000000 0.000000 0.000000 1.000000
101527 0.000000 0.000000 0.000000 1.000000
101528 0.000000 0.000000 0.000000 1.000000
101529 0.000000 0.000000 0.000000 1.000000
101530 0.000000 0.000000 0.000000 1.000000
101531 0.000000 0.000000 0.000000 1.000000
101532 0.000000 0.000000 0.000000 1.000000
101533 0.000000 0.000000 0.000000 1.000000
101534 0.000000 0.000000 0.000000 1.000000
101535 0.000000 0.000000 0.000000 1.000000
101536 0.000000 0.000000 0.000000 1.000000
101537 0.000000 0.000000 0.000000 1.000000
101539 0.000000 0.000000 0.000000 1.000000
101540 0.000000 0.000000 0.000000 1.000000
101541 0.000000 0.000000 0.000000 1.000000
104778 0.000000 0.000000 0.000000 1.000000
104781 0.000000 0.000000 0.000000 1.000000
104786 0.000000 0.000000 0.000000 1.000000
104787 0.000000 0.000000 0.000000 1.000000
104788 0.000000 0.000000 0.000000 1.000000
104789 0.000000 0.000000 0.000000 1.000000
104790 0.000000 0.000000 0.000000 1.000000
113067 0.000000 0.000000 0.000000 1.000000
113068 0.000000 0.000000 0.000000 1.000000
113069 0.000000 0.000000 0.000000 1.000000
113070 0.000000 0.000000 0.000000 1.000000
113071 0.000000 0.000000 0.000000 1.000000
113072 0.000000 0.000000 0.000000 1.000000
113073 0.000000 0.000000 0.000000 1.000000
113074 0.000000 0.000000 0.000000 1.000000
113075 0.000000 0.000000 0.000000 1.000000
113076 0.000000 0.000000 0.000000 1.000000
113077 0.000000 0.000000 0.000000 1.000000
118003 0.000000 0.000000 0.000000 1.000000
118004 0.000000 0.000000 0.000000 1.000000
118005 0.000000 0.000000 0.000000 1.000000
118006 0.000000 0.000000 0.000000 1.000000
118007 0.000000 0.000000 0.000000 1.000000
118008 0.000000 0.000000 0.000000 1.000000
118009 0.000000 0.000000 0.000000 1.000000
118010 0.000000 0.000000 0.000000 1.000000
118011 0.000000 0.000000 0.000000 1.000000
118012 0.000000 0.000000 0.000000 1.000000
118013 0.000000 0.000000 0.000000 1.000000
118014 0.000000 0.000000 0.000000 1.000000
118015 0.000000 0.000000 0.000000 1.000000
118016 0.000000 0.000000 0.000000 1.000000
118018 0.000000 0.000000 0.000000 1.000000
126980 0.000000 0.000000 0.000000 1.000000
126981 0.000000 0.000000 0.000000 1.000000
126982 0.000000 0.000000 0.000000 1.000000
126983 0.000000 0.000000 0.000000 1.000000
126984 0.000000 0.000000 0.000000 1.000000
126985 0.000000 0.000000 0.000000 1.000000
126986 0.000000 0.000000 0.000000 1.000000
126987 0.000000 0.000000 0.000000 1.000000
126988 0.000000 0.000000 0.000000 1.000000
126989 0.000000 0.000000 0.000000 1.000000
126990 0.000000 0.000000 0.000000 1.000000
136249 0.000000 0.000000 0.000000 1.000000
136250 0.000000 0.000000 0.000000 1.000000
136251 0.000000 0.000000 0.000000 1.000000
136252 0.000000 0.000000 0.000000 1.000000
136253 0.000000 0.000000 0.000000 1.000000
136254 0.000000 0.000000 0.000000 1.000000
136255 0.000000 0.000000 0.000000 1.000000
136256 0.000000 0.000000 0.000000 1.000000
136257 0.000000 0.000000 0.000000 1.000000
136258 0.000000 0.000000 0.000000 1.000000
136259 0.000000 0.000000 0.000000 1.000000
136260 0.000000 0.000000 0.000000 1.000000
136261 0.000000 0.000000 0.000000 1.000000
136262 0.000000 0.000000 0.000000 1.000000
136263 0.000000 0.000000 0.000000 1.000000
136264 0.000000 0.000000 0.000000 1.000000
136265 0.000000 0.000000 0.000000 1.000000
136266 0.000000 0.000000 0.000000 1.000000
136267 0.000000 0.000000 0.000000 1.000000
136268 0.000000 0.000000 0.000000 1.000000
136269 0.000000 0.000000 0.000000 1.000000
136270 0.000000 0.000000 0.000000 1.000000
136271 0.000000 0.000000 0.000000 1.000000
136272 0.000000 0.000000 0.000000 1.000000
136273 0.000000 0.000000 0.000000 1.000000
136274 0.000000 0.000000 0.000000 1.000000
136275 0.000000 0.000000 0.000000 1.000000
136288 0.000000 0.000000 0.000000 1.000000
136289 0.000000 0.000000 0.000000 1.000000
136290 0.000000 0.000000 0.000000 1.000000
142929 0.000000 0.000000 0.000000 1.000000
142930 0.000000 0.000000 0.000000 1.000000
142931 0.000000 0.000000 0.000000 1.000000
142932 0.000000 0.000000 0.000000 1.000000
142933 0.000000 0.000000 0.000000 1.000000
142934 0.000000 0.000000 0.000000 1.000000
142935 0.000000 0.000000 0.000000 1.000000
142936 0.000000 0.000000 0.000000 1.000000
142937 0.000000 0.000000 0.000000 1.000000
142938 0.000000 0.000000 0.000000 1.000000
142941 0.000000 0.000000 0.000000 1.000000
142943 0.000000 0.000000 0.000000 1.000000
142944 0.000000 0.000000 0.000000 1.000000
142945 0.000000 0.000000 0.000000 1.000000
142946 0.000000 0.000000 0.000000 1.000000
142947 0.000000 0.000000 0.000000 1.000000
142948 0.000000 0.000000 0.000000 1.000000
142949 0.000000 0.000000 0.000000 1.000000
142950 0.000000 0.000000 0.000000 1.000000
142951 0.000000 0.000000 0.000000 1.000000
142952 0.000000 0.000000 0.000000 1.000000
142953 0.000000 0.000000 0.000000 1.000000
142954 0.000000 0.000000 0.000000 1.000000
142955 0.000000 0.000000 0.000000 1.000000
142956 0.000000 0.000000 0.000000 1.000000
159577 0.000000 0.000000 0.000000 1.000000
159578 0.000000 0.000000 0.000000 1.000000
159579 0.000000 0.000000 0.000000 1.000000
159580 0.000000 0.000000 0.000000 1.000000
159581 0.000000 0.000000 0.000000 1.000000
159582 0.000000 0.000000 0.000000 1.000000
159583 0.000000 0.000000 0.000000 1.000000
159584 0.000000 0.000000 0.000000 1.000000
159585 0.000000 0.000000 0.000000 1.000000
159586 0.000000 0.000000 0.000000 1.000000
159587 0.000000 0.000000 0.000000 1.000000
159588 0.000000 0.000000 0.000000 1.000000
159589 0.000000 0.000000 0.000000 1.000000
159590 0.000000 0.000000 0.000000 1.000000
159591 0.000000 0.000000 0.000000 1.000000
159592 0.000000 0.000000 0.000000 1.000000
159593 0.000000 0.000000 0.000000 1.000000
159594 0.000000 0.000000 0.000000 1.000000
159595 0.000000 0.000000 0.000000 1.000000
159598 0.000000 0.000000 0.000000 1.000000
159599 0.000000 0.000000 0.000000 1.000000
159784 0.000000 0.000000 0.000000 1.000000
159785 0.000000 0.000000 0.000000 1.000000
159786 0.000000 0.000000 0.000000 1.000000
159787 0.000000 0.000000 0.000000 1.000000
159788 0.000000 0.000000 0.000000 1.000000
159789 0.000000 0.000000 0.000000 1.000000
159790 0.000000 0.000000 0.000000 1.000000
159791 0.000000 0.000000 0.000000 1.000000
