#
348
26 0.000000 0.000000 0.000000 1.000000
61 0.000000 0.000000 0.000000 1.000000
399 0.000000 0.000000 0.000000 1.000000
906 0.000000 0.000000 0.000000 1.000000
1893 0.000000 0.000000 0.000000 1.000000
2214 0.000000 0.000000 0.000000 1.000000
2672 0.000000 0.000000 0.000000 1.000000
2826 0.000000 0.000000 0.000000 1.000000
4160 0.000000 0.000000 0.000000 1.000000
4161 0.000000 0.000000 0.000000 1.000000
4898 0.000000 0.000000 0.000000 1.000000
6240 0.000000 0.000000 0.000000 1.000000
8294 0.000000 0.000000 0.000000 1.000000
8295 0.000000 0.000000 0.000000 1.000000
9193 0.000000 0.000000 0.000000 1.000000
9194 0.000000 0.000000 0.000000 1.000000
9203 0.000000 0.000000 0.000000 1.000000
9204 0.000000 0.000000 0.000000 1.000000
9205 0.000000 0.000000 0.000000 1.000000
9206 0.000000 0.000000 0.000000 1.000000
9208 0.000000 0.000000 0.000000 1.000000
9209 0.000000 0.000000 0.000000 1.000000
9210 0.000000 0.000000 0.000000 1.000000
9211 0.000000 0.000000 0.000000 1.000000
10352 0.000000 0.000000 0.000000 1.000000
10354 0.000000 0.000000 0.000000 1.000000
10356 0.000000 0.000000 0.000000 1.000000
10502 0.000000 0.000000 0.000000 1.000000
10506 0.000000 0.000000 0.000000 1.000000
11839 0.000000 0.000000 0.000000 1.000000
11840 0.000000 0.000000 0.000000 1.000000
11841 0.000000 0.000000 0.000000 1.000000
14241 0.000000 0.000000 0.000000 1.000000
18242 0.000000 0.000000 0.000000 1.000000
18243 0.000000 0.000000 0.000000 1.000000
18244 0.000000 0.000000 0.000000 1.000000
18245 0.000000 0.000000 0.000000 1.000000
18246 0.000000 0.000000 0.000000 1.000000
20428 0.000000 0.000000 0.000000 1.000000
20453 0.000000 0.000000 0.000000 1.000000
20454 0.000000 0.000000 0.000000 1.000000
20455 0.000000 0.000000 0.000000 1.000000
20456 0.000000 0.000000 0.000000 1.000000
20457 0.000000 0.000000 0.000000 1.000000
20458 0.000000 0.000000 0.000000 1.000000
20459 0.000000 0.000000 0.000000 1.000000
20466 0.000000 0.000000 0.000000 1.000000
20467 0.000000 0.000000 0.000000 1.000000
20468 0.000000 0.000000 0.000000 1.000000
23242 0.000000 0.000000 0.000000 1.000000
23244 0.000000 0.000000 0.000000 1.000000
23520 0.000000 0.000000 0.000000 1.000000
25922 0.000000 0.000000 0.000000 1.000000
25923 0.000000 0.000000 0.000000 1.000000
29922 0.000000 0.000000 0.000000 1.000000
32415 0.000000 0.000000 0.000000 1.000000
35178 0.000000 0.000000 0.000000 1.000000
35179 0.000000 0.000000 0.000000 1.000000
35180 0.000000 0.000000 0.000000 1.000000
35181 0.000000 0.000000 0.000000 1.000000
37822 0.000000 0.000000 0.000000 1.000000
37824 0.000000 0.000000 0.000000 1.000000
37825 0.000000 0.000000 0.000000 1.000000
37826 0.000000 0.000000 0.000000 1.000000
37852 0.000000 0.000000 0.000000 1.000000
37853 0.000000 0.000000 0.000000 1.000000
37854 0.000000 0.000000 0.000000 1.000000
37855 0.000000 0.000000 0.000000 1.000000
37856 0.000000 0.000000 0.000000 1.000000
37857 0.000000 0.000000 0.000000 1.000000
37858 0.000000 0.000000 0.000000 1.000000
37859 0.000000 0.000000 0.000000 1.000000
37860 0.000000 0.000000 0.000000 1.000000
37861 0.000000 0.000000 0.000000 1.000000
37862 0.000000 0.000000 0.000000 1.000000
37868 0.000000 0.000000 0.000000 1.000000
37869 0.000000 0.000000 0.000000 1.000000
37870 0.000000 0.000000 0.000000 1.000000
37871 0.000000 0.000000 0.000000 1.000000
37872 0.000000 0.000000 0.000000 1.000000
37873 0.000000 0.000000 0.000000 1.000000
37874 0.000000 0.000000 0.000000 1.000000
37876 0.000000 0.000000 0.000000 1.000000
37877 0.000000 0.000000 0.000000 1.000000
37878 0.000000 0.000000 0.000000 1.000000
37879 0.000000 0.000000 0.000000 1.000000
41072 0.000000 0.000000 0.000000 1.000000
41073 0.000000 0.000000 0.000000 1.000000
41074 0.000000 0.000000 0.000000 1.000000
41075 0.000000 0.000000 0.000000 1.000000
41076 0.000000 0.000000 0.000000 1.000000
41222 0.000000 0.000000 0.000000 1.000000
41223 0.000000 0.000000 0.000000 1.000000
41224 0.000000 0.000000 0.000000 1.000000
41225 0.000000 0.000000 0.000000 1.000000
41226 0.000000 0.000000 0.000000 1.000000
42559 0.000000 0.000000 0.000000 1.000000
42560 0.000000 0.000000 0.000000 1.000000
42561 0.000000 0.000000 0.000000 1.000000
44957 0.000000 0.000000 0.000000 1.000000
44959 0.000000 0.000000 0.000000 1.000000
44960 0.000000 0.000000 0.000000 1.000000
44961 0.000000 0.000000 0.000000 1.000000
48962 0.000000 0.000000 0.000000 1.000000
48963 0.000000 0.000000 0.000000 1.000000
48964 0.000000 0.000000 0.000000 1.000000
48965 0.000000 0.000000 0.000000 1.000000
48966 0.000000 0.000000 0.000000 1.000000
51173 0.000000 0.000000 0.000000 1.000000
51175 0.000000 0.000000 0.000000 1.000000
51176 0.000000 0.000000 0.000000 1.000000
51177 0.000000 0.000000 0.000000 1.000000
51178 0.000000 0.000000 0.000000 1.000000
51179 0.000000 0.000000 0.000000 1.000000
51186 0.000000 0.000000 0.000000 1.000000
51188 0.000000 0.000000 0.000000 1.000000
54097 0.000000 0.000000 0.000000 1.000000
54098 0.000000 0.000000 0.000000 1.000000
54099 0.000000 0.000000 0.000000 1.000000
54107 0.000000 0.000000 0.000000 1.000000
54557 0.000000 0.000000 0.000000 1.000000
54559 0.000000 0.000000 0.000000 1.000000
54560 0.000000 0.000000 0.000000 1.000000
54561 0.000000 0.000000 0.000000 1.000000
58562 0.000000 0.000000 0.000000 1.000000
58563 0.000000 0.000000 0.000000 1.000000
58564 0.000000 0.000000 0.000000 1.000000
58565 0.000000 0.000000 0.000000 1.000000
58566 0.000000 0.000000 0.000000 1.000000
65762 0.000000 0.000000 0.000000 1.000000
65764 0.000000 0.000000 0.000000 1.000000
65766 0.000000 0.000000 0.000000 1.000000
71165 0.000000 0.000000 0.000000 1.000000
71166 0.000000 0.000000 0.000000 1.000000
77770 0.000000 0.000000 0.000000 1.000000
77771 0.000000 0.000000 0.000000 1.000000
77772 0.000000 0.000000 0.000000 1.000000
77773 0.000000 0.000000 0.000000 1.000000
77774 0.000000 0.000000 0.000000 1.000000
77775 0.000000 0.000000 0.000000 1.000000
77776 0.000000 0.000000 0.000000 1.000000
77777 0.000000 0.000000 0.000000 1.000000
77778 0.000000 0.000000 0.000000 1.000000
77779 0.000000 0.000000 0.000000 1.000000
77780 0.000000 0.000000 0.000000 1.000000
77781 0.000000 0.000000 0.000000 1.000000
84318 0.000000 0.000000 0.000000 1.000000
84320 0.000000 0.000000 0.000000 1.000000
84321 0.000000 0.000000 0.000000 1.000000
84322 0.000000 0.000000 0.000000 1.000000
84323 0.000000 0.000000 0.000000 1.000000
84324 0.000000 0.000000 0.000000 1.000000
84325 0.000000 0.000000 0.000000 1.000000
84326 0.000000 0.000000 0.000000 1.000000
84327 0.000000 0.000000 0.000000 1.000000
84328 0.000000 0.000000 0.000000 1.000000
84329 0.000000 0.000000 0.000000 1.000000
84393 0.000000 0.000000 0.000000 1.000000
84395 0.000000 0.000000 0.000000 1.000000
84396 0.000000 0.000000 0.000000 1.000000
84397 0.000000 0.000000 0.000000 1.000000
84398 0.000000 0.000000 0.000000 1.000000
84399 0.000000 0.000000 0.000000 1.000000
84400 0.000000 0.000000 0.000000 1.000000
84401 0.000000 0.000000 0.000000 1.000000
84402 0.000000 0.000000 0.000000 1.000000
84403 0.000000 0.000000 0.000000 1.000000
84404 0.000000 0.000000 0.000000 1.000000
84405 0.000000 0.000000 0.000000 1.000000
84407 0.000000 0.000000 0.000000 1.000000
84408 0.000000 0.000000 0.000000 1.000000
84409 0.000000 0.000000 0.000000 1.000000
84410 0.000000 0.000000 0.000000 1.000000
84411 0.000000 0.000000 0.000000 1.000000
84412 0.000000 0.000000 0.000000 1.000000
84413 0.000000 0.000000 0.000000 1.000000
84414 0.000000 0.000000 0.000000 1.000000
84415 0.000000 0.000000 0.000000 1.000000
84416 0.000000 0.000000 0.000000 1.000000
84417 0.000000 0.000000 0.000000 1.000000
84418 0.000000 0.000000 0.000000 1.000000
84419 0.000000 0.000000 0.000000 1.000000
84434 0.000000 0.000000 0.000000 1.000000
84435 0.000000 0.000000 0.000000 1.000000
84436 0.000000 0.000000 0.000000 1.000000
84437 0.000000 0.000000 0.000000 1.000000
84438 0.000000 0.000000 0.000000 1.000000
84439 0.000000 0.000000 0.000000 1.000000
84440 0.000000 0.000000 0.000000 1.000000
84441 0.000000 0.000000 0.000000 1.000000
84442 0.000000 0.000000 0.000000 1.000000
84443 0.000000 0.000000 0.000000 1.000000
84444 0.000000 0.000000 0.000000 1.000000
84445 0.000000 0.000000 0.000000 1.000000
84446 0.000000 0.000000 0.000000 1.000000
84447 0.000000 0.000000 0.000000 1.000000
84448 0.000000 0.000000 0.000000 1.000000
84449 0.000000 0.000000 0.000000 1.000000
84454 0.000000 0.000000 0.000000 1.000000
84455 0.000000 0.000000 0.000000 1.000000
84456 0.000000 0.000000 0.000000 1.000000
84457 0.000000 0.000000 0.000000 1.000000
84458 0.000000 0.000000 0.000000 1.000000
84459 0.000000 0.000000 0.000000 1.000000
84461 0.000000 0.000000 0.000000 1.000000
84463 0.000000 0.000000 0.000000 1.000000
92362 0.000000 0.000000 0.000000 1.000000
92363 0.000000 0.000000 0.000000 1.000000
92364 0.000000 0.000000 0.000000 1.000000
92368 0.000000 0.000000 0.000000 1.000000
92369 0.000000 0.000000 0.000000 1.000000
92370 0.000000 0.000000 0.000000 1.000000
92639 0.000000 0.000000 0.000000 1.000000
92640 0.000000 0.000000 0.000000 1.000000
95041 0.000000 0.000000 0.000000 1.000000
95042 0.000000 0.000000 0.000000 1.000000
95043 0.000000 0.000000 0.000000 1.000000
99362 0.000000 0.000000 0.000000 1.000000
99363 0.000000 0.000000 0.000000 1.000000
106564 0.000000 0.000000 0.000000 1.000000
106565 0.000000 0.000000 0.000000 1.000000
106566 0.000000 0.000000 0.000000 1.000000
106567 0.000000 0.000000 0.000000 1.000000
106568 0.000000 0.000000 0.000000 1.000000
106569 0.000000 0.000000 0.000000 1.000000
106570 0.000000 0.000000 0.000000 1.000000
106571 0.000000 0.000000 0.000000 1.000000
106572 0.000000 0.000000 0.000000 1.000000
110497 0.000000 0.000000 0.000000 1.000000
110498 0.000000 0.000000 0.000000 1.000000
110543 0.000000 0.000000 0.000000 1.000000
110544 0.000000 0.000000 0.000000 1.000000
110545 0.000000 0.000000 0.000000 1.000000
110546 0.000000 0.000000 0.000000 1.000000
110547 0.000000 0.000000 0.000000 1.000000
110548 0.000000 0.000000 0.000000 1.000000
110549 0.000000 0.000000 0.000000 1.000000
110550 0.000000 0.000000 0.000000 1.000000
110551 0.000000 0.000000 0.000000 1.000000
110552 0.000000 0.000000 0.000000 1.000000
110553 0.000000 0.000000 0.000000 1.000000
110554 0.000000 0.000000 0.000000 1.000000
110555 0.000000 0.000000 0.000000 1.000000
110565 0.000000 0.000000 0.000000 1.000000
110566 0.000000 0.000000 0.000000 1.000000
110567 0.000000 0.000000 0.000000 1.000000
110568 0.000000 0.000000 0.000000 1.000000
110569 0.000000 0.000000 0.000000 1.000000
110570 0.000000 0.000000 0.000000 1.000000
110571 0.000000 0.000000 0.000000 1.000000
110572 0.000000 0.000000 0.000000 1.000000
110573 0.000000 0.000000 0.000000 1.000000
115674 0.000000 0.000000 0.000000 1.000000
115675 0.000000 0.000000 0.000000 1.000000
116322 0.000000 0.000000 0.000000 1.000000
121925 0.000000 0.000000 0.000000 1.000000
121926 0.000000 0.000000 0.000000 1.000000
121927 0.000000 0.000000 0.000000 1.000000
121928 0.000000 0.000000 0.000000 1.000000
121929 0.000000 0.000000 0.000000 1.000000
125026 0.000000 0.000000 0.000000 1.000000
125027 0.000000 0.000000 0.000000 1.000000
131688 0.000000 0.000000 0.000000 1.000000
138499 0.000000 0.000000 0.000000 1.000000
138500 0.000000 0.000000 0.000000 1.000000
138501 0.000000 0.000000 0.000000 1.000000
146551 0.000000 0.000000 0.000000 1.000000
146552 0.000000 0.000000 0.000000 1.000000
146553 0.000000 0.000000 0.000000 1.000000
146554 0.000000 0.000000 0.000000 1.000000
146555 0.000000 0.000000 0.000000 1.000000
146556 0.000000 0.000000 0.000000 1.000000
146557 0.000000 0.000000 0.000000 1.000000
146558 0.000000 0.000000 0.000000 1.000000
146559 0.000000 0.000000 0.000000 1.000000
154427 0.000000 0.000000 0.000000 1.000000
154436 0.000000 0.000000 0.000000 1.000000
154437 0.000000 0.000000 0.000000 1.000000
154438 0.000000 0.000000 0.000000 1.000000
154439 0.000000 0.000000 0.000000 1.000000
154440 0.000000 0.000000 0.000000 1.000000
154441 0.000000 0.000000 0.000000 1.000000
154442 0.000000 0.000000 0.000000 1.000000
154521 0.000000 0.000000 0.000000 1.000000
154522 0.000000 0.000000 0.000000 1.000000
154523 0.000000 0.000000 0.000000 1.000000
154524 0.000000 0.000000 0.000000 1.000000
154525 0.000000 0.000000 0.000000 1.000000
154526 0.000000 0.000000 0.000000 1.000000
154527 0.000000 0.000000 0.000000 1.000000
154528 0.000000 0.000000 0.000000 1.000000
154529 0.000000 0.000000 0.000000 1.000000
154530 0.000000 0.000000 0.000000 1.000000
154531 0.000000 0.000000 0.000000 1.000000
154532 0.000000 0.000000 0.000000 1.000000
154534 0.000000 0.000000 0.000000 1.000000
154535 0.000000 0.000000 0.000000 1.000000
154536 0.000000 0.000000 0.000000 1.000000
154537 0.000000 0.000000 0.000000 1.000000
154538 0.000000 0.000000 0.000000 1.000000
154539 0.000000 0.000000 0.000000 1.000000
154540 0.000000 0.000000 0.000000 1.000000
154541 0.000000 0.000000 0.000000 1.000000
154542 0.000000 0.000000 0.000000 1.000000
154543 0.000000 0.000000 0.000000 1.000000
154544 0.000000 0.000000 0.000000 1.000000
154545 0.000000 0.000000 0.000000 1.000000
154546 0.000000 0.000000 0.000000 1.000000
154547 0.000000 0.000000 0.000000 1.000000
154548 0.000000 0.000000 0.000000 1.000000
154549 0.000000 0.000000 0.000000 1.000000
154550 0.000000 0.000000 0.000000 1.000000
154559 0.000000 0.000000 0.000000 1.000000
154567 0.000000 0.000000 0.000000 1.000000
154568 0.000000 0.000000 0.000000 1.000000
154569 0.000000 0.000000 0.000000 1.000000
154570 0.000000 0.000000 0.000000 1.000000
154571 0.000000 0.000000 0.000000 1.000000
154572 0.000000 0.000000 0.000000 1.000000
154573 0.000000 0.000000 0.000000 1.000000
154574 0.000000 0.000000 0.000000 1.000000
154575 0.000000 0.000000 0.000000 1.000000
154576 0.000000 0.000000 0.000000 1.000000
154577 0.000000 0.000000 0.000000 1.000000
154578 0.000000 0.000000 0.000000 1.000000
154579 0.000000 0.000000 0.000000 1.000000
154580 0.000000 0.000000 0.000000 1.000000
154581 0.000000 0.000000 0.000000 1.000000
154582 0.000000 0.000000 0.000000 1.000000
154583 0.000000 0.000000 0.000000 1.000000
154584 0.000000 0.000000 0.000000 1.000000
154585 0.000000 0.000000 0.000000 1.000000
154586 0.000000 0.000000 0.000000 1.000000
154589 0.000000 0.000000 0.000000 1.000000
154592 0.000000 0.000000 0.000000 1.000000
154593 0.000000 0.000000 0.000000 1.000000
154594 0.000000 0.000000 0.000000 1.000000
154595 0.000000 0.000000 0.000000 1.000000
154596 0.000000 0.000000 0.000000 1.000000
154597 0.000000 0.000000 0.000000 1.000000
154598 0.000000 0.000000 0.000000 1.000000
154599 0.000000 0.000000 0.000000 1.000000
154600 0.000000 0.000000 0.000000 1.000000
154601 0.000000 0.000000 0.000000 1.000000
154602 0.000000 0.000000 0.000000 1.000000
154603 0.000000 0.000000 0.000000 1.000000
154604 0.000000 0.000000 0.000000 1.000000
154847 0.000000 0.000000 0.000000 1.000000
