#
1219
19 0.000000 0.000000 0.000000 1.000000
50 0.000000 0.000000 0.000000 1.000000
105 0.000000 0.000000 0.000000 1.000000
234 0.000000 0.000000 0.000000 1.000000
376 0.000000 0.000000 0.000000 1.000000
714 0.000000 0.000000 0.000000 1.000000
716 0.000000 0.000000 0.000000 1.000000
726 0.000000 0.000000 0.000000 1.000000
1059 0.000000 0.000000 0.000000 1.000000
1061 0.000000 0.000000 0.000000 1.000000
1067 0.000000 0.000000 0.000000 1.000000
1572 0.000000 0.000000 0.000000 1.000000
1577 0.000000 0.000000 0.000000 1.000000
1833 0.000000 0.000000 0.000000 1.000000
1834 0.000000 0.000000 0.000000 1.000000
1835 0.000000 0.000000 0.000000 1.000000
1836 0.000000 0.000000 0.000000 1.000000
1837 0.000000 0.000000 0.000000 1.000000
1840 0.000000 0.000000 0.000000 1.000000
1841 0.000000 0.000000 0.000000 1.000000
2634 0.000000 0.000000 0.000000 1.000000
2635 0.000000 0.000000 0.000000 1.000000
2636 0.000000 0.000000 0.000000 1.000000
2643 0.000000 0.000000 0.000000 1.000000
2645 0.000000 0.000000 0.000000 1.000000
2646 0.000000 0.000000 0.000000 1.000000
2979 0.000000 0.000000 0.000000 1.000000
2980 0.000000 0.000000 0.000000 1.000000
2981 0.000000 0.000000 0.000000 1.000000
2987 0.000000 0.000000 0.000000 1.000000
2988 0.000000 0.000000 0.000000 1.000000
3018 0.000000 0.000000 0.000000 1.000000
3579 0.000000 0.000000 0.000000 1.000000
3580 0.000000 0.000000 0.000000 1.000000
3581 0.000000 0.000000 0.000000 1.000000
3618 0.000000 0.000000 0.000000 1.000000
3620 0.000000 0.000000 0.000000 1.000000
3621 0.000000 0.000000 0.000000 1.000000
4029 0.000000 0.000000 0.000000 1.000000
4030 0.000000 0.000000 0.000000 1.000000
4031 0.000000 0.000000 0.000000 1.000000
4035 0.000000 0.000000 0.000000 1.000000
4045 0.000000 0.000000 0.000000 1.000000
4071 0.000000 0.000000 0.000000 1.000000
4637 0.000000 0.000000 0.000000 1.000000
4638 0.000000 0.000000 0.000000 1.000000
5892 0.000000 0.000000 0.000000 1.000000
5894 0.000000 0.000000 0.000000 1.000000
5915 0.000000 0.000000 0.000000 1.000000
5916 0.000000 0.000000 0.000000 1.000000
6516 0.000000 0.000000 0.000000 1.000000
6527 0.000000 0.000000 0.000000 1.000000
6528 0.000000 0.000000 0.000000 1.000000
6529 0.000000 0.000000 0.000000 1.000000
7506 0.000000 0.000000 0.000000 1.000000
7507 0.000000 0.000000 0.000000 1.000000
7508 0.000000 0.000000 0.000000 1.000000
7517 0.000000 0.000000 0.000000 1.000000
7566 0.000000 0.000000 0.000000 1.000000
8127 0.000000 0.000000 0.000000 1.000000
8128 0.000000 0.000000 0.000000 1.000000
8129 0.000000 0.000000 0.000000 1.000000
8130 0.000000 0.000000 0.000000 1.000000
8131 0.000000 0.000000 0.000000 1.000000
8132 0.000000 0.000000 0.000000 1.000000
8133 0.000000 0.000000 0.000000 1.000000
8134 0.000000 0.000000 0.000000 1.000000
8135 0.000000 0.000000 0.000000 1.000000
8136 0.000000 0.000000 0.000000 1.000000
8137 0.000000 0.000000 0.000000 1.000000
8145 0.000000 0.000000 0.000000 1.000000
8146 0.000000 0.000000 0.000000 1.000000
8147 0.000000 0.000000 0.000000 1.000000
8148 0.000000 0.000000 0.000000 1.000000
8149 0.000000 0.000000 0.000000 1.000000
8181 0.000000 0.000000 0.000000 1.000000
8870 0.000000 0.000000 0.000000 1.000000
8888 0.000000 0.000000 0.000000 1.000000
8889 0.000000 0.000000 0.000000 1.000000
10314 0.000000 0.000000 0.000000 1.000000
10315 0.000000 0.000000 0.000000 1.000000
10316 0.000000 0.000000 0.000000 1.000000
10323 0.000000 0.000000 0.000000 1.000000
10324 0.000000 0.000000 0.000000 1.000000
10325 0.000000 0.000000 0.000000 1.000000
10326 0.000000 0.000000 0.000000 1.000000
10659 0.000000 0.000000 0.000000 1.000000
10660 0.000000 0.000000 0.000000 1.000000
10661 0.000000 0.000000 0.000000 1.000000
10667 0.000000 0.000000 0.000000 1.000000
10668 0.000000 0.000000 0.000000 1.000000
10698 0.000000 0.000000 0.000000 1.000000
10700 0.000000 0.000000 0.000000 1.000000
10701 0.000000 0.000000 0.000000 1.000000
11259 0.000000 0.000000 0.000000 1.000000
11260 0.000000 0.000000 0.000000 1.000000
11261 0.000000 0.000000 0.000000 1.000000
11298 0.000000 0.000000 0.000000 1.000000
11299 0.000000 0.000000 0.000000 1.000000
11300 0.000000 0.000000 0.000000 1.000000
11301 0.000000 0.000000 0.000000 1.000000
11709 0.000000 0.000000 0.000000 1.000000
11710 0.000000 0.000000 0.000000 1.000000
11711 0.000000 0.000000 0.000000 1.000000
11751 0.000000 0.000000 0.000000 1.000000
12317 0.000000 0.000000 0.000000 1.000000
12318 0.000000 0.000000 0.000000 1.000000
12319 0.000000 0.000000 0.000000 1.000000
13659 0.000000 0.000000 0.000000 1.000000
13660 0.000000 0.000000 0.000000 1.000000
13661 0.000000 0.000000 0.000000 1.000000
13662 0.000000 0.000000 0.000000 1.000000
13663 0.000000 0.000000 0.000000 1.000000
13664 0.000000 0.000000 0.000000 1.000000
13698 0.000000 0.000000 0.000000 1.000000
13699 0.000000 0.000000 0.000000 1.000000
13700 0.000000 0.000000 0.000000 1.000000
13701 0.000000 0.000000 0.000000 1.000000
14697 0.000000 0.000000 0.000000 1.000000
14698 0.000000 0.000000 0.000000 1.000000
14699 0.000000 0.000000 0.000000 1.000000
14701 0.000000 0.000000 0.000000 1.000000
14717 0.000000 0.000000 0.000000 1.000000
14718 0.000000 0.000000 0.000000 1.000000
14719 0.000000 0.000000 0.000000 1.000000
14721 0.000000 0.000000 0.000000 1.000000
14823 0.000000 0.000000 0.000000 1.000000
16494 0.000000 0.000000 0.000000 1.000000
16495 0.000000 0.000000 0.000000 1.000000
16496 0.000000 0.000000 0.000000 1.000000
16517 0.000000 0.000000 0.000000 1.000000
16623 0.000000 0.000000 0.000000 1.000000
16624 0.000000 0.000000 0.000000 1.000000
16625 0.000000 0.000000 0.000000 1.000000
16626 0.000000 0.000000 0.000000 1.000000
17844 0.000000 0.000000 0.000000 1.000000
17845 0.000000 0.000000 0.000000 1.000000
17846 0.000000 0.000000 0.000000 1.000000
17847 0.000000 0.000000 0.000000 1.000000
17848 0.000000 0.000000 0.000000 1.000000
17849 0.000000 0.000000 0.000000 1.000000
17850 0.000000 0.000000 0.000000 1.000000
17851 0.000000 0.000000 0.000000 1.000000
17857 0.000000 0.000000 0.000000 1.000000
17858 0.000000 0.000000 0.000000 1.000000
17859 0.000000 0.000000 0.000000 1.000000
17860 0.000000 0.000000 0.000000 1.000000
17861 0.000000 0.000000 0.000000 1.000000
17862 0.000000 0.000000 0.000000 1.000000
17863 0.000000 0.000000 0.000000 1.000000
17864 0.000000 0.000000 0.000000 1.000000
17865 0.000000 0.000000 0.000000 1.000000
17866 0.000000 0.000000 0.000000 1.000000
17885 0.000000 0.000000 0.000000 1.000000
17887 0.000000 0.000000 0.000000 1.000000
17888 0.000000 0.000000 0.000000 1.000000
17889 0.000000 0.000000 0.000000 1.000000
17890 0.000000 0.000000 0.000000 1.000000
17891 0.000000 0.000000 0.000000 1.000000
17892 0.000000 0.000000 0.000000 1.000000
17893 0.000000 0.000000 0.000000 1.000000
17894 0.000000 0.000000 0.000000 1.000000
17895 0.000000 0.000000 0.000000 1.000000
17896 0.000000 0.000000 0.000000 1.000000
17973 0.000000 0.000000 0.000000 1.000000
17974 0.000000 0.000000 0.000000 1.000000
17975 0.000000 0.000000 0.000000 1.000000
17976 0.000000 0.000000 0.000000 1.000000
19622 0.000000 0.000000 0.000000 1.000000
19623 0.000000 0.000000 0.000000 1.000000
19667 0.000000 0.000000 0.000000 1.000000
19668 0.000000 0.000000 0.000000 1.000000
19669 0.000000 0.000000 0.000000 1.000000
19670 0.000000 0.000000 0.000000 1.000000
19671 0.000000 0.000000 0.000000 1.000000
19676 0.000000 0.000000 0.000000 1.000000
23172 0.000000 0.000000 0.000000 1.000000
23173 0.000000 0.000000 0.000000 1.000000
23174 0.000000 0.000000 0.000000 1.000000
23175 0.000000 0.000000 0.000000 1.000000
23176 0.000000 0.000000 0.000000 1.000000
23189 0.000000 0.000000 0.000000 1.000000
23191 0.000000 0.000000 0.000000 1.000000
23193 0.000000 0.000000 0.000000 1.000000
23195 0.000000 0.000000 0.000000 1.000000
23196 0.000000 0.000000 0.000000 1.000000
23793 0.000000 0.000000 0.000000 1.000000
23794 0.000000 0.000000 0.000000 1.000000
23795 0.000000 0.000000 0.000000 1.000000
23796 0.000000 0.000000 0.000000 1.000000
23797 0.000000 0.000000 0.000000 1.000000
23807 0.000000 0.000000 0.000000 1.000000
23808 0.000000 0.000000 0.000000 1.000000
23809 0.000000 0.000000 0.000000 1.000000
23810 0.000000 0.000000 0.000000 1.000000
23871 0.000000 0.000000 0.000000 1.000000
24873 0.000000 0.000000 0.000000 1.000000
24874 0.000000 0.000000 0.000000 1.000000
24875 0.000000 0.000000 0.000000 1.000000
24876 0.000000 0.000000 0.000000 1.000000
24944 0.000000 0.000000 0.000000 1.000000
24946 0.000000 0.000000 0.000000 1.000000
24947 0.000000 0.000000 0.000000 1.000000
24948 0.000000 0.000000 0.000000 1.000000
24949 0.000000 0.000000 0.000000 1.000000
24950 0.000000 0.000000 0.000000 1.000000
24951 0.000000 0.000000 0.000000 1.000000
25683 0.000000 0.000000 0.000000 1.000000
25684 0.000000 0.000000 0.000000 1.000000
25685 0.000000 0.000000 0.000000 1.000000
25686 0.000000 0.000000 0.000000 1.000000
25687 0.000000 0.000000 0.000000 1.000000
25692 0.000000 0.000000 0.000000 1.000000
25693 0.000000 0.000000 0.000000 1.000000
25695 0.000000 0.000000 0.000000 1.000000
25696 0.000000 0.000000 0.000000 1.000000
25710 0.000000 0.000000 0.000000 1.000000
25711 0.000000 0.000000 0.000000 1.000000
25714 0.000000 0.000000 0.000000 1.000000
25761 0.000000 0.000000 0.000000 1.000000
26777 0.000000 0.000000 0.000000 1.000000
26778 0.000000 0.000000 0.000000 1.000000
26779 0.000000 0.000000 0.000000 1.000000
26780 0.000000 0.000000 0.000000 1.000000
26781 0.000000 0.000000 0.000000 1.000000
29106 0.000000 0.000000 0.000000 1.000000
29107 0.000000 0.000000 0.000000 1.000000
29108 0.000000 0.000000 0.000000 1.000000
29109 0.000000 0.000000 0.000000 1.000000
29111 0.000000 0.000000 0.000000 1.000000
29112 0.000000 0.000000 0.000000 1.000000
29161 0.000000 0.000000 0.000000 1.000000
29162 0.000000 0.000000 0.000000 1.000000
29163 0.000000 0.000000 0.000000 1.000000
29164 0.000000 0.000000 0.000000 1.000000
29165 0.000000 0.000000 0.000000 1.000000
29166 0.000000 0.000000 0.000000 1.000000
30587 0.000000 0.000000 0.000000 1.000000
30588 0.000000 0.000000 0.000000 1.000000
30589 0.000000 0.000000 0.000000 1.000000
30590 0.000000 0.000000 0.000000 1.000000
30591 0.000000 0.000000 0.000000 1.000000
30592 0.000000 0.000000 0.000000 1.000000
30593 0.000000 0.000000 0.000000 1.000000
32988 0.000000 0.000000 0.000000 1.000000
32989 0.000000 0.000000 0.000000 1.000000
32990 0.000000 0.000000 0.000000 1.000000
32991 0.000000 0.000000 0.000000 1.000000
32993 0.000000 0.000000 0.000000 1.000000
32999 0.000000 0.000000 0.000000 1.000000
33017 0.000000 0.000000 0.000000 1.000000
33152 0.000000 0.000000 0.000000 1.000000
33155 0.000000 0.000000 0.000000 1.000000
33156 0.000000 0.000000 0.000000 1.000000
34689 0.000000 0.000000 0.000000 1.000000
34690 0.000000 0.000000 0.000000 1.000000
34691 0.000000 0.000000 0.000000 1.000000
34692 0.000000 0.000000 0.000000 1.000000
34693 0.000000 0.000000 0.000000 1.000000
34694 0.000000 0.000000 0.000000 1.000000
34695 0.000000 0.000000 0.000000 1.000000
34696 0.000000 0.000000 0.000000 1.000000
34697 0.000000 0.000000 0.000000 1.000000
34698 0.000000 0.000000 0.000000 1.000000
34699 0.000000 0.000000 0.000000 1.000000
34700 0.000000 0.000000 0.000000 1.000000
34701 0.000000 0.000000 0.000000 1.000000
34702 0.000000 0.000000 0.000000 1.000000
34704 0.000000 0.000000 0.000000 1.000000
34705 0.000000 0.000000 0.000000 1.000000
34706 0.000000 0.000000 0.000000 1.000000
34707 0.000000 0.000000 0.000000 1.000000
34708 0.000000 0.000000 0.000000 1.000000
34709 0.000000 0.000000 0.000000 1.000000
34710 0.000000 0.000000 0.000000 1.000000
34711 0.000000 0.000000 0.000000 1.000000
34712 0.000000 0.000000 0.000000 1.000000
34713 0.000000 0.000000 0.000000 1.000000
34714 0.000000 0.000000 0.000000 1.000000
34715 0.000000 0.000000 0.000000 1.000000
34716 0.000000 0.000000 0.000000 1.000000
34717 0.000000 0.000000 0.000000 1.000000
34741 0.000000 0.000000 0.000000 1.000000
34742 0.000000 0.000000 0.000000 1.000000
34743 0.000000 0.000000 0.000000 1.000000
34744 0.000000 0.000000 0.000000 1.000000
34745 0.000000 0.000000 0.000000 1.000000
34746 0.000000 0.000000 0.000000 1.000000
34747 0.000000 0.000000 0.000000 1.000000
34748 0.000000 0.000000 0.000000 1.000000
34749 0.000000 0.000000 0.000000 1.000000
34750 0.000000 0.000000 0.000000 1.000000
34850 0.000000 0.000000 0.000000 1.000000
34851 0.000000 0.000000 0.000000 1.000000
36854 0.000000 0.000000 0.000000 1.000000
36855 0.000000 0.000000 0.000000 1.000000
36856 0.000000 0.000000 0.000000 1.000000
36858 0.000000 0.000000 0.000000 1.000000
36859 0.000000 0.000000 0.000000 1.000000
36908 0.000000 0.000000 0.000000 1.000000
36909 0.000000 0.000000 0.000000 1.000000
36910 0.000000 0.000000 0.000000 1.000000
36911 0.000000 0.000000 0.000000 1.000000
36912 0.000000 0.000000 0.000000 1.000000
36913 0.000000 0.000000 0.000000 1.000000
36917 0.000000 0.000000 0.000000 1.000000
41034 0.000000 0.000000 0.000000 1.000000
41035 0.000000 0.000000 0.000000 1.000000
41036 0.000000 0.000000 0.000000 1.000000
41043 0.000000 0.000000 0.000000 1.000000
41044 0.000000 0.000000 0.000000 1.000000
41045 0.000000 0.000000 0.000000 1.000000
41046 0.000000 0.000000 0.000000 1.000000
41379 0.000000 0.000000 0.000000 1.000000
41380 0.000000 0.000000 0.000000 1.000000
41381 0.000000 0.000000 0.000000 1.000000
41387 0.000000 0.000000 0.000000 1.000000
41388 0.000000 0.000000 0.000000 1.000000
41389 0.000000 0.000000 0.000000 1.000000
41418 0.000000 0.000000 0.000000 1.000000
41419 0.000000 0.000000 0.000000 1.000000
41420 0.000000 0.000000 0.000000 1.000000
41421 0.000000 0.000000 0.000000 1.000000
41979 0.000000 0.000000 0.000000 1.000000
41980 0.000000 0.000000 0.000000 1.000000
41981 0.000000 0.000000 0.000000 1.000000
42018 0.000000 0.000000 0.000000 1.000000
42019 0.000000 0.000000 0.000000 1.000000
42020 0.000000 0.000000 0.000000 1.000000
42021 0.000000 0.000000 0.000000 1.000000
42430 0.000000 0.000000 0.000000 1.000000
43037 0.000000 0.000000 0.000000 1.000000
43038 0.000000 0.000000 0.000000 1.000000
43039 0.000000 0.000000 0.000000 1.000000
44379 0.000000 0.000000 0.000000 1.000000
44380 0.000000 0.000000 0.000000 1.000000
44381 0.000000 0.000000 0.000000 1.000000
44382 0.000000 0.000000 0.000000 1.000000
44383 0.000000 0.000000 0.000000 1.000000
44384 0.000000 0.000000 0.000000 1.000000
44386 0.000000 0.000000 0.000000 1.000000
44418 0.000000 0.000000 0.000000 1.000000
44419 0.000000 0.000000 0.000000 1.000000
44420 0.000000 0.000000 0.000000 1.000000
44421 0.000000 0.000000 0.000000 1.000000
45417 0.000000 0.000000 0.000000 1.000000
45418 0.000000 0.000000 0.000000 1.000000
45419 0.000000 0.000000 0.000000 1.000000
45420 0.000000 0.000000 0.000000 1.000000
45421 0.000000 0.000000 0.000000 1.000000
45437 0.000000 0.000000 0.000000 1.000000
45438 0.000000 0.000000 0.000000 1.000000
45439 0.000000 0.000000 0.000000 1.000000
45543 0.000000 0.000000 0.000000 1.000000
47214 0.000000 0.000000 0.000000 1.000000
47215 0.000000 0.000000 0.000000 1.000000
47216 0.000000 0.000000 0.000000 1.000000
47237 0.000000 0.000000 0.000000 1.000000
47343 0.000000 0.000000 0.000000 1.000000
47344 0.000000 0.000000 0.000000 1.000000
47345 0.000000 0.000000 0.000000 1.000000
47346 0.000000 0.000000 0.000000 1.000000
48564 0.000000 0.000000 0.000000 1.000000
48565 0.000000 0.000000 0.000000 1.000000
48566 0.000000 0.000000 0.000000 1.000000
48567 0.000000 0.000000 0.000000 1.000000
48568 0.000000 0.000000 0.000000 1.000000
48569 0.000000 0.000000 0.000000 1.000000
48570 0.000000 0.000000 0.000000 1.000000
48571 0.000000 0.000000 0.000000 1.000000
48575 0.000000 0.000000 0.000000 1.000000
48576 0.000000 0.000000 0.000000 1.000000
48577 0.000000 0.000000 0.000000 1.000000
48578 0.000000 0.000000 0.000000 1.000000
48579 0.000000 0.000000 0.000000 1.000000
48580 0.000000 0.000000 0.000000 1.000000
48581 0.000000 0.000000 0.000000 1.000000
48582 0.000000 0.000000 0.000000 1.000000
48583 0.000000 0.000000 0.000000 1.000000
48584 0.000000 0.000000 0.000000 1.000000
48585 0.000000 0.000000 0.000000 1.000000
48586 0.000000 0.000000 0.000000 1.000000
48605 0.000000 0.000000 0.000000 1.000000
48606 0.000000 0.000000 0.000000 1.000000
48607 0.000000 0.000000 0.000000 1.000000
48608 0.000000 0.000000 0.000000 1.000000
48609 0.000000 0.000000 0.000000 1.000000
48610 0.000000 0.000000 0.000000 1.000000
48611 0.000000 0.000000 0.000000 1.000000
48612 0.000000 0.000000 0.000000 1.000000
48613 0.000000 0.000000 0.000000 1.000000
48614 0.000000 0.000000 0.000000 1.000000
48615 0.000000 0.000000 0.000000 1.000000
48616 0.000000 0.000000 0.000000 1.000000
48693 0.000000 0.000000 0.000000 1.000000
48694 0.000000 0.000000 0.000000 1.000000
48695 0.000000 0.000000 0.000000 1.000000
48696 0.000000 0.000000 0.000000 1.000000
50342 0.000000 0.000000 0.000000 1.000000
50343 0.000000 0.000000 0.000000 1.000000
50387 0.000000 0.000000 0.000000 1.000000
50388 0.000000 0.000000 0.000000 1.000000
50389 0.000000 0.000000 0.000000 1.000000
53979 0.000000 0.000000 0.000000 1.000000
53980 0.000000 0.000000 0.000000 1.000000
53981 0.000000 0.000000 0.000000 1.000000
53982 0.000000 0.000000 0.000000 1.000000
53983 0.000000 0.000000 0.000000 1.000000
53984 0.000000 0.000000 0.000000 1.000000
53985 0.000000 0.000000 0.000000 1.000000
53986 0.000000 0.000000 0.000000 1.000000
54008 0.000000 0.000000 0.000000 1.000000
54009 0.000000 0.000000 0.000000 1.000000
54010 0.000000 0.000000 0.000000 1.000000
54011 0.000000 0.000000 0.000000 1.000000
54012 0.000000 0.000000 0.000000 1.000000
54013 0.000000 0.000000 0.000000 1.000000
54014 0.000000 0.000000 0.000000 1.000000
54015 0.000000 0.000000 0.000000 1.000000
54016 0.000000 0.000000 0.000000 1.000000
54017 0.000000 0.000000 0.000000 1.000000
54018 0.000000 0.000000 0.000000 1.000000
54019 0.000000 0.000000 0.000000 1.000000
54020 0.000000 0.000000 0.000000 1.000000
54021 0.000000 0.000000 0.000000 1.000000
55014 0.000000 0.000000 0.000000 1.000000
55015 0.000000 0.000000 0.000000 1.000000
55016 0.000000 0.000000 0.000000 1.000000
55017 0.000000 0.000000 0.000000 1.000000
55018 0.000000 0.000000 0.000000 1.000000
55019 0.000000 0.000000 0.000000 1.000000
55020 0.000000 0.000000 0.000000 1.000000
55021 0.000000 0.000000 0.000000 1.000000
55037 0.000000 0.000000 0.000000 1.000000
55038 0.000000 0.000000 0.000000 1.000000
55039 0.000000 0.000000 0.000000 1.000000
55041 0.000000 0.000000 0.000000 1.000000
55143 0.000000 0.000000 0.000000 1.000000
55144 0.000000 0.000000 0.000000 1.000000
55145 0.000000 0.000000 0.000000 1.000000
55146 0.000000 0.000000 0.000000 1.000000
56814 0.000000 0.000000 0.000000 1.000000
56815 0.000000 0.000000 0.000000 1.000000
56816 0.000000 0.000000 0.000000 1.000000
56817 0.000000 0.000000 0.000000 1.000000
56818 0.000000 0.000000 0.000000 1.000000
56819 0.000000 0.000000 0.000000 1.000000
56820 0.000000 0.000000 0.000000 1.000000
56933 0.000000 0.000000 0.000000 1.000000
56934 0.000000 0.000000 0.000000 1.000000
56935 0.000000 0.000000 0.000000 1.000000
56936 0.000000 0.000000 0.000000 1.000000
56937 0.000000 0.000000 0.000000 1.000000
56938 0.000000 0.000000 0.000000 1.000000
56939 0.000000 0.000000 0.000000 1.000000
56940 0.000000 0.000000 0.000000 1.000000
56941 0.000000 0.000000 0.000000 1.000000
56942 0.000000 0.000000 0.000000 1.000000
56943 0.000000 0.000000 0.000000 1.000000
56944 0.000000 0.000000 0.000000 1.000000
56945 0.000000 0.000000 0.000000 1.000000
56946 0.000000 0.000000 0.000000 1.000000
58164 0.000000 0.000000 0.000000 1.000000
58165 0.000000 0.000000 0.000000 1.000000
58166 0.000000 0.000000 0.000000 1.000000
58167 0.000000 0.000000 0.000000 1.000000
58168 0.000000 0.000000 0.000000 1.000000
58169 0.000000 0.000000 0.000000 1.000000
58170 0.000000 0.000000 0.000000 1.000000
58171 0.000000 0.000000 0.000000 1.000000
58185 0.000000 0.000000 0.000000 1.000000
58293 0.000000 0.000000 0.000000 1.000000
58294 0.000000 0.000000 0.000000 1.000000
58295 0.000000 0.000000 0.000000 1.000000
58296 0.000000 0.000000 0.000000 1.000000
59987 0.000000 0.000000 0.000000 1.000000
59988 0.000000 0.000000 0.000000 1.000000
59989 0.000000 0.000000 0.000000 1.000000
59990 0.000000 0.000000 0.000000 1.000000
59991 0.000000 0.000000 0.000000 1.000000
59992 0.000000 0.000000 0.000000 1.000000
59993 0.000000 0.000000 0.000000 1.000000
59994 0.000000 0.000000 0.000000 1.000000
64014 0.000000 0.000000 0.000000 1.000000
64015 0.000000 0.000000 0.000000 1.000000
64016 0.000000 0.000000 0.000000 1.000000
64017 0.000000 0.000000 0.000000 1.000000
64018 0.000000 0.000000 0.000000 1.000000
64019 0.000000 0.000000 0.000000 1.000000
64020 0.000000 0.000000 0.000000 1.000000
64021 0.000000 0.000000 0.000000 1.000000
64022 0.000000 0.000000 0.000000 1.000000
64023 0.000000 0.000000 0.000000 1.000000
64024 0.000000 0.000000 0.000000 1.000000
64025 0.000000 0.000000 0.000000 1.000000
64026 0.000000 0.000000 0.000000 1.000000
64133 0.000000 0.000000 0.000000 1.000000
64135 0.000000 0.000000 0.000000 1.000000
64136 0.000000 0.000000 0.000000 1.000000
64137 0.000000 0.000000 0.000000 1.000000
64138 0.000000 0.000000 0.000000 1.000000
64139 0.000000 0.000000 0.000000 1.000000
64140 0.000000 0.000000 0.000000 1.000000
64141 0.000000 0.000000 0.000000 1.000000
64142 0.000000 0.000000 0.000000 1.000000
64143 0.000000 0.000000 0.000000 1.000000
64144 0.000000 0.000000 0.000000 1.000000
64145 0.000000 0.000000 0.000000 1.000000
64146 0.000000 0.000000 0.000000 1.000000
67127 0.000000 0.000000 0.000000 1.000000
67128 0.000000 0.000000 0.000000 1.000000
67129 0.000000 0.000000 0.000000 1.000000
67130 0.000000 0.000000 0.000000 1.000000
67131 0.000000 0.000000 0.000000 1.000000
67187 0.000000 0.000000 0.000000 1.000000
67188 0.000000 0.000000 0.000000 1.000000
67189 0.000000 0.000000 0.000000 1.000000
67190 0.000000 0.000000 0.000000 1.000000
67191 0.000000 0.000000 0.000000 1.000000
67192 0.000000 0.000000 0.000000 1.000000
67193 0.000000 0.000000 0.000000 1.000000
67194 0.000000 0.000000 0.000000 1.000000
67195 0.000000 0.000000 0.000000 1.000000
67196 0.000000 0.000000 0.000000 1.000000
67197 0.000000 0.000000 0.000000 1.000000
67198 0.000000 0.000000 0.000000 1.000000
67199 0.000000 0.000000 0.000000 1.000000
67200 0.000000 0.000000 0.000000 1.000000
67201 0.000000 0.000000 0.000000 1.000000
72519 0.000000 0.000000 0.000000 1.000000
72520 0.000000 0.000000 0.000000 1.000000
72521 0.000000 0.000000 0.000000 1.000000
72522 0.000000 0.000000 0.000000 1.000000
72523 0.000000 0.000000 0.000000 1.000000
72524 0.000000 0.000000 0.000000 1.000000
72525 0.000000 0.000000 0.000000 1.000000
72526 0.000000 0.000000 0.000000 1.000000
72527 0.000000 0.000000 0.000000 1.000000
72528 0.000000 0.000000 0.000000 1.000000
72529 0.000000 0.000000 0.000000 1.000000
72542 0.000000 0.000000 0.000000 1.000000
72543 0.000000 0.000000 0.000000 1.000000
72544 0.000000 0.000000 0.000000 1.000000
72587 0.000000 0.000000 0.000000 1.000000
72589 0.000000 0.000000 0.000000 1.000000
72908 0.000000 0.000000 0.000000 1.000000
72909 0.000000 0.000000 0.000000 1.000000
72910 0.000000 0.000000 0.000000 1.000000
72911 0.000000 0.000000 0.000000 1.000000
72912 0.000000 0.000000 0.000000 1.000000
72913 0.000000 0.000000 0.000000 1.000000
72915 0.000000 0.000000 0.000000 1.000000
72916 0.000000 0.000000 0.000000 1.000000
72917 0.000000 0.000000 0.000000 1.000000
72918 0.000000 0.000000 0.000000 1.000000
72919 0.000000 0.000000 0.000000 1.000000
72920 0.000000 0.000000 0.000000 1.000000
72921 0.000000 0.000000 0.000000 1.000000
76569 0.000000 0.000000 0.000000 1.000000
76570 0.000000 0.000000 0.000000 1.000000
76571 0.000000 0.000000 0.000000 1.000000
76572 0.000000 0.000000 0.000000 1.000000
76573 0.000000 0.000000 0.000000 1.000000
76574 0.000000 0.000000 0.000000 1.000000
76575 0.000000 0.000000 0.000000 1.000000
76576 0.000000 0.000000 0.000000 1.000000
76577 0.000000 0.000000 0.000000 1.000000
76578 0.000000 0.000000 0.000000 1.000000
76579 0.000000 0.000000 0.000000 1.000000
76580 0.000000 0.000000 0.000000 1.000000
76581 0.000000 0.000000 0.000000 1.000000
76582 0.000000 0.000000 0.000000 1.000000
76583 0.000000 0.000000 0.000000 1.000000
76584 0.000000 0.000000 0.000000 1.000000
76585 0.000000 0.000000 0.000000 1.000000
76586 0.000000 0.000000 0.000000 1.000000
76587 0.000000 0.000000 0.000000 1.000000
76588 0.000000 0.000000 0.000000 1.000000
76589 0.000000 0.000000 0.000000 1.000000
76590 0.000000 0.000000 0.000000 1.000000
76591 0.000000 0.000000 0.000000 1.000000
76596 0.000000 0.000000 0.000000 1.000000
76597 0.000000 0.000000 0.000000 1.000000
76598 0.000000 0.000000 0.000000 1.000000
76599 0.000000 0.000000 0.000000 1.000000
76603 0.000000 0.000000 0.000000 1.000000
76604 0.000000 0.000000 0.000000 1.000000
76605 0.000000 0.000000 0.000000 1.000000
76606 0.000000 0.000000 0.000000 1.000000
76607 0.000000 0.000000 0.000000 1.000000
76608 0.000000 0.000000 0.000000 1.000000
76609 0.000000 0.000000 0.000000 1.000000
76610 0.000000 0.000000 0.000000 1.000000
76611 0.000000 0.000000 0.000000 1.000000
76612 0.000000 0.000000 0.000000 1.000000
76613 0.000000 0.000000 0.000000 1.000000
76614 0.000000 0.000000 0.000000 1.000000
76615 0.000000 0.000000 0.000000 1.000000
76616 0.000000 0.000000 0.000000 1.000000
76617 0.000000 0.000000 0.000000 1.000000
76618 0.000000 0.000000 0.000000 1.000000
76619 0.000000 0.000000 0.000000 1.000000
76620 0.000000 0.000000 0.000000 1.000000
76621 0.000000 0.000000 0.000000 1.000000
76622 0.000000 0.000000 0.000000 1.000000
76623 0.000000 0.000000 0.000000 1.000000
76624 0.000000 0.000000 0.000000 1.000000
76625 0.000000 0.000000 0.000000 1.000000
76626 0.000000 0.000000 0.000000 1.000000
76627 0.000000 0.000000 0.000000 1.000000
76628 0.000000 0.000000 0.000000 1.000000
76629 0.000000 0.000000 0.000000 1.000000
76630 0.000000 0.000000 0.000000 1.000000
76631 0.000000 0.000000 0.000000 1.000000
76632 0.000000 0.000000 0.000000 1.000000
76633 0.000000 0.000000 0.000000 1.000000
76634 0.000000 0.000000 0.000000 1.000000
76635 0.000000 0.000000 0.000000 1.000000
76636 0.000000 0.000000 0.000000 1.000000
76697 0.000000 0.000000 0.000000 1.000000
76698 0.000000 0.000000 0.000000 1.000000
76699 0.000000 0.000000 0.000000 1.000000
76700 0.000000 0.000000 0.000000 1.000000
76701 0.000000 0.000000 0.000000 1.000000
76702 0.000000 0.000000 0.000000 1.000000
76703 0.000000 0.000000 0.000000 1.000000
76704 0.000000 0.000000 0.000000 1.000000
76705 0.000000 0.000000 0.000000 1.000000
76706 0.000000 0.000000 0.000000 1.000000
76707 0.000000 0.000000 0.000000 1.000000
76708 0.000000 0.000000 0.000000 1.000000
76709 0.000000 0.000000 0.000000 1.000000
76710 0.000000 0.000000 0.000000 1.000000
76711 0.000000 0.000000 0.000000 1.000000
76712 0.000000 0.000000 0.000000 1.000000
76713 0.000000 0.000000 0.000000 1.000000
76714 0.000000 0.000000 0.000000 1.000000
76715 0.000000 0.000000 0.000000 1.000000
76716 0.000000 0.000000 0.000000 1.000000
76717 0.000000 0.000000 0.000000 1.000000
76718 0.000000 0.000000 0.000000 1.000000
76719 0.000000 0.000000 0.000000 1.000000
76721 0.000000 0.000000 0.000000 1.000000
76722 0.000000 0.000000 0.000000 1.000000
76723 0.000000 0.000000 0.000000 1.000000
76724 0.000000 0.000000 0.000000 1.000000
76726 0.000000 0.000000 0.000000 1.000000
76960 0.000000 0.000000 0.000000 1.000000
76961 0.000000 0.000000 0.000000 1.000000
76962 0.000000 0.000000 0.000000 1.000000
76963 0.000000 0.000000 0.000000 1.000000
76965 0.000000 0.000000 0.000000 1.000000
76966 0.000000 0.000000 0.000000 1.000000
76967 0.000000 0.000000 0.000000 1.000000
76968 0.000000 0.000000 0.000000 1.000000
76969 0.000000 0.000000 0.000000 1.000000
76970 0.000000 0.000000 0.000000 1.000000
76971 0.000000 0.000000 0.000000 1.000000
81902 0.000000 0.000000 0.000000 1.000000
81903 0.000000 0.000000 0.000000 1.000000
81904 0.000000 0.000000 0.000000 1.000000
81905 0.000000 0.000000 0.000000 1.000000
81906 0.000000 0.000000 0.000000 1.000000
81907 0.000000 0.000000 0.000000 1.000000
81908 0.000000 0.000000 0.000000 1.000000
81909 0.000000 0.000000 0.000000 1.000000
81916 0.000000 0.000000 0.000000 1.000000
82037 0.000000 0.000000 0.000000 1.000000
82038 0.000000 0.000000 0.000000 1.000000
82039 0.000000 0.000000 0.000000 1.000000
82040 0.000000 0.000000 0.000000 1.000000
82041 0.000000 0.000000 0.000000 1.000000
82042 0.000000 0.000000 0.000000 1.000000
82043 0.000000 0.000000 0.000000 1.000000
82044 0.000000 0.000000 0.000000 1.000000
82045 0.000000 0.000000 0.000000 1.000000
82046 0.000000 0.000000 0.000000 1.000000
82047 0.000000 0.000000 0.000000 1.000000
82048 0.000000 0.000000 0.000000 1.000000
82049 0.000000 0.000000 0.000000 1.000000
82050 0.000000 0.000000 0.000000 1.000000
82051 0.000000 0.000000 0.000000 1.000000
82052 0.000000 0.000000 0.000000 1.000000
82054 0.000000 0.000000 0.000000 1.000000
82060 0.000000 0.000000 0.000000 1.000000
82061 0.000000 0.000000 0.000000 1.000000
82062 0.000000 0.000000 0.000000 1.000000
92292 0.000000 0.000000 0.000000 1.000000
92293 0.000000 0.000000 0.000000 1.000000
92294 0.000000 0.000000 0.000000 1.000000
92295 0.000000 0.000000 0.000000 1.000000
92296 0.000000 0.000000 0.000000 1.000000
92309 0.000000 0.000000 0.000000 1.000000
92310 0.000000 0.000000 0.000000 1.000000
92311 0.000000 0.000000 0.000000 1.000000
92312 0.000000 0.000000 0.000000 1.000000
92313 0.000000 0.000000 0.000000 1.000000
92314 0.000000 0.000000 0.000000 1.000000
92315 0.000000 0.000000 0.000000 1.000000
92316 0.000000 0.000000 0.000000 1.000000
92913 0.000000 0.000000 0.000000 1.000000
92914 0.000000 0.000000 0.000000 1.000000
92915 0.000000 0.000000 0.000000 1.000000
92916 0.000000 0.000000 0.000000 1.000000
92917 0.000000 0.000000 0.000000 1.000000
92927 0.000000 0.000000 0.000000 1.000000
92928 0.000000 0.000000 0.000000 1.000000
92929 0.000000 0.000000 0.000000 1.000000
92930 0.000000 0.000000 0.000000 1.000000
92984 0.000000 0.000000 0.000000 1.000000
92986 0.000000 0.000000 0.000000 1.000000
92990 0.000000 0.000000 0.000000 1.000000
92991 0.000000 0.000000 0.000000 1.000000
93993 0.000000 0.000000 0.000000 1.000000
93994 0.000000 0.000000 0.000000 1.000000
93995 0.000000 0.000000 0.000000 1.000000
93996 0.000000 0.000000 0.000000 1.000000
93997 0.000000 0.000000 0.000000 1.000000
94064 0.000000 0.000000 0.000000 1.000000
94065 0.000000 0.000000 0.000000 1.000000
94066 0.000000 0.000000 0.000000 1.000000
94067 0.000000 0.000000 0.000000 1.000000
94068 0.000000 0.000000 0.000000 1.000000
94069 0.000000 0.000000 0.000000 1.000000
94070 0.000000 0.000000 0.000000 1.000000
94071 0.000000 0.000000 0.000000 1.000000
94803 0.000000 0.000000 0.000000 1.000000
94804 0.000000 0.000000 0.000000 1.000000
94805 0.000000 0.000000 0.000000 1.000000
94806 0.000000 0.000000 0.000000 1.000000
94807 0.000000 0.000000 0.000000 1.000000
94881 0.000000 0.000000 0.000000 1.000000
95897 0.000000 0.000000 0.000000 1.000000
95898 0.000000 0.000000 0.000000 1.000000
95899 0.000000 0.000000 0.000000 1.000000
95900 0.000000 0.000000 0.000000 1.000000
95901 0.000000 0.000000 0.000000 1.000000
98313 0.000000 0.000000 0.000000 1.000000
98314 0.000000 0.000000 0.000000 1.000000
98315 0.000000 0.000000 0.000000 1.000000
98316 0.000000 0.000000 0.000000 1.000000
98317 0.000000 0.000000 0.000000 1.000000
98318 0.000000 0.000000 0.000000 1.000000
98319 0.000000 0.000000 0.000000 1.000000
98320 0.000000 0.000000 0.000000 1.000000
98321 0.000000 0.000000 0.000000 1.000000
98384 0.000000 0.000000 0.000000 1.000000
98385 0.000000 0.000000 0.000000 1.000000
98386 0.000000 0.000000 0.000000 1.000000
98387 0.000000 0.000000 0.000000 1.000000
98388 0.000000 0.000000 0.000000 1.000000
98389 0.000000 0.000000 0.000000 1.000000
98390 0.000000 0.000000 0.000000 1.000000
98391 0.000000 0.000000 0.000000 1.000000
100181 0.000000 0.000000 0.000000 1.000000
100182 0.000000 0.000000 0.000000 1.000000
100183 0.000000 0.000000 0.000000 1.000000
100184 0.000000 0.000000 0.000000 1.000000
100185 0.000000 0.000000 0.000000 1.000000
100186 0.000000 0.000000 0.000000 1.000000
100187 0.000000 0.000000 0.000000 1.000000
100188 0.000000 0.000000 0.000000 1.000000
100189 0.000000 0.000000 0.000000 1.000000
100217 0.000000 0.000000 0.000000 1.000000
100218 0.000000 0.000000 0.000000 1.000000
100219 0.000000 0.000000 0.000000 1.000000
100220 0.000000 0.000000 0.000000 1.000000
100221 0.000000 0.000000 0.000000 1.000000
100222 0.000000 0.000000 0.000000 1.000000
100223 0.000000 0.000000 0.000000 1.000000
103416 0.000000 0.000000 0.000000 1.000000
103417 0.000000 0.000000 0.000000 1.000000
103418 0.000000 0.000000 0.000000 1.000000
103419 0.000000 0.000000 0.000000 1.000000
103420 0.000000 0.000000 0.000000 1.000000
103421 0.000000 0.000000 0.000000 1.000000
103422 0.000000 0.000000 0.000000 1.000000
103457 0.000000 0.000000 0.000000 1.000000
103459 0.000000 0.000000 0.000000 1.000000
103649 0.000000 0.000000 0.000000 1.000000
103650 0.000000 0.000000 0.000000 1.000000
103651 0.000000 0.000000 0.000000 1.000000
103652 0.000000 0.000000 0.000000 1.000000
103653 0.000000 0.000000 0.000000 1.000000
103654 0.000000 0.000000 0.000000 1.000000
103655 0.000000 0.000000 0.000000 1.000000
103656 0.000000 0.000000 0.000000 1.000000
105846 0.000000 0.000000 0.000000 1.000000
105847 0.000000 0.000000 0.000000 1.000000
105848 0.000000 0.000000 0.000000 1.000000
105849 0.000000 0.000000 0.000000 1.000000
105850 0.000000 0.000000 0.000000 1.000000
105851 0.000000 0.000000 0.000000 1.000000
105852 0.000000 0.000000 0.000000 1.000000
105853 0.000000 0.000000 0.000000 1.000000
105854 0.000000 0.000000 0.000000 1.000000
105855 0.000000 0.000000 0.000000 1.000000
105856 0.000000 0.000000 0.000000 1.000000
105857 0.000000 0.000000 0.000000 1.000000
105858 0.000000 0.000000 0.000000 1.000000
105859 0.000000 0.000000 0.000000 1.000000
105868 0.000000 0.000000 0.000000 1.000000
105869 0.000000 0.000000 0.000000 1.000000
105870 0.000000 0.000000 0.000000 1.000000
105871 0.000000 0.000000 0.000000 1.000000
105872 0.000000 0.000000 0.000000 1.000000
105873 0.000000 0.000000 0.000000 1.000000
105874 0.000000 0.000000 0.000000 1.000000
105875 0.000000 0.000000 0.000000 1.000000
105876 0.000000 0.000000 0.000000 1.000000
105877 0.000000 0.000000 0.000000 1.000000
105878 0.000000 0.000000 0.000000 1.000000
105879 0.000000 0.000000 0.000000 1.000000
105880 0.000000 0.000000 0.000000 1.000000
105881 0.000000 0.000000 0.000000 1.000000
105882 0.000000 0.000000 0.000000 1.000000
105883 0.000000 0.000000 0.000000 1.000000
105884 0.000000 0.000000 0.000000 1.000000
105885 0.000000 0.000000 0.000000 1.000000
105886 0.000000 0.000000 0.000000 1.000000
105923 0.000000 0.000000 0.000000 1.000000
105924 0.000000 0.000000 0.000000 1.000000
105925 0.000000 0.000000 0.000000 1.000000
105926 0.000000 0.000000 0.000000 1.000000
105927 0.000000 0.000000 0.000000 1.000000
105928 0.000000 0.000000 0.000000 1.000000
105929 0.000000 0.000000 0.000000 1.000000
105930 0.000000 0.000000 0.000000 1.000000
105931 0.000000 0.000000 0.000000 1.000000
105932 0.000000 0.000000 0.000000 1.000000
105933 0.000000 0.000000 0.000000 1.000000
105934 0.000000 0.000000 0.000000 1.000000
105935 0.000000 0.000000 0.000000 1.000000
105936 0.000000 0.000000 0.000000 1.000000
105937 0.000000 0.000000 0.000000 1.000000
105938 0.000000 0.000000 0.000000 1.000000
105939 0.000000 0.000000 0.000000 1.000000
105940 0.000000 0.000000 0.000000 1.000000
106079 0.000000 0.000000 0.000000 1.000000
106080 0.000000 0.000000 0.000000 1.000000
106081 0.000000 0.000000 0.000000 1.000000
106082 0.000000 0.000000 0.000000 1.000000
106083 0.000000 0.000000 0.000000 1.000000
106084 0.000000 0.000000 0.000000 1.000000
106085 0.000000 0.000000 0.000000 1.000000
106086 0.000000 0.000000 0.000000 1.000000
109046 0.000000 0.000000 0.000000 1.000000
109047 0.000000 0.000000 0.000000 1.000000
109048 0.000000 0.000000 0.000000 1.000000
109049 0.000000 0.000000 0.000000 1.000000
109050 0.000000 0.000000 0.000000 1.000000
109127 0.000000 0.000000 0.000000 1.000000
109128 0.000000 0.000000 0.000000 1.000000
109129 0.000000 0.000000 0.000000 1.000000
109130 0.000000 0.000000 0.000000 1.000000
109131 0.000000 0.000000 0.000000 1.000000
109132 0.000000 0.000000 0.000000 1.000000
109133 0.000000 0.000000 0.000000 1.000000
109134 0.000000 0.000000 0.000000 1.000000
109135 0.000000 0.000000 0.000000 1.000000
109136 0.000000 0.000000 0.000000 1.000000
109141 0.000000 0.000000 0.000000 1.000000
109142 0.000000 0.000000 0.000000 1.000000
115506 0.000000 0.000000 0.000000 1.000000
115507 0.000000 0.000000 0.000000 1.000000
115508 0.000000 0.000000 0.000000 1.000000
115509 0.000000 0.000000 0.000000 1.000000
115510 0.000000 0.000000 0.000000 1.000000
115511 0.000000 0.000000 0.000000 1.000000
115512 0.000000 0.000000 0.000000 1.000000
115513 0.000000 0.000000 0.000000 1.000000
115514 0.000000 0.000000 0.000000 1.000000
115515 0.000000 0.000000 0.000000 1.000000
115516 0.000000 0.000000 0.000000 1.000000
115552 0.000000 0.000000 0.000000 1.000000
115553 0.000000 0.000000 0.000000 1.000000
115560 0.000000 0.000000 0.000000 1.000000
115561 0.000000 0.000000 0.000000 1.000000
115562 0.000000 0.000000 0.000000 1.000000
115563 0.000000 0.000000 0.000000 1.000000
115564 0.000000 0.000000 0.000000 1.000000
115565 0.000000 0.000000 0.000000 1.000000
115566 0.000000 0.000000 0.000000 1.000000
116955 0.000000 0.000000 0.000000 1.000000
116956 0.000000 0.000000 0.000000 1.000000
116957 0.000000 0.000000 0.000000 1.000000
116958 0.000000 0.000000 0.000000 1.000000
116959 0.000000 0.000000 0.000000 1.000000
116960 0.000000 0.000000 0.000000 1.000000
116961 0.000000 0.000000 0.000000 1.000000
116962 0.000000 0.000000 0.000000 1.000000
116963 0.000000 0.000000 0.000000 1.000000
116964 0.000000 0.000000 0.000000 1.000000
116965 0.000000 0.000000 0.000000 1.000000
116987 0.000000 0.000000 0.000000 1.000000
116988 0.000000 0.000000 0.000000 1.000000
116989 0.000000 0.000000 0.000000 1.000000
116990 0.000000 0.000000 0.000000 1.000000
116991 0.000000 0.000000 0.000000 1.000000
116992 0.000000 0.000000 0.000000 1.000000
116993 0.000000 0.000000 0.000000 1.000000
116994 0.000000 0.000000 0.000000 1.000000
116995 0.000000 0.000000 0.000000 1.000000
117137 0.000000 0.000000 0.000000 1.000000
117140 0.000000 0.000000 0.000000 1.000000
117141 0.000000 0.000000 0.000000 1.000000
119475 0.000000 0.000000 0.000000 1.000000
119476 0.000000 0.000000 0.000000 1.000000
119477 0.000000 0.000000 0.000000 1.000000
119478 0.000000 0.000000 0.000000 1.000000
119479 0.000000 0.000000 0.000000 1.000000
119480 0.000000 0.000000 0.000000 1.000000
119481 0.000000 0.000000 0.000000 1.000000
119482 0.000000 0.000000 0.000000 1.000000
119483 0.000000 0.000000 0.000000 1.000000
119642 0.000000 0.000000 0.000000 1.000000
119643 0.000000 0.000000 0.000000 1.000000
119644 0.000000 0.000000 0.000000 1.000000
119645 0.000000 0.000000 0.000000 1.000000
119646 0.000000 0.000000 0.000000 1.000000
119647 0.000000 0.000000 0.000000 1.000000
119648 0.000000 0.000000 0.000000 1.000000
119649 0.000000 0.000000 0.000000 1.000000
119650 0.000000 0.000000 0.000000 1.000000
119651 0.000000 0.000000 0.000000 1.000000
119654 0.000000 0.000000 0.000000 1.000000
119655 0.000000 0.000000 0.000000 1.000000
119656 0.000000 0.000000 0.000000 1.000000
119657 0.000000 0.000000 0.000000 1.000000
119658 0.000000 0.000000 0.000000 1.000000
119659 0.000000 0.000000 0.000000 1.000000
119660 0.000000 0.000000 0.000000 1.000000
119661 0.000000 0.000000 0.000000 1.000000
121365 0.000000 0.000000 0.000000 1.000000
121366 0.000000 0.000000 0.000000 1.000000
121367 0.000000 0.000000 0.000000 1.000000
121368 0.000000 0.000000 0.000000 1.000000
121369 0.000000 0.000000 0.000000 1.000000
121370 0.000000 0.000000 0.000000 1.000000
121371 0.000000 0.000000 0.000000 1.000000
121372 0.000000 0.000000 0.000000 1.000000
121373 0.000000 0.000000 0.000000 1.000000
121374 0.000000 0.000000 0.000000 1.000000
121375 0.000000 0.000000 0.000000 1.000000
121386 0.000000 0.000000 0.000000 1.000000
121387 0.000000 0.000000 0.000000 1.000000
121388 0.000000 0.000000 0.000000 1.000000
121389 0.000000 0.000000 0.000000 1.000000
121390 0.000000 0.000000 0.000000 1.000000
121391 0.000000 0.000000 0.000000 1.000000
121392 0.000000 0.000000 0.000000 1.000000
121393 0.000000 0.000000 0.000000 1.000000
121394 0.000000 0.000000 0.000000 1.000000
121395 0.000000 0.000000 0.000000 1.000000
121427 0.000000 0.000000 0.000000 1.000000
121428 0.000000 0.000000 0.000000 1.000000
121429 0.000000 0.000000 0.000000 1.000000
121430 0.000000 0.000000 0.000000 1.000000
121431 0.000000 0.000000 0.000000 1.000000
121432 0.000000 0.000000 0.000000 1.000000
121435 0.000000 0.000000 0.000000 1.000000
121436 0.000000 0.000000 0.000000 1.000000
121437 0.000000 0.000000 0.000000 1.000000
121438 0.000000 0.000000 0.000000 1.000000
121546 0.000000 0.000000 0.000000 1.000000
121548 0.000000 0.000000 0.000000 1.000000
121549 0.000000 0.000000 0.000000 1.000000
121550 0.000000 0.000000 0.000000 1.000000
121551 0.000000 0.000000 0.000000 1.000000
123917 0.000000 0.000000 0.000000 1.000000
123918 0.000000 0.000000 0.000000 1.000000
123919 0.000000 0.000000 0.000000 1.000000
123920 0.000000 0.000000 0.000000 1.000000
123921 0.000000 0.000000 0.000000 1.000000
123922 0.000000 0.000000 0.000000 1.000000
123923 0.000000 0.000000 0.000000 1.000000
123924 0.000000 0.000000 0.000000 1.000000
123925 0.000000 0.000000 0.000000 1.000000
123926 0.000000 0.000000 0.000000 1.000000
123927 0.000000 0.000000 0.000000 1.000000
129468 0.000000 0.000000 0.000000 1.000000
129469 0.000000 0.000000 0.000000 1.000000
129470 0.000000 0.000000 0.000000 1.000000
129471 0.000000 0.000000 0.000000 1.000000
129472 0.000000 0.000000 0.000000 1.000000
129473 0.000000 0.000000 0.000000 1.000000
129474 0.000000 0.000000 0.000000 1.000000
129479 0.000000 0.000000 0.000000 1.000000
129480 0.000000 0.000000 0.000000 1.000000
129481 0.000000 0.000000 0.000000 1.000000
129482 0.000000 0.000000 0.000000 1.000000
129483 0.000000 0.000000 0.000000 1.000000
129484 0.000000 0.000000 0.000000 1.000000
129485 0.000000 0.000000 0.000000 1.000000
129619 0.000000 0.000000 0.000000 1.000000
129622 0.000000 0.000000 0.000000 1.000000
129623 0.000000 0.000000 0.000000 1.000000
129624 0.000000 0.000000 0.000000 1.000000
129625 0.000000 0.000000 0.000000 1.000000
129626 0.000000 0.000000 0.000000 1.000000
129627 0.000000 0.000000 0.000000 1.000000
129628 0.000000 0.000000 0.000000 1.000000
129629 0.000000 0.000000 0.000000 1.000000
129630 0.000000 0.000000 0.000000 1.000000
129631 0.000000 0.000000 0.000000 1.000000
129632 0.000000 0.000000 0.000000 1.000000
129633 0.000000 0.000000 0.000000 1.000000
129634 0.000000 0.000000 0.000000 1.000000
129635 0.000000 0.000000 0.000000 1.000000
129636 0.000000 0.000000 0.000000 1.000000
133412 0.000000 0.000000 0.000000 1.000000
133415 0.000000 0.000000 0.000000 1.000000
133487 0.000000 0.000000 0.000000 1.000000
133488 0.000000 0.000000 0.000000 1.000000
133489 0.000000 0.000000 0.000000 1.000000
133490 0.000000 0.000000 0.000000 1.000000
133491 0.000000 0.000000 0.000000 1.000000
133492 0.000000 0.000000 0.000000 1.000000
133493 0.000000 0.000000 0.000000 1.000000
133494 0.000000 0.000000 0.000000 1.000000
133495 0.000000 0.000000 0.000000 1.000000
133496 0.000000 0.000000 0.000000 1.000000
133498 0.000000 0.000000 0.000000 1.000000
133499 0.000000 0.000000 0.000000 1.000000
133500 0.000000 0.000000 0.000000 1.000000
133501 0.000000 0.000000 0.000000 1.000000
133502 0.000000 0.000000 0.000000 1.000000
133503 0.000000 0.000000 0.000000 1.000000
133504 0.000000 0.000000 0.000000 1.000000
133505 0.000000 0.000000 0.000000 1.000000
140154 0.000000 0.000000 0.000000 1.000000
140155 0.000000 0.000000 0.000000 1.000000
140156 0.000000 0.000000 0.000000 1.000000
140157 0.000000 0.000000 0.000000 1.000000
140158 0.000000 0.000000 0.000000 1.000000
140159 0.000000 0.000000 0.000000 1.000000
140160 0.000000 0.000000 0.000000 1.000000
140161 0.000000 0.000000 0.000000 1.000000
140162 0.000000 0.000000 0.000000 1.000000
140163 0.000000 0.000000 0.000000 1.000000
140165 0.000000 0.000000 0.000000 1.000000
140166 0.000000 0.000000 0.000000 1.000000
140167 0.000000 0.000000 0.000000 1.000000
140168 0.000000 0.000000 0.000000 1.000000
140169 0.000000 0.000000 0.000000 1.000000
140170 0.000000 0.000000 0.000000 1.000000
140183 0.000000 0.000000 0.000000 1.000000
140184 0.000000 0.000000 0.000000 1.000000
140185 0.000000 0.000000 0.000000 1.000000
140187 0.000000 0.000000 0.000000 1.000000
140188 0.000000 0.000000 0.000000 1.000000
140237 0.000000 0.000000 0.000000 1.000000
140238 0.000000 0.000000 0.000000 1.000000
140239 0.000000 0.000000 0.000000 1.000000
140633 0.000000 0.000000 0.000000 1.000000
140640 0.000000 0.000000 0.000000 1.000000
140641 0.000000 0.000000 0.000000 1.000000
140642 0.000000 0.000000 0.000000 1.000000
140643 0.000000 0.000000 0.000000 1.000000
140644 0.000000 0.000000 0.000000 1.000000
140645 0.000000 0.000000 0.000000 1.000000
140646 0.000000 0.000000 0.000000 1.000000
145095 0.000000 0.000000 0.000000 1.000000
145096 0.000000 0.000000 0.000000 1.000000
145097 0.000000 0.000000 0.000000 1.000000
145098 0.000000 0.000000 0.000000 1.000000
145099 0.000000 0.000000 0.000000 1.000000
145100 0.000000 0.000000 0.000000 1.000000
145101 0.000000 0.000000 0.000000 1.000000
145102 0.000000 0.000000 0.000000 1.000000
145103 0.000000 0.000000 0.000000 1.000000
145104 0.000000 0.000000 0.000000 1.000000
145105 0.000000 0.000000 0.000000 1.000000
145106 0.000000 0.000000 0.000000 1.000000
145107 0.000000 0.000000 0.000000 1.000000
145108 0.000000 0.000000 0.000000 1.000000
145109 0.000000 0.000000 0.000000 1.000000
145110 0.000000 0.000000 0.000000 1.000000
145111 0.000000 0.000000 0.000000 1.000000
145112 0.000000 0.000000 0.000000 1.000000
145113 0.000000 0.000000 0.000000 1.000000
145114 0.000000 0.000000 0.000000 1.000000
145115 0.000000 0.000000 0.000000 1.000000
145116 0.000000 0.000000 0.000000 1.000000
145117 0.000000 0.000000 0.000000 1.000000
145118 0.000000 0.000000 0.000000 1.000000
145119 0.000000 0.000000 0.000000 1.000000
145120 0.000000 0.000000 0.000000 1.000000
145121 0.000000 0.000000 0.000000 1.000000
145122 0.000000 0.000000 0.000000 1.000000
145123 0.000000 0.000000 0.000000 1.000000
145124 0.000000 0.000000 0.000000 1.000000
145125 0.000000 0.000000 0.000000 1.000000
145126 0.000000 0.000000 0.000000 1.000000
145127 0.000000 0.000000 0.000000 1.000000
145128 0.000000 0.000000 0.000000 1.000000
145129 0.000000 0.000000 0.000000 1.000000
145130 0.000000 0.000000 0.000000 1.000000
145131 0.000000 0.000000 0.000000 1.000000
145132 0.000000 0.000000 0.000000 1.000000
145138 0.000000 0.000000 0.000000 1.000000
145139 0.000000 0.000000 0.000000 1.000000
145140 0.000000 0.000000 0.000000 1.000000
145141 0.000000 0.000000 0.000000 1.000000
145142 0.000000 0.000000 0.000000 1.000000
145143 0.000000 0.000000 0.000000 1.000000
145144 0.000000 0.000000 0.000000 1.000000
145145 0.000000 0.000000 0.000000 1.000000
145146 0.000000 0.000000 0.000000 1.000000
145147 0.000000 0.000000 0.000000 1.000000
145148 0.000000 0.000000 0.000000 1.000000
145149 0.000000 0.000000 0.000000 1.000000
145150 0.000000 0.000000 0.000000 1.000000
145151 0.000000 0.000000 0.000000 1.000000
145152 0.000000 0.000000 0.000000 1.000000
145153 0.000000 0.000000 0.000000 1.000000
145154 0.000000 0.000000 0.000000 1.000000
145155 0.000000 0.000000 0.000000 1.000000
145156 0.000000 0.000000 0.000000 1.000000
145157 0.000000 0.000000 0.000000 1.000000
145158 0.000000 0.000000 0.000000 1.000000
145159 0.000000 0.000000 0.000000 1.000000
145160 0.000000 0.000000 0.000000 1.000000
145161 0.000000 0.000000 0.000000 1.000000
145162 0.000000 0.000000 0.000000 1.000000
145163 0.000000 0.000000 0.000000 1.000000
145164 0.000000 0.000000 0.000000 1.000000
145165 0.000000 0.000000 0.000000 1.000000
145166 0.000000 0.000000 0.000000 1.000000
145167 0.000000 0.000000 0.000000 1.000000
145168 0.000000 0.000000 0.000000 1.000000
145169 0.000000 0.000000 0.000000 1.000000
145170 0.000000 0.000000 0.000000 1.000000
145171 0.000000 0.000000 0.000000 1.000000
145172 0.000000 0.000000 0.000000 1.000000
145173 0.000000 0.000000 0.000000 1.000000
145174 0.000000 0.000000 0.000000 1.000000
145175 0.000000 0.000000 0.000000 1.000000
145176 0.000000 0.000000 0.000000 1.000000
145177 0.000000 0.000000 0.000000 1.000000
145250 0.000000 0.000000 0.000000 1.000000
145251 0.000000 0.000000 0.000000 1.000000
145252 0.000000 0.000000 0.000000 1.000000
145253 0.000000 0.000000 0.000000 1.000000
145254 0.000000 0.000000 0.000000 1.000000
145255 0.000000 0.000000 0.000000 1.000000
145256 0.000000 0.000000 0.000000 1.000000
145257 0.000000 0.000000 0.000000 1.000000
145258 0.000000 0.000000 0.000000 1.000000
145259 0.000000 0.000000 0.000000 1.000000
145260 0.000000 0.000000 0.000000 1.000000
145261 0.000000 0.000000 0.000000 1.000000
145262 0.000000 0.000000 0.000000 1.000000
145263 0.000000 0.000000 0.000000 1.000000
145264 0.000000 0.000000 0.000000 1.000000
145265 0.000000 0.000000 0.000000 1.000000
145266 0.000000 0.000000 0.000000 1.000000
145267 0.000000 0.000000 0.000000 1.000000
145268 0.000000 0.000000 0.000000 1.000000
145269 0.000000 0.000000 0.000000 1.000000
145270 0.000000 0.000000 0.000000 1.000000
145271 0.000000 0.000000 0.000000 1.000000
145272 0.000000 0.000000 0.000000 1.000000
145273 0.000000 0.000000 0.000000 1.000000
145274 0.000000 0.000000 0.000000 1.000000
145275 0.000000 0.000000 0.000000 1.000000
145276 0.000000 0.000000 0.000000 1.000000
145280 0.000000 0.000000 0.000000 1.000000
145303 0.000000 0.000000 0.000000 1.000000
145304 0.000000 0.000000 0.000000 1.000000
145305 0.000000 0.000000 0.000000 1.000000
145306 0.000000 0.000000 0.000000 1.000000
145568 0.000000 0.000000 0.000000 1.000000
145574 0.000000 0.000000 0.000000 1.000000
145575 0.000000 0.000000 0.000000 1.000000
145576 0.000000 0.000000 0.000000 1.000000
145577 0.000000 0.000000 0.000000 1.000000
145578 0.000000 0.000000 0.000000 1.000000
145579 0.000000 0.000000 0.000000 1.000000
145580 0.000000 0.000000 0.000000 1.000000
145581 0.000000 0.000000 0.000000 1.000000
151526 0.000000 0.000000 0.000000 1.000000
151527 0.000000 0.000000 0.000000 1.000000
151528 0.000000 0.000000 0.000000 1.000000
151529 0.000000 0.000000 0.000000 1.000000
151530 0.000000 0.000000 0.000000 1.000000
151531 0.000000 0.000000 0.000000 1.000000
151532 0.000000 0.000000 0.000000 1.000000
151533 0.000000 0.000000 0.000000 1.000000
151534 0.000000 0.000000 0.000000 1.000000
151541 0.000000 0.000000 0.000000 1.000000
151542 0.000000 0.000000 0.000000 1.000000
151543 0.000000 0.000000 0.000000 1.000000
151544 0.000000 0.000000 0.000000 1.000000
151545 0.000000 0.000000 0.000000 1.000000
151688 0.000000 0.000000 0.000000 1.000000
151689 0.000000 0.000000 0.000000 1.000000
151690 0.000000 0.000000 0.000000 1.000000
151691 0.000000 0.000000 0.000000 1.000000
151692 0.000000 0.000000 0.000000 1.000000
151693 0.000000 0.000000 0.000000 1.000000
151694 0.000000 0.000000 0.000000 1.000000
151695 0.000000 0.000000 0.000000 1.000000
151696 0.000000 0.000000 0.000000 1.000000
151697 0.000000 0.000000 0.000000 1.000000
151698 0.000000 0.000000 0.000000 1.000000
151699 0.000000 0.000000 0.000000 1.000000
151700 0.000000 0.000000 0.000000 1.000000
151701 0.000000 0.000000 0.000000 1.000000
151702 0.000000 0.000000 0.000000 1.000000
151703 0.000000 0.000000 0.000000 1.000000
151704 0.000000 0.000000 0.000000 1.000000
151705 0.000000 0.000000 0.000000 1.000000
151715 0.000000 0.000000 0.000000 1.000000
151716 0.000000 0.000000 0.000000 1.000000
151717 0.000000 0.000000 0.000000 1.000000
151718 0.000000 0.000000 0.000000 1.000000
151719 0.000000 0.000000 0.000000 1.000000
151769 0.000000 0.000000 0.000000 1.000000
