#!ascii label  , from subject cvs_avg35_inMNI152 vox2ras=TkReg
1980
205  -3.848  -85.103  -10.154 0.0000000000
206  -4.103  -85.073  -9.961 0.0000000000
207  -3.242  -84.869  -11.451 0.0000000000
208  -3.661  -85.040  -10.861 0.0000000000
209  -4.141  -85.039  -10.466 0.0000000000
210  -3.192  -84.798  -12.117 0.0000000000
211  -3.627  -84.957  -11.877 0.0000000000
212  -4.192  -84.937  -11.415 0.0000000000
217  -2.941  -84.557  -12.749 0.0000000000
218  -3.443  -84.794  -12.762 0.0000000000
219  -4.016  -84.926  -12.706 0.0000000000
230  -3.175  -84.574  -13.584 0.0000000000
231  -3.648  -84.787  -13.529 0.0000000000
232  -4.013  -84.825  -13.665 0.0000000000
243  -3.018  -84.247  -14.551 0.0000000000
244  -3.489  -84.423  -14.266 0.0000000000
245  -3.788  -84.635  -14.126 0.0000000000
435  -3.826  -84.223  -8.188 0.0000000000
436  -4.136  -84.140  -8.264 0.0000000000
442  -2.958  -84.305  -8.756 0.0000000000
443  -3.658  -84.445  -8.606 0.0000000000
444  -4.453  -84.399  -8.945 0.0000000000
445  -4.795  -84.113  -9.159 0.0000000000
451  -3.056  -84.585  -9.594 0.0000000000
452  -3.876  -84.916  -9.518 0.0000000000
453  -4.403  -84.746  -9.881 0.0000000000
454  -4.708  -84.309  -9.541 0.0000000000
459  -3.042  -84.762  -10.700 0.0000000000
460  -3.496  -84.944  -10.127 0.0000000000
461  -4.449  -84.760  -10.648 0.0000000000
462  -4.822  -84.284  -10.391 0.0000000000
467  -2.737  -84.433  -11.776 0.0000000000
468  -4.629  -84.534  -11.224 0.0000000000
469  -5.069  -83.948  -11.548 0.0000000000
478  -2.650  -84.239  -12.637 0.0000000000
479  -4.610  -84.480  -12.215 0.0000000000
480  -4.962  -84.014  -12.311 0.0000000000
491  -2.121  -83.566  -14.184 0.0000000000
492  -2.524  -84.008  -13.607 0.0000000000
493  -4.429  -84.416  -13.389 0.0000000000
494  -4.858  -84.019  -12.921 0.0000000000
504  -2.373  -83.717  -14.750 0.0000000000
505  -2.733  -83.997  -14.463 0.0000000000
506  -4.133  -84.319  -14.410 0.0000000000
512  -2.798  -83.924  -15.009 0.0000000000
706  -2.767  -83.529  -7.714 0.0000000000
707  -3.570  -83.867  -7.927 0.0000000000
708  -4.303  -83.479  -8.073 0.0000000000
709  -4.678  -83.369  -8.372 0.0000000000
713  -2.684  -83.876  -8.336 0.0000000000
714  -3.211  -84.214  -8.318 0.0000000000
715  -4.531  -83.882  -8.453 0.0000000000
716  -4.886  -83.774  -8.852 0.0000000000
722  -2.034  -83.556  -9.894 0.0000000000
723  -2.361  -83.881  -9.279 0.0000000000
724  -5.007  -83.898  -9.590 0.0000000000
732  -1.877  -83.323  -10.453 0.0000000000
733  -2.354  -84.031  -10.590 0.0000000000
734  -5.353  -83.448  -10.542 0.0000000000
744  -1.893  -83.336  -11.612 0.0000000000
745  -2.302  -83.947  -11.594 0.0000000000
746  -5.671  -83.087  -11.664 0.0000000000
747  -6.057  -82.657  -12.071 0.0000000000
756  -1.893  -83.360  -12.680 0.0000000000
757  -2.288  -83.887  -12.428 0.0000000000
758  -5.372  -83.504  -12.563 0.0000000000
759  -5.918  -82.924  -12.493 0.0000000000
768  -1.753  -83.204  -13.642 0.0000000000
769  -2.093  -83.652  -13.092 0.0000000000
770  -4.770  -83.977  -13.520 0.0000000000
771  -5.213  -83.599  -13.512 0.0000000000
772  -5.996  -82.895  -13.466 0.0000000000
782  -1.809  -83.255  -14.702 0.0000000000
783  -4.775  -83.798  -14.241 0.0000000000
784  -5.577  -83.264  -14.310 0.0000000000
790  -1.955  -83.460  -15.584 0.0000000000
799  -1.629  -83.219  -16.413 0.0000000000
958  -2.153  -82.473  -7.107 0.0000000000
959  -2.795  -82.460  -6.961 0.0000000000
960  -3.586  -82.383  -7.121 0.0000000000
961  -4.276  -82.206  -7.288 0.0000000000
962  -4.635  -81.898  -7.353 0.0000000000
967  -1.867  -82.683  -7.686 0.0000000000
968  -2.434  -83.013  -7.375 0.0000000000
969  -3.218  -83.097  -7.369 0.0000000000
970  -3.993  -82.967  -7.579 0.0000000000
971  -4.800  -82.392  -7.842 0.0000000000
972  -5.261  -81.965  -8.137 0.0000000000
979  -1.741  -82.765  -8.315 0.0000000000
980  -2.116  -83.245  -8.157 0.0000000000
981  -5.062  -83.103  -8.564 0.0000000000
982  -5.397  -82.359  -8.731 0.0000000000
992  -1.703  -82.894  -9.352 0.0000000000
993  -2.153  -83.519  -8.736 0.0000000000
994  -5.338  -83.148  -9.414 0.0000000000
995  -5.658  -82.348  -9.629 0.0000000000
1004  -1.550  -82.715  -10.898 0.0000000000
1005  -5.678  -82.657  -10.377 0.0000000000
1006  -5.977  -81.939  -10.316 0.0000000000
1016  -1.542  -82.689  -11.711 0.0000000000
1017  -5.683  -82.835  -11.004 0.0000000000
1018  -6.155  -82.172  -11.451 0.0000000000
1026  -1.458  -82.653  -12.570 0.0000000000
1027  -6.314  -82.335  -12.685 0.0000000000
1037  -1.125  -82.292  -13.657 0.0000000000
1038  -6.472  -82.276  -13.463 0.0000000000
1048  -1.278  -82.615  -14.539 0.0000000000
1054  -1.436  -82.850  -15.471 0.0000000000
1062  -1.162  -82.413  -16.289 0.0000000000
1071  -1.072  -82.004  -17.015 0.0000000000
1251  -5.859  -79.865  -2.721 0.0000000000
1260  -5.724  -80.099  -3.317 0.0000000000
1261  -5.995  -80.259  -3.078 0.0000000000
1267  -5.492  -80.023  -3.852 0.0000000000
1268  -5.745  -80.331  -3.850 0.0000000000
1269  -6.102  -80.520  -3.705 0.0000000000
1270  -6.521  -80.337  -3.518 0.0000000000
1274  -5.259  -80.149  -4.671 0.0000000000
1275  -5.665  -80.505  -4.733 0.0000000000
1276  -6.221  -80.622  -4.508 0.0000000000
1277  -6.682  -80.392  -4.041 0.0000000000
1282  -2.168  -81.071  -6.310 0.0000000000
1283  -2.672  -80.909  -6.461 0.0000000000
1284  -3.479  -80.685  -6.623 0.0000000000
1285  -4.645  -80.542  -6.087 0.0000000000
1286  -5.630  -80.652  -5.687 0.0000000000
1287  -6.159  -80.657  -5.371 0.0000000000
1294  -2.155  -81.754  -6.648 0.0000000000
1295  -3.129  -81.647  -6.787 0.0000000000
1296  -3.942  -81.511  -6.971 0.0000000000
1297  -4.507  -81.519  -7.040 0.0000000000
1298  -5.032  -81.317  -7.017 0.0000000000
1299  -5.865  -80.714  -6.390 0.0000000000
1307  -1.753  -82.139  -7.348 0.0000000000
1308  -5.054  -81.748  -7.481 0.0000000000
1309  -5.453  -81.391  -7.622 0.0000000000
1319  -1.483  -82.123  -8.216 0.0000000000
1320  -5.619  -81.640  -8.453 0.0000000000
1330  -1.178  -81.614  -9.308 0.0000000000
1331  -5.944  -81.533  -9.433 0.0000000000
1338  -1.227  -81.874  -10.541 0.0000000000
1339  -6.565  -80.983  -10.723 0.0000000000
1340  -7.189  -80.345  -11.138 0.0000000000
1348  -1.242  -82.104  -11.724 0.0000000000
1349  -6.799  -81.308  -11.821 0.0000000000
1350  -7.293  -80.560  -11.829 0.0000000000
1360  -0.546  -81.031  -12.896 0.0000000000
1361  -0.822  -81.632  -12.828 0.0000000000
1362  -6.666  -81.694  -12.420 0.0000000000
1363  -7.381  -81.088  -12.690 0.0000000000
1372  -0.463  -80.994  -13.551 0.0000000000
1373  -0.739  -81.651  -13.832 0.0000000000
1374  -6.926  -81.696  -13.402 0.0000000000
1383  -0.517  -81.319  -14.618 0.0000000000
1384  -0.872  -81.990  -14.402 0.0000000000
1392  -0.490  -81.209  -15.587 0.0000000000
1393  -0.860  -82.013  -15.315 0.0000000000
1400  -0.496  -81.080  -15.993 0.0000000000
1401  -0.710  -81.439  -16.309 0.0000000000
1407  -0.939  -81.289  -17.285 0.0000000000
1412  -1.150  -81.008  -17.975 0.0000000000
1651  -5.710  -79.492  -2.551 0.0000000000
1659  -5.487  -79.597  -3.325 0.0000000000
1664  -2.348  -79.421  -4.651 0.0000000000
1665  -2.441  -79.188  -4.484 0.0000000000
1666  -5.107  -79.631  -4.278 0.0000000000
1673  -1.565  -79.908  -5.323 0.0000000000
1674  -2.231  -79.766  -5.103 0.0000000000
1675  -2.853  -79.176  -5.270 0.0000000000
1676  -3.866  -79.081  -5.699 0.0000000000
1677  -4.570  -79.604  -5.237 0.0000000000
1678  -6.595  -80.389  -4.842 0.0000000000
1679  -7.067  -79.880  -4.182 0.0000000000
1688  -1.409  -80.161  -5.722 0.0000000000
1689  -2.025  -80.492  -5.861 0.0000000000
1690  -2.832  -80.062  -6.010 0.0000000000
1691  -3.624  -79.856  -6.014 0.0000000000
1692  -4.137  -79.794  -5.802 0.0000000000
1693  -6.417  -80.419  -5.648 0.0000000000
1694  -6.942  -79.676  -5.502 0.0000000000
1703  -1.197  -80.276  -6.272 0.0000000000
1704  -1.545  -81.007  -6.538 0.0000000000
1705  -6.456  -80.234  -6.291 0.0000000000
1706  -6.765  -79.720  -6.734 0.0000000000
1715  -0.893  -80.371  -7.390 0.0000000000
1716  -1.462  -81.442  -7.399 0.0000000000
1717  -6.292  -80.416  -7.300 0.0000000000
1718  -6.770  -79.760  -7.543 0.0000000000
1726  -0.719  -80.240  -8.671 0.0000000000
1727  -1.068  -81.119  -8.349 0.0000000000
1728  -6.137  -80.806  -8.526 0.0000000000
1729  -6.646  -80.083  -8.131 0.0000000000
1735  -0.660  -80.255  -9.549 0.0000000000
1736  -0.867  -80.817  -9.217 0.0000000000
1737  -6.547  -80.664  -9.728 0.0000000000
1738  -6.873  -80.023  -9.074 0.0000000000
1745  -0.522  -80.007  -10.214 0.0000000000
1746  -0.821  -80.838  -10.252 0.0000000000
1747  -6.760  -80.590  -10.265 0.0000000000
1748  -7.196  -80.082  -10.352 0.0000000000
1757  -0.475  -80.212  -11.201 0.0000000000
1758  -0.791  -81.154  -11.684 0.0000000000
1759  -7.663  -79.666  -11.658 0.0000000000
1768  -0.346  -80.405  -12.561 0.0000000000
1769  -0.613  -81.058  -12.523 0.0000000000
1770  -8.136  -79.890  -12.960 0.0000000000
1771  -8.809  -79.275  -13.304 0.0000000000
1778  -0.202  -80.273  -13.574 0.0000000000
1784  -0.224  -80.482  -14.389 0.0000000000
1791  -0.301  -80.681  -15.187 0.0000000000
1797  -0.427  -80.524  -16.088 0.0000000000
1798  -0.660  -80.773  -16.881 0.0000000000
1804  -0.603  -79.994  -17.072 0.0000000000
1805  -0.873  -80.519  -17.568 0.0000000000
2051  -5.476  -79.085  -2.818 0.0000000000
2052  -5.664  -79.187  -2.140 0.0000000000
2062  -1.160  -79.072  -2.987 0.0000000000
2063  -1.574  -79.212  -2.980 0.0000000000
2064  -2.243  -79.032  -3.193 0.0000000000
2065  -5.342  -79.142  -3.360 0.0000000000
2077  -1.164  -79.086  -3.441 0.0000000000
2078  -1.979  -79.467  -3.916 0.0000000000
2079  -2.633  -78.812  -4.129 0.0000000000
2080  -5.055  -78.994  -3.965 0.0000000000
2093  -1.107  -79.330  -4.494 0.0000000000
2094  -1.924  -79.642  -4.508 0.0000000000
2095  -3.419  -78.481  -4.948 0.0000000000
2096  -4.256  -78.755  -5.123 0.0000000000
2097  -4.719  -79.130  -4.673 0.0000000000
2108  -0.878  -79.557  -5.689 0.0000000000
2109  -7.524  -78.754  -5.584 0.0000000000
2116  -0.777  -79.658  -6.642 0.0000000000
2117  -7.207  -78.973  -6.497 0.0000000000
2124  -0.606  -79.345  -7.312 0.0000000000
2125  -7.044  -79.229  -7.314 0.0000000000
2132  -0.571  -79.447  -8.186 0.0000000000
2133  -7.117  -79.302  -8.250 0.0000000000
2140  -0.497  -79.369  -9.393 0.0000000000
2141  -7.533  -79.076  -9.496 0.0000000000
2142  -8.146  -78.438  -9.977 0.0000000000
2150  -0.347  -79.345  -10.649 0.0000000000
2151  -8.018  -78.932  -10.833 0.0000000000
2152  -8.748  -78.301  -10.557 0.0000000000
2162  -0.154  -79.493  -11.775 0.0000000000
2163  -8.273  -78.973  -11.872 0.0000000000
2164  -9.115  -78.568  -11.599 0.0000000000
2172  -0.056  -79.607  -12.506 0.0000000000
2173  -8.129  -79.284  -12.355 0.0000000000
2174  -8.762  -78.971  -12.667 0.0000000000
2179  -0.009  -79.640  -13.159 0.0000000000
2186  -0.015  -79.667  -14.110 0.0000000000
2193  -0.117  -79.704  -15.200 0.0000000000
2199  -0.373  -79.175  -16.408 0.0000000000
2459  -1.368  -77.934  -1.939 0.0000000000
2460  -2.297  -78.001  -1.975 0.0000000000
2461  -2.695  -77.758  -2.403 0.0000000000
2462  -5.471  -78.637  -2.949 0.0000000000
2463  -5.695  -78.428  -2.301 0.0000000000
2469  -1.098  -78.603  -2.751 0.0000000000
2470  -1.902  -78.728  -2.398 0.0000000000
2471  -2.651  -78.296  -3.021 0.0000000000
2472  -5.295  -78.700  -3.428 0.0000000000
2473  -5.355  -78.147  -3.298 0.0000000000
2479  -0.785  -78.351  -3.592 0.0000000000
2480  -3.161  -78.226  -4.084 0.0000000000
2481  -3.679  -77.872  -4.182 0.0000000000
2482  -4.649  -77.992  -4.035 0.0000000000
2483  -5.098  -77.554  -3.641 0.0000000000
2492  -0.622  -78.216  -4.355 0.0000000000
2493  -3.532  -78.101  -4.584 0.0000000000
2494  -4.066  -78.091  -4.790 0.0000000000
2495  -4.559  -78.592  -4.569 0.0000000000
2505  -0.466  -78.343  -5.248 0.0000000000
2515  -0.407  -78.644  -6.585 0.0000000000
2516  -7.715  -78.161  -6.332 0.0000000000
2525  -0.335  -78.593  -7.765 0.0000000000
2526  -7.511  -78.462  -7.534 0.0000000000
2527  -8.342  -77.701  -7.186 0.0000000000
2534  -0.412  -78.754  -8.607 0.0000000000
2535  -7.631  -78.570  -8.614 0.0000000000
2536  -8.164  -77.856  -8.471 0.0000000000
2544  -0.285  -78.463  -9.190 0.0000000000
2545  -7.987  -78.311  -9.251 0.0000000000
2546  -8.692  -77.860  -9.568 0.0000000000
2547  -9.629  -77.760  -9.742 0.0000000000
2556  -0.193  -78.533  -10.037 0.0000000000
2557  -9.276  -77.997  -10.295 0.0000000000
2567  -0.016  -78.519  -11.190 0.0000000000
2568  -9.390  -78.351  -10.815 0.0000000000
2573  0.420  -78.198  -13.273 0.0000000000
2574  0.182  -78.783  -12.491 0.0000000000
2580  0.470  -78.133  -14.114 0.0000000000
2581  0.216  -78.897  -13.639 0.0000000000
2588  0.286  -78.075  -14.916 0.0000000000
2589  0.140  -78.825  -14.595 0.0000000000
2599  0.172  -78.056  -15.266 0.0000000000
2600  -0.034  -78.398  -15.490 0.0000000000
2878  -1.206  -76.508  -1.157 0.0000000000
2879  -1.560  -76.703  -0.994 0.0000000000
2880  -2.281  -76.804  -1.123 0.0000000000
2888  -1.056  -76.776  -1.601 0.0000000000
2889  -1.898  -77.388  -1.341 0.0000000000
2890  -2.764  -76.989  -1.991 0.0000000000
2891  -3.259  -76.596  -2.415 0.0000000000
2892  -6.258  -77.174  -1.902 0.0000000000
2893  -6.579  -76.795  -1.108 0.0000000000
2900  -0.782  -77.407  -2.769 0.0000000000
2901  -2.995  -77.494  -2.919 0.0000000000
2902  -3.297  -76.827  -2.874 0.0000000000
2903  -5.619  -77.359  -3.177 0.0000000000
2909  -0.601  -77.439  -3.878 0.0000000000
2910  -3.184  -77.818  -3.589 0.0000000000
2911  -3.697  -77.171  -3.684 0.0000000000
2912  -4.659  -77.092  -3.793 0.0000000000
2913  -5.152  -77.133  -3.650 0.0000000000
2918  -0.428  -77.606  -4.614 0.0000000000
2923  -0.218  -77.350  -5.158 0.0000000000
2931  -0.077  -77.515  -6.036 0.0000000000
2942  0.429  -76.988  -7.901 0.0000000000
2943  0.138  -77.378  -7.395 0.0000000000
2953  0.403  -77.055  -8.522 0.0000000000
2954  -0.103  -77.989  -8.483 0.0000000000
2955  -9.028  -77.529  -8.108 0.0000000000
2963  0.435  -77.066  -9.701 0.0000000000
2964  0.068  -77.809  -9.384 0.0000000000
2965  -8.766  -77.631  -8.811 0.0000000000
2966  -9.317  -77.565  -9.001 0.0000000000
2973  0.446  -77.075  -10.713 0.0000000000
2974  0.169  -77.793  -10.359 0.0000000000
2977  0.435  -77.218  -11.684 0.0000000000
2978  0.260  -77.730  -11.147 0.0000000000
2983  0.409  -77.685  -12.565 0.0000000000
2984  0.260  -78.000  -11.813 0.0000000000
2991  0.459  -77.374  -13.498 0.0000000000
3000  0.365  -77.267  -14.515 0.0000000000
3001  -0.284  -76.950  -15.010 0.0000000000
3008  0.132  -77.668  -15.266 0.0000000000
3352  -1.288  -76.008  -1.023 0.0000000000
3353  -2.088  -76.186  -0.702 0.0000000000
3354  -2.818  -76.255  -1.196 0.0000000000
3355  -3.293  -76.031  -1.572 0.0000000000
3356  -7.016  -75.668  -0.614 0.0000000000
3362  -0.938  -75.699  -1.746 0.0000000000
3363  -3.044  -76.416  -1.665 0.0000000000
3364  -3.312  -76.309  -2.056 0.0000000000
3365  -6.384  -76.343  -2.359 0.0000000000
3366  -6.726  -75.969  -1.670 0.0000000000
3372  -0.782  -76.208  -2.494 0.0000000000
3373  -3.700  -76.201  -2.780 0.0000000000
3374  -4.118  -75.849  -3.078 0.0000000000
3375  -6.014  -76.334  -3.092 0.0000000000
3376  -6.387  -75.829  -2.616 0.0000000000
3380  -0.623  -76.470  -3.446 0.0000000000
3381  -3.680  -76.582  -3.280 0.0000000000
3382  -4.263  -76.280  -3.496 0.0000000000
3383  -5.170  -76.521  -3.717 0.0000000000
3388  -0.402  -76.658  -4.509 0.0000000000
3394  -0.084  -76.571  -5.526 0.0000000000
3401  0.196  -76.693  -6.404 0.0000000000
3407  0.395  -76.480  -7.823 0.0000000000
3408  0.278  -76.324  -7.045 0.0000000000
3410  0.415  -76.236  -8.412 0.0000000000
3413  0.487  -76.263  -9.131 0.0000000000
3417  0.599  -76.253  -10.152 0.0000000000
3419  0.604  -76.287  -11.279 0.0000000000
3430  0.487  -76.444  -12.615 0.0000000000
3443  0.410  -76.478  -13.799 0.0000000000
3455  0.017  -76.341  -14.511 0.0000000000
3456  -0.723  -76.323  -14.568 0.0000000000
3800  -1.373  -74.246  -0.779 0.0000000000
3801  -1.782  -74.580  -0.546 0.0000000000
3802  -2.397  -74.860  -0.502 0.0000000000
3815  -1.131  -74.886  -1.113 0.0000000000
3816  -1.844  -75.357  -0.584 0.0000000000
3817  -2.645  -75.503  -0.699 0.0000000000
3818  -3.322  -75.466  -1.164 0.0000000000
3819  -7.152  -74.956  -1.249 0.0000000000
3831  -0.914  -74.973  -1.935 0.0000000000
3832  -3.778  -75.482  -2.116 0.0000000000
3833  -4.201  -74.991  -2.331 0.0000000000
3834  -6.892  -75.004  -1.977 0.0000000000
3843  -0.834  -75.407  -2.379 0.0000000000
3844  -4.024  -75.698  -2.782 0.0000000000
3845  -4.604  -75.332  -2.991 0.0000000000
3846  -5.856  -75.259  -3.074 0.0000000000
3847  -6.561  -75.197  -2.497 0.0000000000
3853  -0.706  -75.528  -3.072 0.0000000000
3854  -4.807  -75.846  -3.720 0.0000000000
3855  -5.354  -75.751  -3.547 0.0000000000
3861  -0.609  -75.622  -3.993 0.0000000000
3866  -0.452  -75.620  -5.034 0.0000000000
3871  -0.136  -75.685  -6.230 0.0000000000
3873  0.313  -75.911  -8.066 0.0000000000
3874  0.038  -75.466  -7.501 0.0000000000
3876  0.266  -75.446  -8.552 0.0000000000
3877  -0.020  -74.893  -8.077 0.0000000000
3880  0.508  -75.463  -9.527 0.0000000000
3883  0.734  -75.253  -10.636 0.0000000000
3893  0.679  -75.382  -11.895 0.0000000000
3909  0.536  -75.378  -12.769 0.0000000000
3925  0.387  -75.687  -13.419 0.0000000000
3926  -0.230  -75.242  -13.732 0.0000000000
3927  -1.297  -75.221  -13.705 0.0000000000
3941  0.124  -75.810  -14.041 0.0000000000
3942  -0.507  -75.743  -14.203 0.0000000000
3943  -0.974  -75.813  -14.277 0.0000000000
4268  -1.320  -73.932  -0.714 0.0000000000
4269  -1.710  -73.991  -0.488 0.0000000000
4270  -2.418  -74.174  -0.442 0.0000000000
4271  -7.260  -73.533  -0.155 0.0000000000
4279  -1.011  -73.989  -1.049 0.0000000000
4280  -3.094  -74.618  -0.684 0.0000000000
4281  -3.849  -74.552  -1.371 0.0000000000
4282  -4.247  -73.944  -1.551 0.0000000000
4283  -7.181  -73.895  -1.077 0.0000000000
4294  -0.889  -74.264  -1.776 0.0000000000
4295  -4.074  -74.855  -1.970 0.0000000000
4296  -4.487  -74.357  -2.165 0.0000000000
4297  -6.928  -74.238  -1.895 0.0000000000
4310  -0.763  -74.625  -2.629 0.0000000000
4311  -5.412  -74.319  -2.708 0.0000000000
4312  -6.211  -74.490  -2.690 0.0000000000
4313  -6.675  -74.577  -2.347 0.0000000000
4323  -0.698  -74.829  -3.503 0.0000000000
4331  -0.667  -74.639  -4.383 0.0000000000
4336  -0.588  -74.550  -5.536 0.0000000000
4337  -0.668  -73.967  -6.087 0.0000000000
4342  -0.413  -74.626  -6.622 0.0000000000
4343  -0.650  -73.741  -6.777 0.0000000000
4345  -0.328  -74.304  -7.602 0.0000000000
4346  -0.593  -73.471  -7.452 0.0000000000
4348  0.298  -74.957  -9.103 0.0000000000
4349  0.021  -74.316  -8.677 0.0000000000
4352  0.447  -74.550  -9.700 0.0000000000
4353  0.161  -73.769  -9.449 0.0000000000
4356  0.662  -74.277  -10.574 0.0000000000
4371  0.755  -74.477  -11.439 0.0000000000
4386  0.480  -74.384  -12.582 0.0000000000
4387  -0.103  -73.784  -12.947 0.0000000000
4403  0.220  -74.977  -13.236 0.0000000000
4404  -0.418  -74.391  -13.311 0.0000000000
4405  -1.270  -74.071  -13.256 0.0000000000
4802  -7.143  -72.897  0.452 0.0000000000
4809  -1.214  -73.467  -0.497 0.0000000000
4810  -2.155  -73.486  -0.183 0.0000000000
4811  -3.126  -73.486  -0.473 0.0000000000
4812  -3.611  -72.946  -0.635 0.0000000000
4813  -7.239  -72.827  -0.189 0.0000000000
4820  -0.876  -73.473  -1.035 0.0000000000
4821  -3.547  -74.037  -0.816 0.0000000000
4822  -3.970  -73.408  -1.062 0.0000000000
4823  -4.559  -73.405  -1.838 0.0000000000
4824  -7.162  -72.848  -0.872 0.0000000000
4830  -0.799  -73.492  -1.551 0.0000000000
4831  -5.100  -73.587  -2.434 0.0000000000
4832  -5.715  -73.140  -2.521 0.0000000000
4833  -6.689  -73.048  -2.055 0.0000000000
4843  -0.732  -73.631  -2.343 0.0000000000
4844  -5.583  -73.672  -2.580 0.0000000000
4845  -6.062  -73.731  -2.629 0.0000000000
4846  -6.557  -73.996  -2.393 0.0000000000
4860  -0.702  -73.713  -3.439 0.0000000000
4872  -0.762  -73.475  -4.786 0.0000000000
4873  -1.012  -72.746  -5.123 0.0000000000
4883  -0.709  -73.775  -5.581 0.0000000000
4884  -0.902  -73.097  -5.911 0.0000000000
4889  -0.873  -72.909  -7.000 0.0000000000
4891  -0.422  -73.502  -8.126 0.0000000000
4892  -0.731  -72.868  -7.821 0.0000000000
4894  -0.321  -73.075  -8.975 0.0000000000
4895  -0.559  -72.921  -8.342 0.0000000000
4898  0.419  -73.805  -10.118 0.0000000000
4899  0.160  -73.083  -9.890 0.0000000000
4902  0.581  -73.791  -10.577 0.0000000000
4903  0.388  -73.337  -10.618 0.0000000000
4920  0.670  -73.765  -11.070 0.0000000000
4921  0.258  -73.180  -11.395 0.0000000000
4933  0.544  -73.783  -11.803 0.0000000000
4934  0.021  -73.306  -12.348 0.0000000000
4935  -2.145  -73.642  -13.053 0.0000000000
4950  -0.778  -73.241  -13.087 0.0000000000
4951  -1.858  -73.282  -13.119 0.0000000000
4952  -2.313  -72.917  -12.846 0.0000000000
5307  -2.625  -72.388  12.440 0.0000000000
5308  -3.477  -72.596  12.885 0.0000000000
5325  -1.527  -72.182  10.952 0.0000000000
5384  -6.527  -71.960  1.870 0.0000000000
5395  -6.911  -71.979  0.881 0.0000000000
5403  -0.955  -72.560  -0.306 0.0000000000
5404  -1.661  -72.747  0.125 0.0000000000
5405  -2.626  -72.701  0.015 0.0000000000
5406  -3.393  -72.482  -0.331 0.0000000000
5407  -7.008  -72.072  -0.180 0.0000000000
5414  -0.711  -72.819  -1.084 0.0000000000
5415  -4.026  -72.455  -0.719 0.0000000000
5416  -4.778  -72.421  -1.398 0.0000000000
5417  -5.702  -71.811  -1.475 0.0000000000
5418  -6.567  -71.976  -1.195 0.0000000000
5425  -0.616  -72.782  -1.984 0.0000000000
5426  -5.113  -72.925  -2.159 0.0000000000
5427  -5.706  -72.483  -2.050 0.0000000000
5428  -6.231  -72.226  -1.816 0.0000000000
5434  -0.662  -72.931  -2.728 0.0000000000
5447  -0.720  -72.653  -3.278 0.0000000000
5448  -0.854  -72.352  -3.684 0.0000000000
5463  -0.766  -72.908  -3.918 0.0000000000
5464  -1.032  -72.368  -4.405 0.0000000000
5478  -1.316  -71.999  -5.392 0.0000000000
5482  -1.281  -72.114  -6.533 0.0000000000
5484  -1.126  -72.117  -7.551 0.0000000000
5486  -0.508  -72.360  -9.105 0.0000000000
5487  -0.754  -72.201  -8.536 0.0000000000
5490  -0.357  -72.279  -9.738 0.0000000000
5491  -0.601  -71.863  -9.253 0.0000000000
5494  -0.101  -72.540  -10.729 0.0000000000
5513  -0.267  -72.541  -11.738 0.0000000000
5526  -0.541  -72.656  -12.454 0.0000000000
5541  -0.925  -72.364  -12.804 0.0000000000
5542  -1.488  -72.461  -12.997 0.0000000000
5543  -2.147  -72.318  -12.805 0.0000000000
5837  -2.458  -70.618  13.393 0.0000000000
5838  -2.962  -70.845  13.462 0.0000000000
5839  -3.712  -70.924  13.331 0.0000000000
5844  -1.502  -70.658  12.413 0.0000000000
5845  -2.056  -71.225  12.957 0.0000000000
5846  -3.150  -71.661  13.152 0.0000000000
5847  -4.292  -71.545  12.990 0.0000000000
5848  -5.635  -71.852  12.467 0.0000000000
5855  -1.465  -71.403  11.643 0.0000000000
5856  -1.982  -71.915  12.188 0.0000000000
5857  -6.159  -71.255  11.590 0.0000000000
5858  -6.731  -71.800  11.827 0.0000000000
5860  -8.560  -71.831  11.264 0.0000000000
5861  -9.459  -71.531  11.443 0.0000000000
5862  -10.131  -71.119  11.754 0.0000000000
5869  -1.249  -71.635  10.425 0.0000000000
5870  -6.151  -70.884  11.190 0.0000000000
5871  -6.544  -71.041  11.022 0.0000000000
5872  -7.286  -71.235  10.846 0.0000000000
5873  -8.140  -71.313  10.761 0.0000000000
5874  -8.857  -71.186  10.871 0.0000000000
5914  -5.607  -71.193  3.216 0.0000000000
5917  -6.169  -71.043  2.394 0.0000000000
5918  -6.435  -71.186  1.840 0.0000000000
5927  -1.304  -71.029  1.009 0.0000000000
5928  -1.874  -71.360  1.082 0.0000000000
5929  -2.862  -71.264  0.814 0.0000000000
5930  -3.548  -71.108  0.315 0.0000000000
5931  -6.362  -70.679  1.769 0.0000000000
5932  -6.598  -71.053  1.253 0.0000000000
5942  -1.069  -71.602  0.368 0.0000000000
5943  -2.195  -72.033  0.558 0.0000000000
5944  -3.090  -71.848  0.165 0.0000000000
5945  -3.976  -71.567  -0.330 0.0000000000
5946  -4.453  -70.926  -0.375 0.0000000000
5947  -6.353  -70.641  -0.397 0.0000000000
5948  -6.693  -70.962  0.310 0.0000000000
5957  -0.592  -71.858  -0.657 0.0000000000
5958  -4.441  -71.923  -0.784 0.0000000000
5959  -4.924  -71.264  -0.849 0.0000000000
5960  -5.949  -71.058  -0.925 0.0000000000
5961  -6.597  -71.285  -0.527 0.0000000000
5971  -0.551  -71.917  -1.580 0.0000000000
5982  -0.703  -71.902  -2.649 0.0000000000
5983  -0.910  -71.217  -3.028 0.0000000000
5995  -0.800  -72.143  -3.288 0.0000000000
5996  -0.974  -71.696  -3.557 0.0000000000
6007  -1.257  -71.302  -4.435 0.0000000000
6022  -1.459  -70.968  -5.249 0.0000000000
6031  -1.496  -71.135  -6.133 0.0000000000
6033  -1.379  -71.176  -7.154 0.0000000000
6035  -1.095  -71.167  -8.154 0.0000000000
6038  -0.604  -71.378  -9.819 0.0000000000
6039  -0.772  -71.090  -9.137 0.0000000000
6045  -0.550  -71.663  -10.500 0.0000000000
6063  -0.589  -71.842  -11.273 0.0000000000
6081  -0.881  -71.884  -12.167 0.0000000000
6082  -1.352  -71.671  -12.450 0.0000000000
6083  -2.582  -71.607  -12.465 0.0000000000
6097  -1.273  -71.935  -12.685 0.0000000000
6098  -1.719  -71.799  -12.659 0.0000000000
6099  -2.161  -71.724  -12.607 0.0000000000
6418  -1.710  -69.785  13.168 0.0000000000
6419  -2.059  -70.130  13.258 0.0000000000
6420  -2.867  -70.133  13.495 0.0000000000
6421  -3.607  -70.186  13.425 0.0000000000
6425  -1.384  -69.841  12.731 0.0000000000
6426  -1.697  -70.497  12.899 0.0000000000
6427  -4.406  -70.213  13.002 0.0000000000
6428  -5.127  -70.577  12.293 0.0000000000
6429  -10.684  -69.815  12.218 0.0000000000
6433  -1.139  -70.208  11.681 0.0000000000
6434  -5.815  -70.691  11.542 0.0000000000
6435  -9.942  -70.800  11.214 0.0000000000
6436  -10.329  -70.338  11.505 0.0000000000
6443  -1.077  -70.587  10.620 0.0000000000
6444  -6.269  -70.440  10.915 0.0000000000
6445  -6.948  -70.317  10.298 0.0000000000
6446  -7.832  -70.657  10.273 0.0000000000
6447  -8.595  -70.671  10.444 0.0000000000
6448  -9.424  -70.473  10.632 0.0000000000
6449  -10.030  -70.380  10.921 0.0000000000
6461  -1.098  -70.929  9.614 0.0000000000
6462  -7.285  -69.745  9.969 0.0000000000
6463  -7.694  -69.957  9.884 0.0000000000
6464  -8.402  -70.129  10.006 0.0000000000
6465  -8.896  -70.252  10.228 0.0000000000
6474  -1.256  -71.072  8.706 0.0000000000
6475  -1.493  -70.807  8.229 0.0000000000
6486  -2.489  -70.494  7.330 0.0000000000
6504  -3.643  -70.492  5.968 0.0000000000
6505  -4.227  -70.383  5.249 0.0000000000
6513  -4.746  -70.297  4.475 0.0000000000
6520  -5.204  -70.205  3.648 0.0000000000
6521  -5.694  -70.076  2.875 0.0000000000
6528  -1.000  -70.040  2.113 0.0000000000
6529  -2.054  -70.259  2.285 0.0000000000
6530  -3.164  -70.081  2.028 0.0000000000
6531  -3.768  -69.893  1.815 0.0000000000
6532  -6.037  -70.089  2.093 0.0000000000
6541  -0.794  -70.486  1.079 0.0000000000
6542  -1.511  -70.781  1.618 0.0000000000
6543  -2.561  -70.751  1.544 0.0000000000
6544  -3.855  -70.279  1.027 0.0000000000
6545  -5.205  -69.769  0.817 0.0000000000
6546  -6.239  -70.135  1.152 0.0000000000
6547  -6.574  -70.596  0.832 0.0000000000
6558  -0.544  -70.641  0.259 0.0000000000
6559  -4.122  -70.790  0.060 0.0000000000
6560  -4.941  -70.375  -0.138 0.0000000000
6561  -6.076  -70.123  0.160 0.0000000000
6562  -6.467  -70.392  0.593 0.0000000000
6577  -0.514  -71.081  -0.294 0.0000000000
6578  -5.387  -70.676  -0.707 0.0000000000
6579  -5.771  -70.421  -0.510 0.0000000000
6597  -0.473  -70.962  -1.112 0.0000000000
6598  -0.543  -70.516  -1.716 0.0000000000
6608  -0.568  -71.186  -1.918 0.0000000000
6609  -0.793  -70.699  -2.464 0.0000000000
6618  -1.204  -70.618  -3.434 0.0000000000
6624  -1.601  -70.165  -4.547 0.0000000000
6632  -1.709  -70.223  -5.702 0.0000000000
6644  -1.663  -70.224  -6.734 0.0000000000
6647  -1.370  -70.165  -7.769 0.0000000000
6649  -1.011  -70.166  -8.784 0.0000000000
6651  -0.679  -70.715  -9.846 0.0000000000
6652  -0.772  -70.183  -9.663 0.0000000000
6659  -0.728  -70.721  -10.502 0.0000000000
6660  -0.702  -70.303  -10.146 0.0000000000
6676  -0.736  -71.209  -11.009 0.0000000000
6692  -0.974  -71.243  -11.584 0.0000000000
6693  -1.489  -71.251  -12.208 0.0000000000
6694  -2.164  -70.956  -12.488 0.0000000000
6695  -2.816  -70.635  -12.326 0.0000000000
6706  -1.958  -71.415  -12.581 0.0000000000
6707  -2.264  -71.434  -12.531 0.0000000000
7129  -1.771  -69.273  13.386 0.0000000000
7130  -2.615  -69.459  13.697 0.0000000000
7131  -3.425  -69.465  13.647 0.0000000000
7132  -4.130  -69.406  13.342 0.0000000000
7133  -10.628  -68.942  12.817 0.0000000000
7140  -1.168  -68.724  12.685 0.0000000000
7141  -4.650  -69.247  12.912 0.0000000000
7142  -5.097  -69.470  12.416 0.0000000000
7143  -10.846  -68.962  11.957 0.0000000000
7150  -0.981  -69.146  11.760 0.0000000000
7151  -5.798  -69.574  11.612 0.0000000000
7152  -6.262  -69.033  11.213 0.0000000000
7153  -10.607  -69.352  11.314 0.0000000000
7160  -1.058  -69.476  10.733 0.0000000000
7161  -6.001  -70.067  11.126 0.0000000000
7162  -6.437  -69.532  10.784 0.0000000000
7163  -9.602  -69.885  10.284 0.0000000000
7164  -10.078  -69.742  10.565 0.0000000000
7175  -1.250  -69.791  9.527 0.0000000000
7176  -1.596  -69.438  8.815 0.0000000000
7177  -7.015  -69.395  10.167 0.0000000000
7178  -7.539  -69.279  9.757 0.0000000000
7179  -8.256  -69.439  9.579 0.0000000000
7180  -9.133  -69.709  9.928 0.0000000000
7181  -9.671  -69.575  10.113 0.0000000000
7193  -1.229  -70.473  9.063 0.0000000000
7194  -1.570  -70.163  8.486 0.0000000000
7209  -2.176  -69.914  7.748 0.0000000000
7210  -2.821  -69.776  7.242 0.0000000000
7218  -3.433  -69.624  6.607 0.0000000000
7226  -4.003  -69.457  5.845 0.0000000000
7227  -4.498  -69.331  5.046 0.0000000000
7233  -4.780  -69.279  4.157 0.0000000000
7241  -2.268  -68.993  3.369 0.0000000000
7242  -3.290  -68.974  3.071 0.0000000000
7243  -3.804  -68.880  2.827 0.0000000000
7244  -5.071  -69.246  3.131 0.0000000000
7245  -5.520  -69.548  2.838 0.0000000000
7253  -0.602  -69.075  2.564 0.0000000000
7254  -1.562  -69.556  2.891 0.0000000000
7255  -2.704  -69.578  2.734 0.0000000000
7256  -3.876  -69.323  2.341 0.0000000000
7257  -4.884  -69.182  2.281 0.0000000000
7258  -5.514  -69.546  2.480 0.0000000000
7265  -0.314  -69.416  1.544 0.0000000000
7266  -4.045  -69.775  1.718 0.0000000000
7267  -4.555  -69.554  1.600 0.0000000000
7268  -5.476  -69.577  1.705 0.0000000000
7274  -0.269  -69.749  0.480 0.0000000000
7286  -0.383  -70.225  -0.386 0.0000000000
7307  -0.481  -69.969  -1.155 0.0000000000
7308  -0.698  -69.846  -1.840 0.0000000000
7323  -1.141  -69.726  -2.578 0.0000000000
7331  -1.588  -69.520  -3.474 0.0000000000
7336  -2.005  -69.198  -4.242 0.0000000000
7337  -2.473  -68.881  -4.596 0.0000000000
7340  -2.184  -69.370  -5.223 0.0000000000
7341  -2.789  -68.667  -5.148 0.0000000000
7352  -2.116  -69.504  -6.277 0.0000000000
7353  -2.654  -68.920  -5.986 0.0000000000
7363  -1.880  -69.048  -7.319 0.0000000000
7364  -2.341  -68.968  -6.593 0.0000000000
7367  -1.297  -69.164  -8.500 0.0000000000
7372  -0.942  -69.256  -9.568 0.0000000000
7383  -0.864  -70.263  -10.958 0.0000000000
7384  -0.860  -69.723  -10.578 0.0000000000
7400  -0.922  -70.683  -11.216 0.0000000000
7401  -1.090  -70.044  -11.560 0.0000000000
7402  -1.915  -69.612  -12.074 0.0000000000
7403  -3.070  -69.721  -12.151 0.0000000000
7421  -1.254  -70.733  -11.708 0.0000000000
7422  -1.701  -70.452  -12.089 0.0000000000
7423  -2.424  -70.234  -12.246 0.0000000000
7424  -2.779  -70.172  -12.253 0.0000000000
7874  -1.833  -67.505  14.292 0.0000000000
7875  -2.217  -67.893  14.498 0.0000000000
7876  -2.907  -68.247  14.525 0.0000000000
7879  -10.084  -68.390  13.383 0.0000000000
7886  -1.479  -67.944  13.637 0.0000000000
7887  -2.303  -68.716  14.125 0.0000000000
7888  -3.192  -68.821  14.092 0.0000000000
7889  -4.008  -68.677  13.791 0.0000000000
7890  -9.896  -67.766  13.407 0.0000000000
7891  -10.332  -67.977  12.872 0.0000000000
7898  -1.101  -67.827  12.555 0.0000000000
7899  -4.610  -68.587  13.257 0.0000000000
7900  -5.107  -68.582  12.728 0.0000000000
7901  -10.765  -68.190  12.163 0.0000000000
7908  -1.055  -68.116  11.720 0.0000000000
7909  -5.634  -68.630  12.160 0.0000000000
7910  -6.164  -68.569  11.620 0.0000000000
7911  -10.767  -68.414  11.315 0.0000000000
7917  -1.173  -68.468  10.844 0.0000000000
7918  -6.753  -68.494  10.984 0.0000000000
7919  -7.209  -68.060  10.699 0.0000000000
7920  -10.438  -68.676  10.505 0.0000000000
7926  -1.406  -68.686  9.987 0.0000000000
7927  -1.736  -68.777  9.084 0.0000000000
7928  -6.853  -68.979  10.490 0.0000000000
7929  -7.333  -68.531  10.220 0.0000000000
7930  -7.983  -68.580  9.539 0.0000000000
7931  -8.836  -68.723  9.456 0.0000000000
7932  -9.755  -68.905  9.829 0.0000000000
7941  -2.012  -69.130  8.257 0.0000000000
7942  -2.596  -68.596  7.873 0.0000000000
7955  -2.525  -69.213  7.658 0.0000000000
7956  -3.115  -68.776  7.254 0.0000000000
7970  -3.752  -68.609  6.471 0.0000000000
7977  -4.126  -68.416  5.600 0.0000000000
7978  -4.350  -68.407  4.719 0.0000000000
7987  -3.158  -67.981  4.219 0.0000000000
7988  -3.688  -68.237  3.978 0.0000000000
7989  -4.311  -68.528  3.884 0.0000000000
7998  -1.051  -67.816  3.417 0.0000000000
7999  -1.913  -68.267  3.750 0.0000000000
8000  -2.989  -68.443  3.723 0.0000000000
8001  -3.916  -68.578  3.227 0.0000000000
8002  -4.483  -68.728  3.229 0.0000000000
8009  -0.488  -68.059  2.814 0.0000000000
8010  -1.219  -68.684  3.278 0.0000000000
8011  -4.038  -68.829  2.740 0.0000000000
8012  -4.432  -68.872  2.772 0.0000000000
8017  -0.110  -68.287  1.881 0.0000000000
8022  -0.115  -68.621  0.767 0.0000000000
8032  -0.478  -68.956  -0.512 0.0000000000
8033  -1.056  -68.317  -1.036 0.0000000000
8050  -0.648  -69.413  -1.293 0.0000000000
8051  -1.030  -68.962  -1.651 0.0000000000
8068  -1.552  -68.781  -2.597 0.0000000000
8079  -1.949  -68.611  -3.462 0.0000000000
8080  -2.391  -68.209  -3.741 0.0000000000
8083  -2.318  -68.641  -4.084 0.0000000000
8084  -2.752  -68.239  -4.354 0.0000000000
8087  -3.088  -68.024  -4.993 0.0000000000
8091  -2.974  -68.134  -5.752 0.0000000000
8100  -1.963  -67.809  -7.539 0.0000000000
8101  -2.476  -68.225  -6.661 0.0000000000
8112  -1.546  -68.133  -8.300 0.0000000000
8124  -1.270  -68.242  -9.316 0.0000000000
8137  -1.387  -68.340  -10.661 0.0000000000
8138  -1.941  -67.908  -11.297 0.0000000000
8153  -1.289  -69.116  -11.476 0.0000000000
8154  -2.200  -68.478  -11.791 0.0000000000
8547  -1.592  -66.965  14.128 0.0000000000
8548  -2.194  -67.119  14.574 0.0000000000
8549  -3.039  -67.374  14.763 0.0000000000
8550  -3.933  -67.184  14.509 0.0000000000
8558  -1.300  -66.962  13.502 0.0000000000
8559  -3.686  -68.023  14.353 0.0000000000
8560  -4.689  -67.557  13.726 0.0000000000
8561  -5.322  -66.978  13.334 0.0000000000
8562  -9.644  -67.182  13.670 0.0000000000
8563  -9.973  -67.226  13.013 0.0000000000
8568  -1.216  -67.095  12.785 0.0000000000
8569  -5.043  -68.072  13.105 0.0000000000
8570  -5.636  -67.527  12.645 0.0000000000
8571  -6.236  -67.006  12.156 0.0000000000
8572  -10.545  -67.384  12.398 0.0000000000
8579  -1.317  -67.201  11.821 0.0000000000
8580  -5.987  -68.078  12.034 0.0000000000
8581  -6.435  -67.579  11.702 0.0000000000
8582  -10.800  -67.553  11.549 0.0000000000
8589  -1.538  -67.414  10.684 0.0000000000
8590  -1.983  -67.022  10.016 0.0000000000
8591  -7.096  -67.568  11.055 0.0000000000
8592  -7.501  -67.593  10.462 0.0000000000
8593  -10.624  -67.669  10.633 0.0000000000
8599  -1.547  -68.062  10.275 0.0000000000
8600  -2.029  -67.679  9.574 0.0000000000
8601  -7.902  -67.878  9.970 0.0000000000
8602  -8.460  -67.748  9.528 0.0000000000
8603  -9.319  -67.792  9.436 0.0000000000
8604  -10.124  -67.776  9.877 0.0000000000
8611  -2.431  -68.139  8.517 0.0000000000
8612  -3.002  -67.867  7.767 0.0000000000
8619  -3.501  -67.852  7.035 0.0000000000
8633  -3.785  -67.665  6.223 0.0000000000
8646  -3.218  -67.071  4.936 0.0000000000
8647  -3.759  -67.355  5.155 0.0000000000
8648  -4.019  -68.007  4.476 0.0000000000
8660  -2.032  -67.151  4.406 0.0000000000
8661  -2.814  -67.368  4.582 0.0000000000
8662  -3.605  -67.846  4.462 0.0000000000
8663  -3.925  -68.130  4.216 0.0000000000
8671  -0.909  -67.100  3.393 0.0000000000
8672  -1.682  -67.443  3.991 0.0000000000
8673  -2.512  -67.928  4.109 0.0000000000
8681  -0.511  -67.214  2.935 0.0000000000
8688  -0.220  -67.264  2.168 0.0000000000
8697  -0.330  -67.354  0.937 0.0000000000
8698  -0.896  -66.866  0.354 0.0000000000
8706  -0.358  -68.079  0.198 0.0000000000
8707  -0.976  -67.577  -0.342 0.0000000000
8715  -1.676  -67.793  -1.705 0.0000000000
8716  -2.104  -67.302  -1.967 0.0000000000
8732  -1.893  -68.095  -2.718 0.0000000000
8733  -2.283  -67.443  -2.515 0.0000000000
8748  -2.215  -67.963  -3.219 0.0000000000
8749  -2.782  -67.588  -3.519 0.0000000000
8752  -3.223  -67.472  -4.396 0.0000000000
8756  -3.222  -67.335  -5.294 0.0000000000
8760  -2.896  -67.309  -6.229 0.0000000000
8770  -1.947  -67.035  -7.663 0.0000000000
8771  -2.354  -67.190  -7.062 0.0000000000
8787  -1.721  -67.201  -8.214 0.0000000000
8803  -1.581  -67.405  -8.968 0.0000000000
8817  -1.732  -67.441  -9.880 0.0000000000
8818  -2.362  -67.431  -10.838 0.0000000000
8831  -2.319  -67.845  -11.419 0.0000000000
8832  -2.799  -67.858  -11.453 0.0000000000
9183  -1.685  -66.271  14.037 0.0000000000
9184  -2.050  -66.408  14.385 0.0000000000
9185  -2.720  -66.465  14.637 0.0000000000
9186  -3.555  -66.427  14.664 0.0000000000
9188  -9.312  -66.206  14.099 0.0000000000
9189  -9.627  -66.258  13.884 0.0000000000
9194  -1.481  -66.445  13.688 0.0000000000
9195  -4.412  -66.428  14.328 0.0000000000
9196  -5.157  -66.411  13.776 0.0000000000
9197  -9.550  -66.616  13.882 0.0000000000
9198  -9.894  -66.464  13.515 0.0000000000
9203  -1.444  -66.321  13.046 0.0000000000
9204  -5.720  -66.416  13.150 0.0000000000
9205  -6.172  -66.431  12.475 0.0000000000
9206  -10.456  -66.510  12.769 0.0000000000
9207  -10.942  -66.149  12.291 0.0000000000
9214  -1.498  -66.321  12.122 0.0000000000
9215  -6.585  -66.465  11.758 0.0000000000
9216  -7.028  -66.297  11.262 0.0000000000
9217  -10.840  -66.790  11.928 0.0000000000
9218  -11.180  -66.098  11.535 0.0000000000
9225  -1.630  -66.418  11.136 0.0000000000
9226  -1.919  -66.458  10.269 0.0000000000
9227  -6.916  -66.915  11.333 0.0000000000
9228  -7.354  -66.674  10.823 0.0000000000
9229  -10.890  -66.826  10.978 0.0000000000
9230  -11.303  -66.083  10.519 0.0000000000
9236  -2.294  -66.556  9.510 0.0000000000
9237  -7.949  -66.825  9.981 0.0000000000
9238  -8.801  -66.637  9.248 0.0000000000
9239  -9.761  -66.808  9.356 0.0000000000
9240  -10.676  -66.660  9.824 0.0000000000
9241  -11.275  -65.872  9.643 0.0000000000
9247  -2.813  -66.740  8.347 0.0000000000
9248  -3.246  -67.189  7.416 0.0000000000
9249  -9.413  -65.946  8.833 0.0000000000
9250  -10.200  -66.025  8.982 0.0000000000
9251  -10.890  -65.818  9.103 0.0000000000
9252  -11.288  -65.606  9.149 0.0000000000
9259  -3.055  -66.470  6.982 0.0000000000
9260  -3.558  -67.154  6.810 0.0000000000
9268  -2.885  -66.430  6.003 0.0000000000
9269  -3.506  -66.898  6.150 0.0000000000
9279  -1.781  -66.444  4.976 0.0000000000
9280  -2.819  -66.764  5.184 0.0000000000
9281  -3.327  -66.785  5.621 0.0000000000
9292  -0.867  -66.378  4.004 0.0000000000
9293  -1.512  -66.787  4.316 0.0000000000
9294  -2.185  -66.919  4.705 0.0000000000
9304  -0.735  -66.495  3.401 0.0000000000
9305  -1.094  -66.874  3.781 0.0000000000
9313  -0.585  -66.646  3.004 0.0000000000
9319  -0.548  -66.453  2.382 0.0000000000
9320  -0.788  -66.002  1.746 0.0000000000
9329  -0.484  -66.590  1.652 0.0000000000
9330  -0.930  -66.202  0.892 0.0000000000
9338  -1.498  -66.485  -0.094 0.0000000000
9339  -2.088  -66.393  -0.724 0.0000000000
9348  -1.734  -66.986  -0.895 0.0000000000
9349  -2.406  -66.729  -1.643 0.0000000000
9350  -3.084  -66.203  -1.985 0.0000000000
9360  -3.038  -66.748  -2.722 0.0000000000
9361  -3.344  -65.882  -2.532 0.0000000000
9376  -3.329  -66.849  -3.715 0.0000000000
9377  -3.426  -66.202  -3.296 0.0000000000
9380  -3.371  -66.430  -4.550 0.0000000000
9381  -3.437  -66.354  -3.856 0.0000000000
9384  -3.116  -66.416  -5.691 0.0000000000
9390  -2.666  -66.364  -6.636 0.0000000000
9404  -1.842  -66.698  -8.007 0.0000000000
9405  -2.218  -66.338  -7.565 0.0000000000
9420  -1.768  -66.720  -8.316 0.0000000000
9421  -2.033  -66.341  -8.323 0.0000000000
9437  -1.833  -66.761  -8.710 0.0000000000
9438  -2.314  -66.166  -9.077 0.0000000000
9454  -1.966  -66.895  -9.310 0.0000000000
9455  -2.431  -66.740  -9.885 0.0000000000
9830  -1.958  -65.870  14.121 0.0000000000
9831  -2.473  -65.809  14.310 0.0000000000
9832  -3.175  -65.695  14.516 0.0000000000
9833  -3.985  -65.483  14.463 0.0000000000
9836  -9.724  -65.724  13.977 0.0000000000
9843  -1.750  -65.756  13.536 0.0000000000
9844  -4.820  -65.502  14.120 0.0000000000
9845  -5.513  -65.517  13.520 0.0000000000
9846  -10.330  -65.647  13.410 0.0000000000
9847  -10.792  -65.138  13.093 0.0000000000
9851  -1.721  -65.406  12.537 0.0000000000
9852  -6.038  -65.546  12.835 0.0000000000
9853  -6.383  -65.569  12.090 0.0000000000
9854  -10.754  -65.774  12.783 0.0000000000
9855  -11.200  -65.370  12.292 0.0000000000
9861  -1.747  -65.512  11.488 0.0000000000
9862  -6.925  -65.491  11.322 0.0000000000
9863  -7.250  -65.995  11.015 0.0000000000
9864  -11.627  -65.152  11.180 0.0000000000
9865  -11.957  -64.584  10.952 0.0000000000
9872  -1.879  -65.643  10.568 0.0000000000
9873  -2.141  -65.742  9.775 0.0000000000
9874  -7.223  -64.997  10.945 0.0000000000
9875  -7.492  -65.583  10.520 0.0000000000
9876  -11.766  -65.481  10.094 0.0000000000
9877  -12.050  -64.850  10.405 0.0000000000
9884  -2.413  -65.765  8.954 0.0000000000
9885  -8.127  -65.668  9.560 0.0000000000
9886  -8.689  -65.481  8.884 0.0000000000
9887  -11.638  -65.415  9.309 0.0000000000
9888  -12.128  -65.050  9.573 0.0000000000
9895  -2.507  -65.651  8.236 0.0000000000
9896  -9.123  -65.220  8.341 0.0000000000
9897  -9.840  -65.426  8.393 0.0000000000
9898  -10.559  -65.449  8.478 0.0000000000
9899  -11.320  -65.274  8.606 0.0000000000
9900  -11.929  -65.085  8.904 0.0000000000
9907  -1.801  -65.488  7.033 0.0000000000
9908  -2.365  -65.713  7.493 0.0000000000
9909  -8.985  -64.759  8.036 0.0000000000
9910  -9.483  -64.879  7.891 0.0000000000
9911  -10.202  -65.026  7.855 0.0000000000
9912  -10.851  -65.089  7.977 0.0000000000
9918  -1.411  -65.301  6.597 0.0000000000
9919  -2.080  -65.906  6.462 0.0000000000
9927  -0.764  -65.504  4.837 0.0000000000
9928  -1.172  -65.568  5.402 0.0000000000
9929  -2.095  -66.284  5.643 0.0000000000
9938  -0.768  -65.707  4.403 0.0000000000
9939  -1.170  -66.203  4.593 0.0000000000
9947  -0.718  -65.745  3.507 0.0000000000
9948  -1.080  -65.329  3.021 0.0000000000
9957  -0.733  -65.926  2.823 0.0000000000
9958  -1.420  -65.246  2.468 0.0000000000
9959  -1.997  -64.923  2.034 0.0000000000
9967  -0.936  -65.760  2.190 0.0000000000
9968  -1.493  -65.464  1.581 0.0000000000
9969  -2.607  -64.980  1.411 0.0000000000
9978  -2.054  -65.660  0.441 0.0000000000
9979  -3.240  -65.126  0.406 0.0000000000
9980  -3.731  -64.758  0.083 0.0000000000
9987  -2.071  -66.041  -0.284 0.0000000000
9988  -2.771  -65.851  -0.657 0.0000000000
9989  -3.503  -65.030  -0.527 0.0000000000
9998  -2.993  -66.104  -1.451 0.0000000000
9999  -3.338  -65.419  -1.621 0.0000000000
10008  -3.383  -65.204  -2.460 0.0000000000
10023  -3.238  -65.162  -3.763 0.0000000000
10024  -3.408  -65.384  -3.123 0.0000000000
10034  -3.242  -65.504  -4.333 0.0000000000
10035  -3.418  -65.852  -3.833 0.0000000000
10038  -3.058  -65.501  -5.100 0.0000000000
10049  -2.834  -65.474  -6.109 0.0000000000
10063  -2.630  -65.428  -7.107 0.0000000000
10076  -2.644  -65.497  -8.210 0.0000000000
10091  -2.938  -65.540  -9.037 0.0000000000
10511  -2.257  -65.318  13.841 0.0000000000
10512  -2.871  -65.136  14.109 0.0000000000
10513  -3.573  -65.032  14.268 0.0000000000
10514  -3.930  -64.997  14.317 0.0000000000
10515  -9.653  -65.204  14.342 0.0000000000
10516  -10.135  -64.837  14.099 0.0000000000
10517  -10.806  -64.057  14.407 0.0000000000
10527  -2.039  -64.789  13.129 0.0000000000
10528  -2.612  -64.633  13.552 0.0000000000
10529  -3.285  -64.441  13.837 0.0000000000
10530  -4.233  -64.556  14.044 0.0000000000
10531  -5.101  -64.794  13.722 0.0000000000
10532  -10.496  -65.019  13.551 0.0000000000
10533  -10.730  -64.522  13.585 0.0000000000
10540  -1.921  -64.651  12.503 0.0000000000
10541  -4.939  -64.136  13.445 0.0000000000
10542  -5.599  -64.540  12.956 0.0000000000
10543  -6.115  -64.898  12.402 0.0000000000
10544  -11.170  -64.532  12.882 0.0000000000
10551  -1.795  -64.631  11.856 0.0000000000
10552  -5.984  -64.311  12.281 0.0000000000
10553  -6.389  -64.643  11.750 0.0000000000
10554  -11.566  -64.624  12.126 0.0000000000
10562  -1.724  -64.683  10.772 0.0000000000
10563  -1.929  -65.087  10.029 0.0000000000
10564  -6.871  -64.526  11.120 0.0000000000
10565  -7.233  -64.561  10.555 0.0000000000
10573  -1.562  -64.446  9.764 0.0000000000
10574  -1.994  -65.033  9.271 0.0000000000
10575  -7.687  -64.643  9.839 0.0000000000
10576  -8.216  -64.857  9.161 0.0000000000
10577  -12.638  -64.615  9.956 0.0000000000
10578  -13.016  -64.057  9.512 0.0000000000
10585  -0.705  -63.933  8.387 0.0000000000
10586  -1.265  -64.383  8.666 0.0000000000
10587  -2.024  -65.147  8.432 0.0000000000
10588  -7.867  -64.118  9.028 0.0000000000
10589  -8.519  -64.481  8.413 0.0000000000
10590  -11.896  -64.851  8.339 0.0000000000
10591  -12.504  -64.603  8.824 0.0000000000
10592  -12.986  -63.948  8.606 0.0000000000
10600  -0.682  -64.047  7.694 0.0000000000
10601  -1.523  -64.996  7.548 0.0000000000
10602  -2.139  -65.342  7.929 0.0000000000
10603  -9.014  -64.279  7.716 0.0000000000
10604  -9.787  -64.380  7.170 0.0000000000
10605  -10.686  -64.760  7.339 0.0000000000
10606  -11.444  -64.771  7.725 0.0000000000
10607  -12.239  -64.417  7.723 0.0000000000
10608  -12.670  -64.240  8.178 0.0000000000
10614  -0.631  -63.883  7.087 0.0000000000
10615  -0.875  -64.429  6.540 0.0000000000
10616  -10.054  -63.958  6.699 0.0000000000
10617  -10.527  -64.245  6.759 0.0000000000
10618  -11.288  -64.437  6.967 0.0000000000
10619  -11.780  -64.429  7.272 0.0000000000
10626  -0.765  -65.118  4.676 0.0000000000
10627  -0.907  -64.415  5.279 0.0000000000
10636  -0.843  -65.072  3.851 0.0000000000
10637  -1.205  -64.419  4.322 0.0000000000
10645  -1.027  -65.174  3.340 0.0000000000
10646  -1.797  -64.638  3.280 0.0000000000
10647  -3.087  -64.184  3.085 0.0000000000
10648  -3.699  -63.948  2.873 0.0000000000
10656  -1.967  -64.818  2.517 0.0000000000
10657  -2.632  -64.617  2.366 0.0000000000
10658  -3.512  -64.266  2.413 0.0000000000
10667  -3.249  -64.567  1.833 0.0000000000
10668  -3.845  -64.215  1.678 0.0000000000
10677  -3.446  -64.700  1.222 0.0000000000
10678  -3.953  -64.362  0.674 0.0000000000
10686  -3.820  -64.285  -0.254 0.0000000000
10696  -3.522  -64.429  -1.155 0.0000000000
10704  -3.126  -64.179  -2.671 0.0000000000
10705  -3.301  -64.409  -2.239 0.0000000000
10715  -3.128  -64.479  -3.137 0.0000000000
10716  -3.337  -64.875  -2.751 0.0000000000
10731  -2.870  -64.535  -4.341 0.0000000000
10738  -2.687  -64.585  -5.511 0.0000000000
10750  -2.736  -64.551  -6.528 0.0000000000
10762  -3.098  -64.559  -7.535 0.0000000000
10775  -3.143  -64.916  -8.179 0.0000000000
11225  -2.374  -64.262  13.115 0.0000000000
11226  -2.787  -63.808  13.269 0.0000000000
11227  -3.712  -63.655  13.470 0.0000000000
11228  -4.443  -63.739  13.417 0.0000000000
11239  -1.990  -63.819  12.518 0.0000000000
11240  -2.572  -63.164  12.857 0.0000000000
11241  -4.203  -63.269  13.088 0.0000000000
11242  -4.921  -63.538  12.586 0.0000000000
11243  -5.641  -63.974  12.419 0.0000000000
11251  -1.051  -63.100  10.912 0.0000000000
11252  -1.476  -63.808  11.384 0.0000000000
11253  -4.909  -63.024  11.501 0.0000000000
11254  -5.842  -63.764  11.666 0.0000000000
11255  -6.464  -64.111  11.294 0.0000000000
11262  -0.781  -63.179  10.074 0.0000000000
11263  -1.273  -63.823  10.392 0.0000000000
11264  -5.029  -62.711  10.852 0.0000000000
11265  -5.584  -63.126  10.819 0.0000000000
11266  -6.571  -63.655  10.511 0.0000000000
11267  -7.208  -64.167  10.147 0.0000000000
11273  -0.623  -63.220  9.216 0.0000000000
11274  -0.983  -63.823  9.498 0.0000000000
11275  -6.802  -63.001  9.462 0.0000000000
11276  -7.269  -63.795  9.614 0.0000000000
11283  -0.509  -63.409  8.371 0.0000000000
11284  -0.744  -63.772  8.826 0.0000000000
11285  -6.838  -62.720  8.912 0.0000000000
11286  -7.431  -63.143  8.625 0.0000000000
11287  -8.056  -63.761  8.467 0.0000000000
11288  -13.366  -63.301  8.392 0.0000000000
11297  -0.460  -63.388  7.727 0.0000000000
11298  -7.807  -62.660  8.052 0.0000000000
11299  -8.418  -63.260  7.823 0.0000000000
11300  -9.162  -63.691  7.263 0.0000000000
11301  -12.411  -64.123  7.344 0.0000000000
11302  -12.843  -63.878  7.623 0.0000000000
11303  -13.491  -63.177  7.556 0.0000000000
11311  -0.521  -63.575  7.324 0.0000000000
11312  -0.705  -63.488  6.847 0.0000000000
11313  -9.032  -63.024  7.097 0.0000000000
11314  -9.643  -63.397  6.638 0.0000000000
11315  -10.315  -63.656  6.401 0.0000000000
11316  -11.048  -63.879  6.369 0.0000000000
11317  -12.096  -63.992  6.778 0.0000000000
11318  -13.064  -63.380  6.658 0.0000000000
11319  -13.741  -62.968  6.911 0.0000000000
11325  -1.000  -63.451  6.000 0.0000000000
11326  -10.034  -63.201  6.166 0.0000000000
11327  -10.533  -63.197  5.827 0.0000000000
11328  -11.441  -63.370  5.860 0.0000000000
11329  -12.341  -63.187  5.831 0.0000000000
11330  -13.045  -62.983  5.930 0.0000000000
11336  -1.476  -63.481  4.947 0.0000000000
11337  -2.207  -63.220  4.491 0.0000000000
11338  -10.943  -63.009  5.227 0.0000000000
11339  -11.634  -62.941  5.146 0.0000000000
11340  -12.287  -62.826  5.079 0.0000000000
11348  -1.864  -63.854  4.145 0.0000000000
11349  -2.761  -63.580  3.866 0.0000000000
11350  -3.599  -63.449  3.260 0.0000000000
11358  -3.917  -63.468  2.375 0.0000000000
11367  -4.146  -63.416  1.284 0.0000000000
11375  -3.948  -63.342  0.193 0.0000000000
11381  -3.629  -63.602  -0.748 0.0000000000
11388  -2.895  -63.277  -1.839 0.0000000000
11389  -3.300  -63.751  -1.542 0.0000000000
11395  -2.866  -63.660  -2.595 0.0000000000
11396  -3.129  -63.760  -2.071 0.0000000000
11408  -2.634  -63.627  -3.557 0.0000000000
11424  -2.444  -63.498  -4.364 0.0000000000
11434  -2.461  -63.789  -5.036 0.0000000000
11445  -2.623  -63.568  -6.000 0.0000000000
11446  -3.369  -63.246  -6.545 0.0000000000
11457  -3.013  -63.870  -6.806 0.0000000000
11458  -3.616  -63.801  -7.161 0.0000000000
11889  -3.283  -63.099  13.042 0.0000000000
11890  -3.797  -63.109  13.100 0.0000000000
11902  -2.180  -62.835  12.466 0.0000000000
11903  -2.959  -62.583  12.561 0.0000000000
11904  -3.956  -62.821  12.531 0.0000000000
11905  -4.510  -62.994  12.077 0.0000000000
11915  -1.005  -62.461  11.146 0.0000000000
11916  -1.521  -62.748  11.760 0.0000000000
11917  -2.339  -62.149  12.156 0.0000000000
11918  -3.420  -62.102  11.736 0.0000000000
11919  -4.250  -62.616  11.755 0.0000000000
11926  -0.831  -62.499  10.509 0.0000000000
11927  -3.693  -61.726  11.078 0.0000000000
11928  -4.368  -62.222  10.958 0.0000000000
11929  -5.328  -62.325  10.305 0.0000000000
11930  -5.925  -62.952  10.370 0.0000000000
11937  -0.687  -62.488  9.682 0.0000000000
11938  -5.762  -61.951  9.562 0.0000000000
11939  -6.161  -62.652  9.897 0.0000000000
11947  -0.550  -62.599  8.801 0.0000000000
11948  -5.917  -61.853  9.224 0.0000000000
11949  -6.287  -62.180  9.027 0.0000000000
11950  -6.902  -62.427  8.591 0.0000000000
11958  -0.468  -62.792  8.012 0.0000000000
11959  -0.726  -62.351  7.624 0.0000000000
11960  -6.681  -61.861  8.398 0.0000000000
11961  -7.289  -62.108  8.077 0.0000000000
11962  -7.980  -62.128  7.636 0.0000000000
11974  -0.585  -63.030  7.371 0.0000000000
11975  -0.976  -62.487  6.817 0.0000000000
11976  -8.597  -62.190  7.034 0.0000000000
11977  -9.146  -62.634  6.564 0.0000000000
11978  -13.494  -62.872  6.289 0.0000000000
11979  -14.167  -62.475  6.444 0.0000000000
11989  -1.595  -62.399  5.741 0.0000000000
11990  -2.240  -62.045  5.210 0.0000000000
11991  -8.882  -61.948  6.254 0.0000000000
11992  -9.670  -62.478  5.864 0.0000000000
11993  -10.405  -62.441  5.201 0.0000000000
11994  -12.799  -62.842  5.388 0.0000000000
11995  -13.514  -62.657  5.494 0.0000000000
11996  -14.412  -62.144  5.331 0.0000000000
12003  -2.047  -62.704  4.957 0.0000000000
12004  -2.876  -62.445  4.563 0.0000000000
12005  -3.651  -62.107  4.001 0.0000000000
12006  -10.945  -62.462  4.575 0.0000000000
12007  -11.869  -62.681  4.405 0.0000000000
12008  -12.836  -62.673  4.596 0.0000000000
12009  -13.763  -62.412  4.550 0.0000000000
12010  -14.417  -62.089  4.373 0.0000000000
12017  -3.473  -62.835  3.829 0.0000000000
12018  -3.937  -62.336  3.053 0.0000000000
12019  -11.362  -62.033  3.790 0.0000000000
12020  -12.306  -62.297  3.726 0.0000000000
12021  -13.234  -62.298  3.790 0.0000000000
12022  -14.016  -62.167  3.833 0.0000000000
12023  -14.442  -62.014  3.882 0.0000000000
12032  -4.103  -62.461  1.863 0.0000000000
12038  -4.018  -62.454  0.838 0.0000000000
12045  -3.674  -62.450  0.144 0.0000000000
12052  -2.783  -62.339  -0.734 0.0000000000
12053  -3.503  -62.770  -0.463 0.0000000000
12060  -2.551  -62.616  -1.471 0.0000000000
12061  -3.147  -63.045  -1.146 0.0000000000
12068  -1.854  -62.217  -2.414 0.0000000000
12069  -2.387  -62.807  -2.195 0.0000000000
12082  -1.698  -62.186  -2.980 0.0000000000
12083  -2.171  -62.769  -3.039 0.0000000000
12098  -2.202  -62.713  -4.027 0.0000000000
12110  -2.526  -62.646  -5.106 0.0000000000
12124  -2.908  -62.636  -6.134 0.0000000000
12622  -0.950  -62.219  11.217 0.0000000000
12623  -1.170  -62.108  11.343 0.0000000000
12624  -1.740  -61.814  11.650 0.0000000000
12625  -2.543  -61.629  11.658 0.0000000000
12633  -0.854  -62.047  10.972 0.0000000000
12634  -1.292  -61.498  10.964 0.0000000000
12635  -2.092  -61.215  11.184 0.0000000000
12636  -3.054  -61.281  11.070 0.0000000000
12637  -3.910  -61.275  10.578 0.0000000000
12638  -4.645  -61.611  10.342 0.0000000000
12645  -0.900  -61.779  10.212 0.0000000000
12646  -1.296  -61.186  10.252 0.0000000000
12647  -4.476  -60.923  10.188 0.0000000000
12648  -5.182  -61.232  9.860 0.0000000000
12658  -0.721  -61.720  9.228 0.0000000000
12659  -0.846  -61.260  8.587 0.0000000000
12660  -5.728  -61.380  9.125 0.0000000000
12661  -6.242  -61.248  8.520 0.0000000000
12669  -0.669  -62.007  8.310 0.0000000000
12670  -1.010  -61.423  7.676 0.0000000000
12671  -6.851  -61.166  8.051 0.0000000000
12672  -7.517  -61.131  7.557 0.0000000000
12673  -8.128  -61.408  7.208 0.0000000000
12683  -1.551  -61.263  6.569 0.0000000000
12684  -8.001  -60.704  7.197 0.0000000000
12685  -8.430  -60.934  6.555 0.0000000000
12695  -2.023  -61.333  5.706 0.0000000000
12696  -2.678  -61.333  5.073 0.0000000000
12697  -9.171  -61.187  5.765 0.0000000000
12698  -10.111  -61.350  5.196 0.0000000000
12699  -10.479  -61.936  4.777 0.0000000000
12700  -14.947  -61.769  4.716 0.0000000000
12708  -3.356  -61.384  4.398 0.0000000000
12709  -3.819  -61.380  3.624 0.0000000000
12710  -10.308  -60.840  4.756 0.0000000000
12711  -10.583  -61.340  4.262 0.0000000000
12712  -14.807  -61.813  3.977 0.0000000000
12713  -15.342  -61.436  4.156 0.0000000000
12717  -4.006  -61.324  2.932 0.0000000000
12718  -11.050  -61.160  3.231 0.0000000000
12719  -11.865  -61.672  3.098 0.0000000000
12720  -12.773  -61.810  3.144 0.0000000000
12721  -13.628  -61.791  3.271 0.0000000000
12722  -14.365  -61.693  3.468 0.0000000000
12723  -14.927  -61.335  3.461 0.0000000000
12731  -4.043  -61.520  2.240 0.0000000000
12732  -11.182  -60.761  2.798 0.0000000000
12733  -11.574  -61.014  2.623 0.0000000000
12734  -12.383  -61.252  2.542 0.0000000000
12735  -13.271  -61.371  2.617 0.0000000000
12736  -14.110  -61.371  2.807 0.0000000000
12737  -14.571  -61.290  3.078 0.0000000000
12746  -3.913  -61.537  1.304 0.0000000000
12755  -2.839  -61.078  0.391 0.0000000000
12756  -3.383  -61.641  0.428 0.0000000000
12764  -1.875  -61.152  -0.337 0.0000000000
12765  -2.359  -61.408  -0.173 0.0000000000
12766  -3.155  -62.121  -0.161 0.0000000000
12774  -1.729  -61.265  -0.764 0.0000000000
12775  -2.111  -61.940  -1.098 0.0000000000
12782  -1.562  -61.545  -1.746 0.0000000000
12783  -2.076  -62.226  -1.800 0.0000000000
12796  -1.432  -61.571  -2.726 0.0000000000
12797  -1.781  -61.772  -3.602 0.0000000000
12814  -2.417  -61.537  -4.488 0.0000000000
12826  -2.805  -61.571  -5.218 0.0000000000
13339  -1.714  -61.002  10.558 0.0000000000
13340  -2.376  -60.710  10.539 0.0000000000
13341  -3.241  -60.595  10.396 0.0000000000
13342  -3.950  -60.525  10.210 0.0000000000
13349  -1.012  -61.170  9.759 0.0000000000
13350  -1.614  -60.507  9.740 0.0000000000
13351  -2.620  -60.054  9.977 0.0000000000
13352  -3.534  -59.937  9.950 0.0000000000
13353  -4.501  -60.200  9.642 0.0000000000
13354  -5.264  -60.621  9.280 0.0000000000
13362  -0.955  -60.926  9.201 0.0000000000
13363  -1.335  -60.450  8.558 0.0000000000
13364  -5.108  -59.973  9.012 0.0000000000
13365  -5.748  -60.400  8.694 0.0000000000
13366  -6.463  -60.356  8.259 0.0000000000
13375  -1.535  -60.390  7.417 0.0000000000
13376  -7.140  -60.265  7.934 0.0000000000
13377  -7.707  -60.122  7.554 0.0000000000
13386  -1.840  -60.082  6.487 0.0000000000
13387  -2.063  -59.574  6.045 0.0000000000
13388  -8.170  -60.007  7.088 0.0000000000
13389  -8.546  -59.891  6.634 0.0000000000
13398  -1.867  -60.716  6.063 0.0000000000
13399  -2.357  -60.262  5.612 0.0000000000
13400  -8.975  -60.093  6.118 0.0000000000
13401  -9.646  -60.241  5.519 0.0000000000
13412  -3.000  -60.460  4.687 0.0000000000
13413  -3.505  -60.538  3.920 0.0000000000
13414  -10.124  -60.390  5.030 0.0000000000
13415  -10.330  -60.272  4.471 0.0000000000
13422  -3.827  -60.604  3.132 0.0000000000
13423  -10.632  -60.357  3.658 0.0000000000
13424  -15.542  -60.938  3.533 0.0000000000
13429  -3.973  -60.801  2.490 0.0000000000
13430  -10.997  -60.362  3.005 0.0000000000
13431  -11.402  -60.348  2.640 0.0000000000
13432  -12.078  -60.390  2.272 0.0000000000
13433  -12.923  -60.777  2.095 0.0000000000
13434  -13.825  -60.972  2.073 0.0000000000
13435  -14.918  -60.863  2.518 0.0000000000
13436  -15.859  -60.325  2.989 0.0000000000
13442  -3.871  -60.694  1.769 0.0000000000
13443  -12.670  -60.137  1.807 0.0000000000
13444  -13.369  -60.284  1.557 0.0000000000
13445  -14.296  -60.418  1.497 0.0000000000
13446  -15.071  -60.301  1.603 0.0000000000
13453  -1.928  -60.349  0.221 0.0000000000
13454  -2.333  -60.597  0.335 0.0000000000
13455  -3.302  -60.629  0.912 0.0000000000
13464  -1.753  -60.671  -0.182 0.0000000000
13465  -2.058  -60.944  0.065 0.0000000000
13473  -1.347  -60.613  -1.196 0.0000000000
13480  -1.237  -60.676  -2.202 0.0000000000
13497  -1.475  -60.675  -3.129 0.0000000000
13498  -2.266  -60.500  -3.832 0.0000000000
14126  -1.685  -60.084  9.092 0.0000000000
14127  -2.181  -59.844  9.249 0.0000000000
14128  -3.012  -59.655  9.282 0.0000000000
14129  -3.792  -59.603  9.306 0.0000000000
14138  -1.857  -59.829  8.695 0.0000000000
14139  -2.509  -59.395  8.452 0.0000000000
14140  -3.475  -59.184  8.611 0.0000000000
14141  -4.486  -59.372  8.753 0.0000000000
14142  -5.459  -59.467  8.499 0.0000000000
14143  -6.080  -59.744  8.347 0.0000000000
14151  -1.830  -59.712  7.989 0.0000000000
14152  -2.251  -59.004  7.505 0.0000000000
14153  -6.022  -59.175  8.291 0.0000000000
14154  -6.715  -59.370  8.175 0.0000000000
14155  -7.407  -59.565  7.895 0.0000000000
14164  -1.848  -59.581  7.195 0.0000000000
14165  -2.111  -59.001  6.542 0.0000000000
14166  -7.272  -58.925  7.887 0.0000000000
14167  -7.940  -59.180  7.609 0.0000000000
14168  -8.447  -59.294  7.010 0.0000000000
14174  -2.425  -59.115  5.681 0.0000000000
14175  -8.882  -59.270  6.563 0.0000000000
14176  -9.463  -59.238  6.007 0.0000000000
14186  -2.836  -59.468  4.888 0.0000000000
14187  -3.152  -59.726  4.097 0.0000000000
14188  -10.052  -59.293  5.059 0.0000000000
14189  -10.461  -59.399  4.067 0.0000000000
14197  -3.452  -59.723  3.322 0.0000000000
14198  -10.987  -59.484  3.228 0.0000000000
14199  -11.318  -59.093  2.953 0.0000000000
14205  -3.751  -59.949  2.373 0.0000000000
14206  -11.194  -59.939  2.822 0.0000000000
14207  -11.542  -59.527  2.583 0.0000000000
14208  -12.226  -59.507  1.960 0.0000000000
14209  -15.639  -60.106  2.054 0.0000000000
14210  -16.261  -59.675  2.499 0.0000000000
14216  -3.073  -59.399  1.332 0.0000000000
14217  -3.531  -59.936  1.515 0.0000000000
14218  -12.794  -59.602  1.308 0.0000000000
14219  -13.708  -59.604  0.798 0.0000000000
14220  -14.770  -59.901  0.951 0.0000000000
14221  -15.489  -59.802  1.281 0.0000000000
14222  -16.048  -59.491  1.574 0.0000000000
14229  -1.921  -59.695  0.359 0.0000000000
14230  -2.748  -59.886  0.852 0.0000000000
14231  -3.199  -59.944  1.149 0.0000000000
14232  -13.881  -59.188  0.218 0.0000000000
14233  -14.495  -59.333  0.400 0.0000000000
14234  -15.317  -59.337  0.738 0.0000000000
14235  -15.775  -59.334  1.077 0.0000000000
14244  -1.306  -59.710  -0.610 0.0000000000
14252  -1.142  -59.723  -1.680 0.0000000000
14263  -1.315  -59.874  -2.536 0.0000000000
14282  -1.726  -59.626  -3.191 0.0000000000
14911  -3.074  -58.667  7.770 0.0000000000
14912  -4.086  -58.570  7.990 0.0000000000
14913  -5.086  -58.794  8.118 0.0000000000
14914  -5.660  -58.957  8.236 0.0000000000
14921  -2.649  -58.224  6.961 0.0000000000
14922  -3.660  -57.858  7.113 0.0000000000
14923  -4.846  -57.969  7.363 0.0000000000
14924  -6.027  -58.582  7.848 0.0000000000
14925  -6.795  -58.736  7.826 0.0000000000
14934  -2.584  -58.000  5.957 0.0000000000
14935  -3.072  -57.803  6.580 0.0000000000
14936  -5.231  -57.689  6.917 0.0000000000
14937  -5.829  -57.969  7.104 0.0000000000
14938  -7.012  -58.320  7.125 0.0000000000
14939  -8.161  -58.620  6.985 0.0000000000
14940  -8.664  -58.849  6.842 0.0000000000
14947  -2.695  -58.471  4.996 0.0000000000
14948  -7.239  -57.905  6.470 0.0000000000
14949  -7.856  -58.024  6.547 0.0000000000
14950  -8.862  -58.343  6.434 0.0000000000
14951  -9.624  -58.316  5.642 0.0000000000
14960  -2.963  -58.774  4.042 0.0000000000
14961  -3.187  -59.321  3.706 0.0000000000
14962  -10.034  -58.220  5.002 0.0000000000
14963  -10.339  -58.461  4.394 0.0000000000
14973  -2.952  -58.456  3.181 0.0000000000
14974  -3.206  -59.039  3.374 0.0000000000
14975  -10.770  -58.588  3.707 0.0000000000
14976  -11.254  -58.626  3.219 0.0000000000
14985  -2.920  -58.367  2.590 0.0000000000
14986  -3.315  -58.968  2.625 0.0000000000
14987  -11.541  -58.754  2.816 0.0000000000
14988  -11.900  -58.688  2.314 0.0000000000
14998  -2.262  -58.121  1.295 0.0000000000
14999  -2.706  -58.382  1.753 0.0000000000
15000  -3.406  -59.261  1.867 0.0000000000
15001  -12.324  -58.679  1.473 0.0000000000
15002  -12.875  -59.015  0.829 0.0000000000
15003  -16.715  -59.142  1.956 0.0000000000
15013  -1.999  -58.422  0.871 0.0000000000
15014  -2.542  -59.127  0.997 0.0000000000
15015  -12.598  -58.321  0.796 0.0000000000
15016  -13.254  -58.641  0.139 0.0000000000
15017  -14.156  -58.900  -0.167 0.0000000000
15018  -15.070  -58.897  0.056 0.0000000000
15019  -16.225  -58.735  0.703 0.0000000000
15020  -17.194  -58.044  0.791 0.0000000000
15031  -1.297  -58.682  -0.030 0.0000000000
15032  -13.784  -58.320  -0.476 0.0000000000
15033  -14.553  -58.357  -0.532 0.0000000000
15034  -15.461  -58.290  -0.341 0.0000000000
15035  -16.161  -58.046  -0.206 0.0000000000
15051  -1.022  -58.766  -1.088 0.0000000000
15066  -1.175  -58.686  -2.346 0.0000000000
15084  -1.964  -58.611  -3.265 0.0000000000
15689  -4.035  -57.555  6.718 0.0000000000
15690  -4.277  -57.634  6.935 0.0000000000
15699  -3.036  -57.505  5.660 0.0000000000
15700  -3.586  -57.514  6.206 0.0000000000
15701  -4.651  -57.477  6.542 0.0000000000
15702  -5.633  -57.646  6.543 0.0000000000
15703  -6.264  -57.868  6.735 0.0000000000
15709  -2.791  -57.621  5.135 0.0000000000
15710  -3.416  -57.179  5.356 0.0000000000
15711  -4.335  -57.102  5.617 0.0000000000
15712  -5.383  -57.318  5.778 0.0000000000
15713  -6.560  -57.668  6.101 0.0000000000
15714  -7.446  -57.728  6.027 0.0000000000
15715  -8.180  -57.700  5.839 0.0000000000
15716  -8.986  -57.739  5.654 0.0000000000
15723  -2.665  -57.833  4.403 0.0000000000
15724  -2.965  -56.992  4.709 0.0000000000
15725  -3.948  -56.752  4.832 0.0000000000
15726  -5.060  -56.886  4.815 0.0000000000
15727  -6.114  -57.288  4.990 0.0000000000
15728  -7.316  -57.434  5.131 0.0000000000
15729  -8.453  -57.407  4.967 0.0000000000
15730  -9.475  -57.591  4.931 0.0000000000
15731  -10.124  -57.765  4.535 0.0000000000
15740  -2.686  -57.806  3.685 0.0000000000
15741  -5.840  -56.854  4.285 0.0000000000
15742  -6.687  -56.983  4.099 0.0000000000
15743  -7.788  -57.019  4.043 0.0000000000
15744  -8.909  -57.068  4.167 0.0000000000
15745  -9.815  -57.265  4.103 0.0000000000
15746  -10.581  -57.646  3.894 0.0000000000
15747  -11.122  -58.004  3.507 0.0000000000
15759  -2.656  -57.653  2.810 0.0000000000
15760  -7.119  -56.873  3.460 0.0000000000
15761  -7.639  -56.764  3.195 0.0000000000
15762  -11.136  -57.403  3.487 0.0000000000
15763  -11.633  -57.856  2.947 0.0000000000
15764  -12.107  -57.855  2.075 0.0000000000
15777  -1.966  -57.669  1.341 0.0000000000
15778  -2.249  -57.186  2.041 0.0000000000
15779  -12.309  -57.710  1.344 0.0000000000
15787  -0.865  -56.730  0.177 0.0000000000
15788  -1.186  -57.431  0.491 0.0000000000
15789  -12.586  -57.483  0.471 0.0000000000
15790  -13.227  -57.671  -0.386 0.0000000000
15791  -16.756  -57.846  0.128 0.0000000000
15792  -17.415  -57.304  0.305 0.0000000000
15804  -0.719  -56.945  -0.503 0.0000000000
15805  -0.927  -57.936  -0.484 0.0000000000
15806  -13.952  -57.737  -0.907 0.0000000000
15807  -14.851  -57.730  -0.917 0.0000000000
15808  -15.711  -57.676  -0.799 0.0000000000
15809  -16.473  -57.510  -0.539 0.0000000000
15810  -16.942  -57.382  -0.220 0.0000000000
15829  -0.601  -56.931  -1.472 0.0000000000
15830  -0.810  -57.780  -1.367 0.0000000000
15846  -0.505  -56.817  -1.953 0.0000000000
15847  -0.814  -57.328  -2.216 0.0000000000
15864  -1.383  -57.703  -3.011 0.0000000000
16548  -2.667  -57.097  4.127 0.0000000000
16549  -3.468  -56.597  4.196 0.0000000000
16550  -4.487  -56.521  4.154 0.0000000000
16551  -5.299  -56.620  4.028 0.0000000000
16559  -2.852  -56.674  3.547 0.0000000000
16560  -4.037  -56.252  3.529 0.0000000000
16561  -5.075  -56.368  3.395 0.0000000000
16562  -6.025  -56.692  3.474 0.0000000000
16563  -6.668  -56.810  3.409 0.0000000000
16564  -8.458  -56.712  3.350 0.0000000000
16565  -9.438  -56.701  3.500 0.0000000000
16566  -10.346  -56.857  3.598 0.0000000000
16567  -10.858  -57.072  3.611 0.0000000000
16575  -2.698  -56.460  2.580 0.0000000000
16576  -3.599  -56.024  2.901 0.0000000000
16577  -4.756  -55.996  2.577 0.0000000000
16578  -5.804  -56.357  2.575 0.0000000000
16579  -6.900  -56.681  2.695 0.0000000000
16580  -8.013  -56.486  2.551 0.0000000000
16581  -9.023  -56.282  2.718 0.0000000000
16582  -10.073  -56.218  2.995 0.0000000000
16583  -11.198  -56.639  3.125 0.0000000000
16584  -11.966  -57.031  2.351 0.0000000000
16585  -12.214  -57.294  1.835 0.0000000000
16598  -1.660  -56.453  1.372 0.0000000000
16599  -2.278  -56.440  1.961 0.0000000000
16600  -5.042  -55.766  1.890 0.0000000000
16601  -5.603  -55.996  1.873 0.0000000000
16602  -6.546  -56.158  1.608 0.0000000000
16603  -7.547  -56.262  1.818 0.0000000000
16604  -8.543  -55.943  1.747 0.0000000000
16605  -9.673  -55.838  2.128 0.0000000000
16606  -10.732  -55.864  2.332 0.0000000000
16607  -11.608  -56.232  2.132 0.0000000000
16608  -12.150  -56.715  1.413 0.0000000000
16623  -0.711  -56.131  0.039 0.0000000000
16624  -1.049  -56.415  0.578 0.0000000000
16625  -6.899  -55.910  0.981 0.0000000000
16626  -7.395  -55.969  1.184 0.0000000000
16627  -7.898  -55.947  1.408 0.0000000000
16628  -12.410  -56.510  0.542 0.0000000000
16629  -12.821  -56.744  -0.172 0.0000000000
16630  -17.853  -56.506  0.050 0.0000000000
16644  -0.613  -56.257  -0.478 0.0000000000
16645  -13.372  -56.936  -0.903 0.0000000000
16646  -14.231  -56.981  -1.293 0.0000000000
16647  -15.133  -57.163  -1.301 0.0000000000
16648  -16.015  -57.106  -1.219 0.0000000000
16649  -17.055  -56.850  -0.752 0.0000000000
16660  -0.523  -56.313  -0.986 0.0000000000
16661  -14.688  -56.709  -1.539 0.0000000000
16662  -15.237  -56.579  -1.669 0.0000000000
16663  -16.185  -56.422  -1.671 0.0000000000
16664  -17.008  -56.119  -1.472 0.0000000000
16666  -0.417  -56.350  -1.693 0.0000000000
16667  -0.487  -56.538  -2.303 0.0000000000
16671  -0.873  -56.773  -2.907 0.0000000000
16672  -1.601  -56.908  -3.429 0.0000000000
17377  -3.313  -55.816  2.301 0.0000000000
17378  -4.116  -55.699  2.235 0.0000000000
17379  -4.645  -55.749  2.066 0.0000000000
17387  -1.870  -55.584  1.244 0.0000000000
17388  -2.574  -55.685  1.771 0.0000000000
17389  -3.697  -55.347  1.760 0.0000000000
17390  -4.653  -55.455  1.584 0.0000000000
17391  -5.476  -55.668  1.330 0.0000000000
17392  -5.990  -55.884  1.369 0.0000000000
17393  -8.763  -55.686  1.132 0.0000000000
17394  -9.372  -55.639  1.300 0.0000000000
17395  -10.325  -55.577  1.497 0.0000000000
17396  -11.265  -55.701  1.579 0.0000000000
17397  -11.818  -56.015  1.550 0.0000000000
17413  -0.793  -55.605  0.038 0.0000000000
17414  -1.255  -55.393  0.498 0.0000000000
17415  -2.286  -55.012  0.990 0.0000000000
17416  -3.287  -54.903  1.188 0.0000000000
17417  -4.252  -54.986  1.066 0.0000000000
17418  -5.222  -55.097  0.648 0.0000000000
17419  -6.317  -55.650  0.739 0.0000000000
17420  -7.337  -55.735  0.515 0.0000000000
17421  -8.162  -55.754  0.893 0.0000000000
17422  -8.982  -55.547  0.603 0.0000000000
17423  -9.914  -55.424  0.689 0.0000000000
17424  -10.897  -55.373  0.825 0.0000000000
17425  -11.949  -55.716  0.837 0.0000000000
17426  -12.496  -56.017  0.088 0.0000000000
17427  -18.038  -56.153  -0.132 0.0000000000
17445  -0.620  -55.670  -0.484 0.0000000000
17446  -0.826  -55.345  -0.059 0.0000000000
17447  -5.470  -54.801  0.010 0.0000000000
17448  -6.027  -55.109  -0.044 0.0000000000
17449  -7.009  -55.354  -0.270 0.0000000000
17450  -8.198  -55.411  -0.209 0.0000000000
17451  -9.390  -55.262  -0.085 0.0000000000
17452  -10.387  -55.145  0.037 0.0000000000
17453  -11.345  -55.130  0.106 0.0000000000
17454  -12.179  -55.389  -0.150 0.0000000000
17455  -12.880  -55.934  -0.789 0.0000000000
17456  -13.559  -56.375  -1.303 0.0000000000
17457  -17.877  -55.901  -0.702 0.0000000000
17458  -18.434  -55.568  -0.233 0.0000000000
17468  -0.439  -55.720  -1.242 0.0000000000
17469  -7.593  -55.159  -0.617 0.0000000000
17470  -7.906  -55.026  -0.816 0.0000000000
17471  -13.394  -55.851  -1.363 0.0000000000
17472  -14.165  -56.060  -1.695 0.0000000000
17473  -15.212  -55.786  -2.051 0.0000000000
17474  -16.273  -55.624  -2.055 0.0000000000
17475  -17.265  -55.472  -1.738 0.0000000000
17477  -0.228  -55.721  -2.043 0.0000000000
17478  -0.395  -56.129  -2.762 0.0000000000
17480  -0.134  -55.494  -2.757 0.0000000000
17481  -0.692  -55.919  -3.486 0.0000000000
18239  -1.359  -54.609  0.059 0.0000000000
18240  -1.971  -54.465  0.335 0.0000000000
18241  -2.962  -54.372  0.526 0.0000000000
18242  -3.964  -54.458  0.591 0.0000000000
18243  -4.590  -54.720  0.574 0.0000000000
18256  -0.563  -55.294  -0.861 0.0000000000
18257  -0.851  -54.862  -0.429 0.0000000000
18258  -1.597  -54.009  -0.437 0.0000000000
18259  -2.576  -53.911  -0.122 0.0000000000
18260  -3.645  -53.855  -0.132 0.0000000000
18261  -4.825  -54.375  -0.022 0.0000000000
18262  -5.701  -54.595  -0.487 0.0000000000
18263  -6.422  -54.850  -0.645 0.0000000000
18264  -8.302  -55.022  -0.783 0.0000000000
18265  -8.860  -54.947  -0.761 0.0000000000
18266  -9.816  -54.819  -0.679 0.0000000000
18267  -10.769  -54.732  -0.559 0.0000000000
18268  -11.661  -54.801  -0.582 0.0000000000
18269  -12.379  -55.103  -0.819 0.0000000000
18270  -17.887  -55.262  -1.325 0.0000000000
18271  -18.645  -54.906  -0.808 0.0000000000
18272  -19.193  -54.330  -0.204 0.0000000000
18284  -0.444  -55.026  -1.311 0.0000000000
18285  -0.806  -54.084  -1.256 0.0000000000
18286  -1.390  -53.727  -1.003 0.0000000000
18287  -4.412  -53.764  -0.659 0.0000000000
18288  -5.211  -54.031  -0.869 0.0000000000
18289  -6.118  -54.300  -1.206 0.0000000000
18290  -7.173  -54.738  -1.043 0.0000000000
18291  -8.153  -54.669  -1.268 0.0000000000
18292  -9.136  -54.368  -1.378 0.0000000000
18293  -10.157  -54.312  -1.185 0.0000000000
18294  -11.069  -54.245  -1.077 0.0000000000
18295  -12.002  -54.433  -1.159 0.0000000000
18296  -13.079  -55.032  -1.441 0.0000000000
18297  -14.177  -54.985  -2.063 0.0000000000
18298  -15.295  -54.797  -2.287 0.0000000000
18299  -16.463  -54.853  -2.266 0.0000000000
18300  -17.597  -54.676  -1.963 0.0000000000
18301  -18.312  -54.348  -1.619 0.0000000000
18304  -0.184  -54.704  -2.111 0.0000000000
18305  -0.440  -53.935  -1.972 0.0000000000
18306  -6.704  -54.227  -1.540 0.0000000000
18307  -7.296  -54.188  -1.784 0.0000000000
18308  -8.227  -54.120  -2.018 0.0000000000
18309  -8.959  -53.844  -1.998 0.0000000000
18310  -15.729  -54.268  -2.498 0.0000000000
18311  -16.489  -54.122  -2.483 0.0000000000
18312  -17.190  -53.909  -2.344 0.0000000000
18315  -0.064  -54.873  -3.052 0.0000000000
18316  -0.331  -54.841  -3.871 0.0000000000
19094  -1.813  -53.591  -0.944 0.0000000000
19095  -2.277  -53.648  -0.660 0.0000000000
19096  -2.911  -53.593  -0.636 0.0000000000
19097  -18.726  -54.249  -1.294 0.0000000000
19098  -19.174  -53.869  -0.820 0.0000000000
19109  -0.785  -53.674  -1.747 0.0000000000
19110  -1.323  -53.460  -1.459 0.0000000000
19111  -2.333  -53.314  -1.204 0.0000000000
19112  -3.517  -53.379  -1.079 0.0000000000
19113  -4.585  -53.439  -1.277 0.0000000000
19114  -5.423  -53.687  -1.459 0.0000000000
19115  -9.625  -53.927  -1.717 0.0000000000
19116  -10.364  -53.814  -1.688 0.0000000000
19117  -11.298  -53.780  -1.611 0.0000000000
19118  -12.281  -53.919  -1.681 0.0000000000
19119  -13.281  -54.062  -1.950 0.0000000000
19120  -14.259  -54.055  -2.228 0.0000000000
19121  -15.021  -53.973  -2.377 0.0000000000
19122  -17.863  -54.019  -2.078 0.0000000000
19123  -18.562  -53.748  -1.831 0.0000000000
19124  -19.230  -53.046  -1.546 0.0000000000
19130  -0.143  -54.144  -2.524 0.0000000000
19131  -0.593  -53.473  -2.369 0.0000000000
19132  -1.552  -52.915  -1.925 0.0000000000
19133  -2.643  -52.704  -1.701 0.0000000000
19134  -3.808  -52.732  -1.667 0.0000000000
19135  -4.905  -53.012  -1.840 0.0000000000
19136  -6.170  -53.520  -1.938 0.0000000000
19137  -7.297  -53.445  -2.457 0.0000000000
19138  -8.360  -53.548  -2.555 0.0000000000
19139  -9.426  -53.427  -2.404 0.0000000000
19140  -10.506  -53.308  -2.192 0.0000000000
19141  -11.443  -53.233  -2.111 0.0000000000
19142  -12.420  -53.207  -2.118 0.0000000000
19143  -13.418  -53.250  -2.252 0.0000000000
19144  -14.371  -53.333  -2.461 0.0000000000
19145  -15.433  -53.511  -2.654 0.0000000000
19146  -16.456  -53.389  -2.700 0.0000000000
19147  -17.516  -53.304  -2.438 0.0000000000
19148  -18.423  -52.895  -2.295 0.0000000000
19149  -19.062  -52.438  -2.119 0.0000000000
19154  -0.067  -54.116  -3.152 0.0000000000
19155  -0.282  -53.596  -3.711 0.0000000000
19156  -7.720  -53.011  -2.897 0.0000000000
19157  -8.436  -53.006  -3.064 0.0000000000
19158  -9.179  -52.893  -3.098 0.0000000000
20009  -0.874  -52.837  -2.772 0.0000000000
20010  -1.683  -52.286  -2.514 0.0000000000
20011  -2.845  -51.992  -2.246 0.0000000000
20012  -4.095  -52.080  -2.152 0.0000000000
20013  -5.224  -52.418  -2.327 0.0000000000
20014  -6.267  -52.632  -2.587 0.0000000000
20015  -7.036  -52.657  -2.872 0.0000000000
20016  -9.866  -52.951  -2.760 0.0000000000
20017  -10.590  -52.754  -2.679 0.0000000000
20018  -11.510  -52.597  -2.574 0.0000000000
20019  -12.511  -52.466  -2.609 0.0000000000
20020  -13.581  -52.593  -2.598 0.0000000000
20021  -14.541  -52.663  -2.732 0.0000000000
20022  -15.530  -52.708  -2.923 0.0000000000
20023  -16.537  -52.627  -2.883 0.0000000000
20024  -17.494  -52.426  -2.747 0.0000000000
20025  -18.354  -52.088  -2.578 0.0000000000
20026  -19.132  -51.700  -2.211 0.0000000000
20033  -0.894  -52.544  -3.659 0.0000000000
20034  -1.817  -51.643  -3.453 0.0000000000
20035  -3.154  -51.466  -2.911 0.0000000000
20036  -4.322  -51.594  -2.797 0.0000000000
20037  -5.380  -51.790  -2.882 0.0000000000
20038  -6.364  -51.955  -3.079 0.0000000000
20039  -7.414  -52.278  -3.408 0.0000000000
20040  -8.493  -52.470  -3.586 0.0000000000
20041  -9.580  -52.365  -3.404 0.0000000000
20042  -10.627  -52.201  -3.177 0.0000000000
20043  -11.494  -52.039  -3.142 0.0000000000
20044  -12.213  -51.913  -3.193 0.0000000000
20050  -1.183  -52.343  -4.742 0.0000000000
20051  -1.857  -51.393  -4.926 0.0000000000
20052  -7.795  -51.911  -3.936 0.0000000000
20053  -8.545  -51.907  -4.081 0.0000000000
20054  -9.291  -51.759  -3.999 0.0000000000
20898  -12.926  -52.081  -2.968 0.0000000000
20899  -13.677  -51.989  -3.018 0.0000000000
20900  -14.647  -51.953  -3.062 0.0000000000
20901  -15.631  -51.956  -3.140 0.0000000000
20902  -16.587  -51.865  -3.136 0.0000000000
20903  -17.514  -51.683  -3.132 0.0000000000
20904  -18.408  -51.247  -2.920 0.0000000000
20912  -2.505  -51.099  -3.799 0.0000000000
20913  -3.469  -51.054  -3.516 0.0000000000
20914  -4.483  -51.165  -3.413 0.0000000000
20915  -5.441  -51.331  -3.520 0.0000000000
20916  -6.367  -51.491  -3.720 0.0000000000
20917  -7.086  -51.577  -3.975 0.0000000000
20918  -9.945  -51.817  -3.631 0.0000000000
20919  -10.605  -51.587  -3.584 0.0000000000
20920  -11.479  -51.369  -3.628 0.0000000000
20921  -12.648  -51.507  -3.554 0.0000000000
20922  -13.722  -51.376  -3.598 0.0000000000
20923  -14.773  -51.334  -3.562 0.0000000000
20924  -15.749  -51.340  -3.594 0.0000000000
20925  -16.648  -51.248  -3.623 0.0000000000
20926  -17.510  -50.995  -3.584 0.0000000000
20927  -18.177  -50.641  -3.442 0.0000000000
20934  -2.816  -50.790  -4.473 0.0000000000
20935  -3.705  -50.758  -4.051 0.0000000000
20936  -4.568  -50.817  -4.036 0.0000000000
20937  -5.455  -50.961  -4.187 0.0000000000
20938  -6.339  -51.156  -4.406 0.0000000000
20939  -7.431  -51.313  -4.604 0.0000000000
20940  -8.643  -51.313  -4.562 0.0000000000
20941  -9.657  -51.257  -4.103 0.0000000000
20942  -10.460  -50.913  -3.946 0.0000000000
20943  -11.116  -50.692  -3.979 0.0000000000
20949  -2.513  -50.935  -5.558 0.0000000000
20950  -7.396  -51.010  -5.091 0.0000000000
20951  -7.872  -51.075  -5.048 0.0000000000
21771  -18.747  -50.545  -2.976 0.0000000000
21778  -11.854  -50.893  -3.962 0.0000000000
21779  -12.670  -50.621  -4.186 0.0000000000
21780  -13.921  -50.688  -4.057 0.0000000000
21781  -14.991  -50.689  -3.994 0.0000000000
21782  -15.886  -50.773  -3.938 0.0000000000
21783  -16.614  -50.553  -4.022 0.0000000000
21784  -17.546  -50.294  -3.955 0.0000000000
21785  -18.542  -49.960  -3.589 0.0000000000
21794  -3.306  -50.676  -4.544 0.0000000000
21795  -3.789  -50.629  -4.620 0.0000000000
21796  -4.561  -50.645  -4.763 0.0000000000
21797  -5.430  -50.755  -4.932 0.0000000000
21798  -6.314  -50.889  -5.092 0.0000000000
21799  -6.962  -50.892  -5.192 0.0000000000
21800  -9.112  -50.957  -4.607 0.0000000000
21801  -9.599  -50.589  -4.548 0.0000000000
21802  -10.451  -50.294  -4.299 0.0000000000
21803  -11.415  -50.226  -4.356 0.0000000000
21804  -12.079  -49.994  -4.579 0.0000000000
21812  -3.119  -50.617  -5.062 0.0000000000
21813  -3.736  -50.531  -5.353 0.0000000000
21814  -4.566  -50.489  -5.561 0.0000000000
21815  -5.474  -50.536  -5.660 0.0000000000
21816  -6.377  -50.559  -5.721 0.0000000000
21817  -7.357  -50.701  -5.469 0.0000000000
21818  -8.508  -50.660  -5.158 0.0000000000
21819  -9.213  -50.196  -5.114 0.0000000000
21824  -3.073  -50.591  -5.782 0.0000000000
21825  -3.768  -50.551  -6.245 0.0000000000
21826  -4.780  -50.394  -6.368 0.0000000000
21827  -5.617  -50.306  -6.267 0.0000000000
21828  -6.240  -50.216  -6.285 0.0000000000
21837  -14.355  -50.086  -8.146 0.0000000000
21838  -14.619  -50.007  -7.909 0.0000000000
21852  -13.519  -50.229  -8.800 0.0000000000
21853  -14.082  -50.156  -8.611 0.0000000000
21854  -14.916  -49.952  -8.618 0.0000000000
21855  -15.470  -49.831  -8.978 0.0000000000
21862  -13.198  -50.192  -9.248 0.0000000000
21863  -13.795  -50.072  -9.458 0.0000000000
21864  -14.579  -49.904  -9.472 0.0000000000
21865  -15.208  -49.795  -9.397 0.0000000000
21874  -13.041  -50.038  -9.779 0.0000000000
21875  -13.400  -50.044  -9.715 0.0000000000
21876  -14.843  -49.737  -9.955 0.0000000000
21877  -15.012  -49.752  -9.745 0.0000000000
22684  -12.583  -50.056  -4.546 0.0000000000
22685  -13.189  -50.059  -4.491 0.0000000000
22686  -14.202  -50.054  -4.466 0.0000000000
22687  -15.454  -50.049  -4.455 0.0000000000
22688  -16.653  -49.914  -4.453 0.0000000000
22689  -17.663  -49.540  -4.288 0.0000000000
22690  -18.576  -49.039  -3.898 0.0000000000
22697  -9.816  -50.033  -4.744 0.0000000000
22698  -10.477  -49.758  -4.753 0.0000000000
22699  -11.396  -49.525  -4.831 0.0000000000
22700  -12.422  -49.572  -4.770 0.0000000000
22701  -13.364  -49.448  -4.757 0.0000000000
22702  -14.344  -49.427  -4.781 0.0000000000
22703  -15.139  -49.385  -4.839 0.0000000000
22712  -6.840  -50.322  -6.013 0.0000000000
22713  -7.616  -50.243  -5.917 0.0000000000
22714  -8.549  -50.021  -5.700 0.0000000000
22715  -9.519  -49.707  -5.393 0.0000000000
22716  -10.445  -49.315  -5.407 0.0000000000
22717  -11.229  -49.147  -5.300 0.0000000000
22723  -5.304  -50.272  -6.720 0.0000000000
22724  -5.820  -50.051  -6.691 0.0000000000
22725  -6.708  -49.882  -6.595 0.0000000000
22726  -7.778  -49.780  -6.391 0.0000000000
22727  -8.681  -49.566  -6.197 0.0000000000
22728  -9.548  -49.301  -6.076 0.0000000000
22729  -10.248  -49.106  -6.076 0.0000000000
22730  -14.054  -49.724  -6.934 0.0000000000
22731  -14.474  -49.614  -6.894 0.0000000000
22732  -15.322  -49.477  -6.849 0.0000000000
22733  -16.173  -49.423  -6.899 0.0000000000
22734  -16.879  -49.289  -7.021 0.0000000000
22739  -5.917  -49.801  -7.107 0.0000000000
22740  -6.575  -49.489  -7.361 0.0000000000
22741  -12.449  -49.516  -7.849 0.0000000000
22742  -12.802  -49.729  -7.738 0.0000000000
22743  -13.847  -49.966  -7.520 0.0000000000
22744  -14.833  -49.792  -7.418 0.0000000000
22745  -15.649  -49.707  -7.511 0.0000000000
22746  -16.483  -49.544  -7.643 0.0000000000
22747  -17.262  -49.140  -7.655 0.0000000000
22760  -12.316  -49.640  -8.323 0.0000000000
22761  -13.049  -50.130  -8.410 0.0000000000
22762  -13.594  -50.171  -8.310 0.0000000000
22763  -15.179  -49.896  -7.970 0.0000000000
22764  -15.897  -49.786  -8.470 0.0000000000
22765  -16.899  -49.457  -8.434 0.0000000000
22777  -10.780  -49.370  -9.592 0.0000000000
22778  -11.714  -49.582  -9.273 0.0000000000
22779  -12.575  -50.006  -9.218 0.0000000000
22780  -14.236  -49.841  -9.938 0.0000000000
22781  -14.568  -49.768  -9.958 0.0000000000
22782  -15.859  -49.701  -9.398 0.0000000000
22783  -16.595  -49.527  -9.219 0.0000000000
22791  -11.446  -49.641  -10.292 0.0000000000
22792  -12.522  -49.810  -10.210 0.0000000000
22793  -13.634  -49.819  -10.283 0.0000000000
22794  -14.640  -49.646  -10.398 0.0000000000
22795  -15.439  -49.627  -10.116 0.0000000000
22796  -16.518  -49.422  -10.104 0.0000000000
22797  -17.024  -49.315  -9.647 0.0000000000
22813  -13.201  -49.615  -11.194 0.0000000000
22814  -14.330  -49.497  -11.215 0.0000000000
22815  -15.456  -49.367  -11.068 0.0000000000
22816  -15.968  -49.399  -10.609 0.0000000000
23643  -15.899  -49.578  -4.795 0.0000000000
23644  -16.736  -49.367  -4.849 0.0000000000
23645  -17.802  -48.612  -4.641 0.0000000000
23652  -11.847  -49.185  -5.088 0.0000000000
23653  -12.574  -49.029  -5.105 0.0000000000
23654  -13.521  -48.965  -5.143 0.0000000000
23655  -14.487  -49.040  -5.185 0.0000000000
23656  -15.604  -49.180  -5.166 0.0000000000
23657  -16.700  -49.099  -5.265 0.0000000000
23658  -17.384  -48.512  -5.329 0.0000000000
23667  -10.857  -49.046  -5.756 0.0000000000
23668  -11.690  -48.975  -5.684 0.0000000000
23669  -12.715  -48.875  -5.766 0.0000000000
23670  -13.710  -48.928  -5.800 0.0000000000
23671  -14.720  -49.016  -5.752 0.0000000000
23672  -15.740  -49.093  -5.693 0.0000000000
23673  -16.676  -49.040  -5.743 0.0000000000
23674  -17.294  -48.528  -5.964 0.0000000000
23682  -7.233  -49.493  -6.933 0.0000000000
23683  -7.979  -49.420  -6.889 0.0000000000
23684  -8.830  -49.253  -6.815 0.0000000000
23685  -9.733  -49.144  -6.770 0.0000000000
23686  -10.796  -49.038  -6.545 0.0000000000
23687  -11.928  -49.008  -6.564 0.0000000000
23688  -12.970  -48.996  -6.571 0.0000000000
23689  -13.923  -49.417  -6.597 0.0000000000
23690  -14.991  -49.223  -6.311 0.0000000000
23691  -15.924  -49.193  -6.261 0.0000000000
23692  -16.778  -49.134  -6.366 0.0000000000
23693  -17.401  -48.665  -6.822 0.0000000000
23697  -7.355  -49.290  -7.524 0.0000000000
23698  -8.173  -49.200  -7.521 0.0000000000
23699  -9.036  -49.032  -7.551 0.0000000000
23700  -10.056  -49.098  -7.629 0.0000000000
23701  -11.188  -49.096  -7.474 0.0000000000
23702  -12.292  -49.282  -7.498 0.0000000000
23703  -13.217  -49.492  -7.132 0.0000000000
23704  -13.625  -49.645  -7.036 0.0000000000
23710  -7.638  -49.173  -8.085 0.0000000000
23711  -8.334  -49.055  -8.276 0.0000000000
23712  -9.225  -48.996  -8.318 0.0000000000
23713  -9.910  -49.090  -8.453 0.0000000000
23714  -10.634  -49.124  -8.302 0.0000000000
23715  -11.512  -49.274  -8.310 0.0000000000
23725  -9.448  -49.129  -9.005 0.0000000000
23726  -10.251  -49.159  -8.996 0.0000000000
23727  -10.979  -49.238  -8.912 0.0000000000
23731  -17.026  -49.099  -10.522 0.0000000000
23741  -15.937  -49.195  -11.351 0.0000000000
23742  -16.466  -49.148  -10.988 0.0000000000
23764  -15.675  -49.209  -11.551 0.0000000000
