#!ascii label  , from subject cvs_avg35_inMNI152 vox2ras=TkReg
2077
103488  -12.374  25.488  18.523 0.0000000000
104231  -11.936  26.652  19.519 0.0000000000
104239  -12.202  26.514  18.889 0.0000000000
104243  -12.444  26.433  17.983 0.0000000000
104944  -11.421  27.410  20.356 0.0000000000
104945  -11.711  27.148  19.803 0.0000000000
104957  -11.581  27.761  19.801 0.0000000000
104958  -11.934  27.427  19.270 0.0000000000
104966  -12.248  27.383  18.485 0.0000000000
104970  -12.447  27.410  17.589 0.0000000000
105684  -10.624  28.316  21.203 0.0000000000
105685  -10.971  28.028  20.664 0.0000000000
105694  -10.831  28.687  20.696 0.0000000000
105695  -11.208  28.399  20.143 0.0000000000
105705  -11.666  28.404  19.438 0.0000000000
105706  -12.032  28.074  18.890 0.0000000000
105712  -11.928  28.703  18.915 0.0000000000
105713  -12.228  28.400  18.253 0.0000000000
105717  -12.470  28.414  17.273 0.0000000000
105721  -12.515  28.473  16.319 0.0000000000
106438  -9.096  29.455  22.496 0.0000000000
106439  -9.837  29.381  21.745 0.0000000000
106440  -10.288  28.863  21.471 0.0000000000
106450  -10.070  29.854  21.302 0.0000000000
106451  -10.434  29.362  21.048 0.0000000000
106464  -10.853  29.271  20.333 0.0000000000
106465  -11.241  29.210  19.715 0.0000000000
106475  -11.597  29.173  19.197 0.0000000000
106480  -11.843  29.362  18.616 0.0000000000
106481  -12.174  29.342  17.817 0.0000000000
106487  -12.434  29.389  16.986 0.0000000000
106491  -12.542  29.514  16.096 0.0000000000
107252  -7.536  30.462  23.290 0.0000000000
107253  -7.949  29.818  23.137 0.0000000000
107263  -8.126  30.996  22.840 0.0000000000
107264  -8.499  30.361  22.680 0.0000000000
107265  -9.291  30.320  21.987 0.0000000000
107278  -9.770  30.333  21.379 0.0000000000
107279  -10.147  30.271  20.928 0.0000000000
107289  -10.523  30.072  20.413 0.0000000000
107290  -10.885  29.834  19.904 0.0000000000
107292  -10.744  30.500  19.887 0.0000000000
107293  -11.243  30.118  19.197 0.0000000000
107296  -11.688  30.320  18.141 0.0000000000
107297  -12.055  30.042  17.438 0.0000000000
107303  -11.942  30.741  17.480 0.0000000000
107304  -12.319  30.452  16.783 0.0000000000
107309  -12.578  30.529  15.828 0.0000000000
107312  -12.620  30.625  14.937 0.0000000000
108015  -7.763  31.553  22.852 0.0000000000
108016  -8.549  31.510  22.163 0.0000000000
108017  -8.969  30.911  22.081 0.0000000000
108034  -8.879  31.912  21.509 0.0000000000
108035  -9.388  31.349  21.273 0.0000000000
108036  -9.861  30.779  20.979 0.0000000000
108043  -9.786  31.792  20.586 0.0000000000
108044  -10.232  31.181  20.389 0.0000000000
108048  -10.840  31.247  19.452 0.0000000000
108049  -11.301  31.268  18.640 0.0000000000
108053  -11.704  31.410  17.855 0.0000000000
108058  -12.093  31.462  17.130 0.0000000000
108059  -12.441  31.443  16.336 0.0000000000
108065  -12.652  31.470  15.472 0.0000000000
108071  -12.669  31.510  14.610 0.0000000000
108084  -12.535  31.579  13.815 0.0000000000
108798  -7.948  32.353  22.140 0.0000000000
108813  -8.529  32.399  21.543 0.0000000000
108814  -9.040  32.384  21.054 0.0000000000
108821  -9.547  32.356  20.601 0.0000000000
108822  -10.037  32.297  20.133 0.0000000000
108825  -10.535  32.181  19.594 0.0000000000
108826  -11.010  32.179  18.947 0.0000000000
108828  -11.487  32.293  18.232 0.0000000000
108831  -11.911  32.333  17.483 0.0000000000
108832  -12.270  32.347  16.725 0.0000000000
108836  -12.556  32.352  15.908 0.0000000000
108842  -12.674  32.338  15.038 0.0000000000
108857  -12.664  32.299  14.181 0.0000000000
108866  -12.468  32.225  13.488 0.0000000000
109556  -7.074  33.455  22.160 0.0000000000
109557  -7.576  32.887  22.117 0.0000000000
109566  -7.487  33.852  21.551 0.0000000000
109567  -8.080  33.375  21.368 0.0000000000
109568  -8.718  32.893  21.083 0.0000000000
109577  -8.547  33.973  20.706 0.0000000000
109578  -9.234  33.438  20.433 0.0000000000
109579  -9.819  32.884  20.186 0.0000000000
109586  -9.737  33.945  19.701 0.0000000000
109587  -10.284  33.362  19.428 0.0000000000
109588  -10.723  32.751  19.121 0.0000000000
109591  -10.774  33.781  18.697 0.0000000000
109592  -11.109  33.262  18.551 0.0000000000
109595  -11.740  33.221  17.762 0.0000000000
109596  -12.119  33.191  17.083 0.0000000000
109602  -12.403  33.238  16.295 0.0000000000
109617  -12.557  33.209  15.408 0.0000000000
109632  -12.622  33.144  14.504 0.0000000000
109635  -12.164  33.708  12.991 0.0000000000
109636  -12.518  32.985  13.598 0.0000000000
110353  -7.064  34.533  21.409 0.0000000000
110354  -7.683  34.074  21.288 0.0000000000
110367  -7.406  34.976  20.791 0.0000000000
110368  -7.973  34.502  20.766 0.0000000000
110369  -8.757  34.499  20.153 0.0000000000
110382  -9.377  34.464  19.664 0.0000000000
110383  -9.937  34.449  19.197 0.0000000000
110390  -10.615  34.465  18.438 0.0000000000
110391  -11.031  33.989  18.350 0.0000000000
110400  -10.897  34.890  17.748 0.0000000000
110401  -11.469  34.348  17.605 0.0000000000
110402  -11.946  33.760  17.341 0.0000000000
110414  -11.871  34.675  16.894 0.0000000000
110415  -12.153  34.151  16.747 0.0000000000
110430  -12.424  34.085  15.776 0.0000000000
110438  -12.241  34.826  14.251 0.0000000000
110439  -12.501  34.034  14.842 0.0000000000
110441  -12.089  34.689  13.315 0.0000000000
110442  -12.425  33.918  13.904 0.0000000000
110445  -11.879  34.530  12.387 0.0000000000
111152  -6.386  35.282  21.274 0.0000000000
111162  -6.156  35.797  20.938 0.0000000000
111163  -6.861  35.498  20.736 0.0000000000
111164  -7.657  35.388  20.253 0.0000000000
111165  -8.291  35.064  19.988 0.0000000000
111175  -8.139  35.586  19.643 0.0000000000
111176  -8.915  35.414  19.224 0.0000000000
111177  -9.520  34.920  19.158 0.0000000000
111189  -9.366  35.794  18.672 0.0000000000
111190  -9.868  35.391  18.617 0.0000000000
111205  -10.542  35.420  17.846 0.0000000000
111206  -11.114  35.418  17.323 0.0000000000
111218  -11.731  35.339  16.617 0.0000000000
111219  -11.990  34.767  16.579 0.0000000000
111227  -11.983  35.644  15.589 0.0000000000
111228  -12.166  34.846  16.096 0.0000000000
111232  -12.003  35.691  14.618 0.0000000000
111233  -12.277  34.881  15.195 0.0000000000
111237  -11.935  35.618  13.657 0.0000000000
111242  -11.844  35.493  12.702 0.0000000000
111247  -11.698  35.355  11.746 0.0000000000
111860  -5.576  36.729  20.741 0.0000000000
111861  -6.224  36.411  20.387 0.0000000000
111862  -7.084  36.096  20.071 0.0000000000
111863  -7.681  35.961  19.711 0.0000000000
111877  -6.729  36.711  19.826 0.0000000000
111878  -7.341  36.561  19.465 0.0000000000
111879  -8.133  36.172  19.104 0.0000000000
111880  -8.657  36.068  18.873 0.0000000000
111892  -8.536  36.443  18.702 0.0000000000
111893  -9.058  36.298  18.540 0.0000000000
111894  -9.602  36.098  18.337 0.0000000000
111904  -9.516  36.611  18.043 0.0000000000
111905  -10.113  36.351  17.764 0.0000000000
111906  -10.709  36.043  17.338 0.0000000000
111913  -10.589  36.651  17.092 0.0000000000
111914  -11.147  36.344  16.729 0.0000000000
111917  -11.602  36.358  15.956 0.0000000000
111921  -11.753  36.522  15.018 0.0000000000
111926  -11.764  36.528  14.013 0.0000000000
111931  -11.714  36.405  13.047 0.0000000000
111935  -11.675  36.304  12.086 0.0000000000
111940  -11.527  36.215  11.083 0.0000000000
112530  -5.185  37.879  20.584 0.0000000000
112531  -5.632  37.419  20.178 0.0000000000
112532  -6.302  36.984  19.899 0.0000000000
112546  -5.879  37.805  19.430 0.0000000000
112547  -6.646  37.409  19.159 0.0000000000
112548  -7.749  36.918  18.817 0.0000000000
112549  -8.244  36.642  18.719 0.0000000000
112553  -6.905  37.808  18.398 0.0000000000
112554  -7.576  37.625  18.142 0.0000000000
112555  -8.570  37.035  18.301 0.0000000000
112556  -9.181  36.846  18.085 0.0000000000
112559  -7.890  37.866  17.523 0.0000000000
112560  -8.424  37.692  17.594 0.0000000000
112561  -9.503  37.358  17.399 0.0000000000
112562  -10.227  36.975  17.178 0.0000000000
112565  -9.855  37.791  16.604 0.0000000000
112566  -10.564  37.389  16.365 0.0000000000
112567  -11.227  36.866  16.166 0.0000000000
112570  -10.910  37.795  15.108 0.0000000000
112571  -11.325  37.142  15.520 0.0000000000
112576  -11.056  37.986  14.514 0.0000000000
112577  -11.398  37.468  14.394 0.0000000000
112583  -11.510  37.232  13.372 0.0000000000
112589  -11.490  37.123  12.485 0.0000000000
112594  -11.448  37.108  11.548 0.0000000000
112600  -11.310  37.077  10.566 0.0000000000
112607  -11.092  37.074  9.891 0.0000000000
113173  -4.949  38.894  21.786 0.0000000000
113183  -5.016  38.432  20.767 0.0000000000
113184  -5.259  38.186  20.239 0.0000000000
113194  -5.125  38.759  20.106 0.0000000000
113195  -5.466  38.442  19.466 0.0000000000
113196  -5.966  38.049  18.946 0.0000000000
113200  -5.707  38.617  18.431 0.0000000000
113201  -6.400  38.126  18.288 0.0000000000
113202  -6.979  37.983  17.923 0.0000000000
113206  -6.012  38.643  17.623 0.0000000000
113207  -6.661  38.313  17.463 0.0000000000
113208  -7.427  38.099  17.336 0.0000000000
113209  -8.152  38.094  17.106 0.0000000000
113210  -8.811  38.029  17.070 0.0000000000
113214  -6.301  38.674  16.980 0.0000000000
113215  -6.993  38.555  16.699 0.0000000000
113216  -7.791  38.417  16.627 0.0000000000
113217  -8.516  38.368  16.510 0.0000000000
113218  -9.317  38.163  16.466 0.0000000000
113219  -9.948  38.053  16.100 0.0000000000
113225  -7.467  38.736  16.216 0.0000000000
113226  -8.070  38.797  15.926 0.0000000000
113227  -8.891  38.661  15.811 0.0000000000
113228  -9.616  38.480  15.579 0.0000000000
113229  -10.307  38.173  15.397 0.0000000000
113235  -8.503  38.995  15.266 0.0000000000
113236  -9.232  38.924  14.882 0.0000000000
113237  -10.032  38.693  14.725 0.0000000000
113238  -10.696  38.348  14.466 0.0000000000
113239  -11.128  38.128  14.098 0.0000000000
113244  -9.848  39.137  14.102 0.0000000000
113245  -10.400  38.847  13.821 0.0000000000
113246  -10.906  38.471  13.583 0.0000000000
113247  -11.231  37.921  13.502 0.0000000000
113253  -10.106  39.353  13.121 0.0000000000
113254  -10.525  38.777  12.836 0.0000000000
113255  -11.030  38.259  12.774 0.0000000000
113256  -11.274  37.692  12.837 0.0000000000
113261  -10.085  39.583  12.442 0.0000000000
113262  -10.025  39.217  11.856 0.0000000000
113263  -10.703  38.479  11.871 0.0000000000
113264  -11.188  37.797  12.090 0.0000000000
113271  -9.773  39.285  10.933 0.0000000000
113272  -10.255  38.678  10.654 0.0000000000
113273  -11.015  37.870  11.116 0.0000000000
113280  -10.374  38.311  9.464 0.0000000000
113281  -10.873  37.761  10.106 0.0000000000
113287  -10.178  38.016  8.643 0.0000000000
113826  -6.094  39.349  23.288 0.0000000000
113837  -5.449  39.365  22.224 0.0000000000
113838  -5.819  39.409  22.728 0.0000000000
113851  -4.845  39.022  21.165 0.0000000000
113852  -5.106  39.539  21.459 0.0000000000
113859  -4.973  39.395  20.398 0.0000000000
113860  -5.022  39.557  20.933 0.0000000000
113869  -5.102  39.328  19.625 0.0000000000
113870  -5.286  39.356  18.699 0.0000000000
113873  -5.597  39.320  17.700 0.0000000000
113877  -5.852  39.122  17.001 0.0000000000
113882  -6.357  39.191  16.375 0.0000000000
113883  -6.972  38.925  16.102 0.0000000000
113889  -6.791  39.392  15.950 0.0000000000
113890  -7.349  39.227  15.766 0.0000000000
113891  -7.954  39.475  15.339 0.0000000000
113896  -8.730  39.578  14.678 0.0000000000
113897  -9.354  39.352  14.216 0.0000000000
113903  -9.403  39.804  13.984 0.0000000000
113904  -9.797  39.570  13.744 0.0000000000
113911  -9.777  39.855  13.643 0.0000000000
113912  -10.022  39.786  13.336 0.0000000000
113918  -10.141  39.784  12.752 0.0000000000
113919  -10.037  39.818  12.034 0.0000000000
113927  -9.454  40.361  10.244 0.0000000000
113928  -9.505  40.006  10.849 0.0000000000
113929  -9.600  39.302  10.365 0.0000000000
113939  -9.351  40.253  9.817 0.0000000000
113940  -9.436  39.679  9.720 0.0000000000
113941  -9.806  39.047  9.610 0.0000000000
113948  -9.679  39.918  9.044 0.0000000000
113949  -9.731  39.585  8.778 0.0000000000
113950  -9.996  38.821  8.753 0.0000000000
113956  -9.796  39.238  7.925 0.0000000000
113957  -9.870  38.493  8.182 0.0000000000
114477  -6.550  40.230  24.919 0.0000000000
114485  -6.430  40.196  23.854 0.0000000000
114492  -5.628  39.850  22.244 0.0000000000
114493  -6.015  40.134  22.640 0.0000000000
114500  -5.468  40.031  21.863 0.0000000000
114501  -5.994  40.706  21.662 0.0000000000
114507  -5.030  39.930  20.059 0.0000000000
114508  -5.342  40.217  20.703 0.0000000000
114509  -6.186  41.074  20.765 0.0000000000
114518  -5.053  39.731  19.846 0.0000000000
114519  -5.293  40.211  19.342 0.0000000000
114520  -5.960  41.017  19.783 0.0000000000
114527  -5.725  40.215  17.975 0.0000000000
114528  -6.463  41.061  18.504 0.0000000000
114529  -7.236  41.341  18.288 0.0000000000
114535  -6.036  40.019  16.815 0.0000000000
114536  -6.819  40.594  17.316 0.0000000000
114537  -7.646  41.186  17.639 0.0000000000
114538  -8.348  41.422  17.419 0.0000000000
114544  -6.599  39.934  16.026 0.0000000000
114545  -7.196  40.265  16.373 0.0000000000
114546  -7.986  40.673  16.641 0.0000000000
114547  -8.546  41.201  16.897 0.0000000000
114553  -6.941  39.647  15.722 0.0000000000
114554  -7.309  39.956  15.616 0.0000000000
114555  -8.377  40.266  15.467 0.0000000000
114556  -9.114  41.052  15.815 0.0000000000
114557  -9.692  41.379  15.472 0.0000000000
114563  -9.293  40.173  14.397 0.0000000000
114564  -9.559  40.589  14.740 0.0000000000
114565  -10.041  41.194  14.807 0.0000000000
114566  -10.466  41.483  14.376 0.0000000000
114572  -9.788  40.084  13.764 0.0000000000
114573  -10.023  40.290  13.886 0.0000000000
114574  -10.343  40.681  13.953 0.0000000000
114575  -10.627  41.189  13.921 0.0000000000
114580  -9.941  39.943  13.483 0.0000000000
114581  -10.119  40.062  13.099 0.0000000000
114582  -10.409  40.414  12.993 0.0000000000
114583  -10.697  40.870  13.043 0.0000000000
114586  -10.136  39.978  12.449 0.0000000000
114587  -10.219  40.217  11.914 0.0000000000
114588  -10.604  40.642  12.023 0.0000000000
114593  -9.656  40.647  10.032 0.0000000000
114594  -10.147  40.478  10.763 0.0000000000
114595  -10.414  40.546  11.337 0.0000000000
114605  -9.641  40.489  9.194 0.0000000000
114615  -9.682  40.286  8.340 0.0000000000
114616  -9.725  39.827  8.123 0.0000000000
114622  -9.596  40.483  7.758 0.0000000000
114623  -9.634  40.052  7.503 0.0000000000
115157  -6.915  41.907  27.099 0.0000000000
115164  -7.059  41.922  26.151 0.0000000000
115171  -6.808  41.096  25.549 0.0000000000
115172  -7.294  41.861  25.171 0.0000000000
115178  -6.828  41.061  24.530 0.0000000000
115179  -7.469  41.721  24.122 0.0000000000
115187  -6.724  41.055  23.461 0.0000000000
115188  -7.383  41.719  23.044 0.0000000000
115196  -6.591  41.212  22.425 0.0000000000
115197  -7.256  41.860  22.060 0.0000000000
115206  -6.626  41.423  21.497 0.0000000000
115207  -7.223  41.908  21.170 0.0000000000
115218  -6.731  41.577  20.797 0.0000000000
115219  -7.132  41.904  20.385 0.0000000000
115229  -6.584  41.496  20.124 0.0000000000
115230  -7.082  41.805  19.645 0.0000000000
115238  -6.629  41.430  19.364 0.0000000000
115239  -7.264  41.622  18.837 0.0000000000
115240  -7.860  41.862  18.491 0.0000000000
115255  -7.636  41.543  18.219 0.0000000000
115256  -8.263  41.760  17.905 0.0000000000
115271  -8.872  41.752  17.181 0.0000000000
115272  -9.353  41.947  16.677 0.0000000000
115283  -9.092  41.509  16.497 0.0000000000
115284  -9.647  41.799  15.951 0.0000000000
115285  -10.079  42.079  15.372 0.0000000000
115297  -9.959  41.631  15.282 0.0000000000
115298  -10.396  41.857  14.794 0.0000000000
115308  -10.759  41.827  13.966 0.0000000000
115309  -11.100  41.980  13.313 0.0000000000
115312  -10.959  41.421  13.186 0.0000000000
115313  -11.302  41.791  12.622 0.0000000000
115315  -11.004  41.153  12.209 0.0000000000
115316  -11.362  41.679  11.644 0.0000000000
115318  -9.811  41.020  9.948 0.0000000000
115319  -10.040  40.876  10.035 0.0000000000
115320  -10.674  41.037  10.830 0.0000000000
115321  -11.322  41.818  10.618 0.0000000000
115325  -9.812  40.904  9.439 0.0000000000
115326  -10.168  41.204  9.538 0.0000000000
115327  -11.003  41.678  9.713 0.0000000000
115328  -11.318  42.091  9.778 0.0000000000
115336  -9.767  40.779  8.680 0.0000000000
115337  -10.367  41.729  8.837 0.0000000000
115338  -10.925  42.043  9.095 0.0000000000
115339  -11.295  42.258  9.259 0.0000000000
115347  -9.468  40.902  7.745 0.0000000000
115348  -9.534  40.521  7.490 0.0000000000
115355  -9.420  40.501  7.002 0.0000000000
115876  -7.102  43.028  28.580 0.0000000000
115884  -7.092  42.626  27.911 0.0000000000
115891  -7.331  42.722  26.753 0.0000000000
115898  -7.630  42.637  25.794 0.0000000000
115902  -8.047  42.681  24.780 0.0000000000
115903  -8.325  43.357  24.551 0.0000000000
115908  -8.096  42.329  23.581 0.0000000000
115909  -8.391  43.156  23.917 0.0000000000
115918  -8.024  42.265  22.525 0.0000000000
115919  -8.382  43.027  22.939 0.0000000000
115929  -7.901  42.295  21.548 0.0000000000
115930  -8.339  42.970  21.925 0.0000000000
115944  -7.752  42.277  20.647 0.0000000000
115945  -8.299  42.883  20.914 0.0000000000
115963  -7.572  42.197  19.876 0.0000000000
115964  -8.033  42.796  19.987 0.0000000000
115980  -7.526  42.008  19.310 0.0000000000
115981  -7.856  42.500  19.259 0.0000000000
116001  -7.760  42.076  18.884 0.0000000000
116002  -8.251  42.489  18.497 0.0000000000
116020  -8.895  42.548  17.599 0.0000000000
116021  -9.295  42.862  17.015 0.0000000000
116033  -9.234  42.330  17.016 0.0000000000
116034  -9.536  42.644  16.428 0.0000000000
116041  -9.890  42.675  15.600 0.0000000000
116042  -10.312  42.597  15.001 0.0000000000
116052  -10.630  42.530  14.399 0.0000000000
116064  -10.939  42.564  13.691 0.0000000000
116065  -11.302  42.475  13.009 0.0000000000
116075  -11.526  42.404  12.265 0.0000000000
116080  -11.618  42.483  11.398 0.0000000000
116082  -11.677  42.624  10.484 0.0000000000
116085  -9.844  41.060  8.993 0.0000000000
116086  -9.987  41.292  8.889 0.0000000000
116087  -11.716  42.721  9.556 0.0000000000
116088  -11.909  43.024  8.974 0.0000000000
116091  -9.757  41.154  8.478 0.0000000000
116092  -9.903  41.601  8.511 0.0000000000
116093  -10.365  42.043  8.531 0.0000000000
116094  -11.242  42.409  8.618 0.0000000000
116095  -11.762  43.036  8.364 0.0000000000
116102  -9.585  41.484  8.001 0.0000000000
116103  -9.744  42.055  7.947 0.0000000000
116104  -10.430  42.322  7.788 0.0000000000
116105  -11.061  42.651  7.630 0.0000000000
116106  -11.565  43.036  7.862 0.0000000000
116113  -9.200  41.801  7.192 0.0000000000
116114  -9.735  42.343  7.140 0.0000000000
116115  -10.274  42.623  7.010 0.0000000000
116116  -10.603  42.823  6.920 0.0000000000
116627  -6.487  43.522  29.530 0.0000000000
116628  -7.082  43.555  28.985 0.0000000000
116636  -7.269  43.625  28.209 0.0000000000
116642  -7.476  43.604  27.293 0.0000000000
116649  -7.879  43.595  26.203 0.0000000000
116650  -8.125  44.099  25.800 0.0000000000
116655  -8.021  43.138  25.535 0.0000000000
116656  -8.223  43.761  25.183 0.0000000000
116662  -8.442  43.900  24.219 0.0000000000
116672  -8.489  43.834  23.296 0.0000000000
116685  -8.511  43.780  22.299 0.0000000000
116704  -8.518  43.719  21.244 0.0000000000
116724  -8.379  43.612  20.177 0.0000000000
116743  -8.165  43.405  19.081 0.0000000000
116761  -8.778  43.451  18.071 0.0000000000
116774  -9.203  43.447  17.281 0.0000000000
116775  -9.449  43.467  16.631 0.0000000000
116789  -9.659  43.520  15.842 0.0000000000
116801  -10.137  43.508  14.890 0.0000000000
116802  -10.486  43.018  14.652 0.0000000000
116811  -10.345  43.899  14.338 0.0000000000
116812  -10.662  43.425  14.116 0.0000000000
116822  -11.129  43.260  13.294 0.0000000000
116823  -11.432  42.993  12.705 0.0000000000
116841  -11.592  43.212  12.104 0.0000000000
116858  -11.721  43.431  11.258 0.0000000000
116866  -11.830  43.548  10.328 0.0000000000
116872  -11.905  43.665  9.530 0.0000000000
116873  -11.976  43.747  8.912 0.0000000000
116875  -11.984  43.828  8.488 0.0000000000
116880  -11.025  42.827  7.159 0.0000000000
116881  -11.768  44.012  7.478 0.0000000000
116892  -10.367  43.075  6.573 0.0000000000
117407  -6.170  44.394  29.792 0.0000000000
117408  -6.764  44.413  29.250 0.0000000000
117417  -7.216  44.439  28.596 0.0000000000
117424  -7.454  44.509  27.773 0.0000000000
117434  -7.714  44.572  26.808 0.0000000000
117435  -7.979  44.381  26.129 0.0000000000
117446  -7.861  44.960  26.152 0.0000000000
117447  -8.068  44.684  25.525 0.0000000000
117459  -8.314  44.737  24.598 0.0000000000
117473  -8.488  44.617  23.649 0.0000000000
117488  -8.507  44.590  22.688 0.0000000000
117503  -8.536  44.623  21.622 0.0000000000
117517  -8.461  44.564  20.499 0.0000000000
117530  -8.263  44.434  19.418 0.0000000000
117545  -8.526  44.422  18.371 0.0000000000
117561  -8.958  44.497  17.203 0.0000000000
117562  -9.349  43.977  16.879 0.0000000000
117576  -8.908  44.938  16.454 0.0000000000
117577  -9.301  44.405  16.220 0.0000000000
117592  -9.607  44.412  15.192 0.0000000000
117603  -9.973  44.464  14.141 0.0000000000
117604  -10.451  44.073  13.998 0.0000000000
117615  -10.091  44.888  13.535 0.0000000000
117616  -10.730  44.425  13.260 0.0000000000
117617  -11.307  43.654  12.725 0.0000000000
117629  -10.937  44.824  12.491 0.0000000000
117630  -11.358  44.335  12.110 0.0000000000
117645  -11.666  44.461  11.010 0.0000000000
117654  -11.850  44.520  10.092 0.0000000000
117661  -11.936  44.562  9.330 0.0000000000
117662  -11.994  44.511  8.836 0.0000000000
117666  -12.087  44.983  8.590 0.0000000000
118157  -5.443  45.410  30.479 0.0000000000
118158  -5.836  45.078  29.979 0.0000000000
118164  -5.721  45.747  29.908 0.0000000000
118165  -6.314  45.419  29.383 0.0000000000
118166  -6.920  45.102  28.869 0.0000000000
118175  -6.770  45.764  28.698 0.0000000000
118176  -7.259  45.400  28.214 0.0000000000
118186  -7.475  45.403  27.389 0.0000000000
118197  -7.595  45.555  26.552 0.0000000000
118210  -7.736  45.575  25.643 0.0000000000
118211  -7.961  45.252  25.025 0.0000000000
118222  -7.789  45.806  24.909 0.0000000000
118223  -8.066  45.537  24.464 0.0000000000
118232  -8.345  45.340  23.920 0.0000000000
118240  -8.365  45.316  23.103 0.0000000000
118247  -8.371  45.410  22.118 0.0000000000
118256  -7.968  46.080  20.464 0.0000000000
118257  -8.195  45.679  20.867 0.0000000000
118264  -7.913  46.024  20.029 0.0000000000
118265  -8.092  45.314  19.773 0.0000000000
118272  -7.877  45.940  19.190 0.0000000000
118273  -8.037  45.343  18.620 0.0000000000
118281  -8.331  45.292  17.604 0.0000000000
118289  -8.391  45.576  16.380 0.0000000000
118290  -8.917  45.167  15.974 0.0000000000
118299  -8.776  45.772  15.314 0.0000000000
118300  -9.192  45.059  15.461 0.0000000000
118304  -8.983  46.086  14.766 0.0000000000
118305  -9.351  45.480  14.565 0.0000000000
118308  -9.764  45.367  13.705 0.0000000000
118309  -10.120  45.387  13.158 0.0000000000
118313  -10.642  45.509  12.416 0.0000000000
118314  -11.027  45.034  12.150 0.0000000000
118326  -10.740  45.976  11.826 0.0000000000
118327  -11.136  45.448  11.545 0.0000000000
118339  -11.579  45.452  10.564 0.0000000000
118344  -11.858  45.494  9.726 0.0000000000
118345  -12.001  45.540  8.910 0.0000000000
118830  -4.929  46.894  30.530 0.0000000000
118831  -5.293  46.439  30.247 0.0000000000
118834  -5.808  46.390  29.489 0.0000000000
118835  -6.312  46.364  28.845 0.0000000000
118837  -6.934  46.480  28.082 0.0000000000
118838  -7.312  45.943  27.737 0.0000000000
118843  -7.012  46.923  27.524 0.0000000000
118844  -7.301  46.400  27.150 0.0000000000
118849  -7.465  46.409  26.112 0.0000000000
118855  -7.603  46.428  25.202 0.0000000000
118859  -7.823  46.311  24.245 0.0000000000
118860  -8.086  45.768  24.045 0.0000000000
118862  -7.835  46.618  23.241 0.0000000000
118863  -8.075  45.884  23.539 0.0000000000
118865  -7.851  46.776  22.299 0.0000000000
118866  -8.069  46.014  22.674 0.0000000000
118869  -7.871  46.829  21.396 0.0000000000
118870  -8.049  46.161  21.745 0.0000000000
118874  -7.891  46.578  20.484 0.0000000000
118875  -7.976  46.300  21.122 0.0000000000
118880  -7.788  46.657  19.374 0.0000000000
118887  -7.726  46.424  18.153 0.0000000000
118888  -8.002  45.774  17.881 0.0000000000
118897  -7.262  46.718  16.936 0.0000000000
118898  -7.821  46.008  17.166 0.0000000000
118906  -7.070  46.873  16.310 0.0000000000
118907  -7.527  46.521  16.139 0.0000000000
118916  -8.073  46.434  15.308 0.0000000000
118922  -8.615  46.491  14.723 0.0000000000
118923  -9.050  46.432  14.300 0.0000000000
118927  -9.503  46.237  13.663 0.0000000000
118928  -9.820  45.844  13.333 0.0000000000
118933  -9.503  46.822  13.234 0.0000000000
118934  -9.913  46.376  12.815 0.0000000000
118939  -10.471  46.534  11.991 0.0000000000
118940  -10.775  46.428  11.383 0.0000000000
118950  -11.128  46.336  10.813 0.0000000000
118956  -11.563  46.439  10.093 0.0000000000
119485  -4.565  47.424  30.578 0.0000000000
119486  -4.995  47.186  30.175 0.0000000000
119489  -4.738  47.724  29.918 0.0000000000
119490  -5.275  47.329  29.457 0.0000000000
119491  -5.811  46.949  28.963 0.0000000000
119494  -5.567  47.569  28.673 0.0000000000
119495  -6.186  47.128  28.385 0.0000000000
119497  -5.848  47.795  28.041 0.0000000000
119498  -6.485  47.455  27.539 0.0000000000
119499  -7.024  47.178  27.143 0.0000000000
119502  -6.700  47.651  26.785 0.0000000000
119503  -7.198  47.160  26.504 0.0000000000
119506  -6.865  47.744  26.098 0.0000000000
119507  -7.315  47.292  25.567 0.0000000000
119509  -7.518  47.155  24.710 0.0000000000
119511  -7.609  47.266  23.827 0.0000000000
119516  -7.604  47.452  22.867 0.0000000000
119521  -7.615  47.557  21.877 0.0000000000
119526  -7.616  47.528  20.863 0.0000000000
119535  -7.572  47.489  19.789 0.0000000000
119547  -7.380  47.406  18.650 0.0000000000
119557  -7.025  47.325  17.526 0.0000000000
119565  -6.687  47.401  16.368 0.0000000000
119566  -7.013  47.042  15.871 0.0000000000
119575  -6.856  47.547  15.572 0.0000000000
119576  -7.375  47.234  15.199 0.0000000000
119585  -8.236  47.328  14.403 0.0000000000
119586  -8.710  46.879  14.268 0.0000000000
119592  -8.590  47.850  13.865 0.0000000000
119593  -9.044  47.294  13.672 0.0000000000
119598  -9.576  47.400  12.825 0.0000000000
119599  -10.100  47.404  12.165 0.0000000000
119606  -10.525  47.433  11.273 0.0000000000
119607  -10.807  46.888  10.943 0.0000000000
120176  -3.754  48.471  31.011 0.0000000000
120177  -4.116  47.887  30.765 0.0000000000
120186  -3.826  48.775  30.401 0.0000000000
120187  -4.184  48.318  30.191 0.0000000000
120190  -4.651  48.333  29.137 0.0000000000
120191  -5.161  47.890  28.893 0.0000000000
120194  -4.681  48.738  28.492 0.0000000000
120195  -5.169  48.335  28.290 0.0000000000
120197  -5.738  48.386  27.224 0.0000000000
120198  -6.297  47.961  26.988 0.0000000000
120201  -5.697  48.705  26.534 0.0000000000
120202  -6.203  48.287  26.340 0.0000000000
120204  -6.714  48.163  25.203 0.0000000000
120205  -7.234  47.639  24.977 0.0000000000
120207  -6.796  48.514  24.041 0.0000000000
120208  -7.249  47.837  24.386 0.0000000000
120210  -6.977  48.678  23.229 0.0000000000
120211  -7.295  48.046  23.477 0.0000000000
120216  -6.859  49.024  22.671 0.0000000000
120217  -7.287  48.339  22.480 0.0000000000
120222  -6.956  49.063  21.832 0.0000000000
120223  -7.307  48.323  21.356 0.0000000000
120236  -6.785  48.966  20.811 0.0000000000
120237  -7.233  48.301  20.276 0.0000000000
120251  -6.467  48.824  19.771 0.0000000000
120252  -7.001  48.253  19.140 0.0000000000
120265  -5.424  48.920  18.283 0.0000000000
120266  -5.874  48.747  18.601 0.0000000000
120267  -6.552  47.977  18.092 0.0000000000
120273  -5.338  48.839  17.888 0.0000000000
120274  -5.781  48.386  17.562 0.0000000000
120275  -6.264  47.876  17.068 0.0000000000
120283  -5.231  48.770  17.114 0.0000000000
120284  -5.675  48.513  16.578 0.0000000000
120285  -6.164  48.075  16.267 0.0000000000
120295  -5.918  48.559  15.925 0.0000000000
120296  -6.480  48.301  15.532 0.0000000000
120297  -6.994  47.961  15.091 0.0000000000
120307  -7.016  48.629  14.955 0.0000000000
120308  -7.588  48.304  14.584 0.0000000000
120317  -8.299  48.414  13.972 0.0000000000
120318  -8.845  48.406  13.496 0.0000000000
120330  -9.287  48.282  12.914 0.0000000000
120331  -9.725  48.243  12.288 0.0000000000
120892  -3.314  49.534  31.352 0.0000000000
120901  -3.537  49.410  30.255 0.0000000000
120902  -3.890  48.895  30.113 0.0000000000
120905  -3.646  49.845  29.218 0.0000000000
120906  -4.031  49.056  29.562 0.0000000000
120909  -3.717  50.094  28.651 0.0000000000
120910  -4.260  49.480  28.392 0.0000000000
120911  -4.742  48.885  28.190 0.0000000000
120913  -4.476  49.829  27.177 0.0000000000
120914  -4.916  49.043  27.602 0.0000000000
120917  -4.585  50.039  26.572 0.0000000000
120918  -5.204  49.422  26.367 0.0000000000
120919  -5.730  48.809  26.214 0.0000000000
120921  -5.536  49.755  25.098 0.0000000000
120922  -5.904  48.903  25.628 0.0000000000
120924  -5.790  49.970  24.010 0.0000000000
120925  -6.150  49.068  24.554 0.0000000000
120930  -5.874  50.106  22.926 0.0000000000
120931  -6.415  49.279  23.401 0.0000000000
120938  -5.821  50.137  21.867 0.0000000000
120939  -6.427  49.572  22.346 0.0000000000
120952  -5.640  49.996  20.862 0.0000000000
120953  -6.296  49.530  21.344 0.0000000000
120965  -5.460  49.817  19.937 0.0000000000
120966  -6.038  49.358  20.373 0.0000000000
120972  -5.248  49.627  19.151 0.0000000000
120973  -5.755  49.243  19.450 0.0000000000
120982  -5.129  49.284  18.364 0.0000000000
120983  -5.492  49.204  18.885 0.0000000000
120991  -4.506  49.949  16.926 0.0000000000
120992  -4.829  49.268  17.392 0.0000000000
121006  -4.661  50.016  16.415 0.0000000000
121007  -5.058  49.441  16.260 0.0000000000
121008  -5.594  48.899  16.014 0.0000000000
121024  -5.450  49.888  15.580 0.0000000000
121025  -5.888  49.280  15.482 0.0000000000
121026  -6.661  49.271  15.031 0.0000000000
121042  -7.350  49.359  14.628 0.0000000000
121043  -8.032  49.330  14.132 0.0000000000
121060  -8.638  49.327  13.576 0.0000000000
121636  -2.763  51.137  31.215 0.0000000000
121637  -3.017  50.768  31.667 0.0000000000
121647  -2.690  51.063  30.844 0.0000000000
121648  -2.959  50.331  30.645 0.0000000000
121651  -2.624  50.985  30.010 0.0000000000
121652  -3.085  50.359  29.662 0.0000000000
121655  -2.685  51.022  29.107 0.0000000000
121656  -3.210  50.526  28.703 0.0000000000
121657  -3.651  50.329  28.218 0.0000000000
121659  -2.732  51.099  28.329 0.0000000000
121660  -3.095  50.852  27.744 0.0000000000
121661  -3.862  50.416  27.531 0.0000000000
121664  -3.378  50.998  26.912 0.0000000000
121665  -4.108  50.585  26.618 0.0000000000
121666  -4.598  50.317  26.145 0.0000000000
121668  -3.646  51.222  26.242 0.0000000000
121669  -4.147  50.966  25.679 0.0000000000
121670  -4.863  50.390  25.443 0.0000000000
121675  -4.410  50.976  24.800 0.0000000000
121676  -5.119  50.561  24.482 0.0000000000
121682  -4.647  51.137  23.962 0.0000000000
121683  -5.261  50.677  23.472 0.0000000000
121695  -4.794  51.243  23.010 0.0000000000
121696  -5.276  50.709  22.423 0.0000000000
121709  -4.806  51.248  21.950 0.0000000000
121710  -5.206  50.664  21.354 0.0000000000
121717  -4.687  51.215  20.773 0.0000000000
121718  -5.063  50.467  20.324 0.0000000000
121729  -4.513  50.825  19.550 0.0000000000
121730  -4.978  50.167  19.542 0.0000000000
121743  -4.223  50.755  18.422 0.0000000000
121744  -4.687  50.065  18.821 0.0000000000
121756  -4.195  50.715  17.394 0.0000000000
121757  -4.474  49.941  17.885 0.0000000000
121773  -4.542  50.690  16.447 0.0000000000
121774  -4.758  50.133  16.153 0.0000000000
121789  -4.796  51.103  16.017 0.0000000000
121790  -5.102  50.555  15.761 0.0000000000
121791  -5.964  50.423  15.128 0.0000000000
121792  -6.357  49.812  15.069 0.0000000000
121806  -6.481  50.905  14.813 0.0000000000
121807  -6.896  50.330  14.755 0.0000000000
121808  -7.736  50.295  14.231 0.0000000000
122369  -3.777  51.499  32.305 0.0000000000
122370  -4.646  51.735  32.789 0.0000000000
122371  -5.189  51.747  33.084 0.0000000000
122379  -2.744  51.590  31.094 0.0000000000
122380  -3.144  51.739  31.645 0.0000000000
122391  -2.495  51.647  30.319 0.0000000000
122394  -2.468  51.676  29.443 0.0000000000
122397  -2.509  51.670  28.546 0.0000000000
122400  -2.601  51.605  27.658 0.0000000000
122401  -2.887  51.368  27.103 0.0000000000
122404  -2.651  51.833  26.944 0.0000000000
122405  -3.068  51.675  26.426 0.0000000000
122408  -3.567  51.682  25.560 0.0000000000
122409  -3.970  51.398  25.010 0.0000000000
122416  -3.769  51.791  24.716 0.0000000000
122417  -4.128  51.469  24.370 0.0000000000
122427  -3.942  51.772  24.151 0.0000000000
122428  -4.319  51.674  23.642 0.0000000000
122439  -4.490  51.717  22.630 0.0000000000
122445  -4.569  51.703  21.565 0.0000000000
122452  -4.562  51.753  20.754 0.0000000000
122459  -4.495  51.639  19.965 0.0000000000
122466  -4.201  51.589  18.963 0.0000000000
122473  -4.008  51.583  17.902 0.0000000000
122481  -4.172  51.586  16.920 0.0000000000
122496  -4.565  51.632  16.199 0.0000000000
122497  -5.036  51.574  15.705 0.0000000000
122498  -5.596  51.371  15.278 0.0000000000
122510  -6.175  51.415  14.907 0.0000000000
122511  -6.868  51.486  14.589 0.0000000000
122512  -7.413  51.049  14.261 0.0000000000
123020  -6.007  52.243  33.105 0.0000000000
123029  -3.502  52.250  31.821 0.0000000000
123030  -4.182  52.561  32.225 0.0000000000
123031  -5.296  52.485  32.797 0.0000000000
123032  -6.052  52.812  33.025 0.0000000000
123039  -2.569  52.212  30.601 0.0000000000
123040  -2.976  52.588  31.200 0.0000000000
123041  -3.538  52.894  31.747 0.0000000000
123051  -2.450  52.423  29.823 0.0000000000
123052  -2.639  52.791  30.428 0.0000000000
123055  -2.439  52.365  28.859 0.0000000000
123057  -2.413  52.305  27.961 0.0000000000
123060  -2.510  52.285  27.197 0.0000000000
123064  -2.703  52.358  26.568 0.0000000000
123065  -3.132  52.365  25.923 0.0000000000
123069  -3.620  52.408  25.104 0.0000000000
123070  -3.943  52.758  24.965 0.0000000000
123078  -3.849  52.118  24.258 0.0000000000
123079  -4.031  52.531  24.470 0.0000000000
123090  -4.005  51.941  23.830 0.0000000000
123091  -4.419  52.344  23.492 0.0000000000
123092  -5.011  52.834  23.268 0.0000000000
123100  -4.646  52.136  22.165 0.0000000000
123101  -5.087  52.632  22.603 0.0000000000
123107  -4.651  52.078  21.157 0.0000000000
123108  -5.140  52.457  21.576 0.0000000000
123115  -4.645  52.043  20.325 0.0000000000
123116  -5.021  52.349  20.611 0.0000000000
123121  -4.580  52.283  19.450 0.0000000000
123122  -4.876  52.275  20.005 0.0000000000
123128  -4.267  52.387  18.386 0.0000000000
123136  -4.116  52.487  17.328 0.0000000000
123145  -4.355  52.460  16.435 0.0000000000
123158  -4.790  52.405  15.796 0.0000000000
123159  -5.474  52.400  15.284 0.0000000000
123160  -5.886  51.904  15.060 0.0000000000
123169  -5.825  52.981  15.024 0.0000000000
123170  -6.297  52.436  14.830 0.0000000000
123612  -9.087  54.265  34.809 0.0000000000
123613  -9.925  54.317  35.042 0.0000000000
123614  -10.399  54.494  34.970 0.0000000000
123615  -6.977  53.778  33.856 0.0000000000
123616  -7.920  53.591  34.234 0.0000000000
123617  -8.830  53.415  34.426 0.0000000000
123618  -9.780  53.414  34.661 0.0000000000
123619  -10.799  53.831  34.609 0.0000000000
123622  -4.659  53.665  32.348 0.0000000000
123623  -5.638  53.621  32.879 0.0000000000
123624  -6.353  53.450  33.283 0.0000000000
123630  -3.421  53.595  31.373 0.0000000000
123631  -3.886  53.435  31.925 0.0000000000
123639  -2.602  53.142  29.903 0.0000000000
123640  -2.951  53.531  30.520 0.0000000000
123642  -2.521  53.095  29.162 0.0000000000
123643  -2.829  53.764  29.537 0.0000000000
123646  -2.476  53.025  28.258 0.0000000000
123647  -2.737  53.742  28.613 0.0000000000
123652  -2.520  52.905  27.374 0.0000000000
123653  -2.765  53.610  27.673 0.0000000000
123658  -2.603  52.727  26.864 0.0000000000
123659  -3.119  53.294  26.532 0.0000000000
123660  -3.874  53.709  26.279 0.0000000000
123661  -13.939  53.852  25.862 0.0000000000
123664  -3.447  52.817  25.759 0.0000000000
123665  -4.090  53.271  25.553 0.0000000000
123666  -4.648  53.763  25.179 0.0000000000
123667  -13.740  53.725  24.938 0.0000000000
123672  -4.174  52.940  24.778 0.0000000000
123673  -4.564  53.354  24.725 0.0000000000
123681  -4.415  52.852  24.270 0.0000000000
123682  -4.995  53.241  23.907 0.0000000000
123688  -5.474  53.341  23.026 0.0000000000
123693  -5.656  53.199  22.039 0.0000000000
123699  -5.582  53.030  20.971 0.0000000000
123704  -4.817  52.618  19.320 0.0000000000
123705  -5.206  52.919  19.737 0.0000000000
123710  -4.733  52.849  18.879 0.0000000000
123711  -5.222  53.601  18.700 0.0000000000
123720  -4.652  53.413  17.742 0.0000000000
123721  -5.213  54.017  18.038 0.0000000000
123736  -4.373  53.295  16.649 0.0000000000
123747  -4.647  53.267  15.848 0.0000000000
123748  -5.037  53.047  15.503 0.0000000000
123753  -4.966  53.560  15.381 0.0000000000
123754  -5.398  53.448  15.111 0.0000000000
123755  -6.065  53.551  14.689 0.0000000000
124203  -7.859  55.252  34.731 0.0000000000
124204  -8.348  55.062  34.816 0.0000000000
124205  -9.276  55.067  35.115 0.0000000000
124206  -10.080  54.998  35.088 0.0000000000
124207  -6.725  54.741  34.098 0.0000000000
124208  -7.509  54.878  34.450 0.0000000000
124209  -8.341  54.266  34.552 0.0000000000
124210  -10.657  54.869  34.807 0.0000000000
124211  -11.408  54.709  34.394 0.0000000000
124212  -12.081  54.636  33.842 0.0000000000
124213  -4.507  54.524  32.394 0.0000000000
124214  -5.134  54.588  32.828 0.0000000000
124215  -6.056  54.626  33.571 0.0000000000
124222  -3.531  54.076  31.392 0.0000000000
124223  -3.871  54.410  31.766 0.0000000000
124230  -3.384  54.200  31.018 0.0000000000
124231  -3.678  54.969  30.852 0.0000000000
124234  -3.302  54.470  30.049 0.0000000000
124235  -3.744  55.197  30.084 0.0000000000
124238  -3.164  54.469  28.990 0.0000000000
124239  -3.500  54.753  28.480 0.0000000000
124240  -14.102  55.214  27.918 0.0000000000
124241  -14.414  55.057  27.940 0.0000000000
124245  -3.132  54.270  28.136 0.0000000000
124246  -3.766  54.663  27.845 0.0000000000
124247  -13.964  55.034  27.597 0.0000000000
124248  -14.473  54.393  27.364 0.0000000000
124250  -3.307  54.065  27.383 0.0000000000
124251  -4.028  54.296  26.885 0.0000000000
124252  -4.604  54.534  26.453 0.0000000000
124253  -13.111  55.104  26.283 0.0000000000
124254  -13.531  54.779  26.591 0.0000000000
124255  -14.275  53.955  26.602 0.0000000000
124256  -4.279  54.024  26.171 0.0000000000
124257  -4.777  54.310  25.729 0.0000000000
124258  -13.021  55.070  25.834 0.0000000000
124259  -13.393  54.464  25.430 0.0000000000
124260  -5.095  54.181  24.713 0.0000000000
124261  -12.860  55.044  24.883 0.0000000000
124262  -13.320  54.389  24.421 0.0000000000
124267  -5.578  54.248  23.656 0.0000000000
124268  -12.840  55.069  23.888 0.0000000000
124269  -13.299  54.431  23.434 0.0000000000
124275  -6.039  54.295  22.520 0.0000000000
124276  -6.244  54.730  21.760 0.0000000000
124277  -12.930  55.103  23.030 0.0000000000
124278  -13.275  54.657  22.417 0.0000000000
124283  -6.095  53.913  21.484 0.0000000000
124284  -6.296  54.694  21.097 0.0000000000
124285  -13.435  54.615  21.536 0.0000000000
124290  -5.942  53.876  20.490 0.0000000000
124291  -6.296  54.845  20.228 0.0000000000
124292  -13.682  54.677  20.649 0.0000000000
124298  -5.794  54.116  19.476 0.0000000000
124299  -6.220  55.057  19.290 0.0000000000
124308  -5.703  54.550  18.471 0.0000000000
124309  -6.114  55.327  18.605 0.0000000000
124323  -4.693  53.991  16.729 0.0000000000
124324  -5.308  54.597  17.324 0.0000000000
124338  -4.577  53.998  15.958 0.0000000000
124339  -5.050  54.634  16.155 0.0000000000
124345  -4.884  53.966  15.333 0.0000000000
124346  -5.103  54.632  15.345 0.0000000000
124351  -5.110  53.879  15.087 0.0000000000
124808  -7.125  55.985  34.552 0.0000000000
124809  -7.778  55.713  34.763 0.0000000000
124810  -8.718  55.865  34.706 0.0000000000
124811  -9.686  55.537  34.712 0.0000000000
124812  -10.243  55.292  34.723 0.0000000000
124813  -5.715  55.939  33.980 0.0000000000
124814  -6.495  55.614  34.251 0.0000000000
124815  -7.214  55.585  34.556 0.0000000000
124816  -8.763  56.184  34.286 0.0000000000
124817  -9.278  56.066  34.265 0.0000000000
124818  -10.504  55.711  34.149 0.0000000000
124819  -11.720  55.327  33.817 0.0000000000
124820  -12.292  55.114  33.637 0.0000000000
124821  -4.583  55.408  32.502 0.0000000000
124822  -5.354  55.574  33.419 0.0000000000
124823  -5.842  55.443  33.898 0.0000000000
124824  -10.667  56.153  33.487 0.0000000000
124825  -11.314  55.999  33.371 0.0000000000
124826  -12.451  55.615  33.065 0.0000000000
124831  -4.080  55.634  31.539 0.0000000000
124837  -4.116  55.750  30.561 0.0000000000
124842  -3.569  55.080  29.358 0.0000000000
124843  -4.130  55.696  29.627 0.0000000000
124844  -14.314  55.799  28.902 0.0000000000
124849  -3.513  54.952  28.845 0.0000000000
124850  -4.017  55.373  28.622 0.0000000000
124851  -13.248  55.747  27.957 0.0000000000
124852  -13.911  55.504  28.220 0.0000000000
124857  -4.596  55.298  27.535 0.0000000000
124858  -5.028  55.829  27.204 0.0000000000
124859  -12.075  56.018  26.941 0.0000000000
124860  -12.780  55.718  27.385 0.0000000000
124861  -13.411  55.337  27.464 0.0000000000
124862  -4.625  54.838  26.870 0.0000000000
124863  -5.044  55.312  26.542 0.0000000000
124864  -11.884  55.999  25.980 0.0000000000
124865  -12.727  55.425  26.425 0.0000000000
124866  -13.095  55.295  26.973 0.0000000000
124867  -5.288  55.253  25.398 0.0000000000
124868  -11.782  56.141  25.035 0.0000000000
124869  -12.387  55.540  25.410 0.0000000000
124870  -5.510  55.265  24.334 0.0000000000
124871  -11.772  56.258  24.496 0.0000000000
124872  -12.190  55.782  24.313 0.0000000000
124873  -5.838  55.362  23.266 0.0000000000
124874  -12.449  55.743  23.234 0.0000000000
124878  -6.106  55.580  22.089 0.0000000000
124879  -6.275  55.185  21.515 0.0000000000
124880  -12.878  55.721  22.187 0.0000000000
124881  -13.191  55.142  21.816 0.0000000000
124885  -6.053  56.112  21.596 0.0000000000
124886  -6.239  55.688  21.061 0.0000000000
124887  -13.068  56.207  21.577 0.0000000000
124888  -13.349  55.657  21.171 0.0000000000
124892  -6.328  55.823  19.985 0.0000000000
124893  -13.956  55.656  20.128 0.0000000000
124894  -14.430  56.076  19.840 0.0000000000
124899  -6.276  55.914  19.080 0.0000000000
124913  -5.878  55.299  17.951 0.0000000000
124914  -6.079  55.924  18.301 0.0000000000
124926  -5.721  55.702  17.337 0.0000000000
124927  -5.902  55.853  17.816 0.0000000000
124934  -5.444  55.450  16.493 0.0000000000
124939  -5.255  55.473  15.507 0.0000000000
125416  -7.491  56.251  34.447 0.0000000000
125417  -8.120  56.273  34.429 0.0000000000
125418  -8.530  56.245  34.327 0.0000000000
125419  -5.364  56.836  33.639 0.0000000000
125420  -5.872  56.592  34.017 0.0000000000
125421  -6.806  56.544  34.253 0.0000000000
125422  -7.620  56.633  34.100 0.0000000000
125423  -8.518  56.473  33.893 0.0000000000
125424  -9.532  56.323  33.727 0.0000000000
125425  -10.205  56.283  33.487 0.0000000000
125426  -5.005  56.498  33.135 0.0000000000
125427  -5.415  56.331  33.708 0.0000000000
125428  -9.023  56.705  33.346 0.0000000000
125429  -9.723  56.622  33.140 0.0000000000
125430  -10.627  56.571  32.860 0.0000000000
125431  -11.743  56.494  32.612 0.0000000000
125432  -12.761  56.461  32.192 0.0000000000
125435  -4.538  56.509  32.172 0.0000000000
125436  -11.161  56.952  32.167 0.0000000000
125437  -11.903  57.057  31.685 0.0000000000
125438  -12.862  56.904  31.320 0.0000000000
125439  -13.626  56.714  30.961 0.0000000000
125441  -4.423  56.565  31.145 0.0000000000
125442  -12.096  57.120  30.681 0.0000000000
125443  -12.895  56.869  30.392 0.0000000000
125444  -13.668  56.597  30.067 0.0000000000
125446  -4.548  56.528  30.108 0.0000000000
125447  -12.096  56.897  29.761 0.0000000000
125448  -12.846  56.549  29.434 0.0000000000
125449  -13.708  56.144  29.065 0.0000000000
125451  -4.602  56.388  29.069 0.0000000000
125452  -4.928  56.613  28.470 0.0000000000
125453  -11.981  56.620  28.828 0.0000000000
125454  -12.720  56.164  28.313 0.0000000000
125455  -13.403  55.916  28.394 0.0000000000
125456  -4.680  55.990  28.310 0.0000000000
125457  -5.057  56.355  27.766 0.0000000000
125458  -10.942  57.073  27.537 0.0000000000
125459  -11.594  56.594  27.713 0.0000000000
125460  -12.279  56.115  27.590 0.0000000000
125461  -5.191  56.369  26.929 0.0000000000
125462  -10.909  56.978  26.914 0.0000000000
125463  -11.418  56.526  26.533 0.0000000000
125464  -5.369  56.262  26.018 0.0000000000
125465  -10.908  56.971  26.168 0.0000000000
125466  -11.233  56.704  25.527 0.0000000000
125467  -5.455  56.251  24.989 0.0000000000
125468  -11.378  56.754  24.538 0.0000000000
125469  -11.752  56.410  24.117 0.0000000000
125470  -5.575  56.313  23.955 0.0000000000
125471  -11.544  56.968  23.769 0.0000000000
125472  -11.954  56.403  23.507 0.0000000000
125473  -5.715  56.461  22.911 0.0000000000
125474  -11.845  57.093  23.172 0.0000000000
125475  -12.296  56.692  22.613 0.0000000000
125476  -5.766  56.672  21.912 0.0000000000
125477  -5.977  56.443  21.285 0.0000000000
125478  -12.793  56.739  21.774 0.0000000000
125479  -13.200  56.710  21.136 0.0000000000
125480  -5.740  57.003  21.240 0.0000000000
125481  -6.059  56.698  20.584 0.0000000000
125482  -13.669  56.603  20.464 0.0000000000
125483  -14.276  56.572  19.965 0.0000000000
125491  -6.198  56.688  19.610 0.0000000000
125492  -14.840  56.458  19.741 0.0000000000
125493  -15.536  56.353  19.592 0.0000000000
125501  -6.130  56.674  18.709 0.0000000000
125505  -5.751  56.123  17.305 0.0000000000
125506  -5.888  56.501  17.646 0.0000000000
125510  -5.670  56.159  16.908 0.0000000000
125511  -5.797  56.887  16.664 0.0000000000
125516  -5.503  56.261  16.004 0.0000000000
125987  -5.197  57.190  33.319 0.0000000000
125988  -5.580  57.267  33.575 0.0000000000
125989  -6.223  57.223  33.783 0.0000000000
125990  -7.049  57.161  33.726 0.0000000000
125991  -7.760  56.943  33.614 0.0000000000
125992  -4.912  57.322  32.686 0.0000000000
125993  -7.439  57.310  33.227 0.0000000000
125994  -8.239  57.138  33.047 0.0000000000
125995  -9.168  57.062  32.830 0.0000000000
125996  -9.851  56.961  32.590 0.0000000000
125997  -4.735  57.432  31.717 0.0000000000
125998  -8.737  57.462  32.512 0.0000000000
125999  -9.399  57.410  32.099 0.0000000000
126000  -10.348  57.166  31.963 0.0000000000
126001  -11.051  57.193  31.552 0.0000000000
126002  -4.743  57.469  30.660 0.0000000000
126003  -9.786  57.545  31.373 0.0000000000
126004  -10.494  57.410  31.088 0.0000000000
126005  -11.256  57.273  30.862 0.0000000000
126006  -4.884  57.433  29.522 0.0000000000
126007  -5.039  57.640  28.831 0.0000000000
126008  -9.944  57.706  30.674 0.0000000000
126009  -10.524  57.532  30.180 0.0000000000
126010  -11.351  57.200  29.996 0.0000000000
126011  -4.932  57.081  28.836 0.0000000000
126012  -5.108  57.262  28.282 0.0000000000
126013  -10.757  57.436  29.336 0.0000000000
126014  -11.364  56.974  29.130 0.0000000000
126015  -5.178  57.207  27.460 0.0000000000
126016  -10.854  57.294  28.277 0.0000000000
126017  -11.425  56.846  28.485 0.0000000000
126018  -5.229  57.183  26.570 0.0000000000
126019  -10.558  57.531  27.280 0.0000000000
126020  -5.294  57.167  25.610 0.0000000000
126021  -10.512  57.575  26.297 0.0000000000
126022  -10.751  57.301  25.646 0.0000000000
126023  -5.337  57.199  24.611 0.0000000000
126024  -10.502  57.871  25.470 0.0000000000
126025  -10.855  57.548  24.890 0.0000000000
126026  -5.366  57.293  23.605 0.0000000000
126027  -11.147  57.594  24.089 0.0000000000
126028  -5.372  57.465  22.602 0.0000000000
126029  -11.518  57.759  23.369 0.0000000000
126030  -11.973  57.706  22.653 0.0000000000
126031  -5.444  57.632  21.658 0.0000000000
126032  -12.493  57.606  21.958 0.0000000000
126033  -12.987  57.562  21.262 0.0000000000
126039  -5.648  57.629  20.785 0.0000000000
126040  -5.951  57.500  20.002 0.0000000000
126041  -13.543  57.512  20.672 0.0000000000
126042  -14.290  57.483  20.132 0.0000000000
126043  -15.256  57.558  20.202 0.0000000000
126051  -6.081  57.478  19.242 0.0000000000
126052  -14.790  57.067  19.856 0.0000000000
126053  -15.424  56.950  19.913 0.0000000000
126057  -5.994  57.541  18.346 0.0000000000
126061  -5.929  57.624  17.346 0.0000000000
126569  -5.309  57.744  33.040 0.0000000000
126570  -5.805  57.815  33.258 0.0000000000
126571  -6.531  57.695  33.275 0.0000000000
126572  -7.039  57.530  33.233 0.0000000000
126573  -5.152  58.204  32.152 0.0000000000
126574  -5.541  58.330  32.565 0.0000000000
126575  -6.115  58.386  32.686 0.0000000000
126576  -7.330  58.067  32.576 0.0000000000
126577  -8.230  57.660  32.533 0.0000000000
126578  -4.873  58.354  31.156 0.0000000000
126579  -7.822  58.853  31.645 0.0000000000
126580  -8.646  58.085  31.901 0.0000000000
126581  -9.312  57.792  31.599 0.0000000000
126582  -4.806  58.439  30.108 0.0000000000
126583  -7.822  59.255  31.026 0.0000000000
126584  -8.551  58.818  30.636 0.0000000000
126585  -9.328  58.032  31.001 0.0000000000
126586  -4.779  58.396  28.891 0.0000000000
126587  -5.082  57.859  28.518 0.0000000000
126588  -8.879  58.920  29.393 0.0000000000
126589  -9.670  58.171  29.865 0.0000000000
126590  -10.309  57.789  29.563 0.0000000000
126591  -4.455  58.559  27.834 0.0000000000
126592  -5.025  57.939  28.025 0.0000000000
126593  -8.857  59.156  28.451 0.0000000000
126594  -9.504  58.520  28.657 0.0000000000
126595  -10.256  57.953  28.923 0.0000000000
126596  -4.313  58.550  26.848 0.0000000000
126597  -4.956  57.973  27.160 0.0000000000
126598  -8.792  59.409  27.904 0.0000000000
126599  -9.277  58.884  27.522 0.0000000000
126600  -10.105  58.085  27.904 0.0000000000
126601  -4.282  58.552  25.858 0.0000000000
126602  -4.921  57.964  26.217 0.0000000000
126603  -9.552  58.881  26.419 0.0000000000
126604  -10.006  58.188  26.859 0.0000000000
126605  -4.326  58.612  24.877 0.0000000000
126606  -4.945  57.986  25.243 0.0000000000
126607  -9.693  59.066  25.550 0.0000000000
126608  -10.056  58.322  25.857 0.0000000000
126609  -4.385  58.731  23.923 0.0000000000
126610  -4.950  58.040  24.260 0.0000000000
126611  -9.753  59.296  25.021 0.0000000000
126612  -10.274  58.650  24.724 0.0000000000
126613  -10.835  58.095  24.364 0.0000000000
126614  -4.372  58.876  23.020 0.0000000000
126615  -4.926  58.172  23.278 0.0000000000
126616  -10.448  59.018  23.982 0.0000000000
126617  -10.933  58.571  23.727 0.0000000000
126618  -4.405  59.044  22.509 0.0000000000
126619  -4.873  58.517  22.239 0.0000000000
126620  -11.589  58.659  22.792 0.0000000000
126621  -12.185  58.505  22.086 0.0000000000
126626  -5.198  58.488  21.147 0.0000000000
126627  -12.760  58.474  21.398 0.0000000000
126628  -13.462  58.362  20.918 0.0000000000
126629  -16.244  58.791  21.044 0.0000000000
126637  -5.626  58.507  20.079 0.0000000000
126638  -5.930  57.987  19.621 0.0000000000
126639  -14.151  58.271  20.533 0.0000000000
126640  -14.977  58.193  20.505 0.0000000000
126641  -15.815  58.101  20.682 0.0000000000
126647  -5.737  58.950  19.545 0.0000000000
126648  -5.939  58.467  19.086 0.0000000000
126652  -5.976  58.508  17.979 0.0000000000
127172  -5.453  58.772  31.958 0.0000000000
127173  -5.667  59.018  31.949 0.0000000000
127174  -6.387  59.183  31.940 0.0000000000
127175  -7.170  58.969  31.955 0.0000000000
127176  -5.156  59.158  31.350 0.0000000000
127177  -5.470  59.111  31.679 0.0000000000
127178  -6.443  59.695  31.440 0.0000000000
127179  -7.090  59.561  31.317 0.0000000000
127180  -4.717  59.148  30.595 0.0000000000
127181  -7.768  59.766  30.444 0.0000000000
127182  -8.384  59.461  29.828 0.0000000000
127183  -3.934  60.043  29.578 0.0000000000
127184  -4.245  59.429  29.677 0.0000000000
127185  -8.029  60.101  29.593 0.0000000000
127186  -8.451  59.595  29.069 0.0000000000
127187  -3.714  60.000  29.042 0.0000000000
127188  -3.947  59.214  28.535 0.0000000000
127189  -8.112  60.163  28.933 0.0000000000
127190  -8.430  59.870  28.305 0.0000000000
127191  -3.455  59.963  28.086 0.0000000000
127192  -3.759  59.181  27.497 0.0000000000
127193  -8.647  59.836  27.412 0.0000000000
127194  -9.102  59.435  26.779 0.0000000000
127195  -3.258  59.923  27.080 0.0000000000
127196  -3.663  59.156  26.477 0.0000000000
127197  -8.780  60.095  26.547 0.0000000000
127198  -9.251  59.571  26.077 0.0000000000
127199  -3.218  59.908  26.060 0.0000000000
127200  -3.672  59.168  25.472 0.0000000000
127201  -9.005  60.201  25.917 0.0000000000
127202  -9.352  59.846  25.334 0.0000000000
127203  -3.207  59.875  25.063 0.0000000000
127204  -3.758  59.241  24.504 0.0000000000
127205  -9.742  59.728  24.573 0.0000000000
127206  -10.175  59.367  24.116 0.0000000000
127207  -3.271  59.878  24.117 0.0000000000
127208  -3.829  59.348  23.580 0.0000000000
127209  -10.014  59.966  23.959 0.0000000000
127210  -10.525  59.617  23.497 0.0000000000
127211  -11.094  59.266  23.064 0.0000000000
127215  -3.370  59.921  23.309 0.0000000000
127216  -3.888  59.561  22.612 0.0000000000
127217  -4.416  59.213  22.140 0.0000000000
127218  -10.926  59.856  22.852 0.0000000000
127219  -11.446  59.641  22.476 0.0000000000
127220  -11.898  59.196  22.169 0.0000000000
127227  -4.190  59.756  21.803 0.0000000000
127228  -4.698  59.221  21.524 0.0000000000
127229  -11.881  59.776  21.972 0.0000000000
127230  -12.406  59.427  21.602 0.0000000000
127231  -13.401  59.439  21.052 0.0000000000
127232  -14.524  59.613  21.096 0.0000000000
127233  -15.590  59.385  21.253 0.0000000000
127240  -4.531  59.916  21.208 0.0000000000
127241  -5.016  59.502  20.612 0.0000000000
127242  -14.071  58.914  20.820 0.0000000000
127243  -14.806  58.815  20.892 0.0000000000
127244  -15.491  58.653  20.889 0.0000000000
127247  -5.470  59.550  19.706 0.0000000000
127248  -5.760  59.258  19.205 0.0000000000
127251  -5.653  59.837  19.092 0.0000000000
127252  -5.867  59.462  18.495 0.0000000000
127751  -5.600  59.256  31.701 0.0000000000
127752  -5.787  59.416  31.685 0.0000000000
127753  -5.174  59.588  31.012 0.0000000000
127754  -5.527  59.517  31.321 0.0000000000
127755  -6.007  59.907  31.339 0.0000000000
127756  -6.481  60.062  31.108 0.0000000000
127757  -4.522  60.874  29.933 0.0000000000
127758  -4.820  60.069  30.409 0.0000000000
127759  -5.563  60.484  30.647 0.0000000000
127760  -6.175  60.639  30.712 0.0000000000
127761  -6.918  60.468  30.611 0.0000000000
127762  -4.056  60.615  29.532 0.0000000000
127763  -4.207  60.066  29.824 0.0000000000
127764  -7.444  60.608  30.004 0.0000000000
127765  -3.472  60.775  28.599 0.0000000000
127766  -7.576  60.789  29.193 0.0000000000
127767  -7.962  60.479  28.543 0.0000000000
127768  -3.023  60.755  27.648 0.0000000000
127769  -7.624  61.140  28.444 0.0000000000
127770  -8.090  60.542  27.906 0.0000000000
127771  -2.823  60.708  26.627 0.0000000000
127772  -7.761  61.245  27.773 0.0000000000
127773  -8.175  60.837  27.065 0.0000000000
127774  -2.813  60.680  25.602 0.0000000000
127775  -8.565  60.836  26.157 0.0000000000
127776  -8.985  60.696  25.503 0.0000000000
127777  -2.854  60.619  24.609 0.0000000000
127778  -9.307  60.581  24.906 0.0000000000
127779  -2.968  60.571  23.654 0.0000000000
127780  -9.689  60.638  24.257 0.0000000000
127781  -10.153  60.578  23.570 0.0000000000
127787  -3.269  60.560  22.660 0.0000000000
127788  -3.724  60.222  22.039 0.0000000000
127789  -10.649  60.453  22.984 0.0000000000
127790  -11.132  60.405  22.508 0.0000000000
127791  -14.294  61.133  21.777 0.0000000000
127792  -14.726  60.985  21.929 0.0000000000
127793  -15.709  60.747  22.220 0.0000000000
127799  -3.544  60.889  21.894 0.0000000000
127800  -4.044  60.571  21.367 0.0000000000
127801  -11.626  60.348  22.107 0.0000000000
127802  -12.133  60.272  21.724 0.0000000000
127803  -12.845  60.357  21.361 0.0000000000
127804  -13.995  60.734  21.401 0.0000000000
127805  -15.145  60.278  21.585 0.0000000000
127806  -16.192  60.070  21.821 0.0000000000
127810  -4.591  60.511  20.631 0.0000000000
127811  -5.029  60.366  19.950 0.0000000000
127814  -5.364  60.414  19.327 0.0000000000
127818  -5.656  60.456  18.612 0.0000000000
128294  -4.367  61.295  29.615 0.0000000000
128295  -4.916  61.431  30.118 0.0000000000
128296  -5.778  61.445  30.355 0.0000000000
128297  -6.553  61.477  30.267 0.0000000000
128298  -7.042  61.016  30.224 0.0000000000
128299  -3.934  61.602  28.954 0.0000000000
128300  -4.456  61.893  29.483 0.0000000000
128301  -6.864  62.100  29.885 0.0000000000
128302  -7.149  61.367  29.825 0.0000000000
128303  -3.189  61.678  28.099 0.0000000000
128304  -6.982  62.496  29.665 0.0000000000
128305  -7.165  61.960  29.152 0.0000000000
128306  -2.662  61.636  27.133 0.0000000000
128307  -7.390  61.960  28.183 0.0000000000
128308  -2.532  61.544  26.111 0.0000000000
128309  -7.640  61.840  27.352 0.0000000000
128310  -8.032  61.710  26.509 0.0000000000
128311  -2.454  62.035  24.389 0.0000000000
128312  -2.523  61.558  25.080 0.0000000000
128313  -8.584  61.635  25.570 0.0000000000
128314  -9.027  61.114  25.176 0.0000000000
128315  -2.523  62.038  23.641 0.0000000000
128316  -2.643  61.339  24.097 0.0000000000
128317  -8.755  62.087  25.119 0.0000000000
128318  -9.176  61.545  24.740 0.0000000000
128323  -2.661  62.149  22.820 0.0000000000
128324  -2.753  61.348  23.145 0.0000000000
128325  -9.844  61.459  23.944 0.0000000000
128326  -10.628  61.359  23.207 0.0000000000
128327  -11.173  61.714  23.068 0.0000000000
128328  -14.579  61.851  22.812 0.0000000000
128329  -15.353  61.921  22.991 0.0000000000
128336  -2.864  62.347  22.326 0.0000000000
128337  -3.129  61.726  22.110 0.0000000000
128338  -10.924  60.888  22.692 0.0000000000
128339  -11.540  61.204  22.437 0.0000000000
128340  -12.451  61.406  22.195 0.0000000000
128341  -13.191  61.544  22.195 0.0000000000
128342  -14.098  61.509  22.179 0.0000000000
128343  -15.087  61.405  22.474 0.0000000000
128344  -16.082  61.332  22.661 0.0000000000
128348  -3.718  61.481  21.319 0.0000000000
128349  -4.189  61.360  20.714 0.0000000000
128350  -11.868  60.713  21.943 0.0000000000
128351  -12.282  60.904  21.775 0.0000000000
128352  -13.042  61.146  21.629 0.0000000000
128353  -13.593  61.285  21.793 0.0000000000
128355  -4.748  61.390  19.876 0.0000000000
128356  -5.084  60.883  19.535 0.0000000000
128359  -4.970  61.898  19.373 0.0000000000
128360  -5.314  61.404  19.006 0.0000000000
128808  -5.467  62.204  30.141 0.0000000000
128809  -6.121  62.253  30.242 0.0000000000
128810  -6.528  62.211  30.117 0.0000000000
128811  -4.271  62.362  29.048 0.0000000000
128812  -4.876  62.725  29.616 0.0000000000
128813  -5.786  62.966  30.060 0.0000000000
128814  -6.622  62.816  29.983 0.0000000000
128815  -3.714  62.610  28.384 0.0000000000
128816  -4.311  63.032  28.902 0.0000000000
128817  -7.056  62.920  29.415 0.0000000000
128818  -7.292  62.855  28.678 0.0000000000
128819  -2.946  62.655  27.476 0.0000000000
128820  -7.503  62.762  27.840 0.0000000000
128821  -2.298  62.831  25.682 0.0000000000
128822  -2.475  62.572  26.428 0.0000000000
128823  -7.775  62.671  27.039 0.0000000000
128824  -8.188  62.604  26.265 0.0000000000
128825  -2.303  62.584  24.960 0.0000000000
128826  -2.386  62.214  25.677 0.0000000000
128827  -8.612  62.644  25.544 0.0000000000
128828  -2.359  62.706  24.063 0.0000000000
128829  -9.018  62.528  24.924 0.0000000000
128830  -9.536  62.361  24.373 0.0000000000
128835  -2.510  62.774  23.260 0.0000000000
128836  -10.189  62.242  23.848 0.0000000000
128837  -10.845  62.163  23.488 0.0000000000
128838  -11.716  62.090  23.175 0.0000000000
128839  -12.637  62.396  23.306 0.0000000000
128840  -13.495  62.481  23.385 0.0000000000
128841  -14.480  62.468  23.348 0.0000000000
128842  -15.596  62.611  23.425 0.0000000000
128848  -2.749  62.843  22.533 0.0000000000
128849  -3.108  62.758  21.868 0.0000000000
128850  -12.075  61.644  22.622 0.0000000000
128851  -12.576  61.831  22.723 0.0000000000
128852  -13.334  61.951  22.800 0.0000000000
128853  -13.984  62.022  22.935 0.0000000000
128857  -3.707  62.535  21.038 0.0000000000
128858  -3.971  61.932  20.858 0.0000000000
128861  -4.071  62.896  20.425 0.0000000000
128862  -4.291  62.378  20.276 0.0000000000
128866  -4.751  62.401  19.539 0.0000000000
128867  -5.112  62.404  19.025 0.0000000000
128870  -5.527  62.404  18.239 0.0000000000
129262  -5.547  63.527  29.548 0.0000000000
129263  -6.316  63.537  29.677 0.0000000000
129264  -6.794  63.332  29.603 0.0000000000
129265  -4.093  63.454  28.357 0.0000000000
129266  -4.914  63.893  28.823 0.0000000000
129267  -6.037  64.153  29.159 0.0000000000
129268  -7.032  63.790  29.070 0.0000000000
129269  -7.474  63.570  28.241 0.0000000000
129270  -3.580  63.463  27.643 0.0000000000
129271  -4.265  64.123  27.797 0.0000000000
129272  -7.738  63.500  27.555 0.0000000000
129273  -2.515  63.334  25.920 0.0000000000
129274  -3.120  63.654  26.524 0.0000000000
129275  -3.802  64.098  27.044 0.0000000000
129276  -8.065  63.432  26.882 0.0000000000
129277  -8.431  63.421  26.215 0.0000000000
129278  -2.392  63.400  25.215 0.0000000000
129279  -2.846  64.005  25.458 0.0000000000
129280  -9.076  63.485  25.396 0.0000000000
129281  -9.701  63.912  25.313 0.0000000000
129282  -2.335  63.395  24.430 0.0000000000
129283  -2.642  64.102  24.608 0.0000000000
129284  -9.399  62.933  24.780 0.0000000000
129285  -10.082  63.307  24.512 0.0000000000
129286  -11.139  63.542  24.373 0.0000000000
129287  -12.079  63.649  24.421 0.0000000000
129288  -13.087  63.700  24.425 0.0000000000
129289  -14.043  63.826  24.370 0.0000000000
129290  -14.576  64.021  24.292 0.0000000000
129291  -2.462  63.485  23.606 0.0000000000
129292  -2.539  63.987  23.975 0.0000000000
129293  -10.497  62.653  23.898 0.0000000000
129294  -10.999  62.827  23.838 0.0000000000
129295  -11.889  62.965  23.811 0.0000000000
129296  -12.823  63.033  23.905 0.0000000000
129297  -13.780  63.075  23.948 0.0000000000
129298  -14.832  63.425  23.926 0.0000000000
129299  -16.046  63.668  23.511 0.0000000000
129304  -2.669  63.505  22.875 0.0000000000
129305  -3.005  63.608  22.075 0.0000000000
129312  -3.475  63.597  21.160 0.0000000000
129318  -4.005  63.593  20.170 0.0000000000
129319  -4.231  63.076  20.095 0.0000000000
129322  -4.252  63.969  19.526 0.0000000000
129323  -4.544  63.436  19.424 0.0000000000
129324  -4.892  62.908  19.182 0.0000000000
129326  -4.831  63.878  18.823 0.0000000000
129327  -5.100  63.350  18.629 0.0000000000
129330  -5.387  63.376  17.553 0.0000000000
129727  -5.752  64.585  28.479 0.0000000000
129728  -6.641  64.592  28.463 0.0000000000
129729  -7.374  64.275  28.160 0.0000000000
129730  -7.662  63.977  27.874 0.0000000000
129731  -5.154  64.627  27.765 0.0000000000
129732  -6.134  65.040  27.706 0.0000000000
129733  -7.220  65.040  27.600 0.0000000000
129734  -8.018  64.336  27.338 0.0000000000
129735  -8.410  64.601  26.953 0.0000000000
129736  -3.809  64.389  26.331 0.0000000000
129737  -4.570  64.580  26.721 0.0000000000
129738  -5.589  64.942  26.741 0.0000000000
129739  -6.582  65.122  26.693 0.0000000000
129740  -8.302  63.882  26.778 0.0000000000
129741  -8.600  64.253  26.477 0.0000000000
129742  -3.472  64.545  25.633 0.0000000000
129743  -4.278  64.960  25.617 0.0000000000
129744  -5.141  65.064  25.703 0.0000000000
129745  -6.062  65.051  25.792 0.0000000000
129746  -9.295  64.399  25.789 0.0000000000
129747  -10.228  64.370  25.264 0.0000000000
129748  -10.697  64.674  25.082 0.0000000000
129749  -3.185  64.957  24.689 0.0000000000
129750  -3.764  65.288  25.089 0.0000000000
129751  -5.257  65.388  25.224 0.0000000000
129752  -5.620  65.266  25.231 0.0000000000
129753  -10.686  63.883  24.856 0.0000000000
129754  -11.171  64.341  24.818 0.0000000000
129755  -12.288  64.437  24.596 0.0000000000
129756  -13.372  64.540  24.436 0.0000000000
129757  -14.346  64.677  24.001 0.0000000000
129758  -14.896  64.168  24.063 0.0000000000
129759  -2.654  64.122  23.425 0.0000000000
129760  -2.881  64.756  23.689 0.0000000000
129761  -14.378  65.042  23.076 0.0000000000
129762  -15.183  64.497  23.439 0.0000000000
129763  -15.840  64.323  23.226 0.0000000000
129764  -2.636  63.894  23.141 0.0000000000
129765  -2.960  64.453  22.622 0.0000000000
129766  -9.156  64.898  22.146 0.0000000000
129767  -9.996  64.944  22.077 0.0000000000
129768  -11.029  65.012  22.063 0.0000000000
129769  -12.039  64.987  22.081 0.0000000000
129770  -12.957  64.943  22.119 0.0000000000
129771  -13.849  64.921  22.322 0.0000000000
129772  -14.861  64.906  22.415 0.0000000000
129775  -3.338  64.554  21.379 0.0000000000
129776  -8.834  64.956  21.817 0.0000000000
129777  -9.535  64.801  21.249 0.0000000000
129778  -10.680  64.685  21.214 0.0000000000
129779  -11.732  64.673  21.241 0.0000000000
129780  -12.715  64.620  21.315 0.0000000000
129781  -13.629  64.659  21.427 0.0000000000
129782  -14.534  64.799  21.540 0.0000000000
129788  -3.705  64.592  20.315 0.0000000000
129789  -9.587  64.810  20.296 0.0000000000
129790  -10.421  64.584  20.293 0.0000000000
129791  -11.480  64.512  20.340 0.0000000000
129792  -12.520  64.492  20.380 0.0000000000
129793  -13.495  64.532  20.516 0.0000000000
129794  -14.332  64.698  20.729 0.0000000000
129800  -4.083  64.650  19.259 0.0000000000
129801  -4.390  64.173  19.210 0.0000000000
129802  -9.459  65.084  19.849 0.0000000000
129803  -10.122  64.884  19.297 0.0000000000
129804  -11.287  64.559  19.433 0.0000000000
129805  -12.295  64.558  19.510 0.0000000000
129806  -13.430  64.729  19.376 0.0000000000
129807  -14.331  64.808  19.924 0.0000000000
129810  -4.111  64.993  18.559 0.0000000000
129811  -4.473  64.501  18.485 0.0000000000
129812  -4.931  64.021  18.506 0.0000000000
129813  -10.634  65.117  18.584 0.0000000000
129814  -11.238  64.842  18.583 0.0000000000
129815  -12.205  64.764  18.725 0.0000000000
129816  -12.837  64.774  18.914 0.0000000000
129819  -4.529  64.800  17.296 0.0000000000
129820  -5.018  64.131  17.923 0.0000000000
129822  -4.521  64.927  16.338 0.0000000000
129823  -5.047  64.279  16.885 0.0000000000
129826  -4.503  65.055  15.784 0.0000000000
129827  -4.981  64.599  15.705 0.0000000000
130207  -7.944  65.133  27.154 0.0000000000
130208  -8.411  64.929  26.970 0.0000000000
130209  -8.569  64.708  26.747 0.0000000000
130210  -7.539  65.272  26.586 0.0000000000
130211  -8.395  65.214  26.471 0.0000000000
130212  -8.788  64.837  26.404 0.0000000000
130213  -4.781  65.459  25.266 0.0000000000
130214  -5.020  65.468  25.246 0.0000000000
130215  -7.076  65.162  25.706 0.0000000000
130216  -8.180  65.318  25.685 0.0000000000
130217  -9.377  65.170  25.674 0.0000000000
130218  -10.469  65.010  25.121 0.0000000000
130219  -10.896  64.807  24.932 0.0000000000
130220  -3.737  65.943  24.430 0.0000000000
130221  -4.397  65.826  24.867 0.0000000000
130222  -5.305  65.773  24.720 0.0000000000
130223  -6.432  65.300  24.765 0.0000000000
130224  -7.754  65.238  24.699 0.0000000000
130225  -8.963  65.465  24.773 0.0000000000
130226  -10.168  65.578  24.756 0.0000000000
130227  -11.306  65.095  24.545 0.0000000000
130228  -12.583  65.128  24.204 0.0000000000
130229  -13.547  65.174  23.882 0.0000000000
130230  -14.053  65.118  23.510 0.0000000000
130231  -3.356  65.858  23.664 0.0000000000
130232  -5.509  66.205  24.106 0.0000000000
130233  -6.091  65.929  23.952 0.0000000000
130234  -7.358  65.672  23.626 0.0000000000
130235  -8.572  65.356  23.731 0.0000000000
130236  -9.703  65.517  23.823 0.0000000000
130237  -10.843  65.591  23.805 0.0000000000
130238  -11.933  65.461  23.664 0.0000000000
130239  -12.908  65.405  23.434 0.0000000000
130240  -13.667  65.233  23.126 0.0000000000
130241  -3.254  65.674  22.665 0.0000000000
130242  -7.652  65.881  22.948 0.0000000000
130243  -8.371  65.475  22.559 0.0000000000
130244  -9.345  65.248  22.870 0.0000000000
130245  -10.377  65.343  22.912 0.0000000000
130246  -11.438  65.394  22.883 0.0000000000
130247  -12.416  65.343  22.809 0.0000000000
130248  -13.168  65.238  22.741 0.0000000000
130249  -3.361  65.561  21.567 0.0000000000
130250  -8.702  65.367  21.355 0.0000000000
130251  -9.172  64.964  20.815 0.0000000000
130254  -3.534  65.553  20.453 0.0000000000
130255  -8.547  65.822  20.561 0.0000000000
130256  -9.099  65.257  20.396 0.0000000000
130262  -3.673  65.569  19.378 0.0000000000
130263  -8.401  66.141  20.032 0.0000000000
130264  -9.195  65.680  19.506 0.0000000000
130265  -9.804  65.334  19.146 0.0000000000
130266  -13.954  65.197  18.780 0.0000000000
130267  -14.411  65.248  19.216 0.0000000000
130273  -3.756  65.568  18.282 0.0000000000
130274  -4.067  65.136  18.198 0.0000000000
130275  -9.448  66.060  18.709 0.0000000000
130276  -10.108  65.552  18.665 0.0000000000
130277  -11.181  65.596  18.094 0.0000000000
130278  -12.144  65.285  18.102 0.0000000000
130279  -13.328  65.454  18.239 0.0000000000
130280  -14.421  65.758  18.616 0.0000000000
130284  -3.621  65.849  17.579 0.0000000000
130285  -3.927  65.415  17.496 0.0000000000
130286  -11.584  66.086  17.681 0.0000000000
130287  -12.120  65.887  17.675 0.0000000000
130288  -12.682  65.744  17.817 0.0000000000
130290  -4.056  65.337  16.637 0.0000000000
130293  -4.166  65.561  15.773 0.0000000000
130294  -4.511  65.225  15.378 0.0000000000
130296  -4.421  65.814  14.929 0.0000000000
130297  -4.731  65.217  14.808 0.0000000000
130299  -4.703  65.833  14.372 0.0000000000
130664  -4.273  66.486  24.271 0.0000000000
130665  -4.892  66.454  24.318 0.0000000000
130666  -5.282  66.331  24.198 0.0000000000
130667  -3.942  66.812  23.595 0.0000000000
130668  -4.657  67.027  23.826 0.0000000000
130669  -5.550  66.757  23.573 0.0000000000
130670  -6.709  66.320  23.235 0.0000000000
130671  -7.309  66.046  23.076 0.0000000000
130672  -3.624  66.735  22.668 0.0000000000
130673  -5.723  67.231  22.958 0.0000000000
130674  -6.415  67.106  22.616 0.0000000000
130675  -7.517  66.265  22.453 0.0000000000
130676  -8.207  65.851  21.978 0.0000000000
130677  -3.536  66.610  21.640 0.0000000000
130678  -6.533  67.408  21.987 0.0000000000
130679  -7.263  67.095  21.606 0.0000000000
130680  -8.088  66.188  21.457 0.0000000000
130681  -3.513  66.525  20.566 0.0000000000
130682  -7.646  67.306  20.654 0.0000000000
130683  -8.084  66.589  20.665 0.0000000000
130686  -3.459  66.486  19.514 0.0000000000
130687  -7.718  67.531  20.167 0.0000000000
130688  -8.263  66.861  19.559 0.0000000000
130689  -8.919  66.263  18.981 0.0000000000
130695  -3.412  66.468  18.489 0.0000000000
130696  -8.538  67.256  18.808 0.0000000000
130697  -9.097  66.821  18.390 0.0000000000
130698  -10.005  66.239  18.134 0.0000000000
130699  -10.605  65.971  18.169 0.0000000000
130700  -13.724  66.266  17.674 0.0000000000
130701  -14.373  66.547  17.990 0.0000000000
130706  -3.487  66.502  17.416 0.0000000000
130707  -3.595  65.993  17.194 0.0000000000
130708  -9.367  67.192  17.852 0.0000000000
130709  -9.898  66.979  17.555 0.0000000000
130710  -10.929  66.382  17.552 0.0000000000
130711  -11.954  66.388  17.227 0.0000000000
130712  -13.040  66.457  17.340 0.0000000000
130713  -13.944  66.811  17.431 0.0000000000
130716  -3.615  66.975  16.765 0.0000000000
130717  -3.779  66.349  16.434 0.0000000000
130718  -10.101  67.304  17.109 0.0000000000
130719  -10.598  67.144  16.989 0.0000000000
130720  -11.535  67.023  16.847 0.0000000000
130721  -12.393  67.024  16.840 0.0000000000
130724  -4.242  66.545  15.234 0.0000000000
130726  -4.718  66.623  14.275 0.0000000000
130727  -5.001  67.085  13.740 0.0000000000
130729  -4.884  66.104  14.001 0.0000000000
131088  -4.487  67.368  23.217 0.0000000000
131089  -5.057  67.407  23.223 0.0000000000
131090  -5.441  67.288  23.080 0.0000000000
131091  -4.170  67.641  22.569 0.0000000000
131092  -4.784  67.843  22.720 0.0000000000
131093  -5.562  67.712  22.482 0.0000000000
131094  -6.191  67.536  22.169 0.0000000000
131095  -3.791  67.625  21.669 0.0000000000
131096  -5.717  68.251  22.105 0.0000000000
131097  -6.333  67.960  21.600 0.0000000000
131098  -7.110  67.607  21.137 0.0000000000
131099  -3.618  67.505  20.649 0.0000000000
131100  -6.701  68.508  21.152 0.0000000000
131101  -7.152  68.058  20.648 0.0000000000
131102  -3.471  67.417  19.639 0.0000000000
131103  -7.747  67.940  19.767 0.0000000000
131104  -8.266  67.780  19.075 0.0000000000
131108  -3.363  67.377  18.691 0.0000000000
131109  -8.709  67.732  18.306 0.0000000000
131110  -9.119  67.338  17.997 0.0000000000
131116  -3.350  67.397  17.798 0.0000000000
131117  -8.815  68.206  17.839 0.0000000000
131118  -9.327  67.733  17.462 0.0000000000
131119  -9.841  67.421  17.205 0.0000000000
131120  -13.786  67.248  17.049 0.0000000000
131125  -3.575  67.526  17.013 0.0000000000
131126  -3.847  67.533  16.321 0.0000000000
131127  -9.546  68.105  16.949 0.0000000000
131128  -10.081  67.819  16.805 0.0000000000
131129  -11.115  67.750  16.473 0.0000000000
131130  -12.147  67.759  16.387 0.0000000000
131131  -13.147  67.646  16.597 0.0000000000
131134  -4.154  67.457  15.522 0.0000000000
131135  -12.383  68.159  16.132 0.0000000000
131136  -12.661  68.134  16.166 0.0000000000
131138  -4.524  67.496  14.667 0.0000000000
131139  -4.921  67.606  13.975 0.0000000000
131141  -5.209  67.588  13.357 0.0000000000
131530  -4.567  68.340  22.287 0.0000000000
131531  -5.098  68.432  22.379 0.0000000000
131532  -5.453  68.348  22.246 0.0000000000
131533  -4.127  68.648  21.688 0.0000000000
131534  -4.762  69.051  22.020 0.0000000000
131535  -5.629  68.917  21.999 0.0000000000
131536  -6.358  69.007  21.402 0.0000000000
131537  -3.758  68.493  20.713 0.0000000000
131538  -6.893  69.017  20.797 0.0000000000
131539  -7.419  68.838  20.092 0.0000000000
131540  -3.560  68.332  19.743 0.0000000000
131541  -8.031  68.780  19.270 0.0000000000
131542  -8.387  68.250  18.755 0.0000000000
131543  -3.404  68.270  18.835 0.0000000000
131544  -8.200  69.368  18.811 0.0000000000
131545  -8.508  68.776  18.313 0.0000000000
131549  -3.338  68.225  18.035 0.0000000000
131550  -8.976  68.752  17.404 0.0000000000
131551  -9.325  68.302  17.085 0.0000000000
131555  -3.548  68.289  17.352 0.0000000000
131556  -3.858  68.435  16.600 0.0000000000
131557  -9.157  69.287  16.956 0.0000000000
131558  -9.617  68.783  16.656 0.0000000000
131559  -10.656  68.666  15.943 0.0000000000
131560  -11.651  68.247  15.991 0.0000000000
131561  -12.143  68.178  16.085 0.0000000000
131566  -4.197  68.452  15.728 0.0000000000
131567  -10.841  69.124  15.113 0.0000000000
131568  -11.462  68.706  15.293 0.0000000000
131569  -12.333  68.427  15.618 0.0000000000
131570  -13.257  68.432  15.769 0.0000000000
131573  -4.455  68.367  14.913 0.0000000000
131574  -4.759  68.389  14.253 0.0000000000
131575  -10.921  69.477  14.720 0.0000000000
131576  -11.339  69.254  14.608 0.0000000000
131577  -12.092  68.947  14.610 0.0000000000
131578  -12.965  68.813  14.817 0.0000000000
131579  -13.693  68.920  15.027 0.0000000000
131582  -5.095  68.468  13.568 0.0000000000
131585  -5.403  68.390  12.836 0.0000000000
132020  -4.441  69.469  21.438 0.0000000000
132021  -5.087  69.874  21.526 0.0000000000
132022  -5.950  69.772  21.483 0.0000000000
132023  -6.552  69.734  21.013 0.0000000000
132024  -3.990  69.500  20.714 0.0000000000
132025  -4.514  69.999  20.960 0.0000000000
132026  -7.073  69.921  20.220 0.0000000000
132027  -7.579  69.373  19.738 0.0000000000
132028  -3.693  69.212  19.807 0.0000000000
132029  -7.318  70.458  19.722 0.0000000000
132030  -7.763  69.981  19.290 0.0000000000
132031  -3.519  69.055  18.982 0.0000000000
132032  -8.321  69.958  18.225 0.0000000000
132033  -8.643  69.323  17.817 0.0000000000
132037  -3.430  69.151  18.120 0.0000000000
132038  -3.583  69.758  17.742 0.0000000000
132039  -8.534  70.448  17.674 0.0000000000
132040  -8.832  69.899  17.310 0.0000000000
132044  -3.500  68.764  17.640 0.0000000000
132045  -3.721  69.348  17.180 0.0000000000
132046  -9.372  69.848  16.538 0.0000000000
132047  -10.065  69.769  15.771 0.0000000000
132048  -10.513  69.325  15.443 0.0000000000
132052  -4.184  69.454  16.117 0.0000000000
132053  -10.267  70.295  15.255 0.0000000000
132054  -10.603  69.894  14.962 0.0000000000
132059  -4.487  69.488  14.980 0.0000000000
132060  -4.624  68.927  14.500 0.0000000000
132061  -11.087  69.872  14.307 0.0000000000
132062  -11.805  69.803  13.764 0.0000000000
132063  -12.749  69.420  13.914 0.0000000000
132064  -13.620  69.250  14.161 0.0000000000
132069  -4.639  70.050  14.415 0.0000000000
132070  -4.802  69.462  13.977 0.0000000000
132071  -11.974  70.228  13.102 0.0000000000
132072  -12.556  70.109  12.935 0.0000000000
132073  -13.454  69.737  13.180 0.0000000000
132074  -14.305  69.471  13.409 0.0000000000
132077  -5.234  69.350  13.051 0.0000000000
132078  -12.745  70.289  12.285 0.0000000000
132079  -13.296  70.163  12.227 0.0000000000
132080  -14.116  69.924  12.338 0.0000000000
132083  -5.462  69.117  12.369 0.0000000000
132084  -13.602  70.215  11.761 0.0000000000
132085  -13.787  70.136  11.963 0.0000000000
132088  -5.643  69.285  11.664 0.0000000000
132517  -5.602  70.357  21.142 0.0000000000
132518  -6.193  70.316  20.995 0.0000000000
132519  -6.589  70.189  20.704 0.0000000000
132520  -4.289  70.236  20.385 0.0000000000
132521  -4.931  70.741  20.644 0.0000000000
132522  -5.776  70.844  20.728 0.0000000000
132523  -6.461  70.741  20.428 0.0000000000
132524  -3.914  70.028  19.790 0.0000000000
132525  -4.293  70.755  19.855 0.0000000000
132526  -7.028  70.934  19.945 0.0000000000
132527  -7.434  70.995  19.375 0.0000000000
132528  -3.677  69.750  19.049 0.0000000000
132529  -3.947  70.525  19.061 0.0000000000
132530  -7.901  70.982  18.663 0.0000000000
132531  -3.539  69.519  18.576 0.0000000000
132532  -3.642  70.070  18.314 0.0000000000
132533  -8.326  71.034  17.894 0.0000000000
132534  -8.723  70.982  17.257 0.0000000000
132538  -3.794  70.407  17.524 0.0000000000
132539  -9.129  70.780  16.626 0.0000000000
132540  -9.624  70.727  15.981 0.0000000000
132544  -4.090  70.468  16.631 0.0000000000
132545  -10.051  70.789  15.387 0.0000000000
132546  -10.425  70.793  14.871 0.0000000000
132550  -4.379  70.532  15.663 0.0000000000
132551  -10.831  70.731  14.162 0.0000000000
132552  -11.248  70.360  13.736 0.0000000000
132553  -4.529  70.641  14.781 0.0000000000
132554  -4.686  70.602  14.047 0.0000000000
132555  -11.104  70.927  13.444 0.0000000000
132556  -11.541  70.645  13.008 0.0000000000
132557  -11.993  70.410  12.635 0.0000000000
132558  -4.981  70.411  13.275 0.0000000000
132559  -11.720  70.856  12.089 0.0000000000
132560  -12.307  70.475  12.053 0.0000000000
132561  -12.812  70.371  11.847 0.0000000000
132562  -14.298  70.064  11.915 0.0000000000
132563  -14.639  69.999  11.884 0.0000000000
132565  -5.350  70.189  12.317 0.0000000000
132566  -11.953  70.970  11.300 0.0000000000
132567  -12.530  70.656  11.280 0.0000000000
132568  -13.221  70.371  11.343 0.0000000000
132569  -14.068  70.126  11.448 0.0000000000
132573  -5.692  70.340  11.317 0.0000000000
132574  -6.067  70.332  10.425 0.0000000000
132575  -12.188  70.993  10.681 0.0000000000
132576  -12.712  70.769  10.379 0.0000000000
132577  -13.546  70.412  10.398 0.0000000000
132578  -14.405  70.215  10.278 0.0000000000
133037  -5.067  71.141  20.316 0.0000000000
133038  -5.360  71.173  20.333 0.0000000000
133039  -5.942  71.243  20.318 0.0000000000
133040  -4.859  71.354  19.964 0.0000000000
133041  -5.560  71.672  20.042 0.0000000000
133042  -6.438  71.732  19.925 0.0000000000
133043  -7.135  71.614  19.602 0.0000000000
133044  -4.369  71.249  19.235 0.0000000000
133045  -6.997  72.295  19.486 0.0000000000
133046  -7.536  71.989  18.983 0.0000000000
133047  -4.091  71.181  18.303 0.0000000000
133048  -8.111  71.975  18.191 0.0000000000
133049  -8.595  71.950  17.437 0.0000000000
133050  -4.184  71.446  17.227 0.0000000000
133051  -9.056  71.873  16.629 0.0000000000
133052  -9.372  71.453  16.105 0.0000000000
133053  -4.352  71.518  16.276 0.0000000000
133054  -9.366  72.156  15.912 0.0000000000
133055  -9.777  71.775  15.391 0.0000000000
133056  -10.175  71.405  14.949 0.0000000000
133057  -4.404  71.573  15.335 0.0000000000
133058  -10.053  71.995  14.662 0.0000000000
133059  -10.387  71.619  14.242 0.0000000000
133060  -4.474  71.570  14.431 0.0000000000
133061  -4.694  71.451  13.592 0.0000000000
133062  -10.738  71.637  13.316 0.0000000000
133063  -11.120  71.284  12.891 0.0000000000
133064  -5.033  71.364  12.788 0.0000000000
133065  -10.916  71.902  12.374 0.0000000000
133066  -11.296  71.348  12.241 0.0000000000
133067  -5.277  71.376  11.855 0.0000000000
133068  -11.113  71.937  11.718 0.0000000000
133069  -11.476  71.595  11.336 0.0000000000
133070  -5.677  71.425  10.836 0.0000000000
133071  -6.072  71.077  10.040 0.0000000000
133072  -11.762  71.567  10.397 0.0000000000
133073  -12.147  71.208  10.054 0.0000000000
133081  -5.867  71.803  10.079 0.0000000000
133082  -6.247  71.394  9.281 0.0000000000
133502  -4.707  71.630  19.399 0.0000000000
133503  -5.061  71.976  19.534 0.0000000000
133504  -5.718  72.252  19.636 0.0000000000
133505  -4.651  71.886  18.887 0.0000000000
133506  -5.233  72.743  18.911 0.0000000000
133507  -6.288  72.794  19.295 0.0000000000
133508  -7.168  73.000  18.975 0.0000000000
133509  -4.689  72.452  17.920 0.0000000000
133510  -5.067  73.065  18.264 0.0000000000
133511  -7.870  72.962  18.418 0.0000000000
133512  -8.417  72.919  17.702 0.0000000000
133513  -4.534  72.425  16.888 0.0000000000
133514  -8.898  72.934  16.897 0.0000000000
133515  -4.424  72.521  15.988 0.0000000000
133516  -9.186  72.879  16.072 0.0000000000
133517  -9.486  72.817  15.359 0.0000000000
133518  -4.319  72.554  15.026 0.0000000000
133519  -9.825  72.792  14.537 0.0000000000
133520  -10.123  72.373  14.121 0.0000000000
133521  -4.363  72.560  13.975 0.0000000000
133522  -4.693  72.160  13.201 0.0000000000
133523  -10.029  73.026  13.635 0.0000000000
133524  -10.315  72.386  13.473 0.0000000000
133525  -4.504  72.900  13.238 0.0000000000
133526  -4.851  72.467  12.484 0.0000000000
133527  -10.176  73.029  12.970 0.0000000000
133528  -10.479  72.610  12.521 0.0000000000
133529  -5.138  72.419  11.488 0.0000000000
133530  -10.803  72.640  11.523 0.0000000000
133531  -11.147  72.266  11.113 0.0000000000
133532  -5.406  72.492  10.584 0.0000000000
133533  -10.890  72.830  10.512 0.0000000000
133534  -11.275  72.228  10.414 0.0000000000
133541  -5.675  72.491  9.566 0.0000000000
133542  -6.094  72.037  8.739 0.0000000000
133543  -10.855  72.791  9.585 0.0000000000
133549  -5.673  72.714  8.566 0.0000000000
133550  -6.032  72.035  7.962 0.0000000000
133557  -5.650  72.562  7.453 0.0000000000
133558  -6.006  72.022  7.470 0.0000000000
133567  -4.957  73.322  6.298 0.0000000000
133568  -5.296  72.760  6.351 0.0000000000
133581  -4.889  73.236  5.854 0.0000000000
133582  -5.304  72.481  5.345 0.0000000000
133595  -4.806  73.120  5.100 0.0000000000
133955  -5.324  73.221  18.379 0.0000000000
133956  -5.762  73.401  18.616 0.0000000000
133957  -6.550  73.494  18.711 0.0000000000
133958  -4.800  72.994  17.288 0.0000000000
133959  -5.231  73.540  17.734 0.0000000000
133960  -6.143  74.004  18.182 0.0000000000
133961  -7.251  73.920  18.161 0.0000000000
133962  -8.083  73.653  17.861 0.0000000000
133963  -4.765  73.439  16.709 0.0000000000
133964  -5.128  73.900  17.087 0.0000000000
133965  -7.886  74.224  17.500 0.0000000000
133966  -8.496  73.922  17.111 0.0000000000
133967  -4.461  73.412  15.726 0.0000000000
133968  -9.021  73.941  16.112 0.0000000000
133969  -9.294  73.527  15.511 0.0000000000
133970  -4.284  73.592  14.783 0.0000000000
133971  -9.222  74.178  15.274 0.0000000000
133972  -9.475  73.737  14.734 0.0000000000
133973  -4.278  73.702  13.769 0.0000000000
133974  -9.713  73.707  13.810 0.0000000000
133975  -4.520  73.581  12.854 0.0000000000
133976  -4.740  73.369  12.000 0.0000000000
133977  -9.833  73.691  12.847 0.0000000000
133978  -10.132  73.320  12.359 0.0000000000
133979  -4.952  73.337  11.190 0.0000000000
133980  -9.897  73.900  11.863 0.0000000000
133981  -10.326  73.339  11.647 0.0000000000
133982  -5.162  73.439  10.323 0.0000000000
133983  -10.009  74.004  10.936 0.0000000000
133984  -10.490  73.430  10.712 0.0000000000
133990  -5.278  73.542  9.334 0.0000000000
133991  -10.060  74.077  9.952 0.0000000000
133992  -10.469  73.435  9.729 0.0000000000
133997  -5.244  73.604  8.272 0.0000000000
133998  -9.990  74.048  8.946 0.0000000000
134004  -4.772  74.146  7.034 0.0000000000
134005  -5.037  73.656  7.183 0.0000000000
134013  -4.699  73.876  6.485 0.0000000000
134014  -4.997  73.408  6.567 0.0000000000
134023  -4.468  73.878  5.621 0.0000000000
134030  -4.495  73.813  4.815 0.0000000000
134357  -5.329  74.035  17.209 0.0000000000
134358  -5.749  74.269  17.441 0.0000000000
134359  -6.528  74.442  17.653 0.0000000000
134360  -4.723  73.910  16.189 0.0000000000
134361  -5.193  74.426  16.639 0.0000000000
134362  -6.218  74.891  17.038 0.0000000000
134363  -7.283  74.761  17.174 0.0000000000
134364  -8.022  74.584  16.968 0.0000000000
134365  -4.648  74.256  15.605 0.0000000000
134366  -5.103  75.091  15.595 0.0000000000
134367  -7.810  75.002  16.627 0.0000000000
134368  -8.391  74.799  16.298 0.0000000000
134369  -4.530  74.875  14.539 0.0000000000
134370  -5.130  75.475  14.958 0.0000000000
134371  -8.822  74.994  15.286 0.0000000000
134372  -9.229  74.530  14.691 0.0000000000
134373  -4.393  74.595  13.318 0.0000000000
134374  -9.001  75.132  14.197 0.0000000000
134375  -9.395  74.447  13.976 0.0000000000
134376  -4.522  74.383  12.324 0.0000000000
134377  -4.712  74.001  11.673 0.0000000000
134378  -9.079  74.964  13.309 0.0000000000
134379  -9.411  74.327  13.127 0.0000000000
134380  -4.630  74.554  11.705 0.0000000000
134381  -4.854  74.315  11.092 0.0000000000
134382  -9.113  74.760  12.656 0.0000000000
134383  -9.409  74.416  12.215 0.0000000000
134384  -4.950  74.467  10.125 0.0000000000
134385  -9.515  74.514  11.255 0.0000000000
134389  -5.010  74.561  9.061 0.0000000000
134390  -9.527  74.608  10.271 0.0000000000
134394  -4.677  75.157  7.684 0.0000000000
134395  -4.883  74.640  7.944 0.0000000000
134396  -9.453  74.645  9.248 0.0000000000
134400  -4.602  74.782  7.121 0.0000000000
134401  -4.810  74.298  7.331 0.0000000000
134402  -9.352  74.653  8.194 0.0000000000
134406  -4.300  74.726  6.184 0.0000000000
134409  -4.217  74.674  5.293 0.0000000000
134714  -5.899  75.351  16.221 0.0000000000
134715  -6.882  75.342  16.515 0.0000000000
134716  -7.441  75.170  16.588 0.0000000000
134717  -5.735  75.721  15.298 0.0000000000
134718  -6.689  75.825  15.700 0.0000000000
134719  -7.698  75.459  15.996 0.0000000000
134720  -8.334  75.267  15.742 0.0000000000
134721  -4.667  75.474  13.634 0.0000000000
134722  -5.381  76.017  14.288 0.0000000000
134723  -6.425  76.260  14.843 0.0000000000
134724  -7.521  76.148  14.975 0.0000000000
134725  -8.208  75.628  15.311 0.0000000000
134726  -4.567  75.349  12.753 0.0000000000
134727  -5.069  76.174  13.114 0.0000000000
134728  -7.839  76.303  14.423 0.0000000000
134729  -8.339  75.885  14.419 0.0000000000
134730  -4.620  75.131  11.910 0.0000000000
134731  -4.893  76.006  12.096 0.0000000000
134732  -8.633  75.623  13.503 0.0000000000
134733  -4.686  74.878  11.450 0.0000000000
134734  -4.844  75.453  11.037 0.0000000000
134735  -8.708  75.387  12.440 0.0000000000
134736  -9.022  74.827  12.227 0.0000000000
134737  -4.858  75.511  9.814 0.0000000000
134738  -8.554  75.667  11.299 0.0000000000
134739  -9.012  74.949  11.663 0.0000000000
134740  -4.591  75.982  8.244 0.0000000000
134741  -4.792  75.592  8.765 0.0000000000
134742  -8.435  75.866  10.227 0.0000000000
134743  -9.024  75.140  10.707 0.0000000000
134744  -4.452  75.737  7.597 0.0000000000
134745  -4.697  75.432  8.056 0.0000000000
134746  -8.350  75.998  9.175 0.0000000000
134747  -8.954  75.259  9.676 0.0000000000
134748  -4.227  75.654  6.721 0.0000000000
134749  -8.425  76.173  8.233 0.0000000000
134750  -8.870  75.370  8.628 0.0000000000
134751  -4.166  75.596  5.819 0.0000000000
134752  -8.527  76.391  7.713 0.0000000000
134753  -8.815  75.703  7.475 0.0000000000
135096  -6.288  76.628  14.136 0.0000000000
135097  -7.082  76.578  14.326 0.0000000000
135098  -7.571  76.429  14.400 0.0000000000
135099  -5.882  76.777  13.395 0.0000000000
135100  -6.850  76.928  13.541 0.0000000000
135101  -7.740  76.468  13.808 0.0000000000
135102  -8.278  76.084  13.685 0.0000000000
135103  -5.611  76.906  12.297 0.0000000000
135104  -6.516  77.206  12.663 0.0000000000
135105  -7.511  76.922  12.561 0.0000000000
135106  -8.187  76.144  12.992 0.0000000000
135107  -5.161  76.689  11.318 0.0000000000
135108  -7.789  77.031  11.547 0.0000000000
135109  -8.191  76.312  11.956 0.0000000000
135110  -4.957  76.497  10.349 0.0000000000
135111  -7.687  77.237  10.653 0.0000000000
135112  -8.073  76.491  10.898 0.0000000000
135113  -4.665  76.515  8.696 0.0000000000
135114  -4.800  76.443  9.430 0.0000000000
135115  -7.611  77.487  10.047 0.0000000000
135116  -7.943  76.893  9.766 0.0000000000
135117  -4.482  76.597  8.015 0.0000000000
135118  -8.094  76.863  8.763 0.0000000000
135119  -4.278  76.569  7.215 0.0000000000
135120  -8.251  76.974  7.942 0.0000000000
135121  -4.210  76.542  6.320 0.0000000000
135122  -8.654  76.804  7.366 0.0000000000
135124  -4.371  76.423  5.491 0.0000000000
135494  -6.310  77.424  11.907 0.0000000000
135495  -6.974  77.371  11.923 0.0000000000
135496  -7.417  77.217  11.838 0.0000000000
135497  -5.835  77.521  11.309 0.0000000000
135498  -6.629  77.833  11.178 0.0000000000
135499  -7.319  77.469  11.269 0.0000000000
135500  -5.377  77.359  10.633 0.0000000000
135501  -6.767  78.112  10.624 0.0000000000
135502  -7.223  77.899  10.396 0.0000000000
135503  -4.761  77.080  9.113 0.0000000000
135504  -5.031  77.372  9.733 0.0000000000
135505  -7.584  77.860  9.393 0.0000000000
135506  -7.872  77.374  9.100 0.0000000000
135507  -4.674  77.317  8.541 0.0000000000
135508  -4.920  77.598  9.069 0.0000000000
135509  -7.658  78.153  8.912 0.0000000000
135510  -7.934  77.841  8.547 0.0000000000
135511  -4.468  77.381  7.739 0.0000000000
135512  -8.678  77.898  7.586 0.0000000000
135514  -4.372  77.411  6.863 0.0000000000
135515  -8.899  77.296  7.066 0.0000000000
135517  -4.575  77.469  5.868 0.0000000000
135850  -5.890  77.788  11.079 0.0000000000
135851  -6.075  77.943  11.056 0.0000000000
135852  -5.813  77.845  10.816 0.0000000000
135853  -6.281  78.131  10.569 0.0000000000
135854  -6.743  78.249  10.218 0.0000000000
135855  -5.646  77.976  10.143 0.0000000000
135856  -6.261  78.380  9.773 0.0000000000
135857  -7.017  78.440  9.626 0.0000000000
135858  -4.904  77.827  8.780 0.0000000000
135859  -5.390  78.196  9.113 0.0000000000
135860  -6.428  78.883  8.797 0.0000000000
135861  -7.517  78.658  8.816 0.0000000000
135862  -8.252  78.792  8.164 0.0000000000
135863  -4.799  78.039  8.315 0.0000000000
135864  -5.451  78.777  7.990 0.0000000000
135865  -6.132  79.125  8.116 0.0000000000
135866  -8.892  78.956  7.615 0.0000000000
135868  -4.659  78.169  7.446 0.0000000000
135869  -5.065  78.698  7.051 0.0000000000
135872  -4.656  78.107  6.655 0.0000000000
136162  -6.571  79.270  8.099 0.0000000000
136163  -7.079  79.242  8.366 0.0000000000
136164  -7.668  79.252  8.166 0.0000000000
136165  -5.526  78.995  7.331 0.0000000000
136166  -6.089  79.227  7.531 0.0000000000
136167  -7.057  79.466  7.622 0.0000000000
136170  -5.566  79.098  6.789 0.0000000000
