#!ascii label  , from subject cvs_avg35_inMNI152 vox2ras=TkReg
242
958  -2.153  -82.473  -7.107 0.0000000000
959  -2.795  -82.460  -6.961 0.0000000000
960  -3.586  -82.383  -7.121 0.0000000000
1251  -5.859  -79.865  -2.721 0.0000000000
1260  -5.724  -80.099  -3.317 0.0000000000
1261  -5.995  -80.259  -3.078 0.0000000000
1267  -5.492  -80.023  -3.852 0.0000000000
1268  -5.745  -80.331  -3.850 0.0000000000
1269  -6.102  -80.520  -3.705 0.0000000000
1270  -6.521  -80.337  -3.518 0.0000000000
1274  -5.259  -80.149  -4.671 0.0000000000
1275  -5.665  -80.505  -4.733 0.0000000000
1276  -6.221  -80.622  -4.508 0.0000000000
1277  -6.682  -80.392  -4.041 0.0000000000
1282  -2.168  -81.071  -6.310 0.0000000000
1283  -2.672  -80.909  -6.461 0.0000000000
1284  -3.479  -80.685  -6.623 0.0000000000
1285  -4.645  -80.542  -6.087 0.0000000000
1286  -5.630  -80.652  -5.687 0.0000000000
1287  -6.159  -80.657  -5.371 0.0000000000
1294  -2.155  -81.754  -6.648 0.0000000000
1295  -3.129  -81.647  -6.787 0.0000000000
1296  -3.942  -81.511  -6.971 0.0000000000
1297  -4.507  -81.519  -7.040 0.0000000000
1307  -1.753  -82.139  -7.348 0.0000000000
1651  -5.710  -79.492  -2.551 0.0000000000
1659  -5.487  -79.597  -3.325 0.0000000000
1664  -2.348  -79.421  -4.651 0.0000000000
1665  -2.441  -79.188  -4.484 0.0000000000
1666  -5.107  -79.631  -4.278 0.0000000000
1673  -1.565  -79.908  -5.323 0.0000000000
1674  -2.231  -79.766  -5.103 0.0000000000
1675  -2.853  -79.176  -5.270 0.0000000000
1676  -3.866  -79.081  -5.699 0.0000000000
1677  -4.570  -79.604  -5.237 0.0000000000
1678  -6.595  -80.389  -4.842 0.0000000000
1688  -1.409  -80.161  -5.722 0.0000000000
1689  -2.025  -80.492  -5.861 0.0000000000
1690  -2.832  -80.062  -6.010 0.0000000000
1691  -3.624  -79.856  -6.014 0.0000000000
1692  -4.137  -79.794  -5.802 0.0000000000
1703  -1.197  -80.276  -6.272 0.0000000000
1704  -1.545  -81.007  -6.538 0.0000000000
1715  -0.893  -80.371  -7.390 0.0000000000
1716  -1.462  -81.442  -7.399 0.0000000000
2051  -5.476  -79.085  -2.818 0.0000000000
2052  -5.664  -79.187  -2.140 0.0000000000
2062  -1.160  -79.072  -2.987 0.0000000000
2063  -1.574  -79.212  -2.980 0.0000000000
2064  -2.243  -79.032  -3.193 0.0000000000
2065  -5.342  -79.142  -3.360 0.0000000000
2077  -1.164  -79.086  -3.441 0.0000000000
2078  -1.979  -79.467  -3.916 0.0000000000
2079  -2.633  -78.812  -4.129 0.0000000000
2080  -5.055  -78.994  -3.965 0.0000000000
2093  -1.107  -79.330  -4.494 0.0000000000
2094  -1.924  -79.642  -4.508 0.0000000000
2095  -3.419  -78.481  -4.948 0.0000000000
2096  -4.256  -78.755  -5.123 0.0000000000
2097  -4.719  -79.130  -4.673 0.0000000000
2108  -0.878  -79.557  -5.689 0.0000000000
2116  -0.777  -79.658  -6.642 0.0000000000
2124  -0.606  -79.345  -7.312 0.0000000000
2132  -0.571  -79.447  -8.186 0.0000000000
2459  -1.368  -77.934  -1.939 0.0000000000
2460  -2.297  -78.001  -1.975 0.0000000000
2461  -2.695  -77.758  -2.403 0.0000000000
2462  -5.471  -78.637  -2.949 0.0000000000
2463  -5.695  -78.428  -2.301 0.0000000000
2469  -1.098  -78.603  -2.751 0.0000000000
2470  -1.902  -78.728  -2.398 0.0000000000
2471  -2.651  -78.296  -3.021 0.0000000000
2472  -5.295  -78.700  -3.428 0.0000000000
2473  -5.355  -78.147  -3.298 0.0000000000
2479  -0.785  -78.351  -3.592 0.0000000000
2480  -3.161  -78.226  -4.084 0.0000000000
2481  -3.679  -77.872  -4.182 0.0000000000
2482  -4.649  -77.992  -4.035 0.0000000000
2483  -5.098  -77.554  -3.641 0.0000000000
2492  -0.622  -78.216  -4.355 0.0000000000
2493  -3.532  -78.101  -4.584 0.0000000000
2494  -4.066  -78.091  -4.790 0.0000000000
2495  -4.559  -78.592  -4.569 0.0000000000
2505  -0.466  -78.343  -5.248 0.0000000000
2515  -0.407  -78.644  -6.585 0.0000000000
2525  -0.335  -78.593  -7.765 0.0000000000
2534  -0.412  -78.754  -8.607 0.0000000000
2878  -1.206  -76.508  -1.157 0.0000000000
2879  -1.560  -76.703  -0.994 0.0000000000
2880  -2.281  -76.804  -1.123 0.0000000000
2888  -1.056  -76.776  -1.601 0.0000000000
2889  -1.898  -77.388  -1.341 0.0000000000
2890  -2.764  -76.989  -1.991 0.0000000000
2891  -3.259  -76.596  -2.415 0.0000000000
2892  -6.258  -77.174  -1.902 0.0000000000
2900  -0.782  -77.407  -2.769 0.0000000000
2901  -2.995  -77.494  -2.919 0.0000000000
2902  -3.297  -76.827  -2.874 0.0000000000
2903  -5.619  -77.359  -3.177 0.0000000000
2909  -0.601  -77.439  -3.878 0.0000000000
2910  -3.184  -77.818  -3.589 0.0000000000
2911  -3.697  -77.171  -3.684 0.0000000000
2912  -4.659  -77.092  -3.793 0.0000000000
2913  -5.152  -77.133  -3.650 0.0000000000
2918  -0.428  -77.606  -4.614 0.0000000000
2923  -0.218  -77.350  -5.158 0.0000000000
2931  -0.077  -77.515  -6.036 0.0000000000
2942  0.429  -76.988  -7.901 0.0000000000
2943  0.138  -77.378  -7.395 0.0000000000
2953  0.403  -77.055  -8.522 0.0000000000
2954  -0.103  -77.989  -8.483 0.0000000000
3352  -1.288  -76.008  -1.023 0.0000000000
3353  -2.088  -76.186  -0.702 0.0000000000
3354  -2.818  -76.255  -1.196 0.0000000000
3355  -3.293  -76.031  -1.572 0.0000000000
3362  -0.938  -75.699  -1.746 0.0000000000
3363  -3.044  -76.416  -1.665 0.0000000000
3364  -3.312  -76.309  -2.056 0.0000000000
3365  -6.384  -76.343  -2.359 0.0000000000
3366  -6.726  -75.969  -1.670 0.0000000000
3372  -0.782  -76.208  -2.494 0.0000000000
3373  -3.700  -76.201  -2.780 0.0000000000
3374  -4.118  -75.849  -3.078 0.0000000000
3375  -6.014  -76.334  -3.092 0.0000000000
3376  -6.387  -75.829  -2.616 0.0000000000
3380  -0.623  -76.470  -3.446 0.0000000000
3381  -3.680  -76.582  -3.280 0.0000000000
3382  -4.263  -76.280  -3.496 0.0000000000
3383  -5.170  -76.521  -3.717 0.0000000000
3388  -0.402  -76.658  -4.509 0.0000000000
3394  -0.084  -76.571  -5.526 0.0000000000
3401  0.196  -76.693  -6.404 0.0000000000
3407  0.395  -76.480  -7.823 0.0000000000
3408  0.278  -76.324  -7.045 0.0000000000
3410  0.415  -76.236  -8.412 0.0000000000
3413  0.487  -76.263  -9.131 0.0000000000
3800  -1.373  -74.246  -0.779 0.0000000000
3801  -1.782  -74.580  -0.546 0.0000000000
3802  -2.397  -74.860  -0.502 0.0000000000
3815  -1.131  -74.886  -1.113 0.0000000000
3816  -1.844  -75.357  -0.584 0.0000000000
3817  -2.645  -75.503  -0.699 0.0000000000
3818  -3.322  -75.466  -1.164 0.0000000000
3831  -0.914  -74.973  -1.935 0.0000000000
3832  -3.778  -75.482  -2.116 0.0000000000
3833  -4.201  -74.991  -2.331 0.0000000000
3834  -6.892  -75.004  -1.977 0.0000000000
3843  -0.834  -75.407  -2.379 0.0000000000
3844  -4.024  -75.698  -2.782 0.0000000000
3845  -4.604  -75.332  -2.991 0.0000000000
3846  -5.856  -75.259  -3.074 0.0000000000
3847  -6.561  -75.197  -2.497 0.0000000000
3853  -0.706  -75.528  -3.072 0.0000000000
3854  -4.807  -75.846  -3.720 0.0000000000
3855  -5.354  -75.751  -3.547 0.0000000000
3861  -0.609  -75.622  -3.993 0.0000000000
3866  -0.452  -75.620  -5.034 0.0000000000
3871  -0.136  -75.685  -6.230 0.0000000000
3873  0.313  -75.911  -8.066 0.0000000000
3874  0.038  -75.466  -7.501 0.0000000000
3876  0.266  -75.446  -8.552 0.0000000000
3877  -0.020  -74.893  -8.077 0.0000000000
3880  0.508  -75.463  -9.527 0.0000000000
4268  -1.320  -73.932  -0.714 0.0000000000
4269  -1.710  -73.991  -0.488 0.0000000000
4270  -2.418  -74.174  -0.442 0.0000000000
4279  -1.011  -73.989  -1.049 0.0000000000
4280  -3.094  -74.618  -0.684 0.0000000000
4281  -3.849  -74.552  -1.371 0.0000000000
4282  -4.247  -73.944  -1.551 0.0000000000
4294  -0.889  -74.264  -1.776 0.0000000000
4295  -4.074  -74.855  -1.970 0.0000000000
4296  -4.487  -74.357  -2.165 0.0000000000
4310  -0.763  -74.625  -2.629 0.0000000000
4311  -5.412  -74.319  -2.708 0.0000000000
4312  -6.211  -74.490  -2.690 0.0000000000
4313  -6.675  -74.577  -2.347 0.0000000000
4323  -0.698  -74.829  -3.503 0.0000000000
4331  -0.667  -74.639  -4.383 0.0000000000
4336  -0.588  -74.550  -5.536 0.0000000000
4337  -0.668  -73.967  -6.087 0.0000000000
4342  -0.413  -74.626  -6.622 0.0000000000
4343  -0.650  -73.741  -6.777 0.0000000000
4345  -0.328  -74.304  -7.602 0.0000000000
4346  -0.593  -73.471  -7.452 0.0000000000
4348  0.298  -74.957  -9.103 0.0000000000
4349  0.021  -74.316  -8.677 0.0000000000
4352  0.447  -74.550  -9.700 0.0000000000
4353  0.161  -73.769  -9.449 0.0000000000
4809  -1.214  -73.467  -0.497 0.0000000000
4810  -2.155  -73.486  -0.183 0.0000000000
4811  -3.126  -73.486  -0.473 0.0000000000
4812  -3.611  -72.946  -0.635 0.0000000000
4820  -0.876  -73.473  -1.035 0.0000000000
4821  -3.547  -74.037  -0.816 0.0000000000
4822  -3.970  -73.408  -1.062 0.0000000000
4823  -4.559  -73.405  -1.838 0.0000000000
4830  -0.799  -73.492  -1.551 0.0000000000
4831  -5.100  -73.587  -2.434 0.0000000000
4843  -0.732  -73.631  -2.343 0.0000000000
4844  -5.583  -73.672  -2.580 0.0000000000
4845  -6.062  -73.731  -2.629 0.0000000000
4860  -0.702  -73.713  -3.439 0.0000000000
4872  -0.762  -73.475  -4.786 0.0000000000
4873  -1.012  -72.746  -5.123 0.0000000000
4883  -0.709  -73.775  -5.581 0.0000000000
4884  -0.902  -73.097  -5.911 0.0000000000
4889  -0.873  -72.909  -7.000 0.0000000000
4891  -0.422  -73.502  -8.126 0.0000000000
4892  -0.731  -72.868  -7.821 0.0000000000
4894  -0.321  -73.075  -8.975 0.0000000000
4895  -0.559  -72.921  -8.342 0.0000000000
4898  0.419  -73.805  -10.118 0.0000000000
4899  0.160  -73.083  -9.890 0.0000000000
5414  -0.711  -72.819  -1.084 0.0000000000
5425  -0.616  -72.782  -1.984 0.0000000000
5426  -5.113  -72.925  -2.159 0.0000000000
5434  -0.662  -72.931  -2.728 0.0000000000
5447  -0.720  -72.653  -3.278 0.0000000000
5448  -0.854  -72.352  -3.684 0.0000000000
5463  -0.766  -72.908  -3.918 0.0000000000
5464  -1.032  -72.368  -4.405 0.0000000000
5478  -1.316  -71.999  -5.392 0.0000000000
5482  -1.281  -72.114  -6.533 0.0000000000
5484  -1.126  -72.117  -7.551 0.0000000000
5486  -0.508  -72.360  -9.105 0.0000000000
5487  -0.754  -72.201  -8.536 0.0000000000
5490  -0.357  -72.279  -9.738 0.0000000000
5491  -0.601  -71.863  -9.253 0.0000000000
5971  -0.551  -71.917  -1.580 0.0000000000
5982  -0.703  -71.902  -2.649 0.0000000000
5983  -0.910  -71.217  -3.028 0.0000000000
5995  -0.800  -72.143  -3.288 0.0000000000
5996  -0.974  -71.696  -3.557 0.0000000000
6007  -1.257  -71.302  -4.435 0.0000000000
6022  -1.459  -70.968  -5.249 0.0000000000
6031  -1.496  -71.135  -6.133 0.0000000000
6033  -1.379  -71.176  -7.154 0.0000000000
6035  -1.095  -71.167  -8.154 0.0000000000
6039  -0.772  -71.090  -9.137 0.0000000000
6647  -1.370  -70.165  -7.769 0.0000000000
6649  -1.011  -70.166  -8.784 0.0000000000
