#!ascii label  , from subject cvs_avg35_inMNI152 vox2ras=TkReg
160
32887  -26.721  -38.580  -31.573 0.0000000000
32899  -26.489  -38.797  -31.690 0.0000000000
32912  -25.988  -39.140  -32.085 0.0000000000
32913  -26.331  -39.602  -32.252 0.0000000000
32921  -26.018  -39.030  -32.465 0.0000000000
32922  -26.391  -39.433  -32.927 0.0000000000
32923  -27.154  -39.439  -33.316 0.0000000000
32924  -27.960  -39.468  -33.571 0.0000000000
32925  -28.741  -39.593  -33.758 0.0000000000
32932  -29.465  -39.613  -34.013 0.0000000000
32933  -30.276  -39.616  -34.164 0.0000000000
32934  -31.187  -39.539  -34.288 0.0000000000
32935  -32.164  -39.495  -34.394 0.0000000000
32936  -33.170  -39.439  -34.593 0.0000000000
34008  -26.533  -38.353  -31.661 0.0000000000
34009  -27.052  -38.063  -31.473 0.0000000000
34023  -26.180  -38.338  -31.850 0.0000000000
34030  -25.889  -38.367  -32.269 0.0000000000
34038  -25.876  -38.501  -32.900 0.0000000000
34039  -26.565  -38.533  -33.266 0.0000000000
34040  -27.424  -38.536  -33.449 0.0000000000
34041  -28.320  -38.565  -33.579 0.0000000000
34042  -29.220  -38.586  -33.777 0.0000000000
34043  -29.833  -38.229  -34.007 0.0000000000
34052  -29.841  -38.926  -34.058 0.0000000000
34053  -30.530  -38.579  -34.220 0.0000000000
34054  -31.519  -38.565  -34.376 0.0000000000
34055  -32.419  -38.507  -34.507 0.0000000000
34056  -33.198  -38.387  -34.718 0.0000000000
34921  -26.443  -37.793  -31.684 0.0000000000
34922  -27.040  -37.459  -31.464 0.0000000000
34936  -25.849  -37.617  -31.946 0.0000000000
34944  -25.649  -37.599  -32.587 0.0000000000
34953  -25.978  -37.596  -33.197 0.0000000000
34954  -26.810  -37.568  -33.383 0.0000000000
34955  -27.765  -37.569  -33.460 0.0000000000
34956  -28.684  -37.569  -33.573 0.0000000000
34957  -29.502  -37.521  -33.731 0.0000000000
34958  -30.210  -37.535  -34.043 0.0000000000
34966  -30.994  -37.641  -34.291 0.0000000000
34967  -31.815  -37.632  -34.424 0.0000000000
34968  -32.597  -37.538  -34.598 0.0000000000
34969  -33.301  -37.488  -34.941 0.0000000000
35794  -26.297  -36.716  -31.678 0.0000000000
35795  -27.324  -36.398  -31.376 0.0000000000
35806  -25.568  -36.690  -32.203 0.0000000000
35816  -25.554  -36.618  -32.902 0.0000000000
35825  -26.202  -36.554  -33.275 0.0000000000
35826  -27.154  -36.562  -33.422 0.0000000000
35827  -28.140  -36.570  -33.462 0.0000000000
35828  -29.047  -36.575  -33.574 0.0000000000
35829  -29.886  -36.599  -33.728 0.0000000000
35830  -30.659  -36.688  -34.062 0.0000000000
35837  -31.343  -36.887  -34.290 0.0000000000
35838  -31.999  -36.677  -34.453 0.0000000000
35839  -32.776  -36.566  -34.768 0.0000000000
36684  -25.769  -34.592  -31.792 0.0000000000
36685  -26.693  -35.234  -31.605 0.0000000000
36686  -27.899  -35.254  -31.293 0.0000000000
36696  -25.161  -34.893  -32.131 0.0000000000
36697  -25.706  -35.671  -31.908 0.0000000000
36709  -24.965  -34.879  -32.707 0.0000000000
36710  -25.404  -35.692  -32.513 0.0000000000
36718  -24.942  -34.685  -33.069 0.0000000000
36719  -25.525  -35.346  -33.112 0.0000000000
36720  -26.556  -35.517  -33.342 0.0000000000
36721  -27.573  -35.566  -33.433 0.0000000000
36722  -28.538  -35.588  -33.485 0.0000000000
36723  -29.439  -35.612  -33.585 0.0000000000
36724  -30.315  -35.668  -33.799 0.0000000000
36730  -31.250  -35.835  -34.196 0.0000000000
36731  -32.163  -35.633  -34.574 0.0000000000
37570  -28.759  -34.344  -28.616 0.0000000000
37578  -25.694  -33.737  -31.676 0.0000000000
37579  -26.466  -33.905  -31.575 0.0000000000
37580  -27.555  -34.041  -31.367 0.0000000000
37581  -28.607  -34.254  -31.014 0.0000000000
37595  -25.099  -34.012  -31.864 0.0000000000
37606  -24.669  -34.183  -32.337 0.0000000000
37611  -24.508  -34.221  -32.929 0.0000000000
37612  -25.024  -34.142  -33.308 0.0000000000
37613  -26.010  -34.443  -33.348 0.0000000000
37614  -27.015  -34.566  -33.427 0.0000000000
37615  -28.000  -34.611  -33.452 0.0000000000
37616  -28.932  -34.636  -33.497 0.0000000000
38496  -28.469  -33.856  -28.266 0.0000000000
38504  -28.425  -32.849  -29.765 0.0000000000
38505  -28.638  -33.433  -29.322 0.0000000000
38506  -29.388  -34.083  -29.815 0.0000000000
38513  -25.217  -33.136  -31.694 0.0000000000
38514  -26.047  -32.979  -31.513 0.0000000000
38515  -27.066  -32.895  -31.256 0.0000000000
38516  -28.294  -32.988  -30.540 0.0000000000
38517  -29.098  -33.787  -30.334 0.0000000000
38532  -24.208  -32.903  -31.940 0.0000000000
38533  -24.504  -33.286  -31.953 0.0000000000
38544  -24.086  -32.958  -32.200 0.0000000000
38545  -24.271  -33.526  -32.545 0.0000000000
38550  -23.965  -32.974  -32.686 0.0000000000
38551  -24.266  -33.338  -33.131 0.0000000000
38552  -24.809  -33.234  -33.433 0.0000000000
38553  -25.546  -33.449  -33.504 0.0000000000
38554  -26.474  -33.596  -33.516 0.0000000000
38564  -23.942  -32.948  -33.029 0.0000000000
38565  -24.107  -33.101  -33.134 0.0000000000
39443  -28.855  -33.508  -27.879 0.0000000000
39458  -27.916  -32.462  -28.885 0.0000000000
39459  -28.369  -32.734  -28.552 0.0000000000
39460  -29.048  -32.073  -28.239 0.0000000000
39468  -27.997  -32.509  -29.395 0.0000000000
39469  -28.059  -33.023  -28.971 0.0000000000
39483  -24.325  -32.329  -31.724 0.0000000000
39484  -24.622  -32.499  -31.686 0.0000000000
39485  -25.445  -32.285  -31.426 0.0000000000
39486  -26.333  -32.074  -31.074 0.0000000000
39487  -27.200  -32.026  -30.327 0.0000000000
39503  -24.134  -32.475  -31.862 0.0000000000
39504  -24.376  -32.765  -31.818 0.0000000000
39513  -23.827  -32.417  -32.335 0.0000000000
39518  -23.770  -32.477  -32.928 0.0000000000
39519  -24.250  -32.595  -33.317 0.0000000000
39520  -25.039  -32.579  -33.685 0.0000000000
39531  -24.036  -32.758  -33.163 0.0000000000
39532  -24.164  -32.935  -33.196 0.0000000000
40388  -27.842  -31.982  -28.910 0.0000000000
40389  -28.488  -31.525  -28.687 0.0000000000
40403  -26.758  -31.070  -29.913 0.0000000000
40404  -27.314  -31.433  -29.560 0.0000000000
40405  -27.836  -31.190  -29.105 0.0000000000
40423  -24.305  -32.014  -31.682 0.0000000000
40424  -24.841  -31.720  -31.423 0.0000000000
40425  -25.601  -31.450  -31.026 0.0000000000
40426  -26.379  -31.300  -30.391 0.0000000000
40427  -26.877  -31.439  -29.989 0.0000000000
40446  -23.818  -31.832  -31.894 0.0000000000
40459  -23.543  -31.727  -32.478 0.0000000000
40470  -23.695  -31.723  -33.154 0.0000000000
40471  -24.364  -31.725  -33.629 0.0000000000
41375  -28.999  -30.862  -28.775 0.0000000000
41391  -26.995  -30.760  -29.815 0.0000000000
41392  -27.571  -30.595  -29.628 0.0000000000
41393  -28.420  -30.614  -29.222 0.0000000000
41414  -24.226  -31.297  -31.550 0.0000000000
41415  -24.911  -30.906  -31.185 0.0000000000
41416  -25.679  -30.667  -30.693 0.0000000000
41417  -26.475  -30.549  -30.246 0.0000000000
41418  -27.047  -30.360  -30.070 0.0000000000
41435  -23.548  -30.994  -31.907 0.0000000000
41448  -23.338  -30.867  -32.700 0.0000000000
42383  -28.184  -30.160  -29.838 0.0000000000
42400  -24.187  -30.419  -31.473 0.0000000000
42401  -25.007  -30.110  -31.058 0.0000000000
42402  -25.861  -29.965  -30.695 0.0000000000
42403  -26.722  -29.980  -30.535 0.0000000000
42404  -27.596  -29.979  -30.323 0.0000000000
42418  -23.558  -29.906  -32.194 0.0000000000
42419  -24.457  -29.575  -31.660 0.0000000000
42420  -25.390  -29.511  -31.408 0.0000000000
42421  -26.313  -29.596  -31.248 0.0000000000
42422  -27.230  -29.656  -31.132 0.0000000000
