#!ascii label  , from subject cvs_avg35_inMNI152 vox2ras=TkReg
179
94700  -33.636  17.059  -13.744 0.0000000000
95764  -32.759  17.533  -12.450 0.0000000000
95765  -33.221  16.989  -12.828 0.0000000000
95773  -32.915  18.011  -13.313 0.0000000000
95774  -33.278  17.300  -13.324 0.0000000000
95781  -32.997  18.277  -13.765 0.0000000000
95782  -33.497  17.752  -14.214 0.0000000000
95783  -34.108  17.211  -14.759 0.0000000000
95785  -33.628  18.154  -14.901 0.0000000000
95786  -34.055  17.746  -15.270 0.0000000000
95788  -34.617  17.621  -16.260 0.0000000000
95793  -34.667  18.004  -16.903 0.0000000000
95809  -34.982  17.786  -19.685 0.0000000000
95811  -34.755  17.396  -21.000 0.0000000000
95814  -34.630  17.469  -21.885 0.0000000000
95822  -34.551  17.506  -22.878 0.0000000000
96787  -32.365  18.624  -12.604 0.0000000000
96794  -32.656  18.744  -13.396 0.0000000000
96802  -32.972  18.726  -14.054 0.0000000000
96803  -33.318  18.630  -14.695 0.0000000000
96805  -33.654  18.605  -15.347 0.0000000000
96806  -34.099  18.264  -15.916 0.0000000000
96808  -33.851  18.900  -16.022 0.0000000000
96809  -34.298  18.530  -16.635 0.0000000000
96813  -34.659  18.403  -17.520 0.0000000000
96814  -34.987  17.815  -17.786 0.0000000000
96818  -34.674  18.850  -18.420 0.0000000000
96819  -34.947  18.038  -18.357 0.0000000000
96823  -34.695  19.091  -18.981 0.0000000000
96824  -34.876  18.473  -19.270 0.0000000000
96828  -34.830  18.040  -20.715 0.0000000000
96829  -34.889  18.324  -20.138 0.0000000000
96833  -34.720  18.378  -21.344 0.0000000000
96834  -34.819  18.577  -20.720 0.0000000000
96838  -34.597  18.529  -22.357 0.0000000000
97861  -31.906  19.577  -12.218 0.0000000000
97862  -32.241  19.475  -12.951 0.0000000000
97874  -32.530  19.499  -13.638 0.0000000000
97883  -32.909  19.613  -14.559 0.0000000000
97884  -33.299  19.089  -15.035 0.0000000000
97889  -32.971  20.139  -15.090 0.0000000000
97890  -33.354  19.604  -15.550 0.0000000000
97893  -33.857  19.570  -16.694 0.0000000000
97894  -34.275  18.998  -17.133 0.0000000000
97897  -33.905  20.049  -17.347 0.0000000000
97898  -34.255  19.500  -17.741 0.0000000000
97903  -34.470  19.558  -18.654 0.0000000000
97909  -34.644  19.449  -19.594 0.0000000000
97910  -34.838  18.830  -19.849 0.0000000000
97915  -34.638  19.678  -20.618 0.0000000000
97916  -34.793  19.001  -20.324 0.0000000000
97920  -34.614  19.508  -21.635 0.0000000000
97921  -34.741  19.044  -20.940 0.0000000000
97926  -34.534  19.739  -22.910 0.0000000000
98949  -31.856  20.499  -12.680 0.0000000000
98950  -32.212  19.993  -13.221 0.0000000000
98961  -31.913  21.025  -13.141 0.0000000000
98962  -32.268  20.550  -13.693 0.0000000000
98975  -32.645  20.818  -14.799 0.0000000000
98985  -33.017  20.589  -15.551 0.0000000000
98986  -33.335  20.452  -16.233 0.0000000000
98992  -33.600  20.579  -17.079 0.0000000000
98998  -33.918  20.562  -18.025 0.0000000000
98999  -34.224  20.010  -18.317 0.0000000000
99005  -33.959  20.933  -18.651 0.0000000000
99006  -34.225  20.422  -18.993 0.0000000000
99013  -34.409  20.463  -20.114 0.0000000000
99016  -34.474  20.540  -21.147 0.0000000000
99018  -34.492  20.609  -22.170 0.0000000000
99024  -34.481  20.811  -23.011 0.0000000000
100041  -31.614  21.560  -12.804 0.0000000000
100047  -31.926  21.509  -13.496 0.0000000000
100048  -32.202  21.522  -14.177 0.0000000000
100060  -32.399  21.807  -14.914 0.0000000000
100075  -32.774  21.588  -15.776 0.0000000000
100076  -33.064  21.003  -16.026 0.0000000000
100090  -32.888  21.926  -16.437 0.0000000000
100091  -33.147  21.414  -16.678 0.0000000000
100097  -33.461  21.454  -17.692 0.0000000000
100102  -33.710  21.566  -18.648 0.0000000000
100103  -33.979  21.190  -19.086 0.0000000000
100107  -33.859  21.831  -19.534 0.0000000000
100108  -34.128  21.205  -19.750 0.0000000000
100112  -34.015  21.865  -20.194 0.0000000000
100113  -34.232  21.460  -20.718 0.0000000000
100116  -34.348  21.505  -21.748 0.0000000000
100118  -34.405  21.559  -22.698 0.0000000000
101089  -31.133  22.456  -12.366 0.0000000000
101096  -31.604  22.436  -13.444 0.0000000000
101097  -31.943  21.988  -13.866 0.0000000000
101105  -31.661  22.999  -14.041 0.0000000000
101106  -32.000  22.500  -14.442 0.0000000000
101116  -32.332  22.641  -15.491 0.0000000000
101132  -32.675  22.547  -16.479 0.0000000000
101133  -32.940  22.163  -16.877 0.0000000000
101143  -32.851  22.757  -17.330 0.0000000000
101144  -33.117  22.171  -17.479 0.0000000000
101150  -33.010  22.795  -17.930 0.0000000000
101151  -33.276  22.442  -18.351 0.0000000000
101154  -33.519  22.567  -19.306 0.0000000000
101158  -33.784  22.612  -20.272 0.0000000000
101159  -34.028  22.223  -20.732 0.0000000000
101163  -33.928  22.771  -21.002 0.0000000000
101164  -34.117  22.412  -21.442 0.0000000000
101166  -34.240  22.440  -22.393 0.0000000000
101168  -34.311  22.421  -23.344 0.0000000000
102000  -30.838  23.552  -12.698 0.0000000000
102001  -31.217  22.986  -13.026 0.0000000000
102013  -30.951  23.918  -13.309 0.0000000000
102014  -31.269  23.505  -13.629 0.0000000000
102027  -31.704  23.564  -14.687 0.0000000000
102028  -32.038  23.064  -15.028 0.0000000000
102035  -31.816  23.914  -15.288 0.0000000000
102036  -32.022  23.559  -15.510 0.0000000000
102047  -31.969  24.199  -17.166 0.0000000000
102058  -32.059  24.071  -17.563 0.0000000000
102068  -32.171  24.099  -18.232 0.0000000000
102069  -33.032  23.064  -18.349 0.0000000000
102076  -32.582  25.034  -19.187 0.0000000000
102077  -32.807  24.916  -19.580 0.0000000000
102080  -33.137  24.911  -20.202 0.0000000000
102085  -33.553  24.947  -21.147 0.0000000000
102086  -33.944  23.044  -21.408 0.0000000000
102089  -33.789  24.977  -21.689 0.0000000000
102090  -33.980  24.835  -22.184 0.0000000000
102093  -34.216  24.592  -23.177 0.0000000000
102874  -30.676  24.525  -13.273 0.0000000000
102875  -31.006  24.107  -13.614 0.0000000000
102891  -30.704  25.047  -13.829 0.0000000000
102892  -31.106  24.498  -14.219 0.0000000000
102906  -31.577  24.485  -15.342 0.0000000000
102907  -31.863  24.050  -15.578 0.0000000000
102921  -31.738  25.231  -16.566 0.0000000000
102922  -31.858  24.596  -16.889 0.0000000000
102935  -31.761  25.010  -16.910 0.0000000000
102936  -31.976  24.477  -17.478 0.0000000000
102945  -32.422  25.359  -18.810 0.0000000000
102954  -32.645  25.232  -19.306 0.0000000000
102955  -32.923  25.004  -19.825 0.0000000000
102958  -32.933  25.322  -19.768 0.0000000000
102959  -33.220  25.205  -20.438 0.0000000000
102964  -33.589  25.242  -21.321 0.0000000000
102966  -33.922  25.185  -22.178 0.0000000000
102967  -34.130  24.834  -22.845 0.0000000000
102969  -34.055  25.174  -23.125 0.0000000000
102970  -34.249  24.675  -23.635 0.0000000000
103658  -30.269  25.042  -12.840 0.0000000000
103664  -30.310  25.597  -13.429 0.0000000000
103674  -30.730  25.594  -14.387 0.0000000000
103675  -31.136  25.187  -14.975 0.0000000000
103686  -30.953  25.869  -15.197 0.0000000000
103687  -31.583  25.959  -16.376 0.0000000000
103699  -31.470  26.574  -17.282 0.0000000000
103712  -31.774  26.307  -17.684 0.0000000000
103713  -32.157  25.804  -18.265 0.0000000000
103724  -32.048  26.151  -18.110 0.0000000000
103725  -32.402  25.839  -18.699 0.0000000000
103734  -32.750  25.802  -19.397 0.0000000000
103737  -33.087  25.816  -20.084 0.0000000000
103738  -33.369  25.779  -20.871 0.0000000000
103743  -33.648  25.784  -21.679 0.0000000000
104422  -30.306  26.433  -14.133 0.0000000000
104429  -30.805  27.874  -16.355 0.0000000000
104435  -31.049  27.383  -16.818 0.0000000000
104436  -31.269  26.842  -17.069 0.0000000000
104442  -31.147  27.271  -17.060 0.0000000000
104443  -31.410  26.891  -17.291 0.0000000000
104449  -31.806  26.622  -17.790 0.0000000000
104455  -32.194  26.642  -18.330 0.0000000000
104456  -32.601  26.516  -19.025 0.0000000000
104463  -32.876  26.509  -19.696 0.0000000000
104467  -33.145  26.602  -20.567 0.0000000000
104468  -33.403  26.304  -21.271 0.0000000000
105170  -31.134  27.814  -17.052 0.0000000000
105171  -31.321  27.311  -17.248 0.0000000000
105177  -31.373  28.070  -17.415 0.0000000000
105178  -31.708  27.511  -17.752 0.0000000000
105183  -32.457  27.549  -18.952 0.0000000000
105184  -32.716  27.002  -19.366 0.0000000000
