#!ascii label  , from subject cvs_avg35_inMNI152 vox2ras=TkReg
337
147  -17.358  -85.348  -23.275 0.0000000000
148  -17.989  -85.415  -22.957 0.0000000000
149  -18.631  -85.557  -23.158 0.0000000000
150  -19.128  -85.619  -23.443 0.0000000000
158  -16.507  -85.545  -23.894 0.0000000000
159  -17.808  -85.755  -23.626 0.0000000000
160  -18.679  -85.741  -23.703 0.0000000000
161  -19.130  -85.689  -23.730 0.0000000000
172  -17.234  -85.969  -24.519 0.0000000000
173  -18.335  -85.837  -24.356 0.0000000000
174  -19.007  -85.744  -24.043 0.0000000000
322  -19.067  -84.489  -22.381 0.0000000000
323  -19.427  -84.799  -22.498 0.0000000000
324  -20.242  -84.738  -22.627 0.0000000000
325  -20.857  -84.401  -22.642 0.0000000000
332  -16.870  -84.989  -23.291 0.0000000000
333  -17.649  -84.750  -22.824 0.0000000000
334  -18.678  -85.010  -22.590 0.0000000000
335  -19.481  -85.352  -22.938 0.0000000000
336  -20.300  -85.203  -23.197 0.0000000000
337  -21.246  -84.790  -22.995 0.0000000000
338  -21.860  -84.795  -23.422 0.0000000000
346  -15.499  -84.843  -24.327 0.0000000000
347  -16.247  -84.693  -23.693 0.0000000000
348  -19.664  -85.555  -23.800 0.0000000000
349  -20.708  -85.229  -23.845 0.0000000000
350  -21.509  -85.021  -23.792 0.0000000000
351  -21.915  -84.897  -23.750 0.0000000000
362  -19.143  -85.604  -24.696 0.0000000000
363  -20.165  -85.317  -24.682 0.0000000000
364  -21.196  -85.048  -24.703 0.0000000000
365  -21.938  -84.928  -24.181 0.0000000000
545  -17.075  -85.010  -19.034 0.0000000000
546  -17.542  -84.751  -18.783 0.0000000000
547  -18.460  -84.451  -18.451 0.0000000000
551  -15.933  -85.045  -20.091 0.0000000000
552  -16.602  -84.729  -19.513 0.0000000000
553  -17.255  -83.906  -19.200 0.0000000000
560  -14.932  -84.326  -21.204 0.0000000000
561  -15.630  -84.269  -20.564 0.0000000000
562  -16.307  -83.911  -20.056 0.0000000000
571  -14.952  -83.727  -21.380 0.0000000000
572  -19.075  -84.245  -22.324 0.0000000000
573  -19.596  -84.152  -22.271 0.0000000000
574  -20.577  -84.078  -22.375 0.0000000000
575  -21.374  -84.092  -22.445 0.0000000000
576  -22.206  -84.076  -22.278 0.0000000000
577  -22.892  -84.167  -22.316 0.0000000000
587  -16.775  -84.204  -23.242 0.0000000000
588  -17.565  -83.864  -22.827 0.0000000000
589  -18.613  -84.040  -22.446 0.0000000000
590  -19.323  -83.590  -22.424 0.0000000000
591  -21.790  -84.345  -22.676 0.0000000000
592  -22.321  -84.507  -22.944 0.0000000000
593  -23.249  -84.256  -22.857 0.0000000000
594  -23.792  -84.063  -22.765 0.0000000000
604  -15.753  -84.117  -24.004 0.0000000000
605  -16.235  -84.160  -23.668 0.0000000000
606  -22.263  -84.706  -23.701 0.0000000000
607  -22.949  -84.459  -23.605 0.0000000000
608  -23.768  -84.123  -23.510 0.0000000000
615  -15.025  -84.053  -24.449 0.0000000000
616  -21.944  -84.795  -24.809 0.0000000000
617  -22.556  -84.563  -24.377 0.0000000000
618  -23.374  -84.252  -24.334 0.0000000000
619  -23.730  -84.149  -24.070 0.0000000000
626  -22.942  -84.348  -24.804 0.0000000000
814  -20.049  -83.634  -17.550 0.0000000000
817  -17.949  -83.488  -18.763 0.0000000000
818  -18.882  -83.684  -18.410 0.0000000000
822  -16.773  -83.285  -19.679 0.0000000000
823  -17.360  -83.274  -19.179 0.0000000000
826  -15.502  -82.985  -21.034 0.0000000000
827  -16.079  -83.330  -20.327 0.0000000000
829  -14.532  -83.503  -21.955 0.0000000000
830  -14.893  -83.021  -21.655 0.0000000000
831  -19.739  -83.597  -22.387 0.0000000000
832  -20.237  -83.549  -22.435 0.0000000000
833  -21.081  -83.406  -22.432 0.0000000000
834  -21.933  -83.403  -22.098 0.0000000000
835  -22.957  -83.553  -21.706 0.0000000000
836  -24.116  -83.472  -21.657 0.0000000000
837  -24.885  -83.285  -21.954 0.0000000000
840  -14.077  -83.648  -22.706 0.0000000000
841  -16.965  -83.172  -23.183 0.0000000000
842  -18.008  -83.124  -22.847 0.0000000000
843  -18.926  -83.057  -22.673 0.0000000000
844  -19.792  -83.075  -22.617 0.0000000000
845  -20.640  -82.941  -22.567 0.0000000000
846  -21.146  -82.878  -22.424 0.0000000000
847  -23.628  -84.024  -22.202 0.0000000000
848  -24.390  -83.727  -22.645 0.0000000000
849  -25.204  -83.220  -22.609 0.0000000000
854  -13.739  -83.805  -23.627 0.0000000000
855  -14.511  -83.335  -23.551 0.0000000000
856  -15.268  -83.474  -23.839 0.0000000000
857  -16.157  -83.637  -23.613 0.0000000000
858  -24.418  -83.777  -23.575 0.0000000000
859  -24.900  -83.461  -23.253 0.0000000000
865  -13.947  -83.786  -24.184 0.0000000000
866  -14.569  -83.704  -24.189 0.0000000000
867  -23.577  -84.114  -24.660 0.0000000000
868  -23.960  -83.969  -24.361 0.0000000000
869  -24.862  -83.428  -24.180 0.0000000000
1067  -21.189  -83.415  -16.757 0.0000000000
1068  -21.769  -82.665  -16.735 0.0000000000
1069  -22.806  -82.440  -16.390 0.0000000000
1072  -19.942  -82.699  -17.725 0.0000000000
1073  -20.692  -82.759  -17.215 0.0000000000
1074  -21.271  -82.152  -17.193 0.0000000000
1076  -18.113  -82.737  -18.805 0.0000000000
1077  -18.717  -82.754  -18.566 0.0000000000
1078  -19.420  -83.089  -18.089 0.0000000000
1081  -16.970  -82.501  -19.833 0.0000000000
1082  -17.619  -82.481  -19.263 0.0000000000
1083  -18.344  -82.319  -18.858 0.0000000000
1091  -15.772  -82.304  -21.226 0.0000000000
1092  -16.390  -82.280  -20.522 0.0000000000
1093  -17.173  -81.993  -19.966 0.0000000000
1101  -14.678  -82.991  -22.231 0.0000000000
1102  -15.311  -82.289  -21.926 0.0000000000
1103  -15.948  -81.743  -21.395 0.0000000000
1104  -21.580  -82.868  -22.238 0.0000000000
1105  -22.409  -82.351  -21.764 0.0000000000
1106  -23.657  -82.611  -21.299 0.0000000000
1107  -24.742  -82.715  -21.432 0.0000000000
1108  -25.425  -82.736  -22.010 0.0000000000
1116  -14.811  -82.818  -22.866 0.0000000000
1117  -15.694  -82.346  -22.701 0.0000000000
1118  -16.641  -82.298  -22.842 0.0000000000
1119  -17.564  -82.360  -22.961 0.0000000000
1120  -18.481  -82.225  -22.993 0.0000000000
1121  -19.411  -82.273  -22.944 0.0000000000
1122  -20.274  -82.379  -22.793 0.0000000000
1123  -21.268  -82.243  -22.459 0.0000000000
1124  -21.956  -81.735  -22.194 0.0000000000
1125  -25.842  -82.730  -22.729 0.0000000000
1126  -26.416  -82.290  -22.920 0.0000000000
1127  -26.832  -82.071  -22.983 0.0000000000
1133  -14.778  -82.985  -23.283 0.0000000000
1134  -15.122  -82.909  -23.322 0.0000000000
1135  -15.961  -82.871  -23.377 0.0000000000
1136  -18.625  -81.851  -23.135 0.0000000000
1137  -18.912  -81.849  -23.170 0.0000000000
1138  -25.486  -83.130  -23.402 0.0000000000
1139  -26.146  -82.671  -23.517 0.0000000000
1140  -26.908  -82.266  -23.526 0.0000000000
1143  -25.642  -82.937  -24.310 0.0000000000
1398  -23.127  -80.821  -16.161 0.0000000000
1404  -22.322  -82.026  -16.728 0.0000000000
1405  -22.807  -81.419  -16.557 0.0000000000
1408  -20.236  -82.235  -17.723 0.0000000000
1409  -20.808  -81.657  -17.676 0.0000000000
1410  -21.843  -81.552  -17.118 0.0000000000
1411  -22.277  -81.044  -16.987 0.0000000000
1413  -18.804  -82.126  -18.714 0.0000000000
1414  -19.612  -81.895  -18.345 0.0000000000
1415  -20.363  -81.153  -18.196 0.0000000000
1421  -17.635  -81.323  -19.633 0.0000000000
1422  -18.554  -81.538  -18.989 0.0000000000
1423  -19.277  -81.145  -18.761 0.0000000000
1433  -16.400  -81.186  -20.967 0.0000000000
1434  -16.994  -81.259  -20.333 0.0000000000
1438  -15.799  -81.569  -21.956 0.0000000000
1439  -16.094  -80.956  -21.680 0.0000000000
1440  -22.735  -81.739  -21.602 0.0000000000
1441  -23.282  -81.598  -21.422 0.0000000000
1442  -24.466  -81.695  -21.457 0.0000000000
1443  -25.238  -82.121  -21.734 0.0000000000
1451  -15.755  -81.865  -22.258 0.0000000000
1452  -16.333  -81.403  -22.372 0.0000000000
1453  -17.358  -81.527  -22.805 0.0000000000
1454  -17.952  -81.810  -23.060 0.0000000000
1455  -19.961  -81.953  -23.085 0.0000000000
1456  -20.579  -81.682  -23.060 0.0000000000
1457  -21.624  -81.060  -22.827 0.0000000000
1458  -22.599  -81.291  -21.908 0.0000000000
1459  -23.154  -81.091  -21.600 0.0000000000
1460  -25.260  -81.459  -21.998 0.0000000000
1461  -25.907  -81.946  -22.397 0.0000000000
1462  -26.608  -81.865  -22.799 0.0000000000
1463  -27.229  -81.659  -22.971 0.0000000000
1474  -17.916  -81.423  -23.063 0.0000000000
1475  -18.493  -81.473  -23.246 0.0000000000
1476  -19.589  -81.377  -23.419 0.0000000000
1477  -20.691  -80.888  -23.470 0.0000000000
1478  -21.250  -80.567  -23.328 0.0000000000
1795  -23.090  -80.423  -15.442 0.0000000000
1802  -22.310  -80.073  -16.835 0.0000000000
1803  -22.580  -80.337  -16.462 0.0000000000
1809  -21.458  -81.049  -17.584 0.0000000000
1810  -22.002  -80.415  -17.321 0.0000000000
1811  -22.415  -80.802  -16.845 0.0000000000
1818  -19.933  -80.520  -18.656 0.0000000000
1819  -21.088  -80.559  -18.016 0.0000000000
1820  -21.567  -80.284  -17.794 0.0000000000
1829  -17.422  -80.298  -20.058 0.0000000000
1830  -18.241  -80.442  -19.401 0.0000000000
1831  -19.023  -80.638  -18.993 0.0000000000
1841  -16.397  -80.553  -21.231 0.0000000000
1842  -16.798  -80.459  -20.707 0.0000000000
1848  -16.344  -80.332  -21.620 0.0000000000
1849  -16.641  -80.002  -21.234 0.0000000000
1850  -23.447  -81.042  -21.530 0.0000000000
1851  -23.918  -81.013  -21.518 0.0000000000
1858  -16.425  -80.437  -22.114 0.0000000000
1859  -17.150  -80.522  -22.547 0.0000000000
1860  -17.854  -80.075  -22.920 0.0000000000
1861  -21.947  -80.402  -22.862 0.0000000000
1862  -22.458  -80.339  -22.529 0.0000000000
1863  -23.424  -80.523  -21.899 0.0000000000
1864  -24.692  -80.583  -22.261 0.0000000000
1865  -25.734  -81.003  -22.586 0.0000000000
1866  -26.630  -81.213  -22.802 0.0000000000
1874  -17.886  -80.872  -23.054 0.0000000000
1875  -18.763  -80.248  -23.291 0.0000000000
1876  -19.978  -80.204  -23.446 0.0000000000
1877  -20.919  -80.069  -23.476 0.0000000000
1878  -21.667  -80.124  -23.147 0.0000000000
1879  -22.111  -80.058  -22.891 0.0000000000
1880  -24.978  -79.889  -23.007 0.0000000000
1881  -25.593  -80.185  -22.993 0.0000000000
2190  -22.040  -79.007  -14.978 0.0000000000
2191  -22.544  -79.420  -14.613 0.0000000000
2197  -22.041  -79.163  -15.460 0.0000000000
2198  -22.469  -79.799  -15.805 0.0000000000
2204  -22.134  -79.601  -16.516 0.0000000000
2205  -22.415  -79.894  -16.280 0.0000000000
2213  -21.783  -79.456  -17.353 0.0000000000
2222  -20.019  -79.687  -18.904 0.0000000000
2223  -20.788  -79.473  -18.514 0.0000000000
2224  -21.521  -79.875  -17.890 0.0000000000
2232  -17.471  -79.746  -20.150 0.0000000000
2233  -17.920  -79.415  -19.911 0.0000000000
2234  -19.191  -79.604  -19.247 0.0000000000
2235  -20.087  -79.146  -19.084 0.0000000000
2241  -17.201  -79.593  -20.595 0.0000000000
2242  -17.600  -79.000  -20.466 0.0000000000
2248  -16.557  -79.952  -21.775 0.0000000000
2249  -17.069  -79.472  -21.601 0.0000000000
2256  -16.830  -79.897  -22.175 0.0000000000
2257  -17.490  -79.550  -22.385 0.0000000000
2258  -18.323  -79.390  -22.740 0.0000000000
2259  -18.942  -79.041  -22.698 0.0000000000
2260  -23.205  -79.731  -22.494 0.0000000000
2261  -24.065  -79.764  -22.512 0.0000000000
2262  -24.589  -79.872  -22.752 0.0000000000
2269  -18.864  -79.486  -22.999 0.0000000000
2270  -19.497  -79.310  -23.104 0.0000000000
2271  -20.476  -79.274  -23.387 0.0000000000
2272  -21.428  -79.254  -23.387 0.0000000000
2273  -22.452  -79.353  -22.969 0.0000000000
2274  -23.727  -78.872  -22.891 0.0000000000
2586  -21.893  -78.017  -14.078 0.0000000000
2587  -22.374  -78.524  -13.547 0.0000000000
2596  -21.059  -77.763  -15.121 0.0000000000
2597  -21.627  -78.407  -14.887 0.0000000000
2598  -22.110  -78.584  -14.279 0.0000000000
2606  -21.096  -77.967  -15.696 0.0000000000
2607  -21.576  -78.718  -15.996 0.0000000000
2614  -21.214  -78.173  -16.600 0.0000000000
2615  -21.612  -78.898  -16.884 0.0000000000
2624  -21.373  -78.504  -17.399 0.0000000000
2625  -21.600  -78.970  -17.399 0.0000000000
2632  -21.173  -78.401  -18.191 0.0000000000
2633  -21.502  -79.086  -17.878 0.0000000000
2639  -18.772  -78.746  -19.853 0.0000000000
2640  -19.726  -78.475  -19.612 0.0000000000
2641  -20.551  -78.437  -18.942 0.0000000000
2648  -17.524  -78.841  -21.083 0.0000000000
2649  -18.156  -78.475  -20.534 0.0000000000
2650  -19.099  -78.060  -20.338 0.0000000000
2656  -17.740  -78.893  -21.877 0.0000000000
2657  -18.135  -78.285  -21.475 0.0000000000
2658  -18.715  -77.788  -21.100 0.0000000000
2665  -18.010  -79.061  -22.315 0.0000000000
2666  -18.533  -78.422  -22.288 0.0000000000
2667  -19.328  -78.379  -22.790 0.0000000000
2673  -20.080  -78.406  -23.198 0.0000000000
2674  -21.003  -78.326  -23.430 0.0000000000
2675  -22.043  -78.283  -23.265 0.0000000000
2676  -23.091  -78.141  -23.000 0.0000000000
2989  -21.872  -76.823  -12.850 0.0000000000
2990  -22.162  -77.659  -13.037 0.0000000000
2997  -20.955  -76.753  -14.186 0.0000000000
2998  -21.559  -77.171  -13.750 0.0000000000
2999  -22.043  -77.813  -13.615 0.0000000000
3006  -21.078  -77.348  -14.610 0.0000000000
3007  -21.519  -77.736  -14.323 0.0000000000
3013  -20.733  -77.223  -15.389 0.0000000000
3020  -20.761  -77.375  -16.289 0.0000000000
3025  -20.940  -77.593  -17.353 0.0000000000
3028  -20.822  -77.512  -18.468 0.0000000000
3032  -19.814  -77.741  -20.171 0.0000000000
3033  -20.429  -77.540  -19.535 0.0000000000
3040  -19.465  -77.249  -20.798 0.0000000000
3041  -20.084  -77.178  -20.282 0.0000000000
3049  -18.629  -77.731  -21.881 0.0000000000
3050  -19.048  -77.148  -21.565 0.0000000000
3057  -18.746  -77.817  -22.225 0.0000000000
3058  -19.206  -77.399  -22.423 0.0000000000
3059  -19.923  -77.049  -22.988 0.0000000000
3065  -19.754  -77.712  -23.009 0.0000000000
3066  -20.513  -77.445  -23.227 0.0000000000
3067  -21.592  -77.350  -23.161 0.0000000000
3436  -21.161  -75.987  -13.152 0.0000000000
3437  -21.553  -76.013  -12.714 0.0000000000
3448  -20.897  -76.175  -13.689 0.0000000000
3449  -21.398  -76.434  -13.227 0.0000000000
3460  -20.491  -76.266  -14.795 0.0000000000
3469  -20.314  -75.976  -16.179 0.0000000000
3470  -20.416  -76.488  -15.959 0.0000000000
3478  -20.364  -76.187  -16.508 0.0000000000
3479  -20.524  -76.736  -16.792 0.0000000000
3482  -20.383  -76.223  -16.973 0.0000000000
3483  -20.604  -76.534  -17.702 0.0000000000
3485  -20.816  -76.568  -18.909 0.0000000000
3488  -20.557  -76.607  -19.964 0.0000000000
3494  -19.629  -76.852  -20.930 0.0000000000
3495  -20.009  -76.676  -20.776 0.0000000000
3503  -19.570  -76.754  -21.238 0.0000000000
3504  -20.144  -76.333  -21.463 0.0000000000
3511  -19.525  -76.659  -21.874 0.0000000000
3512  -20.313  -76.389  -22.419 0.0000000000
3522  -20.414  -76.826  -22.991 0.0000000000
3523  -21.066  -76.665  -22.926 0.0000000000
3947  -20.342  -75.223  -14.978 0.0000000000
3956  -20.343  -75.751  -16.150 0.0000000000
3957  -20.311  -75.578  -15.862 0.0000000000
3965  -20.340  -75.776  -16.444 0.0000000000
3966  -20.368  -75.296  -16.577 0.0000000000
3973  -20.316  -75.967  -16.755 0.0000000000
3974  -20.384  -75.699  -17.135 0.0000000000
3979  -20.720  -75.388  -18.240 0.0000000000
3983  -21.004  -75.723  -19.469 0.0000000000
3987  -20.732  -75.846  -20.646 0.0000000000
3998  -20.817  -75.684  -21.671 0.0000000000
