#!ascii label  , from subject cvs_avg35_inMNI152 vox2ras=TkReg
443
4919  -36.036  -73.504  -10.224 0.0000000000
4931  -35.822  -74.093  -10.719 0.0000000000
4932  -36.385  -73.758  -10.963 0.0000000000
4948  -35.778  -74.216  -11.834 0.0000000000
4949  -36.469  -73.815  -11.653 0.0000000000
4964  -35.306  -73.980  -12.814 0.0000000000
5510  -35.519  -72.717  -9.865 0.0000000000
5511  -36.667  -72.840  -10.216 0.0000000000
5512  -37.323  -72.293  -10.317 0.0000000000
5524  -36.791  -73.408  -11.317 0.0000000000
5525  -37.375  -72.778  -11.305 0.0000000000
5538  -35.848  -73.891  -12.761 0.0000000000
5539  -36.624  -73.599  -12.431 0.0000000000
5540  -37.467  -72.766  -12.737 0.0000000000
5557  -35.385  -73.260  -13.621 0.0000000000
5558  -36.629  -73.083  -13.631 0.0000000000
5559  -37.251  -72.668  -13.838 0.0000000000
5570  -35.965  -72.603  -14.343 0.0000000000
5571  -36.806  -72.645  -14.303 0.0000000000
5572  -37.170  -72.592  -14.263 0.0000000000
6042  -37.355  -70.921  -9.751 0.0000000000
6043  -37.951  -70.768  -9.767 0.0000000000
6044  -38.437  -70.572  -9.765 0.0000000000
6059  -35.748  -71.619  -9.989 0.0000000000
6060  -36.844  -71.503  -9.836 0.0000000000
6061  -37.876  -71.700  -10.427 0.0000000000
6062  -38.509  -70.941  -10.292 0.0000000000
6079  -38.082  -72.157  -11.799 0.0000000000
6080  -38.472  -71.292  -11.266 0.0000000000
6095  -38.025  -72.235  -12.627 0.0000000000
6096  -38.403  -71.467  -12.546 0.0000000000
6110  -37.883  -72.263  -13.383 0.0000000000
6111  -38.313  -71.623  -13.827 0.0000000000
6122  -36.363  -72.227  -14.921 0.0000000000
6123  -37.438  -72.264  -14.567 0.0000000000
6124  -38.376  -71.672  -14.909 0.0000000000
6130  -36.671  -71.721  -15.555 0.0000000000
6131  -37.696  -71.767  -15.646 0.0000000000
6132  -38.601  -71.612  -15.895 0.0000000000
6133  -39.396  -71.427  -16.064 0.0000000000
6136  -37.130  -71.413  -16.229 0.0000000000
6137  -37.961  -71.582  -16.752 0.0000000000
6138  -39.053  -71.624  -16.751 0.0000000000
6139  -39.970  -71.405  -16.661 0.0000000000
6140  -40.467  -71.258  -16.779 0.0000000000
6143  -37.918  -71.451  -17.861 0.0000000000
6144  -38.769  -71.679  -17.650 0.0000000000
6145  -39.699  -71.615  -17.504 0.0000000000
6146  -40.571  -71.306  -17.327 0.0000000000
6147  -41.034  -71.106  -17.528 0.0000000000
6155  -39.483  -71.696  -18.429 0.0000000000
6156  -40.334  -71.503  -18.227 0.0000000000
6157  -41.003  -71.184  -18.013 0.0000000000
6170  -40.928  -71.269  -18.899 0.0000000000
6655  -37.288  -69.995  -9.691 0.0000000000
6656  -38.117  -70.036  -9.535 0.0000000000
6657  -38.990  -70.261  -9.902 0.0000000000
6658  -39.347  -69.801  -10.263 0.0000000000
6672  -35.999  -70.480  -10.190 0.0000000000
6673  -36.772  -70.445  -9.862 0.0000000000
6674  -38.896  -70.584  -10.842 0.0000000000
6675  -39.210  -70.037  -10.616 0.0000000000
6690  -38.750  -70.662  -11.720 0.0000000000
6691  -39.128  -70.055  -11.286 0.0000000000
6704  -38.798  -70.506  -12.463 0.0000000000
6705  -39.075  -70.173  -12.908 0.0000000000
6712  -38.749  -70.790  -13.279 0.0000000000
6713  -39.510  -70.303  -13.570 0.0000000000
6714  -40.447  -70.263  -13.899 0.0000000000
6715  -41.302  -70.204  -14.012 0.0000000000
6724  -38.910  -70.987  -14.268 0.0000000000
6725  -39.827  -70.699  -14.603 0.0000000000
6726  -40.863  -70.484  -14.788 0.0000000000
6727  -42.059  -70.051  -14.753 0.0000000000
6728  -42.556  -69.503  -15.064 0.0000000000
6737  -36.478  -70.937  -16.003 0.0000000000
6738  -39.197  -71.249  -15.257 0.0000000000
6739  -40.221  -71.007  -15.784 0.0000000000
6740  -41.313  -70.542  -15.726 0.0000000000
6741  -41.977  -70.123  -15.824 0.0000000000
6742  -42.347  -69.630  -15.628 0.0000000000
6748  -36.771  -70.834  -16.709 0.0000000000
6749  -37.278  -71.304  -16.742 0.0000000000
6750  -40.390  -71.190  -16.473 0.0000000000
6751  -40.913  -70.985  -16.674 0.0000000000
6752  -41.627  -70.357  -16.585 0.0000000000
6753  -42.053  -69.796  -16.432 0.0000000000
6760  -37.337  -71.146  -17.277 0.0000000000
6761  -41.014  -71.066  -17.258 0.0000000000
6762  -41.364  -70.712  -17.534 0.0000000000
6763  -41.844  -70.046  -17.318 0.0000000000
6770  -41.410  -70.787  -18.568 0.0000000000
6771  -41.738  -70.233  -18.329 0.0000000000
6782  -41.426  -70.967  -19.348 0.0000000000
6783  -41.713  -70.422  -19.295 0.0000000000
6798  -42.106  -70.199  -20.239 0.0000000000
7369  -38.928  -68.934  -8.947 0.0000000000
7370  -39.782  -69.067  -9.027 0.0000000000
7371  -40.302  -68.912  -9.207 0.0000000000
7378  -37.059  -69.372  -9.889 0.0000000000
7379  -37.551  -69.069  -9.721 0.0000000000
7380  -38.533  -69.407  -9.364 0.0000000000
7381  -39.457  -69.453  -9.731 0.0000000000
7382  -40.050  -68.942  -9.710 0.0000000000
7396  -36.544  -69.440  -10.236 0.0000000000
7397  -36.994  -69.050  -10.030 0.0000000000
7398  -39.511  -69.313  -10.796 0.0000000000
7399  -39.781  -69.043  -10.197 0.0000000000
7418  -38.959  -70.108  -11.931 0.0000000000
7419  -39.327  -69.522  -11.836 0.0000000000
7420  -39.890  -69.096  -12.115 0.0000000000
7435  -39.091  -69.944  -12.381 0.0000000000
7436  -39.623  -69.672  -12.699 0.0000000000
7437  -40.528  -69.234  -12.630 0.0000000000
7438  -41.472  -69.313  -12.827 0.0000000000
7439  -42.208  -69.226  -12.955 0.0000000000
7442  -40.203  -69.836  -13.235 0.0000000000
7443  -40.990  -69.825  -13.319 0.0000000000
7444  -41.945  -69.806  -13.550 0.0000000000
7445  -42.612  -69.243  -13.561 0.0000000000
7453  -42.420  -69.659  -14.056 0.0000000000
7454  -42.782  -69.242  -14.482 0.0000000000
7465  -42.628  -68.931  -15.435 0.0000000000
7473  -42.273  -69.230  -16.243 0.0000000000
7480  -41.648  -69.202  -17.665 0.0000000000
7481  -41.895  -69.488  -17.035 0.0000000000
7487  -41.505  -69.390  -18.633 0.0000000000
7488  -41.741  -69.716  -18.020 0.0000000000
7501  -41.435  -69.367  -19.480 0.0000000000
7502  -41.835  -69.788  -19.285 0.0000000000
7517  -41.629  -69.431  -19.899 0.0000000000
8108  -39.941  -67.990  -7.856 0.0000000000
8109  -40.845  -68.406  -7.569 0.0000000000
8110  -41.775  -68.489  -7.521 0.0000000000
8111  -42.271  -68.342  -7.706 0.0000000000
8119  -38.716  -68.091  -8.951 0.0000000000
8120  -39.386  -68.297  -8.543 0.0000000000
8121  -40.472  -68.766  -8.558 0.0000000000
8122  -41.592  -68.605  -8.273 0.0000000000
8123  -42.119  -68.526  -7.960 0.0000000000
8134  -38.214  -68.328  -9.439 0.0000000000
8135  -40.672  -68.455  -9.537 0.0000000000
8136  -41.287  -68.455  -9.003 0.0000000000
8151  -39.866  -68.686  -11.139 0.0000000000
8152  -40.175  -68.524  -10.520 0.0000000000
8170  -39.719  -68.921  -11.545 0.0000000000
8171  -40.475  -68.410  -11.643 0.0000000000
8172  -41.514  -68.203  -11.878 0.0000000000
8173  -42.261  -68.194  -12.050 0.0000000000
8185  -41.172  -68.743  -12.332 0.0000000000
8186  -41.929  -68.771  -12.406 0.0000000000
8187  -42.796  -68.527  -12.743 0.0000000000
8188  -43.349  -68.001  -13.189 0.0000000000
8191  -43.121  -68.595  -13.775 0.0000000000
8192  -43.272  -67.798  -13.901 0.0000000000
8195  -42.825  -68.171  -14.739 0.0000000000
8196  -42.938  -67.592  -14.362 0.0000000000
8203  -41.531  -67.954  -15.819 0.0000000000
8204  -42.056  -68.196  -15.560 0.0000000000
8212  -40.763  -68.117  -17.141 0.0000000000
8213  -41.416  -68.247  -16.363 0.0000000000
8214  -42.160  -68.665  -16.097 0.0000000000
8224  -40.688  -68.362  -17.989 0.0000000000
8225  -41.304  -68.641  -17.361 0.0000000000
8226  -41.931  -68.879  -16.814 0.0000000000
8238  -40.694  -68.563  -18.743 0.0000000000
8239  -41.184  -68.882  -18.260 0.0000000000
8255  -40.505  -68.410  -19.491 0.0000000000
8256  -41.026  -69.005  -19.168 0.0000000000
8766  -40.810  -66.949  -6.926 0.0000000000
8767  -41.143  -67.087  -6.771 0.0000000000
8768  -41.915  -67.296  -6.596 0.0000000000
8769  -42.658  -67.276  -6.612 0.0000000000
8783  -40.540  -67.297  -7.214 0.0000000000
8784  -41.377  -67.910  -6.956 0.0000000000
8785  -42.418  -68.021  -7.151 0.0000000000
8786  -43.155  -67.419  -7.058 0.0000000000
8800  -41.875  -68.162  -8.860 0.0000000000
8801  -42.475  -67.939  -8.258 0.0000000000
8802  -42.927  -67.724  -7.588 0.0000000000
8814  -40.849  -67.918  -10.226 0.0000000000
8815  -41.608  -67.707  -9.571 0.0000000000
8816  -42.134  -67.742  -9.015 0.0000000000
8828  -40.673  -67.857  -10.975 0.0000000000
8829  -41.365  -67.376  -10.586 0.0000000000
8830  -41.957  -67.075  -10.584 0.0000000000
8842  -40.719  -67.957  -11.352 0.0000000000
8843  -41.119  -67.791  -11.344 0.0000000000
8844  -42.163  -67.422  -11.317 0.0000000000
8845  -43.135  -67.239  -11.601 0.0000000000
8846  -43.738  -66.959  -11.764 0.0000000000
8857  -42.785  -67.841  -11.992 0.0000000000
8858  -43.362  -67.532  -12.391 0.0000000000
8859  -44.002  -66.817  -12.266 0.0000000000
8861  -43.618  -67.164  -13.122 0.0000000000
8862  -44.026  -66.449  -12.672 0.0000000000
8864  -40.807  -67.016  -14.865 0.0000000000
8865  -41.183  -67.145  -14.785 0.0000000000
8866  -42.210  -67.372  -14.559 0.0000000000
8867  -43.133  -67.029  -13.953 0.0000000000
8872  -40.709  -67.157  -15.227 0.0000000000
8873  -41.394  -67.664  -15.382 0.0000000000
8874  -42.169  -67.820  -15.090 0.0000000000
8880  -39.918  -67.013  -16.840 0.0000000000
8881  -40.414  -67.384  -16.380 0.0000000000
8882  -41.172  -67.827  -15.966 0.0000000000
8889  -39.791  -67.074  -17.363 0.0000000000
8890  -40.216  -67.693  -17.714 0.0000000000
8901  -39.698  -67.105  -18.614 0.0000000000
8902  -40.232  -67.987  -18.731 0.0000000000
9403  -43.336  -66.731  -6.344 0.0000000000
9419  -43.571  -66.924  -7.097 0.0000000000
9435  -42.879  -67.261  -8.546 0.0000000000
9436  -43.301  -67.107  -7.880 0.0000000000
9451  -41.980  -67.256  -9.620 0.0000000000
9452  -42.446  -67.082  -9.273 0.0000000000
9453  -43.071  -66.476  -9.759 0.0000000000
9464  -41.893  -67.059  -9.974 0.0000000000
9465  -42.532  -66.788  -10.355 0.0000000000
9466  -43.494  -66.466  -10.401 0.0000000000
9467  -44.122  -66.301  -10.726 0.0000000000
9476  -42.989  -66.860  -11.003 0.0000000000
9477  -43.669  -66.713  -11.152 0.0000000000
9478  -44.390  -66.344  -11.415 0.0000000000
9479  -44.896  -65.850  -11.629 0.0000000000
9489  -44.583  -66.163  -12.162 0.0000000000
9490  -45.100  -65.642  -12.014 0.0000000000
9492  -41.039  -66.030  -13.876 0.0000000000
9493  -41.961  -66.071  -13.665 0.0000000000
9494  -42.826  -66.017  -13.515 0.0000000000
9495  -43.604  -66.215  -13.206 0.0000000000
9496  -44.396  -65.865  -12.615 0.0000000000
9497  -44.798  -65.747  -12.323 0.0000000000
9499  -39.677  -66.164  -14.906 0.0000000000
9500  -40.619  -66.648  -14.654 0.0000000000
9501  -41.574  -66.672  -14.258 0.0000000000
9502  -42.474  -66.624  -13.983 0.0000000000
9503  -43.040  -66.484  -13.722 0.0000000000
9505  -39.499  -66.286  -15.822 0.0000000000
9506  -40.136  -66.737  -15.508 0.0000000000
9509  -39.579  -66.576  -16.764 0.0000000000
9510  -39.925  -66.729  -16.119 0.0000000000
9517  -39.408  -66.406  -17.857 0.0000000000
10074  -43.994  -66.158  -7.170 0.0000000000
10075  -44.392  -65.374  -6.860 0.0000000000
10089  -43.095  -66.802  -8.674 0.0000000000
10090  -43.562  -66.156  -8.476 0.0000000000
10103  -43.152  -66.410  -9.148 0.0000000000
10104  -43.727  -65.801  -9.585 0.0000000000
10105  -44.109  -65.159  -9.781 0.0000000000
10113  -44.058  -66.077  -10.282 0.0000000000
10114  -44.563  -65.484  -10.522 0.0000000000
10115  -45.171  -64.919  -10.733 0.0000000000
10126  -44.861  -65.762  -11.209 0.0000000000
10127  -45.358  -65.153  -11.342 0.0000000000
10128  -45.827  -64.611  -11.519 0.0000000000
10138  -42.002  -64.748  -12.954 0.0000000000
10139  -42.767  -64.777  -12.837 0.0000000000
10140  -43.237  -64.726  -12.767 0.0000000000
10141  -45.472  -65.274  -12.028 0.0000000000
10142  -45.762  -64.836  -11.888 0.0000000000
10145  -39.895  -65.133  -13.804 0.0000000000
10146  -40.621  -65.236  -13.554 0.0000000000
10147  -41.515  -65.352  -13.348 0.0000000000
10148  -42.404  -65.400  -13.214 0.0000000000
10149  -43.352  -65.233  -12.967 0.0000000000
10150  -44.245  -65.294  -12.759 0.0000000000
10151  -45.049  -65.247  -12.426 0.0000000000
10152  -45.543  -64.985  -12.234 0.0000000000
10154  -38.603  -65.016  -14.758 0.0000000000
10155  -39.282  -65.315  -14.358 0.0000000000
10156  -40.158  -65.796  -14.155 0.0000000000
10158  -38.268  -64.944  -15.310 0.0000000000
10159  -38.872  -65.584  -15.335 0.0000000000
10162  -38.273  -65.116  -16.037 0.0000000000
10163  -38.916  -65.773  -16.375 0.0000000000
10174  -38.361  -65.205  -16.950 0.0000000000
10175  -38.985  -65.788  -17.340 0.0000000000
10773  -44.261  -65.329  -7.440 0.0000000000
10774  -44.430  -64.797  -7.116 0.0000000000
10785  -43.978  -65.447  -8.116 0.0000000000
10786  -44.164  -64.857  -7.841 0.0000000000
10794  -43.715  -65.485  -8.773 0.0000000000
10795  -43.970  -64.728  -8.910 0.0000000000
10796  -44.527  -64.109  -9.507 0.0000000000
10804  -44.403  -64.736  -9.860 0.0000000000
10805  -45.105  -64.354  -10.244 0.0000000000
10806  -45.750  -64.039  -10.607 0.0000000000
10816  -45.538  -64.580  -10.794 0.0000000000
10817  -45.991  -64.173  -11.113 0.0000000000
10818  -46.357  -63.715  -11.346 0.0000000000
10824  -41.829  -64.197  -12.846 0.0000000000
10825  -42.401  -64.139  -12.716 0.0000000000
10826  -43.224  -64.167  -12.609 0.0000000000
10827  -43.978  -64.043  -12.557 0.0000000000
10828  -44.581  -64.043  -12.508 0.0000000000
10829  -45.992  -64.125  -11.698 0.0000000000
10830  -46.410  -63.544  -11.646 0.0000000000
10833  -39.498  -64.601  -13.878 0.0000000000
10834  -40.181  -64.448  -13.513 0.0000000000
10835  -41.164  -64.367  -13.075 0.0000000000
10836  -43.586  -64.591  -12.708 0.0000000000
10837  -44.115  -64.634  -12.682 0.0000000000
10838  -44.903  -64.493  -12.515 0.0000000000
10839  -45.551  -64.425  -12.216 0.0000000000
10841  -38.272  -64.458  -14.919 0.0000000000
10842  -38.847  -64.350  -14.324 0.0000000000
10846  -37.802  -64.175  -15.712 0.0000000000
10851  -37.902  -64.597  -16.586 0.0000000000
11465  -44.729  -64.243  -6.561 0.0000000000
11466  -45.036  -63.511  -6.867 0.0000000000
11473  -44.443  -64.117  -7.700 0.0000000000
11474  -44.966  -63.261  -8.030 0.0000000000
11482  -44.505  -63.815  -8.726 0.0000000000
11483  -45.268  -63.390  -9.333 0.0000000000
11484  -46.092  -63.230  -9.838 0.0000000000
11494  -45.725  -63.677  -10.152 0.0000000000
11495  -46.389  -63.475  -10.493 0.0000000000
11496  -46.898  -63.207  -10.776 0.0000000000
11504  -46.544  -63.581  -11.006 0.0000000000
11505  -46.862  -63.205  -11.263 0.0000000000
11507  -40.901  -63.002  -12.748 0.0000000000
11508  -41.755  -63.453  -12.665 0.0000000000
11509  -42.834  -63.342  -12.493 0.0000000000
11510  -43.752  -63.319  -12.489 0.0000000000
11511  -44.568  -63.370  -12.464 0.0000000000
11512  -45.321  -63.617  -12.372 0.0000000000
11513  -46.101  -63.563  -12.109 0.0000000000
11514  -46.716  -63.134  -11.758 0.0000000000
11517  -39.481  -63.608  -13.701 0.0000000000
11518  -40.483  -63.640  -13.165 0.0000000000
11519  -41.065  -63.637  -12.882 0.0000000000
11520  -45.344  -64.124  -12.348 0.0000000000
11521  -45.580  -63.934  -12.258 0.0000000000
11523  -38.227  -63.586  -14.771 0.0000000000
11524  -38.808  -63.647  -14.198 0.0000000000
11528  -37.772  -63.504  -15.390 0.0000000000
12152  -45.736  -62.667  -8.376 0.0000000000
12153  -46.695  -62.160  -8.744 0.0000000000
12154  -47.301  -62.121  -9.438 0.0000000000
12163  -46.101  -62.790  -9.264 0.0000000000
12164  -46.876  -62.764  -9.845 0.0000000000
12165  -47.522  -62.298  -9.984 0.0000000000
12174  -46.967  -63.052  -10.449 0.0000000000
12175  -47.472  -62.533  -10.685 0.0000000000
12176  -47.902  -62.061  -10.973 0.0000000000
12182  -47.266  -62.476  -11.522 0.0000000000
12183  -47.688  -62.250  -11.172 0.0000000000
12186  -40.684  -62.076  -12.692 0.0000000000
12187  -41.490  -62.323  -12.534 0.0000000000
12188  -42.428  -62.418  -12.395 0.0000000000
12189  -43.448  -62.410  -12.320 0.0000000000
12190  -44.410  -62.498  -12.311 0.0000000000
12191  -45.282  -62.638  -12.331 0.0000000000
12192  -46.117  -62.734  -12.274 0.0000000000
12193  -46.696  -62.792  -12.010 0.0000000000
12196  -38.488  -62.016  -13.920 0.0000000000
12197  -39.261  -62.367  -13.516 0.0000000000
12198  -40.098  -62.710  -13.072 0.0000000000
12203  -38.723  -62.966  -14.097 0.0000000000
12866  -47.061  -61.834  -8.502 0.0000000000
12867  -47.556  -61.641  -8.759 0.0000000000
12868  -48.282  -61.049  -8.521 0.0000000000
12877  -47.854  -61.819  -9.756 0.0000000000
12878  -48.528  -61.207  -9.479 0.0000000000
12879  -49.019  -60.936  -9.855 0.0000000000
12881  -47.802  -62.051  -10.254 0.0000000000
12882  -48.283  -61.543  -10.558 0.0000000000
12883  -48.814  -61.143  -10.117 0.0000000000
12885  -44.614  -60.718  -11.895 0.0000000000
12886  -45.139  -61.094  -11.850 0.0000000000
12887  -45.612  -61.388  -11.940 0.0000000000
12888  -47.439  -61.981  -11.659 0.0000000000
12889  -47.852  -61.804  -11.353 0.0000000000
12892  -40.618  -61.444  -12.678 0.0000000000
12893  -41.175  -61.450  -12.524 0.0000000000
12894  -42.027  -61.456  -12.354 0.0000000000
12895  -43.036  -61.422  -12.205 0.0000000000
12896  -44.200  -61.376  -12.042 0.0000000000
12897  -45.129  -61.810  -12.097 0.0000000000
12898  -46.033  -61.794  -12.124 0.0000000000
12899  -46.970  -62.003  -11.931 0.0000000000
12900  -47.533  -61.693  -11.644 0.0000000000
12904  -38.930  -61.375  -13.526 0.0000000000
12905  -39.934  -61.437  -12.977 0.0000000000
13578  -48.751  -60.854  -8.923 0.0000000000
13579  -49.246  -60.504  -9.270 0.0000000000
13583  -48.707  -61.133  -10.881 0.0000000000
13584  -49.052  -60.731  -10.469 0.0000000000
13587  -43.980  -59.981  -11.901 0.0000000000
13588  -44.359  -60.156  -11.879 0.0000000000
13589  -45.162  -60.366  -11.757 0.0000000000
13590  -46.096  -60.821  -11.707 0.0000000000
13591  -47.289  -60.708  -11.603 0.0000000000
13592  -48.390  -60.933  -11.380 0.0000000000
13593  -49.029  -60.302  -11.035 0.0000000000
13599  -40.715  -60.796  -12.656 0.0000000000
13600  -41.554  -60.578  -12.427 0.0000000000
13601  -42.508  -60.505  -12.213 0.0000000000
13602  -43.613  -60.321  -11.996 0.0000000000
13603  -44.198  -60.638  -11.956 0.0000000000
13604  -46.807  -61.317  -11.857 0.0000000000
13605  -47.504  -61.331  -11.700 0.0000000000
13606  -47.860  -61.438  -11.567 0.0000000000
13613  -39.290  -60.449  -13.310 0.0000000000
13614  -40.104  -60.209  -12.892 0.0000000000
14353  -49.502  -59.835  -9.960 0.0000000000
14358  -46.343  -59.323  -10.981 0.0000000000
14359  -47.415  -59.336  -10.960 0.0000000000
14360  -48.366  -59.425  -10.903 0.0000000000
14361  -49.028  -59.567  -10.855 0.0000000000
14362  -49.292  -59.951  -10.688 0.0000000000
14369  -42.306  -58.967  -11.556 0.0000000000
14370  -43.092  -59.222  -11.384 0.0000000000
14371  -43.945  -59.604  -11.563 0.0000000000
14372  -44.902  -59.680  -11.532 0.0000000000
14373  -45.815  -59.857  -11.490 0.0000000000
14374  -46.826  -59.984  -11.345 0.0000000000
14375  -47.864  -60.052  -11.185 0.0000000000
14376  -48.704  -59.992  -11.146 0.0000000000
14377  -49.133  -59.907  -11.038 0.0000000000
14387  -40.921  -59.661  -12.533 0.0000000000
14388  -41.952  -59.619  -12.167 0.0000000000
14389  -42.831  -59.671  -11.936 0.0000000000
14390  -43.386  -59.662  -11.787 0.0000000000
14403  -40.175  -59.389  -12.810 0.0000000000
15145  -45.937  -58.215  -8.649 0.0000000000
15146  -47.069  -58.325  -8.725 0.0000000000
15147  -48.211  -58.296  -8.894 0.0000000000
15154  -45.245  -58.502  -9.272 0.0000000000
15155  -46.382  -58.666  -9.440 0.0000000000
15156  -47.549  -58.646  -9.586 0.0000000000
15157  -48.598  -58.657  -9.725 0.0000000000
15158  -49.343  -59.047  -9.786 0.0000000000
15167  -44.143  -58.613  -9.833 0.0000000000
15168  -45.576  -59.028  -10.228 0.0000000000
15169  -46.893  -58.974  -10.285 0.0000000000
15170  -47.989  -58.892  -10.405 0.0000000000
15171  -48.853  -59.068  -10.437 0.0000000000
15172  -49.259  -59.468  -10.387 0.0000000000
15181  -43.531  -58.985  -10.726 0.0000000000
15182  -44.595  -59.206  -10.848 0.0000000000
15183  -45.453  -59.351  -11.076 0.0000000000
