#!ascii label  , from subject cvs_avg35_inMNI152 vox2ras=TkReg
392
1917  -9.541  -80.094  -30.065 0.0000000000
1924  -8.642  -80.246  -30.979 0.0000000000
1925  -9.536  -80.280  -30.597 0.0000000000
1938  -6.600  -80.215  -32.046 0.0000000000
1939  -7.302  -80.370  -31.959 0.0000000000
1940  -8.186  -80.483  -31.874 0.0000000000
1956  -6.432  -80.168  -32.464 0.0000000000
1957  -6.847  -80.295  -32.613 0.0000000000
1958  -7.639  -80.479  -32.722 0.0000000000
1973  -6.370  -80.019  -32.830 0.0000000000
1974  -6.955  -80.011  -33.474 0.0000000000
2302  -9.430  -79.351  -29.206 0.0000000000
2303  -9.750  -79.462  -29.133 0.0000000000
2310  -8.608  -79.427  -29.932 0.0000000000
2311  -9.217  -79.652  -29.713 0.0000000000
2319  -5.779  -79.325  -31.084 0.0000000000
2320  -6.372  -79.493  -31.037 0.0000000000
2321  -7.335  -79.563  -30.762 0.0000000000
2322  -8.313  -79.579  -30.352 0.0000000000
2323  -8.929  -79.976  -30.379 0.0000000000
2332  -5.164  -79.078  -31.885 0.0000000000
2333  -5.763  -79.531  -31.629 0.0000000000
2334  -6.319  -79.890  -31.655 0.0000000000
2335  -6.930  -80.007  -31.408 0.0000000000
2336  -7.772  -80.104  -31.188 0.0000000000
2344  -5.181  -78.840  -32.335 0.0000000000
2345  -5.593  -79.259  -32.292 0.0000000000
2346  -6.087  -79.843  -32.281 0.0000000000
2359  -5.092  -78.537  -32.498 0.0000000000
2360  -5.470  -78.711  -32.553 0.0000000000
2361  -6.095  -79.231  -32.889 0.0000000000
2362  -6.840  -79.106  -33.398 0.0000000000
2375  -7.440  -79.211  -34.298 0.0000000000
2708  -7.739  -78.449  -29.373 0.0000000000
2709  -8.355  -78.544  -29.060 0.0000000000
2710  -9.300  -78.911  -28.834 0.0000000000
2720  -5.306  -78.102  -30.008 0.0000000000
2721  -5.966  -78.189  -29.828 0.0000000000
2722  -6.609  -78.470  -29.889 0.0000000000
2723  -7.419  -78.664  -29.879 0.0000000000
2724  -8.286  -79.031  -29.795 0.0000000000
2725  -8.787  -79.044  -29.321 0.0000000000
2733  -4.118  -78.110  -30.605 0.0000000000
2734  -4.647  -78.281  -30.494 0.0000000000
2735  -5.721  -78.794  -30.561 0.0000000000
2736  -6.875  -78.995  -30.408 0.0000000000
2737  -7.755  -79.114  -30.262 0.0000000000
2738  -8.146  -79.195  -30.156 0.0000000000
2745  -4.071  -78.250  -31.058 0.0000000000
2746  -4.717  -78.752  -31.330 0.0000000000
2747  -5.377  -79.183  -31.268 0.0000000000
2753  -4.085  -78.162  -31.864 0.0000000000
2754  -4.685  -78.403  -32.278 0.0000000000
2755  -7.077  -78.169  -32.502 0.0000000000
2756  -7.687  -78.201  -32.688 0.0000000000
2757  -8.123  -78.211  -32.777 0.0000000000
2764  -5.075  -78.109  -32.630 0.0000000000
2765  -5.716  -78.246  -32.603 0.0000000000
2766  -6.510  -78.419  -32.683 0.0000000000
2767  -7.408  -78.566  -33.399 0.0000000000
2768  -8.032  -78.295  -33.328 0.0000000000
2775  -7.775  -78.359  -34.312 0.0000000000
2776  -7.884  -78.284  -33.840 0.0000000000
3075  -2.217  -76.330  -25.350 0.0000000000
3076  -2.388  -76.492  -25.418 0.0000000000
3083  -1.962  -76.041  -25.969 0.0000000000
3084  -2.175  -76.331  -25.703 0.0000000000
3085  -2.675  -76.868  -25.853 0.0000000000
3086  -3.238  -77.036  -26.090 0.0000000000
3092  -1.973  -76.186  -26.524 0.0000000000
3093  -2.348  -76.684  -26.594 0.0000000000
3094  -2.961  -77.013  -26.671 0.0000000000
3095  -3.699  -76.867  -26.620 0.0000000000
3096  -4.165  -76.632  -26.745 0.0000000000
3104  -1.855  -76.115  -27.043 0.0000000000
3105  -1.922  -76.488  -27.444 0.0000000000
3106  -2.583  -76.925  -27.450 0.0000000000
3107  -3.410  -76.885  -27.464 0.0000000000
3108  -4.187  -76.584  -27.302 0.0000000000
3120  -1.757  -76.601  -28.124 0.0000000000
3121  -2.087  -76.983  -28.172 0.0000000000
3122  -2.947  -77.089  -28.332 0.0000000000
3123  -4.202  -76.872  -28.379 0.0000000000
3124  -5.391  -76.842  -28.873 0.0000000000
3125  -6.469  -77.055  -28.940 0.0000000000
3126  -7.531  -77.728  -28.876 0.0000000000
3127  -8.590  -77.978  -28.455 0.0000000000
3128  -9.333  -78.136  -28.162 0.0000000000
3138  -1.695  -76.717  -28.634 0.0000000000
3139  -2.209  -77.042  -29.163 0.0000000000
3140  -3.281  -77.429  -29.359 0.0000000000
3141  -4.528  -77.651  -29.661 0.0000000000
3142  -5.702  -77.595  -29.466 0.0000000000
3143  -6.570  -77.865  -29.401 0.0000000000
3144  -7.159  -78.247  -29.441 0.0000000000
3151  -2.499  -77.127  -30.321 0.0000000000
3152  -3.599  -77.806  -30.540 0.0000000000
3153  -4.206  -77.992  -30.321 0.0000000000
3154  -9.074  -77.220  -31.068 0.0000000000
3155  -9.625  -77.149  -30.853 0.0000000000
3156  -10.193  -77.239  -31.019 0.0000000000
3163  -2.984  -77.240  -31.581 0.0000000000
3164  -3.626  -77.824  -31.510 0.0000000000
3165  -7.042  -77.114  -31.627 0.0000000000
3166  -7.689  -77.213  -31.519 0.0000000000
3167  -8.558  -77.323  -31.406 0.0000000000
3168  -9.315  -77.463  -31.521 0.0000000000
3169  -9.972  -77.442  -31.521 0.0000000000
3177  -3.121  -77.084  -32.300 0.0000000000
3178  -3.591  -77.435  -32.414 0.0000000000
3179  -4.150  -77.878  -32.378 0.0000000000
3180  -5.767  -77.070  -32.169 0.0000000000
3181  -6.499  -77.445  -32.051 0.0000000000
3182  -7.335  -77.726  -32.027 0.0000000000
3183  -8.132  -77.849  -32.195 0.0000000000
3184  -8.953  -77.788  -32.214 0.0000000000
3185  -9.641  -77.583  -32.235 0.0000000000
3193  -3.767  -77.218  -32.895 0.0000000000
3194  -4.309  -77.420  -32.800 0.0000000000
3195  -5.230  -77.204  -32.607 0.0000000000
3196  -5.915  -77.702  -32.400 0.0000000000
3197  -8.568  -78.123  -32.975 0.0000000000
3198  -9.306  -77.632  -33.179 0.0000000000
3199  -9.875  -77.466  -32.752 0.0000000000
3206  -7.936  -78.028  -34.430 0.0000000000
3532  -1.712  -75.711  -24.982 0.0000000000
3533  -2.163  -76.219  -25.044 0.0000000000
3534  -3.000  -76.438  -25.212 0.0000000000
3535  -3.994  -76.107  -25.250 0.0000000000
3536  -4.531  -75.902  -25.335 0.0000000000
3543  -1.839  -75.873  -25.579 0.0000000000
3544  -1.951  -76.075  -25.311 0.0000000000
3545  -3.134  -76.857  -25.711 0.0000000000
3546  -3.706  -76.692  -25.825 0.0000000000
3547  -4.585  -76.135  -25.904 0.0000000000
3548  -5.088  -75.870  -26.534 0.0000000000
3554  -1.821  -75.730  -26.142 0.0000000000
3555  -4.172  -76.605  -26.344 0.0000000000
3556  -4.563  -76.280  -26.755 0.0000000000
3557  -5.080  -75.893  -27.157 0.0000000000
3564  -1.816  -75.821  -26.800 0.0000000000
3565  -1.690  -75.958  -27.369 0.0000000000
3566  -4.708  -76.219  -27.338 0.0000000000
3567  -5.038  -76.028  -27.653 0.0000000000
3568  -6.537  -75.802  -27.970 0.0000000000
3569  -7.005  -75.884  -27.895 0.0000000000
3570  -8.238  -76.133  -27.480 0.0000000000
3578  -1.506  -76.121  -28.220 0.0000000000
3579  -4.675  -76.362  -27.783 0.0000000000
3580  -5.267  -76.222  -28.141 0.0000000000
3581  -6.238  -76.104  -28.279 0.0000000000
3582  -7.299  -76.597  -28.355 0.0000000000
3583  -8.154  -77.112  -28.245 0.0000000000
3590  -1.541  -76.356  -29.450 0.0000000000
3591  -1.964  -76.826  -29.822 0.0000000000
3592  -10.069  -76.182  -29.846 0.0000000000
3593  -10.676  -76.064  -29.824 0.0000000000
3598  -1.563  -76.018  -30.530 0.0000000000
3599  -1.875  -76.578  -30.310 0.0000000000
3600  -8.849  -76.676  -30.748 0.0000000000
3601  -9.562  -76.421  -30.289 0.0000000000
3602  -10.432  -76.756  -30.493 0.0000000000
3607  -1.658  -75.846  -31.121 0.0000000000
3608  -2.105  -76.365  -31.320 0.0000000000
3609  -6.666  -76.656  -31.725 0.0000000000
3610  -7.291  -76.327  -31.525 0.0000000000
3611  -8.042  -76.546  -31.136 0.0000000000
3612  -10.583  -77.158  -31.439 0.0000000000
3618  -2.815  -76.576  -32.404 0.0000000000
3619  -3.228  -76.954  -32.636 0.0000000000
3620  -5.613  -76.683  -32.469 0.0000000000
3621  -6.162  -76.309  -32.246 0.0000000000
3622  -6.765  -76.095  -31.872 0.0000000000
3623  -10.261  -77.369  -32.261 0.0000000000
3629  -2.863  -76.026  -32.975 0.0000000000
3630  -3.498  -76.608  -33.231 0.0000000000
3631  -4.531  -76.326  -33.506 0.0000000000
3632  -5.472  -76.181  -32.981 0.0000000000
3633  -5.997  -75.780  -32.834 0.0000000000
3641  -3.882  -76.098  -33.930 0.0000000000
3642  -4.201  -75.872  -34.118 0.0000000000
4019  -1.441  -74.682  -23.742 0.0000000000
4020  -1.794  -74.969  -23.799 0.0000000000
4021  -2.396  -75.149  -23.946 0.0000000000
4022  -2.990  -75.204  -24.155 0.0000000000
4031  -1.431  -74.959  -24.340 0.0000000000
4032  -1.940  -75.577  -24.337 0.0000000000
4033  -2.637  -75.748  -24.514 0.0000000000
4034  -3.557  -75.595  -24.581 0.0000000000
4035  -4.584  -75.559  -24.845 0.0000000000
4036  -5.467  -75.357  -25.091 0.0000000000
4037  -6.089  -75.181  -25.475 0.0000000000
4044  -1.498  -75.101  -25.460 0.0000000000
4045  -4.963  -75.737  -25.402 0.0000000000
4046  -5.610  -75.596  -25.958 0.0000000000
4047  -6.284  -75.242  -25.927 0.0000000000
4053  -1.743  -75.247  -26.578 0.0000000000
4054  -1.825  -74.963  -27.058 0.0000000000
4055  -5.702  -75.632  -26.924 0.0000000000
4056  -6.551  -75.282  -26.591 0.0000000000
4057  -7.400  -75.150  -26.797 0.0000000000
4063  -1.747  -75.630  -27.092 0.0000000000
4064  -1.707  -75.422  -27.575 0.0000000000
4065  -5.589  -75.795  -27.674 0.0000000000
4066  -6.356  -75.645  -27.605 0.0000000000
4067  -7.237  -75.489  -27.317 0.0000000000
4075  -1.575  -75.532  -28.278 0.0000000000
4076  -5.762  -75.891  -28.075 0.0000000000
4077  -5.991  -75.745  -27.974 0.0000000000
4086  -1.585  -75.533  -28.910 0.0000000000
4087  -9.532  -75.628  -29.855 0.0000000000
4088  -10.244  -75.505  -29.542 0.0000000000
4093  -1.592  -75.390  -29.889 0.0000000000
4094  -8.400  -75.874  -30.813 0.0000000000
4095  -8.983  -75.820  -30.376 0.0000000000
4101  -1.577  -75.236  -30.921 0.0000000000
4102  -1.850  -75.601  -31.511 0.0000000000
4103  -7.455  -75.856  -31.701 0.0000000000
4104  -7.911  -75.710  -31.602 0.0000000000
4110  -1.819  -75.006  -31.682 0.0000000000
4111  -2.291  -75.477  -32.393 0.0000000000
4112  -6.704  -75.845  -32.232 0.0000000000
4113  -7.336  -75.636  -32.209 0.0000000000
4114  -7.898  -75.388  -32.168 0.0000000000
4121  -3.068  -75.319  -33.569 0.0000000000
4122  -3.534  -75.875  -33.823 0.0000000000
4123  -5.172  -75.728  -33.753 0.0000000000
4124  -5.845  -75.344  -33.433 0.0000000000
4125  -6.672  -75.452  -32.769 0.0000000000
4126  -7.205  -75.310  -32.688 0.0000000000
4132  -3.439  -74.977  -34.100 0.0000000000
4133  -3.782  -75.415  -34.270 0.0000000000
4134  -4.624  -75.454  -34.236 0.0000000000
4135  -5.329  -75.161  -34.105 0.0000000000
4488  -1.109  -73.803  -22.988 0.0000000000
4489  -1.565  -73.897  -23.062 0.0000000000
4490  -2.024  -74.043  -23.210 0.0000000000
4500  -1.067  -74.185  -23.588 0.0000000000
4501  -1.661  -74.430  -23.428 0.0000000000
4502  -2.207  -74.538  -23.537 0.0000000000
4503  -2.940  -74.478  -23.756 0.0000000000
4504  -3.856  -74.219  -23.811 0.0000000000
4514  -1.033  -74.225  -24.602 0.0000000000
4515  -3.518  -74.906  -24.081 0.0000000000
4516  -4.259  -74.928  -24.226 0.0000000000
4517  -5.193  -74.899  -24.402 0.0000000000
4525  -1.405  -74.097  -25.470 0.0000000000
4526  -1.795  -73.970  -25.773 0.0000000000
4535  -1.636  -74.725  -25.991 0.0000000000
4536  -2.058  -74.376  -26.472 0.0000000000
4537  -2.563  -73.933  -26.865 0.0000000000
4544  -2.039  -74.755  -27.529 0.0000000000
4545  -2.468  -74.141  -27.446 0.0000000000
4552  -1.865  -75.011  -28.348 0.0000000000
4553  -2.245  -74.402  -28.190 0.0000000000
4567  -1.945  -74.692  -29.194 0.0000000000
4568  -2.056  -74.580  -28.637 0.0000000000
4569  -9.791  -74.789  -29.606 0.0000000000
4577  -1.811  -74.409  -30.246 0.0000000000
4578  -8.779  -75.425  -30.694 0.0000000000
4579  -9.204  -74.810  -30.499 0.0000000000
4585  -1.741  -74.301  -31.258 0.0000000000
4586  -8.628  -75.188  -31.239 0.0000000000
4587  -9.112  -74.395  -31.648 0.0000000000
4596  -1.999  -74.372  -32.127 0.0000000000
4597  -2.496  -74.358  -32.985 0.0000000000
4598  -7.840  -75.217  -32.475 0.0000000000
4599  -8.403  -74.859  -32.304 0.0000000000
4600  -8.969  -74.197  -32.309 0.0000000000
4614  -2.956  -74.412  -33.591 0.0000000000
4615  -5.624  -74.486  -33.739 0.0000000000
4616  -6.477  -74.515  -33.236 0.0000000000
4617  -7.506  -74.731  -32.879 0.0000000000
4618  -8.176  -74.250  -32.829 0.0000000000
4634  -3.323  -74.549  -33.935 0.0000000000
4635  -3.734  -74.597  -34.304 0.0000000000
4636  -4.314  -74.729  -34.500 0.0000000000
4637  -4.974  -74.621  -34.318 0.0000000000
5046  -0.822  -73.361  -23.095 0.0000000000
5047  -1.358  -73.340  -22.684 0.0000000000
5048  -2.192  -73.246  -22.896 0.0000000000
5049  -2.768  -72.702  -22.928 0.0000000000
5058  -0.719  -73.386  -23.919 0.0000000000
5059  -2.503  -73.941  -23.353 0.0000000000
5060  -3.248  -73.365  -23.315 0.0000000000
5071  -0.951  -73.425  -24.749 0.0000000000
5079  -1.228  -73.470  -25.167 0.0000000000
5080  -1.631  -73.453  -25.456 0.0000000000
5081  -2.216  -73.289  -25.661 0.0000000000
5087  -2.098  -73.791  -25.882 0.0000000000
5088  -2.597  -73.532  -26.316 0.0000000000
5091  -2.670  -73.404  -27.218 0.0000000000
5094  -2.029  -72.985  -28.675 0.0000000000
5095  -2.293  -73.487  -28.238 0.0000000000
5109  -1.926  -73.444  -29.323 0.0000000000
5110  -2.191  -74.143  -28.761 0.0000000000
5111  -10.093  -74.232  -29.446 0.0000000000
5126  -1.729  -73.272  -30.684 0.0000000000
5127  -9.787  -73.887  -29.946 0.0000000000
5128  -10.132  -73.329  -29.848 0.0000000000
5138  -1.844  -73.521  -31.731 0.0000000000
5139  -9.626  -73.558  -31.069 0.0000000000
5140  -10.023  -73.183  -30.349 0.0000000000
5151  -2.165  -73.608  -32.435 0.0000000000
5152  -2.518  -73.542  -32.936 0.0000000000
5153  -4.758  -73.183  -32.999 0.0000000000
5154  -5.463  -73.216  -32.829 0.0000000000
5155  -5.828  -73.200  -32.720 0.0000000000
5156  -8.655  -73.877  -32.714 0.0000000000
5157  -9.323  -73.460  -32.254 0.0000000000
5168  -2.850  -73.816  -33.409 0.0000000000
5169  -3.350  -73.537  -33.561 0.0000000000
5170  -4.063  -73.350  -33.550 0.0000000000
5171  -4.982  -73.808  -33.715 0.0000000000
5172  -6.011  -73.548  -33.032 0.0000000000
5173  -7.029  -73.550  -33.036 0.0000000000
5174  -7.988  -73.458  -33.133 0.0000000000
5175  -8.807  -72.924  -33.032 0.0000000000
5187  -3.199  -74.042  -33.755 0.0000000000
5188  -3.613  -73.970  -34.003 0.0000000000
5189  -4.216  -74.053  -34.208 0.0000000000
5190  -4.619  -74.283  -34.279 0.0000000000
5637  -0.830  -72.468  -24.201 0.0000000000
5638  -1.312  -72.210  -24.649 0.0000000000
5642  -1.208  -72.921  -24.946 0.0000000000
5643  -1.896  -72.651  -25.133 0.0000000000
5644  -2.794  -72.791  -25.636 0.0000000000
5645  -3.502  -72.494  -25.786 0.0000000000
5649  -3.166  -72.636  -26.553 0.0000000000
5650  -3.770  -72.284  -26.093 0.0000000000
5653  -2.175  -71.838  -28.107 0.0000000000
5654  -2.460  -72.481  -27.736 0.0000000000
5660  -1.897  -72.196  -28.716 0.0000000000
5661  -2.171  -72.792  -28.370 0.0000000000
5670  -1.587  -72.347  -29.844 0.0000000000
5682  -1.728  -72.350  -30.656 0.0000000000
5693  -1.916  -72.579  -31.499 0.0000000000
5694  -2.802  -72.366  -31.688 0.0000000000
5695  -3.731  -72.297  -31.680 0.0000000000
5696  -4.653  -72.276  -31.590 0.0000000000
5697  -5.302  -72.165  -31.549 0.0000000000
5708  -1.919  -73.092  -32.143 0.0000000000
5709  -2.381  -72.878  -32.470 0.0000000000
5710  -3.218  -72.682  -32.525 0.0000000000
5711  -4.127  -72.795  -32.644 0.0000000000
5712  -5.175  -72.689  -32.170 0.0000000000
5713  -5.978  -72.737  -32.416 0.0000000000
5721  -2.914  -73.164  -33.123 0.0000000000
5722  -3.565  -73.016  -33.189 0.0000000000
5723  -3.903  -73.006  -33.200 0.0000000000
5724  -6.669  -72.582  -32.860 0.0000000000
5725  -7.427  -72.463  -33.211 0.0000000000
5726  -8.188  -72.291  -33.407 0.0000000000
6229  -3.030  -71.925  -27.065 0.0000000000
6230  -3.833  -71.583  -26.370 0.0000000000
6234  -1.915  -71.271  -28.236 0.0000000000
6235  -2.468  -71.414  -27.618 0.0000000000
6236  -3.160  -71.308  -27.073 0.0000000000
6244  -1.741  -71.185  -28.749 0.0000000000
6255  -1.759  -71.419  -29.328 0.0000000000
6266  -2.024  -71.569  -30.151 0.0000000000
6267  -2.869  -71.297  -30.225 0.0000000000
6268  -3.680  -71.117  -30.380 0.0000000000
6269  -4.187  -70.937  -30.559 0.0000000000
6283  -1.954  -72.087  -30.852 0.0000000000
6284  -2.440  -71.972  -30.897 0.0000000000
6285  -3.303  -71.848  -30.897 0.0000000000
6286  -4.280  -71.648  -30.828 0.0000000000
6287  -5.101  -71.519  -31.254 0.0000000000
6300  -5.694  -71.673  -31.963 0.0000000000
6301  -6.277  -71.614  -32.755 0.0000000000
6861  -3.320  -69.995  -26.916 0.0000000000
6867  -1.964  -70.362  -27.809 0.0000000000
6868  -2.804  -70.598  -27.295 0.0000000000
6869  -3.481  -70.826  -26.834 0.0000000000
6882  -1.696  -70.611  -28.432 0.0000000000
6893  -1.650  -70.474  -28.980 0.0000000000
6894  -1.901  -70.103  -29.337 0.0000000000
6903  -1.983  -70.810  -29.442 0.0000000000
6904  -2.438  -70.433  -29.695 0.0000000000
6905  -3.222  -70.342  -30.065 0.0000000000
6906  -3.909  -70.324  -30.475 0.0000000000
6915  -4.584  -70.584  -30.947 0.0000000000
6916  -5.277  -70.535  -31.693 0.0000000000
7602  -1.812  -69.156  -27.824 0.0000000000
7603  -2.514  -69.604  -27.393 0.0000000000
7618  -1.601  -69.770  -28.409 0.0000000000
7627  -1.603  -69.464  -29.024 0.0000000000
7628  -2.076  -69.392  -29.499 0.0000000000
7637  -2.701  -69.430  -29.956 0.0000000000
7638  -3.411  -69.451  -30.397 0.0000000000
7639  -4.154  -69.521  -30.816 0.0000000000
