#!ascii label  , from subject cvs_avg35_inMNI152 vox2ras=TkReg
249
62294  -8.124  -11.068  55.369 0.0000000000
62295  -8.623  -11.173  55.123 0.0000000000
62296  -9.155  -11.192  54.731 0.0000000000
63582  -8.110  -10.007  56.222 0.0000000000
63583  -9.071  -10.070  56.212 0.0000000000
63584  -9.604  -10.041  56.058 0.0000000000
63585  -6.025  -9.974  55.084 0.0000000000
63586  -6.747  -10.369  55.450 0.0000000000
63587  -7.632  -10.681  55.571 0.0000000000
63588  -8.532  -10.677  55.755 0.0000000000
63589  -9.616  -10.532  55.409 0.0000000000
63590  -10.392  -10.285  55.119 0.0000000000
63592  -6.513  -10.726  54.685 0.0000000000
63593  -7.068  -11.011  55.023 0.0000000000
63594  -9.649  -10.952  54.622 0.0000000000
63595  -10.493  -10.561  54.300 0.0000000000
63596  -11.360  -10.114  54.012 0.0000000000
63600  -11.295  -10.335  53.384 0.0000000000
64848  -6.692  -9.019  56.313 0.0000000000
64849  -7.659  -9.095  56.482 0.0000000000
64850  -8.664  -9.202  56.571 0.0000000000
64851  -9.806  -9.351  56.418 0.0000000000
64852  -10.897  -8.855  56.329 0.0000000000
64853  -11.441  -8.598  56.180 0.0000000000
64855  -5.586  -9.184  55.482 0.0000000000
64856  -6.308  -9.614  55.831 0.0000000000
64857  -7.159  -9.875  56.097 0.0000000000
64858  -9.926  -9.996  55.964 0.0000000000
64859  -10.609  -9.782  55.651 0.0000000000
64860  -11.412  -8.978  55.709 0.0000000000
64863  -10.830  -10.111  54.985 0.0000000000
64864  -11.561  -9.462  54.646 0.0000000000
64865  -12.286  -8.916  54.302 0.0000000000
64869  -11.851  -9.789  53.584 0.0000000000
64870  -12.328  -9.170  53.790 0.0000000000
64874  -11.860  -9.958  52.684 0.0000000000
64875  -12.403  -9.367  52.907 0.0000000000
64880  -12.447  -9.519  51.660 0.0000000000
64881  -13.137  -8.955  51.268 0.0000000000
64885  -13.132  -9.133  50.683 0.0000000000
66020  -8.361  -7.676  56.739 0.0000000000
66021  -8.734  -7.681  56.806 0.0000000000
66022  -9.475  -7.629  56.940 0.0000000000
66023  -5.553  -8.014  56.153 0.0000000000
66024  -6.089  -8.186  56.301 0.0000000000
66025  -7.178  -8.209  56.574 0.0000000000
66026  -8.191  -8.089  56.743 0.0000000000
66027  -9.186  -8.345  56.813 0.0000000000
66028  -10.364  -8.017  56.932 0.0000000000
66029  -11.489  -8.078  56.600 0.0000000000
66030  -12.192  -7.877  56.317 0.0000000000
66033  -5.289  -8.316  55.856 0.0000000000
66034  -5.927  -8.918  56.064 0.0000000000
66035  -11.881  -8.406  56.002 0.0000000000
66036  -12.516  -8.019  55.660 0.0000000000
66037  -12.959  -7.781  55.090 0.0000000000
66040  -11.939  -8.633  55.341 0.0000000000
66041  -12.449  -8.451  54.775 0.0000000000
66042  -13.241  -7.993  54.490 0.0000000000
66046  -12.842  -8.594  54.056 0.0000000000
66047  -13.652  -8.095  53.679 0.0000000000
66048  -14.208  -7.867  53.038 0.0000000000
66052  -12.982  -8.794  53.279 0.0000000000
66053  -13.551  -8.372  52.755 0.0000000000
66054  -14.183  -8.006  52.259 0.0000000000
66057  -12.933  -8.911  52.473 0.0000000000
66058  -13.383  -8.581  51.809 0.0000000000
66059  -14.158  -8.068  51.378 0.0000000000
66061  -13.636  -8.606  50.961 0.0000000000
67226  -7.221  -6.924  56.660 0.0000000000
67227  -7.549  -7.019  56.709 0.0000000000
67228  -8.260  -7.312  56.755 0.0000000000
67229  -9.116  -7.087  56.850 0.0000000000
67230  -10.079  -7.066  57.049 0.0000000000
67231  -10.945  -6.833  57.101 0.0000000000
67232  -11.583  -6.840  57.024 0.0000000000
67234  -5.440  -7.449  56.080 0.0000000000
67235  -6.799  -7.220  56.579 0.0000000000
67236  -7.688  -7.581  56.699 0.0000000000
67237  -8.064  -7.651  56.731 0.0000000000
67238  -10.644  -7.277  57.086 0.0000000000
67239  -11.207  -7.341  56.995 0.0000000000
67240  -12.078  -7.196  56.722 0.0000000000
67241  -12.781  -6.967  56.356 0.0000000000
67245  -12.600  -7.468  56.189 0.0000000000
67246  -13.162  -7.223  55.668 0.0000000000
67247  -13.686  -6.902  55.139 0.0000000000
67249  -13.502  -7.382  54.892 0.0000000000
67250  -14.106  -6.968  54.571 0.0000000000
67253  -13.835  -7.526  54.288 0.0000000000
67254  -14.513  -7.124  53.621 0.0000000000
67258  -14.704  -7.296  52.647 0.0000000000
68418  -7.275  -6.527  56.643 0.0000000000
68419  -7.983  -6.551  56.699 0.0000000000
68420  -8.745  -6.527  56.731 0.0000000000
68421  -9.602  -6.416  56.845 0.0000000000
68422  -10.526  -6.349  56.990 0.0000000000
68423  -11.537  -6.306  56.972 0.0000000000
68424  -11.960  -6.667  56.922 0.0000000000
68426  -6.094  -6.533  56.352 0.0000000000
68427  -6.757  -6.538  56.565 0.0000000000
68428  -12.070  -5.986  56.728 0.0000000000
68429  -12.430  -6.411  56.591 0.0000000000
68430  -13.074  -6.493  55.987 0.0000000000
68433  -13.491  -6.496  55.401 0.0000000000
68434  -13.933  -6.418  54.821 0.0000000000
68436  -14.481  -6.262  54.042 0.0000000000
69617  -7.290  -6.117  56.615 0.0000000000
69618  -7.636  -5.942  56.624 0.0000000000
69619  -8.394  -5.943  56.647 0.0000000000
69620  -9.168  -5.872  56.669 0.0000000000
69621  -10.067  -5.740  56.660 0.0000000000
69622  -10.902  -5.868  56.836 0.0000000000
69625  -6.911  -5.850  56.500 0.0000000000
69626  -7.438  -5.571  56.524 0.0000000000
69627  -10.709  -5.510  56.467 0.0000000000
69628  -11.506  -5.649  56.571 0.0000000000
69629  -12.376  -5.689  56.162 0.0000000000
69630  -12.821  -6.107  56.075 0.0000000000
69634  -12.625  -5.444  55.631 0.0000000000
69635  -13.192  -5.800  55.357 0.0000000000
69636  -13.679  -6.127  55.049 0.0000000000
69639  -13.520  -5.519  54.606 0.0000000000
69640  -13.962  -5.730  54.349 0.0000000000
69643  -14.608  -5.443  53.175 0.0000000000
70833  -7.670  -5.481  56.529 0.0000000000
70834  -8.054  -5.390  56.545 0.0000000000
70835  -8.754  -5.310  56.540 0.0000000000
70836  -9.426  -5.302  56.493 0.0000000000
70838  -6.594  -4.904  55.940 0.0000000000
70839  -7.501  -4.931  56.263 0.0000000000
70840  -8.357  -4.639  56.243 0.0000000000
70841  -9.121  -4.606  56.197 0.0000000000
70842  -10.010  -4.849  56.084 0.0000000000
70843  -10.962  -5.162  56.128 0.0000000000
70844  -11.691  -5.222  56.149 0.0000000000
70847  -10.560  -4.451  55.660 0.0000000000
70848  -11.266  -4.796  55.713 0.0000000000
70849  -12.097  -5.004  55.602 0.0000000000
70850  -12.661  -5.207  55.178 0.0000000000
70853  -10.905  -4.291  55.334 0.0000000000
70854  -11.446  -4.394  55.161 0.0000000000
70855  -12.191  -4.539  54.647 0.0000000000
70856  -13.090  -5.097  54.473 0.0000000000
70857  -13.675  -5.246  54.073 0.0000000000
70860  -12.781  -4.382  53.727 0.0000000000
70861  -13.424  -4.776  53.548 0.0000000000
70862  -14.080  -4.977  53.206 0.0000000000
70869  -13.199  -4.278  53.109 0.0000000000
70870  -13.688  -4.370  52.856 0.0000000000
70871  -14.409  -4.155  52.560 0.0000000000
72072  -6.964  -3.695  55.687 0.0000000000
72073  -7.921  -3.723  55.860 0.0000000000
72074  -8.741  -3.607  56.044 0.0000000000
72075  -9.502  -3.577  55.974 0.0000000000
72076  -10.126  -3.559  55.759 0.0000000000
72079  -6.398  -3.491  55.381 0.0000000000
72080  -10.770  -3.483  55.355 0.0000000000
72081  -11.144  -3.008  55.130 0.0000000000
72085  -11.030  -3.961  55.045 0.0000000000
72086  -11.492  -3.545  54.788 0.0000000000
72087  -12.351  -3.601  54.040 0.0000000000
72092  -13.036  -3.546  53.110 0.0000000000
72093  -13.506  -3.121  52.786 0.0000000000
72101  -13.386  -3.990  52.771 0.0000000000
72102  -13.847  -3.569  52.581 0.0000000000
72103  -14.807  -3.412  52.678 0.0000000000
73173  -6.961  -2.972  55.587 0.0000000000
73174  -7.374  -2.681  55.660 0.0000000000
73175  -8.291  -2.556  55.955 0.0000000000
73176  -9.140  -2.490  56.282 0.0000000000
73177  -10.076  -2.399  56.266 0.0000000000
73178  -10.986  -2.030  56.319 0.0000000000
73179  -11.744  -1.950  56.202 0.0000000000
73181  -6.539  -2.600  55.334 0.0000000000
73182  -7.086  -1.820  55.485 0.0000000000
73183  -10.571  -2.729  55.838 0.0000000000
73184  -11.228  -2.537  55.637 0.0000000000
73185  -12.134  -2.223  55.543 0.0000000000
73186  -12.739  -2.180  55.094 0.0000000000
73192  -11.568  -2.735  55.073 0.0000000000
73193  -12.217  -2.699  54.576 0.0000000000
73194  -13.197  -2.349  54.375 0.0000000000
73195  -14.054  -2.203  54.022 0.0000000000
73203  -12.745  -2.892  53.757 0.0000000000
73204  -13.513  -2.700  53.312 0.0000000000
73205  -14.568  -2.663  53.165 0.0000000000
73217  -13.916  -2.896  52.727 0.0000000000
73218  -14.306  -3.057  52.631 0.0000000000
74263  -10.975  -0.615  57.267 0.0000000000
74264  -11.464  -0.731  57.253 0.0000000000
74265  -12.243  -0.917  57.198 0.0000000000
74266  -7.737  -1.481  55.804 0.0000000000
74267  -8.625  -1.446  56.355 0.0000000000
74268  -9.580  -1.424  56.706 0.0000000000
74269  -10.669  -1.213  56.916 0.0000000000
74270  -11.645  -1.420  56.787 0.0000000000
74271  -12.735  -1.475  56.398 0.0000000000
74272  -13.828  -1.200  56.169 0.0000000000
74279  -6.628  -1.350  55.194 0.0000000000
74280  -7.141  -1.085  55.461 0.0000000000
74281  -12.775  -1.948  55.634 0.0000000000
74282  -13.484  -1.815  55.353 0.0000000000
74283  -14.502  -1.391  55.478 0.0000000000
74291  -13.769  -2.052  54.642 0.0000000000
74292  -14.348  -1.840  54.774 0.0000000000
75350  -10.349  0.289  57.332 0.0000000000
75351  -11.126  -0.016  57.581 0.0000000000
75352  -12.102  -0.176  57.674 0.0000000000
75353  -13.245  -0.457  57.315 0.0000000000
75358  -8.208  -0.322  56.025 0.0000000000
75359  -9.075  -0.394  56.694 0.0000000000
75360  -9.980  -0.463  57.037 0.0000000000
75361  -10.618  -0.428  57.251 0.0000000000
75362  -13.496  -1.023  56.767 0.0000000000
75363  -14.098  -0.655  56.677 0.0000000000
75371  -6.839  -0.332  55.181 0.0000000000
75372  -7.487  -0.537  55.603 0.0000000000
76430  -10.065  1.252  57.309 0.0000000000
76431  -10.767  0.999  57.670 0.0000000000
76432  -11.722  0.776  57.970 0.0000000000
76433  -12.825  0.585  57.981 0.0000000000
76434  -13.890  0.578  57.590 0.0000000000
76439  -8.242  0.392  55.856 0.0000000000
76440  -8.872  0.699  56.202 0.0000000000
76441  -9.603  0.533  56.997 0.0000000000
76446  -6.990  0.301  55.075 0.0000000000
76447  -7.666  0.486  55.425 0.0000000000
76448  -8.320  0.736  55.763 0.0000000000
76452  -7.141  0.585  54.938 0.0000000000
77548  -10.066  1.706  57.132 0.0000000000
77549  -10.430  1.819  57.312 0.0000000000
77550  -11.256  1.782  57.899 0.0000000000
77551  -12.377  1.626  58.223 0.0000000000
77552  -13.522  1.456  58.029 0.0000000000
77557  -9.201  1.518  56.058 0.0000000000
77558  -9.742  1.710  56.773 0.0000000000
77559  -10.421  2.408  57.001 0.0000000000
77564  -7.934  1.326  55.179 0.0000000000
77565  -8.545  1.439  55.635 0.0000000000
77569  -7.403  1.264  54.681 0.0000000000
78763  -10.960  2.604  57.477 0.0000000000
78764  -11.938  2.709  58.025 0.0000000000
78765  -13.178  2.515  58.054 0.0000000000
78770  -9.379  2.374  55.967 0.0000000000
78771  -10.126  2.791  56.536 0.0000000000
78772  -10.834  3.207  56.907 0.0000000000
78773  -11.728  3.452  57.267 0.0000000000
78782  -8.755  2.287  55.574 0.0000000000
