#!ascii label  , from subject cvs_avg35_inMNI152 vox2ras=TkReg
253
66062  -14.233  -8.128  50.518 0.0000000000
67255  -15.056  -6.571  52.833 0.0000000000
67259  -15.152  -6.580  52.072 0.0000000000
67262  -14.718  -7.387  51.763 0.0000000000
67263  -15.235  -6.663  51.153 0.0000000000
67264  -15.634  -6.423  50.559 0.0000000000
67267  -14.706  -7.491  50.879 0.0000000000
67268  -15.205  -6.968  50.342 0.0000000000
67269  -15.874  -6.541  49.923 0.0000000000
67270  -16.432  -6.457  49.550 0.0000000000
67273  -14.796  -7.654  50.075 0.0000000000
67274  -15.268  -7.133  49.576 0.0000000000
67275  -15.942  -6.792  49.152 0.0000000000
67276  -16.727  -6.682  49.017 0.0000000000
67282  -16.963  -6.960  48.202 0.0000000000
68439  -14.971  -6.000  53.110 0.0000000000
68440  -15.440  -5.852  52.360 0.0000000000
68442  -15.815  -5.793  51.544 0.0000000000
68443  -16.798  -5.202  51.367 0.0000000000
68444  -17.352  -4.898  51.349 0.0000000000
68446  -15.713  -6.162  50.936 0.0000000000
68447  -16.331  -5.942  50.607 0.0000000000
68448  -17.315  -5.354  50.890 0.0000000000
68449  -17.785  -5.004  50.967 0.0000000000
68453  -16.440  -6.238  49.952 0.0000000000
68454  -17.101  -6.073  49.853 0.0000000000
68455  -17.871  -5.429  50.486 0.0000000000
68459  -17.516  -6.563  48.894 0.0000000000
68460  -18.067  -6.024  49.579 0.0000000000
68469  -17.704  -6.797  47.954 0.0000000000
68470  -18.265  -6.339  48.561 0.0000000000
69644  -15.576  -5.016  52.355 0.0000000000
69645  -16.781  -4.396  52.190 0.0000000000
69646  -17.433  -4.188  52.272 0.0000000000
69649  -15.771  -5.353  52.042 0.0000000000
69650  -16.357  -4.974  51.866 0.0000000000
69651  -17.496  -4.437  51.815 0.0000000000
69652  -18.053  -4.105  51.818 0.0000000000
69655  -17.661  -4.801  51.253 0.0000000000
69656  -18.213  -4.538  51.165 0.0000000000
69657  -18.718  -4.172  51.005 0.0000000000
69665  -18.514  -5.261  50.112 0.0000000000
69666  -18.947  -4.605  50.520 0.0000000000
69678  -18.750  -5.709  49.119 0.0000000000
69679  -19.217  -5.046  49.608 0.0000000000
69694  -18.975  -5.997  48.116 0.0000000000
69695  -19.404  -5.307  48.611 0.0000000000
69709  -19.548  -5.419  47.605 0.0000000000
70863  -15.054  -4.461  52.507 0.0000000000
70864  -16.264  -4.113  52.492 0.0000000000
70865  -17.359  -3.969  52.665 0.0000000000
70866  -17.971  -3.769  52.883 0.0000000000
70872  -15.053  -3.842  52.593 0.0000000000
70873  -17.741  -3.980  52.403 0.0000000000
70874  -18.165  -3.763  52.400 0.0000000000
70875  -18.524  -3.552  52.187 0.0000000000
70881  -18.296  -3.879  51.826 0.0000000000
70882  -18.714  -3.762  51.563 0.0000000000
70893  -19.247  -3.933  50.885 0.0000000000
70904  -19.724  -4.333  50.025 0.0000000000
70905  -20.320  -4.192  49.371 0.0000000000
70914  -19.883  -4.701  49.069 0.0000000000
70915  -20.471  -4.241  48.617 0.0000000000
70923  -19.988  -4.751  48.108 0.0000000000
70924  -20.826  -4.312  47.734 0.0000000000
70925  -21.642  -4.260  47.268 0.0000000000
70934  -20.182  -4.877  47.158 0.0000000000
72088  -18.078  -2.946  53.966 0.0000000000
72089  -18.417  -2.716  53.979 0.0000000000
72094  -15.200  -3.020  52.982 0.0000000000
72095  -15.677  -3.518  52.866 0.0000000000
72096  -16.935  -3.593  53.150 0.0000000000
72097  -17.803  -3.558  53.368 0.0000000000
72098  -18.451  -3.197  53.420 0.0000000000
72099  -18.923  -3.077  53.163 0.0000000000
72104  -15.206  -3.605  52.684 0.0000000000
72105  -18.612  -3.384  52.733 0.0000000000
72106  -19.033  -3.275  52.397 0.0000000000
72114  -19.344  -3.394  51.592 0.0000000000
72124  -19.696  -3.507  51.021 0.0000000000
72125  -20.240  -3.323  50.716 0.0000000000
72126  -20.872  -3.073  50.373 0.0000000000
72135  -19.915  -3.839  50.572 0.0000000000
72136  -20.488  -3.694  49.979 0.0000000000
72137  -21.397  -3.172  49.678 0.0000000000
72138  -22.271  -3.063  49.193 0.0000000000
72147  -20.885  -3.762  49.123 0.0000000000
72148  -21.593  -3.474  48.767 0.0000000000
72149  -22.385  -3.452  48.377 0.0000000000
72150  -23.094  -3.798  47.949 0.0000000000
72155  -21.062  -3.868  48.413 0.0000000000
72156  -21.604  -3.739  47.959 0.0000000000
72157  -22.326  -3.880  47.628 0.0000000000
73187  -16.625  -1.686  54.999 0.0000000000
73188  -17.026  -1.765  54.993 0.0000000000
73189  -17.736  -1.762  54.934 0.0000000000
73196  -15.033  -2.095  54.139 0.0000000000
73197  -16.259  -1.982  54.586 0.0000000000
73198  -17.426  -2.418  54.385 0.0000000000
73199  -18.283  -2.185  54.480 0.0000000000
73200  -18.692  -2.099  54.391 0.0000000000
73206  -15.598  -2.671  53.544 0.0000000000
73207  -16.630  -2.895  53.701 0.0000000000
73208  -17.455  -3.170  53.779 0.0000000000
73209  -18.594  -2.530  54.043 0.0000000000
73210  -18.994  -2.475  53.885 0.0000000000
73219  -19.431  -2.633  53.107 0.0000000000
73220  -19.878  -2.366  52.713 0.0000000000
73229  -19.664  -2.901  52.240 0.0000000000
73230  -20.293  -2.311  51.918 0.0000000000
73231  -21.004  -2.038  51.266 0.0000000000
73241  -19.961  -3.056  51.431 0.0000000000
73242  -20.601  -2.662  50.986 0.0000000000
73243  -21.508  -2.357  50.485 0.0000000000
73244  -22.414  -2.169  50.227 0.0000000000
73254  -22.068  -2.629  49.806 0.0000000000
73255  -22.873  -2.671  49.708 0.0000000000
74273  -14.745  -0.900  56.057 0.0000000000
74274  -15.707  -0.732  55.892 0.0000000000
74275  -16.678  -0.636  55.832 0.0000000000
74276  -17.530  -0.530  55.719 0.0000000000
74277  -17.993  -0.438  55.611 0.0000000000
74284  -15.430  -1.230  55.489 0.0000000000
74285  -16.408  -1.361  55.334 0.0000000000
74286  -17.336  -1.224  55.409 0.0000000000
74287  -18.247  -1.140  55.225 0.0000000000
74288  -18.705  -0.990  55.237 0.0000000000
74293  -15.257  -1.635  54.938 0.0000000000
74294  -15.873  -1.515  55.099 0.0000000000
74295  -18.561  -1.728  54.705 0.0000000000
74296  -19.007  -1.496  54.733 0.0000000000
74300  -19.657  -1.727  53.753 0.0000000000
74301  -19.985  -1.275  53.502 0.0000000000
74308  -19.810  -2.142  53.181 0.0000000000
74309  -20.176  -1.563  52.839 0.0000000000
74315  -20.873  -1.440  51.814 0.0000000000
74316  -21.684  -1.364  51.069 0.0000000000
74326  -22.048  -1.794  50.551 0.0000000000
75354  -14.359  0.036  56.969 0.0000000000
75355  -15.280  0.290  56.576 0.0000000000
75356  -16.133  0.437  56.297 0.0000000000
75357  -16.603  0.511  56.216 0.0000000000
75364  -14.992  -0.317  56.397 0.0000000000
75365  -15.948  -0.112  56.191 0.0000000000
75366  -16.875  0.135  56.133 0.0000000000
75367  -17.703  0.065  55.887 0.0000000000
75368  -18.364  -0.191  55.629 0.0000000000
75369  -18.757  0.083  55.631 0.0000000000
75373  -18.571  -0.711  55.386 0.0000000000
75374  -19.028  -0.444  55.304 0.0000000000
75377  -19.729  -0.625  54.332 0.0000000000
75378  -20.113  -0.108  53.925 0.0000000000
75382  -19.886  -1.085  53.795 0.0000000000
75383  -20.197  -0.556  53.378 0.0000000000
75391  -20.889  -0.470  52.162 0.0000000000
75392  -21.370  0.058  51.772 0.0000000000
75400  -21.292  -0.878  51.597 0.0000000000
76435  -14.800  0.722  57.067 0.0000000000
76436  -15.646  0.816  56.622 0.0000000000
76437  -16.518  0.818  56.374 0.0000000000
76438  -17.110  0.833  56.364 0.0000000000
76442  -16.844  0.567  56.232 0.0000000000
76443  -17.268  0.743  56.248 0.0000000000
76444  -18.031  0.623  55.985 0.0000000000
76445  -18.574  0.592  55.797 0.0000000000
76449  -19.068  0.561  55.496 0.0000000000
76453  -19.577  0.382  54.913 0.0000000000
76454  -20.023  0.415  54.227 0.0000000000
76458  -20.309  0.450  53.502 0.0000000000
76467  -20.710  0.378  52.694 0.0000000000
76468  -21.169  0.445  51.976 0.0000000000
77553  -14.472  1.339  57.518 0.0000000000
77554  -15.310  1.272  57.034 0.0000000000
77555  -16.064  1.271  56.684 0.0000000000
77556  -16.631  1.176  56.552 0.0000000000
77560  -16.527  1.516  56.727 0.0000000000
77561  -17.082  1.439  56.508 0.0000000000
77562  -17.831  1.445  56.187 0.0000000000
77563  -18.338  1.165  55.969 0.0000000000
77566  -18.319  1.743  55.929 0.0000000000
77567  -18.779  1.467  55.669 0.0000000000
77570  -19.377  1.464  55.018 0.0000000000
77571  -19.820  1.093  54.503 0.0000000000
77574  -19.745  1.800  54.320 0.0000000000
77575  -20.121  1.390  53.699 0.0000000000
77582  -20.606  1.233  52.866 0.0000000000
78766  -14.208  2.207  57.679 0.0000000000
78767  -15.107  1.946  57.283 0.0000000000
78768  -15.852  1.757  56.969 0.0000000000
78769  -16.039  1.822  56.902 0.0000000000
78774  -12.867  3.396  57.446 0.0000000000
78775  -13.928  3.067  57.294 0.0000000000
78776  -14.868  2.737  57.013 0.0000000000
78777  -15.761  2.479  56.791 0.0000000000
78778  -16.612  2.151  56.655 0.0000000000
78779  -17.461  2.143  56.262 0.0000000000
78780  -18.026  2.289  55.960 0.0000000000
78783  -18.460  2.345  55.603 0.0000000000
78784  -18.919  2.366  55.172 0.0000000000
78787  -19.364  2.498  54.465 0.0000000000
78790  -19.903  2.454  53.687 0.0000000000
78791  -20.678  2.277  52.794 0.0000000000
78797  -20.950  1.680  52.492 0.0000000000
80078  -13.674  3.645  56.542 0.0000000000
80079  -14.648  3.395  56.414 0.0000000000
80080  -15.581  3.208  56.312 0.0000000000
80081  -16.461  3.045  56.230 0.0000000000
80082  -17.270  2.864  56.087 0.0000000000
80083  -17.740  2.666  55.973 0.0000000000
80090  -13.456  3.942  55.710 0.0000000000
80091  -14.522  3.889  55.551 0.0000000000
80092  -15.392  3.785  55.680 0.0000000000
80093  -16.267  3.732  55.663 0.0000000000
80094  -17.096  3.602  55.597 0.0000000000
80095  -18.013  3.265  55.358 0.0000000000
80096  -18.541  2.849  55.210 0.0000000000
80103  -18.326  3.811  54.641 0.0000000000
80104  -18.787  3.363  54.609 0.0000000000
80112  -19.475  3.349  53.793 0.0000000000
80113  -20.231  3.273  53.146 0.0000000000
81324  -14.877  4.096  55.190 0.0000000000
81325  -15.225  4.157  55.115 0.0000000000
81326  -16.020  4.252  55.044 0.0000000000
81327  -16.826  4.161  54.965 0.0000000000
81328  -17.466  3.991  54.919 0.0000000000
81335  -14.826  4.217  54.875 0.0000000000
81336  -15.593  4.657  54.405 0.0000000000
81337  -16.600  4.750  54.422 0.0000000000
81338  -17.350  4.574  54.383 0.0000000000
81339  -18.006  4.258  54.435 0.0000000000
81340  -18.528  4.160  54.133 0.0000000000
81349  -19.051  4.113  53.780 0.0000000000
81350  -19.737  4.130  53.195 0.0000000000
82564  -16.387  5.225  53.732 0.0000000000
82565  -17.223  5.149  53.809 0.0000000000
82566  -17.885  4.902  53.791 0.0000000000
82567  -18.433  4.650  53.726 0.0000000000
82568  -18.756  4.481  53.705 0.0000000000
82574  -17.122  5.535  53.111 0.0000000000
82575  -17.812  5.274  53.151 0.0000000000
82576  -18.417  5.001  53.138 0.0000000000
82577  -19.117  4.710  53.187 0.0000000000
82578  -19.653  4.579  52.866 0.0000000000
82584  -17.800  5.408  52.453 0.0000000000
82585  -18.307  5.196  52.633 0.0000000000
82586  -19.002  5.083  52.471 0.0000000000
82594  -18.413  5.237  51.714 0.0000000000
83735  -18.002  5.330  52.357 0.0000000000
83736  -18.200  5.242  52.325 0.0000000000
83737  -18.537  5.167  52.410 0.0000000000
83741  -17.953  5.336  52.175 0.0000000000
83742  -18.119  5.295  52.091 0.0000000000
83743  -18.530  5.215  52.157 0.0000000000
