#!ascii label  , from subject cvs_avg35_inMNI152 vox2ras=TkReg
185
63435  -25.803  -12.047  -37.192 0.0000000000
63436  -26.776  -11.880  -37.044 0.0000000000
63437  -27.889  -11.755  -36.855 0.0000000000
63456  -26.162  -11.445  -37.858 0.0000000000
63457  -27.211  -11.325  -37.566 0.0000000000
63458  -27.998  -11.100  -37.369 0.0000000000
63474  -25.285  -11.152  -38.772 0.0000000000
63475  -26.157  -10.988  -38.515 0.0000000000
63489  -24.373  -11.218  -39.404 0.0000000000
63490  -24.884  -10.903  -39.405 0.0000000000
64703  -28.599  -11.215  -36.927 0.0000000000
64704  -29.439  -10.961  -36.782 0.0000000000
64705  -30.451  -10.721  -36.729 0.0000000000
64706  -31.556  -10.375  -36.429 0.0000000000
64707  -32.738  -10.086  -36.130 0.0000000000
64708  -33.803  -10.058  -36.073 0.0000000000
64723  -26.776  -11.026  -38.196 0.0000000000
64724  -27.592  -10.652  -38.051 0.0000000000
64725  -28.681  -10.515  -37.462 0.0000000000
64726  -29.804  -10.299  -37.349 0.0000000000
64727  -30.792  -10.068  -37.250 0.0000000000
64728  -31.510  -9.707  -37.088 0.0000000000
64739  -25.887  -10.778  -38.928 0.0000000000
64740  -26.611  -10.457  -38.821 0.0000000000
64741  -27.510  -10.055  -38.635 0.0000000000
64752  -23.933  -11.124  -39.886 0.0000000000
64753  -24.441  -10.833  -39.905 0.0000000000
64754  -25.471  -10.481  -39.634 0.0000000000
64755  -26.410  -10.003  -39.570 0.0000000000
64767  -23.499  -10.846  -40.485 0.0000000000
64768  -24.483  -10.381  -40.641 0.0000000000
64769  -25.273  -10.046  -40.553 0.0000000000
65873  -32.210  -9.586  -36.714 0.0000000000
65874  -33.186  -9.268  -36.614 0.0000000000
65875  -34.290  -9.431  -36.413 0.0000000000
65888  -28.275  -9.914  -38.229 0.0000000000
65889  -29.237  -9.740  -37.920 0.0000000000
65890  -30.203  -9.642  -37.818 0.0000000000
65891  -31.066  -9.298  -37.674 0.0000000000
65892  -31.920  -9.156  -37.288 0.0000000000
65893  -32.487  -9.148  -36.969 0.0000000000
65905  -27.155  -9.760  -39.238 0.0000000000
65906  -27.949  -9.487  -38.905 0.0000000000
65907  -28.777  -9.104  -38.562 0.0000000000
65908  -29.779  -9.119  -38.344 0.0000000000
65909  -30.501  -9.108  -38.130 0.0000000000
65920  -25.993  -9.800  -40.247 0.0000000000
65921  -26.827  -9.487  -39.965 0.0000000000
65922  -27.698  -9.120  -39.650 0.0000000000
65923  -28.308  -8.925  -39.156 0.0000000000
65934  -24.844  -9.928  -41.127 0.0000000000
65935  -25.529  -9.495  -41.087 0.0000000000
65936  -26.392  -9.142  -40.660 0.0000000000
65937  -27.184  -8.844  -40.315 0.0000000000
65954  -25.393  -8.987  -41.695 0.0000000000
67058  -33.341  -8.715  -36.918 0.0000000000
67059  -33.957  -8.773  -36.741 0.0000000000
67076  -30.944  -8.784  -38.112 0.0000000000
67077  -31.612  -8.540  -37.931 0.0000000000
67078  -32.633  -8.597  -37.254 0.0000000000
67079  -33.553  -8.305  -37.133 0.0000000000
67092  -28.743  -8.549  -39.052 0.0000000000
67093  -29.457  -8.373  -38.885 0.0000000000
67094  -30.469  -8.525  -38.493 0.0000000000
67095  -31.113  -8.436  -38.315 0.0000000000
67105  -27.795  -8.592  -40.062 0.0000000000
67106  -28.422  -8.341  -39.660 0.0000000000
67107  -28.971  -8.224  -39.270 0.0000000000
67117  -26.014  -8.767  -41.312 0.0000000000
67118  -26.739  -8.299  -41.006 0.0000000000
67119  -27.558  -8.231  -40.461 0.0000000000
67120  -28.023  -8.239  -40.117 0.0000000000
67133  -25.743  -8.294  -41.937 0.0000000000
67134  -26.241  -8.263  -41.484 0.0000000000
68265  -31.728  -8.162  -38.199 0.0000000000
68266  -32.150  -8.086  -37.976 0.0000000000
68267  -32.985  -7.849  -37.552 0.0000000000
68268  -33.911  -7.734  -37.403 0.0000000000
68279  -29.640  -8.042  -39.167 0.0000000000
68280  -30.122  -7.984  -38.999 0.0000000000
68281  -31.387  -7.789  -38.564 0.0000000000
68282  -32.456  -7.476  -38.129 0.0000000000
68283  -33.346  -7.220  -37.822 0.0000000000
68294  -28.666  -7.904  -39.803 0.0000000000
68295  -29.346  -7.728  -39.588 0.0000000000
68296  -30.461  -7.415  -39.269 0.0000000000
68297  -31.107  -7.129  -39.106 0.0000000000
68308  -26.836  -7.862  -41.245 0.0000000000
68309  -27.319  -7.622  -41.061 0.0000000000
68310  -28.317  -7.704  -40.278 0.0000000000
68311  -29.002  -7.217  -40.220 0.0000000000
68320  -25.981  -7.900  -42.032 0.0000000000
68321  -26.476  -7.653  -41.722 0.0000000000
68322  -27.088  -7.266  -41.491 0.0000000000
68335  -26.172  -7.303  -42.609 0.0000000000
69512  -32.110  -7.166  -38.505 0.0000000000
69513  -32.722  -6.806  -38.311 0.0000000000
69514  -33.693  -6.604  -38.138 0.0000000000
69525  -30.090  -7.150  -39.717 0.0000000000
69526  -30.762  -6.699  -39.608 0.0000000000
69527  -31.859  -6.629  -38.968 0.0000000000
69528  -33.002  -6.050  -38.612 0.0000000000
69540  -27.941  -7.179  -40.861 0.0000000000
69541  -28.624  -6.773  -40.780 0.0000000000
69542  -29.758  -6.653  -40.264 0.0000000000
69543  -30.706  -6.071  -40.210 0.0000000000
69551  -26.949  -7.062  -41.708 0.0000000000
69552  -27.635  -6.715  -41.520 0.0000000000
69553  -28.526  -6.078  -41.402 0.0000000000
69564  -26.769  -6.759  -42.301 0.0000000000
69565  -27.493  -6.101  -42.319 0.0000000000
70719  -31.492  -5.924  -39.755 0.0000000000
70720  -32.414  -5.618  -39.315 0.0000000000
70721  -33.592  -5.156  -39.163 0.0000000000
70734  -29.273  -5.895  -41.017 0.0000000000
70735  -30.243  -5.536  -40.766 0.0000000000
70736  -31.217  -5.379  -40.390 0.0000000000
70737  -32.105  -5.162  -39.962 0.0000000000
70738  -32.749  -5.044  -39.617 0.0000000000
70748  -28.136  -5.725  -41.967 0.0000000000
70749  -28.922  -5.230  -41.668 0.0000000000
70750  -29.671  -5.170  -41.323 0.0000000000
70762  -27.019  -5.988  -43.053 0.0000000000
70763  -27.848  -5.288  -42.755 0.0000000000
70764  -28.465  -5.025  -42.267 0.0000000000
70778  -27.336  -5.164  -43.551 0.0000000000
71951  -34.029  -4.627  -39.446 0.0000000000
71970  -30.247  -4.822  -41.271 0.0000000000
71971  -30.958  -4.807  -40.918 0.0000000000
71972  -31.826  -4.664  -40.505 0.0000000000
71973  -33.061  -4.281  -40.031 0.0000000000
71985  -28.925  -4.599  -42.173 0.0000000000
71986  -29.717  -4.365  -41.890 0.0000000000
71987  -30.731  -4.264  -41.489 0.0000000000
71988  -31.614  -4.218  -41.093 0.0000000000
71989  -32.213  -4.182  -40.642 0.0000000000
71998  -27.876  -4.666  -43.301 0.0000000000
71999  -28.536  -4.331  -42.876 0.0000000000
72000  -29.154  -4.213  -42.400 0.0000000000
72012  -27.565  -4.291  -43.942 0.0000000000
72013  -28.053  -4.234  -43.454 0.0000000000
73056  -33.212  -3.537  -40.369 0.0000000000
73071  -30.006  -3.777  -42.228 0.0000000000
73072  -30.519  -3.813  -41.994 0.0000000000
73073  -31.407  -3.574  -41.758 0.0000000000
73074  -32.491  -3.579  -40.927 0.0000000000
73085  -28.787  -3.726  -43.157 0.0000000000
73086  -29.459  -3.572  -42.716 0.0000000000
73087  -30.370  -3.394  -42.369 0.0000000000
73088  -30.891  -3.444  -42.148 0.0000000000
73100  -27.698  -3.848  -44.135 0.0000000000
73101  -28.217  -3.638  -43.769 0.0000000000
73102  -28.946  -3.374  -43.342 0.0000000000
73117  -27.984  -3.202  -44.359 0.0000000000
74153  -31.631  -3.227  -42.053 0.0000000000
74154  -32.149  -3.029  -41.828 0.0000000000
74168  -29.679  -3.077  -42.978 0.0000000000
74169  -30.148  -2.886  -42.831 0.0000000000
74170  -31.263  -2.943  -42.388 0.0000000000
74171  -32.149  -2.407  -42.238 0.0000000000
74181  -28.799  -3.129  -43.686 0.0000000000
74182  -29.453  -2.799  -43.435 0.0000000000
74183  -30.208  -2.351  -43.306 0.0000000000
74195  -27.854  -2.869  -44.735 0.0000000000
74196  -28.579  -2.706  -44.234 0.0000000000
74197  -29.358  -2.092  -44.133 0.0000000000
75252  -30.813  -2.373  -43.009 0.0000000000
75253  -31.688  -1.915  -42.855 0.0000000000
75266  -29.923  -2.014  -43.736 0.0000000000
75267  -30.717  -1.682  -43.516 0.0000000000
75268  -31.550  -1.108  -43.452 0.0000000000
75277  -28.113  -2.254  -44.945 0.0000000000
75278  -28.815  -1.640  -44.772 0.0000000000
75279  -29.965  -1.225  -44.382 0.0000000000
75280  -30.951  -0.851  -43.933 0.0000000000
75281  -31.479  -0.652  -43.757 0.0000000000
75293  -28.012  -1.469  -45.549 0.0000000000
75294  -28.641  -1.063  -45.258 0.0000000000
76350  -29.189  -0.787  -45.063 0.0000000000
76351  -29.893  -0.215  -45.015 0.0000000000
76352  -30.676  -0.261  -44.495 0.0000000000
76364  -28.603  -0.387  -45.693 0.0000000000
76365  -29.299  -0.247  -45.340 0.0000000000
77454  -30.084  0.308  -45.243 0.0000000000
77469  -29.542  0.398  -45.604 0.0000000000
