#!ascii label  , from subject cvs_avg35_inMNI152 vox2ras=TkReg
213
118405  -4.923  45.382  -2.225 0.0000000000
118406  -5.589  44.840  -2.643 0.0000000000
118413  -5.066  45.846  -2.825 0.0000000000
118414  -5.731  45.337  -3.281 0.0000000000
118415  -6.255  44.901  -3.644 0.0000000000
118426  -5.991  45.854  -4.166 0.0000000000
118427  -6.295  45.219  -4.051 0.0000000000
118441  -6.035  46.000  -4.584 0.0000000000
119015  -10.208  47.346  1.751 0.0000000000
119023  -4.999  47.573  0.188 0.0000000000
119026  -4.479  46.601  -1.420 0.0000000000
119035  -4.657  46.563  -2.550 0.0000000000
119036  -5.097  46.168  -3.185 0.0000000000
119052  -4.803  46.807  -3.326 0.0000000000
119053  -5.403  46.419  -3.850 0.0000000000
119066  -5.740  46.441  -4.581 0.0000000000
119668  -7.185  47.410  1.244 0.0000000000
119669  -8.176  47.262  1.207 0.0000000000
119670  -9.105  47.231  1.144 0.0000000000
119671  -9.883  47.498  1.232 0.0000000000
119672  -10.660  47.832  1.331 0.0000000000
119676  -5.834  47.875  0.604 0.0000000000
119677  -6.901  47.835  0.613 0.0000000000
119678  -7.846  47.610  0.579 0.0000000000
119679  -8.724  47.469  0.548 0.0000000000
119680  -9.615  47.709  0.488 0.0000000000
119681  -10.161  47.804  0.881 0.0000000000
119685  -4.715  47.874  -0.821 0.0000000000
119686  -5.588  48.295  -0.187 0.0000000000
119687  -6.635  48.247  -0.060 0.0000000000
119688  -7.612  48.016  -0.056 0.0000000000
119689  -8.498  47.769  -0.019 0.0000000000
119690  -9.072  47.671  0.117 0.0000000000
119694  -4.464  47.646  -1.918 0.0000000000
119707  -4.462  47.594  -2.914 0.0000000000
119724  -4.784  47.435  -4.023 0.0000000000
119725  -5.324  46.885  -4.373 0.0000000000
119734  -4.868  47.799  -4.606 0.0000000000
119735  -5.306  47.395  -4.880 0.0000000000
120427  -10.968  48.260  0.998 0.0000000000
120433  -9.952  48.115  0.052 0.0000000000
120434  -10.468  48.174  0.492 0.0000000000
120435  -11.120  48.644  0.606 0.0000000000
120439  -4.889  48.604  -1.155 0.0000000000
120440  -5.438  48.685  -0.940 0.0000000000
120441  -6.406  48.595  -0.827 0.0000000000
120442  -7.394  48.397  -0.782 0.0000000000
120443  -8.362  48.156  -0.700 0.0000000000
120444  -9.368  48.040  -0.360 0.0000000000
120445  -10.340  48.512  -0.428 0.0000000000
120446  -10.808  48.615  0.068 0.0000000000
120455  -4.680  48.498  -1.588 0.0000000000
120456  -5.100  49.095  -1.519 0.0000000000
120457  -6.139  49.051  -1.585 0.0000000000
120458  -7.145  48.778  -1.424 0.0000000000
120459  -8.111  48.609  -1.555 0.0000000000
120460  -9.139  48.420  -1.206 0.0000000000
120461  -9.782  48.465  -0.882 0.0000000000
120473  -4.495  48.636  -2.339 0.0000000000
120474  -4.692  48.968  -1.846 0.0000000000
120475  -6.502  49.261  -2.027 0.0000000000
120476  -7.055  49.078  -1.933 0.0000000000
120477  -7.590  48.860  -1.832 0.0000000000
120489  -4.337  48.486  -3.356 0.0000000000
120497  -4.550  48.489  -4.467 0.0000000000
120498  -4.906  47.992  -4.875 0.0000000000
120504  -4.539  48.898  -4.978 0.0000000000
120505  -4.928  48.424  -5.387 0.0000000000
121181  -10.621  48.877  -0.775 0.0000000000
121182  -11.229  49.204  -0.395 0.0000000000
121193  -5.138  49.262  -1.820 0.0000000000
121194  -5.430  49.255  -1.850 0.0000000000
121195  -8.329  48.810  -1.953 0.0000000000
121196  -8.852  48.833  -1.895 0.0000000000
121197  -10.171  49.046  -1.450 0.0000000000
121198  -11.110  49.718  -1.416 0.0000000000
121208  -4.558  49.108  -2.364 0.0000000000
121209  -4.906  49.338  -2.113 0.0000000000
121210  -5.879  49.460  -2.225 0.0000000000
121211  -6.818  49.444  -2.383 0.0000000000
121212  -7.960  49.124  -2.300 0.0000000000
121213  -9.220  49.471  -2.540 0.0000000000
121214  -10.121  49.831  -2.355 0.0000000000
121224  -4.498  49.224  -2.752 0.0000000000
121225  -5.105  49.856  -2.842 0.0000000000
121226  -6.176  49.926  -2.840 0.0000000000
121227  -7.202  49.870  -2.955 0.0000000000
121228  -8.264  49.853  -3.111 0.0000000000
121229  -9.118  50.092  -3.235 0.0000000000
121240  -4.379  49.497  -3.657 0.0000000000
121241  -4.950  50.119  -3.593 0.0000000000
121250  -4.366  49.532  -4.700 0.0000000000
121251  -4.563  49.218  -5.328 0.0000000000
121258  -4.428  49.849  -5.432 0.0000000000
121259  -4.756  49.412  -6.111 0.0000000000
121928  -11.634  50.172  -1.056 0.0000000000
121937  -10.686  49.970  -1.973 0.0000000000
121938  -11.347  50.617  -1.849 0.0000000000
121948  -9.775  50.139  -2.930 0.0000000000
121949  -10.647  50.626  -2.793 0.0000000000
121950  -11.243  51.003  -2.421 0.0000000000
121959  -5.593  50.183  -3.370 0.0000000000
121960  -6.412  50.300  -3.555 0.0000000000
121961  -7.473  50.304  -3.734 0.0000000000
121962  -8.542  50.373  -3.822 0.0000000000
121963  -9.722  50.701  -3.742 0.0000000000
121964  -10.434  50.948  -3.465 0.0000000000
121974  -4.629  50.125  -4.163 0.0000000000
121975  -5.427  50.538  -4.095 0.0000000000
121976  -6.594  50.805  -4.409 0.0000000000
121977  -7.796  50.741  -4.453 0.0000000000
121978  -8.791  50.884  -4.435 0.0000000000
121979  -9.452  51.144  -4.453 0.0000000000
121989  -4.623  50.534  -4.948 0.0000000000
121990  -5.548  51.105  -4.927 0.0000000000
121991  -6.359  51.265  -5.124 0.0000000000
122002  -4.404  50.496  -6.087 0.0000000000
122629  -11.532  51.284  -2.185 0.0000000000
122639  -10.812  51.227  -3.355 0.0000000000
122640  -11.345  51.522  -2.857 0.0000000000
122649  -9.964  51.295  -4.324 0.0000000000
122650  -10.469  51.346  -3.934 0.0000000000
122651  -11.031  51.798  -3.701 0.0000000000
122661  -7.201  51.189  -5.045 0.0000000000
122662  -8.156  51.193  -5.061 0.0000000000
122663  -9.016  51.382  -4.960 0.0000000000
122664  -9.713  51.565  -4.798 0.0000000000
122665  -10.353  51.882  -4.648 0.0000000000
122666  -10.729  51.848  -4.194 0.0000000000
122674  -4.891  51.295  -5.693 0.0000000000
122675  -5.804  51.575  -5.633 0.0000000000
122676  -6.732  51.579  -5.609 0.0000000000
122677  -7.609  51.533  -5.596 0.0000000000
122678  -8.498  51.761  -5.669 0.0000000000
122679  -9.448  51.868  -5.326 0.0000000000
122680  -9.949  51.973  -5.042 0.0000000000
122691  -4.536  51.428  -6.553 0.0000000000
122692  -5.239  51.986  -6.392 0.0000000000
122693  -6.254  52.006  -6.159 0.0000000000
122694  -7.227  51.933  -6.057 0.0000000000
122695  -7.865  51.851  -5.939 0.0000000000
122706  -4.689  51.981  -6.843 0.0000000000
123297  -11.655  52.546  -3.345 0.0000000000
123306  -10.593  52.228  -4.909 0.0000000000
123307  -11.044  52.399  -4.542 0.0000000000
123313  -8.582  52.076  -5.994 0.0000000000
123314  -9.098  52.183  -5.947 0.0000000000
123315  -10.359  52.433  -5.567 0.0000000000
123316  -11.106  52.819  -5.244 0.0000000000
123324  -5.362  52.234  -6.782 0.0000000000
123325  -5.808  52.268  -6.790 0.0000000000
123326  -6.813  52.308  -6.723 0.0000000000
123327  -8.157  52.258  -6.430 0.0000000000
123328  -9.464  52.850  -6.668 0.0000000000
123329  -10.255  52.943  -6.375 0.0000000000
123341  -6.128  52.715  -7.492 0.0000000000
123342  -7.357  52.793  -7.361 0.0000000000
123343  -8.440  53.003  -7.300 0.0000000000
123344  -9.144  53.337  -7.379 0.0000000000
123888  -11.677  53.152  -4.226 0.0000000000
123896  -11.513  53.219  -4.982 0.0000000000
123897  -11.955  53.847  -4.687 0.0000000000
123904  -10.720  53.127  -6.283 0.0000000000
123905  -11.342  53.367  -5.852 0.0000000000
123906  -11.826  53.780  -5.380 0.0000000000
123914  -9.677  53.488  -7.232 0.0000000000
123915  -10.347  53.520  -6.909 0.0000000000
123916  -11.063  53.637  -6.578 0.0000000000
123925  -6.787  53.277  -8.090 0.0000000000
123926  -7.777  53.426  -7.952 0.0000000000
123927  -8.643  53.598  -7.854 0.0000000000
123928  -9.380  53.885  -7.774 0.0000000000
123929  -9.964  53.910  -7.452 0.0000000000
123939  -7.217  54.002  -8.614 0.0000000000
123940  -8.163  54.009  -8.371 0.0000000000
123941  -8.846  54.093  -8.229 0.0000000000
124493  -11.902  54.067  -5.910 0.0000000000
124494  -12.187  54.499  -5.467 0.0000000000
124502  -10.967  54.078  -7.042 0.0000000000
124503  -11.675  54.351  -6.635 0.0000000000
124504  -12.072  54.527  -6.122 0.0000000000
124514  -9.884  54.339  -7.874 0.0000000000
124515  -10.483  54.317  -7.571 0.0000000000
124516  -11.150  54.665  -7.471 0.0000000000
124524  -7.862  54.438  -8.872 0.0000000000
124525  -8.575  54.524  -8.689 0.0000000000
124526  -9.374  54.560  -8.376 0.0000000000
124527  -10.204  54.957  -8.342 0.0000000000
124528  -10.756  54.839  -7.937 0.0000000000
124538  -8.146  54.878  -9.374 0.0000000000
124539  -9.032  55.057  -9.007 0.0000000000
124540  -9.627  55.086  -8.733 0.0000000000
125098  -11.980  54.857  -6.797 0.0000000000
125099  -12.294  55.251  -6.451 0.0000000000
125110  -11.770  55.044  -7.241 0.0000000000
125111  -12.171  55.832  -7.605 0.0000000000
125121  -10.431  55.339  -8.687 0.0000000000
125122  -11.149  55.451  -8.384 0.0000000000
125123  -12.037  56.245  -8.401 0.0000000000
125133  -8.626  55.318  -9.789 0.0000000000
125134  -9.936  55.586  -9.377 0.0000000000
125135  -11.002  56.070  -9.405 0.0000000000
125680  -12.711  56.531  -6.976 0.0000000000
125691  -12.586  56.780  -7.980 0.0000000000
125701  -11.700  56.401  -9.105 0.0000000000
125702  -12.410  56.934  -8.877 0.0000000000
125709  -10.705  56.330  -10.263 0.0000000000
125710  -11.494  56.624  -9.952 0.0000000000
125711  -12.176  57.030  -9.720 0.0000000000
125717  -11.958  57.074  -10.406 0.0000000000
126262  -12.781  57.723  -8.488 0.0000000000
126268  -12.652  57.762  -9.468 0.0000000000
126274  -12.436  57.744  -10.463 0.0000000000
