#!ascii label  , from subject cvs_avg35_inMNI152 vox2ras=TkReg
268
130955  -41.003  66.933  -23.748 0.0000000000
130960  -41.466  66.769  -24.301 0.0000000000
130965  -42.023  66.762  -25.311 0.0000000000
130966  -42.102  67.208  -25.633 0.0000000000
130970  -42.298  66.977  -26.134 0.0000000000
131391  -40.082  67.706  -22.674 0.0000000000
131395  -40.623  67.475  -23.194 0.0000000000
131396  -41.143  67.549  -23.666 0.0000000000
131401  -41.538  67.625  -24.352 0.0000000000
131405  -41.779  67.611  -25.198 0.0000000000
131406  -42.001  67.511  -25.875 0.0000000000
131410  -36.809  67.757  -26.986 0.0000000000
131411  -37.808  67.894  -26.666 0.0000000000
131412  -39.018  67.804  -26.861 0.0000000000
131413  -40.060  67.942  -27.020 0.0000000000
131414  -40.980  67.912  -27.041 0.0000000000
131415  -41.664  67.700  -26.926 0.0000000000
131416  -42.090  67.398  -26.563 0.0000000000
131851  -30.516  68.840  -19.992 0.0000000000
131866  -30.480  69.246  -20.726 0.0000000000
131879  -29.915  69.274  -21.190 0.0000000000
131883  -39.582  68.858  -21.734 0.0000000000
131884  -39.993  69.138  -21.875 0.0000000000
131889  -40.421  68.537  -22.473 0.0000000000
131890  -40.849  68.910  -22.594 0.0000000000
131894  -40.889  68.011  -23.129 0.0000000000
131895  -41.094  68.523  -23.277 0.0000000000
131900  -40.986  68.863  -24.764 0.0000000000
131901  -41.315  68.543  -24.369 0.0000000000
131904  -38.400  69.298  -25.921 0.0000000000
131905  -39.105  69.138  -25.843 0.0000000000
131906  -39.881  68.858  -25.625 0.0000000000
131907  -40.659  68.665  -25.388 0.0000000000
131908  -41.445  68.054  -25.535 0.0000000000
131909  -41.782  67.612  -26.077 0.0000000000
131912  -36.237  68.155  -27.058 0.0000000000
131913  -36.912  68.743  -26.642 0.0000000000
131914  -37.763  68.986  -26.165 0.0000000000
131915  -38.593  68.558  -26.237 0.0000000000
131916  -39.517  68.387  -26.256 0.0000000000
131917  -40.412  68.245  -26.221 0.0000000000
131918  -41.175  68.025  -26.234 0.0000000000
131919  -41.622  67.697  -26.283 0.0000000000
131922  -33.856  68.281  -27.996 0.0000000000
131923  -34.637  68.393  -27.668 0.0000000000
131924  -35.552  68.490  -27.354 0.0000000000
131925  -36.271  68.966  -27.061 0.0000000000
132335  -31.089  69.360  -19.449 0.0000000000
132336  -32.012  69.807  -19.084 0.0000000000
132337  -32.640  70.127  -19.437 0.0000000000
132346  -31.076  69.371  -20.287 0.0000000000
132347  -31.841  69.463  -20.044 0.0000000000
132348  -32.588  69.833  -19.958 0.0000000000
132359  -30.980  69.654  -20.869 0.0000000000
132360  -31.587  69.712  -20.754 0.0000000000
132361  -32.267  69.992  -20.704 0.0000000000
132364  -39.025  70.044  -20.841 0.0000000000
132374  -29.464  69.896  -21.710 0.0000000000
132375  -30.476  69.892  -21.361 0.0000000000
132376  -31.305  70.107  -21.304 0.0000000000
132377  -31.914  70.223  -21.198 0.0000000000
132379  -39.442  69.623  -21.391 0.0000000000
132380  -40.220  69.511  -21.996 0.0000000000
132381  -40.394  69.840  -22.104 0.0000000000
132386  -28.661  70.298  -22.009 0.0000000000
132387  -40.678  69.107  -22.321 0.0000000000
132388  -40.823  69.485  -22.475 0.0000000000
132392  -41.092  69.511  -23.327 0.0000000000
132397  -39.201  70.182  -24.952 0.0000000000
132398  -39.848  70.000  -24.788 0.0000000000
132399  -40.522  69.601  -24.605 0.0000000000
132400  -41.013  69.576  -24.095 0.0000000000
132403  -37.898  69.861  -25.886 0.0000000000
132404  -38.661  69.894  -25.438 0.0000000000
132405  -39.474  69.581  -25.284 0.0000000000
132406  -40.106  69.351  -25.114 0.0000000000
132410  -36.554  69.714  -26.797 0.0000000000
132411  -37.216  69.748  -26.338 0.0000000000
132414  -33.818  68.958  -28.273 0.0000000000
132415  -34.533  69.310  -28.014 0.0000000000
132416  -35.295  69.437  -27.645 0.0000000000
132417  -35.978  69.618  -27.279 0.0000000000
132427  -34.149  69.615  -28.318 0.0000000000
132830  -32.786  70.713  -18.944 0.0000000000
132831  -33.494  71.215  -19.275 0.0000000000
132839  -33.043  70.427  -19.873 0.0000000000
132840  -33.468  71.042  -19.815 0.0000000000
132850  -32.796  70.531  -20.626 0.0000000000
132851  -33.291  71.059  -20.570 0.0000000000
132853  -39.273  70.377  -21.016 0.0000000000
132854  -39.321  70.731  -21.029 0.0000000000
132867  -30.154  70.528  -21.931 0.0000000000
132868  -30.970  70.667  -21.842 0.0000000000
132869  -31.788  70.747  -21.732 0.0000000000
132870  -32.496  70.835  -21.423 0.0000000000
132871  -33.156  71.154  -21.331 0.0000000000
132872  -39.706  69.975  -21.575 0.0000000000
132873  -39.856  70.371  -21.733 0.0000000000
132874  -40.502  70.037  -22.192 0.0000000000
132880  -29.283  70.901  -22.279 0.0000000000
132881  -30.495  71.165  -22.679 0.0000000000
132882  -31.601  70.971  -22.603 0.0000000000
132883  -32.534  70.899  -22.513 0.0000000000
132884  -33.584  70.988  -22.347 0.0000000000
132885  -34.836  70.983  -22.705 0.0000000000
132886  -35.862  71.162  -22.837 0.0000000000
132887  -36.425  71.226  -22.829 0.0000000000
132888  -40.080  70.757  -22.000 0.0000000000
132889  -40.644  70.364  -22.464 0.0000000000
132895  -30.618  71.265  -23.618 0.0000000000
132896  -31.371  70.988  -23.539 0.0000000000
132897  -32.336  70.717  -23.493 0.0000000000
132898  -33.380  70.594  -23.468 0.0000000000
132899  -34.513  70.542  -23.525 0.0000000000
132900  -35.642  70.635  -23.603 0.0000000000
132901  -36.738  70.833  -23.447 0.0000000000
132902  -37.883  70.857  -23.694 0.0000000000
132903  -38.847  71.027  -23.808 0.0000000000
132904  -39.707  71.046  -23.794 0.0000000000
132905  -40.415  70.851  -23.666 0.0000000000
132906  -40.856  70.400  -23.360 0.0000000000
132911  -30.435  71.321  -24.149 0.0000000000
132912  -31.055  71.144  -24.464 0.0000000000
132913  -32.047  70.698  -24.414 0.0000000000
132914  -33.119  70.553  -24.460 0.0000000000
132915  -34.225  70.472  -24.562 0.0000000000
132916  -35.334  70.501  -24.655 0.0000000000
132917  -36.423  70.574  -24.641 0.0000000000
132918  -37.462  70.589  -24.572 0.0000000000
132919  -38.508  70.579  -24.645 0.0000000000
132920  -39.411  70.611  -24.419 0.0000000000
132921  -40.156  70.447  -24.253 0.0000000000
132922  -40.692  70.243  -24.036 0.0000000000
132925  -31.253  71.283  -25.052 0.0000000000
132926  -31.804  71.061  -25.129 0.0000000000
132927  -32.817  70.830  -25.236 0.0000000000
132928  -33.954  70.842  -25.515 0.0000000000
132929  -35.008  70.749  -25.697 0.0000000000
132930  -36.054  70.684  -25.868 0.0000000000
132931  -37.155  70.453  -25.638 0.0000000000
132932  -37.959  70.346  -25.285 0.0000000000
132935  -34.274  71.175  -26.037 0.0000000000
132936  -34.580  71.099  -26.090 0.0000000000
132937  -36.122  70.541  -26.870 0.0000000000
132938  -36.688  70.349  -26.382 0.0000000000
132941  -34.659  70.054  -28.221 0.0000000000
132942  -35.180  70.402  -27.869 0.0000000000
132943  -35.713  70.256  -27.457 0.0000000000
132953  -34.281  70.400  -28.420 0.0000000000
132954  -34.810  70.508  -28.179 0.0000000000
133326  -33.891  71.696  -19.775 0.0000000000
133327  -34.447  72.245  -19.708 0.0000000000
133328  -34.760  72.550  -19.555 0.0000000000
133330  -38.789  71.507  -19.767 0.0000000000
133331  -38.952  71.632  -20.154 0.0000000000
133337  -33.782  71.685  -20.579 0.0000000000
133338  -34.542  72.382  -20.650 0.0000000000
133339  -35.074  72.746  -21.078 0.0000000000
133340  -38.955  70.706  -20.468 0.0000000000
133341  -39.037  70.946  -20.505 0.0000000000
133342  -39.172  71.191  -20.753 0.0000000000
133354  -33.658  71.522  -21.289 0.0000000000
133355  -34.367  71.954  -21.438 0.0000000000
133356  -35.325  72.431  -21.606 0.0000000000
133357  -35.994  72.474  -21.883 0.0000000000
133358  -38.041  72.076  -21.830 0.0000000000
133359  -38.428  72.046  -21.891 0.0000000000
133360  -39.586  71.104  -21.516 0.0000000000
133372  -28.407  71.736  -22.586 0.0000000000
133373  -29.465  71.652  -23.059 0.0000000000
133374  -30.183  71.419  -23.230 0.0000000000
133375  -33.635  71.282  -21.735 0.0000000000
133376  -34.193  71.406  -21.957 0.0000000000
133377  -35.136  71.662  -22.191 0.0000000000
133378  -36.329  71.844  -22.337 0.0000000000
133379  -37.514  71.887  -22.210 0.0000000000
133380  -38.580  71.820  -22.311 0.0000000000
133381  -39.390  71.627  -22.475 0.0000000000
133382  -40.032  71.200  -22.293 0.0000000000
133383  -40.683  70.834  -22.765 0.0000000000
133389  -29.490  71.813  -23.841 0.0000000000
133390  -30.038  71.473  -23.755 0.0000000000
133391  -36.710  71.248  -22.834 0.0000000000
133392  -37.267  71.275  -22.875 0.0000000000
133393  -38.251  71.340  -22.980 0.0000000000
133394  -39.162  71.443  -23.128 0.0000000000
133395  -39.961  71.332  -23.108 0.0000000000
133396  -40.550  71.076  -23.063 0.0000000000
133399  -29.418  72.062  -24.268 0.0000000000
133400  -30.141  71.774  -24.715 0.0000000000
133401  -30.915  71.428  -24.970 0.0000000000
133404  -30.549  72.097  -25.322 0.0000000000
133405  -31.307  71.799  -25.506 0.0000000000
133406  -32.525  71.388  -25.728 0.0000000000
133407  -33.513  71.242  -25.868 0.0000000000
133408  -34.038  71.200  -25.983 0.0000000000
133409  -35.581  70.863  -26.336 0.0000000000
133410  -35.811  70.723  -26.508 0.0000000000
133413  -31.772  72.375  -26.060 0.0000000000
133414  -32.408  72.067  -26.154 0.0000000000
133415  -33.315  71.752  -26.261 0.0000000000
133416  -34.294  71.540  -26.542 0.0000000000
133417  -35.190  71.111  -26.599 0.0000000000
133418  -35.687  70.878  -26.744 0.0000000000
133420  -34.531  71.729  -27.594 0.0000000000
133421  -35.114  71.285  -27.378 0.0000000000
133422  -35.621  70.893  -27.229 0.0000000000
133433  -34.303  71.457  -28.401 0.0000000000
133434  -34.878  71.055  -28.097 0.0000000000
133797  -38.730  71.907  -19.297 0.0000000000
133802  -34.852  72.693  -19.983 0.0000000000
133803  -35.103  72.890  -19.728 0.0000000000
133804  -38.440  72.570  -19.066 0.0000000000
133805  -38.883  72.138  -19.778 0.0000000000
133806  -39.008  71.644  -20.380 0.0000000000
133812  -34.766  72.605  -20.251 0.0000000000
133813  -35.249  73.027  -20.631 0.0000000000
133814  -35.802  73.375  -20.985 0.0000000000
133815  -37.810  72.780  -20.889 0.0000000000
133816  -38.360  72.477  -20.790 0.0000000000
133817  -38.830  72.172  -20.617 0.0000000000
133818  -39.112  71.628  -20.749 0.0000000000
133823  -35.388  72.887  -21.258 0.0000000000
133824  -36.064  72.944  -21.462 0.0000000000
133825  -37.275  72.641  -21.421 0.0000000000
133826  -38.311  72.231  -21.490 0.0000000000
133827  -38.902  72.072  -21.368 0.0000000000
133828  -39.286  71.607  -21.421 0.0000000000
133842  -28.578  72.609  -23.063 0.0000000000
133843  -29.109  72.061  -23.421 0.0000000000
133844  -36.281  72.432  -21.899 0.0000000000
133845  -36.705  72.365  -21.870 0.0000000000
133846  -38.670  72.030  -21.927 0.0000000000
133847  -38.927  71.981  -21.939 0.0000000000
133848  -39.353  71.707  -21.906 0.0000000000
133854  -28.725  72.953  -23.813 0.0000000000
133855  -29.033  72.307  -23.832 0.0000000000
133858  -28.806  73.032  -24.219 0.0000000000
133859  -29.267  72.666  -24.557 0.0000000000
133860  -29.775  72.313  -24.936 0.0000000000
133863  -29.442  73.164  -24.998 0.0000000000
133864  -30.091  72.718  -25.348 0.0000000000
133865  -30.762  72.325  -25.538 0.0000000000
133868  -30.539  73.213  -25.763 0.0000000000
133869  -31.113  72.820  -25.926 0.0000000000
133870  -32.274  72.964  -26.537 0.0000000000
133871  -33.200  72.351  -26.652 0.0000000000
133872  -33.728  71.962  -26.650 0.0000000000
133874  -32.704  73.517  -26.890 0.0000000000
133875  -33.272  73.098  -27.289 0.0000000000
133876  -33.881  72.175  -27.124 0.0000000000
133888  -34.029  72.393  -27.944 0.0000000000
134221  -35.590  73.194  -19.591 0.0000000000
134222  -36.343  73.441  -19.564 0.0000000000
134223  -37.285  73.398  -19.472 0.0000000000
134224  -38.276  73.004  -19.445 0.0000000000
134225  -38.616  72.512  -20.013 0.0000000000
134231  -35.448  73.248  -20.117 0.0000000000
134232  -36.002  73.473  -20.456 0.0000000000
134233  -37.081  73.357  -20.496 0.0000000000
134234  -37.948  73.084  -20.247 0.0000000000
134235  -38.412  72.660  -20.220 0.0000000000
134241  -36.124  73.394  -21.050 0.0000000000
134242  -36.527  73.244  -21.021 0.0000000000
134267  -28.927  73.211  -24.359 0.0000000000
134272  -29.681  73.699  -25.230 0.0000000000
134273  -30.216  73.698  -25.672 0.0000000000
134277  -31.464  73.715  -26.374 0.0000000000
