#!ascii label  , from subject cvs_avg35_inMNI152 vox2ras=TkReg
448
26696  -7.754  -44.167  47.488 0.0000000000
26697  -8.420  -44.384  48.120 0.0000000000
26698  -9.520  -44.445  48.517 0.0000000000
26699  -10.668  -44.339  48.680 0.0000000000
26700  -11.566  -44.250  48.845 0.0000000000
26701  -12.113  -44.222  48.908 0.0000000000
26703  -8.530  -44.286  47.126 0.0000000000
26704  -9.352  -44.361  47.557 0.0000000000
26705  -10.472  -44.238  47.636 0.0000000000
26706  -11.461  -44.214  48.127 0.0000000000
26707  -12.085  -44.190  48.506 0.0000000000
26712  -8.644  -43.876  46.221 0.0000000000
26713  -9.381  -44.085  46.809 0.0000000000
26714  -9.891  -44.179  47.163 0.0000000000
27656  -8.781  -43.332  49.886 0.0000000000
27657  -9.332  -43.469  49.972 0.0000000000
27658  -10.458  -43.569  49.982 0.0000000000
27659  -11.516  -43.572  49.918 0.0000000000
27660  -12.548  -43.540  49.764 0.0000000000
27661  -13.567  -43.296  49.395 0.0000000000
27662  -14.526  -42.978  49.051 0.0000000000
27663  -15.325  -42.622  48.758 0.0000000000
27664  -15.997  -42.401  48.667 0.0000000000
27665  -7.619  -43.596  48.226 0.0000000000
27666  -8.521  -43.724  49.379 0.0000000000
27667  -9.894  -44.089  49.420 0.0000000000
27668  -11.008  -44.023  49.399 0.0000000000
27669  -11.940  -44.036  49.341 0.0000000000
27670  -12.842  -44.060  48.842 0.0000000000
27671  -14.031  -43.533  48.617 0.0000000000
27672  -14.949  -43.114  48.414 0.0000000000
27673  -15.755  -42.809  48.307 0.0000000000
27674  -16.504  -42.508  48.372 0.0000000000
27675  -16.953  -42.435  48.295 0.0000000000
27678  -10.891  -43.849  47.121 0.0000000000
27679  -11.443  -43.849  47.406 0.0000000000
27680  -12.392  -43.910  47.809 0.0000000000
27681  -13.546  -43.698  47.898 0.0000000000
27682  -14.570  -43.372  47.873 0.0000000000
27683  -15.450  -43.124  47.852 0.0000000000
27684  -16.299  -42.996  47.867 0.0000000000
27685  -16.861  -42.705  48.084 0.0000000000
27692  -9.099  -43.596  45.847 0.0000000000
27693  -9.533  -43.655  46.189 0.0000000000
27694  -10.331  -43.797  46.713 0.0000000000
27695  -11.241  -43.438  46.750 0.0000000000
27696  -12.121  -43.391  46.995 0.0000000000
27697  -13.119  -43.355  47.134 0.0000000000
27698  -14.161  -43.249  47.181 0.0000000000
27699  -15.164  -43.149  47.245 0.0000000000
27700  -15.886  -43.135  47.399 0.0000000000
27711  -8.714  -43.572  45.386 0.0000000000
27712  -9.500  -43.325  45.555 0.0000000000
27713  -10.236  -43.310  45.948 0.0000000000
27714  -10.835  -43.286  46.282 0.0000000000
27723  -8.751  -43.294  44.529 0.0000000000
27724  -9.241  -43.228  45.040 0.0000000000
28645  -9.140  -41.862  50.675 0.0000000000
28646  -9.753  -42.107  50.768 0.0000000000
28647  -10.782  -42.225  50.698 0.0000000000
28648  -11.683  -42.340  50.569 0.0000000000
28649  -12.371  -42.316  50.423 0.0000000000
28650  -18.109  -41.797  49.742 0.0000000000
28651  -18.301  -41.916  49.363 0.0000000000
28652  -7.978  -42.111  49.712 0.0000000000
28653  -8.627  -42.658  50.185 0.0000000000
28654  -9.974  -42.948  50.505 0.0000000000
28655  -11.077  -42.981  50.393 0.0000000000
28656  -12.089  -43.014  50.373 0.0000000000
28657  -13.109  -42.617  50.047 0.0000000000
28658  -14.062  -42.432  49.365 0.0000000000
28659  -14.992  -42.264  49.148 0.0000000000
28660  -15.826  -42.114  49.080 0.0000000000
28661  -16.632  -42.095  49.031 0.0000000000
28662  -17.559  -42.035  49.238 0.0000000000
28663  -18.128  -42.211  48.663 0.0000000000
28664  -7.742  -42.640  49.106 0.0000000000
28665  -8.176  -43.088  49.643 0.0000000000
28666  -17.017  -42.264  48.629 0.0000000000
28667  -17.371  -42.436  48.330 0.0000000000
28668  -17.861  -42.502  47.949 0.0000000000
28671  -16.357  -43.081  47.361 0.0000000000
28672  -17.064  -42.907  47.515 0.0000000000
28673  -17.926  -42.525  47.258 0.0000000000
28681  -11.228  -43.078  46.305 0.0000000000
28682  -11.746  -42.895  46.407 0.0000000000
28683  -12.688  -42.854  46.479 0.0000000000
28684  -13.688  -42.932  46.477 0.0000000000
28685  -14.746  -42.920  46.522 0.0000000000
28686  -16.038  -42.925  46.722 0.0000000000
28687  -17.204  -42.520  46.541 0.0000000000
28688  -17.968  -42.300  46.626 0.0000000000
28697  -9.582  -43.034  45.151 0.0000000000
28698  -10.059  -42.886  45.334 0.0000000000
28699  -11.050  -42.790  45.749 0.0000000000
28700  -12.140  -42.363  45.825 0.0000000000
28701  -13.124  -42.406  45.935 0.0000000000
28702  -14.083  -42.464  45.870 0.0000000000
28703  -15.162  -42.377  45.895 0.0000000000
28704  -16.354  -42.154  45.814 0.0000000000
28705  -17.145  -42.124  45.935 0.0000000000
28713  -9.097  -42.895  44.166 0.0000000000
28714  -9.554  -42.766  44.661 0.0000000000
28715  -10.518  -42.410  44.811 0.0000000000
28716  -11.539  -42.219  45.099 0.0000000000
28717  -12.155  -42.072  45.262 0.0000000000
28725  -9.391  -42.461  43.873 0.0000000000
28726  -9.995  -42.319  44.243 0.0000000000
28735  -9.042  -42.406  43.305 0.0000000000
29629  -8.731  -41.265  50.542 0.0000000000
29630  -9.614  -41.269  50.904 0.0000000000
29631  -10.550  -41.361  50.893 0.0000000000
29632  -11.657  -41.421  50.559 0.0000000000
29633  -12.128  -41.916  50.528 0.0000000000
29634  -16.907  -41.173  50.043 0.0000000000
29635  -17.728  -41.512  50.148 0.0000000000
29636  -18.820  -41.526  50.006 0.0000000000
29638  -7.675  -41.343  49.319 0.0000000000
29639  -8.102  -41.657  50.051 0.0000000000
29640  -12.229  -40.952  50.098 0.0000000000
29641  -12.673  -41.531  50.017 0.0000000000
29642  -13.728  -41.698  49.498 0.0000000000
29643  -14.685  -41.670  49.247 0.0000000000
29644  -15.608  -41.548  49.277 0.0000000000
29645  -16.408  -41.555  49.451 0.0000000000
29646  -17.057  -41.692  49.620 0.0000000000
29647  -18.871  -41.872  48.976 0.0000000000
29648  -19.710  -41.302  49.384 0.0000000000
29651  -18.649  -42.213  47.922 0.0000000000
29652  -19.474  -41.667  48.317 0.0000000000
29653  -20.090  -41.153  48.561 0.0000000000
29655  -18.496  -42.184  47.030 0.0000000000
29656  -19.290  -41.661  47.149 0.0000000000
29657  -19.896  -41.302  47.830 0.0000000000
29664  -17.623  -42.102  46.124 0.0000000000
29665  -18.358  -41.814  46.255 0.0000000000
29666  -19.090  -41.235  46.140 0.0000000000
29676  -12.613  -42.034  45.454 0.0000000000
29677  -13.299  -41.892  45.387 0.0000000000
29678  -14.283  -41.797  45.301 0.0000000000
29679  -15.308  -41.661  45.291 0.0000000000
29680  -16.144  -41.526  45.196 0.0000000000
29681  -17.268  -41.498  45.346 0.0000000000
29682  -18.419  -41.193  45.600 0.0000000000
29683  -18.931  -40.897  45.691 0.0000000000
29693  -10.427  -42.165  44.237 0.0000000000
29694  -11.037  -41.996  44.325 0.0000000000
29695  -12.236  -41.791  44.683 0.0000000000
29696  -13.346  -41.464  44.592 0.0000000000
29697  -14.406  -41.183  44.426 0.0000000000
29698  -15.443  -41.153  44.729 0.0000000000
29699  -16.259  -41.063  44.767 0.0000000000
29700  -16.785  -40.909  44.739 0.0000000000
29706  -9.460  -42.197  43.374 0.0000000000
29707  -10.144  -41.973  43.622 0.0000000000
29708  -11.326  -41.527  43.556 0.0000000000
29709  -12.454  -41.304  43.809 0.0000000000
29710  -13.351  -41.010  43.843 0.0000000000
29711  -13.939  -40.849  43.768 0.0000000000
29719  -9.290  -42.010  42.727 0.0000000000
29720  -10.315  -41.385  42.633 0.0000000000
29721  -11.201  -41.162  42.767 0.0000000000
29730  -9.417  -41.452  41.800 0.0000000000
29731  -10.184  -41.034  41.641 0.0000000000
29740  -9.502  -41.106  40.782 0.0000000000
29741  -10.236  -40.729  40.938 0.0000000000
30657  -8.584  -40.146  50.542 0.0000000000
30658  -9.365  -40.391  50.928 0.0000000000
30659  -10.270  -40.481  51.033 0.0000000000
30660  -11.149  -40.526  50.707 0.0000000000
30661  -16.837  -40.693  50.138 0.0000000000
30662  -17.367  -40.541  50.546 0.0000000000
30666  -7.621  -40.136  49.330 0.0000000000
30667  -7.977  -40.692  50.084 0.0000000000
30668  -11.843  -40.500  50.094 0.0000000000
30669  -12.621  -40.391  49.423 0.0000000000
30670  -13.535  -40.805  49.241 0.0000000000
30671  -14.462  -40.964  49.150 0.0000000000
30672  -15.341  -40.965  49.221 0.0000000000
30673  -16.305  -40.618  49.602 0.0000000000
30674  -16.847  -40.371  50.094 0.0000000000
30679  -12.820  -39.928  48.771 0.0000000000
30680  -13.361  -40.060  48.533 0.0000000000
30681  -14.292  -40.253  48.447 0.0000000000
30682  -15.189  -40.439  48.776 0.0000000000
30683  -15.741  -40.437  49.120 0.0000000000
30689  -13.522  -39.824  48.157 0.0000000000
30690  -13.791  -39.889  48.108 0.0000000000
30691  -19.995  -41.108  47.274 0.0000000000
30698  -19.743  -40.948  46.604 0.0000000000
30707  -17.988  -40.813  45.048 0.0000000000
30708  -18.689  -40.579  45.288 0.0000000000
30709  -19.454  -40.430  45.778 0.0000000000
30721  -14.979  -40.893  44.262 0.0000000000
30722  -15.532  -40.758  44.199 0.0000000000
30723  -16.337  -40.602  44.224 0.0000000000
30724  -17.246  -40.536  44.491 0.0000000000
30725  -18.251  -40.140  44.526 0.0000000000
30726  -19.138  -39.992  44.948 0.0000000000
30734  -11.847  -41.132  43.117 0.0000000000
30735  -12.554  -40.851  43.132 0.0000000000
30736  -13.451  -40.647  43.185 0.0000000000
30737  -14.560  -40.622  43.559 0.0000000000
30738  -15.612  -40.385  43.484 0.0000000000
30739  -16.580  -40.118  43.499 0.0000000000
30740  -17.549  -39.905  43.771 0.0000000000
30741  -18.268  -39.685  43.809 0.0000000000
30748  -10.848  -41.002  42.181 0.0000000000
30749  -11.652  -40.750  42.387 0.0000000000
30750  -12.624  -40.436  42.356 0.0000000000
30751  -13.714  -40.229  42.382 0.0000000000
30752  -14.852  -40.144  42.675 0.0000000000
30753  -15.777  -40.000  42.755 0.0000000000
30754  -16.420  -39.760  42.758 0.0000000000
30761  -10.859  -40.603  41.547 0.0000000000
30762  -11.702  -40.247  41.527 0.0000000000
30763  -12.698  -39.979  41.487 0.0000000000
30764  -13.524  -39.853  41.590 0.0000000000
30770  -9.934  -40.680  40.292 0.0000000000
30771  -10.719  -40.176  40.487 0.0000000000
30772  -11.757  -39.758  40.797 0.0000000000
30773  -12.401  -39.496  40.868 0.0000000000
30783  -9.940  -40.475  39.507 0.0000000000
30784  -10.535  -39.878  39.156 0.0000000000
30792  -9.924  -40.429  38.515 0.0000000000
30793  -10.383  -39.975  38.032 0.0000000000
31818  -8.562  -39.461  50.515 0.0000000000
31819  -9.102  -39.502  50.893 0.0000000000
31820  -10.002  -39.578  51.080 0.0000000000
31821  -10.811  -39.715  50.771 0.0000000000
31827  -7.638  -39.406  49.293 0.0000000000
31828  -7.966  -39.445  49.994 0.0000000000
31829  -11.424  -39.748  50.119 0.0000000000
31830  -12.002  -39.903  49.561 0.0000000000
31831  -16.457  -39.986  49.429 0.0000000000
31832  -17.002  -39.651  49.799 0.0000000000
31837  -11.721  -39.353  49.322 0.0000000000
31838  -12.351  -39.538  48.762 0.0000000000
31839  -12.916  -39.721  48.368 0.0000000000
31840  -14.572  -39.933  48.118 0.0000000000
31841  -15.018  -39.945  48.201 0.0000000000
31842  -16.062  -39.683  48.797 0.0000000000
31843  -16.856  -38.903  48.990 0.0000000000
31851  -12.716  -39.380  48.083 0.0000000000
31852  -13.384  -39.563  47.832 0.0000000000
31853  -14.401  -39.616  47.717 0.0000000000
31854  -15.362  -39.287  47.830 0.0000000000
31855  -15.920  -38.866  48.025 0.0000000000
31865  -13.813  -39.275  47.202 0.0000000000
31866  -14.314  -39.082  46.976 0.0000000000
31890  -18.971  -39.650  44.105 0.0000000000
31904  -17.094  -39.622  42.987 0.0000000000
31905  -17.888  -39.384  43.220 0.0000000000
31906  -18.667  -39.260  43.432 0.0000000000
31917  -14.274  -39.836  41.850 0.0000000000
31918  -15.142  -39.697  42.061 0.0000000000
31919  -15.944  -39.526  42.240 0.0000000000
31920  -16.635  -39.310  42.408 0.0000000000
31921  -17.405  -38.931  42.402 0.0000000000
31922  -18.376  -38.870  42.827 0.0000000000
31934  -13.079  -39.498  41.098 0.0000000000
31935  -13.812  -39.517  41.241 0.0000000000
31936  -14.505  -39.237  41.320 0.0000000000
31937  -15.393  -39.116  41.678 0.0000000000
31938  -16.213  -38.982  41.889 0.0000000000
31939  -16.766  -38.917  42.081 0.0000000000
31950  -11.242  -39.539  39.936 0.0000000000
31951  -11.925  -39.250  40.333 0.0000000000
31952  -12.613  -38.997  40.488 0.0000000000
31953  -13.446  -39.117  40.797 0.0000000000
31954  -13.976  -39.208  40.964 0.0000000000
31964  -11.060  -39.307  39.181 0.0000000000
31965  -11.703  -38.966  39.581 0.0000000000
31966  -12.135  -38.949  40.054 0.0000000000
31973  -10.820  -39.419  38.428 0.0000000000
31974  -11.336  -38.939  38.721 0.0000000000
31984  -10.713  -39.446  37.544 0.0000000000
31985  -11.096  -39.009  37.979 0.0000000000
31994  -11.193  -38.938  37.177 0.0000000000
32973  -8.648  -38.680  50.548 0.0000000000
32974  -9.627  -38.677  50.985 0.0000000000
32975  -10.625  -38.736  50.565 0.0000000000
32976  -11.051  -39.293  50.359 0.0000000000
32982  -7.598  -38.569  49.179 0.0000000000
32983  -7.957  -38.361  49.951 0.0000000000
32984  -10.865  -38.240  49.444 0.0000000000
32985  -11.229  -38.987  49.735 0.0000000000
32992  -10.985  -37.927  48.718 0.0000000000
32993  -11.620  -38.557  48.421 0.0000000000
32994  -12.329  -39.093  48.160 0.0000000000
32995  -16.475  -38.555  48.267 0.0000000000
33005  -11.871  -38.012  47.127 0.0000000000
33006  -12.645  -38.881  47.435 0.0000000000
33007  -13.349  -39.135  47.218 0.0000000000
33008  -14.975  -39.004  47.134 0.0000000000
33009  -15.610  -38.468  47.336 0.0000000000
33010  -16.085  -38.472  47.800 0.0000000000
33019  -12.282  -37.625  46.682 0.0000000000
33020  -12.734  -38.028  46.658 0.0000000000
33021  -13.655  -38.591  46.705 0.0000000000
33022  -14.625  -38.508  46.724 0.0000000000
33023  -15.129  -38.506  46.919 0.0000000000
33076  -17.586  -38.599  41.804 0.0000000000
33077  -18.213  -38.567  42.045 0.0000000000
33087  -14.502  -38.933  40.985 0.0000000000
33088  -14.889  -38.814  41.042 0.0000000000
33089  -15.778  -38.686  41.136 0.0000000000
33090  -16.887  -38.612  41.422 0.0000000000
33091  -17.859  -38.360  41.269 0.0000000000
33102  -12.705  -38.797  40.163 0.0000000000
33103  -13.104  -38.774  40.236 0.0000000000
33104  -14.127  -38.800  40.537 0.0000000000
33105  -15.122  -38.522  40.290 0.0000000000
33106  -16.199  -38.331  40.274 0.0000000000
33107  -17.300  -38.137  40.382 0.0000000000
33121  -12.005  -38.767  39.454 0.0000000000
33122  -12.440  -38.731  39.717 0.0000000000
33123  -13.348  -38.548  39.549 0.0000000000
33124  -14.344  -38.433  39.413 0.0000000000
33125  -15.420  -38.165  39.243 0.0000000000
33126  -16.681  -37.796  39.120 0.0000000000
33127  -17.855  -37.778  39.591 0.0000000000
33141  -11.941  -38.689  39.057 0.0000000000
33142  -12.603  -38.502  38.778 0.0000000000
33143  -13.525  -38.382  38.544 0.0000000000
33144  -14.537  -38.161  38.305 0.0000000000
33145  -15.658  -37.702  38.016 0.0000000000
33146  -16.456  -37.621  38.253 0.0000000000
33157  -11.789  -38.646  38.053 0.0000000000
33158  -12.707  -38.421  37.748 0.0000000000
33159  -13.651  -38.250  37.477 0.0000000000
33160  -14.634  -37.853  37.146 0.0000000000
33161  -15.358  -37.629  37.171 0.0000000000
33170  -11.962  -38.591  36.955 0.0000000000
33171  -12.842  -38.424  36.720 0.0000000000
33172  -13.726  -38.198  36.416 0.0000000000
33173  -14.508  -37.837  36.063 0.0000000000
33183  -12.185  -38.608  36.127 0.0000000000
33184  -12.919  -38.528  35.651 0.0000000000
34086  -9.461  -36.885  51.503 0.0000000000
34087  -9.999  -37.155  51.429 0.0000000000
34088  -10.499  -37.159  51.039 0.0000000000
34093  -9.126  -37.528  51.069 0.0000000000
34094  -10.169  -37.870  51.039 0.0000000000
34095  -10.637  -37.531  50.245 0.0000000000
34102  -7.623  -37.390  49.598 0.0000000000
34103  -8.135  -37.680  50.446 0.0000000000
34104  -10.775  -37.384  49.114 0.0000000000
34115  -11.252  -37.324  48.159 0.0000000000
34116  -11.569  -37.766  47.758 0.0000000000
34128  -11.371  -36.877  47.634 0.0000000000
34129  -11.511  -37.180  47.359 0.0000000000
34130  -15.745  -37.580  46.868 0.0000000000
34131  -16.241  -38.050  47.535 0.0000000000
34141  -11.951  -37.165  46.721 0.0000000000
34142  -12.695  -37.211  46.415 0.0000000000
34143  -13.507  -37.475  46.259 0.0000000000
34144  -14.404  -37.737  46.323 0.0000000000
34145  -15.156  -37.981  46.681 0.0000000000
34189  -17.609  -37.628  38.801 0.0000000000
34199  -16.421  -37.567  37.710 0.0000000000
34200  -17.120  -37.568  38.105 0.0000000000
34211  -15.213  -37.611  36.530 0.0000000000
34212  -16.002  -37.552  36.968 0.0000000000
34996  -8.960  -35.957  52.422 0.0000000000
34997  -9.563  -36.127  52.331 0.0000000000
34998  -10.223  -36.248  52.191 0.0000000000
34999  -8.014  -35.965  51.688 0.0000000000
35000  -8.732  -36.341  51.762 0.0000000000
35001  -9.816  -36.590  51.857 0.0000000000
35002  -10.640  -36.543  51.626 0.0000000000
35003  -11.140  -36.186  51.209 0.0000000000
35008  -7.780  -36.075  51.182 0.0000000000
35009  -8.057  -36.892  50.902 0.0000000000
35010  -10.880  -36.536  50.705 0.0000000000
35011  -11.149  -36.127  50.875 0.0000000000
35019  -7.380  -36.240  50.096 0.0000000000
35020  -7.834  -37.034  50.231 0.0000000000
35021  -10.777  -36.608  49.652 0.0000000000
35034  -10.889  -36.556  48.611 0.0000000000
35046  -11.191  -36.416  47.661 0.0000000000
35047  -11.317  -36.717  47.358 0.0000000000
35058  -10.849  -35.999  47.091 0.0000000000
35059  -11.389  -36.394  46.839 0.0000000000
35060  -12.386  -36.405  46.361 0.0000000000
35061  -13.355  -36.535  45.967 0.0000000000
35062  -14.165  -36.673  45.828 0.0000000000
35063  -15.141  -37.135  46.152 0.0000000000
35071  -13.668  -36.321  45.782 0.0000000000
35072  -13.837  -36.501  45.801 0.0000000000
35871  -8.612  -35.009  52.824 0.0000000000
35872  -8.903  -35.154  53.070 0.0000000000
35873  -9.682  -35.392  53.328 0.0000000000
35874  -10.470  -35.427  53.313 0.0000000000
35875  -7.757  -35.124  52.030 0.0000000000
35876  -8.344  -35.303  52.410 0.0000000000
35877  -9.252  -35.744  52.825 0.0000000000
35878  -10.154  -35.888  52.774 0.0000000000
35879  -10.970  -35.587  52.743 0.0000000000
35880  -7.711  -35.370  51.613 0.0000000000
35881  -8.129  -35.812  51.945 0.0000000000
35882  -10.701  -36.084  52.281 0.0000000000
35883  -11.296  -35.785  51.835 0.0000000000
35887  -7.307  -35.367  50.683 0.0000000000
35888  -11.072  -36.042  50.657 0.0000000000
35889  -11.319  -35.626  50.830 0.0000000000
35899  -6.826  -35.285  50.031 0.0000000000
35900  -10.938  -35.850  50.110 0.0000000000
35901  -11.289  -35.270  50.085 0.0000000000
35912  -10.854  -35.757  49.088 0.0000000000
35913  -11.186  -35.315  48.535 0.0000000000
35923  -11.092  -35.838  48.186 0.0000000000
35924  -11.347  -35.181  47.834 0.0000000000
35936  -11.097  -35.766  47.515 0.0000000000
35937  -11.299  -35.401  47.011 0.0000000000
35938  -12.069  -35.518  46.531 0.0000000000
35939  -13.062  -35.614  46.057 0.0000000000
35940  -13.934  -35.649  45.607 0.0000000000
35941  -14.754  -36.112  45.636 0.0000000000
35951  -13.562  -36.048  45.724 0.0000000000
35952  -13.871  -36.228  45.683 0.0000000000
36760  -9.752  -34.261  54.158 0.0000000000
36761  -10.572  -34.379  54.437 0.0000000000
36764  -8.574  -34.512  52.905 0.0000000000
36765  -9.198  -34.580  53.627 0.0000000000
36766  -10.145  -35.030  53.969 0.0000000000
36769  -7.590  -34.531  51.843 0.0000000000
36770  -7.975  -34.301  52.451 0.0000000000
36771  -11.646  -35.008  52.440 0.0000000000
36773  -7.355  -34.542  50.895 0.0000000000
36778  -6.943  -34.683  50.271 0.0000000000
36779  -11.591  -34.777  50.410 0.0000000000
36788  -11.141  -35.351  49.563 0.0000000000
36789  -11.461  -34.762  49.521 0.0000000000
36795  -11.177  -35.144  49.048 0.0000000000
36796  -11.453  -34.687  48.569 0.0000000000
37651  -8.860  -32.907  54.065 0.0000000000
37652  -9.754  -33.428  54.568 0.0000000000
37657  -8.637  -33.493  53.310 0.0000000000
37658  -9.140  -33.782  54.051 0.0000000000
37661  -7.678  -33.412  51.989 0.0000000000
37662  -8.203  -33.680  52.612 0.0000000000
38599  -8.749  -32.297  53.992 0.0000000000
38600  -9.193  -32.102  54.462 0.0000000000
38606  -8.651  -32.249  53.319 0.0000000000
38607  -8.724  -31.957  53.897 0.0000000000
38611  -8.168  -32.704  52.339 0.0000000000
39599  -8.735  -31.610  52.929 0.0000000000
