#!ascii label  , from subject cvs_avg35_inMNI152 vox2ras=TkReg
232
90904  -45.742  12.634  -36.455 0.0000000000
90914  -45.707  12.538  -37.169 0.0000000000
90920  -45.818  12.480  -38.091 0.0000000000
90921  -46.096  12.306  -38.915 0.0000000000
90938  -46.792  12.780  -40.317 0.0000000000
91813  -46.537  13.274  -34.710 0.0000000000
91827  -45.918  13.001  -36.178 0.0000000000
91828  -46.217  13.440  -35.778 0.0000000000
91840  -46.013  13.448  -36.698 0.0000000000
91841  -46.257  13.873  -36.306 0.0000000000
91854  -45.887  13.477  -37.738 0.0000000000
91865  -45.914  13.392  -38.800 0.0000000000
91866  -46.167  12.956  -39.405 0.0000000000
91873  -46.048  13.567  -39.532 0.0000000000
91874  -46.353  13.253  -40.025 0.0000000000
91881  -46.756  13.320  -40.816 0.0000000000
91882  -47.277  13.066  -41.227 0.0000000000
91890  -46.991  13.555  -41.484 0.0000000000
91891  -47.604  13.305  -41.863 0.0000000000
92784  -48.196  14.286  -32.919 0.0000000000
92805  -47.334  14.030  -33.742 0.0000000000
92806  -47.827  14.379  -33.368 0.0000000000
92807  -48.281  14.708  -33.094 0.0000000000
92829  -47.027  14.297  -34.374 0.0000000000
92830  -47.493  14.609  -33.932 0.0000000000
92846  -46.627  14.295  -35.241 0.0000000000
92856  -46.314  14.171  -36.635 0.0000000000
92857  -46.429  14.440  -36.093 0.0000000000
92867  -46.216  14.419  -37.312 0.0000000000
92868  -46.436  14.722  -36.709 0.0000000000
92879  -45.943  14.539  -38.376 0.0000000000
92888  -45.875  14.360  -39.568 0.0000000000
92889  -46.060  13.813  -39.901 0.0000000000
92894  -45.793  14.749  -40.437 0.0000000000
92895  -46.131  14.047  -40.472 0.0000000000
92900  -45.905  14.608  -41.023 0.0000000000
92901  -46.435  14.233  -41.479 0.0000000000
92902  -46.977  13.889  -41.986 0.0000000000
92910  -46.711  14.411  -42.234 0.0000000000
92911  -47.429  14.195  -42.624 0.0000000000
92922  -47.946  14.656  -43.297 0.0000000000
93798  -48.562  15.130  -33.012 0.0000000000
93817  -47.764  14.923  -33.826 0.0000000000
93818  -48.194  15.297  -33.645 0.0000000000
93838  -46.908  15.016  -34.895 0.0000000000
93839  -47.580  15.355  -34.398 0.0000000000
93840  -48.140  15.806  -34.174 0.0000000000
93856  -46.734  15.228  -35.646 0.0000000000
93857  -47.145  15.609  -35.152 0.0000000000
93866  -46.586  15.253  -36.376 0.0000000000
93872  -46.189  15.295  -37.820 0.0000000000
93873  -46.452  15.332  -37.093 0.0000000000
93884  -46.055  15.415  -38.389 0.0000000000
93897  -45.854  15.341  -39.047 0.0000000000
93903  -45.691  15.379  -39.985 0.0000000000
93909  -45.611  15.350  -41.098 0.0000000000
93910  -45.938  14.803  -41.508 0.0000000000
93916  -45.612  15.775  -41.763 0.0000000000
93917  -46.093  15.159  -42.277 0.0000000000
93918  -46.773  14.706  -42.636 0.0000000000
93927  -46.306  15.608  -42.974 0.0000000000
93928  -46.971  15.168  -43.242 0.0000000000
94871  -48.697  15.742  -33.272 0.0000000000
94872  -49.085  16.495  -33.200 0.0000000000
94881  -48.562  16.339  -33.966 0.0000000000
94882  -48.876  16.827  -33.793 0.0000000000
94889  -47.610  16.166  -35.138 0.0000000000
94890  -48.093  16.266  -34.622 0.0000000000
94899  -46.767  15.673  -36.108 0.0000000000
94900  -47.119  16.073  -35.832 0.0000000000
94907  -46.734  16.049  -36.639 0.0000000000
94908  -47.322  16.631  -36.500 0.0000000000
94914  -46.172  15.771  -38.108 0.0000000000
94915  -46.448  16.224  -37.680 0.0000000000
94921  -46.092  16.093  -38.568 0.0000000000
94922  -46.393  16.816  -38.393 0.0000000000
94935  -45.807  16.188  -39.424 0.0000000000
94947  -45.572  16.251  -40.328 0.0000000000
94954  -45.461  16.328  -41.245 0.0000000000
94960  -45.578  16.340  -42.298 0.0000000000
94961  -46.018  15.842  -42.786 0.0000000000
94968  -45.504  16.850  -42.884 0.0000000000
94969  -46.175  16.316  -43.468 0.0000000000
94970  -47.365  15.905  -43.996 0.0000000000
94981  -46.280  16.783  -44.160 0.0000000000
94982  -46.904  16.611  -44.530 0.0000000000
94992  -47.068  16.958  -45.025 0.0000000000
95934  -48.752  16.988  -34.129 0.0000000000
95935  -49.089  17.446  -33.931 0.0000000000
95939  -48.027  16.645  -35.122 0.0000000000
95940  -48.518  17.274  -34.895 0.0000000000
95941  -48.958  17.790  -34.590 0.0000000000
95947  -47.828  16.850  -35.823 0.0000000000
95948  -48.311  17.700  -36.212 0.0000000000
95954  -47.068  16.754  -37.150 0.0000000000
95955  -47.841  17.395  -37.064 0.0000000000
95956  -48.292  17.831  -36.859 0.0000000000
95961  -47.070  17.345  -37.927 0.0000000000
95962  -47.635  17.737  -37.714 0.0000000000
95968  -46.042  16.794  -38.962 0.0000000000
95969  -46.443  17.505  -38.895 0.0000000000
95977  -45.872  17.186  -39.685 0.0000000000
95978  -46.186  17.703  -39.420 0.0000000000
95991  -45.529  17.022  -40.569 0.0000000000
96002  -45.321  17.254  -41.338 0.0000000000
96009  -45.225  17.472  -42.305 0.0000000000
96016  -45.360  17.445  -43.313 0.0000000000
96017  -45.856  17.047  -43.978 0.0000000000
96025  -45.497  17.698  -44.164 0.0000000000
96026  -46.172  17.228  -44.563 0.0000000000
96027  -46.700  17.138  -44.967 0.0000000000
96037  -45.746  17.867  -44.769 0.0000000000
96038  -46.300  17.650  -45.156 0.0000000000
96953  -49.506  18.394  -33.597 0.0000000000
96960  -48.921  18.073  -34.974 0.0000000000
96961  -49.204  18.362  -34.541 0.0000000000
96967  -48.840  18.409  -35.718 0.0000000000
96968  -49.092  18.472  -35.131 0.0000000000
96976  -48.247  17.951  -37.193 0.0000000000
96977  -48.482  18.421  -36.867 0.0000000000
96985  -47.516  17.913  -38.012 0.0000000000
96986  -47.992  18.329  -37.778 0.0000000000
96987  -48.350  18.803  -37.403 0.0000000000
96994  -47.287  18.251  -38.573 0.0000000000
96995  -47.742  18.668  -38.394 0.0000000000
97003  -46.050  17.807  -39.702 0.0000000000
97004  -46.495  18.212  -39.456 0.0000000000
97015  -45.762  18.031  -40.300 0.0000000000
97016  -46.426  18.913  -39.962 0.0000000000
97029  -45.285  18.378  -41.398 0.0000000000
97040  -44.731  19.079  -42.867 0.0000000000
97041  -44.899  18.717  -42.555 0.0000000000
97049  -44.709  19.043  -43.227 0.0000000000
97050  -44.953  18.344  -43.637 0.0000000000
97059  -44.721  18.993  -43.939 0.0000000000
97060  -45.155  18.493  -44.538 0.0000000000
97070  -45.689  18.388  -45.319 0.0000000000
98046  -49.755  19.296  -33.402 0.0000000000
98053  -49.489  19.253  -34.316 0.0000000000
98059  -49.081  19.231  -35.893 0.0000000000
98060  -49.267  19.064  -35.232 0.0000000000
98065  -48.802  19.092  -36.397 0.0000000000
98070  -48.274  19.101  -37.741 0.0000000000
98071  -48.561  19.384  -37.144 0.0000000000
98077  -47.618  18.836  -38.712 0.0000000000
98078  -47.983  19.278  -38.435 0.0000000000
98084  -47.289  19.212  -39.298 0.0000000000
98085  -47.825  20.044  -38.988 0.0000000000
98091  -45.943  19.195  -40.682 0.0000000000
98092  -46.734  19.827  -40.157 0.0000000000
98103  -45.399  19.551  -41.503 0.0000000000
98117  -44.746  19.515  -42.837 0.0000000000
98118  -45.014  19.930  -42.187 0.0000000000
98127  -44.607  19.740  -43.548 0.0000000000
98136  -44.718  19.547  -44.695 0.0000000000
98137  -45.124  18.883  -45.108 0.0000000000
98147  -44.807  19.920  -45.455 0.0000000000
98148  -45.274  19.324  -45.735 0.0000000000
99165  -49.846  20.149  -33.970 0.0000000000
99166  -50.174  20.937  -33.881 0.0000000000
99169  -49.261  19.615  -35.677 0.0000000000
99170  -49.542  20.163  -35.186 0.0000000000
99173  -49.096  19.995  -36.320 0.0000000000
99174  -49.451  20.881  -35.959 0.0000000000
99176  -48.391  19.734  -37.848 0.0000000000
99177  -48.723  20.506  -37.413 0.0000000000
99180  -48.303  20.436  -38.378 0.0000000000
99181  -48.605  21.213  -38.001 0.0000000000
99184  -47.490  20.515  -39.677 0.0000000000
99185  -48.020  20.805  -39.074 0.0000000000
99188  -46.196  20.392  -40.887 0.0000000000
99189  -46.936  20.755  -40.344 0.0000000000
99193  -45.180  21.060  -41.993 0.0000000000
99194  -45.523  20.630  -41.627 0.0000000000
99203  -44.773  20.652  -42.702 0.0000000000
99204  -45.089  20.561  -42.092 0.0000000000
99212  -44.418  20.816  -43.956 0.0000000000
99218  -44.538  20.570  -45.145 0.0000000000
100236  -49.969  20.890  -34.558 0.0000000000
100239  -49.837  21.450  -35.308 0.0000000000
100243  -49.172  21.109  -36.686 0.0000000000
100244  -49.539  21.696  -36.172 0.0000000000
100246  -48.942  21.687  -37.390 0.0000000000
100247  -49.321  21.887  -36.768 0.0000000000
100250  -48.289  21.567  -38.635 0.0000000000
100251  -48.606  21.928  -38.018 0.0000000000
100254  -47.331  21.555  -40.075 0.0000000000
100255  -47.809  21.562  -39.382 0.0000000000
100258  -46.116  21.231  -41.228 0.0000000000
100259  -46.660  21.559  -40.696 0.0000000000
100262  -45.073  21.768  -42.218 0.0000000000
100263  -45.710  21.688  -41.644 0.0000000000
100264  -46.276  21.929  -41.178 0.0000000000
100269  -44.576  21.918  -43.058 0.0000000000
100276  -44.344  21.919  -43.949 0.0000000000
100281  -44.342  21.575  -44.765 0.0000000000
100286  -44.432  21.371  -45.772 0.0000000000
101292  -49.502  22.398  -36.407 0.0000000000
101295  -48.781  22.633  -37.652 0.0000000000
101296  -49.201  22.598  -36.973 0.0000000000
101298  -47.953  22.502  -38.973 0.0000000000
101299  -48.399  22.591  -38.325 0.0000000000
101302  -47.046  22.512  -40.280 0.0000000000
101303  -47.507  22.479  -39.639 0.0000000000
101306  -46.570  22.576  -40.843 0.0000000000
101309  -44.950  22.699  -42.393 0.0000000000
101310  -45.507  22.616  -41.852 0.0000000000
101311  -46.093  22.618  -41.370 0.0000000000
101314  -44.624  22.896  -42.928 0.0000000000
101319  -44.423  22.752  -43.611 0.0000000000
101323  -43.915  22.904  -45.014 0.0000000000
101324  -44.208  22.598  -44.480 0.0000000000
101328  -43.737  22.942  -45.724 0.0000000000
101329  -44.158  22.267  -45.340 0.0000000000
102221  -48.567  23.382  -37.946 0.0000000000
102224  -47.656  23.284  -39.248 0.0000000000
102225  -48.096  23.599  -38.593 0.0000000000
102228  -46.819  23.411  -40.488 0.0000000000
102229  -47.259  23.522  -39.886 0.0000000000
102232  -46.396  23.449  -41.047 0.0000000000
102235  -44.833  23.545  -42.545 0.0000000000
102236  -45.308  23.479  -42.049 0.0000000000
102237  -45.839  23.468  -41.544 0.0000000000
102240  -44.466  23.598  -43.194 0.0000000000
102244  -43.726  24.091  -44.432 0.0000000000
102245  -44.087  23.603  -44.098 0.0000000000
102249  -43.586  23.631  -44.973 0.0000000000
102250  -43.989  23.187  -44.644 0.0000000000
103075  -47.623  24.376  -39.242 0.0000000000
103079  -47.009  23.996  -40.289 0.0000000000
103101  -43.444  24.505  -44.712 0.0000000000
103105  -43.151  24.314  -45.352 0.0000000000
