#!ascii label  , from subject cvs_avg35_inMNI152 vox2ras=TkReg
203
100228  -47.004  21.989  -32.120 0.0000000000
100237  -50.257  21.787  -34.300 0.0000000000
100240  -50.097  22.293  -35.036 0.0000000000
101260  -47.636  22.521  -31.544 0.0000000000
101261  -48.077  23.074  -31.098 0.0000000000
101276  -47.199  22.715  -32.518 0.0000000000
101278  -51.348  23.018  -32.533 0.0000000000
101279  -46.702  22.698  -33.414 0.0000000000
101280  -47.104  23.132  -33.003 0.0000000000
101281  -50.766  22.738  -33.481 0.0000000000
101282  -51.141  23.386  -33.079 0.0000000000
101285  -50.326  22.854  -34.508 0.0000000000
101288  -49.796  22.492  -35.718 0.0000000000
101289  -50.073  22.936  -35.158 0.0000000000
102147  -48.371  23.600  -30.726 0.0000000000
102168  -47.728  23.174  -32.150 0.0000000000
102169  -48.164  23.580  -31.589 0.0000000000
102170  -52.115  23.691  -31.097 0.0000000000
102194  -47.509  23.415  -32.732 0.0000000000
102195  -47.996  23.755  -32.332 0.0000000000
102196  -51.682  23.874  -31.883 0.0000000000
102206  -46.639  23.276  -33.837 0.0000000000
102207  -47.066  23.682  -33.417 0.0000000000
102208  -50.915  23.715  -33.378 0.0000000000
102209  -51.333  24.098  -32.764 0.0000000000
102210  -46.523  23.777  -34.213 0.0000000000
102211  -46.872  24.376  -33.838 0.0000000000
102212  -50.492  23.701  -34.030 0.0000000000
102214  -46.143  23.980  -34.980 0.0000000000
102215  -49.901  23.371  -35.500 0.0000000000
102216  -50.165  23.712  -34.884 0.0000000000
102218  -49.581  23.354  -36.274 0.0000000000
102222  -49.043  23.682  -37.227 0.0000000000
103011  -48.752  24.394  -30.100 0.0000000000
103012  -49.161  25.243  -29.754 0.0000000000
103013  -52.620  24.402  -30.886 0.0000000000
103021  -48.504  24.543  -31.042 0.0000000000
103022  -52.132  24.645  -31.363 0.0000000000
103039  -47.722  24.199  -32.833 0.0000000000
103040  -48.243  24.658  -32.058 0.0000000000
103041  -51.677  24.889  -32.061 0.0000000000
103052  -47.325  24.654  -33.374 0.0000000000
103053  -50.823  24.664  -33.469 0.0000000000
103054  -51.351  25.156  -32.708 0.0000000000
103059  -46.547  24.752  -34.404 0.0000000000
103060  -46.963  25.020  -33.797 0.0000000000
103061  -50.039  24.889  -34.842 0.0000000000
103062  -50.217  24.544  -34.503 0.0000000000
103063  -45.848  24.250  -35.478 0.0000000000
103064  -46.086  24.890  -35.196 0.0000000000
103065  -49.911  24.406  -35.370 0.0000000000
103066  -50.105  24.215  -34.938 0.0000000000
103068  -45.916  25.305  -35.577 0.0000000000
103069  -49.459  24.597  -36.474 0.0000000000
103072  -48.505  24.458  -37.875 0.0000000000
103073  -49.031  24.825  -37.198 0.0000000000
103076  -48.051  24.670  -38.553 0.0000000000
103775  -49.621  25.678  -29.165 0.0000000000
103781  -48.824  25.431  -30.427 0.0000000000
103782  -49.299  26.166  -29.845 0.0000000000
103783  -52.605  25.293  -30.848 0.0000000000
103784  -52.875  25.784  -30.298 0.0000000000
103789  -48.539  25.639  -31.305 0.0000000000
103790  -52.029  25.629  -31.405 0.0000000000
103806  -47.827  25.148  -32.818 0.0000000000
103807  -48.236  25.865  -32.198 0.0000000000
103808  -51.288  26.053  -32.564 0.0000000000
103809  -51.483  25.899  -32.236 0.0000000000
103823  -47.373  25.536  -33.385 0.0000000000
103824  -51.113  25.777  -32.920 0.0000000000
103825  -51.333  25.606  -32.623 0.0000000000
103834  -46.433  25.463  -34.727 0.0000000000
103835  -46.860  25.780  -34.063 0.0000000000
103836  -50.128  25.146  -34.557 0.0000000000
103837  -50.426  25.686  -33.998 0.0000000000
103838  -46.180  25.700  -35.254 0.0000000000
103839  -50.004  25.483  -34.916 0.0000000000
103840  -50.149  26.324  -34.558 0.0000000000
103842  -45.840  25.840  -35.921 0.0000000000
103843  -49.723  25.555  -35.828 0.0000000000
103846  -48.729  25.615  -37.521 0.0000000000
103847  -49.323  25.818  -36.770 0.0000000000
103850  -48.243  25.502  -38.191 0.0000000000
104497  -50.151  26.032  -28.602 0.0000000000
104498  -50.824  26.480  -28.551 0.0000000000
104499  -51.802  26.472  -28.733 0.0000000000
104504  -50.031  26.730  -29.213 0.0000000000
104505  -51.087  27.073  -29.236 0.0000000000
104506  -52.011  26.747  -29.667 0.0000000000
104507  -52.696  26.220  -29.936 0.0000000000
104511  -48.858  26.504  -30.618 0.0000000000
104512  -49.513  27.134  -30.136 0.0000000000
104513  -52.300  26.337  -30.525 0.0000000000
104514  -52.684  26.168  -30.261 0.0000000000
104518  -48.564  26.771  -31.541 0.0000000000
104519  -51.720  26.555  -31.343 0.0000000000
104530  -47.837  26.019  -32.874 0.0000000000
104531  -48.225  26.950  -32.541 0.0000000000
104532  -51.198  26.477  -32.530 0.0000000000
104533  -51.331  26.871  -31.911 0.0000000000
104545  -47.539  26.605  -33.414 0.0000000000
104546  -48.026  27.482  -33.159 0.0000000000
104547  -50.795  26.687  -33.173 0.0000000000
104557  -46.540  26.215  -34.728 0.0000000000
104558  -47.031  26.842  -34.220 0.0000000000
104559  -50.371  26.906  -33.943 0.0000000000
104562  -46.264  26.524  -35.375 0.0000000000
104563  -49.921  26.424  -35.246 0.0000000000
104564  -50.142  27.169  -34.659 0.0000000000
104565  -45.491  26.249  -36.683 0.0000000000
104566  -45.916  26.876  -36.094 0.0000000000
104567  -49.667  26.654  -36.040 0.0000000000
104570  -48.973  26.502  -37.272 0.0000000000
104571  -49.342  27.031  -36.740 0.0000000000
104575  -48.456  26.612  -37.877 0.0000000000
105227  -50.433  27.380  -29.986 0.0000000000
105228  -51.339  27.259  -30.057 0.0000000000
105229  -51.858  26.937  -30.212 0.0000000000
105234  -49.009  27.524  -30.935 0.0000000000
105235  -49.882  27.773  -30.870 0.0000000000
105236  -50.825  27.624  -30.840 0.0000000000
105237  -51.628  27.098  -30.700 0.0000000000
105243  -48.746  27.905  -31.904 0.0000000000
105244  -49.333  28.081  -31.446 0.0000000000
105245  -50.887  27.642  -31.525 0.0000000000
105246  -51.323  27.272  -31.329 0.0000000000
105260  -48.405  27.949  -32.696 0.0000000000
105261  -50.856  27.460  -32.300 0.0000000000
105262  -51.123  27.349  -31.742 0.0000000000
105273  -47.591  27.619  -33.767 0.0000000000
105274  -48.172  28.322  -33.317 0.0000000000
105275  -50.493  27.705  -33.239 0.0000000000
105284  -46.667  26.996  -34.856 0.0000000000
105285  -47.096  27.870  -34.589 0.0000000000
105286  -50.283  27.876  -34.014 0.0000000000
105292  -46.500  27.566  -35.475 0.0000000000
105293  -46.951  28.412  -35.261 0.0000000000
105294  -49.925  27.429  -35.370 0.0000000000
105295  -50.155  28.104  -34.704 0.0000000000
105297  -46.090  27.858  -36.378 0.0000000000
105298  -49.694  27.735  -36.100 0.0000000000
105301  -48.954  27.438  -37.336 0.0000000000
105302  -49.411  28.064  -36.774 0.0000000000
105307  -48.542  27.816  -37.955 0.0000000000
105996  -50.301  27.916  -31.299 0.0000000000
105997  -50.584  27.777  -31.344 0.0000000000
106004  -49.238  28.535  -31.983 0.0000000000
106005  -49.849  28.328  -31.739 0.0000000000
106006  -50.464  28.008  -31.770 0.0000000000
106020  -48.770  28.943  -32.674 0.0000000000
106021  -49.559  28.913  -32.469 0.0000000000
106022  -50.246  28.513  -32.594 0.0000000000
106029  -47.785  28.585  -34.047 0.0000000000
106030  -48.351  29.250  -33.655 0.0000000000
106031  -50.286  28.563  -33.420 0.0000000000
106037  -47.553  28.992  -34.861 0.0000000000
106038  -48.005  29.377  -34.304 0.0000000000
106039  -50.259  28.718  -34.084 0.0000000000
106045  -46.631  28.494  -35.935 0.0000000000
106046  -47.156  29.139  -35.639 0.0000000000
106047  -49.987  28.550  -35.341 0.0000000000
106048  -50.175  28.864  -34.640 0.0000000000
106051  -46.790  29.238  -36.214 0.0000000000
106052  -49.726  28.731  -36.138 0.0000000000
106055  -49.113  28.578  -37.372 0.0000000000
106056  -49.502  28.883  -36.738 0.0000000000
106060  -48.693  28.826  -38.058 0.0000000000
106828  -49.402  29.482  -32.930 0.0000000000
106829  -49.915  29.261  -32.971 0.0000000000
106830  -50.163  28.978  -33.111 0.0000000000
106836  -49.012  29.832  -33.482 0.0000000000
106837  -49.727  29.658  -33.539 0.0000000000
106838  -50.164  29.215  -33.523 0.0000000000
106844  -47.967  29.765  -34.789 0.0000000000
106845  -48.591  30.064  -34.464 0.0000000000
106846  -49.612  30.047  -34.428 0.0000000000
106847  -50.136  29.436  -34.166 0.0000000000
106854  -47.650  29.959  -35.433 0.0000000000
106855  -48.194  30.268  -35.139 0.0000000000
106856  -49.859  29.588  -35.416 0.0000000000
106857  -50.061  29.369  -34.823 0.0000000000
106862  -47.174  29.915  -36.124 0.0000000000
106863  -49.640  29.558  -36.255 0.0000000000
106866  -49.116  29.521  -37.539 0.0000000000
106867  -49.416  29.477  -36.956 0.0000000000
106870  -48.787  29.715  -38.156 0.0000000000
107671  -49.214  30.408  -34.974 0.0000000000
107672  -49.625  30.208  -35.095 0.0000000000
107679  -48.023  30.820  -35.575 0.0000000000
107680  -48.794  30.682  -35.554 0.0000000000
107681  -49.503  30.240  -35.639 0.0000000000
107689  -47.488  30.762  -36.082 0.0000000000
107690  -49.023  30.874  -36.379 0.0000000000
107691  -49.366  30.266  -36.466 0.0000000000
107698  -49.036  30.498  -37.295 0.0000000000
107699  -49.329  29.978  -37.109 0.0000000000
108467  -48.406  31.147  -35.935 0.0000000000
108468  -48.729  31.086  -36.072 0.0000000000
108476  -47.931  31.408  -36.203 0.0000000000
108477  -48.614  31.370  -36.625 0.0000000000
108483  -48.647  31.292  -37.538 0.0000000000
109241  -48.041  32.003  -36.868 0.0000000000
109242  -48.431  31.706  -37.131 0.0000000000
