#!ascii label  , from subject cvs_avg35_inMNI152 vox2ras=TkReg
267
29978  -29.520  -41.552  19.292 0.0000000000
29990  -29.817  -41.188  18.552 0.0000000000
30002  -30.816  -41.007  17.808 0.0000000000
31071  -28.635  -39.882  19.787 0.0000000000
31072  -28.885  -40.410  19.626 0.0000000000
31082  -29.521  -40.487  18.534 0.0000000000
31083  -29.946  -40.978  18.241 0.0000000000
31094  -29.718  -40.010  18.007 0.0000000000
31095  -30.225  -40.469  17.840 0.0000000000
31096  -31.163  -40.416  17.496 0.0000000000
32198  -28.441  -39.389  19.855 0.0000000000
32199  -28.682  -39.703  19.456 0.0000000000
32210  -28.589  -39.197  19.267 0.0000000000
32211  -28.916  -39.572  18.845 0.0000000000
32225  -29.357  -39.532  18.163 0.0000000000
32226  -29.859  -39.456  17.675 0.0000000000
32227  -30.701  -39.467  17.418 0.0000000000
32228  -31.685  -39.470  17.238 0.0000000000
33382  -28.144  -38.867  20.095 0.0000000000
33394  -27.895  -38.303  19.759 0.0000000000
33395  -28.320  -38.735  19.482 0.0000000000
33406  -28.135  -38.185  19.161 0.0000000000
33407  -28.521  -38.604  18.741 0.0000000000
33408  -28.933  -38.977  18.305 0.0000000000
33421  -28.744  -38.485  18.191 0.0000000000
33422  -29.238  -38.601  17.796 0.0000000000
33423  -30.154  -38.476  17.347 0.0000000000
33424  -31.159  -38.440  17.137 0.0000000000
34406  -26.765  -37.494  19.876 0.0000000000
34407  -27.324  -38.044  20.104 0.0000000000
34415  -26.722  -37.174  19.209 0.0000000000
34416  -27.434  -37.618  18.966 0.0000000000
34417  -28.133  -37.999  18.729 0.0000000000
34424  -27.551  -37.293  18.228 0.0000000000
34425  -28.284  -37.745  18.025 0.0000000000
34426  -29.482  -37.402  17.236 0.0000000000
34427  -30.537  -37.432  17.006 0.0000000000
34428  -31.677  -37.350  16.904 0.0000000000
34436  -29.704  -36.850  16.880 0.0000000000
34437  -29.989  -37.010  16.814 0.0000000000
34438  -31.920  -36.924  16.815 0.0000000000
35299  -25.665  -36.400  20.149 0.0000000000
35315  -25.898  -36.210  19.102 0.0000000000
35316  -26.262  -36.867  19.577 0.0000000000
35326  -26.146  -36.118  18.658 0.0000000000
35327  -26.585  -36.584  18.552 0.0000000000
35328  -27.176  -37.094  18.302 0.0000000000
35336  -26.762  -36.242  17.940 0.0000000000
35337  -27.400  -36.644  17.799 0.0000000000
35338  -28.547  -36.625  17.277 0.0000000000
35339  -29.433  -36.476  16.907 0.0000000000
35340  -30.992  -36.653  16.999 0.0000000000
35341  -31.885  -36.515  16.989 0.0000000000
35348  -29.942  -36.516  16.729 0.0000000000
35349  -30.351  -36.681  16.842 0.0000000000
35350  -32.117  -36.789  16.851 0.0000000000
36198  -24.620  -35.208  20.453 0.0000000000
36211  -24.638  -34.969  19.871 0.0000000000
36212  -25.148  -35.471  19.569 0.0000000000
36220  -25.964  -35.576  18.383 0.0000000000
36221  -26.501  -36.003  18.090 0.0000000000
36228  -26.205  -35.052  17.757 0.0000000000
36229  -26.807  -35.565  17.670 0.0000000000
36230  -27.922  -35.665  17.277 0.0000000000
36231  -28.961  -35.684  16.914 0.0000000000
36232  -30.030  -35.791  16.735 0.0000000000
36233  -31.076  -35.781  17.159 0.0000000000
36241  -30.206  -36.297  16.740 0.0000000000
36242  -30.517  -36.226  16.869 0.0000000000
37090  -23.869  -34.210  20.760 0.0000000000
37091  -24.143  -34.460  20.077 0.0000000000
37092  -24.664  -34.690  19.468 0.0000000000
37106  -24.366  -34.030  19.252 0.0000000000
37107  -25.051  -34.502  18.708 0.0000000000
37118  -25.739  -34.445  17.872 0.0000000000
37119  -26.535  -34.475  17.484 0.0000000000
37120  -27.479  -34.659  17.287 0.0000000000
37121  -28.495  -34.758  17.047 0.0000000000
37122  -29.514  -34.808  16.858 0.0000000000
37123  -30.554  -34.855  17.039 0.0000000000
37124  -31.610  -34.897  17.456 0.0000000000
37972  -23.804  -33.611  20.999 0.0000000000
37973  -23.888  -33.313  20.558 0.0000000000
37985  -23.845  -33.814  20.424 0.0000000000
37986  -24.024  -33.417  19.922 0.0000000000
38001  -24.384  -33.194  19.162 0.0000000000
38002  -24.672  -33.665  18.715 0.0000000000
38014  -24.673  -33.065  18.617 0.0000000000
38015  -25.123  -33.464  18.118 0.0000000000
38016  -26.022  -33.380  17.435 0.0000000000
38017  -27.051  -33.677  17.108 0.0000000000
38018  -28.044  -33.839  16.947 0.0000000000
38019  -29.035  -33.947  16.820 0.0000000000
38020  -30.041  -33.961  17.001 0.0000000000
38021  -31.110  -34.107  17.033 0.0000000000
38034  -26.689  -32.707  16.965 0.0000000000
38035  -27.611  -32.910  16.752 0.0000000000
38036  -28.592  -33.080  16.614 0.0000000000
38037  -29.553  -33.239  16.523 0.0000000000
38038  -30.614  -33.345  16.291 0.0000000000
38039  -31.737  -33.648  16.473 0.0000000000
38051  -31.421  -33.026  15.856 0.0000000000
38052  -32.312  -33.082  15.956 0.0000000000
38921  -23.932  -33.035  21.313 0.0000000000
38922  -24.226  -32.385  21.659 0.0000000000
38931  -23.876  -33.135  20.873 0.0000000000
38932  -24.086  -32.640  20.675 0.0000000000
38941  -24.291  -32.532  19.727 0.0000000000
38954  -24.566  -32.471  18.992 0.0000000000
38966  -24.867  -32.528  18.354 0.0000000000
38967  -25.356  -32.512  17.792 0.0000000000
38968  -25.965  -32.237  17.300 0.0000000000
38981  -26.465  -31.917  16.906 0.0000000000
38982  -27.156  -32.012  16.616 0.0000000000
38983  -28.152  -32.086  16.306 0.0000000000
38984  -29.126  -32.485  16.127 0.0000000000
38985  -29.922  -32.725  15.962 0.0000000000
38998  -28.876  -31.669  15.746 0.0000000000
38999  -29.690  -32.038  15.536 0.0000000000
39000  -30.734  -32.354  15.399 0.0000000000
39001  -31.845  -32.483  15.361 0.0000000000
39002  -32.833  -32.570  15.334 0.0000000000
39018  -31.536  -31.871  14.921 0.0000000000
39019  -32.376  -31.919  14.822 0.0000000000
39020  -33.371  -31.957  14.818 0.0000000000
39906  -24.441  -31.719  21.187 0.0000000000
39917  -24.419  -31.785  20.282 0.0000000000
39928  -24.559  -31.803  19.478 0.0000000000
39940  -24.798  -31.769  18.766 0.0000000000
39941  -25.101  -31.402  18.417 0.0000000000
39953  -25.051  -31.929  18.177 0.0000000000
39954  -25.446  -31.521  17.828 0.0000000000
39955  -26.056  -31.337  17.248 0.0000000000
39969  -26.661  -31.220  16.744 0.0000000000
39970  -27.463  -31.120  16.282 0.0000000000
39971  -28.217  -31.274  15.918 0.0000000000
39986  -28.008  -30.548  15.895 0.0000000000
39987  -28.698  -30.821  15.590 0.0000000000
39988  -29.516  -31.093  15.282 0.0000000000
39989  -30.196  -31.559  15.145 0.0000000000
40003  -30.205  -30.919  14.920 0.0000000000
40004  -30.926  -31.256  14.773 0.0000000000
40005  -31.921  -31.189  14.512 0.0000000000
40006  -32.909  -31.186  14.456 0.0000000000
40007  -33.941  -31.212  14.536 0.0000000000
40008  -35.004  -31.295  14.814 0.0000000000
40009  -35.584  -31.049  14.875 0.0000000000
40888  -24.799  -31.054  21.536 0.0000000000
40900  -24.708  -31.061  20.758 0.0000000000
40901  -25.176  -30.492  21.250 0.0000000000
40912  -24.695  -31.121  19.916 0.0000000000
40913  -25.094  -30.487  20.347 0.0000000000
40922  -24.783  -31.265  19.274 0.0000000000
40923  -25.070  -30.633  19.411 0.0000000000
40934  -24.969  -31.130  18.859 0.0000000000
40935  -25.307  -30.728  18.520 0.0000000000
40948  -25.754  -30.643  17.784 0.0000000000
40949  -26.294  -30.517  17.206 0.0000000000
40963  -26.870  -30.393  16.684 0.0000000000
40964  -27.452  -30.174  16.299 0.0000000000
40976  -27.918  -29.804  16.003 0.0000000000
40977  -28.489  -30.008  15.630 0.0000000000
40978  -29.180  -30.212  15.303 0.0000000000
40979  -35.884  -30.907  14.927 0.0000000000
40986  -29.875  -30.279  14.967 0.0000000000
40987  -30.627  -30.293  14.694 0.0000000000
40988  -31.493  -30.337  14.482 0.0000000000
40989  -32.464  -30.324  14.328 0.0000000000
40990  -33.491  -30.339  14.277 0.0000000000
40991  -34.554  -30.378  14.406 0.0000000000
40992  -35.632  -30.422  14.705 0.0000000000
40993  -36.201  -30.126  14.803 0.0000000000
41887  -25.655  -29.919  21.764 0.0000000000
41903  -25.557  -29.882  20.820 0.0000000000
41904  -26.126  -29.320  21.264 0.0000000000
41918  -25.462  -29.904  19.893 0.0000000000
41919  -25.938  -29.368  20.345 0.0000000000
41929  -25.447  -30.055  19.099 0.0000000000
41930  -26.000  -29.365  19.313 0.0000000000
41939  -25.732  -29.958  18.417 0.0000000000
41940  -26.306  -29.383  18.222 0.0000000000
41949  -26.076  -29.978  17.743 0.0000000000
41950  -26.655  -29.647  17.292 0.0000000000
41951  -27.144  -29.342  16.963 0.0000000000
41961  -27.101  -29.778  16.716 0.0000000000
41962  -27.569  -29.410  16.480 0.0000000000
41963  -27.976  -29.137  16.297 0.0000000000
41970  -27.935  -29.415  16.167 0.0000000000
41971  -28.331  -29.313  15.966 0.0000000000
41972  -29.055  -29.351  15.563 0.0000000000
41973  -29.746  -29.019  15.296 0.0000000000
41974  -36.487  -29.976  14.876 0.0000000000
41975  -37.038  -29.668  15.085 0.0000000000
41980  -29.609  -29.657  15.155 0.0000000000
41981  -30.298  -29.419  14.877 0.0000000000
41982  -31.119  -29.475  14.623 0.0000000000
41983  -32.023  -29.412  14.404 0.0000000000
41984  -33.045  -29.412  14.262 0.0000000000
41985  -34.102  -29.433  14.208 0.0000000000
41986  -35.164  -29.470  14.375 0.0000000000
41987  -36.210  -29.483  14.671 0.0000000000
41988  -36.873  -28.989  14.812 0.0000000000
42808  -26.801  -28.942  21.864 0.0000000000
42809  -27.623  -28.540  21.593 0.0000000000
42821  -26.814  -28.760  20.399 0.0000000000
42822  -27.906  -28.127  20.558 0.0000000000
42832  -26.778  -28.739  18.868 0.0000000000
42833  -27.578  -28.203  19.379 0.0000000000
42834  -28.395  -27.792  19.713 0.0000000000
42845  -26.892  -28.942  17.796 0.0000000000
42846  -27.496  -28.371  18.188 0.0000000000
42847  -28.273  -27.926  18.628 0.0000000000
42848  -28.893  -27.533  19.044 0.0000000000
42859  -27.035  -29.172  17.290 0.0000000000
42860  -27.506  -28.805  17.110 0.0000000000
42861  -28.268  -28.205  17.544 0.0000000000
42862  -28.984  -27.757  18.028 0.0000000000
42869  -27.815  -28.972  16.558 0.0000000000
42870  -28.377  -28.700  16.523 0.0000000000
42871  -29.071  -28.007  17.005 0.0000000000
42876  -28.773  -28.924  15.967 0.0000000000
42877  -29.419  -28.410  15.984 0.0000000000
42878  -30.514  -28.357  15.218 0.0000000000
42879  -31.156  -27.919  15.038 0.0000000000
42885  -30.840  -28.920  14.805 0.0000000000
42886  -31.497  -28.441  14.698 0.0000000000
42887  -32.601  -28.464  14.377 0.0000000000
42888  -33.649  -28.474  14.255 0.0000000000
42889  -34.724  -28.486  14.287 0.0000000000
42890  -35.712  -28.571  14.467 0.0000000000
42891  -36.469  -28.592  14.695 0.0000000000
43768  -29.270  -27.143  18.461 0.0000000000
43774  -29.596  -27.282  17.443 0.0000000000
43775  -30.060  -27.108  16.763 0.0000000000
43781  -29.685  -27.642  16.614 0.0000000000
43782  -30.288  -27.431  16.016 0.0000000000
43783  -31.053  -27.414  15.406 0.0000000000
43794  -31.591  -27.471  14.925 0.0000000000
43795  -32.258  -27.548  14.608 0.0000000000
43796  -33.200  -27.516  14.386 0.0000000000
43797  -34.256  -27.553  14.397 0.0000000000
44724  -29.515  -26.525  17.959 0.0000000000
44730  -30.005  -26.498  17.203 0.0000000000
44731  -30.437  -26.532  16.499 0.0000000000
44744  -30.924  -26.612  15.843 0.0000000000
44745  -31.678  -26.584  15.267 0.0000000000
44746  -32.167  -26.068  15.239 0.0000000000
44764  -32.036  -26.996  14.835 0.0000000000
44765  -32.699  -26.472  14.800 0.0000000000
44766  -33.811  -26.733  14.584 0.0000000000
45854  -29.684  -25.681  17.546 0.0000000000
45865  -30.240  -25.743  16.870 0.0000000000
45866  -30.835  -25.732  16.247 0.0000000000
45867  -31.391  -25.564  16.048 0.0000000000
45883  -31.290  -26.017  15.754 0.0000000000
45884  -31.809  -25.749  15.663 0.0000000000
45885  -32.579  -25.635  15.493 0.0000000000
45897  -33.125  -25.782  15.151 0.0000000000
45898  -33.718  -25.997  14.934 0.0000000000
47018  -29.929  -25.107  17.084 0.0000000000
47019  -30.433  -24.929  16.687 0.0000000000
47020  -31.316  -24.855  16.335 0.0000000000
47021  -32.205  -24.493  16.324 0.0000000000
47036  -31.652  -25.379  16.077 0.0000000000
47037  -32.059  -25.244  16.069 0.0000000000
47038  -32.725  -25.113  16.116 0.0000000000
48162  -31.513  -23.802  16.546 0.0000000000
