#!ascii label  , from subject cvs_avg35_inMNI152 vox2ras=TkReg
210
88243  -6.147  11.371  41.074 0.0000000000
89264  -7.056  11.641  45.038 0.0000000000
89266  -7.129  11.730  44.025 0.0000000000
89269  -6.948  11.855  42.992 0.0000000000
89272  -5.985  12.219  42.063 0.0000000000
89273  -6.361  11.874  42.018 0.0000000000
89283  -5.324  12.341  41.177 0.0000000000
89284  -5.712  11.877  41.291 0.0000000000
89285  -6.230  11.565  41.360 0.0000000000
89297  -5.309  11.999  40.623 0.0000000000
90209  -7.359  12.978  46.942 0.0000000000
90212  -7.160  12.373  45.557 0.0000000000
90213  -7.259  12.803  46.170 0.0000000000
90216  -7.098  12.658  44.841 0.0000000000
90217  -7.223  13.010  45.546 0.0000000000
90219  -4.989  13.137  43.382 0.0000000000
90220  -5.648  13.047  43.615 0.0000000000
90221  -6.634  12.693  43.887 0.0000000000
90224  -4.902  12.987  42.785 0.0000000000
90225  -5.405  12.789  42.882 0.0000000000
90226  -6.161  12.521  42.935 0.0000000000
90231  -4.970  12.998  42.050 0.0000000000
90232  -5.424  12.633  42.148 0.0000000000
90233  -5.828  12.468  42.393 0.0000000000
90239  -5.059  12.878  41.098 0.0000000000
90240  -5.299  12.576  41.580 0.0000000000
91118  -7.416  13.760  47.506 0.0000000000
91120  -4.131  14.435  46.203 0.0000000000
91121  -4.516  14.381  46.022 0.0000000000
91122  -4.978  14.297  45.752 0.0000000000
91123  -6.858  14.146  46.199 0.0000000000
91124  -7.205  13.741  46.493 0.0000000000
91126  -4.177  14.498  45.750 0.0000000000
91127  -4.697  14.249  45.312 0.0000000000
91128  -5.473  14.043  45.233 0.0000000000
91129  -6.700  13.734  45.471 0.0000000000
91130  -7.209  13.353  45.891 0.0000000000
91133  -4.336  14.358  44.882 0.0000000000
91134  -4.920  13.660  44.279 0.0000000000
91135  -6.039  13.441  44.473 0.0000000000
91136  -6.709  13.175  44.630 0.0000000000
91139  -4.226  13.981  43.938 0.0000000000
91140  -4.586  13.458  43.337 0.0000000000
91147  -4.247  13.826  43.059 0.0000000000
91148  -4.548  13.353  42.611 0.0000000000
91155  -4.296  13.730  42.416 0.0000000000
91156  -4.616  13.441  41.817 0.0000000000
91163  -4.967  13.341  40.887 0.0000000000
92081  -4.041  14.905  48.785 0.0000000000
92082  -4.547  15.017  49.063 0.0000000000
92083  -5.025  15.132  49.202 0.0000000000
92086  -3.448  15.056  47.572 0.0000000000
92087  -3.852  14.824  48.049 0.0000000000
92088  -4.606  14.860  48.292 0.0000000000
92089  -5.229  14.978  48.660 0.0000000000
92090  -7.435  14.500  48.145 0.0000000000
92093  -3.341  15.053  46.947 0.0000000000
92094  -3.836  14.679  47.169 0.0000000000
92095  -4.527  14.634  47.367 0.0000000000
92096  -5.553  14.723  47.564 0.0000000000
92097  -6.490  14.651  47.244 0.0000000000
92098  -7.130  14.494  47.366 0.0000000000
92101  -3.356  15.104  46.299 0.0000000000
92102  -3.768  14.635  46.372 0.0000000000
92103  -4.284  14.493  46.603 0.0000000000
92104  -5.121  14.435  46.418 0.0000000000
92105  -6.239  14.436  46.430 0.0000000000
92106  -6.888  14.393  46.682 0.0000000000
92109  -3.403  15.295  45.951 0.0000000000
92110  -3.787  14.952  45.562 0.0000000000
92111  -5.307  14.294  45.787 0.0000000000
92112  -5.782  14.293  45.808 0.0000000000
92115  -4.165  14.761  44.432 0.0000000000
92122  -4.149  14.511  43.465 0.0000000000
92130  -4.218  14.427  42.498 0.0000000000
92131  -4.482  14.938  42.000 0.0000000000
92137  -4.301  13.949  41.999 0.0000000000
92138  -4.686  14.286  41.462 0.0000000000
92146  -5.061  13.946  40.485 0.0000000000
92154  -5.163  14.096  39.585 0.0000000000
93114  -3.254  15.564  48.932 0.0000000000
93115  -3.796  15.366  49.418 0.0000000000
93116  -4.721  15.332  49.615 0.0000000000
93117  -5.729  15.296  49.329 0.0000000000
93118  -6.785  15.511  49.435 0.0000000000
93122  -3.297  15.479  48.184 0.0000000000
93123  -3.565  15.127  48.719 0.0000000000
93124  -6.037  14.951  48.293 0.0000000000
93125  -6.663  15.208  48.563 0.0000000000
93126  -7.263  15.115  48.743 0.0000000000
93129  -3.267  15.659  47.436 0.0000000000
93130  -6.220  14.791  47.734 0.0000000000
93131  -6.668  14.915  47.829 0.0000000000
93132  -7.140  14.960  48.059 0.0000000000
93135  -3.299  15.810  46.671 0.0000000000
93136  -3.438  16.295  46.350 0.0000000000
93139  -3.315  15.501  46.204 0.0000000000
93140  -3.576  15.833  45.842 0.0000000000
93144  -4.090  15.592  44.903 0.0000000000
93153  -4.259  15.465  43.762 0.0000000000
93154  -4.496  15.988  43.300 0.0000000000
93161  -4.154  14.949  43.075 0.0000000000
93162  -4.495  15.494  42.658 0.0000000000
93170  -5.028  15.561  41.567 0.0000000000
93171  -5.348  16.279  41.214 0.0000000000
93181  -5.204  14.948  40.392 0.0000000000
93182  -5.375  16.045  40.607 0.0000000000
93191  -5.234  15.065  39.190 0.0000000000
93192  -5.318  15.870  39.654 0.0000000000
93202  -5.175  15.862  38.865 0.0000000000
94107  -3.347  15.910  49.278 0.0000000000
94113  -3.133  16.182  48.784 0.0000000000
94122  -3.209  16.280  47.987 0.0000000000
94123  -3.299  17.024  47.770 0.0000000000
94132  -3.262  16.296  47.335 0.0000000000
94133  -3.432  16.817  46.868 0.0000000000
94141  -3.676  16.804  46.061 0.0000000000
94152  -4.063  16.609  45.197 0.0000000000
94153  -4.373  16.846  44.547 0.0000000000
94164  -4.284  16.185  44.452 0.0000000000
94165  -4.524  16.542  43.848 0.0000000000
94173  -4.878  16.526  42.991 0.0000000000
94174  -5.224  16.787  42.404 0.0000000000
94183  -4.997  16.176  42.277 0.0000000000
94184  -5.299  16.639  41.741 0.0000000000
94193  -5.349  16.974  40.879 0.0000000000
94200  -5.288  16.752  39.886 0.0000000000
94206  -4.963  16.353  38.388 0.0000000000
94207  -5.112  16.535  39.059 0.0000000000
95190  -3.566  17.824  47.428 0.0000000000
95201  -3.729  17.726  46.533 0.0000000000
95211  -3.996  17.630  45.661 0.0000000000
95219  -4.314  17.503  44.923 0.0000000000
95220  -4.602  17.445  44.326 0.0000000000
95225  -4.942  17.442  43.610 0.0000000000
95230  -5.244  17.498  42.752 0.0000000000
95231  -5.360  17.256  42.150 0.0000000000
95238  -5.370  17.796  42.196 0.0000000000
95239  -5.378  17.599  41.627 0.0000000000
95245  -5.367  17.822  40.972 0.0000000000
95251  -5.355  17.595  40.189 0.0000000000
95256  -4.892  16.841  38.657 0.0000000000
95257  -5.117  17.365  39.048 0.0000000000
95264  -4.775  16.974  38.164 0.0000000000
95265  -5.011  17.667  37.961 0.0000000000
96219  -3.738  18.722  47.051 0.0000000000
96223  -3.895  18.639  46.146 0.0000000000
96226  -4.364  18.532  45.199 0.0000000000
96227  -4.737  18.980  44.856 0.0000000000
96230  -4.542  17.969  44.690 0.0000000000
96231  -4.870  18.427  44.292 0.0000000000
96233  -5.185  18.336  43.284 0.0000000000
96236  -5.335  18.388  42.502 0.0000000000
96237  -5.422  18.598  42.087 0.0000000000
96244  -5.404  18.182  41.979 0.0000000000
96245  -5.470  18.415  41.574 0.0000000000
96252  -5.565  18.356  40.720 0.0000000000
96253  -5.897  18.602  40.354 0.0000000000
96260  -5.522  18.131  39.785 0.0000000000
96261  -6.075  18.537  39.682 0.0000000000
96267  -5.538  18.093  38.859 0.0000000000
97265  -3.821  19.743  47.541 0.0000000000
97267  -3.812  19.646  46.669 0.0000000000
97270  -4.078  19.571  45.849 0.0000000000
97271  -4.555  19.577  45.214 0.0000000000
97274  -4.958  19.475  44.578 0.0000000000
97277  -5.218  19.372  43.594 0.0000000000
97278  -5.439  19.906  43.221 0.0000000000
97281  -5.284  18.870  42.923 0.0000000000
97282  -5.569  19.319  42.387 0.0000000000
97283  -6.094  19.786  42.042 0.0000000000
97290  -5.678  18.879  41.401 0.0000000000
97291  -6.028  19.378  41.508 0.0000000000
97300  -5.904  18.879  40.919 0.0000000000
97301  -6.416  19.232  40.644 0.0000000000
98363  -3.771  20.669  47.097 0.0000000000
98366  -3.875  20.531  46.303 0.0000000000
98367  -4.230  20.478  45.630 0.0000000000
98369  -4.792  20.476  44.995 0.0000000000
98370  -5.063  20.799  44.484 0.0000000000
98373  -5.085  20.123  44.299 0.0000000000
98374  -5.270  20.511  43.787 0.0000000000
98379  -5.623  20.432  43.088 0.0000000000
98380  -6.067  20.345  42.502 0.0000000000
98388  -6.557  20.253  41.660 0.0000000000
99425  -3.916  21.718  47.437 0.0000000000
99435  -3.826  21.623  46.597 0.0000000000
99436  -4.039  21.905  46.005 0.0000000000
99440  -3.957  21.206  45.978 0.0000000000
99441  -4.430  21.490  45.524 0.0000000000
99444  -4.926  21.445  44.940 0.0000000000
99445  -5.212  21.444  44.332 0.0000000000
99448  -5.532  21.437  43.592 0.0000000000
99449  -5.856  21.747  43.103 0.0000000000
99456  -5.838  21.079  42.946 0.0000000000
99457  -6.329  21.376  42.509 0.0000000000
100466  -3.947  22.692  46.953 0.0000000000
100481  -4.151  22.608  46.283 0.0000000000
100482  -4.466  22.512  45.780 0.0000000000
100495  -4.903  22.396  45.298 0.0000000000
100496  -5.226  22.688  44.912 0.0000000000
100508  -5.138  22.071  44.801 0.0000000000
100509  -5.414  22.367  44.319 0.0000000000
100517  -5.700  22.410  43.571 0.0000000000
100518  -5.991  22.383  42.883 0.0000000000
101496  -4.899  23.298  45.538 0.0000000000
101503  -5.182  23.309  45.158 0.0000000000
101504  -5.404  23.282  44.674 0.0000000000
101513  -5.575  23.189  44.077 0.0000000000
101523  -5.715  23.273  43.284 0.0000000000
