#!ascii label  , from subject cvs_avg35_inMNI152 vox2ras=TkReg
1060
32887  -26.721  -38.580  -31.573 0.0000000000
32899  -26.489  -38.797  -31.690 0.0000000000
32912  -25.988  -39.140  -32.085 0.0000000000
32913  -26.331  -39.602  -32.252 0.0000000000
32921  -26.018  -39.030  -32.465 0.0000000000
32922  -26.391  -39.433  -32.927 0.0000000000
32923  -27.154  -39.439  -33.316 0.0000000000
32924  -27.960  -39.468  -33.571 0.0000000000
32925  -28.741  -39.593  -33.758 0.0000000000
32932  -29.465  -39.613  -34.013 0.0000000000
32933  -30.276  -39.616  -34.164 0.0000000000
32934  -31.187  -39.539  -34.288 0.0000000000
32935  -32.164  -39.495  -34.394 0.0000000000
32936  -33.170  -39.439  -34.593 0.0000000000
34008  -26.533  -38.353  -31.661 0.0000000000
34009  -27.052  -38.063  -31.473 0.0000000000
34023  -26.180  -38.338  -31.850 0.0000000000
34030  -25.889  -38.367  -32.269 0.0000000000
34038  -25.876  -38.501  -32.900 0.0000000000
34039  -26.565  -38.533  -33.266 0.0000000000
34040  -27.424  -38.536  -33.449 0.0000000000
34041  -28.320  -38.565  -33.579 0.0000000000
34042  -29.220  -38.586  -33.777 0.0000000000
34043  -29.833  -38.229  -34.007 0.0000000000
34052  -29.841  -38.926  -34.058 0.0000000000
34053  -30.530  -38.579  -34.220 0.0000000000
34054  -31.519  -38.565  -34.376 0.0000000000
34055  -32.419  -38.507  -34.507 0.0000000000
34056  -33.198  -38.387  -34.718 0.0000000000
34866  -29.914  -37.604  -25.289 0.0000000000
34867  -30.330  -37.514  -24.861 0.0000000000
34877  -28.552  -37.600  -26.152 0.0000000000
34878  -29.332  -37.291  -25.927 0.0000000000
34921  -26.443  -37.793  -31.684 0.0000000000
34922  -27.040  -37.459  -31.464 0.0000000000
34936  -25.849  -37.617  -31.946 0.0000000000
34944  -25.649  -37.599  -32.587 0.0000000000
34953  -25.978  -37.596  -33.197 0.0000000000
34954  -26.810  -37.568  -33.383 0.0000000000
34955  -27.765  -37.569  -33.460 0.0000000000
34956  -28.684  -37.569  -33.573 0.0000000000
34957  -29.502  -37.521  -33.731 0.0000000000
34958  -30.210  -37.535  -34.043 0.0000000000
34966  -30.994  -37.641  -34.291 0.0000000000
34967  -31.815  -37.632  -34.424 0.0000000000
34968  -32.597  -37.538  -34.598 0.0000000000
35718  -31.275  -35.692  -23.707 0.0000000000
35728  -30.887  -36.886  -24.190 0.0000000000
35729  -31.345  -36.181  -24.131 0.0000000000
35741  -30.286  -36.938  -25.495 0.0000000000
35742  -30.748  -36.807  -25.091 0.0000000000
35743  -31.171  -36.457  -24.604 0.0000000000
35749  -27.470  -36.838  -26.733 0.0000000000
35750  -28.140  -36.846  -26.575 0.0000000000
35751  -28.991  -36.535  -26.489 0.0000000000
35752  -29.953  -36.701  -25.940 0.0000000000
35753  -30.463  -36.605  -25.611 0.0000000000
35761  -27.083  -36.409  -27.229 0.0000000000
35762  -27.895  -36.329  -26.939 0.0000000000
35763  -28.413  -36.326  -26.746 0.0000000000
35773  -26.653  -36.225  -27.908 0.0000000000
35774  -27.462  -36.311  -28.248 0.0000000000
35794  -26.297  -36.716  -31.678 0.0000000000
35795  -27.324  -36.398  -31.376 0.0000000000
35806  -25.568  -36.690  -32.203 0.0000000000
35816  -25.554  -36.618  -32.902 0.0000000000
35825  -26.202  -36.554  -33.275 0.0000000000
35826  -27.154  -36.562  -33.422 0.0000000000
35827  -28.140  -36.570  -33.462 0.0000000000
35828  -29.047  -36.575  -33.574 0.0000000000
35829  -29.886  -36.599  -33.728 0.0000000000
35830  -30.659  -36.688  -34.062 0.0000000000
35837  -31.343  -36.887  -34.290 0.0000000000
35838  -31.999  -36.677  -34.453 0.0000000000
35839  -32.776  -36.566  -34.768 0.0000000000
36608  -31.450  -35.122  -23.635 0.0000000000
36618  -31.729  -35.439  -24.082 0.0000000000
36633  -31.071  -36.232  -25.348 0.0000000000
36634  -31.527  -35.867  -25.006 0.0000000000
36642  -29.101  -35.976  -26.670 0.0000000000
36643  -29.642  -35.813  -26.597 0.0000000000
36644  -30.791  -35.949  -25.860 0.0000000000
36645  -31.461  -35.373  -25.652 0.0000000000
36654  -27.247  -35.985  -27.464 0.0000000000
36655  -27.750  -35.995  -27.374 0.0000000000
36656  -28.698  -35.647  -27.030 0.0000000000
36657  -29.357  -35.340  -26.862 0.0000000000
36665  -26.968  -35.953  -27.579 0.0000000000
36666  -27.335  -35.689  -27.828 0.0000000000
36667  -28.251  -35.686  -27.948 0.0000000000
36684  -25.769  -34.592  -31.792 0.0000000000
36685  -26.693  -35.234  -31.605 0.0000000000
36686  -27.899  -35.254  -31.293 0.0000000000
36696  -25.161  -34.893  -32.131 0.0000000000
36697  -25.706  -35.671  -31.908 0.0000000000
36709  -24.965  -34.879  -32.707 0.0000000000
36710  -25.404  -35.692  -32.513 0.0000000000
36718  -24.942  -34.685  -33.069 0.0000000000
36719  -25.525  -35.346  -33.112 0.0000000000
36720  -26.556  -35.517  -33.342 0.0000000000
36721  -27.573  -35.566  -33.433 0.0000000000
36722  -28.538  -35.588  -33.485 0.0000000000
36723  -29.439  -35.612  -33.585 0.0000000000
36724  -30.315  -35.668  -33.799 0.0000000000
36730  -31.250  -35.835  -34.196 0.0000000000
36731  -32.163  -35.633  -34.574 0.0000000000
37514  -31.814  -34.601  -23.839 0.0000000000
37520  -32.042  -34.782  -24.555 0.0000000000
37534  -31.909  -34.808  -25.397 0.0000000000
37542  -29.686  -35.223  -26.817 0.0000000000
37543  -30.281  -35.005  -26.679 0.0000000000
37544  -31.332  -34.730  -26.194 0.0000000000
37551  -28.826  -34.875  -27.407 0.0000000000
37552  -29.416  -34.800  -27.127 0.0000000000
37553  -30.132  -34.298  -27.166 0.0000000000
37561  -28.317  -34.799  -27.858 0.0000000000
37562  -28.995  -35.070  -28.414 0.0000000000
37570  -28.759  -34.344  -28.616 0.0000000000
37571  -29.402  -34.561  -29.149 0.0000000000
37578  -25.694  -33.737  -31.676 0.0000000000
37579  -26.466  -33.905  -31.575 0.0000000000
37580  -27.555  -34.041  -31.367 0.0000000000
37581  -28.607  -34.254  -31.014 0.0000000000
37595  -25.099  -34.012  -31.864 0.0000000000
37606  -24.669  -34.183  -32.337 0.0000000000
37611  -24.508  -34.221  -32.929 0.0000000000
37612  -25.024  -34.142  -33.308 0.0000000000
37613  -26.010  -34.443  -33.348 0.0000000000
37614  -27.015  -34.566  -33.427 0.0000000000
37615  -28.000  -34.611  -33.452 0.0000000000
37616  -28.932  -34.636  -33.497 0.0000000000
37617  -29.825  -34.652  -33.628 0.0000000000
37623  -30.715  -34.665  -33.888 0.0000000000
37624  -31.535  -34.683  -34.330 0.0000000000
37625  -32.236  -34.581  -34.858 0.0000000000
38442  -31.654  -33.775  -23.612 0.0000000000
38443  -32.125  -33.855  -24.169 0.0000000000
38449  -32.295  -33.862  -24.984 0.0000000000
38450  -32.281  -33.422  -25.449 0.0000000000
38462  -32.046  -33.956  -25.819 0.0000000000
38463  -32.152  -33.136  -25.964 0.0000000000
38472  -30.784  -34.224  -26.858 0.0000000000
38473  -31.460  -33.504  -26.633 0.0000000000
38474  -31.871  -32.772  -26.487 0.0000000000
38484  -28.860  -34.271  -27.627 0.0000000000
38485  -29.527  -33.875  -27.506 0.0000000000
38486  -30.449  -33.465  -27.307 0.0000000000
38487  -31.066  -32.867  -27.189 0.0000000000
38496  -28.469  -33.856  -28.266 0.0000000000
38504  -28.425  -32.849  -29.765 0.0000000000
38505  -28.638  -33.433  -29.322 0.0000000000
38506  -29.388  -34.083  -29.815 0.0000000000
38513  -25.217  -33.136  -31.694 0.0000000000
38514  -26.047  -32.979  -31.513 0.0000000000
38515  -27.066  -32.895  -31.256 0.0000000000
38516  -28.294  -32.988  -30.540 0.0000000000
38517  -29.098  -33.787  -30.334 0.0000000000
38532  -24.208  -32.903  -31.940 0.0000000000
38533  -24.504  -33.286  -31.953 0.0000000000
38544  -24.086  -32.958  -32.200 0.0000000000
38545  -24.271  -33.526  -32.545 0.0000000000
38550  -23.965  -32.974  -32.686 0.0000000000
38551  -24.266  -33.338  -33.131 0.0000000000
38552  -24.809  -33.234  -33.433 0.0000000000
38553  -25.546  -33.449  -33.504 0.0000000000
38554  -26.474  -33.596  -33.516 0.0000000000
38555  -27.439  -33.667  -33.508 0.0000000000
38556  -28.388  -33.689  -33.503 0.0000000000
38557  -29.288  -33.719  -33.551 0.0000000000
38564  -23.942  -32.948  -33.029 0.0000000000
38565  -24.107  -33.101  -33.134 0.0000000000
38566  -30.127  -33.667  -33.710 0.0000000000
38567  -31.032  -33.549  -34.067 0.0000000000
38568  -31.699  -33.877  -34.583 0.0000000000
38575  -31.515  -33.143  -34.567 0.0000000000
39406  -32.010  -32.693  -23.877 0.0000000000
39407  -32.427  -32.099  -24.517 0.0000000000
39414  -32.293  -33.289  -24.503 0.0000000000
39415  -32.470  -32.689  -25.123 0.0000000000
39423  -32.311  -32.335  -26.191 0.0000000000
39431  -31.518  -32.689  -26.893 0.0000000000
39432  -31.869  -32.172  -26.828 0.0000000000
39443  -28.855  -33.508  -27.879 0.0000000000
39444  -29.476  -32.865  -27.834 0.0000000000
39445  -30.457  -32.475  -27.567 0.0000000000
39446  -31.269  -32.104  -27.343 0.0000000000
39447  -31.746  -31.594  -27.188 0.0000000000
39458  -27.916  -32.462  -28.885 0.0000000000
39459  -28.369  -32.734  -28.552 0.0000000000
39460  -29.048  -32.073  -28.239 0.0000000000
39468  -27.997  -32.509  -29.395 0.0000000000
39469  -28.059  -33.023  -28.971 0.0000000000
39483  -24.325  -32.329  -31.724 0.0000000000
39484  -24.622  -32.499  -31.686 0.0000000000
39485  -25.445  -32.285  -31.426 0.0000000000
39486  -26.333  -32.074  -31.074 0.0000000000
39487  -27.200  -32.026  -30.327 0.0000000000
39503  -24.134  -32.475  -31.862 0.0000000000
39504  -24.376  -32.765  -31.818 0.0000000000
39513  -23.827  -32.417  -32.335 0.0000000000
39518  -23.770  -32.477  -32.928 0.0000000000
39519  -24.250  -32.595  -33.317 0.0000000000
39520  -25.039  -32.579  -33.685 0.0000000000
39521  -25.918  -32.682  -33.722 0.0000000000
39522  -26.848  -32.778  -33.680 0.0000000000
39523  -27.782  -32.800  -33.637 0.0000000000
39524  -28.751  -32.755  -33.626 0.0000000000
39525  -29.557  -32.978  -33.644 0.0000000000
39531  -24.036  -32.758  -33.163 0.0000000000
39532  -24.164  -32.935  -33.196 0.0000000000
39533  -29.324  -32.301  -33.717 0.0000000000
39534  -30.134  -32.523  -33.853 0.0000000000
39535  -30.979  -32.439  -34.316 0.0000000000
39544  -31.644  -32.421  -34.797 0.0000000000
40341  -31.749  -31.543  -23.615 0.0000000000
40342  -32.299  -31.450  -24.260 0.0000000000
40349  -32.656  -31.501  -25.005 0.0000000000
40357  -32.651  -31.600  -25.868 0.0000000000
40361  -32.236  -31.419  -26.739 0.0000000000
40371  -29.817  -31.903  -27.954 0.0000000000
40372  -30.633  -31.617  -27.794 0.0000000000
40373  -31.329  -31.172  -27.631 0.0000000000
40374  -31.874  -31.034  -27.301 0.0000000000
40388  -27.842  -31.982  -28.910 0.0000000000
40389  -28.488  -31.525  -28.687 0.0000000000
40390  -29.328  -31.347  -28.389 0.0000000000
40391  -30.111  -31.123  -28.214 0.0000000000
40392  -30.772  -30.921  -28.063 0.0000000000
40403  -26.758  -31.070  -29.913 0.0000000000
40404  -27.314  -31.433  -29.560 0.0000000000
40405  -27.836  -31.190  -29.105 0.0000000000
40423  -24.305  -32.014  -31.682 0.0000000000
40424  -24.841  -31.720  -31.423 0.0000000000
40425  -25.601  -31.450  -31.026 0.0000000000
40426  -26.379  -31.300  -30.391 0.0000000000
40427  -26.877  -31.439  -29.989 0.0000000000
40446  -23.818  -31.832  -31.894 0.0000000000
40459  -23.543  -31.727  -32.478 0.0000000000
40470  -23.695  -31.723  -33.154 0.0000000000
40471  -24.364  -31.725  -33.629 0.0000000000
40472  -25.253  -31.756  -34.003 0.0000000000
40473  -26.229  -31.979  -33.983 0.0000000000
40474  -27.119  -32.000  -33.892 0.0000000000
40475  -28.007  -31.970  -33.799 0.0000000000
40476  -28.740  -31.915  -33.778 0.0000000000
40486  -25.726  -31.323  -34.179 0.0000000000
40487  -26.424  -31.279  -34.203 0.0000000000
40488  -27.316  -31.258  -34.182 0.0000000000
40489  -28.228  -31.270  -34.124 0.0000000000
40490  -29.254  -31.476  -34.042 0.0000000000
40491  -30.232  -31.540  -34.319 0.0000000000
40492  -31.018  -31.603  -34.676 0.0000000000
40503  -31.679  -31.555  -35.066 0.0000000000
41335  -32.066  -30.482  -23.940 0.0000000000
41342  -32.785  -30.338  -24.781 0.0000000000
41343  -33.126  -29.720  -25.122 0.0000000000
41349  -32.921  -30.722  -25.665 0.0000000000
41350  -33.169  -29.931  -25.573 0.0000000000
41354  -32.715  -30.736  -26.486 0.0000000000
41355  -33.103  -30.080  -26.336 0.0000000000
41363  -31.750  -30.613  -27.683 0.0000000000
41364  -32.328  -30.399  -27.340 0.0000000000
41365  -32.862  -30.114  -26.960 0.0000000000
41375  -28.999  -30.862  -28.775 0.0000000000
41376  -29.704  -30.718  -28.724 0.0000000000
41377  -30.525  -30.409  -28.628 0.0000000000
41378  -31.308  -30.388  -28.184 0.0000000000
41379  -31.909  -30.091  -27.967 0.0000000000
41391  -26.995  -30.760  -29.815 0.0000000000
41392  -27.571  -30.595  -29.628 0.0000000000
41393  -28.420  -30.614  -29.222 0.0000000000
41394  -29.310  -30.382  -29.232 0.0000000000
41395  -30.024  -30.259  -29.170 0.0000000000
41414  -24.226  -31.297  -31.550 0.0000000000
41415  -24.911  -30.906  -31.185 0.0000000000
41416  -25.679  -30.667  -30.693 0.0000000000
41417  -26.475  -30.549  -30.246 0.0000000000
41418  -27.047  -30.360  -30.070 0.0000000000
41435  -23.548  -30.994  -31.907 0.0000000000
41448  -23.338  -30.867  -32.700 0.0000000000
41458  -23.742  -30.847  -33.393 0.0000000000
41459  -24.442  -30.840  -33.952 0.0000000000
41460  -25.140  -31.004  -34.215 0.0000000000
41470  -24.814  -30.461  -34.248 0.0000000000
41471  -25.565  -30.576  -34.360 0.0000000000
41472  -26.527  -30.505  -34.468 0.0000000000
41473  -27.490  -30.508  -34.473 0.0000000000
41474  -28.446  -30.554  -34.458 0.0000000000
41475  -29.439  -30.563  -34.584 0.0000000000
41476  -30.376  -30.822  -34.761 0.0000000000
41477  -31.041  -30.953  -35.009 0.0000000000
41486  -29.897  -30.118  -34.910 0.0000000000
41487  -30.587  -30.212  -35.135 0.0000000000
41488  -31.580  -30.536  -35.310 0.0000000000
42345  -32.592  -29.451  -24.163 0.0000000000
42346  -33.100  -29.327  -24.771 0.0000000000
42352  -33.320  -29.243  -25.410 0.0000000000
42358  -33.340  -29.338  -26.176 0.0000000000
42367  -32.748  -29.753  -27.441 0.0000000000
42368  -33.140  -29.457  -27.065 0.0000000000
42372  -31.147  -29.867  -28.780 0.0000000000
42373  -31.715  -29.669  -28.495 0.0000000000
42374  -32.450  -29.414  -28.125 0.0000000000
42375  -32.908  -29.360  -27.672 0.0000000000
42383  -28.184  -30.160  -29.838 0.0000000000
42384  -28.970  -30.014  -29.817 0.0000000000
42385  -29.852  -29.847  -29.702 0.0000000000
42386  -30.671  -29.733  -29.344 0.0000000000
42387  -31.538  -29.192  -29.242 0.0000000000
42388  -32.033  -29.199  -28.725 0.0000000000
42400  -24.187  -30.419  -31.473 0.0000000000
42401  -25.007  -30.110  -31.058 0.0000000000
42402  -25.861  -29.965  -30.695 0.0000000000
42403  -26.722  -29.980  -30.535 0.0000000000
42404  -27.596  -29.979  -30.323 0.0000000000
42405  -28.563  -29.785  -30.447 0.0000000000
42406  -29.652  -29.417  -30.583 0.0000000000
42407  -30.540  -29.314  -30.068 0.0000000000
42408  -31.062  -29.249  -29.748 0.0000000000
42418  -23.558  -29.906  -32.194 0.0000000000
42419  -24.457  -29.575  -31.660 0.0000000000
42420  -25.390  -29.511  -31.408 0.0000000000
42421  -26.313  -29.596  -31.248 0.0000000000
42422  -27.230  -29.656  -31.132 0.0000000000
42423  -28.137  -29.592  -31.082 0.0000000000
42424  -28.946  -29.401  -31.096 0.0000000000
42433  -23.332  -30.071  -33.053 0.0000000000
42441  -23.832  -29.936  -33.704 0.0000000000
42442  -24.342  -30.118  -34.110 0.0000000000
42448  -24.144  -29.619  -34.131 0.0000000000
42449  -24.739  -29.755  -34.366 0.0000000000
42450  -25.655  -29.693  -34.632 0.0000000000
42451  -26.692  -29.705  -34.799 0.0000000000
42452  -27.660  -29.804  -34.753 0.0000000000
42453  -28.540  -29.780  -34.787 0.0000000000
42454  -29.272  -29.744  -34.910 0.0000000000
42459  -27.050  -29.321  -35.118 0.0000000000
42460  -27.722  -29.178  -35.172 0.0000000000
42461  -28.675  -29.085  -35.228 0.0000000000
42462  -29.788  -29.326  -35.287 0.0000000000
42463  -30.891  -29.494  -35.465 0.0000000000
43286  -33.051  -28.594  -24.327 0.0000000000
43289  -33.381  -28.512  -25.011 0.0000000000
43295  -33.475  -28.561  -25.844 0.0000000000
43302  -33.440  -28.640  -26.745 0.0000000000
43305  -32.708  -28.919  -28.389 0.0000000000
43306  -33.166  -28.732  -27.936 0.0000000000
43317  -31.852  -28.707  -29.568 0.0000000000
43318  -32.464  -28.583  -29.028 0.0000000000
43319  -33.148  -28.203  -28.613 0.0000000000
43329  -30.125  -29.006  -31.091 0.0000000000
43330  -30.556  -28.944  -30.715 0.0000000000
43331  -31.413  -28.656  -30.217 0.0000000000
43332  -32.005  -28.444  -29.744 0.0000000000
43340  -24.173  -29.117  -32.379 0.0000000000
43341  -24.954  -28.916  -32.111 0.0000000000
43342  -25.929  -29.059  -31.995 0.0000000000
43343  -26.898  -29.166  -31.872 0.0000000000
43344  -27.843  -29.220  -31.775 0.0000000000
43345  -28.711  -29.146  -31.681 0.0000000000
43346  -29.658  -28.842  -31.603 0.0000000000
43347  -30.511  -28.598  -31.258 0.0000000000
43348  -30.972  -28.534  -30.876 0.0000000000
43357  -23.650  -29.105  -33.113 0.0000000000
43358  -24.507  -28.221  -32.949 0.0000000000
43359  -25.566  -28.326  -32.659 0.0000000000
43360  -26.588  -28.505  -32.565 0.0000000000
43361  -27.589  -28.663  -32.448 0.0000000000
43362  -28.533  -28.730  -32.261 0.0000000000
43363  -29.123  -28.766  -32.040 0.0000000000
43372  -23.907  -29.087  -34.004 0.0000000000
43373  -24.089  -28.292  -33.763 0.0000000000
43381  -24.299  -29.247  -34.283 0.0000000000
43382  -24.635  -28.623  -34.638 0.0000000000
43383  -25.906  -29.007  -35.010 0.0000000000
43384  -26.563  -29.165  -35.116 0.0000000000
43388  -24.781  -27.936  -35.121 0.0000000000
43389  -25.412  -28.223  -35.297 0.0000000000
43390  -26.644  -28.621  -35.443 0.0000000000
43391  -27.795  -28.466  -35.643 0.0000000000
43392  -28.951  -28.244  -35.897 0.0000000000
43393  -30.244  -28.569  -35.774 0.0000000000
43394  -31.299  -28.755  -35.808 0.0000000000
43403  -29.121  -27.666  -36.418 0.0000000000
43404  -29.786  -27.836  -36.310 0.0000000000
43405  -30.761  -28.021  -36.282 0.0000000000
43406  -31.773  -28.149  -36.282 0.0000000000
44211  -33.204  -27.598  -24.461 0.0000000000
44215  -33.464  -27.704  -25.440 0.0000000000
44224  -33.560  -27.905  -26.245 0.0000000000
44232  -33.618  -27.771  -27.085 0.0000000000
44240  -33.553  -27.684  -28.118 0.0000000000
44252  -32.661  -28.052  -29.468 0.0000000000
44253  -33.187  -27.680  -29.190 0.0000000000
44261  -31.693  -28.147  -30.530 0.0000000000
44262  -32.317  -27.894  -30.130 0.0000000000
44263  -33.228  -27.157  -30.017 0.0000000000
44272  -29.860  -28.474  -32.019 0.0000000000
44273  -30.315  -28.294  -31.874 0.0000000000
44274  -31.363  -27.939  -31.216 0.0000000000
44275  -32.289  -27.334  -31.090 0.0000000000
44283  -24.748  -27.503  -33.390 0.0000000000
44284  -25.275  -27.624  -33.191 0.0000000000
44285  -26.281  -27.703  -33.271 0.0000000000
44286  -27.336  -28.018  -33.121 0.0000000000
44287  -28.368  -28.158  -32.941 0.0000000000
44288  -29.564  -28.226  -32.470 0.0000000000
44289  -30.803  -27.534  -32.429 0.0000000000
44290  -31.446  -27.364  -31.971 0.0000000000
44296  -24.411  -27.529  -33.647 0.0000000000
44297  -27.154  -27.371  -33.667 0.0000000000
44298  -28.055  -27.476  -33.600 0.0000000000
44299  -29.102  -27.515  -33.387 0.0000000000
44300  -30.163  -27.348  -33.192 0.0000000000
44301  -30.750  -27.143  -33.072 0.0000000000
44310  -24.251  -27.503  -34.286 0.0000000000
44318  -24.457  -27.458  -34.985 0.0000000000
44319  -24.988  -27.462  -35.466 0.0000000000
44320  -25.919  -27.592  -35.775 0.0000000000
44321  -26.975  -27.829  -35.959 0.0000000000
44322  -27.862  -27.824  -36.125 0.0000000000
44334  -26.454  -27.228  -36.225 0.0000000000
44335  -27.247  -27.206  -36.482 0.0000000000
44336  -28.396  -27.318  -36.592 0.0000000000
44337  -29.386  -27.242  -36.861 0.0000000000
44338  -30.299  -27.412  -36.785 0.0000000000
44339  -31.218  -27.455  -36.767 0.0000000000
44340  -32.290  -27.311  -36.730 0.0000000000
44354  -29.992  -26.960  -37.205 0.0000000000
44355  -30.709  -26.947  -37.256 0.0000000000
44356  -31.542  -26.853  -37.171 0.0000000000
44357  -32.095  -26.708  -37.096 0.0000000000
45272  -33.281  -26.852  -25.052 0.0000000000
45282  -33.607  -26.875  -26.079 0.0000000000
45287  -33.868  -26.687  -27.306 0.0000000000
45288  -34.167  -26.160  -27.860 0.0000000000
45296  -33.875  -26.861  -28.424 0.0000000000
45297  -34.321  -26.080  -28.633 0.0000000000
45310  -33.812  -26.693  -29.403 0.0000000000
45311  -34.342  -25.930  -29.571 0.0000000000
45318  -32.887  -27.041  -30.683 0.0000000000
45319  -33.693  -26.270  -30.509 0.0000000000
45320  -34.298  -25.733  -30.174 0.0000000000
45328  -31.927  -27.188  -31.687 0.0000000000
45329  -32.773  -26.426  -31.545 0.0000000000
45330  -33.464  -25.971  -31.198 0.0000000000
45337  -24.665  -27.171  -33.634 0.0000000000
45338  -25.031  -27.048  -33.556 0.0000000000
45339  -25.679  -27.135  -33.588 0.0000000000
45340  -31.076  -27.045  -32.943 0.0000000000
45341  -31.673  -26.771  -32.481 0.0000000000
45342  -32.410  -25.967  -32.417 0.0000000000
45348  -24.632  -26.717  -34.035 0.0000000000
45349  -25.459  -26.502  -33.961 0.0000000000
45350  -26.451  -26.800  -33.979 0.0000000000
45351  -27.651  -26.694  -34.171 0.0000000000
45352  -28.708  -26.859  -34.001 0.0000000000
45353  -29.722  -26.806  -33.833 0.0000000000
45354  -30.881  -26.468  -33.527 0.0000000000
45355  -31.881  -25.929  -33.079 0.0000000000
45356  -32.376  -25.619  -32.826 0.0000000000
45365  -24.406  -26.671  -34.712 0.0000000000
45366  -28.441  -26.230  -34.385 0.0000000000
45367  -29.255  -26.220  -34.318 0.0000000000
45368  -30.143  -26.134  -34.192 0.0000000000
45369  -30.634  -25.974  -34.056 0.0000000000
45380  -24.681  -26.630  -35.419 0.0000000000
45381  -25.253  -26.904  -35.869 0.0000000000
45382  -25.879  -26.915  -36.129 0.0000000000
45397  -25.009  -26.367  -35.910 0.0000000000
45398  -25.501  -26.380  -36.171 0.0000000000
45399  -26.371  -26.469  -36.555 0.0000000000
45400  -27.542  -26.335  -37.107 0.0000000000
45401  -28.709  -26.654  -37.225 0.0000000000
45402  -29.473  -26.704  -37.353 0.0000000000
45403  -32.937  -26.942  -36.728 0.0000000000
45404  -33.549  -26.558  -36.708 0.0000000000
45417  -28.332  -26.005  -37.575 0.0000000000
45418  -29.181  -26.164  -37.719 0.0000000000
45419  -30.135  -26.429  -37.700 0.0000000000
45420  -31.115  -26.410  -37.686 0.0000000000
45421  -31.918  -26.300  -37.457 0.0000000000
45422  -32.713  -26.386  -37.033 0.0000000000
45423  -33.206  -26.167  -36.914 0.0000000000
46385  -33.088  -25.700  -25.193 0.0000000000
46398  -33.715  -25.619  -26.404 0.0000000000
46399  -33.963  -25.100  -27.034 0.0000000000
46402  -34.033  -25.767  -27.263 0.0000000000
46403  -34.371  -25.292  -27.803 0.0000000000
46412  -34.689  -25.199  -28.832 0.0000000000
46424  -34.681  -25.209  -29.813 0.0000000000
46426  -33.772  -25.763  -31.043 0.0000000000
46427  -34.292  -25.356  -30.765 0.0000000000
46435  -32.929  -25.780  -32.061 0.0000000000
46436  -33.619  -25.398  -31.714 0.0000000000
46437  -34.265  -24.972  -31.366 0.0000000000
46446  -32.933  -25.306  -32.599 0.0000000000
46447  -33.475  -25.012  -32.383 0.0000000000
46455  -24.625  -26.202  -34.567 0.0000000000
46456  -25.104  -25.765  -34.535 0.0000000000
46457  -26.078  -25.835  -34.427 0.0000000000
46458  -26.966  -26.103  -34.386 0.0000000000
46459  -30.950  -25.747  -34.050 0.0000000000
46460  -31.573  -25.367  -33.903 0.0000000000
46461  -32.329  -25.271  -33.259 0.0000000000
46466  -24.579  -25.812  -35.091 0.0000000000
46467  -24.944  -24.993  -35.073 0.0000000000
46468  -26.869  -25.458  -34.656 0.0000000000
46469  -27.776  -25.681  -34.608 0.0000000000
46470  -28.797  -25.600  -34.670 0.0000000000
46471  -29.699  -25.559  -34.609 0.0000000000
46472  -30.553  -25.486  -34.406 0.0000000000
46473  -31.079  -25.344  -34.281 0.0000000000
46480  -24.904  -25.897  -35.780 0.0000000000
46481  -24.987  -25.150  -35.755 0.0000000000
46493  -25.173  -26.048  -36.085 0.0000000000
46494  -25.554  -25.598  -36.371 0.0000000000
46495  -26.637  -25.504  -37.094 0.0000000000
46496  -27.243  -25.769  -37.280 0.0000000000
46497  -34.111  -25.863  -36.740 0.0000000000
46498  -34.784  -25.485  -36.675 0.0000000000
46508  -26.935  -24.928  -37.433 0.0000000000
46509  -27.577  -25.409  -37.569 0.0000000000
46510  -28.693  -25.320  -38.105 0.0000000000
46511  -29.788  -25.689  -38.183 0.0000000000
46512  -30.751  -25.827  -38.155 0.0000000000
46513  -31.618  -25.789  -37.965 0.0000000000
46514  -32.491  -25.597  -37.683 0.0000000000
46515  -33.448  -25.642  -37.175 0.0000000000
46516  -34.241  -25.252  -37.026 0.0000000000
46527  -28.958  -24.748  -38.433 0.0000000000
46528  -29.560  -24.948  -38.462 0.0000000000
46529  -30.464  -25.102  -38.474 0.0000000000
46530  -31.362  -25.177  -38.380 0.0000000000
46531  -32.043  -25.235  -38.178 0.0000000000
47501  -33.226  -24.867  -25.812 0.0000000000
47526  -33.617  -24.451  -26.482 0.0000000000
47527  -34.140  -24.389  -27.265 0.0000000000
47530  -34.643  -24.210  -28.110 0.0000000000
47544  -35.072  -24.202  -29.245 0.0000000000
47545  -35.256  -23.618  -29.515 0.0000000000
47555  -34.932  -24.559  -30.286 0.0000000000
47556  -35.271  -23.798  -30.002 0.0000000000
47559  -34.684  -24.577  -31.087 0.0000000000
47560  -35.150  -23.935  -30.787 0.0000000000
47566  -33.792  -24.723  -32.272 0.0000000000
47567  -34.328  -24.404  -31.847 0.0000000000
47568  -34.865  -24.002  -31.407 0.0000000000
47576  -32.798  -24.758  -33.206 0.0000000000
47577  -33.431  -24.457  -32.867 0.0000000000
47578  -33.988  -24.188  -32.487 0.0000000000
47589  -25.439  -25.105  -34.844 0.0000000000
47590  -25.659  -25.389  -34.673 0.0000000000
47591  -31.775  -24.744  -34.254 0.0000000000
47592  -32.322  -24.502  -33.864 0.0000000000
47593  -32.952  -24.191  -33.445 0.0000000000
47600  -25.583  -24.681  -35.234 0.0000000000
47601  -26.198  -24.969  -34.923 0.0000000000
47602  -27.321  -24.783  -35.080 0.0000000000
47603  -28.323  -24.966  -35.090 0.0000000000
47604  -29.261  -24.966  -35.076 0.0000000000
47605  -30.167  -24.896  -34.940 0.0000000000
47606  -31.186  -24.677  -34.671 0.0000000000
47607  -31.942  -24.328  -34.492 0.0000000000
47614  -25.383  -24.571  -35.680 0.0000000000
47615  -27.457  -24.314  -35.398 0.0000000000
47616  -27.922  -24.343  -35.479 0.0000000000
47617  -28.809  -24.336  -35.527 0.0000000000
47618  -29.725  -24.324  -35.476 0.0000000000
47619  -30.519  -24.266  -35.297 0.0000000000
47628  -25.579  -24.499  -36.426 0.0000000000
47629  -25.931  -24.984  -36.818 0.0000000000
47630  -34.735  -24.852  -37.094 0.0000000000
47631  -35.387  -24.657  -36.732 0.0000000000
47632  -36.077  -24.697  -35.999 0.0000000000
47643  -25.835  -23.973  -36.870 0.0000000000
47644  -26.301  -24.407  -37.194 0.0000000000
47645  -27.320  -24.371  -37.795 0.0000000000
47646  -27.979  -24.872  -37.965 0.0000000000
47647  -32.565  -24.956  -38.133 0.0000000000
47648  -33.219  -24.908  -37.872 0.0000000000
47649  -34.223  -24.595  -37.651 0.0000000000
47650  -34.995  -24.308  -37.375 0.0000000000
47663  -27.686  -23.874  -38.160 0.0000000000
47664  -28.328  -24.311  -38.324 0.0000000000
47665  -29.276  -24.273  -38.634 0.0000000000
47666  -30.162  -24.370  -38.725 0.0000000000
47667  -31.120  -24.433  -38.764 0.0000000000
47668  -32.124  -24.511  -38.530 0.0000000000
47669  -32.907  -24.452  -38.295 0.0000000000
47670  -33.632  -24.170  -38.221 0.0000000000
48657  -33.771  -23.703  -26.963 0.0000000000
48658  -34.186  -23.590  -27.501 0.0000000000
48676  -34.477  -23.325  -28.003 0.0000000000
48698  -34.888  -23.422  -28.557 0.0000000000
48699  -35.206  -23.297  -29.149 0.0000000000
48703  -35.363  -23.144  -29.730 0.0000000000
48706  -35.378  -23.165  -30.484 0.0000000000
48709  -34.757  -23.671  -31.848 0.0000000000
48710  -35.178  -23.263  -31.394 0.0000000000
48715  -33.886  -23.778  -32.908 0.0000000000
48716  -34.431  -23.469  -32.502 0.0000000000
48717  -34.924  -23.148  -32.080 0.0000000000
48727  -32.809  -23.770  -33.867 0.0000000000
48728  -33.473  -23.501  -33.525 0.0000000000
48729  -34.089  -23.225  -33.151 0.0000000000
48730  -37.911  -23.671  -33.749 0.0000000000
48731  -38.562  -23.515  -33.166 0.0000000000
48732  -39.129  -23.222  -32.862 0.0000000000
48738  -26.089  -24.406  -35.385 0.0000000000
48739  -26.733  -24.328  -35.341 0.0000000000
48740  -27.212  -24.305  -35.360 0.0000000000
48741  -31.798  -23.952  -34.927 0.0000000000
48742  -32.450  -23.579  -34.552 0.0000000000
48743  -33.067  -23.252  -34.167 0.0000000000
48744  -36.980  -23.989  -35.051 0.0000000000
48745  -37.442  -23.655  -34.474 0.0000000000
48751  -25.766  -24.267  -35.618 0.0000000000
48752  -26.311  -23.788  -35.750 0.0000000000
48753  -27.316  -23.818  -35.670 0.0000000000
48754  -28.284  -23.704  -35.915 0.0000000000
48755  -29.287  -23.609  -35.991 0.0000000000
48756  -30.231  -23.706  -35.800 0.0000000000
48757  -31.212  -23.626  -35.479 0.0000000000
48758  -32.034  -23.361  -35.227 0.0000000000
48759  -36.574  -23.807  -35.671 0.0000000000
48760  -37.103  -23.140  -35.184 0.0000000000
48773  -25.679  -23.929  -36.042 0.0000000000
48774  -26.147  -23.376  -36.423 0.0000000000
48775  -29.918  -23.188  -36.216 0.0000000000
48776  -30.625  -23.057  -36.103 0.0000000000
48777  -31.323  -22.866  -35.960 0.0000000000
48778  -35.423  -23.836  -37.211 0.0000000000
48779  -35.997  -23.585  -36.570 0.0000000000
48793  -25.806  -23.789  -36.584 0.0000000000
48794  -26.147  -23.393  -37.139 0.0000000000
48795  -26.686  -23.721  -37.567 0.0000000000
48796  -34.263  -23.921  -38.124 0.0000000000
48797  -34.984  -23.490  -37.978 0.0000000000
48808  -26.661  -23.140  -37.656 0.0000000000
48809  -27.188  -23.399  -38.040 0.0000000000
48810  -27.936  -23.387  -38.431 0.0000000000
48811  -28.838  -23.455  -38.777 0.0000000000
48812  -29.765  -23.684  -38.976 0.0000000000
48813  -30.687  -23.739  -39.145 0.0000000000
48814  -31.838  -23.516  -39.115 0.0000000000
48815  -32.947  -23.666  -38.665 0.0000000000
48816  -34.064  -23.345  -38.488 0.0000000000
48817  -34.629  -22.944  -38.395 0.0000000000
48826  -29.406  -23.098  -39.172 0.0000000000
48827  -30.111  -23.116  -39.443 0.0000000000
48828  -31.038  -23.057  -39.521 0.0000000000
48829  -31.666  -22.898  -39.485 0.0000000000
49789  -33.821  -23.288  -27.308 0.0000000000
49843  -34.548  -22.709  -28.347 0.0000000000
49844  -34.990  -22.810  -28.783 0.0000000000
49861  -35.208  -22.554  -29.296 0.0000000000
49864  -35.425  -22.385  -30.031 0.0000000000
49867  -35.446  -22.359  -30.963 0.0000000000
49869  -34.813  -22.853  -32.471 0.0000000000
49870  -35.239  -22.362  -32.084 0.0000000000
49871  -39.582  -22.708  -32.835 0.0000000000
49877  -33.957  -22.897  -33.547 0.0000000000
49878  -34.620  -22.402  -33.196 0.0000000000
49879  -35.184  -21.874  -32.676 0.0000000000
49880  -37.811  -23.094  -34.130 0.0000000000
49881  -38.351  -22.633  -33.813 0.0000000000
49882  -39.026  -22.671  -33.245 0.0000000000
49886  -32.950  -22.943  -34.576 0.0000000000
49887  -33.630  -22.444  -34.293 0.0000000000
49888  -34.364  -21.906  -34.012 0.0000000000
49889  -37.726  -22.494  -34.583 0.0000000000
49890  -38.236  -22.077  -34.208 0.0000000000
49895  -26.886  -22.997  -36.257 0.0000000000
49896  -27.769  -23.082  -36.232 0.0000000000
49897  -28.602  -22.921  -36.372 0.0000000000
49898  -29.391  -22.934  -36.380 0.0000000000
49899  -31.846  -22.953  -35.642 0.0000000000
49900  -32.613  -22.469  -35.243 0.0000000000
49901  -33.215  -21.972  -34.950 0.0000000000
49902  -36.709  -22.636  -36.006 0.0000000000
49903  -37.297  -22.308  -35.356 0.0000000000
49914  -26.515  -22.724  -36.854 0.0000000000
49915  -29.135  -22.420  -36.664 0.0000000000
49916  -29.997  -22.495  -36.574 0.0000000000
49917  -30.984  -22.350  -36.416 0.0000000000
49918  -31.891  -22.297  -36.091 0.0000000000
49919  -32.334  -22.001  -35.832 0.0000000000
49920  -35.638  -23.121  -37.317 0.0000000000
49921  -36.112  -22.341  -36.988 0.0000000000
49936  -26.676  -22.673  -37.450 0.0000000000
49937  -35.615  -22.345  -37.803 0.0000000000
49938  -35.950  -21.878  -37.490 0.0000000000
49947  -26.948  -22.668  -37.965 0.0000000000
49948  -27.484  -22.647  -38.329 0.0000000000
49949  -28.224  -22.596  -38.751 0.0000000000
49950  -28.900  -22.763  -39.073 0.0000000000
49951  -32.634  -23.079  -39.069 0.0000000000
49952  -33.368  -22.570  -38.995 0.0000000000
49953  -34.317  -22.468  -38.639 0.0000000000
49954  -35.000  -22.430  -38.375 0.0000000000
49965  -28.635  -22.253  -39.138 0.0000000000
49966  -29.369  -22.388  -39.500 0.0000000000
49967  -30.424  -22.396  -39.828 0.0000000000
49968  -31.396  -22.432  -39.787 0.0000000000
49969  -32.332  -22.515  -39.490 0.0000000000
49970  -33.005  -22.057  -39.433 0.0000000000
51026  -34.782  -22.156  -28.830 0.0000000000
51048  -35.086  -21.614  -29.465 0.0000000000
51063  -35.408  -21.491  -30.407 0.0000000000
51065  -35.460  -21.427  -31.364 0.0000000000
51067  -35.366  -21.316  -32.253 0.0000000000
51068  -39.967  -22.319  -32.795 0.0000000000
51069  -40.483  -22.056  -32.693 0.0000000000
51070  -41.355  -21.783  -32.635 0.0000000000
51071  -42.077  -21.656  -32.836 0.0000000000
51074  -34.773  -21.365  -33.808 0.0000000000
51075  -35.199  -21.327  -33.067 0.0000000000
51076  -38.960  -22.157  -33.572 0.0000000000
51077  -39.684  -21.838  -33.231 0.0000000000
51078  -40.716  -21.259  -32.970 0.0000000000
51079  -41.634  -20.980  -33.011 0.0000000000
51083  -33.551  -21.617  -34.854 0.0000000000
51084  -34.183  -21.260  -34.526 0.0000000000
51085  -38.164  -21.730  -34.513 0.0000000000
51086  -38.867  -21.535  -34.027 0.0000000000
51087  -39.579  -21.172  -33.678 0.0000000000
51092  -27.026  -22.369  -36.775 0.0000000000
51093  -27.567  -22.481  -36.618 0.0000000000
51094  -28.050  -22.626  -36.515 0.0000000000
51095  -32.566  -21.698  -35.718 0.0000000000
51096  -33.082  -21.381  -35.408 0.0000000000
51097  -33.677  -21.058  -35.094 0.0000000000
51098  -37.197  -21.814  -35.809 0.0000000000
51099  -37.759  -21.455  -35.176 0.0000000000
51100  -38.387  -21.169  -34.653 0.0000000000
51111  -26.984  -22.187  -37.276 0.0000000000
51112  -27.560  -21.918  -37.132 0.0000000000
51113  -28.326  -22.107  -36.873 0.0000000000
51114  -29.382  -21.659  -37.085 0.0000000000
51115  -30.481  -21.715  -36.877 0.0000000000
51116  -31.473  -21.544  -36.661 0.0000000000
51117  -32.210  -21.527  -36.219 0.0000000000
51118  -32.623  -21.177  -35.931 0.0000000000
51119  -36.818  -21.504  -36.534 0.0000000000
51120  -37.377  -21.140  -35.932 0.0000000000
51135  -27.092  -22.137  -37.833 0.0000000000
51136  -27.466  -21.666  -37.699 0.0000000000
51137  -29.526  -21.056  -37.380 0.0000000000
51138  -30.097  -21.099  -37.311 0.0000000000
51139  -30.916  -21.123  -37.158 0.0000000000
51140  -35.856  -21.449  -37.878 0.0000000000
51141  -36.290  -21.404  -37.352 0.0000000000
51149  -27.252  -22.254  -38.143 0.0000000000
51150  -27.719  -21.712  -38.456 0.0000000000
51151  -28.268  -21.992  -38.894 0.0000000000
51152  -34.040  -21.903  -38.951 0.0000000000
51153  -34.691  -21.613  -38.729 0.0000000000
51154  -35.371  -21.580  -38.334 0.0000000000
51165  -28.091  -21.086  -38.848 0.0000000000
51166  -28.561  -21.493  -39.280 0.0000000000
51167  -29.698  -21.393  -40.115 0.0000000000
51168  -30.924  -21.744  -40.200 0.0000000000
51169  -31.882  -21.819  -40.048 0.0000000000
51170  -32.714  -21.567  -39.849 0.0000000000
51171  -33.574  -21.552  -39.440 0.0000000000
51172  -34.253  -21.358  -39.138 0.0000000000
51182  -29.927  -20.741  -40.503 0.0000000000
51183  -30.567  -20.975  -40.519 0.0000000000
51184  -31.526  -21.153  -40.425 0.0000000000
51185  -32.236  -21.261  -40.253 0.0000000000
52231  -35.067  -20.686  -29.985 0.0000000000
52251  -35.369  -20.565  -30.807 0.0000000000
52266  -35.451  -20.478  -31.690 0.0000000000
52268  -35.421  -20.420  -32.620 0.0000000000
52270  -34.763  -20.738  -34.212 0.0000000000
52271  -35.197  -20.428  -33.638 0.0000000000
52272  -40.156  -20.859  -33.451 0.0000000000
52273  -41.005  -20.364  -33.326 0.0000000000
52274  -41.816  -20.221  -33.475 0.0000000000
52275  -42.224  -20.020  -33.806 0.0000000000
52278  -34.536  -20.370  -34.666 0.0000000000
52279  -34.958  -20.186  -34.305 0.0000000000
52280  -38.873  -20.590  -34.531 0.0000000000
52281  -39.636  -20.488  -33.991 0.0000000000
52282  -40.382  -20.163  -33.650 0.0000000000
52283  -42.423  -20.274  -34.247 0.0000000000
52286  -33.555  -20.564  -35.580 0.0000000000
52287  -34.070  -20.509  -35.126 0.0000000000
52288  -37.810  -20.487  -35.641 0.0000000000
52289  -38.338  -20.573  -35.039 0.0000000000
52300  -28.026  -21.640  -37.231 0.0000000000
52301  -28.497  -21.349  -37.341 0.0000000000
52302  -29.075  -21.002  -37.459 0.0000000000
52303  -31.958  -21.109  -36.599 0.0000000000
52304  -32.374  -20.779  -36.430 0.0000000000
52305  -32.998  -20.631  -36.018 0.0000000000
52306  -36.738  -20.751  -37.157 0.0000000000
52307  -37.305  -20.411  -36.476 0.0000000000
52320  -27.905  -21.289  -37.526 0.0000000000
52321  -28.521  -20.534  -37.821 0.0000000000
52322  -29.604  -20.524  -37.682 0.0000000000
52323  -30.663  -20.486  -37.550 0.0000000000
52324  -31.714  -20.586  -37.026 0.0000000000
52325  -32.336  -20.293  -36.742 0.0000000000
52326  -35.674  -21.018  -38.277 0.0000000000
52327  -36.162  -20.442  -38.003 0.0000000000
52328  -36.956  -19.892  -37.303 0.0000000000
52335  -27.715  -20.887  -38.036 0.0000000000
52336  -28.176  -20.338  -38.451 0.0000000000
52337  -34.617  -21.046  -39.054 0.0000000000
52338  -35.225  -20.575  -38.886 0.0000000000
52339  -35.769  -19.997  -38.609 0.0000000000
52349  -27.963  -20.851  -38.566 0.0000000000
52350  -28.315  -20.454  -39.152 0.0000000000
52351  -28.904  -20.723  -39.758 0.0000000000
52352  -32.646  -21.040  -40.221 0.0000000000
52353  -33.271  -20.691  -40.172 0.0000000000
52354  -34.274  -20.664  -39.563 0.0000000000
52355  -34.741  -20.127  -39.504 0.0000000000
52365  -28.770  -20.058  -39.782 0.0000000000
52366  -29.380  -20.249  -40.337 0.0000000000
52367  -30.179  -20.241  -40.814 0.0000000000
52368  -31.167  -20.435  -40.862 0.0000000000
52369  -32.302  -20.585  -40.634 0.0000000000
52370  -32.981  -20.198  -40.666 0.0000000000
53419  -34.960  -19.788  -30.440 0.0000000000
53438  -35.291  -19.687  -31.151 0.0000000000
53449  -35.420  -19.524  -32.013 0.0000000000
53451  -35.446  -19.442  -33.045 0.0000000000
53452  -40.822  -19.726  -33.588 0.0000000000
53453  -41.403  -19.623  -33.575 0.0000000000
53454  -41.963  -19.460  -33.728 0.0000000000
53457  -34.815  -19.904  -34.620 0.0000000000
53458  -35.211  -19.390  -34.231 0.0000000000
53459  -38.721  -20.103  -34.852 0.0000000000
53460  -39.268  -19.661  -34.556 0.0000000000
53461  -40.260  -19.438  -33.922 0.0000000000
53462  -42.178  -19.024  -34.427 0.0000000000
53463  -42.269  -19.298  -34.173 0.0000000000
53467  -33.941  -20.119  -35.571 0.0000000000
53468  -34.486  -19.643  -35.238 0.0000000000
53469  -35.027  -18.791  -34.952 0.0000000000
53470  -37.767  -19.747  -35.974 0.0000000000
53471  -38.469  -19.607  -35.327 0.0000000000
53472  -39.122  -18.831  -34.945 0.0000000000
53473  -42.153  -19.402  -34.978 0.0000000000
53474  -42.332  -19.803  -34.563 0.0000000000
53484  -32.768  -20.214  -36.508 0.0000000000
53485  -33.558  -19.695  -36.219 0.0000000000
53486  -34.227  -19.169  -35.880 0.0000000000
53487  -37.537  -19.233  -36.673 0.0000000000
53499  -28.571  -19.860  -38.405 0.0000000000
53500  -29.243  -19.759  -38.197 0.0000000000
53501  -30.227  -19.823  -37.995 0.0000000000
53502  -31.318  -19.634  -37.792 0.0000000000
53503  -32.487  -19.652  -37.046 0.0000000000
53504  -33.145  -19.237  -36.845 0.0000000000
53505  -36.605  -19.310  -37.901 0.0000000000
53506  -37.123  -19.044  -37.398 0.0000000000
53513  -28.379  -19.788  -38.841 0.0000000000
53514  -29.889  -19.299  -38.338 0.0000000000
53515  -30.651  -19.229  -38.252 0.0000000000
53516  -31.151  -19.159  -38.157 0.0000000000
53517  -35.553  -19.498  -39.043 0.0000000000
53518  -36.045  -19.419  -38.474 0.0000000000
53525  -28.581  -19.614  -39.428 0.0000000000
53526  -33.876  -20.143  -40.105 0.0000000000
53527  -34.365  -19.666  -40.042 0.0000000000
53528  -35.051  -19.614  -39.573 0.0000000000
53536  -28.828  -19.340  -40.219 0.0000000000
53537  -29.557  -19.234  -41.019 0.0000000000
53538  -30.662  -19.632  -41.331 0.0000000000
53539  -31.749  -19.834  -41.275 0.0000000000
53540  -32.663  -19.822  -41.034 0.0000000000
53541  -33.535  -19.539  -40.672 0.0000000000
53542  -34.112  -19.325  -40.421 0.0000000000
53550  -29.625  -18.544  -41.413 0.0000000000
53551  -30.216  -18.736  -41.672 0.0000000000
53552  -31.296  -18.982  -41.842 0.0000000000
53553  -32.318  -19.194  -41.543 0.0000000000
53554  -32.901  -19.351  -41.187 0.0000000000
54485  -35.000  -19.237  -30.830 0.0000000000
54501  -35.009  -18.728  -31.330 0.0000000000
54516  -35.331  -18.528  -32.382 0.0000000000
54523  -35.447  -18.378  -33.404 0.0000000000
54524  -41.011  -19.183  -33.645 0.0000000000
54525  -41.592  -18.971  -33.775 0.0000000000
54526  -42.087  -18.941  -33.909 0.0000000000
54528  -35.344  -18.178  -34.363 0.0000000000
54529  -39.842  -18.622  -34.409 0.0000000000
54530  -40.869  -18.441  -33.957 0.0000000000
54531  -41.941  -18.519  -34.293 0.0000000000
54532  -42.199  -18.858  -34.083 0.0000000000
54535  -34.639  -18.680  -35.610 0.0000000000
54536  -35.151  -17.990  -35.213 0.0000000000
54537  -38.027  -19.029  -35.934 0.0000000000
54538  -38.627  -18.334  -35.535 0.0000000000
54539  -39.407  -17.941  -34.915 0.0000000000
54540  -41.834  -18.548  -35.417 0.0000000000
54549  -33.479  -18.891  -36.732 0.0000000000
54550  -34.096  -18.599  -36.337 0.0000000000
54551  -37.989  -18.233  -36.306 0.0000000000
54552  -38.453  -17.531  -35.976 0.0000000000
54567  -28.580  -19.571  -38.702 0.0000000000
54568  -28.827  -19.462  -38.577 0.0000000000
54569  -31.424  -19.091  -38.084 0.0000000000
54570  -32.024  -18.910  -37.917 0.0000000000
54571  -32.987  -18.695  -37.330 0.0000000000
54572  -36.901  -18.531  -37.772 0.0000000000
54573  -37.422  -18.120  -37.167 0.0000000000
54587  -28.641  -19.236  -38.974 0.0000000000
54588  -29.273  -19.056  -38.695 0.0000000000
54589  -30.127  -18.777  -38.663 0.0000000000
54590  -31.165  -18.695  -38.503 0.0000000000
54591  -31.979  -18.249  -38.450 0.0000000000
54592  -35.813  -18.784  -38.926 0.0000000000
54593  -36.380  -18.424  -38.403 0.0000000000
54607  -28.673  -18.931  -39.625 0.0000000000
54608  -34.851  -19.177  -40.051 0.0000000000
54609  -35.356  -18.546  -39.797 0.0000000000
54620  -28.789  -18.564  -40.208 0.0000000000
54621  -28.957  -18.721  -40.699 0.0000000000
54622  -33.558  -18.529  -41.002 0.0000000000
54623  -34.332  -18.727  -40.491 0.0000000000
54624  -34.807  -18.065  -40.388 0.0000000000
54636  -28.904  -18.250  -40.648 0.0000000000
54637  -29.168  -18.282  -41.159 0.0000000000
54638  -29.732  -17.984  -41.716 0.0000000000
54639  -30.771  -17.869  -42.237 0.0000000000
54640  -32.147  -18.146  -42.129 0.0000000000
54641  -32.987  -18.756  -41.422 0.0000000000
54649  -31.656  -17.628  -42.396 0.0000000000
54650  -32.017  -17.713  -42.353 0.0000000000
55569  -34.910  -17.763  -31.917 0.0000000000
55586  -35.286  -17.478  -32.777 0.0000000000
55598  -35.444  -17.307  -33.734 0.0000000000
55605  -35.436  -17.191  -34.670 0.0000000000
55606  -40.230  -17.646  -34.564 0.0000000000
55607  -41.099  -17.614  -34.453 0.0000000000
55608  -41.578  -17.686  -34.944 0.0000000000
55612  -34.748  -17.858  -35.994 0.0000000000
55613  -35.235  -17.126  -35.561 0.0000000000
55620  -33.627  -18.268  -36.967 0.0000000000
55621  -34.210  -17.554  -36.799 0.0000000000
55622  -34.858  -17.073  -36.274 0.0000000000
55634  -32.598  -18.201  -38.006 0.0000000000
55635  -33.395  -17.637  -37.698 0.0000000000
55636  -34.052  -16.946  -37.437 0.0000000000
55637  -36.922  -17.654  -37.927 0.0000000000
55650  -28.961  -18.759  -39.212 0.0000000000
55651  -29.522  -18.472  -39.195 0.0000000000
55652  -30.390  -18.158  -39.205 0.0000000000
55653  -31.431  -17.825  -39.034 0.0000000000
55654  -32.510  -17.468  -38.591 0.0000000000
55655  -33.226  -16.990  -38.328 0.0000000000
55656  -35.952  -18.037  -39.087 0.0000000000
55657  -36.423  -17.120  -38.726 0.0000000000
55673  -29.005  -18.379  -39.694 0.0000000000
55674  -29.603  -17.921  -39.781 0.0000000000
55675  -30.543  -17.174  -39.838 0.0000000000
55676  -31.900  -17.047  -39.346 0.0000000000
55677  -32.489  -16.896  -38.986 0.0000000000
55678  -35.808  -17.244  -39.578 0.0000000000
55694  -28.979  -17.983  -40.245 0.0000000000
55695  -29.469  -17.477  -40.442 0.0000000000
55696  -29.885  -16.795  -40.817 0.0000000000
55697  -33.809  -18.069  -40.944 0.0000000000
55698  -34.259  -17.500  -40.852 0.0000000000
55699  -35.161  -17.425  -40.315 0.0000000000
55712  -28.992  -17.815  -40.787 0.0000000000
55713  -29.410  -17.500  -41.176 0.0000000000
55714  -30.045  -16.964  -41.819 0.0000000000
55715  -30.574  -17.107  -42.273 0.0000000000
55716  -32.557  -17.698  -42.118 0.0000000000
55717  -33.230  -17.599  -41.722 0.0000000000
55718  -33.860  -17.072  -41.409 0.0000000000
55729  -30.604  -16.628  -42.237 0.0000000000
55730  -31.178  -16.973  -42.517 0.0000000000
55731  -32.238  -17.277  -42.376 0.0000000000
55732  -32.836  -16.988  -42.232 0.0000000000
56799  -35.223  -16.424  -33.242 0.0000000000
56809  -35.501  -16.281  -34.139 0.0000000000
56819  -35.491  -16.250  -35.088 0.0000000000
56827  -34.625  -16.447  -36.880 0.0000000000
56828  -35.213  -16.278  -36.014 0.0000000000
56837  -33.706  -16.809  -37.976 0.0000000000
56838  -34.192  -16.186  -37.779 0.0000000000
56850  -32.875  -16.762  -38.735 0.0000000000
56851  -33.495  -16.167  -38.544 0.0000000000
56852  -34.045  -15.769  -38.211 0.0000000000
56866  -30.719  -16.321  -40.516 0.0000000000
56867  -31.582  -16.367  -39.926 0.0000000000
56868  -32.634  -16.283  -39.274 0.0000000000
56869  -33.187  -15.842  -39.063 0.0000000000
56887  -30.403  -16.223  -41.232 0.0000000000
56888  -34.850  -16.566  -40.710 0.0000000000
56889  -35.474  -16.472  -40.117 0.0000000000
56904  -30.536  -16.096  -41.915 0.0000000000
56905  -33.678  -16.592  -41.787 0.0000000000
56906  -34.240  -16.571  -41.274 0.0000000000
56918  -30.979  -16.002  -42.532 0.0000000000
56919  -31.796  -16.144  -42.784 0.0000000000
56920  -32.658  -16.350  -42.560 0.0000000000
56921  -33.185  -16.654  -42.170 0.0000000000
56929  -32.069  -15.661  -43.025 0.0000000000
56930  -32.335  -15.862  -42.884 0.0000000000
58065  -34.737  -15.657  -33.048 0.0000000000
58084  -35.207  -15.306  -33.739 0.0000000000
58099  -35.480  -15.295  -34.638 0.0000000000
58108  -35.458  -15.303  -35.584 0.0000000000
58118  -34.649  -15.667  -37.291 0.0000000000
58119  -35.142  -15.355  -36.606 0.0000000000
58128  -34.384  -15.273  -37.903 0.0000000000
58129  -34.830  -15.006  -37.293 0.0000000000
58137  -33.487  -15.385  -38.954 0.0000000000
58138  -33.921  -15.346  -38.501 0.0000000000
58154  -30.884  -15.811  -40.891 0.0000000000
58155  -31.449  -15.785  -40.484 0.0000000000
58156  -32.339  -15.563  -39.997 0.0000000000
58157  -33.057  -15.477  -39.453 0.0000000000
58176  -30.909  -15.571  -41.418 0.0000000000
58177  -31.370  -15.385  -40.968 0.0000000000
58178  -31.975  -15.257  -40.625 0.0000000000
58192  -30.952  -15.411  -42.060 0.0000000000
58193  -34.101  -15.987  -41.728 0.0000000000
58194  -34.705  -15.704  -41.194 0.0000000000
58206  -31.285  -15.223  -42.607 0.0000000000
58207  -31.415  -15.649  -42.776 0.0000000000
58208  -32.771  -15.744  -42.806 0.0000000000
58209  -33.484  -15.662  -42.440 0.0000000000
58210  -34.361  -15.363  -41.873 0.0000000000
58222  -31.769  -15.197  -43.065 0.0000000000
58223  -32.479  -15.324  -43.048 0.0000000000
58224  -32.945  -15.437  -42.892 0.0000000000
59438  -34.728  -14.927  -33.399 0.0000000000
59457  -34.903  -14.381  -33.772 0.0000000000
59471  -35.277  -14.390  -34.351 0.0000000000
59484  -35.533  -14.304  -35.176 0.0000000000
59493  -35.554  -14.317  -36.117 0.0000000000
59500  -34.798  -14.397  -37.753 0.0000000000
59501  -35.251  -14.330  -37.011 0.0000000000
59510  -33.799  -14.941  -38.849 0.0000000000
59511  -34.279  -14.490  -38.566 0.0000000000
59525  -32.966  -15.090  -39.850 0.0000000000
59526  -33.577  -14.561  -39.462 0.0000000000
59538  -31.336  -15.174  -41.293 0.0000000000
59540  -32.773  -14.631  -40.371 0.0000000000
59554  -31.291  -14.992  -41.633 0.0000000000
59569  -33.671  -14.645  -42.773 0.0000000000
59570  -34.278  -14.719  -42.318 0.0000000000
59586  -33.092  -14.900  -43.043 0.0000000000
60779  -34.992  -13.760  -34.191 0.0000000000
60796  -35.337  -13.353  -34.814 0.0000000000
60810  -35.801  -13.191  -35.757 0.0000000000
60811  -36.063  -12.664  -36.042 0.0000000000
60822  -35.671  -13.357  -36.656 0.0000000000
60823  -35.982  -12.859  -36.284 0.0000000000
62155  -35.514  -12.402  -35.343 0.0000000000
62156  -35.971  -12.253  -35.888 0.0000000000
