#!ascii label  , from subject cvs_avg35_inMNI152 vox2ras=TkReg
1023
10884  -8.177  -64.080  -20.791 0.0000000000
10885  -8.375  -63.665  -20.992 0.0000000000
10895  -8.285  -64.047  -21.369 0.0000000000
10897  -7.036  -64.357  -22.698 0.0000000000
10898  -7.864  -64.698  -22.351 0.0000000000
10899  -8.122  -64.390  -21.763 0.0000000000
11529  -3.918  -63.016  -17.133 0.0000000000
11530  -4.780  -63.042  -17.073 0.0000000000
11531  -5.731  -63.078  -17.013 0.0000000000
11564  -8.016  -63.091  -19.834 0.0000000000
11571  -7.762  -63.670  -20.205 0.0000000000
11572  -8.254  -63.250  -20.517 0.0000000000
11576  -7.966  -62.977  -21.613 0.0000000000
11577  -8.240  -63.189  -21.314 0.0000000000
11581  -6.396  -63.392  -22.656 0.0000000000
11582  -7.612  -63.347  -21.990 0.0000000000
11583  -8.195  -63.952  -21.799 0.0000000000
12210  -2.938  -62.148  -16.706 0.0000000000
12211  -3.364  -62.355  -16.725 0.0000000000
12212  -4.297  -62.403  -16.635 0.0000000000
12213  -5.259  -62.446  -16.599 0.0000000000
12214  -6.250  -62.487  -16.563 0.0000000000
12222  -2.859  -62.396  -17.222 0.0000000000
12223  -3.314  -62.961  -17.273 0.0000000000
12241  -7.605  -62.493  -19.569 0.0000000000
12242  -8.221  -62.418  -19.920 0.0000000000
12249  -7.971  -62.091  -20.997 0.0000000000
12250  -8.156  -62.304  -20.699 0.0000000000
12253  -7.203  -62.133  -21.636 0.0000000000
12254  -7.722  -62.392  -21.414 0.0000000000
12255  -8.155  -62.638  -21.183 0.0000000000
12259  -5.830  -62.454  -22.638 0.0000000000
12260  -6.876  -62.364  -22.001 0.0000000000
12261  -7.447  -62.716  -21.800 0.0000000000
12906  -2.884  -60.674  -14.874 0.0000000000
12907  -3.133  -60.713  -14.887 0.0000000000
12913  -2.832  -60.858  -15.254 0.0000000000
12914  -3.530  -61.060  -15.376 0.0000000000
12915  -4.439  -61.181  -15.621 0.0000000000
12916  -5.375  -61.195  -15.718 0.0000000000
12917  -6.363  -61.208  -15.757 0.0000000000
12924  -2.795  -61.538  -16.330 0.0000000000
12925  -3.842  -61.726  -16.144 0.0000000000
12926  -4.813  -61.803  -16.150 0.0000000000
12927  -5.797  -61.832  -16.172 0.0000000000
12934  -2.609  -61.414  -17.740 0.0000000000
12943  -7.454  -61.159  -18.987 0.0000000000
12944  -8.227  -61.041  -19.129 0.0000000000
12945  -8.496  -60.786  -19.350 0.0000000000
12952  -7.044  -61.814  -19.360 0.0000000000
12953  -7.917  -61.764  -19.399 0.0000000000
12954  -8.290  -61.385  -19.823 0.0000000000
12959  -7.796  -61.594  -20.790 0.0000000000
12960  -8.118  -61.529  -20.366 0.0000000000
12964  -6.991  -61.598  -21.538 0.0000000000
12965  -7.464  -61.681  -21.190 0.0000000000
12971  -6.041  -61.587  -22.389 0.0000000000
12972  -6.556  -61.585  -21.997 0.0000000000
13594  -2.643  -58.923  -13.424 0.0000000000
13595  -2.794  -59.055  -13.289 0.0000000000
13607  -2.605  -59.042  -13.677 0.0000000000
13608  -2.965  -59.486  -13.604 0.0000000000
13609  -3.333  -59.932  -13.997 0.0000000000
13615  -2.467  -59.369  -14.286 0.0000000000
13616  -2.776  -60.255  -14.603 0.0000000000
13617  -3.658  -60.344  -14.545 0.0000000000
13618  -4.574  -60.245  -14.533 0.0000000000
13619  -5.487  -60.168  -14.568 0.0000000000
13620  -6.500  -60.100  -14.587 0.0000000000
13628  -2.308  -59.584  -15.098 0.0000000000
13629  -2.430  -60.305  -15.775 0.0000000000
13630  -4.217  -60.703  -15.055 0.0000000000
13631  -4.992  -60.680  -15.136 0.0000000000
13632  -5.934  -60.662  -15.182 0.0000000000
13639  -2.372  -60.489  -16.921 0.0000000000
13643  -2.314  -60.390  -17.819 0.0000000000
13651  -2.564  -60.614  -18.785 0.0000000000
13652  -3.658  -60.324  -19.038 0.0000000000
13653  -4.725  -60.382  -18.898 0.0000000000
13654  -5.822  -60.438  -18.754 0.0000000000
13655  -6.907  -60.490  -18.631 0.0000000000
13656  -7.901  -60.493  -18.617 0.0000000000
13657  -8.755  -60.347  -18.874 0.0000000000
13658  -9.230  -59.937  -18.928 0.0000000000
13665  -5.323  -61.095  -19.256 0.0000000000
13666  -6.429  -61.112  -19.114 0.0000000000
13667  -8.644  -60.379  -19.598 0.0000000000
13668  -9.074  -60.064  -19.245 0.0000000000
13673  -7.177  -60.406  -20.954 0.0000000000
13674  -7.581  -60.660  -20.704 0.0000000000
13675  -8.115  -60.724  -20.236 0.0000000000
13679  -6.812  -60.573  -21.341 0.0000000000
13680  -7.280  -61.093  -21.052 0.0000000000
13684  -4.703  -60.757  -22.854 0.0000000000
13685  -5.452  -60.725  -22.511 0.0000000000
13686  -6.322  -60.811  -22.011 0.0000000000
14363  -2.679  -58.180  -12.910 0.0000000000
14364  -2.958  -58.234  -12.673 0.0000000000
14378  -2.546  -58.543  -13.422 0.0000000000
14379  -3.180  -58.792  -12.915 0.0000000000
14380  -4.019  -58.715  -12.894 0.0000000000
14381  -4.362  -58.652  -12.913 0.0000000000
14391  -2.368  -58.634  -14.194 0.0000000000
14392  -3.277  -59.269  -13.288 0.0000000000
14393  -3.646  -59.384  -13.469 0.0000000000
14394  -4.533  -58.968  -13.327 0.0000000000
14395  -5.452  -58.881  -13.674 0.0000000000
14396  -6.339  -58.774  -13.775 0.0000000000
14397  -6.952  -58.671  -13.774 0.0000000000
14404  -2.256  -58.937  -14.788 0.0000000000
14405  -3.688  -59.888  -13.978 0.0000000000
14406  -4.166  -59.756  -13.976 0.0000000000
14407  -4.996  -59.543  -14.097 0.0000000000
14408  -5.966  -59.446  -14.159 0.0000000000
14409  -7.117  -59.212  -14.150 0.0000000000
14415  -2.170  -58.893  -15.458 0.0000000000
14416  -2.195  -59.503  -15.814 0.0000000000
14418  -2.049  -58.995  -16.198 0.0000000000
14419  -2.174  -59.668  -16.496 0.0000000000
14423  -2.026  -59.159  -16.803 0.0000000000
14424  -2.169  -59.549  -17.362 0.0000000000
14425  -2.894  -59.320  -17.700 0.0000000000
14426  -3.763  -59.205  -17.833 0.0000000000
14427  -4.777  -59.245  -17.781 0.0000000000
14428  -5.831  -59.278  -17.720 0.0000000000
14429  -6.873  -59.283  -17.668 0.0000000000
14430  -7.878  -59.253  -17.621 0.0000000000
14431  -8.749  -59.218  -17.703 0.0000000000
14438  -2.463  -59.823  -18.158 0.0000000000
14439  -3.201  -59.747  -18.429 0.0000000000
14440  -4.205  -59.715  -18.458 0.0000000000
14441  -5.270  -59.800  -18.321 0.0000000000
14442  -6.354  -59.816  -18.254 0.0000000000
14443  -7.400  -59.836  -18.189 0.0000000000
14444  -8.359  -59.788  -18.222 0.0000000000
14445  -9.282  -59.521  -18.405 0.0000000000
14446  -9.858  -59.177  -18.676 0.0000000000
14450  -9.044  -59.917  -19.604 0.0000000000
14451  -9.491  -59.593  -19.292 0.0000000000
14452  -10.185  -59.001  -19.215 0.0000000000
14455  -7.388  -60.148  -20.810 0.0000000000
14456  -7.849  -60.003  -20.669 0.0000000000
14457  -8.841  -59.575  -20.308 0.0000000000
14458  -9.898  -59.125  -19.939 0.0000000000
14459  -10.417  -58.802  -19.723 0.0000000000
14462  -7.107  -59.637  -21.149 0.0000000000
14463  -8.122  -59.384  -20.954 0.0000000000
14464  -8.603  -59.313  -20.818 0.0000000000
14468  -4.375  -60.345  -23.161 0.0000000000
14469  -4.893  -59.771  -22.743 0.0000000000
14470  -5.795  -59.847  -22.242 0.0000000000
14471  -6.426  -59.939  -21.680 0.0000000000
14486  -4.360  -59.629  -23.408 0.0000000000
15173  -2.601  -57.692  -12.930 0.0000000000
15174  -2.822  -57.754  -12.657 0.0000000000
15175  -3.918  -57.759  -12.206 0.0000000000
15176  -4.160  -57.798  -12.204 0.0000000000
15184  -2.448  -57.704  -13.306 0.0000000000
15185  -3.241  -58.006  -12.453 0.0000000000
15186  -3.827  -58.071  -12.362 0.0000000000
15187  -4.597  -58.226  -12.587 0.0000000000
15188  -5.522  -58.011  -12.669 0.0000000000
15189  -6.402  -57.886  -12.728 0.0000000000
15190  -7.354  -57.874  -12.890 0.0000000000
15201  -2.339  -57.701  -14.103 0.0000000000
15202  -5.171  -58.461  -13.118 0.0000000000
15203  -5.907  -58.324  -13.271 0.0000000000
15204  -6.751  -58.305  -13.374 0.0000000000
15215  -2.299  -58.143  -14.956 0.0000000000
15220  -2.485  -58.228  -15.830 0.0000000000
15221  -2.849  -57.932  -15.929 0.0000000000
15223  -2.335  -58.756  -16.613 0.0000000000
15224  -2.974  -58.283  -16.413 0.0000000000
15225  -3.943  -58.195  -16.503 0.0000000000
15226  -4.955  -58.131  -16.613 0.0000000000
15227  -5.922  -58.136  -16.811 0.0000000000
15228  -6.832  -58.121  -16.903 0.0000000000
15229  -7.624  -58.076  -16.930 0.0000000000
15230  -8.025  -57.931  -16.945 0.0000000000
15234  -2.187  -59.026  -17.059 0.0000000000
15235  -2.608  -58.936  -17.088 0.0000000000
15236  -3.375  -58.753  -17.158 0.0000000000
15237  -4.339  -58.682  -17.210 0.0000000000
15238  -5.363  -58.702  -17.216 0.0000000000
15239  -6.370  -58.686  -17.259 0.0000000000
15240  -7.344  -58.639  -17.248 0.0000000000
15241  -8.360  -58.412  -17.206 0.0000000000
15242  -9.494  -58.643  -17.712 0.0000000000
15243  -9.931  -58.211  -17.797 0.0000000000
15250  -9.785  -59.009  -18.233 0.0000000000
15251  -10.198  -58.502  -18.358 0.0000000000
15256  -10.704  -58.386  -19.345 0.0000000000
15257  -10.964  -58.203  -19.799 0.0000000000
15260  -9.093  -59.182  -20.705 0.0000000000
15261  -9.562  -59.003  -20.621 0.0000000000
15262  -10.603  -58.504  -20.334 0.0000000000
15263  -11.086  -58.061  -20.028 0.0000000000
15266  -6.969  -59.061  -21.462 0.0000000000
15267  -7.507  -58.814  -21.541 0.0000000000
15268  -8.803  -58.935  -21.128 0.0000000000
15269  -9.938  -58.550  -21.170 0.0000000000
15270  -10.504  -58.280  -21.014 0.0000000000
15275  -4.936  -59.201  -22.719 0.0000000000
15276  -5.364  -59.046  -22.572 0.0000000000
15277  -6.450  -58.953  -21.943 0.0000000000
15278  -7.061  -58.305  -22.048 0.0000000000
15295  -4.715  -58.915  -22.956 0.0000000000
15296  -5.288  -58.502  -22.975 0.0000000000
15312  -4.700  -58.908  -23.772 0.0000000000
15313  -5.178  -58.824  -24.419 0.0000000000
15320  -5.857  -58.665  -24.974 0.0000000000
15321  -6.708  -58.653  -25.336 0.0000000000
15322  -7.664  -58.628  -25.531 0.0000000000
15323  -8.669  -58.615  -25.735 0.0000000000
15324  -9.624  -58.329  -25.851 0.0000000000
15325  -10.378  -58.135  -25.836 0.0000000000
15335  -10.886  -58.403  -26.186 0.0000000000
15336  -11.691  -58.245  -25.882 0.0000000000
15949  -2.506  -57.077  -12.899 0.0000000000
15950  -3.102  -57.217  -12.298 0.0000000000
15951  -3.865  -57.405  -12.136 0.0000000000
15952  -4.652  -57.376  -11.960 0.0000000000
15953  -5.497  -57.174  -11.784 0.0000000000
15954  -6.206  -57.035  -11.793 0.0000000000
15960  -2.308  -56.932  -13.667 0.0000000000
15961  -3.590  -57.711  -12.267 0.0000000000
15962  -3.823  -57.755  -12.238 0.0000000000
15963  -5.226  -57.676  -12.210 0.0000000000
15964  -5.959  -57.514  -12.191 0.0000000000
15965  -6.990  -57.176  -12.175 0.0000000000
15966  -8.058  -57.307  -12.546 0.0000000000
15977  -2.408  -56.813  -14.303 0.0000000000
15986  -2.700  -57.103  -14.837 0.0000000000
15987  -3.103  -56.754  -14.963 0.0000000000
15993  -2.632  -57.702  -15.286 0.0000000000
15994  -3.149  -57.327  -15.392 0.0000000000
15995  -3.910  -56.922  -15.515 0.0000000000
15996  -4.359  -56.654  -15.561 0.0000000000
15998  -3.082  -57.825  -15.939 0.0000000000
15999  -3.578  -57.687  -15.922 0.0000000000
16000  -4.584  -57.255  -15.968 0.0000000000
16001  -5.550  -57.405  -16.537 0.0000000000
16002  -6.365  -57.547  -16.841 0.0000000000
16003  -7.218  -57.468  -16.965 0.0000000000
16004  -7.775  -57.743  -16.948 0.0000000000
16008  -7.483  -57.040  -17.207 0.0000000000
16009  -8.121  -57.471  -17.102 0.0000000000
16010  -9.196  -57.750  -17.315 0.0000000000
16011  -9.726  -58.056  -17.569 0.0000000000
16018  -9.319  -57.192  -17.595 0.0000000000
16019  -9.907  -57.549  -17.847 0.0000000000
16026  -10.618  -57.599  -18.638 0.0000000000
16027  -11.090  -57.651  -19.502 0.0000000000
16031  -10.770  -58.101  -20.869 0.0000000000
16032  -11.215  -57.658  -20.455 0.0000000000
16034  -7.541  -58.300  -22.000 0.0000000000
16035  -8.167  -58.289  -21.936 0.0000000000
16036  -9.250  -58.157  -21.860 0.0000000000
16037  -10.477  -57.769  -21.521 0.0000000000
16038  -11.284  -57.160  -21.175 0.0000000000
16042  -5.854  -58.470  -22.717 0.0000000000
16043  -6.518  -57.984  -22.646 0.0000000000
16044  -7.447  -57.804  -22.395 0.0000000000
16045  -8.413  -57.579  -22.425 0.0000000000
16046  -9.444  -57.330  -22.357 0.0000000000
16047  -10.259  -57.007  -22.224 0.0000000000
16067  -5.081  -58.471  -23.405 0.0000000000
16068  -5.781  -57.976  -23.408 0.0000000000
16069  -6.434  -57.389  -23.288 0.0000000000
16085  -5.220  -58.307  -23.896 0.0000000000
16086  -5.854  -57.714  -24.348 0.0000000000
16098  -6.406  -57.672  -24.924 0.0000000000
16099  -7.202  -57.579  -25.234 0.0000000000
16100  -8.222  -57.586  -25.338 0.0000000000
16101  -9.251  -57.541  -25.402 0.0000000000
16102  -10.162  -57.434  -25.548 0.0000000000
16103  -11.059  -57.372  -25.649 0.0000000000
16104  -11.577  -56.816  -25.745 0.0000000000
16117  -11.383  -57.854  -25.734 0.0000000000
16118  -11.845  -57.199  -25.777 0.0000000000
16119  -12.532  -57.299  -25.740 0.0000000000
16120  -13.373  -57.323  -25.618 0.0000000000
16121  -14.233  -57.010  -25.526 0.0000000000
16740  -2.674  -56.035  -12.533 0.0000000000
16741  -3.496  -56.330  -12.091 0.0000000000
16742  -4.295  -56.449  -11.875 0.0000000000
16743  -5.127  -56.487  -11.679 0.0000000000
16744  -5.912  -56.530  -11.583 0.0000000000
16745  -6.621  -56.432  -11.766 0.0000000000
16752  -2.273  -56.145  -13.376 0.0000000000
16753  -7.251  -56.261  -12.089 0.0000000000
16754  -7.918  -56.542  -12.345 0.0000000000
16763  -2.425  -56.147  -14.118 0.0000000000
16771  -2.783  -56.205  -14.570 0.0000000000
16772  -3.095  -56.213  -14.810 0.0000000000
16781  -3.388  -56.277  -14.914 0.0000000000
16782  -3.736  -56.347  -15.085 0.0000000000
16783  -4.247  -56.205  -15.226 0.0000000000
16787  -4.727  -56.200  -15.652 0.0000000000
16788  -5.349  -56.334  -16.411 0.0000000000
16789  -6.006  -56.910  -16.953 0.0000000000
16790  -6.598  -57.136  -16.978 0.0000000000
16794  -5.411  -55.956  -16.807 0.0000000000
16795  -5.697  -56.155  -17.109 0.0000000000
16796  -6.725  -56.610  -17.336 0.0000000000
16797  -7.776  -56.598  -17.531 0.0000000000
16798  -8.721  -56.952  -17.475 0.0000000000
16803  -8.393  -56.311  -17.828 0.0000000000
16804  -9.213  -56.543  -17.952 0.0000000000
16805  -10.104  -56.659  -18.369 0.0000000000
16811  -10.770  -56.717  -18.938 0.0000000000
16812  -11.378  -56.704  -19.570 0.0000000000
16817  -11.669  -56.630  -20.436 0.0000000000
16820  -10.924  -56.981  -21.803 0.0000000000
16821  -11.543  -56.375  -21.407 0.0000000000
16823  -6.922  -57.337  -22.920 0.0000000000
16824  -7.615  -57.058  -22.937 0.0000000000
16825  -8.536  -56.759  -22.879 0.0000000000
16826  -9.560  -56.415  -22.774 0.0000000000
16827  -10.699  -56.292  -22.334 0.0000000000
16828  -11.426  -55.789  -22.028 0.0000000000
16846  -6.240  -57.024  -23.848 0.0000000000
16847  -6.827  -56.630  -23.449 0.0000000000
16848  -7.659  -56.179  -23.334 0.0000000000
16849  -8.571  -55.904  -23.256 0.0000000000
16850  -9.314  -55.639  -23.160 0.0000000000
16869  -6.469  -56.463  -24.452 0.0000000000
16870  -6.609  -55.908  -24.763 0.0000000000
16883  -6.323  -57.051  -24.694 0.0000000000
16884  -6.734  -56.448  -25.059 0.0000000000
16885  -7.773  -56.479  -25.286 0.0000000000
16886  -8.859  -56.480  -25.332 0.0000000000
16887  -9.883  -56.511  -25.417 0.0000000000
16888  -10.710  -56.568  -25.575 0.0000000000
16889  -11.364  -56.392  -25.779 0.0000000000
16890  -14.781  -56.523  -25.631 0.0000000000
16891  -15.529  -56.150  -25.435 0.0000000000
16902  -11.911  -56.365  -26.098 0.0000000000
16903  -12.546  -56.502  -26.185 0.0000000000
16904  -13.373  -56.319  -26.359 0.0000000000
16905  -14.323  -56.154  -26.195 0.0000000000
16906  -14.941  -55.990  -25.875 0.0000000000
16915  -13.783  -55.874  -26.830 0.0000000000
16916  -13.971  -56.001  -26.656 0.0000000000
17550  -2.682  -54.887  -12.677 0.0000000000
17551  -3.291  -55.244  -12.292 0.0000000000
17552  -3.994  -55.493  -12.046 0.0000000000
17553  -4.870  -55.439  -11.948 0.0000000000
17554  -5.767  -55.801  -11.766 0.0000000000
17555  -6.283  -56.022  -11.714 0.0000000000
17561  -2.248  -55.295  -13.233 0.0000000000
17562  -5.206  -54.806  -12.255 0.0000000000
17563  -5.717  -55.074  -12.210 0.0000000000
17564  -6.698  -55.432  -12.385 0.0000000000
17565  -7.781  -55.779  -12.563 0.0000000000
17572  -2.349  -55.439  -14.017 0.0000000000
17573  -7.131  -54.840  -13.071 0.0000000000
17574  -7.674  -55.122  -13.020 0.0000000000
17581  -2.672  -55.477  -14.541 0.0000000000
17582  -3.032  -55.460  -14.800 0.0000000000
17594  -3.338  -55.446  -14.914 0.0000000000
17595  -3.715  -55.464  -15.026 0.0000000000
17596  -4.026  -55.756  -15.049 0.0000000000
17606  -3.726  -54.931  -15.353 0.0000000000
17607  -4.198  -55.253  -15.550 0.0000000000
17608  -4.822  -55.593  -16.121 0.0000000000
17616  -4.539  -54.966  -16.275 0.0000000000
17617  -5.197  -55.384  -16.810 0.0000000000
17618  -6.045  -55.408  -17.544 0.0000000000
17619  -7.060  -55.803  -17.780 0.0000000000
17620  -7.800  -55.893  -17.927 0.0000000000
17625  -6.673  -55.002  -17.892 0.0000000000
17626  -7.378  -55.168  -18.145 0.0000000000
17627  -8.336  -55.563  -18.307 0.0000000000
17628  -9.383  -55.689  -18.581 0.0000000000
17629  -10.194  -56.014  -18.769 0.0000000000
17635  -9.883  -55.349  -18.918 0.0000000000
17636  -10.710  -55.640  -19.099 0.0000000000
17637  -11.636  -55.642  -19.645 0.0000000000
17638  -12.219  -55.207  -19.896 0.0000000000
17644  -12.063  -55.829  -20.496 0.0000000000
17645  -12.542  -55.143  -20.475 0.0000000000
17649  -12.117  -55.513  -21.340 0.0000000000
17650  -12.657  -54.913  -21.077 0.0000000000
17653  -10.026  -55.755  -22.866 0.0000000000
17654  -10.753  -55.315  -22.605 0.0000000000
17655  -11.708  -55.132  -22.148 0.0000000000
17668  -6.534  -56.161  -24.095 0.0000000000
17669  -6.927  -55.505  -23.793 0.0000000000
17670  -7.776  -55.256  -23.569 0.0000000000
17671  -8.690  -55.046  -23.458 0.0000000000
17672  -9.732  -54.940  -23.179 0.0000000000
17673  -10.457  -54.549  -22.914 0.0000000000
17690  -6.547  -56.019  -24.367 0.0000000000
17691  -6.658  -55.538  -24.479 0.0000000000
17707  -6.755  -55.326  -25.059 0.0000000000
17708  -7.491  -55.394  -25.400 0.0000000000
17709  -8.478  -55.465  -25.562 0.0000000000
17710  -9.629  -55.332  -25.744 0.0000000000
17711  -10.612  -55.743  -25.735 0.0000000000
17712  -11.113  -55.976  -25.746 0.0000000000
17713  -15.699  -55.421  -25.852 0.0000000000
17714  -16.184  -55.085  -25.416 0.0000000000
17729  -10.088  -54.691  -26.248 0.0000000000
17730  -10.609  -54.997  -26.242 0.0000000000
17731  -11.569  -55.419  -26.448 0.0000000000
17732  -12.501  -55.894  -26.686 0.0000000000
17733  -12.969  -56.133  -26.663 0.0000000000
17734  -14.663  -55.523  -26.617 0.0000000000
17735  -15.228  -55.324  -26.393 0.0000000000
17736  -15.774  -55.066  -26.054 0.0000000000
17749  -12.121  -54.797  -27.229 0.0000000000
17750  -12.620  -55.169  -27.276 0.0000000000
17751  -13.420  -55.605  -27.110 0.0000000000
17752  -14.294  -55.485  -26.959 0.0000000000
17753  -14.803  -55.207  -26.860 0.0000000000
18386  -2.611  -54.000  -12.786 0.0000000000
18387  -3.139  -54.264  -12.529 0.0000000000
18388  -3.840  -54.428  -12.303 0.0000000000
18389  -4.323  -54.956  -12.110 0.0000000000
18395  -2.216  -54.477  -13.173 0.0000000000
18396  -4.220  -53.954  -12.452 0.0000000000
18397  -4.683  -54.419  -12.381 0.0000000000
18398  -5.553  -54.331  -12.754 0.0000000000
18399  -6.139  -54.774  -12.659 0.0000000000
18403  -2.163  -54.725  -13.927 0.0000000000
18404  -5.830  -53.883  -13.284 0.0000000000
18405  -6.581  -54.250  -13.383 0.0000000000
18406  -7.566  -54.546  -13.539 0.0000000000
18412  -2.385  -54.866  -14.560 0.0000000000
18413  -2.711  -54.835  -14.971 0.0000000000
18414  -6.953  -53.765  -14.102 0.0000000000
18415  -7.416  -54.022  -14.106 0.0000000000
18424  -3.070  -54.780  -15.203 0.0000000000
18425  -3.442  -54.828  -15.265 0.0000000000
18439  -3.624  -54.514  -15.666 0.0000000000
18440  -4.040  -54.371  -16.115 0.0000000000
18450  -4.596  -54.335  -16.661 0.0000000000
18451  -5.295  -54.338  -17.265 0.0000000000
18452  -6.076  -54.319  -17.777 0.0000000000
18456  -6.766  -54.319  -18.236 0.0000000000
18457  -7.614  -54.411  -18.685 0.0000000000
18458  -8.578  -54.817  -18.847 0.0000000000
18459  -9.275  -54.927  -19.002 0.0000000000
18464  -8.119  -54.076  -19.128 0.0000000000
18465  -8.787  -54.243  -19.339 0.0000000000
18466  -9.794  -54.546  -19.302 0.0000000000
18467  -10.878  -54.588  -19.320 0.0000000000
18468  -11.785  -54.559  -19.548 0.0000000000
18469  -12.507  -54.484  -19.871 0.0000000000
18475  -12.925  -54.348  -20.499 0.0000000000
18476  -13.200  -53.893  -20.806 0.0000000000
18481  -12.327  -54.888  -21.667 0.0000000000
18482  -12.772  -54.222  -21.388 0.0000000000
18483  -13.271  -53.681  -21.205 0.0000000000
18487  -11.200  -54.546  -22.592 0.0000000000
18488  -12.069  -54.333  -22.211 0.0000000000
18489  -12.558  -53.780  -21.992 0.0000000000
18502  -7.262  -54.660  -23.820 0.0000000000
18503  -7.973  -54.351  -23.735 0.0000000000
18504  -8.989  -54.137  -23.678 0.0000000000
18505  -9.963  -53.982  -23.344 0.0000000000
18506  -10.761  -53.876  -22.897 0.0000000000
18515  -6.863  -54.524  -24.277 0.0000000000
18516  -16.793  -54.222  -24.762 0.0000000000
18517  -17.365  -54.352  -24.009 0.0000000000
18523  -6.802  -54.519  -24.829 0.0000000000
18524  -7.339  -54.414  -25.353 0.0000000000
18525  -8.393  -54.383  -25.782 0.0000000000
18526  -8.984  -54.841  -25.822 0.0000000000
18527  -16.419  -54.081  -25.543 0.0000000000
18534  -8.949  -53.862  -26.211 0.0000000000
18535  -9.507  -54.282  -26.270 0.0000000000
18536  -10.634  -54.222  -26.720 0.0000000000
18537  -11.108  -54.720  -26.656 0.0000000000
18538  -15.409  -54.654  -26.860 0.0000000000
18539  -15.911  -54.363  -26.447 0.0000000000
18543  -11.150  -53.848  -27.127 0.0000000000
18544  -11.617  -54.284  -27.185 0.0000000000
18545  -12.716  -54.258  -27.806 0.0000000000
18546  -13.474  -54.789  -27.862 0.0000000000
18547  -14.231  -54.932  -27.701 0.0000000000
18548  -15.078  -54.659  -27.452 0.0000000000
18549  -15.520  -54.363  -27.100 0.0000000000
18553  -13.225  -53.804  -28.162 0.0000000000
18554  -13.579  -54.078  -28.308 0.0000000000
18555  -14.255  -54.380  -28.308 0.0000000000
18556  -14.716  -54.538  -28.079 0.0000000000
19232  -2.420  -53.142  -12.915 0.0000000000
19233  -2.945  -53.477  -12.665 0.0000000000
19234  -3.387  -53.605  -12.616 0.0000000000
19238  -2.139  -53.805  -13.096 0.0000000000
19239  -3.884  -53.539  -12.615 0.0000000000
19240  -4.527  -53.498  -12.825 0.0000000000
19241  -5.016  -53.916  -12.753 0.0000000000
19246  -1.893  -53.996  -13.717 0.0000000000
19247  -4.796  -53.080  -13.200 0.0000000000
19248  -5.272  -53.469  -13.222 0.0000000000
19249  -5.950  -53.415  -13.712 0.0000000000
19254  -1.974  -54.073  -14.651 0.0000000000
19255  -2.335  -54.482  -14.998 0.0000000000
19264  -2.089  -53.563  -15.114 0.0000000000
19265  -2.601  -53.933  -15.467 0.0000000000
19266  -3.188  -54.336  -15.593 0.0000000000
19281  -2.940  -53.496  -15.825 0.0000000000
19282  -3.362  -53.664  -16.047 0.0000000000
19283  -4.058  -53.741  -16.472 0.0000000000
19297  -3.857  -53.137  -16.572 0.0000000000
19313  -10.091  -53.691  -19.734 0.0000000000
19314  -11.109  -53.575  -19.624 0.0000000000
19315  -12.112  -53.697  -19.606 0.0000000000
19316  -12.921  -53.601  -19.888 0.0000000000
19317  -13.497  -53.195  -20.134 0.0000000000
19323  -10.323  -52.948  -20.114 0.0000000000
19324  -10.993  -52.779  -20.062 0.0000000000
19325  -13.260  -53.701  -20.366 0.0000000000
19326  -13.725  -53.353  -20.719 0.0000000000
19327  -14.120  -53.028  -21.023 0.0000000000
19332  -12.995  -53.604  -21.636 0.0000000000
19333  -13.625  -53.167  -21.523 0.0000000000
19334  -14.147  -52.722  -21.370 0.0000000000
19339  -11.471  -53.891  -22.618 0.0000000000
19340  -12.090  -53.454  -22.499 0.0000000000
19341  -12.913  -53.142  -22.181 0.0000000000
19342  -13.508  -52.689  -22.094 0.0000000000
19354  -7.345  -53.909  -24.033 0.0000000000
19355  -8.240  -53.222  -23.978 0.0000000000
19356  -9.409  -53.113  -23.668 0.0000000000
19357  -10.410  -53.112  -23.309 0.0000000000
19358  -11.328  -53.130  -22.852 0.0000000000
19359  -11.914  -52.934  -22.745 0.0000000000
19360  -18.002  -53.893  -23.714 0.0000000000
19361  -18.697  -53.018  -23.713 0.0000000000
19362  -19.981  -53.090  -23.036 0.0000000000
19370  -7.066  -53.829  -24.465 0.0000000000
19371  -7.519  -53.333  -24.458 0.0000000000
19372  -16.795  -53.511  -25.170 0.0000000000
19373  -17.562  -53.126  -24.535 0.0000000000
19374  -18.182  -52.745  -24.238 0.0000000000
19380  -6.886  -54.065  -24.635 0.0000000000
19381  -7.289  -53.560  -24.976 0.0000000000
19382  -8.012  -53.520  -25.562 0.0000000000
19383  -16.581  -53.261  -25.992 0.0000000000
19384  -16.976  -53.005  -25.269 0.0000000000
19390  -8.685  -53.419  -25.998 0.0000000000
19391  -9.414  -53.352  -26.359 0.0000000000
19392  -10.206  -53.476  -26.677 0.0000000000
19393  -16.183  -53.465  -26.885 0.0000000000
19398  -10.891  -53.439  -27.032 0.0000000000
19399  -11.505  -53.414  -27.380 0.0000000000
19400  -12.225  -53.511  -27.745 0.0000000000
19401  -15.418  -54.065  -27.963 0.0000000000
19402  -15.747  -53.840  -27.532 0.0000000000
19407  -12.974  -53.439  -28.019 0.0000000000
19408  -13.567  -53.406  -28.375 0.0000000000
19409  -14.271  -53.601  -28.577 0.0000000000
19410  -15.116  -53.935  -28.403 0.0000000000
19411  -15.581  -53.702  -28.125 0.0000000000
20131  -2.937  -52.821  -12.725 0.0000000000
20132  -3.163  -53.161  -12.690 0.0000000000
20143  -3.088  -52.427  -12.892 0.0000000000
20144  -3.472  -52.817  -12.851 0.0000000000
20145  -4.014  -53.024  -12.920 0.0000000000
20156  -1.962  -53.337  -13.406 0.0000000000
20157  -3.904  -52.659  -13.065 0.0000000000
20170  -1.863  -53.208  -14.114 0.0000000000
20171  -2.036  -52.762  -14.588 0.0000000000
20186  -1.951  -53.286  -14.770 0.0000000000
20187  -2.256  -52.905  -15.202 0.0000000000
20207  -2.878  -52.920  -15.837 0.0000000000
20241  -11.691  -52.912  -19.821 0.0000000000
20242  -12.472  -52.913  -19.697 0.0000000000
20243  -13.270  -52.535  -19.766 0.0000000000
20244  -14.077  -52.565  -20.295 0.0000000000
20245  -14.514  -52.051  -20.551 0.0000000000
20250  -10.565  -52.187  -20.380 0.0000000000
20251  -11.385  -52.167  -20.167 0.0000000000
20252  -12.135  -52.257  -19.819 0.0000000000
20253  -12.661  -52.367  -19.686 0.0000000000
20254  -14.132  -52.881  -20.711 0.0000000000
20255  -14.471  -52.393  -20.942 0.0000000000
20259  -13.976  -52.556  -21.816 0.0000000000
20260  -14.364  -52.213  -21.599 0.0000000000
20264  -12.386  -52.730  -22.618 0.0000000000
20265  -13.086  -52.208  -22.541 0.0000000000
20266  -13.850  -52.144  -22.233 0.0000000000
20267  -14.192  -52.142  -21.970 0.0000000000
20278  -8.357  -52.481  -24.231 0.0000000000
20279  -8.951  -52.018  -23.916 0.0000000000
20280  -10.033  -52.171  -23.579 0.0000000000
20281  -10.989  -52.262  -23.208 0.0000000000
20282  -11.910  -52.335  -22.921 0.0000000000
20283  -12.496  -52.209  -22.752 0.0000000000
20284  -18.872  -52.222  -24.019 0.0000000000
20285  -19.547  -51.940  -23.736 0.0000000000
20286  -20.619  -52.196  -23.057 0.0000000000
20294  -8.019  -52.725  -24.544 0.0000000000
20295  -8.479  -52.061  -24.566 0.0000000000
20296  -17.771  -52.425  -24.965 0.0000000000
20297  -18.375  -52.150  -24.597 0.0000000000
20298  -19.001  -51.847  -24.210 0.0000000000
20303  -7.681  -52.977  -24.810 0.0000000000
20304  -8.279  -52.497  -25.245 0.0000000000
20305  -8.920  -52.056  -25.586 0.0000000000
20306  -16.870  -52.666  -26.290 0.0000000000
20307  -17.360  -52.382  -25.660 0.0000000000
20308  -17.890  -52.121  -25.215 0.0000000000
20313  -8.482  -52.964  -25.731 0.0000000000
20314  -9.143  -52.514  -25.953 0.0000000000
20315  -10.184  -52.590  -26.550 0.0000000000
20316  -10.810  -52.513  -26.824 0.0000000000
20317  -16.613  -52.857  -26.868 0.0000000000
20318  -17.135  -52.343  -26.722 0.0000000000
20324  -10.661  -52.944  -26.884 0.0000000000
20325  -11.253  -52.694  -27.122 0.0000000000
20326  -12.067  -52.672  -27.583 0.0000000000
20327  -12.757  -52.369  -27.796 0.0000000000
20328  -16.285  -53.124  -27.523 0.0000000000
20329  -16.895  -52.508  -27.741 0.0000000000
20336  -12.664  -52.938  -27.887 0.0000000000
20337  -13.289  -52.680  -28.163 0.0000000000
20338  -14.064  -52.751  -28.548 0.0000000000
20339  -14.963  -52.857  -28.766 0.0000000000
20340  -16.001  -52.929  -28.348 0.0000000000
20341  -16.747  -52.229  -28.380 0.0000000000
21044  -2.695  -52.216  -13.133 0.0000000000
21068  -2.133  -52.658  -13.511 0.0000000000
21083  -2.104  -52.497  -14.117 0.0000000000
21144  -13.488  -51.739  -19.711 0.0000000000
21145  -13.972  -51.917  -19.890 0.0000000000
21146  -14.482  -51.744  -20.229 0.0000000000
21152  -10.990  -51.330  -20.271 0.0000000000
21153  -11.919  -51.419  -19.954 0.0000000000
21154  -12.786  -51.728  -19.707 0.0000000000
21155  -15.057  -51.507  -20.771 0.0000000000
21156  -15.621  -51.084  -21.076 0.0000000000
21160  -14.819  -51.733  -21.438 0.0000000000
21161  -15.340  -51.227  -21.464 0.0000000000
21165  -13.211  -51.675  -22.823 0.0000000000
21166  -13.784  -51.509  -22.738 0.0000000000
21167  -14.516  -51.621  -22.114 0.0000000000
21168  -15.043  -51.343  -21.819 0.0000000000
21178  -9.201  -51.267  -24.046 0.0000000000
21179  -9.804  -51.105  -23.869 0.0000000000
21180  -10.764  -51.386  -23.571 0.0000000000
21181  -11.715  -51.471  -23.343 0.0000000000
21182  -12.717  -51.588  -23.038 0.0000000000
21183  -13.323  -51.421  -22.998 0.0000000000
21184  -19.769  -51.201  -24.015 0.0000000000
21185  -20.449  -50.988  -23.691 0.0000000000
21196  -8.927  -51.164  -24.470 0.0000000000
21197  -9.369  -50.929  -24.191 0.0000000000
21198  -18.635  -51.486  -25.079 0.0000000000
21199  -19.308  -51.134  -24.642 0.0000000000
21200  -19.936  -50.829  -24.198 0.0000000000
21206  -8.600  -51.583  -24.965 0.0000000000
21207  -8.985  -51.493  -25.380 0.0000000000
21208  -9.618  -51.190  -25.654 0.0000000000
21209  -17.691  -51.946  -25.912 0.0000000000
21210  -18.127  -51.608  -25.766 0.0000000000
21211  -18.830  -51.152  -25.451 0.0000000000
21217  -9.333  -51.755  -25.753 0.0000000000
21218  -10.043  -51.577  -26.132 0.0000000000
21219  -11.084  -51.788  -26.727 0.0000000000
21220  -11.912  -51.428  -27.055 0.0000000000
21221  -17.637  -51.916  -26.379 0.0000000000
21222  -18.075  -51.507  -26.910 0.0000000000
21228  -11.763  -52.071  -27.203 0.0000000000
21229  -12.459  -51.755  -27.468 0.0000000000
21230  -13.243  -51.763  -27.888 0.0000000000
21231  -13.883  -51.451  -28.129 0.0000000000
21232  -17.605  -51.936  -27.373 0.0000000000
21233  -18.287  -51.526  -27.846 0.0000000000
21234  -18.739  -51.250  -28.339 0.0000000000
21240  -13.793  -52.085  -28.302 0.0000000000
21241  -14.534  -51.812  -28.492 0.0000000000
21242  -15.538  -51.874  -28.693 0.0000000000
21243  -16.518  -51.698  -28.738 0.0000000000
21244  -17.506  -51.746  -28.499 0.0000000000
21245  -18.316  -51.354  -28.601 0.0000000000
21246  -18.744  -51.192  -28.740 0.0000000000
21251  -17.107  -51.228  -28.961 0.0000000000
21252  -17.575  -51.131  -29.021 0.0000000000
22031  -13.379  -51.178  -19.689 0.0000000000
22032  -14.004  -51.290  -19.750 0.0000000000
22033  -14.336  -51.466  -19.954 0.0000000000
22039  -11.600  -50.426  -19.935 0.0000000000
22040  -12.760  -50.608  -19.789 0.0000000000
22041  -13.859  -50.519  -19.736 0.0000000000
22042  -14.800  -50.838  -20.063 0.0000000000
22043  -15.789  -50.520  -20.792 0.0000000000
22044  -16.267  -50.040  -21.037 0.0000000000
22047  -15.754  -50.713  -21.459 0.0000000000
22048  -16.103  -50.184  -21.412 0.0000000000
22051  -14.125  -51.030  -23.045 0.0000000000
22052  -14.565  -51.035  -22.750 0.0000000000
22053  -15.350  -50.671  -22.259 0.0000000000
22054  -15.864  -50.334  -21.809 0.0000000000
22063  -10.152  -50.472  -24.084 0.0000000000
22064  -10.679  -50.614  -23.894 0.0000000000
22065  -11.486  -50.720  -23.736 0.0000000000
22066  -12.510  -50.525  -23.636 0.0000000000
22067  -13.595  -50.859  -23.290 0.0000000000
22068  -14.470  -50.587  -23.173 0.0000000000
22069  -14.931  -50.569  -22.898 0.0000000000
22070  -20.805  -50.245  -23.921 0.0000000000
22084  -9.180  -50.677  -24.836 0.0000000000
22085  -9.695  -50.322  -24.534 0.0000000000
22086  -10.601  -50.023  -24.291 0.0000000000
22087  -11.372  -50.076  -24.065 0.0000000000
22088  -11.914  -50.220  -23.903 0.0000000000
22089  -19.697  -50.389  -25.163 0.0000000000
22090  -20.366  -50.090  -24.629 0.0000000000
22097  -8.889  -50.989  -25.033 0.0000000000
22098  -9.544  -50.565  -25.234 0.0000000000
22099  -10.197  -50.620  -25.769 0.0000000000
22100  -18.801  -51.023  -26.099 0.0000000000
22101  -19.319  -50.575  -25.783 0.0000000000
22102  -20.000  -49.959  -25.756 0.0000000000
22108  -10.845  -50.712  -26.271 0.0000000000
22109  -11.732  -50.676  -26.721 0.0000000000
22110  -12.481  -50.860  -27.150 0.0000000000
22111  -18.584  -51.172  -26.759 0.0000000000
22112  -19.211  -50.738  -26.808 0.0000000000
22113  -19.855  -50.164  -26.733 0.0000000000
22118  -12.988  -51.152  -27.478 0.0000000000
22119  -13.572  -50.896  -27.700 0.0000000000
22120  -14.329  -50.762  -28.072 0.0000000000
22121  -18.487  -51.334  -27.305 0.0000000000
22122  -18.927  -51.072  -27.663 0.0000000000
22123  -19.723  -50.441  -27.799 0.0000000000
22128  -15.153  -50.911  -28.455 0.0000000000
22129  -15.918  -50.901  -28.687 0.0000000000
22130  -16.623  -50.717  -28.920 0.0000000000
22131  -17.991  -51.214  -28.920 0.0000000000
22132  -18.515  -51.007  -29.029 0.0000000000
22133  -19.224  -50.874  -28.705 0.0000000000
22134  -19.908  -50.279  -28.810 0.0000000000
22138  -17.264  -50.609  -29.072 0.0000000000
22139  -17.938  -50.601  -29.097 0.0000000000
22140  -18.646  -50.374  -29.131 0.0000000000
22141  -19.298  -50.127  -29.157 0.0000000000
22142  -19.718  -49.862  -29.141 0.0000000000
22961  -12.369  -49.457  -19.793 0.0000000000
22962  -13.476  -49.539  -19.828 0.0000000000
22963  -14.562  -49.644  -19.955 0.0000000000
22964  -15.553  -49.689  -20.351 0.0000000000
22965  -16.306  -49.635  -20.784 0.0000000000
22968  -16.517  -49.628  -21.346 0.0000000000
22971  -15.687  -49.948  -22.666 0.0000000000
22972  -16.190  -49.758  -22.167 0.0000000000
22979  -12.909  -49.834  -23.904 0.0000000000
22980  -13.482  -50.000  -23.763 0.0000000000
22981  -14.298  -50.065  -23.581 0.0000000000
22982  -15.202  -49.889  -23.253 0.0000000000
22983  -16.012  -49.534  -22.981 0.0000000000
23000  -9.931  -49.638  -24.934 0.0000000000
23001  -10.493  -49.359  -24.771 0.0000000000
23002  -11.295  -49.338  -24.385 0.0000000000
23003  -12.293  -49.542  -24.137 0.0000000000
23004  -13.356  -49.358  -24.200 0.0000000000
23005  -14.224  -49.457  -24.053 0.0000000000
23006  -14.752  -49.564  -23.784 0.0000000000
23007  -20.901  -49.385  -25.094 0.0000000000
23016  -9.715  -49.925  -25.064 0.0000000000
23017  -10.414  -49.603  -25.441 0.0000000000
23018  -11.081  -49.051  -25.784 0.0000000000
23019  -20.655  -49.455  -25.704 0.0000000000
23025  -10.676  -50.104  -25.962 0.0000000000
23026  -11.383  -49.605  -26.235 0.0000000000
23027  -12.631  -49.717  -26.941 0.0000000000
23028  -13.286  -49.179  -27.140 0.0000000000
23029  -20.530  -49.612  -26.648 0.0000000000
23030  -21.216  -49.101  -26.568 0.0000000000
23034  -13.101  -50.469  -27.329 0.0000000000
23035  -13.782  -49.765  -27.500 0.0000000000
23036  -15.021  -49.761  -28.170 0.0000000000
23037  -15.541  -49.185  -28.417 0.0000000000
23038  -20.405  -49.831  -27.581 0.0000000000
23039  -21.097  -49.269  -27.546 0.0000000000
23043  -15.537  -50.341  -28.514 0.0000000000
23044  -16.039  -49.798  -28.730 0.0000000000
23045  -16.885  -49.993  -29.001 0.0000000000
23046  -20.274  -49.967  -28.338 0.0000000000
23047  -20.825  -49.463  -28.447 0.0000000000
23052  -17.473  -49.918  -29.085 0.0000000000
23053  -18.076  -49.883  -29.137 0.0000000000
23054  -18.713  -49.681  -29.151 0.0000000000
23055  -19.382  -49.492  -29.138 0.0000000000
23056  -20.175  -49.544  -29.075 0.0000000000
23057  -20.642  -49.218  -29.017 0.0000000000
23876  -13.109  -48.472  -19.878 0.0000000000
23877  -14.162  -48.573  -20.058 0.0000000000
23878  -15.241  -48.662  -20.238 0.0000000000
23879  -16.332  -48.700  -20.523 0.0000000000
23880  -17.128  -48.311  -20.813 0.0000000000
23883  -16.967  -49.031  -21.001 0.0000000000
23884  -17.475  -48.314  -21.403 0.0000000000
23887  -17.008  -49.004  -21.855 0.0000000000
23888  -17.557  -48.232  -22.268 0.0000000000
23894  -15.917  -49.130  -23.521 0.0000000000
23895  -16.737  -48.658  -23.033 0.0000000000
23896  -17.454  -47.976  -22.950 0.0000000000
23909  -10.705  -48.758  -24.964 0.0000000000
23910  -11.221  -48.617  -24.773 0.0000000000
23911  -11.976  -48.656  -24.540 0.0000000000
23912  -13.066  -48.520  -24.693 0.0000000000
23913  -14.129  -48.807  -24.585 0.0000000000
23914  -15.252  -48.876  -24.201 0.0000000000
23915  -16.167  -48.514  -23.874 0.0000000000
23923  -10.542  -49.004  -25.138 0.0000000000
23924  -11.082  -48.626  -25.373 0.0000000000
23925  -13.438  -47.986  -25.085 0.0000000000
23926  -13.980  -48.168  -25.108 0.0000000000
23927  -14.806  -48.293  -24.938 0.0000000000
23933  -11.621  -48.552  -26.037 0.0000000000
23934  -12.311  -48.689  -26.533 0.0000000000
23935  -13.018  -48.656  -26.923 0.0000000000
23940  -13.698  -48.630  -27.288 0.0000000000
23941  -14.485  -48.740  -27.717 0.0000000000
23942  -15.211  -48.638  -28.164 0.0000000000
23943  -21.880  -48.604  -27.533 0.0000000000
23948  -15.905  -48.615  -28.630 0.0000000000
23949  -17.072  -48.938  -29.021 0.0000000000
23950  -18.119  -48.374  -28.958 0.0000000000
23951  -19.020  -48.196  -28.806 0.0000000000
23952  -19.874  -48.121  -28.793 0.0000000000
23953  -20.678  -48.180  -28.719 0.0000000000
23954  -21.385  -48.640  -28.479 0.0000000000
23958  -17.659  -49.488  -29.068 0.0000000000
23959  -18.064  -49.225  -29.062 0.0000000000
23960  -18.811  -48.972  -29.037 0.0000000000
23961  -19.583  -48.839  -29.025 0.0000000000
23962  -20.290  -48.762  -29.003 0.0000000000
23963  -20.832  -48.838  -28.844 0.0000000000
24742  -13.738  -47.535  -20.216 0.0000000000
24743  -14.785  -47.624  -20.357 0.0000000000
24744  -15.848  -47.691  -20.450 0.0000000000
24745  -16.813  -47.683  -20.613 0.0000000000
24746  -17.587  -47.622  -20.972 0.0000000000
24749  -18.138  -47.441  -21.768 0.0000000000
24750  -18.582  -46.897  -22.037 0.0000000000
24756  -17.942  -47.579  -22.629 0.0000000000
24757  -18.396  -47.061  -22.481 0.0000000000
24762  -17.174  -47.910  -23.380 0.0000000000
24763  -17.638  -47.327  -23.354 0.0000000000
24764  -18.143  -47.182  -22.931 0.0000000000
24774  -11.784  -48.260  -24.780 0.0000000000
24775  -12.344  -48.042  -24.902 0.0000000000
24776  -13.019  -47.826  -25.086 0.0000000000
24777  -16.033  -48.216  -24.342 0.0000000000
24778  -16.764  -47.590  -24.091 0.0000000000
24779  -17.382  -47.004  -23.877 0.0000000000
24787  -11.758  -48.072  -25.150 0.0000000000
24788  -12.643  -47.524  -25.576 0.0000000000
24789  -13.677  -47.567  -25.489 0.0000000000
24790  -14.725  -47.643  -25.450 0.0000000000
24791  -15.788  -47.729  -24.961 0.0000000000
24792  -16.420  -47.207  -24.790 0.0000000000
24801  -11.873  -48.041  -25.689 0.0000000000
24802  -12.498  -47.768  -26.311 0.0000000000
24803  -12.816  -48.058  -26.734 0.0000000000
24813  -12.980  -47.570  -26.792 0.0000000000
24814  -13.352  -47.796  -27.090 0.0000000000
24815  -14.228  -47.712  -27.538 0.0000000000
24816  -14.859  -47.999  -27.883 0.0000000000
24817  -21.905  -48.098  -28.362 0.0000000000
24828  -14.802  -47.343  -27.955 0.0000000000
24829  -15.416  -47.632  -28.321 0.0000000000
24830  -16.389  -47.638  -28.700 0.0000000000
24831  -17.397  -47.557  -28.800 0.0000000000
24832  -18.383  -47.405  -28.627 0.0000000000
24833  -19.346  -47.386  -28.466 0.0000000000
24834  -20.285  -47.390  -28.513 0.0000000000
24835  -21.363  -47.429  -28.586 0.0000000000
25619  -14.333  -46.620  -20.528 0.0000000000
25620  -15.373  -46.672  -20.572 0.0000000000
25621  -16.404  -46.767  -20.603 0.0000000000
25622  -17.277  -46.897  -20.771 0.0000000000
25626  -17.954  -46.778  -21.128 0.0000000000
25627  -18.624  -46.440  -21.654 0.0000000000
25628  -19.215  -46.014  -21.946 0.0000000000
25633  -18.870  -46.456  -22.367 0.0000000000
25634  -19.280  -45.867  -22.401 0.0000000000
25636  -17.749  -46.680  -23.703 0.0000000000
25637  -18.376  -46.577  -23.177 0.0000000000
25649  -16.743  -46.802  -24.703 0.0000000000
25650  -17.381  -46.410  -24.330 0.0000000000
25662  -12.969  -47.024  -26.257 0.0000000000
25663  -13.560  -46.893  -25.976 0.0000000000
25664  -14.457  -47.008  -25.942 0.0000000000
25665  -15.482  -46.808  -25.762 0.0000000000
25666  -16.318  -46.672  -25.283 0.0000000000
25667  -16.882  -46.189  -25.003 0.0000000000
25680  -13.128  -47.126  -26.736 0.0000000000
25681  -13.655  -46.592  -26.615 0.0000000000
25682  -14.253  -46.465  -26.373 0.0000000000
25683  -14.982  -46.413  -26.276 0.0000000000
25695  -13.229  -47.293  -27.011 0.0000000000
25696  -13.778  -46.833  -27.223 0.0000000000
25697  -14.535  -46.738  -27.730 0.0000000000
25698  -19.365  -45.981  -27.597 0.0000000000
25712  -15.065  -46.677  -28.200 0.0000000000
25713  -15.832  -46.628  -28.563 0.0000000000
25714  -16.769  -46.559  -28.712 0.0000000000
25715  -17.708  -46.481  -28.541 0.0000000000
25716  -18.717  -46.424  -28.094 0.0000000000
25717  -19.756  -46.688  -28.005 0.0000000000
26523  -14.911  -45.752  -20.701 0.0000000000
26524  -15.976  -45.598  -20.735 0.0000000000
26525  -17.055  -46.074  -20.771 0.0000000000
26526  -17.597  -46.373  -20.927 0.0000000000
26530  -16.287  -44.859  -20.899 0.0000000000
26531  -16.948  -45.152  -20.903 0.0000000000
26532  -17.980  -45.687  -21.166 0.0000000000
26533  -19.045  -45.477  -21.599 0.0000000000
26534  -19.551  -45.383  -22.106 0.0000000000
26537  -19.051  -45.934  -22.934 0.0000000000
26538  -19.440  -45.383  -22.732 0.0000000000
26544  -18.049  -46.119  -23.821 0.0000000000
26545  -18.672  -45.531  -23.560 0.0000000000
26546  -19.168  -45.439  -23.158 0.0000000000
26560  -18.045  -45.371  -24.273 0.0000000000
26561  -18.519  -45.088  -23.976 0.0000000000
26575  -16.093  -46.236  -25.798 0.0000000000
26576  -16.593  -45.600  -25.636 0.0000000000
26577  -17.308  -45.451  -24.946 0.0000000000
26588  -14.140  -46.152  -26.638 0.0000000000
26589  -14.781  -45.831  -26.724 0.0000000000
26590  -15.797  -45.747  -26.254 0.0000000000
26591  -16.356  -45.200  -26.126 0.0000000000
26604  -14.025  -46.033  -26.975 0.0000000000
26605  -14.540  -45.902  -27.399 0.0000000000
26606  -14.899  -45.594  -27.779 0.0000000000
26607  -18.682  -45.319  -27.588 0.0000000000
26620  -14.790  -46.083  -27.941 0.0000000000
26621  -15.307  -45.734  -28.246 0.0000000000
26622  -16.189  -45.614  -28.646 0.0000000000
26623  -17.103  -45.512  -28.673 0.0000000000
26624  -17.901  -45.443  -28.185 0.0000000000
27480  -15.274  -45.155  -20.767 0.0000000000
27486  -16.654  -44.329  -21.154 0.0000000000
27487  -17.651  -44.481  -21.206 0.0000000000
27488  -18.708  -44.587  -21.417 0.0000000000
27489  -19.740  -44.518  -21.777 0.0000000000
27496  -19.945  -44.699  -22.498 0.0000000000
27497  -20.280  -44.300  -22.110 0.0000000000
27505  -18.813  -44.900  -23.792 0.0000000000
27506  -19.357  -44.806  -23.350 0.0000000000
27518  -17.787  -44.429  -24.911 0.0000000000
27519  -18.559  -44.549  -24.239 0.0000000000
27520  -19.016  -44.545  -23.859 0.0000000000
27532  -16.701  -44.554  -26.037 0.0000000000
27533  -17.155  -44.738  -25.458 0.0000000000
27544  -14.906  -45.302  -27.163 0.0000000000
27545  -15.569  -44.820  -26.861 0.0000000000
27546  -16.198  -44.862  -26.425 0.0000000000
27560  -14.866  -45.418  -27.493 0.0000000000
27561  -15.207  -45.034  -27.613 0.0000000000
27576  -15.733  -44.762  -28.269 0.0000000000
27577  -16.539  -44.611  -28.577 0.0000000000
27578  -17.353  -44.478  -28.463 0.0000000000
27579  -18.083  -44.363  -27.949 0.0000000000
28472  -17.259  -43.519  -21.340 0.0000000000
28473  -18.310  -43.598  -21.349 0.0000000000
28482  -20.323  -44.175  -22.462 0.0000000000
28491  -20.209  -43.863  -23.086 0.0000000000
28500  -17.869  -43.727  -25.153 0.0000000000
28501  -18.410  -43.600  -24.743 0.0000000000
28502  -19.299  -43.881  -24.002 0.0000000000
28514  -16.851  -43.910  -26.202 0.0000000000
28515  -17.362  -43.691  -25.719 0.0000000000
28516  -17.961  -43.234  -25.271 0.0000000000
28528  -15.931  -44.113  -27.027 0.0000000000
28529  -16.372  -43.947  -26.646 0.0000000000
28530  -16.914  -43.483  -26.342 0.0000000000
28544  -15.738  -44.091  -27.533 0.0000000000
28545  -16.101  -43.715  -27.153 0.0000000000
28560  -16.103  -43.836  -28.253 0.0000000000
28561  -16.829  -43.593  -28.506 0.0000000000
28562  -17.613  -43.408  -28.349 0.0000000000
28563  -18.322  -43.307  -27.899 0.0000000000
29464  -19.089  -42.811  -24.566 0.0000000000
29465  -20.069  -42.755  -23.780 0.0000000000
29481  -17.802  -42.577  -25.643 0.0000000000
29482  -18.420  -42.634  -25.134 0.0000000000
29500  -16.722  -43.257  -26.653 0.0000000000
29501  -17.182  -42.654  -26.408 0.0000000000
29518  -16.071  -43.532  -27.404 0.0000000000
29519  -16.452  -43.024  -27.211 0.0000000000
29520  -16.959  -42.044  -27.100 0.0000000000
29521  -18.580  -42.480  -27.810 0.0000000000
29533  -16.041  -43.397  -27.732 0.0000000000
29534  -16.386  -42.847  -28.133 0.0000000000
29535  -17.126  -42.530  -28.462 0.0000000000
29536  -17.980  -42.228  -28.309 0.0000000000
30487  -18.853  -42.176  -24.998 0.0000000000
30488  -19.469  -41.831  -24.677 0.0000000000
30504  -17.671  -41.959  -25.981 0.0000000000
30505  -18.411  -41.456  -25.507 0.0000000000
30506  -19.393  -40.844  -25.096 0.0000000000
30523  -17.507  -41.322  -26.506 0.0000000000
30524  -18.082  -40.380  -26.182 0.0000000000
30542  -16.582  -42.132  -27.671 0.0000000000
30543  -17.151  -41.223  -27.575 0.0000000000
30544  -18.620  -41.514  -27.956 0.0000000000
30557  -16.749  -41.904  -28.201 0.0000000000
30558  -17.451  -41.375  -28.275 0.0000000000
30559  -18.061  -41.080  -28.335 0.0000000000
31659  -18.931  -39.897  -25.749 0.0000000000
31679  -17.789  -40.053  -27.028 0.0000000000
31680  -18.238  -39.729  -26.380 0.0000000000
31699  -17.718  -40.285  -27.971 0.0000000000
31700  -18.587  -40.315  -28.052 0.0000000000
31701  -19.321  -40.138  -27.554 0.0000000000
31715  -17.781  -40.771  -28.286 0.0000000000
31716  -17.994  -40.511  -28.331 0.0000000000
32812  -19.235  -39.144  -26.097 0.0000000000
32832  -17.972  -39.428  -27.278 0.0000000000
32833  -18.538  -39.198  -26.753 0.0000000000
32850  -17.861  -39.717  -27.523 0.0000000000
32851  -18.245  -39.526  -27.649 0.0000000000
32852  -19.158  -39.500  -27.426 0.0000000000
