#!ascii label  , from subject cvs_avg35_inMNI152 vox2ras=TkReg
744
104561  -21.553  27.767  -35.550 0.0000000000
105280  -20.503  27.682  -35.781 0.0000000000
105282  -22.875  28.139  -35.026 0.0000000000
105283  -23.568  28.366  -34.354 0.0000000000
105287  -19.532  28.137  -35.829 0.0000000000
105288  -20.160  28.040  -35.949 0.0000000000
105289  -21.034  28.001  -35.864 0.0000000000
105290  -21.980  28.230  -35.513 0.0000000000
105291  -22.612  28.617  -35.289 0.0000000000
106027  -24.101  28.646  -33.619 0.0000000000
106034  -19.011  28.577  -35.832 0.0000000000
106035  -23.170  28.904  -34.839 0.0000000000
106036  -23.646  29.007  -34.182 0.0000000000
106040  -19.660  28.613  -36.054 0.0000000000
106041  -20.544  28.626  -36.113 0.0000000000
106042  -21.450  28.754  -35.909 0.0000000000
106043  -22.219  28.945  -35.606 0.0000000000
106044  -22.738  29.126  -35.284 0.0000000000
106825  -24.226  29.798  -32.936 0.0000000000
106834  -23.851  29.590  -33.578 0.0000000000
106840  -18.035  29.409  -35.649 0.0000000000
106841  -18.593  28.978  -35.755 0.0000000000
106842  -23.030  29.682  -35.017 0.0000000000
106843  -23.423  29.675  -34.361 0.0000000000
106848  -18.183  29.678  -35.967 0.0000000000
106849  -18.875  29.407  -36.197 0.0000000000
106850  -20.030  29.260  -36.376 0.0000000000
106851  -21.010  29.488  -36.225 0.0000000000
106852  -21.897  29.560  -35.899 0.0000000000
106853  -22.532  29.651  -35.487 0.0000000000
106858  -19.158  30.071  -36.598 0.0000000000
106859  -19.755  29.974  -36.552 0.0000000000
106860  -20.457  29.898  -36.436 0.0000000000
107660  -23.998  30.469  -33.105 0.0000000000
107665  -23.588  30.511  -33.849 0.0000000000
107669  -22.869  30.378  -35.287 0.0000000000
107670  -23.240  30.482  -34.651 0.0000000000
107673  -16.937  30.884  -36.029 0.0000000000
107674  -17.679  30.166  -35.917 0.0000000000
107675  -18.278  29.857  -36.184 0.0000000000
107676  -20.982  30.225  -36.328 0.0000000000
107677  -21.669  30.374  -36.109 0.0000000000
107678  -22.355  30.348  -35.717 0.0000000000
107682  -16.898  31.015  -36.875 0.0000000000
107683  -17.559  30.672  -36.712 0.0000000000
107684  -18.508  30.296  -36.676 0.0000000000
107685  -19.559  30.797  -36.761 0.0000000000
107686  -20.524  30.688  -36.450 0.0000000000
107687  -21.245  30.762  -36.272 0.0000000000
107692  -16.834  30.998  -37.380 0.0000000000
107693  -17.268  30.859  -37.404 0.0000000000
107694  -18.091  30.838  -37.479 0.0000000000
107695  -18.988  31.018  -37.331 0.0000000000
107700  -16.847  30.925  -37.875 0.0000000000
107701  -17.474  30.825  -38.120 0.0000000000
107702  -18.178  30.949  -38.314 0.0000000000
107703  -18.422  31.301  -38.491 0.0000000000
107707  -16.941  30.820  -38.631 0.0000000000
107708  -17.567  30.755  -39.007 0.0000000000
107709  -18.337  31.013  -39.094 0.0000000000
107710  -18.572  31.555  -38.782 0.0000000000
107715  -18.592  31.519  -39.163 0.0000000000
107716  -18.693  31.794  -39.030 0.0000000000
108451  -23.867  31.491  -33.291 0.0000000000
108452  -24.264  31.094  -32.661 0.0000000000
108456  -23.429  31.427  -34.249 0.0000000000
108460  -22.749  30.916  -35.565 0.0000000000
108461  -23.114  31.271  -35.140 0.0000000000
108462  -15.904  31.852  -35.876 0.0000000000
108464  -21.725  31.069  -36.178 0.0000000000
108465  -22.398  31.270  -35.971 0.0000000000
108466  -22.873  31.360  -35.624 0.0000000000
108469  -15.910  31.830  -36.928 0.0000000000
108470  -16.458  31.434  -36.395 0.0000000000
108471  -19.561  31.950  -37.038 0.0000000000
108472  -20.408  31.741  -36.573 0.0000000000
108473  -21.345  31.481  -36.327 0.0000000000
108474  -21.952  31.468  -36.224 0.0000000000
108478  -15.811  31.632  -37.999 0.0000000000
108479  -16.468  31.315  -37.400 0.0000000000
108480  -18.597  31.237  -37.836 0.0000000000
108481  -19.093  31.675  -37.633 0.0000000000
108484  -15.824  31.506  -39.137 0.0000000000
108485  -16.392  31.163  -38.435 0.0000000000
108486  -18.446  31.304  -38.165 0.0000000000
108487  -18.798  31.734  -38.216 0.0000000000
108491  -16.069  31.635  -39.961 0.0000000000
108492  -16.726  31.092  -39.711 0.0000000000
108493  -17.872  31.367  -39.743 0.0000000000
108494  -18.445  31.611  -39.490 0.0000000000
108495  -18.783  31.973  -38.787 0.0000000000
108501  -18.667  31.833  -39.288 0.0000000000
108502  -18.794  32.003  -39.100 0.0000000000
109199  -24.174  32.831  -32.128 0.0000000000
109207  -13.285  33.115  -32.909 0.0000000000
109208  -24.054  32.576  -33.005 0.0000000000
109209  -24.252  31.904  -32.431 0.0000000000
109214  -13.980  33.101  -33.503 0.0000000000
109215  -14.511  32.990  -34.064 0.0000000000
109216  -23.682  32.446  -33.872 0.0000000000
109220  -14.939  32.740  -34.888 0.0000000000
109222  -23.433  32.340  -34.823 0.0000000000
109226  -14.943  32.912  -36.028 0.0000000000
109227  -15.393  32.297  -35.451 0.0000000000
109228  -22.692  31.868  -36.082 0.0000000000
109229  -23.058  32.038  -35.707 0.0000000000
109233  -14.791  32.829  -37.095 0.0000000000
109234  -15.394  32.348  -36.466 0.0000000000
109235  -19.762  32.642  -37.183 0.0000000000
109236  -20.324  32.927  -36.878 0.0000000000
109237  -21.319  32.535  -36.443 0.0000000000
109238  -22.253  32.095  -36.269 0.0000000000
109239  -22.808  32.181  -36.105 0.0000000000
109245  -14.687  32.703  -38.151 0.0000000000
109246  -15.284  32.219  -37.537 0.0000000000
109247  -19.425  32.641  -37.746 0.0000000000
109248  -19.873  32.961  -37.331 0.0000000000
109252  -14.654  32.634  -39.190 0.0000000000
109253  -15.206  32.080  -38.675 0.0000000000
109254  -19.012  32.464  -38.519 0.0000000000
109258  -14.649  32.708  -40.016 0.0000000000
109259  -15.394  32.305  -40.158 0.0000000000
109260  -16.603  32.333  -39.862 0.0000000000
109261  -17.502  32.245  -39.665 0.0000000000
109262  -18.366  32.218  -39.445 0.0000000000
109263  -18.801  32.265  -39.037 0.0000000000
109268  -14.992  33.037  -40.382 0.0000000000
109269  -15.167  32.769  -40.297 0.0000000000
109270  -18.562  31.968  -39.475 0.0000000000
109271  -18.692  32.088  -39.300 0.0000000000
109981  -24.107  33.478  -32.717 0.0000000000
109987  -13.671  33.788  -33.233 0.0000000000
109988  -14.215  33.776  -33.874 0.0000000000
109989  -23.975  33.295  -33.552 0.0000000000
109993  -14.508  33.703  -34.683 0.0000000000
109994  -23.882  33.433  -34.478 0.0000000000
109995  -24.164  33.991  -34.811 0.0000000000
109999  -14.606  33.662  -35.655 0.0000000000
110000  -23.668  33.355  -35.491 0.0000000000
110001  -24.055  33.782  -35.071 0.0000000000
110005  -14.496  33.620  -36.717 0.0000000000
110006  -20.796  34.014  -37.207 0.0000000000
110007  -21.352  33.668  -36.611 0.0000000000
110008  -22.265  33.256  -36.343 0.0000000000
110009  -22.973  32.804  -36.109 0.0000000000
110013  -14.390  33.509  -37.758 0.0000000000
110014  -19.652  33.303  -38.001 0.0000000000
110015  -20.080  33.500  -37.711 0.0000000000
110016  -14.311  33.381  -38.736 0.0000000000
110017  -18.661  33.673  -38.779 0.0000000000
110018  -19.371  33.331  -38.410 0.0000000000
110019  -19.796  33.547  -38.164 0.0000000000
110022  -14.293  33.284  -39.595 0.0000000000
110023  -15.658  33.574  -39.801 0.0000000000
110024  -16.391  33.302  -39.622 0.0000000000
110025  -17.256  33.168  -39.442 0.0000000000
110026  -18.100  33.052  -39.298 0.0000000000
110027  -18.803  32.855  -39.006 0.0000000000
110031  -14.677  33.380  -40.235 0.0000000000
110032  -15.306  33.228  -40.153 0.0000000000
110776  -13.437  34.564  -32.986 0.0000000000
110777  -13.944  34.581  -33.631 0.0000000000
110778  -24.147  34.025  -33.354 0.0000000000
110779  -24.416  34.800  -33.267 0.0000000000
110784  -14.293  34.588  -34.404 0.0000000000
110785  -24.059  33.780  -33.905 0.0000000000
110786  -24.306  34.341  -34.225 0.0000000000
110791  -14.452  34.579  -35.319 0.0000000000
110792  -24.053  34.007  -35.906 0.0000000000
110793  -24.422  34.403  -35.361 0.0000000000
110794  -24.914  34.889  -35.768 0.0000000000
110798  -14.422  34.548  -36.352 0.0000000000
110799  -21.003  34.567  -37.373 0.0000000000
110800  -21.339  34.772  -36.889 0.0000000000
110801  -22.208  34.414  -36.421 0.0000000000
110802  -23.381  34.069  -36.262 0.0000000000
110803  -24.348  34.553  -36.108 0.0000000000
110804  -24.720  34.725  -35.926 0.0000000000
110808  -14.300  34.468  -37.446 0.0000000000
110809  -17.716  35.136  -38.103 0.0000000000
110810  -18.175  35.123  -37.898 0.0000000000
110811  -20.634  34.591  -37.850 0.0000000000
110812  -21.112  34.871  -37.452 0.0000000000
110813  -14.310  34.268  -38.418 0.0000000000
110814  -16.739  34.838  -38.952 0.0000000000
110815  -17.492  34.643  -38.684 0.0000000000
110816  -18.371  34.581  -38.294 0.0000000000
110817  -19.294  34.203  -38.392 0.0000000000
110818  -20.022  33.947  -38.413 0.0000000000
110819  -14.494  34.158  -39.353 0.0000000000
110820  -15.372  34.357  -39.536 0.0000000000
110821  -16.193  34.198  -39.337 0.0000000000
110822  -17.012  34.039  -39.190 0.0000000000
110823  -17.849  33.911  -39.017 0.0000000000
110824  -29.706  35.636  -39.976 0.0000000000
110825  -30.364  35.543  -39.929 0.0000000000
110826  -31.017  35.431  -39.980 0.0000000000
110827  -31.648  35.480  -40.002 0.0000000000
110831  -14.512  33.765  -39.856 0.0000000000
110832  -15.012  33.923  -40.066 0.0000000000
110833  -29.902  35.802  -40.239 0.0000000000
110834  -30.335  35.684  -40.259 0.0000000000
110835  -30.957  35.404  -40.376 0.0000000000
110836  -31.321  35.620  -40.384 0.0000000000
110837  -31.782  35.631  -40.152 0.0000000000
110841  -30.027  35.835  -40.251 0.0000000000
110842  -30.306  35.883  -40.454 0.0000000000
110843  -30.751  35.710  -40.560 0.0000000000
110844  -31.035  35.465  -40.838 0.0000000000
111546  -13.645  35.391  -33.391 0.0000000000
111553  -14.083  35.439  -34.074 0.0000000000
111554  -24.690  35.256  -33.870 0.0000000000
111555  -25.134  35.776  -34.302 0.0000000000
111560  -14.347  35.513  -34.932 0.0000000000
111561  -24.782  35.013  -34.634 0.0000000000
111562  -25.257  35.406  -35.318 0.0000000000
111563  -25.891  35.635  -35.907 0.0000000000
111566  -14.478  35.522  -35.929 0.0000000000
111567  -21.558  35.423  -36.886 0.0000000000
111568  -21.989  35.401  -36.503 0.0000000000
111569  -22.951  35.306  -36.367 0.0000000000
111570  -24.106  35.307  -36.444 0.0000000000
111571  -25.116  35.246  -36.279 0.0000000000
111572  -26.283  35.640  -36.670 0.0000000000
111573  -27.174  35.673  -37.102 0.0000000000
111574  -27.951  35.755  -37.302 0.0000000000
111575  -14.408  35.498  -37.035 0.0000000000
111576  -16.895  35.965  -38.343 0.0000000000
111577  -17.218  35.784  -38.095 0.0000000000
111578  -18.076  35.698  -37.652 0.0000000000
111579  -19.021  35.735  -37.599 0.0000000000
111580  -20.087  35.553  -37.813 0.0000000000
111581  -21.232  35.552  -37.453 0.0000000000
111582  -24.871  35.753  -36.731 0.0000000000
111583  -25.615  35.773  -37.288 0.0000000000
111584  -26.566  35.510  -37.680 0.0000000000
111585  -27.502  35.536  -37.950 0.0000000000
111586  -28.549  35.644  -37.949 0.0000000000
111587  -29.420  35.744  -38.216 0.0000000000
111588  -30.091  35.860  -38.345 0.0000000000
111589  -14.520  35.402  -38.328 0.0000000000
111590  -15.364  35.927  -39.129 0.0000000000
111591  -16.560  35.744  -38.686 0.0000000000
111592  -17.167  35.246  -38.516 0.0000000000
111593  -18.578  35.203  -37.848 0.0000000000
111594  -19.229  34.999  -38.067 0.0000000000
111595  -19.920  34.711  -38.294 0.0000000000
111596  -26.123  35.732  -38.121 0.0000000000
111597  -26.948  35.599  -38.747 0.0000000000
111598  -28.102  35.503  -38.781 0.0000000000
111599  -29.065  35.555  -38.796 0.0000000000
111600  -29.909  35.669  -38.851 0.0000000000
111601  -30.775  35.820  -38.848 0.0000000000
111607  -14.550  34.700  -38.813 0.0000000000
111608  -14.881  35.032  -39.272 0.0000000000
111609  -15.856  35.006  -39.091 0.0000000000
111610  -27.241  36.005  -39.293 0.0000000000
111611  -27.986  35.852  -39.558 0.0000000000
111612  -28.908  35.601  -39.503 0.0000000000
111613  -29.719  35.595  -39.434 0.0000000000
111614  -30.513  35.599  -39.459 0.0000000000
111615  -31.328  35.618  -39.552 0.0000000000
111620  -28.439  36.128  -40.006 0.0000000000
111621  -29.175  35.947  -40.275 0.0000000000
111622  -29.630  36.252  -40.506 0.0000000000
111623  -31.345  35.946  -40.618 0.0000000000
111627  -29.809  35.969  -40.387 0.0000000000
111628  -30.012  36.072  -40.582 0.0000000000
111629  -30.609  35.900  -40.752 0.0000000000
111630  -31.050  35.606  -41.035 0.0000000000
112213  -13.782  36.084  -33.769 0.0000000000
112218  -13.630  36.746  -33.871 0.0000000000
112219  -14.057  36.457  -34.490 0.0000000000
112220  -25.724  36.511  -34.667 0.0000000000
112221  -26.308  36.716  -35.152 0.0000000000
112227  -14.385  36.494  -35.472 0.0000000000
112228  -25.981  36.078  -35.382 0.0000000000
112229  -26.641  36.339  -35.798 0.0000000000
112230  -27.308  36.594  -36.118 0.0000000000
112236  -14.500  36.511  -36.498 0.0000000000
112237  -18.705  37.233  -36.791 0.0000000000
112238  -19.237  37.102  -36.749 0.0000000000
112239  -20.055  37.039  -36.833 0.0000000000
112240  -21.749  35.907  -36.868 0.0000000000
112241  -22.460  36.413  -36.570 0.0000000000
112242  -23.511  36.284  -36.382 0.0000000000
112243  -24.407  36.345  -36.582 0.0000000000
112244  -27.055  35.995  -36.420 0.0000000000
112245  -27.782  36.291  -36.602 0.0000000000
112246  -28.728  36.338  -37.178 0.0000000000
112247  -29.500  36.412  -37.470 0.0000000000
112255  -14.486  36.526  -37.597 0.0000000000
112256  -16.882  36.373  -38.270 0.0000000000
112257  -17.492  36.538  -37.634 0.0000000000
112258  -18.506  36.660  -37.154 0.0000000000
112259  -19.610  36.431  -37.243 0.0000000000
112260  -20.707  36.564  -37.264 0.0000000000
112261  -21.672  36.595  -37.137 0.0000000000
112262  -22.228  37.002  -37.023 0.0000000000
112263  -25.022  36.341  -37.066 0.0000000000
112264  -25.418  36.470  -37.434 0.0000000000
112265  -29.204  35.953  -37.657 0.0000000000
112266  -29.826  36.037  -37.821 0.0000000000
112267  -30.590  36.241  -38.114 0.0000000000
112277  -14.645  36.699  -38.688 0.0000000000
112278  -15.292  36.770  -39.320 0.0000000000
112279  -16.232  36.758  -38.933 0.0000000000
112280  -25.767  36.328  -37.900 0.0000000000
112281  -26.297  36.305  -38.495 0.0000000000
112282  -31.288  36.171  -38.550 0.0000000000
112290  -14.703  37.105  -39.344 0.0000000000
112291  -15.195  37.176  -39.734 0.0000000000
112292  -26.819  36.389  -39.076 0.0000000000
112293  -27.542  36.511  -39.459 0.0000000000
112294  -28.156  36.848  -39.757 0.0000000000
112299  -28.133  36.340  -39.807 0.0000000000
112300  -28.702  36.589  -40.128 0.0000000000
112301  -29.429  36.577  -40.471 0.0000000000
112302  -30.247  36.926  -40.910 0.0000000000
112303  -31.033  36.482  -40.856 0.0000000000
112307  -29.947  36.371  -40.657 0.0000000000
112308  -30.456  36.225  -40.854 0.0000000000
112309  -30.912  35.954  -41.011 0.0000000000
112863  -13.704  37.431  -34.347 0.0000000000
112864  -14.111  37.423  -35.097 0.0000000000
112877  -14.445  37.497  -35.983 0.0000000000
112878  -26.733  37.023  -35.254 0.0000000000
112879  -27.488  37.407  -35.481 0.0000000000
112880  -28.240  37.770  -35.698 0.0000000000
112891  -14.467  37.498  -36.990 0.0000000000
112892  -18.000  38.039  -36.758 0.0000000000
112893  -18.807  37.820  -36.531 0.0000000000
112894  -19.792  37.721  -36.415 0.0000000000
112895  -20.895  37.549  -36.658 0.0000000000
112896  -21.518  37.927  -36.656 0.0000000000
112897  -23.178  37.023  -36.460 0.0000000000
112898  -23.890  37.298  -36.446 0.0000000000
112899  -24.846  37.224  -36.795 0.0000000000
112900  -25.192  37.768  -36.913 0.0000000000
112901  -27.726  36.908  -36.146 0.0000000000
112902  -28.443  37.274  -36.308 0.0000000000
112903  -29.767  37.205  -37.088 0.0000000000
112917  -14.427  37.536  -37.985 0.0000000000
112918  -16.956  37.489  -38.099 0.0000000000
112919  -17.730  37.413  -37.243 0.0000000000
112920  -18.323  37.414  -36.858 0.0000000000
112921  -21.290  37.082  -37.092 0.0000000000
112922  -21.864  37.547  -36.970 0.0000000000
112923  -22.766  37.438  -36.806 0.0000000000
112924  -23.339  37.503  -36.571 0.0000000000
112925  -25.237  36.819  -37.193 0.0000000000
112926  -25.702  37.349  -37.459 0.0000000000
112927  -26.305  37.895  -37.747 0.0000000000
112928  -30.078  36.549  -37.618 0.0000000000
112929  -30.797  36.853  -37.642 0.0000000000
112940  -14.478  37.659  -38.889 0.0000000000
112941  -15.779  37.336  -39.372 0.0000000000
112942  -16.329  37.698  -38.999 0.0000000000
112943  -26.037  36.810  -38.136 0.0000000000
112944  -26.677  37.394  -38.453 0.0000000000
112945  -27.306  37.963  -38.755 0.0000000000
112955  -14.642  37.679  -39.800 0.0000000000
112956  -15.478  37.821  -39.795 0.0000000000
112957  -15.998  37.806  -39.449 0.0000000000
112958  -27.080  36.940  -39.179 0.0000000000
112959  -27.664  37.501  -39.298 0.0000000000
112960  -28.883  37.435  -39.900 0.0000000000
112961  -30.017  37.701  -40.141 0.0000000000
112962  -31.020  37.837  -40.284 0.0000000000
112969  -14.747  37.997  -40.315 0.0000000000
112970  -15.059  37.708  -40.248 0.0000000000
112971  -29.056  36.982  -40.297 0.0000000000
112972  -29.661  37.082  -40.456 0.0000000000
112973  -30.571  37.153  -40.652 0.0000000000
113565  -13.787  38.120  -34.811 0.0000000000
113581  -14.103  38.486  -35.515 0.0000000000
113582  -19.695  38.990  -35.828 0.0000000000
113583  -20.049  38.869  -35.763 0.0000000000
113584  -20.787  38.801  -35.813 0.0000000000
113600  -14.390  38.465  -36.490 0.0000000000
113601  -17.843  38.650  -36.750 0.0000000000
113602  -18.382  38.668  -36.446 0.0000000000
113603  -19.392  38.724  -36.097 0.0000000000
113604  -20.386  38.337  -36.141 0.0000000000
113605  -21.400  38.458  -36.299 0.0000000000
113606  -22.151  38.658  -36.480 0.0000000000
113607  -23.898  37.801  -36.500 0.0000000000
113608  -24.259  37.886  -36.540 0.0000000000
113609  -24.827  38.019  -36.693 0.0000000000
113610  -28.691  38.015  -35.822 0.0000000000
113611  -29.379  38.017  -36.237 0.0000000000
113625  -14.407  38.417  -37.418 0.0000000000
113626  -17.015  38.326  -38.018 0.0000000000
113627  -17.423  38.484  -37.362 0.0000000000
113628  -21.904  38.211  -36.700 0.0000000000
113629  -22.665  38.404  -36.861 0.0000000000
113630  -23.579  38.098  -36.718 0.0000000000
113631  -24.388  38.567  -36.889 0.0000000000
113632  -25.239  38.435  -37.001 0.0000000000
113633  -26.063  38.598  -37.423 0.0000000000
113634  -26.733  39.016  -37.649 0.0000000000
113643  -14.370  38.442  -38.310 0.0000000000
113644  -16.649  38.387  -38.570 0.0000000000
113645  -23.338  38.729  -37.000 0.0000000000
113646  -23.823  38.864  -37.156 0.0000000000
113647  -24.281  39.147  -37.298 0.0000000000
113648  -26.631  38.299  -37.874 0.0000000000
113649  -27.290  38.609  -38.256 0.0000000000
113650  -27.958  38.881  -38.691 0.0000000000
113660  -14.389  38.520  -39.231 0.0000000000
113661  -15.603  38.331  -39.918 0.0000000000
113662  -16.078  38.443  -39.437 0.0000000000
113663  -27.684  38.327  -38.925 0.0000000000
113664  -28.457  38.486  -39.268 0.0000000000
113665  -29.489  38.391  -39.646 0.0000000000
113666  -30.472  38.469  -39.784 0.0000000000
113675  -14.481  38.605  -40.207 0.0000000000
113676  -15.179  38.293  -40.322 0.0000000000
114237  -20.058  39.812  -34.785 0.0000000000
114238  -21.048  39.788  -34.776 0.0000000000
114239  -22.008  39.970  -34.978 0.0000000000
114240  -22.497  40.198  -35.255 0.0000000000
114258  -14.171  39.457  -36.117 0.0000000000
114259  -18.931  39.782  -35.643 0.0000000000
114260  -19.610  39.314  -35.517 0.0000000000
114261  -20.516  39.181  -35.285 0.0000000000
114262  -21.624  39.269  -35.663 0.0000000000
114263  -22.454  39.852  -35.658 0.0000000000
114278  -14.371  39.365  -37.020 0.0000000000
114279  -17.808  39.483  -36.652 0.0000000000
114280  -18.648  39.347  -36.115 0.0000000000
114281  -19.145  39.304  -35.867 0.0000000000
114282  -21.979  38.939  -36.224 0.0000000000
114283  -22.762  39.383  -36.412 0.0000000000
114284  -23.497  39.806  -36.761 0.0000000000
114294  -14.357  39.167  -37.800 0.0000000000
114295  -17.016  38.987  -38.108 0.0000000000
114296  -17.300  39.584  -37.566 0.0000000000
114297  -23.126  39.038  -36.985 0.0000000000
114298  -23.523  39.448  -36.980 0.0000000000
114299  -24.759  39.076  -37.202 0.0000000000
114300  -25.343  39.326  -37.372 0.0000000000
114301  -26.064  39.831  -37.686 0.0000000000
114302  -27.170  39.779  -37.835 0.0000000000
114303  -27.986  40.012  -38.057 0.0000000000
114309  -14.300  39.371  -38.586 0.0000000000
114310  -16.533  39.419  -38.884 0.0000000000
114311  -17.045  39.774  -38.255 0.0000000000
114312  -23.536  39.120  -37.166 0.0000000000
114313  -23.937  39.465  -37.416 0.0000000000
114314  -24.620  39.660  -37.507 0.0000000000
114315  -25.262  40.020  -37.786 0.0000000000
114316  -25.609  40.290  -37.876 0.0000000000
114317  -27.808  39.370  -38.289 0.0000000000
114318  -28.573  39.557  -38.641 0.0000000000
114319  -29.463  39.754  -38.882 0.0000000000
114320  -30.338  39.860  -38.922 0.0000000000
114328  -14.137  39.485  -39.583 0.0000000000
114329  -15.624  38.862  -40.111 0.0000000000
114330  -16.086  39.342  -39.715 0.0000000000
114331  -29.159  39.124  -39.269 0.0000000000
114332  -29.961  39.166  -39.383 0.0000000000
114340  -13.804  40.174  -41.003 0.0000000000
114341  -14.025  39.797  -40.680 0.0000000000
114342  -15.052  39.145  -40.961 0.0000000000
114346  -13.880  40.159  -41.314 0.0000000000
114347  -14.397  39.766  -41.512 0.0000000000
114348  -15.102  39.871  -41.726 0.0000000000
114353  -14.049  40.193  -41.888 0.0000000000
114354  -14.614  40.166  -42.079 0.0000000000
114355  -15.111  40.379  -42.077 0.0000000000
114925  -20.703  41.063  -33.962 0.0000000000
114926  -21.187  41.125  -33.894 0.0000000000
114944  -19.686  40.644  -34.549 0.0000000000
114945  -20.492  40.474  -34.366 0.0000000000
114946  -21.486  40.668  -34.295 0.0000000000
114947  -22.614  40.689  -34.812 0.0000000000
114948  -23.156  41.088  -34.889 0.0000000000
114969  -18.264  40.967  -35.807 0.0000000000
114970  -18.741  40.579  -35.430 0.0000000000
114971  -19.295  40.129  -35.069 0.0000000000
114972  -22.915  40.325  -35.585 0.0000000000
114973  -23.303  40.823  -35.385 0.0000000000
114982  -17.871  40.650  -36.430 0.0000000000
114983  -18.368  40.142  -36.024 0.0000000000
114984  -22.915  40.027  -36.041 0.0000000000
114985  -23.653  40.438  -36.339 0.0000000000
114986  -24.346  40.920  -36.720 0.0000000000
114993  -14.271  40.219  -37.749 0.0000000000
114994  -17.468  40.474  -37.223 0.0000000000
114995  -23.900  40.065  -37.277 0.0000000000
114996  -24.427  40.636  -37.140 0.0000000000
114997  -26.396  40.774  -38.111 0.0000000000
114998  -27.462  40.793  -38.053 0.0000000000
114999  -28.589  40.697  -38.171 0.0000000000
115000  -29.151  41.115  -38.200 0.0000000000
115006  -14.092  40.420  -38.870 0.0000000000
115007  -16.904  40.582  -38.684 0.0000000000
115008  -17.286  40.339  -37.970 0.0000000000
115009  -24.245  39.911  -37.594 0.0000000000
115010  -24.727  40.386  -37.679 0.0000000000
115011  -25.371  40.571  -37.991 0.0000000000
115012  -25.796  40.509  -38.027 0.0000000000
115013  -29.092  40.141  -38.499 0.0000000000
115014  -29.648  40.649  -38.487 0.0000000000
115023  -13.880  40.478  -39.854 0.0000000000
115024  -15.831  39.667  -40.430 0.0000000000
115025  -16.342  40.345  -39.726 0.0000000000
115031  -13.759  40.522  -40.441 0.0000000000
115032  -15.611  40.016  -41.186 0.0000000000
115033  -16.093  40.484  -40.747 0.0000000000
115039  -15.521  40.698  -41.723 0.0000000000
115040  -15.884  40.549  -41.283 0.0000000000
115047  -15.198  40.773  -42.076 0.0000000000
115681  -19.691  41.817  -33.983 0.0000000000
115682  -20.086  41.643  -33.815 0.0000000000
115683  -21.009  41.613  -33.616 0.0000000000
115684  -21.833  41.723  -33.554 0.0000000000
115685  -22.555  41.784  -33.699 0.0000000000
115700  -18.935  41.826  -34.801 0.0000000000
115701  -19.368  41.653  -34.400 0.0000000000
115702  -20.023  41.056  -34.135 0.0000000000
115703  -21.551  41.253  -33.852 0.0000000000
115704  -22.215  41.231  -34.043 0.0000000000
115705  -23.138  41.505  -34.319 0.0000000000
115706  -23.800  41.817  -34.670 0.0000000000
115719  -18.271  41.459  -35.748 0.0000000000
115720  -18.651  41.562  -35.229 0.0000000000
115721  -19.115  40.906  -34.907 0.0000000000
115722  -23.556  41.355  -35.040 0.0000000000
115723  -24.121  41.734  -35.293 0.0000000000
115732  -18.029  41.437  -36.174 0.0000000000
115733  -23.816  41.161  -35.670 0.0000000000
115734  -24.451  41.439  -36.219 0.0000000000
115735  -24.960  41.849  -36.840 0.0000000000
115742  -17.754  41.418  -36.943 0.0000000000
115743  -24.742  41.257  -37.056 0.0000000000
115744  -25.260  41.755  -37.548 0.0000000000
115745  -25.859  41.724  -38.201 0.0000000000
115746  -26.816  41.753  -38.102 0.0000000000
115747  -27.806  41.702  -37.871 0.0000000000
115748  -28.846  41.717  -37.915 0.0000000000
115749  -29.567  41.988  -38.060 0.0000000000
115756  -17.119  41.304  -38.719 0.0000000000
115757  -17.464  41.341  -38.047 0.0000000000
115758  -24.849  41.042  -37.584 0.0000000000
115759  -25.226  41.104  -38.016 0.0000000000
115760  -25.695  40.950  -38.200 0.0000000000
115761  -29.496  41.406  -38.213 0.0000000000
115770  -16.830  41.477  -39.349 0.0000000000
115776  -16.436  41.390  -40.374 0.0000000000
115782  -15.768  41.778  -41.738 0.0000000000
115783  -16.089  41.199  -41.234 0.0000000000
116442  -19.741  42.223  -33.876 0.0000000000
116443  -20.445  42.361  -33.511 0.0000000000
116444  -21.349  42.378  -33.335 0.0000000000
116445  -22.249  42.386  -33.349 0.0000000000
116446  -23.190  42.337  -33.603 0.0000000000
116447  -23.997  42.657  -33.833 0.0000000000
116455  -18.881  42.273  -34.833 0.0000000000
116456  -19.316  42.685  -34.300 0.0000000000
116457  -23.735  42.114  -34.165 0.0000000000
116458  -24.349  42.483  -34.636 0.0000000000
116459  -24.833  42.848  -35.183 0.0000000000
116468  -18.242  41.854  -35.805 0.0000000000
116469  -18.447  42.535  -35.563 0.0000000000
116470  -24.632  42.253  -35.589 0.0000000000
116471  -25.143  42.805  -35.904 0.0000000000
116480  -18.115  42.239  -36.427 0.0000000000
116481  -18.303  42.997  -36.184 0.0000000000
116482  -24.919  42.191  -36.301 0.0000000000
116483  -25.400  42.592  -36.888 0.0000000000
116491  -17.906  42.326  -37.433 0.0000000000
116492  -25.764  42.641  -37.766 0.0000000000
116493  -26.367  42.663  -38.100 0.0000000000
116494  -27.170  42.668  -37.942 0.0000000000
116495  -28.103  42.617  -37.699 0.0000000000
116496  -29.097  42.630  -37.704 0.0000000000
116505  -17.246  41.823  -38.769 0.0000000000
116506  -17.590  42.583  -38.435 0.0000000000
116515  -17.162  42.425  -39.223 0.0000000000
116516  -17.322  43.158  -39.055 0.0000000000
116521  -16.849  42.401  -40.022 0.0000000000
116528  -16.332  42.506  -41.074 0.0000000000
117191  -21.330  43.900  -32.813 0.0000000000
117192  -22.267  43.849  -32.789 0.0000000000
117193  -23.189  43.839  -32.856 0.0000000000
117194  -24.053  43.874  -33.019 0.0000000000
117195  -24.534  44.013  -33.191 0.0000000000
117202  -19.833  43.260  -33.647 0.0000000000
117203  -20.835  43.164  -33.188 0.0000000000
117204  -21.787  43.133  -33.105 0.0000000000
117205  -22.732  43.105  -33.130 0.0000000000
117206  -23.685  43.166  -33.287 0.0000000000
117207  -24.705  43.489  -33.855 0.0000000000
117208  -25.367  43.951  -34.339 0.0000000000
117216  -18.829  43.390  -34.855 0.0000000000
117217  -19.317  43.328  -34.231 0.0000000000
117218  -24.816  43.083  -34.680 0.0000000000
117219  -25.352  43.513  -35.106 0.0000000000
117228  -18.456  43.397  -35.708 0.0000000000
117229  -25.667  43.406  -36.346 0.0000000000
117238  -18.217  43.088  -36.882 0.0000000000
117239  -18.348  43.712  -36.337 0.0000000000
117240  -25.934  43.450  -37.286 0.0000000000
117241  -26.357  43.629  -37.615 0.0000000000
117250  -18.053  43.354  -37.734 0.0000000000
117251  -18.291  43.947  -37.077 0.0000000000
117252  -26.156  43.276  -37.875 0.0000000000
117253  -26.704  43.519  -37.924 0.0000000000
117254  -27.478  43.458  -37.763 0.0000000000
117255  -28.394  43.453  -37.569 0.0000000000
117268  -17.661  43.713  -38.551 0.0000000000
117275  -17.163  43.095  -39.642 0.0000000000
117972  -20.014  44.903  -32.555 0.0000000000
117973  -20.922  44.648  -32.418 0.0000000000
117974  -21.844  44.568  -32.421 0.0000000000
117975  -22.760  44.553  -32.472 0.0000000000
117976  -23.609  44.537  -32.639 0.0000000000
117977  -24.323  44.473  -32.883 0.0000000000
117984  -19.649  44.422  -33.372 0.0000000000
117985  -20.411  44.042  -32.986 0.0000000000
117986  -24.861  44.334  -33.266 0.0000000000
117987  -25.319  44.342  -33.820 0.0000000000
117993  -18.806  44.585  -34.603 0.0000000000
117994  -19.335  43.986  -34.150 0.0000000000
117995  -25.876  44.536  -34.663 0.0000000000
117996  -26.519  44.780  -34.668 0.0000000000
118002  -18.451  44.341  -35.606 0.0000000000
118003  -26.019  44.117  -35.993 0.0000000000
118004  -26.855  44.728  -35.633 0.0000000000
118005  -27.614  44.774  -35.805 0.0000000000
118017  -18.311  44.492  -36.538 0.0000000000
118018  -26.017  43.860  -36.756 0.0000000000
118019  -26.671  44.131  -37.106 0.0000000000
118020  -27.879  44.722  -36.579 0.0000000000
118033  -18.066  44.549  -37.741 0.0000000000
118034  -18.272  44.505  -37.091 0.0000000000
118035  -27.089  43.998  -37.796 0.0000000000
118036  -27.682  44.138  -37.494 0.0000000000
118037  -28.701  44.193  -37.244 0.0000000000
118649  -20.015  46.146  -31.819 0.0000000000
118650  -20.379  46.078  -31.754 0.0000000000
118651  -21.188  45.968  -31.696 0.0000000000
118652  -22.058  45.886  -31.744 0.0000000000
118653  -22.782  45.816  -31.852 0.0000000000
118664  -19.855  45.823  -32.134 0.0000000000
118665  -20.605  45.396  -32.010 0.0000000000
118666  -21.485  45.256  -32.018 0.0000000000
118667  -22.365  45.229  -32.100 0.0000000000
118668  -23.270  45.346  -32.215 0.0000000000
118669  -23.981  45.133  -32.531 0.0000000000
118670  -27.389  45.661  -32.675 0.0000000000
118671  -27.795  45.647  -32.704 0.0000000000
118677  -18.939  45.832  -33.598 0.0000000000
118678  -19.250  45.581  -33.158 0.0000000000
118679  -24.714  44.934  -32.869 0.0000000000
118680  -25.214  44.800  -33.251 0.0000000000
118681  -26.588  45.362  -33.165 0.0000000000
118682  -27.108  45.435  -33.005 0.0000000000
118683  -28.096  45.317  -33.336 0.0000000000
118690  -18.833  45.565  -34.074 0.0000000000
118691  -19.224  44.849  -33.905 0.0000000000
118692  -25.664  44.900  -33.614 0.0000000000
118693  -26.393  45.164  -33.685 0.0000000000
118694  -27.442  44.975  -33.968 0.0000000000
118702  -18.402  45.411  -35.078 0.0000000000
118703  -26.963  44.868  -34.627 0.0000000000
118704  -27.732  44.823  -35.064 0.0000000000
118718  -18.184  45.555  -36.742 0.0000000000
118719  -18.260  45.419  -36.152 0.0000000000
118720  -28.112  44.776  -35.784 0.0000000000
118733  -18.059  45.562  -37.290 0.0000000000
118734  -18.244  45.021  -36.942 0.0000000000
119309  -19.933  46.656  -31.775 0.0000000000
119310  -20.872  46.711  -31.548 0.0000000000
119311  -21.809  46.677  -31.563 0.0000000000
119312  -22.715  46.532  -31.684 0.0000000000
119313  -23.397  46.217  -31.930 0.0000000000
119314  -25.966  46.492  -31.680 0.0000000000
119315  -26.743  46.369  -31.588 0.0000000000
119331  -18.904  46.854  -32.825 0.0000000000
119332  -19.340  46.380  -32.488 0.0000000000
119333  -23.889  45.959  -32.218 0.0000000000
119334  -24.591  45.607  -32.593 0.0000000000
119335  -25.917  46.467  -32.023 0.0000000000
119336  -26.345  46.186  -32.241 0.0000000000
119337  -27.267  45.932  -32.316 0.0000000000
119348  -18.745  46.347  -33.557 0.0000000000
119349  -19.057  46.289  -33.008 0.0000000000
119350  -25.001  45.068  -32.846 0.0000000000
119351  -25.418  45.050  -33.175 0.0000000000
119352  -26.360  45.628  -32.798 0.0000000000
119353  -26.762  45.788  -32.590 0.0000000000
119361  -18.414  46.292  -34.539 0.0000000000
119362  -24.895  45.092  -32.847 0.0000000000
119363  -25.608  45.273  -33.031 0.0000000000
119364  -25.991  45.500  -32.937 0.0000000000
119371  -18.043  46.846  -36.118 0.0000000000
119372  -18.208  46.335  -35.627 0.0000000000
119381  -18.090  46.192  -36.539 0.0000000000
119382  -18.214  45.988  -36.113 0.0000000000
120028  -19.700  47.710  -31.612 0.0000000000
120029  -20.522  47.496  -31.397 0.0000000000
120030  -21.488  47.510  -31.382 0.0000000000
120031  -22.520  47.460  -31.438 0.0000000000
120032  -23.637  47.095  -31.730 0.0000000000
120033  -24.592  47.125  -31.596 0.0000000000
120034  -25.281  46.801  -31.170 0.0000000000
120049  -18.773  47.696  -32.570 0.0000000000
120050  -19.267  47.201  -32.192 0.0000000000
120051  -23.890  46.492  -32.108 0.0000000000
120052  -24.597  46.438  -32.276 0.0000000000
120053  -25.464  46.598  -32.067 0.0000000000
120054  -25.893  46.367  -32.229 0.0000000000
120066  -18.157  47.943  -33.641 0.0000000000
120067  -18.501  47.324  -33.254 0.0000000000
120068  -25.133  45.757  -32.680 0.0000000000
120069  -25.456  46.128  -32.494 0.0000000000
120070  -25.898  46.155  -32.432 0.0000000000
120075  -18.008  47.793  -34.530 0.0000000000
120076  -18.289  47.106  -34.055 0.0000000000
120077  -25.384  45.527  -32.751 0.0000000000
120078  -25.609  45.686  -32.699 0.0000000000
120079  -26.184  46.057  -32.553 0.0000000000
120082  -17.952  47.481  -35.570 0.0000000000
120083  -18.194  47.008  -34.870 0.0000000000
120750  -19.515  48.995  -30.931 0.0000000000
120751  -19.852  48.860  -30.778 0.0000000000
120752  -20.648  48.793  -30.764 0.0000000000
120753  -21.414  48.843  -30.893 0.0000000000
120768  -18.944  48.979  -31.693 0.0000000000
120769  -19.329  48.749  -31.358 0.0000000000
120770  -20.161  48.265  -31.115 0.0000000000
120771  -21.058  48.239  -31.161 0.0000000000
120772  -22.098  48.423  -31.200 0.0000000000
120773  -23.242  48.339  -31.193 0.0000000000
120774  -23.987  47.690  -31.243 0.0000000000
120782  -18.263  48.952  -32.679 0.0000000000
120783  -18.613  48.773  -32.257 0.0000000000
120784  -19.151  48.027  -32.016 0.0000000000
120792  -18.107  48.741  -33.081 0.0000000000
120793  -18.391  48.082  -32.949 0.0000000000
120795  -17.837  48.675  -34.025 0.0000000000
