3.552641538394689380e-02 6.574659085723404996e-03 1.020732800244186951e-02 1.775425308893994678e-02 1.269191948620697862e-02 2.251357385108758088e-02 1.589811114633326791e-02
6.444602703305619962e-02 9.235990793490422152e-03 2.402820394848362989e-02 1.853880345725697487e-02 9.415406224119501899e-03 2.312380551935124678e-02 1.181564204724563395e-02
3.736304987521950338e-02 5.205892672533455300e-03 1.244121716886936214e-02 1.320432729267579167e-02 7.323045935938438111e-03 1.877790868242554603e-02 1.282583602890836720e-02
5.989783008167851724e-02 8.837692529010877929e-03 1.994796779776106255e-02 1.955990694237644267e-02 1.147851356985131813e-02 2.580233113159617273e-02 1.379968209478098923e-02
1.291716492552592160e-02 4.948683156595632890e-03 1.051843708740144573e-02 1.307145812599154119e-02 7.489749396901022004e-03 1.713843429504607191e-02 8.183852457999740704e-03
3.615470412280582385e-02 9.687580528302730878e-03 1.839551139369790742e-02 1.742489432613722466e-02 1.155628110824818804e-02 2.202064404791486893e-02 1.244057808714323608e-02
5.204906245765935496e-02 1.216284194193942639e-02 3.156646851424230182e-02 3.103325923057130217e-02 1.841454725193092737e-02 3.615534506565815098e-02 1.965733187091764020e-02
2.554729540410874064e-02 6.155439997025538915e-03 1.427228626580197106e-02 1.562820794319139117e-02 9.114215491797226371e-03 1.634625535048166156e-02 1.072129151676032115e-02
1.505244658049397811e-02 1.099437246227273970e-02 1.275969719177308219e-02 2.242676664422888974e-02 1.415105228966092969e-02 2.852724190744321958e-02 1.453227392012990289e-02
1.340389865755303896e-02 7.643583897532542012e-03 1.034847746381468113e-02 1.492785523257060543e-02 9.356487070167548992e-03 1.670868840119252297e-02 9.642095389621839832e-03
1.340525791752270740e-02 9.718202284506776215e-03 1.506810762592043773e-02 1.862411298921368488e-02 1.026014380416646020e-02 2.010569707792845065e-02 1.132350416808288254e-02
2.522644734380176737e-02 1.189604475052468205e-02 2.038383089463778261e-02 2.027415087277451705e-02 9.962496353268065347e-03 2.471762939470371900e-02 1.098589213840228326e-02
