#!ascii label  , from subject cvs_avg35_inMNI152 vox2ras=TkReg
481
28125  -40.450  -43.032  6.871 0.0000000000
28126  -41.116  -43.310  6.447 0.0000000000
28127  -42.294  -44.003  6.685 0.0000000000
28139  -41.323  -43.021  5.674 0.0000000000
28140  -42.163  -43.248  5.404 0.0000000000
28141  -43.545  -43.837  5.720 0.0000000000
28153  -42.640  -42.834  4.560 0.0000000000
28154  -43.314  -43.207  4.699 0.0000000000
28155  -44.423  -43.395  4.461 0.0000000000
28166  -44.718  -43.197  3.775 0.0000000000
29092  -38.925  -42.055  8.554 0.0000000000
29093  -39.339  -42.336  7.829 0.0000000000
29094  -40.013  -42.766  7.273 0.0000000000
29098  -39.538  -42.299  7.003 0.0000000000
29099  -40.211  -42.547  6.401 0.0000000000
29100  -40.849  -42.799  5.832 0.0000000000
29109  -40.528  -42.321  5.659 0.0000000000
29110  -41.272  -42.480  5.197 0.0000000000
29111  -42.026  -42.634  4.720 0.0000000000
29123  -41.701  -42.203  4.538 0.0000000000
29124  -42.422  -42.240  4.061 0.0000000000
29125  -43.272  -42.743  4.034 0.0000000000
29126  -43.810  -43.070  4.161 0.0000000000
29138  -42.585  -41.969  3.537 0.0000000000
29139  -43.217  -42.165  3.297 0.0000000000
29140  -44.206  -42.865  3.563 0.0000000000
29141  -44.855  -43.123  3.467 0.0000000000
29149  -43.406  -42.020  2.672 0.0000000000
29150  -44.100  -42.333  2.441 0.0000000000
29151  -45.120  -42.994  2.921 0.0000000000
29159  -44.487  -42.253  1.351 0.0000000000
29168  -44.646  -41.994  0.507 0.0000000000
30049  -51.812  -41.193  13.032 0.0000000000
30056  -51.835  -40.989  12.486 0.0000000000
30057  -52.555  -41.222  12.372 0.0000000000
30063  -53.005  -40.973  11.827 0.0000000000
30087  -38.629  -41.417  8.974 0.0000000000
30091  -38.713  -41.483  7.937 0.0000000000
30092  -39.063  -41.874  7.228 0.0000000000
30095  -38.757  -41.286  7.070 0.0000000000
30096  -39.261  -41.730  6.361 0.0000000000
30097  -39.949  -42.022  5.784 0.0000000000
30101  -39.585  -41.528  5.559 0.0000000000
30102  -40.372  -41.699  5.088 0.0000000000
30103  -41.166  -41.895  4.660 0.0000000000
30112  -40.779  -41.488  4.274 0.0000000000
30113  -41.586  -41.764  4.044 0.0000000000
30114  -42.168  -41.814  3.631 0.0000000000
30127  -41.060  -41.401  3.671 0.0000000000
30128  -41.673  -41.491  3.306 0.0000000000
30129  -42.482  -41.690  3.127 0.0000000000
30130  -43.015  -41.806  2.758 0.0000000000
30140  -41.938  -41.402  2.712 0.0000000000
30141  -42.544  -41.566  2.424 0.0000000000
30142  -43.259  -41.810  2.138 0.0000000000
30143  -43.860  -41.916  1.658 0.0000000000
30151  -41.967  -41.310  2.084 0.0000000000
30152  -42.541  -41.355  1.613 0.0000000000
30153  -43.359  -41.538  1.321 0.0000000000
30154  -44.050  -41.703  0.959 0.0000000000
30161  -42.847  -41.189  0.885 0.0000000000
30162  -43.506  -41.379  0.541 0.0000000000
30163  -44.190  -41.571  0.163 0.0000000000
30170  -42.969  -41.062  0.174 0.0000000000
30171  -43.639  -41.131  -0.268 0.0000000000
31145  -50.669  -40.310  14.018 0.0000000000
31146  -51.306  -40.673  13.570 0.0000000000
31152  -50.804  -40.173  13.253 0.0000000000
31153  -51.333  -40.459  12.600 0.0000000000
31154  -51.875  -40.756  12.129 0.0000000000
31163  -51.569  -40.273  11.865 0.0000000000
31164  -52.372  -40.445  11.577 0.0000000000
31185  -38.447  -40.578  9.553 0.0000000000
31195  -38.400  -40.568  8.480 0.0000000000
31202  -38.368  -40.592  7.461 0.0000000000
31208  -38.523  -40.657  6.366 0.0000000000
31209  -39.031  -41.100  5.682 0.0000000000
31215  -38.742  -40.338  5.341 0.0000000000
31216  -39.453  -40.943  4.926 0.0000000000
31217  -40.100  -41.128  4.392 0.0000000000
31221  -39.058  -40.167  4.569 0.0000000000
31222  -39.613  -40.379  3.946 0.0000000000
31223  -40.409  -41.008  3.717 0.0000000000
31233  -40.151  -40.381  3.005 0.0000000000
31234  -40.957  -41.056  3.015 0.0000000000
31235  -41.496  -41.265  2.863 0.0000000000
31248  -40.134  -40.261  2.396 0.0000000000
31249  -40.670  -40.529  2.164 0.0000000000
31250  -41.420  -41.067  2.372 0.0000000000
31262  -40.864  -40.359  1.578 0.0000000000
31263  -41.565  -40.710  1.344 0.0000000000
31264  -42.296  -41.081  1.070 0.0000000000
31271  -41.857  -40.185  0.191 0.0000000000
31272  -42.361  -40.791  0.503 0.0000000000
31278  -42.060  -39.909  -0.372 0.0000000000
31279  -42.748  -40.353  -0.589 0.0000000000
31289  -42.976  -39.896  -1.234 0.0000000000
32272  -49.045  -39.219  15.328 0.0000000000
32273  -49.434  -39.500  14.757 0.0000000000
32274  -50.017  -39.979  14.366 0.0000000000
32282  -49.630  -39.502  13.934 0.0000000000
32283  -50.220  -39.830  13.545 0.0000000000
32293  -49.773  -39.349  13.188 0.0000000000
32294  -50.422  -39.652  12.562 0.0000000000
32295  -51.030  -39.933  11.959 0.0000000000
32306  -50.709  -39.404  11.788 0.0000000000
32307  -51.485  -39.467  11.293 0.0000000000
32315  -38.473  -39.589  10.110 0.0000000000
32324  -38.315  -39.594  8.978 0.0000000000
32331  -37.782  -38.925  7.418 0.0000000000
32332  -38.050  -39.702  7.955 0.0000000000
32339  -37.903  -38.888  6.535 0.0000000000
32340  -37.963  -39.759  6.922 0.0000000000
32348  -38.061  -38.784  6.026 0.0000000000
32349  -38.227  -39.428  5.823 0.0000000000
32356  -38.671  -39.494  4.801 0.0000000000
32364  -38.975  -39.626  3.793 0.0000000000
32365  -39.313  -39.986  3.686 0.0000000000
32373  -38.942  -39.429  2.744 0.0000000000
32374  -39.423  -39.945  3.261 0.0000000000
32383  -38.914  -39.296  1.817 0.0000000000
32384  -39.632  -39.890  2.259 0.0000000000
32385  -40.146  -40.212  2.076 0.0000000000
32400  -38.930  -39.142  1.396 0.0000000000
32401  -39.374  -39.306  1.237 0.0000000000
32402  -40.311  -39.985  1.474 0.0000000000
32403  -40.933  -40.216  1.279 0.0000000000
32418  -39.549  -39.023  0.647 0.0000000000
32419  -40.096  -39.265  0.573 0.0000000000
32420  -41.016  -39.815  0.674 0.0000000000
32429  -40.678  -39.258  -0.038 0.0000000000
32430  -41.479  -39.464  -0.396 0.0000000000
32431  -42.156  -39.672  -0.727 0.0000000000
32439  -41.919  -39.263  -1.036 0.0000000000
32440  -42.531  -39.480  -1.324 0.0000000000
32452  -42.843  -39.205  -1.890 0.0000000000
33442  -45.875  -38.430  16.607 0.0000000000
33443  -46.971  -38.621  16.623 0.0000000000
33454  -45.271  -38.106  15.851 0.0000000000
33455  -46.468  -38.106  15.478 0.0000000000
33456  -47.908  -38.703  15.770 0.0000000000
33457  -48.647  -38.944  15.463 0.0000000000
33473  -46.668  -37.829  14.676 0.0000000000
33474  -47.438  -38.140  14.403 0.0000000000
33475  -48.677  -38.851  14.616 0.0000000000
33476  -49.224  -39.231  14.217 0.0000000000
33486  -47.627  -37.997  13.600 0.0000000000
33487  -48.338  -38.329  13.346 0.0000000000
33488  -49.139  -39.054  13.584 0.0000000000
33501  -48.655  -38.182  12.592 0.0000000000
33502  -49.441  -38.689  12.351 0.0000000000
33503  -50.219  -39.162  11.950 0.0000000000
33514  -49.748  -38.282  11.592 0.0000000000
33515  -50.506  -38.662  11.280 0.0000000000
33516  -51.174  -38.895  11.019 0.0000000000
33521  -38.751  -38.548  10.648 0.0000000000
33522  -39.180  -38.103  11.343 0.0000000000
33523  -50.708  -38.324  10.580 0.0000000000
33531  -38.462  -38.484  9.448 0.0000000000
33539  -37.787  -38.258  7.679 0.0000000000
33540  -37.963  -38.648  8.335 0.0000000000
33547  -37.854  -38.197  6.963 0.0000000000
33556  -38.073  -38.181  6.081 0.0000000000
33557  -38.182  -38.627  5.644 0.0000000000
33564  -38.158  -38.029  5.209 0.0000000000
33565  -38.398  -38.709  5.012 0.0000000000
33572  -38.061  -38.068  4.328 0.0000000000
33573  -38.408  -38.814  4.080 0.0000000000
33582  -38.061  -38.110  3.360 0.0000000000
33583  -38.486  -38.825  3.101 0.0000000000
33591  -38.101  -38.169  2.384 0.0000000000
33592  -38.503  -38.809  2.152 0.0000000000
33600  -38.266  -38.246  1.662 0.0000000000
33601  -38.694  -38.655  1.179 0.0000000000
33602  -39.192  -38.824  0.654 0.0000000000
33614  -38.920  -38.308  0.150 0.0000000000
33615  -39.564  -38.705  0.077 0.0000000000
33616  -40.163  -38.892  -0.207 0.0000000000
33628  -39.263  -38.224  -0.511 0.0000000000
33629  -39.867  -38.338  -0.803 0.0000000000
33630  -40.702  -38.801  -0.833 0.0000000000
33631  -41.422  -38.955  -1.145 0.0000000000
33643  -40.360  -38.194  -1.409 0.0000000000
33644  -41.100  -38.328  -1.763 0.0000000000
33645  -42.005  -38.815  -1.642 0.0000000000
33646  -42.501  -39.026  -1.829 0.0000000000
33661  -41.797  -38.338  -2.193 0.0000000000
34447  -44.666  -37.798  15.268 0.0000000000
34448  -45.504  -37.700  15.213 0.0000000000
34461  -43.942  -37.519  14.669 0.0000000000
34462  -44.998  -37.300  14.682 0.0000000000
34463  -46.044  -37.420  14.621 0.0000000000
34464  -46.706  -37.627  14.196 0.0000000000
34476  -42.245  -37.412  13.482 0.0000000000
34477  -43.346  -37.126  13.836 0.0000000000
34478  -44.395  -36.984  13.973 0.0000000000
34479  -45.382  -36.981  13.969 0.0000000000
34480  -46.281  -37.090  13.736 0.0000000000
34481  -47.101  -37.577  13.560 0.0000000000
34482  -47.698  -37.779  13.156 0.0000000000
34493  -41.429  -37.347  12.769 0.0000000000
34494  -42.154  -37.063  12.716 0.0000000000
34495  -46.658  -37.082  13.111 0.0000000000
34496  -47.317  -37.199  12.764 0.0000000000
34497  -48.153  -37.659  12.587 0.0000000000
34498  -48.808  -37.880  12.212 0.0000000000
34506  -39.725  -37.605  11.748 0.0000000000
34507  -40.338  -37.127  11.924 0.0000000000
34508  -47.814  -36.996  12.247 0.0000000000
34509  -48.484  -37.149  11.885 0.0000000000
34510  -49.247  -37.752  11.620 0.0000000000
34511  -49.823  -37.979  11.165 0.0000000000
34516  -38.827  -37.974  10.035 0.0000000000
34517  -39.291  -37.396  10.540 0.0000000000
34518  -48.828  -37.119  11.225 0.0000000000
34519  -49.353  -37.401  10.759 0.0000000000
34520  -50.162  -37.882  10.538 0.0000000000
34527  -38.869  -37.472  9.509 0.0000000000
34528  -39.204  -37.101  9.786 0.0000000000
34529  -49.639  -37.382  10.099 0.0000000000
34537  -37.837  -37.978  8.064 0.0000000000
34538  -38.242  -37.563  8.470 0.0000000000
34545  -37.934  -37.543  7.532 0.0000000000
34546  -38.142  -37.182  7.862 0.0000000000
34554  -38.023  -37.413  6.524 0.0000000000
34561  -38.089  -37.305  5.546 0.0000000000
34568  -37.961  -37.296  4.595 0.0000000000
34575  -37.782  -37.330  3.632 0.0000000000
34584  -37.737  -37.381  2.584 0.0000000000
34595  -37.958  -37.470  1.425 0.0000000000
34596  -38.296  -38.005  1.182 0.0000000000
34607  -38.083  -37.123  0.749 0.0000000000
34608  -38.361  -37.589  0.482 0.0000000000
34616  -38.852  -37.538  -0.830 0.0000000000
34617  -39.379  -37.956  -1.006 0.0000000000
34620  -39.098  -37.156  -1.584 0.0000000000
34621  -39.732  -37.550  -1.760 0.0000000000
34622  -40.479  -37.902  -1.891 0.0000000000
35367  -42.908  -36.879  13.005 0.0000000000
35368  -43.877  -36.746  13.188 0.0000000000
35369  -44.854  -36.725  13.279 0.0000000000
35370  -45.623  -36.806  13.340 0.0000000000
35371  -46.107  -36.827  13.058 0.0000000000
35377  -40.905  -37.058  12.246 0.0000000000
35378  -41.610  -36.773  12.235 0.0000000000
35379  -42.483  -36.585  12.307 0.0000000000
35380  -43.399  -36.420  12.461 0.0000000000
35381  -44.392  -36.376  12.563 0.0000000000
35382  -45.469  -36.496  12.639 0.0000000000
35383  -46.515  -36.625  12.492 0.0000000000
35384  -47.247  -36.690  12.179 0.0000000000
35390  -39.997  -36.982  11.310 0.0000000000
35391  -40.837  -36.490  11.529 0.0000000000
35392  -41.948  -36.221  11.678 0.0000000000
35393  -42.916  -36.048  11.777 0.0000000000
35394  -43.903  -35.959  11.853 0.0000000000
35395  -44.921  -36.012  11.888 0.0000000000
35396  -45.925  -36.094  11.870 0.0000000000
35397  -46.843  -36.240  11.677 0.0000000000
35398  -47.709  -36.546  11.625 0.0000000000
35399  -48.329  -36.706  11.245 0.0000000000
35403  -40.062  -36.491  10.663 0.0000000000
35404  -40.736  -35.968  10.732 0.0000000000
35405  -47.303  -36.074  11.205 0.0000000000
35406  -47.894  -36.203  10.850 0.0000000000
35407  -48.595  -36.752  10.580 0.0000000000
35408  -49.061  -37.091  10.093 0.0000000000
35412  -39.142  -36.978  9.448 0.0000000000
35413  -39.514  -36.516  9.677 0.0000000000
35414  -48.158  -36.227  10.227 0.0000000000
35415  -48.587  -36.553  9.739 0.0000000000
35416  -49.379  -37.035  9.464 0.0000000000
35422  -38.948  -36.766  8.856 0.0000000000
35423  -39.390  -36.058  8.855 0.0000000000
35424  -48.783  -36.583  9.015 0.0000000000
35431  -38.108  -37.031  7.569 0.0000000000
35432  -38.423  -36.612  7.811 0.0000000000
35440  -38.060  -36.823  7.044 0.0000000000
35441  -38.273  -36.039  6.851 0.0000000000
35447  -38.065  -36.411  5.979 0.0000000000
35448  -38.146  -35.711  6.176 0.0000000000
35455  -37.924  -36.502  4.906 0.0000000000
35463  -37.642  -36.535  3.961 0.0000000000
35471  -37.473  -36.527  2.932 0.0000000000
35480  -37.456  -36.539  1.800 0.0000000000
35490  -37.769  -36.528  0.671 0.0000000000
35491  -38.125  -36.937  0.398 0.0000000000
35500  -37.741  -36.099  0.060 0.0000000000
35501  -38.167  -36.532  -0.316 0.0000000000
35507  -38.774  -36.460  -1.660 0.0000000000
36268  -41.512  -35.840  10.982 0.0000000000
36269  -42.465  -35.736  11.064 0.0000000000
36270  -43.452  -35.679  11.064 0.0000000000
36271  -44.465  -35.701  11.092 0.0000000000
36272  -45.460  -35.742  11.159 0.0000000000
36273  -46.378  -35.829  11.174 0.0000000000
36274  -46.908  -35.914  11.182 0.0000000000
36280  -40.349  -35.828  10.010 0.0000000000
36281  -41.217  -35.519  10.232 0.0000000000
36282  -42.077  -35.390  10.420 0.0000000000
36283  -43.010  -35.304  10.372 0.0000000000
36284  -44.071  -35.302  10.194 0.0000000000
36285  -45.114  -35.484  10.385 0.0000000000
36286  -46.076  -35.604  10.444 0.0000000000
36287  -47.107  -35.814  10.566 0.0000000000
36288  -47.757  -35.977  10.326 0.0000000000
36293  -39.985  -35.609  9.164 0.0000000000
36294  -40.968  -35.204  9.357 0.0000000000
36295  -41.873  -35.064  9.740 0.0000000000
36296  -42.544  -35.052  9.962 0.0000000000
36297  -44.403  -35.112  9.570 0.0000000000
36298  -44.958  -35.231  9.667 0.0000000000
36299  -45.783  -35.400  9.720 0.0000000000
36300  -46.713  -35.592  9.614 0.0000000000
36301  -47.787  -35.977  9.645 0.0000000000
36302  -48.327  -36.318  9.252 0.0000000000
36307  -39.009  -36.054  8.266 0.0000000000
36308  -39.590  -35.352  8.266 0.0000000000
36309  -40.477  -34.992  8.577 0.0000000000
36310  -46.705  -35.534  8.981 0.0000000000
36311  -47.298  -35.696  8.802 0.0000000000
36312  -48.185  -36.162  8.689 0.0000000000
36317  -38.847  -35.514  7.473 0.0000000000
36318  -39.478  -34.786  7.515 0.0000000000
36319  -47.821  -35.750  8.163 0.0000000000
36327  -38.483  -35.245  6.552 0.0000000000
36339  -38.043  -35.731  5.751 0.0000000000
36340  -38.203  -35.121  5.742 0.0000000000
36351  -37.956  -35.632  5.150 0.0000000000
36352  -38.163  -34.818  5.028 0.0000000000
36361  -37.662  -35.746  4.271 0.0000000000
36368  -37.477  -35.723  3.352 0.0000000000
36376  -37.366  -35.529  2.270 0.0000000000
36385  -37.429  -35.551  1.109 0.0000000000
36386  -37.638  -35.141  0.408 0.0000000000
36395  -37.579  -35.765  0.357 0.0000000000
36396  -37.781  -35.442  -0.260 0.0000000000
36402  -38.188  -35.475  -1.179 0.0000000000
37164  -43.114  -34.987  9.814 0.0000000000
37165  -43.493  -35.091  9.959 0.0000000000
37169  -41.227  -34.784  8.656 0.0000000000
37170  -41.868  -34.751  8.984 0.0000000000
37171  -42.770  -34.808  9.273 0.0000000000
37172  -43.836  -34.953  9.344 0.0000000000
37173  -44.818  -35.032  9.040 0.0000000000
37174  -45.657  -35.224  9.038 0.0000000000
37175  -46.274  -35.438  9.144 0.0000000000
37182  -40.192  -34.553  7.848 0.0000000000
37183  -41.053  -34.481  8.059 0.0000000000
37184  -41.849  -34.416  8.265 0.0000000000
37185  -42.679  -34.466  8.433 0.0000000000
37186  -43.594  -34.578  8.495 0.0000000000
37187  -44.578  -34.684  8.372 0.0000000000
37188  -45.602  -34.850  8.286 0.0000000000
37189  -46.645  -35.259  8.429 0.0000000000
37190  -47.352  -35.511  8.199 0.0000000000
37198  -39.066  -34.661  6.860 0.0000000000
37199  -39.913  -33.959  6.975 0.0000000000
37200  -40.883  -33.980  7.393 0.0000000000
37201  -41.748  -33.971  7.616 0.0000000000
37202  -42.609  -34.042  7.729 0.0000000000
37203  -43.463  -34.193  7.780 0.0000000000
37204  -44.316  -34.311  7.740 0.0000000000
37205  -45.377  -34.315  7.331 0.0000000000
37206  -46.583  -34.661  7.472 0.0000000000
37207  -47.799  -35.146  7.578 0.0000000000
37219  -38.749  -34.559  6.090 0.0000000000
37220  -39.318  -34.119  6.331 0.0000000000
37221  -45.710  -34.140  6.157 0.0000000000
37222  -46.485  -34.327  6.452 0.0000000000
37223  -47.515  -34.513  6.586 0.0000000000
37236  -38.617  -34.408  5.323 0.0000000000
37237  -39.185  -33.983  5.635 0.0000000000
37238  -45.873  -34.130  5.254 0.0000000000
37239  -46.437  -34.253  5.510 0.0000000000
37240  -47.247  -34.365  5.630 0.0000000000
37241  -48.228  -34.515  5.646 0.0000000000
37249  -37.926  -34.929  4.375 0.0000000000
37250  -38.609  -34.242  4.424 0.0000000000
37251  -39.089  -33.918  4.930 0.0000000000
37252  -46.008  -34.174  4.774 0.0000000000
37253  -46.374  -34.216  4.846 0.0000000000
37254  -46.996  -34.276  4.859 0.0000000000
37255  -47.841  -34.423  4.795 0.0000000000
37262  -37.678  -35.090  3.701 0.0000000000
37263  -38.267  -34.434  3.486 0.0000000000
37264  -46.731  -34.265  4.381 0.0000000000
37265  -47.412  -34.339  4.146 0.0000000000
37266  -48.375  -34.499  3.913 0.0000000000
37272  -37.689  -34.902  2.927 0.0000000000
37273  -38.250  -34.332  2.522 0.0000000000
37283  -37.736  -34.730  2.210 0.0000000000
37284  -38.151  -34.350  1.728 0.0000000000
37295  -37.606  -34.877  1.628 0.0000000000
37296  -37.914  -34.572  0.929 0.0000000000
37306  -37.977  -34.548  0.081 0.0000000000
37313  -38.098  -34.534  -0.740 0.0000000000
38124  -40.353  -33.500  6.406 0.0000000000
38125  -40.850  -33.482  6.691 0.0000000000
38126  -41.656  -33.523  6.943 0.0000000000
38127  -42.535  -33.541  7.049 0.0000000000
38128  -43.433  -33.670  7.112 0.0000000000
38129  -44.212  -33.903  7.211 0.0000000000
38130  -44.716  -34.096  7.262 0.0000000000
38142  -39.909  -33.569  5.968 0.0000000000
38143  -40.827  -33.031  5.873 0.0000000000
38144  -41.605  -33.067  6.295 0.0000000000
38145  -42.386  -33.132  6.437 0.0000000000
38146  -43.408  -33.161  6.168 0.0000000000
38147  -44.314  -33.595  6.412 0.0000000000
38148  -44.939  -33.924  6.706 0.0000000000
38154  -39.716  -33.519  5.072 0.0000000000
38155  -40.360  -33.187  5.262 0.0000000000
38156  -43.883  -33.105  4.992 0.0000000000
38157  -44.550  -33.477  5.384 0.0000000000
38158  -45.161  -33.880  5.746 0.0000000000
38163  -38.943  -33.884  3.625 0.0000000000
38164  -39.523  -33.619  4.159 0.0000000000
38165  -40.503  -33.184  4.394 0.0000000000
38166  -41.048  -33.009  4.136 0.0000000000
38167  -44.049  -33.329  4.040 0.0000000000
38168  -44.717  -33.574  4.319 0.0000000000
38169  -45.581  -33.986  4.630 0.0000000000
38170  -46.261  -34.199  4.448 0.0000000000
38175  -38.863  -33.847  2.848 0.0000000000
38176  -39.621  -33.612  3.160 0.0000000000
38177  -40.379  -33.371  3.476 0.0000000000
38178  -41.092  -33.148  3.678 0.0000000000
38179  -44.169  -33.361  3.528 0.0000000000
38180  -44.775  -33.441  3.359 0.0000000000
38181  -45.639  -33.738  3.590 0.0000000000
38182  -46.706  -34.042  3.718 0.0000000000
38183  -47.962  -34.084  3.430 0.0000000000
38184  -48.565  -34.257  3.375 0.0000000000
38189  -38.754  -33.792  1.985 0.0000000000
38190  -39.597  -33.567  2.254 0.0000000000
38191  -40.406  -33.448  2.579 0.0000000000
38192  -41.143  -33.318  2.866 0.0000000000
38193  -45.194  -33.172  2.828 0.0000000000
38194  -45.724  -33.260  2.915 0.0000000000
38195  -46.562  -33.476  2.911 0.0000000000
38196  -47.733  -33.565  2.574 0.0000000000
38197  -48.986  -33.996  2.791 0.0000000000
38204  -38.576  -33.864  1.150 0.0000000000
38205  -39.436  -33.488  1.347 0.0000000000
38206  -40.487  -33.303  1.589 0.0000000000
38207  -41.135  -33.312  2.114 0.0000000000
38222  -38.363  -33.998  0.472 0.0000000000
38223  -39.072  -33.428  0.411 0.0000000000
38224  -40.110  -33.118  0.673 0.0000000000
38235  -38.407  -33.824  -0.210 0.0000000000
39101  -41.305  -32.789  5.351 0.0000000000
39102  -41.702  -32.788  5.610 0.0000000000
39103  -42.331  -32.822  5.873 0.0000000000
39104  -42.809  -32.897  6.037 0.0000000000
39110  -41.007  -32.838  4.906 0.0000000000
39111  -41.777  -32.773  4.898 0.0000000000
39112  -42.457  -32.766  5.122 0.0000000000
39113  -43.046  -32.847  5.476 0.0000000000
39121  -41.029  -32.942  4.388 0.0000000000
39122  -41.632  -32.930  4.085 0.0000000000
39123  -42.583  -32.868  4.247 0.0000000000
39124  -43.282  -32.945  4.562 0.0000000000
39132  -41.873  -33.167  3.097 0.0000000000
39133  -42.686  -33.115  3.319 0.0000000000
39134  -43.643  -33.211  3.513 0.0000000000
39135  -44.281  -33.337  3.240 0.0000000000
39142  -41.892  -33.135  2.214 0.0000000000
39143  -42.759  -33.059  2.380 0.0000000000
39144  -43.658  -33.039  2.556 0.0000000000
39145  -44.646  -33.066  2.680 0.0000000000
39146  -45.683  -32.878  2.383 0.0000000000
39147  -46.528  -33.039  2.297 0.0000000000
39148  -47.093  -33.269  2.349 0.0000000000
39153  -40.951  -32.857  0.849 0.0000000000
39154  -41.617  -32.886  1.388 0.0000000000
39155  -42.708  -32.567  1.537 0.0000000000
39156  -43.655  -32.528  1.802 0.0000000000
39157  -44.566  -32.521  1.933 0.0000000000
39158  -45.473  -32.531  1.876 0.0000000000
39175  -42.324  -32.277  0.967 0.0000000000
