#!ascii label  , from subject cvs_avg35_inMNI152 vox2ras=TkReg
880
50246  -38.376  -20.257  32.471 0.0000000000
50259  -38.584  -20.069  32.143 0.0000000000
51519  -38.485  -20.312  33.216 0.0000000000
51529  -37.354  -19.686  32.848 0.0000000000
51530  -37.756  -19.766  32.987 0.0000000000
51531  -38.594  -19.864  32.431 0.0000000000
51532  -39.701  -19.503  32.416 0.0000000000
51533  -40.389  -19.397  32.453 0.0000000000
51543  -38.775  -19.852  32.105 0.0000000000
51544  -39.934  -19.389  32.083 0.0000000000
51545  -40.514  -19.359  32.277 0.0000000000
51561  -39.158  -19.409  31.748 0.0000000000
51562  -39.754  -19.245  31.722 0.0000000000
52522  -44.030  -18.857  42.020 0.0000000000
52533  -43.990  -18.949  41.503 0.0000000000
52546  -43.934  -19.025  40.607 0.0000000000
52562  -43.871  -19.057  39.728 0.0000000000
52639  -38.058  -19.809  33.123 0.0000000000
52640  -38.428  -19.597  32.896 0.0000000000
52660  -37.045  -18.990  32.341 0.0000000000
52661  -37.908  -19.330  32.533 0.0000000000
52662  -38.785  -19.135  32.616 0.0000000000
52663  -39.638  -19.343  32.828 0.0000000000
52664  -40.726  -19.322  32.733 0.0000000000
52665  -41.764  -19.200  32.513 0.0000000000
52666  -42.558  -19.126  32.157 0.0000000000
52682  -37.077  -18.217  32.582 0.0000000000
52683  -37.626  -18.493  32.070 0.0000000000
52684  -38.459  -18.758  32.245 0.0000000000
52685  -38.868  -18.770  32.402 0.0000000000
52686  -40.504  -19.316  32.039 0.0000000000
52687  -41.023  -19.287  32.115 0.0000000000
52688  -42.009  -19.071  31.782 0.0000000000
52689  -42.497  -18.487  31.472 0.0000000000
52690  -51.259  -18.702  32.106 0.0000000000
52691  -51.493  -18.706  31.785 0.0000000000
52709  -39.493  -19.080  31.325 0.0000000000
52710  -40.391  -19.047  31.587 0.0000000000
52711  -41.419  -18.632  31.325 0.0000000000
52712  -42.248  -18.520  30.973 0.0000000000
52713  -42.859  -18.349  30.825 0.0000000000
52714  -50.968  -18.619  31.587 0.0000000000
52715  -51.373  -18.553  31.315 0.0000000000
52731  -39.992  -18.590  30.955 0.0000000000
52732  -40.853  -18.496  31.027 0.0000000000
52733  -41.251  -18.463  30.994 0.0000000000
52734  -42.687  -18.339  30.630 0.0000000000
52735  -42.949  -18.326  30.586 0.0000000000
52736  -51.057  -18.573  31.071 0.0000000000
52737  -51.302  -18.504  31.048 0.0000000000
53725  -44.283  -18.172  42.746 0.0000000000
53728  -44.040  -18.698  42.385 0.0000000000
53729  -44.376  -18.285  41.931 0.0000000000
53730  -44.633  -17.866  41.377 0.0000000000
53732  -44.292  -18.367  41.032 0.0000000000
53733  -44.721  -17.798  40.660 0.0000000000
53735  -44.306  -18.441  40.086 0.0000000000
53736  -44.831  -17.827  39.688 0.0000000000
53739  -43.387  -19.162  38.415 0.0000000000
53740  -44.140  -18.598  38.780 0.0000000000
53741  -44.930  -17.751  38.871 0.0000000000
53746  -43.062  -19.005  37.533 0.0000000000
53747  -44.037  -18.145  37.531 0.0000000000
53753  -43.338  -18.216  36.337 0.0000000000
53754  -44.156  -17.765  36.796 0.0000000000
53762  -42.304  -18.200  35.642 0.0000000000
53763  -42.947  -18.031  35.528 0.0000000000
53785  -39.099  -18.776  32.501 0.0000000000
53786  -39.585  -18.787  32.639 0.0000000000
53787  -40.514  -18.819  32.860 0.0000000000
53788  -41.511  -18.860  32.909 0.0000000000
53789  -42.320  -18.845  32.680 0.0000000000
53799  -37.367  -18.207  33.192 0.0000000000
53800  -37.581  -17.593  32.478 0.0000000000
53801  -38.261  -18.190  31.737 0.0000000000
53802  -39.169  -18.478  32.121 0.0000000000
53803  -40.231  -18.278  32.224 0.0000000000
53804  -41.169  -18.329  32.464 0.0000000000
53805  -41.976  -18.370  32.360 0.0000000000
53806  -42.509  -18.392  31.780 0.0000000000
53807  -51.053  -18.192  32.072 0.0000000000
53808  -51.744  -18.294  32.142 0.0000000000
53809  -52.516  -18.023  32.039 0.0000000000
53810  -52.915  -17.668  31.704 0.0000000000
53821  -38.323  -17.515  31.985 0.0000000000
53822  -38.849  -17.898  31.459 0.0000000000
53823  -39.708  -17.956  31.730 0.0000000000
53824  -40.183  -17.945  31.852 0.0000000000
53825  -41.979  -18.384  30.805 0.0000000000
53826  -42.335  -18.362  30.705 0.0000000000
53827  -42.980  -17.722  30.672 0.0000000000
53828  -43.880  -17.762  30.348 0.0000000000
53829  -50.115  -17.814  31.229 0.0000000000
53830  -50.626  -18.162  31.544 0.0000000000
53831  -52.020  -18.432  31.498 0.0000000000
53832  -52.699  -18.059  31.412 0.0000000000
53833  -53.055  -17.689  31.297 0.0000000000
53844  -39.752  -18.272  30.329 0.0000000000
53845  -40.607  -18.245  30.436 0.0000000000
53846  -41.481  -18.285  30.562 0.0000000000
53847  -42.410  -18.201  30.275 0.0000000000
53848  -43.228  -18.184  30.235 0.0000000000
53849  -44.301  -17.880  30.110 0.0000000000
53850  -45.105  -17.375  29.825 0.0000000000
53851  -49.864  -17.865  30.831 0.0000000000
53852  -50.532  -18.173  30.815 0.0000000000
53853  -51.500  -18.119  30.776 0.0000000000
53854  -52.358  -17.951  30.900 0.0000000000
53855  -52.900  -17.979  30.880 0.0000000000
53866  -40.359  -17.978  29.804 0.0000000000
53867  -41.229  -17.942  29.812 0.0000000000
53868  -42.107  -17.893  29.678 0.0000000000
53869  -43.040  -17.725  29.258 0.0000000000
53870  -44.088  -17.755  29.468 0.0000000000
53871  -45.129  -17.814  29.413 0.0000000000
53872  -50.799  -17.848  30.262 0.0000000000
53873  -51.037  -18.003  30.393 0.0000000000
53883  -43.893  -17.515  28.754 0.0000000000
53884  -44.335  -17.609  28.882 0.0000000000
53885  -44.807  -17.779  28.964 0.0000000000
54799  -44.266  -17.439  43.201 0.0000000000
54802  -44.692  -17.462  42.508 0.0000000000
54803  -45.129  -17.179  42.081 0.0000000000
54805  -44.825  -17.663  41.858 0.0000000000
54806  -45.146  -17.267  41.374 0.0000000000
54809  -45.334  -17.177  40.410 0.0000000000
54812  -45.561  -17.255  39.374 0.0000000000
54813  -45.988  -17.059  38.802 0.0000000000
54816  -44.642  -17.811  38.219 0.0000000000
54817  -45.349  -17.328  38.304 0.0000000000
54818  -45.901  -16.844  38.103 0.0000000000
54821  -44.731  -17.525  37.439 0.0000000000
54822  -45.394  -17.013  37.293 0.0000000000
54823  -45.851  -16.604  37.433 0.0000000000
54826  -43.922  -17.668  36.246 0.0000000000
54827  -44.584  -17.240  36.432 0.0000000000
54828  -45.264  -16.775  36.555 0.0000000000
54831  -41.535  -17.965  35.008 0.0000000000
54832  -42.423  -17.771  35.039 0.0000000000
54833  -43.555  -17.465  35.362 0.0000000000
54834  -44.354  -16.936  35.686 0.0000000000
54837  -39.668  -17.868  34.185 0.0000000000
54838  -40.570  -17.860  34.418 0.0000000000
54839  -41.599  -17.460  34.199 0.0000000000
54840  -42.610  -17.416  34.499 0.0000000000
54841  -43.185  -17.258  34.501 0.0000000000
54847  -38.488  -17.737  33.526 0.0000000000
54848  -38.967  -17.706  33.694 0.0000000000
54849  -39.786  -17.379  33.456 0.0000000000
54850  -40.672  -17.360  33.635 0.0000000000
54851  -41.181  -17.181  33.571 0.0000000000
54857  -38.359  -17.378  32.854 0.0000000000
54858  -39.005  -17.186  33.027 0.0000000000
54859  -39.396  -17.025  32.915 0.0000000000
54860  -40.422  -17.920  31.910 0.0000000000
54861  -40.855  -17.847  31.972 0.0000000000
54862  -41.654  -17.846  31.936 0.0000000000
54863  -42.267  -17.936  31.886 0.0000000000
54864  -51.062  -17.615  32.132 0.0000000000
54865  -51.521  -17.662  32.234 0.0000000000
54866  -52.148  -17.526  32.234 0.0000000000
54867  -52.659  -17.061  32.079 0.0000000000
54872  -36.652  -16.684  31.458 0.0000000000
54873  -36.953  -16.862  31.893 0.0000000000
54874  -37.858  -16.963  32.031 0.0000000000
54875  -38.648  -17.093  31.732 0.0000000000
54876  -39.290  -17.446  31.051 0.0000000000
54877  -40.289  -17.665  31.498 0.0000000000
54878  -41.215  -17.499  31.289 0.0000000000
54879  -42.123  -17.570  31.105 0.0000000000
54880  -42.956  -17.757  31.031 0.0000000000
54881  -43.630  -17.718  30.520 0.0000000000
54882  -50.129  -17.171  31.377 0.0000000000
54883  -50.654  -17.609  31.771 0.0000000000
54884  -53.324  -17.162  31.449 0.0000000000
54885  -53.933  -17.047  31.125 0.0000000000
54890  -36.887  -16.594  31.445 0.0000000000
54891  -37.501  -16.809  31.913 0.0000000000
54892  -38.149  -16.483  31.638 0.0000000000
54893  -39.118  -16.494  31.740 0.0000000000
54894  -39.666  -17.336  30.938 0.0000000000
54895  -40.622  -17.342  31.007 0.0000000000
54896  -41.078  -17.291  30.949 0.0000000000
54897  -42.766  -17.443  30.442 0.0000000000
54898  -43.442  -17.497  30.143 0.0000000000
54899  -44.164  -17.503  29.952 0.0000000000
54900  -44.737  -17.007  29.689 0.0000000000
54901  -48.814  -16.611  30.259 0.0000000000
54902  -49.414  -17.197  30.663 0.0000000000
54903  -49.906  -17.620  30.489 0.0000000000
54904  -51.718  -17.608  30.408 0.0000000000
54905  -52.298  -17.346  30.439 0.0000000000
54906  -53.204  -17.369  30.886 0.0000000000
54907  -53.867  -16.978  30.831 0.0000000000
54911  -36.971  -16.873  30.846 0.0000000000
54912  -37.515  -16.605  31.447 0.0000000000
54913  -38.026  -16.055  31.028 0.0000000000
54916  -40.081  -17.558  29.316 0.0000000000
54917  -40.977  -17.547  29.260 0.0000000000
54918  -41.852  -17.598  29.093 0.0000000000
54919  -42.626  -17.613  28.930 0.0000000000
54920  -45.451  -16.851  29.081 0.0000000000
54921  -46.482  -16.437  28.512 0.0000000000
54922  -47.570  -16.276  28.703 0.0000000000
54923  -48.576  -16.633  29.497 0.0000000000
54924  -49.436  -17.278  29.781 0.0000000000
54925  -50.364  -17.569  29.951 0.0000000000
54926  -51.430  -17.348  29.956 0.0000000000
54927  -52.213  -16.955  29.969 0.0000000000
54937  -40.728  -17.302  28.676 0.0000000000
54938  -41.587  -17.337  28.562 0.0000000000
54939  -42.580  -17.184  28.263 0.0000000000
54940  -43.572  -17.347  28.442 0.0000000000
54941  -44.614  -17.243  28.413 0.0000000000
54942  -45.569  -17.097  28.644 0.0000000000
54943  -46.938  -16.603  28.426 0.0000000000
54944  -48.013  -16.372  28.481 0.0000000000
54945  -49.028  -16.747  28.952 0.0000000000
54946  -49.964  -16.929  29.198 0.0000000000
54947  -50.876  -16.970  29.347 0.0000000000
54948  -51.276  -16.882  29.516 0.0000000000
54957  -43.024  -16.703  27.751 0.0000000000
54958  -43.631  -16.850  27.769 0.0000000000
54959  -44.581  -16.824  27.885 0.0000000000
54960  -45.602  -16.731  27.978 0.0000000000
54961  -46.655  -16.666  28.013 0.0000000000
54962  -47.341  -16.532  28.143 0.0000000000
55913  -44.062  -16.600  43.664 0.0000000000
55914  -44.579  -16.580  43.087 0.0000000000
55926  -45.065  -16.579  42.533 0.0000000000
55927  -45.475  -16.547  41.992 0.0000000000
55939  -45.741  -16.352  41.204 0.0000000000
55951  -46.058  -16.531  40.199 0.0000000000
55952  -46.318  -16.215  39.653 0.0000000000
55961  -46.103  -16.754  39.393 0.0000000000
55962  -46.222  -16.350  38.870 0.0000000000
55970  -46.120  -16.153  37.976 0.0000000000
55976  -45.621  -16.573  36.882 0.0000000000
55977  -46.000  -16.067  37.019 0.0000000000
55982  -44.946  -16.775  35.997 0.0000000000
55983  -45.512  -16.181  36.115 0.0000000000
55984  -45.927  -15.818  36.496 0.0000000000
55986  -44.069  -16.906  35.166 0.0000000000
55987  -44.620  -16.469  35.243 0.0000000000
55988  -45.031  -15.746  35.162 0.0000000000
55991  -42.152  -17.187  34.033 0.0000000000
55992  -42.729  -17.098  33.949 0.0000000000
55993  -43.723  -16.771  34.319 0.0000000000
55994  -44.474  -15.804  34.247 0.0000000000
55995  -44.795  -15.448  34.703 0.0000000000
56003  -40.256  -17.119  33.220 0.0000000000
56004  -40.759  -16.945  33.130 0.0000000000
56005  -41.752  -16.851  33.401 0.0000000000
56006  -42.818  -16.484  33.345 0.0000000000
56007  -43.719  -15.893  33.281 0.0000000000
56008  -44.210  -15.557  33.581 0.0000000000
56015  -38.578  -16.980  32.614 0.0000000000
56016  -38.961  -16.747  32.555 0.0000000000
56017  -40.018  -16.798  32.802 0.0000000000
56018  -40.937  -16.333  32.302 0.0000000000
56019  -42.037  -16.179  32.616 0.0000000000
56020  -42.876  -15.853  32.691 0.0000000000
56021  -43.329  -15.542  32.718 0.0000000000
56022  -50.943  -17.277  31.977 0.0000000000
56023  -51.302  -17.120  32.054 0.0000000000
56024  -51.902  -16.991  32.157 0.0000000000
56025  -52.443  -16.913  32.014 0.0000000000
56028  -36.702  -16.567  31.791 0.0000000000
56029  -37.282  -16.674  32.006 0.0000000000
56030  -38.120  -16.718  32.023 0.0000000000
56031  -39.058  -16.222  31.837 0.0000000000
56032  -40.069  -16.139  31.861 0.0000000000
56033  -40.502  -15.937  31.722 0.0000000000
56034  -41.301  -17.291  30.889 0.0000000000
56035  -41.612  -17.309  30.819 0.0000000000
56036  -49.849  -16.297  31.294 0.0000000000
56037  -50.766  -16.595  31.713 0.0000000000
56038  -51.633  -16.394  31.844 0.0000000000
56039  -52.401  -16.404  31.798 0.0000000000
56040  -53.151  -16.564  31.584 0.0000000000
56046  -36.965  -16.530  31.430 0.0000000000
56047  -37.061  -16.362  31.245 0.0000000000
56048  -38.172  -16.277  31.501 0.0000000000
56049  -38.593  -16.187  31.254 0.0000000000
56050  -39.344  -16.646  30.974 0.0000000000
56051  -40.163  -16.998  30.615 0.0000000000
56052  -41.196  -16.998  30.600 0.0000000000
56053  -42.220  -16.999  30.351 0.0000000000
56054  -43.159  -16.911  29.852 0.0000000000
56055  -44.000  -16.944  29.350 0.0000000000
56056  -44.430  -16.916  29.491 0.0000000000
56057  -48.610  -15.958  29.945 0.0000000000
56058  -49.144  -16.196  30.719 0.0000000000
56059  -53.042  -16.975  30.461 0.0000000000
56060  -53.611  -16.681  30.591 0.0000000000
56065  -36.938  -16.414  31.236 0.0000000000
56066  -37.186  -16.228  31.083 0.0000000000
56067  -37.543  -16.089  30.957 0.0000000000
56068  -39.265  -16.048  30.728 0.0000000000
56069  -39.571  -16.555  30.129 0.0000000000
56070  -40.704  -16.573  29.970 0.0000000000
56071  -41.778  -16.596  29.793 0.0000000000
56072  -42.704  -16.589  29.509 0.0000000000
56073  -43.514  -16.504  28.960 0.0000000000
56074  -44.365  -16.374  28.662 0.0000000000
56075  -45.024  -16.245  29.025 0.0000000000
56076  -46.236  -15.948  28.447 0.0000000000
56077  -47.258  -15.893  28.757 0.0000000000
56078  -48.081  -16.021  29.152 0.0000000000
56079  -52.105  -16.582  29.718 0.0000000000
56080  -52.985  -16.413  29.964 0.0000000000
56081  -54.210  -16.162  30.158 0.0000000000
56090  -40.539  -16.981  28.117 0.0000000000
56091  -41.416  -17.025  28.088 0.0000000000
56092  -41.986  -17.065  28.118 0.0000000000
56093  -43.579  -16.303  28.618 0.0000000000
56094  -43.842  -16.285  28.515 0.0000000000
56095  -45.314  -15.882  28.579 0.0000000000
56096  -45.615  -15.801  28.426 0.0000000000
56097  -48.319  -16.293  28.021 0.0000000000
56098  -48.865  -16.286  28.294 0.0000000000
56099  -49.679  -16.311  28.585 0.0000000000
56100  -50.638  -16.220  28.746 0.0000000000
56101  -51.568  -16.310  29.252 0.0000000000
56102  -52.438  -15.978  29.396 0.0000000000
56110  -40.404  -16.644  27.518 0.0000000000
56111  -41.305  -16.657  27.564 0.0000000000
56112  -42.356  -16.618  27.596 0.0000000000
56113  -43.505  -16.307  27.210 0.0000000000
56114  -44.498  -16.335  27.350 0.0000000000
56115  -45.486  -16.282  27.456 0.0000000000
56116  -46.507  -16.276  27.513 0.0000000000
56117  -47.692  -16.174  27.685 0.0000000000
56118  -48.734  -15.999  27.751 0.0000000000
56119  -49.544  -15.891  27.950 0.0000000000
56120  -50.192  -15.821  28.226 0.0000000000
56131  -40.274  -16.224  26.892 0.0000000000
56132  -41.192  -16.214  27.028 0.0000000000
56133  -41.907  -16.278  27.167 0.0000000000
56134  -43.876  -15.928  26.725 0.0000000000
56135  -44.439  -15.897  26.838 0.0000000000
56136  -45.336  -15.830  26.936 0.0000000000
56137  -46.342  -15.933  26.880 0.0000000000
56138  -47.170  -15.895  27.067 0.0000000000
57109  -43.740  -15.650  44.054 0.0000000000
57123  -44.377  -15.658  43.589 0.0000000000
57124  -45.020  -15.628  43.024 0.0000000000
57125  -45.543  -15.260  42.657 0.0000000000
57139  -45.415  -15.944  42.476 0.0000000000
57140  -45.861  -15.617  42.086 0.0000000000
57155  -46.154  -15.413  41.494 0.0000000000
57156  -46.421  -15.158  41.039 0.0000000000
57174  -46.188  -15.821  40.853 0.0000000000
57175  -46.471  -15.541  40.257 0.0000000000
57192  -46.433  -15.661  39.448 0.0000000000
57208  -46.370  -15.415  38.710 0.0000000000
57221  -46.217  -15.279  37.728 0.0000000000
57230  -45.883  -15.551  36.202 0.0000000000
57231  -46.055  -15.249  36.768 0.0000000000
57236  -45.564  -15.229  35.665 0.0000000000
57237  -45.966  -15.001  36.150 0.0000000000
57241  -44.692  -15.038  34.370 0.0000000000
57242  -44.992  -15.053  35.029 0.0000000000
57249  -44.095  -15.344  33.230 0.0000000000
57250  -44.411  -15.077  33.658 0.0000000000
57254  -41.619  -15.859  31.926 0.0000000000
57255  -42.327  -15.635  32.069 0.0000000000
57256  -43.030  -15.271  32.171 0.0000000000
57257  -43.716  -15.133  32.698 0.0000000000
57258  -44.209  -14.897  33.063 0.0000000000
57259  -49.635  -14.757  32.274 0.0000000000
57260  -49.914  -14.575  32.570 0.0000000000
57262  -39.627  -15.779  31.410 0.0000000000
57263  -40.176  -15.624  31.377 0.0000000000
57264  -40.921  -15.539  31.424 0.0000000000
57265  -41.879  -15.305  31.466 0.0000000000
57266  -42.525  -15.132  31.681 0.0000000000
57267  -48.641  -14.984  31.016 0.0000000000
57268  -49.299  -15.250  31.520 0.0000000000
57269  -50.204  -15.159  31.896 0.0000000000
57270  -51.274  -15.452  31.547 0.0000000000
57278  -37.301  -16.042  31.041 0.0000000000
57279  -37.479  -15.892  30.995 0.0000000000
57280  -39.199  -15.725  31.075 0.0000000000
57281  -39.784  -15.386  30.709 0.0000000000
57282  -40.374  -15.272  30.888 0.0000000000
57283  -48.417  -15.172  30.219 0.0000000000
57284  -48.794  -15.563  30.714 0.0000000000
57294  -37.025  -16.089  30.933 0.0000000000
57295  -37.268  -16.078  30.858 0.0000000000
57296  -38.831  -15.816  30.730 0.0000000000
57297  -39.242  -15.545  29.958 0.0000000000
57298  -40.227  -16.080  29.386 0.0000000000
57299  -41.388  -16.119  29.253 0.0000000000
57300  -42.440  -16.157  29.163 0.0000000000
57301  -43.043  -16.269  29.073 0.0000000000
57302  -44.693  -15.914  28.564 0.0000000000
57303  -44.838  -16.004  28.741 0.0000000000
57304  -46.593  -15.445  28.436 0.0000000000
57305  -47.060  -15.309  28.749 0.0000000000
57306  -47.992  -15.319  29.311 0.0000000000
57307  -53.103  -15.571  29.334 0.0000000000
57308  -53.954  -15.590  29.567 0.0000000000
57315  -39.619  -14.637  28.883 0.0000000000
57316  -39.860  -15.484  28.701 0.0000000000
57317  -41.023  -15.582  28.639 0.0000000000
57318  -42.213  -15.651  28.597 0.0000000000
57319  -43.354  -15.936  28.574 0.0000000000
57320  -44.324  -15.806  28.387 0.0000000000
57321  -45.220  -15.555  28.307 0.0000000000
57322  -46.302  -15.262  28.119 0.0000000000
57323  -46.720  -15.240  28.495 0.0000000000
57324  -50.785  -15.535  28.223 0.0000000000
57325  -51.436  -15.498  28.546 0.0000000000
57326  -52.538  -15.164  28.651 0.0000000000
57327  -53.759  -15.093  28.844 0.0000000000
57334  -42.521  -16.092  27.063 0.0000000000
57335  -42.922  -16.155  27.171 0.0000000000
57336  -45.527  -14.972  27.883 0.0000000000
57337  -45.808  -15.151  27.865 0.0000000000
57338  -47.859  -15.620  27.020 0.0000000000
57339  -48.561  -15.570  27.288 0.0000000000
57340  -49.361  -15.433  27.503 0.0000000000
57341  -50.336  -15.152  27.622 0.0000000000
57342  -51.348  -15.061  27.915 0.0000000000
57343  -51.894  -15.021  28.213 0.0000000000
57347  -40.179  -15.735  26.241 0.0000000000
57348  -41.097  -15.669  26.467 0.0000000000
57349  -42.117  -15.733  26.650 0.0000000000
57350  -43.264  -15.733  26.674 0.0000000000
57351  -44.259  -15.544  26.407 0.0000000000
57352  -45.137  -15.402  26.444 0.0000000000
57353  -46.105  -15.478  26.351 0.0000000000
57354  -47.339  -15.193  26.429 0.0000000000
57355  -48.446  -15.151  26.706 0.0000000000
57356  -49.256  -15.087  26.996 0.0000000000
57357  -49.763  -15.045  27.263 0.0000000000
57367  -40.886  -15.082  25.927 0.0000000000
57368  -41.863  -15.116  26.013 0.0000000000
57369  -42.889  -15.134  26.056 0.0000000000
57370  -43.905  -15.177  25.929 0.0000000000
57371  -44.864  -15.071  25.911 0.0000000000
57372  -45.781  -15.095  25.860 0.0000000000
57373  -46.601  -14.987  25.929 0.0000000000
58429  -43.369  -14.653  44.348 0.0000000000
58447  -44.062  -14.708  43.996 0.0000000000
58448  -44.686  -14.703  43.561 0.0000000000
58449  -45.322  -14.562  43.109 0.0000000000
58464  -45.981  -14.498  42.482 0.0000000000
58465  -46.342  -13.962  42.266 0.0000000000
58477  -46.190  -15.025  41.988 0.0000000000
58478  -46.468  -14.455  41.728 0.0000000000
58495  -46.739  -14.494  40.782 0.0000000000
58512  -46.742  -14.659  39.665 0.0000000000
58530  -46.668  -14.280  38.477 0.0000000000
58548  -46.326  -14.378  37.355 0.0000000000
58568  -46.094  -14.394  36.510 0.0000000000
58588  -45.316  -14.355  35.305 0.0000000000
58589  -45.803  -14.372  35.854 0.0000000000
58607  -44.619  -14.349  33.947 0.0000000000
58608  -44.856  -14.326  34.671 0.0000000000
58624  -44.448  -14.366  33.268 0.0000000000
58625  -49.587  -13.462  33.408 0.0000000000
58626  -50.020  -13.619  33.359 0.0000000000
58630  -42.869  -14.846  31.699 0.0000000000
58631  -43.393  -14.435  31.897 0.0000000000
58632  -44.082  -14.372  32.640 0.0000000000
58633  -48.850  -13.873  32.525 0.0000000000
58634  -49.410  -14.068  32.829 0.0000000000
58635  -50.241  -14.065  32.656 0.0000000000
58637  -40.736  -15.106  30.824 0.0000000000
58638  -41.335  -14.911  30.876 0.0000000000
58639  -42.479  -14.429  31.124 0.0000000000
58640  -43.136  -14.047  31.384 0.0000000000
58641  -48.697  -14.336  31.876 0.0000000000
58642  -49.259  -14.637  32.195 0.0000000000
58646  -39.605  -14.990  30.034 0.0000000000
58647  -40.366  -14.585  30.202 0.0000000000
58648  -41.561  -14.225  30.479 0.0000000000
58649  -42.151  -13.911  30.558 0.0000000000
58650  -47.679  -13.994  30.203 0.0000000000
58651  -48.102  -14.384  30.581 0.0000000000
58662  -38.722  -13.984  28.590 0.0000000000
58663  -39.094  -14.433  29.217 0.0000000000
58664  -39.872  -14.109  29.438 0.0000000000
58665  -46.884  -13.962  29.199 0.0000000000
58666  -47.419  -14.387  29.436 0.0000000000
58667  -48.067  -14.791  29.842 0.0000000000
58677  -38.534  -14.105  28.326 0.0000000000
58678  -38.820  -14.601  28.249 0.0000000000
58679  -39.601  -14.860  28.064 0.0000000000
58680  -40.699  -14.913  28.044 0.0000000000
58681  -41.931  -14.923  28.028 0.0000000000
58682  -43.050  -15.107  27.984 0.0000000000
58683  -44.007  -15.154  28.100 0.0000000000
58684  -44.636  -15.271  28.169 0.0000000000
58685  -46.565  -14.207  28.568 0.0000000000
58686  -46.858  -14.897  28.638 0.0000000000
58687  -52.951  -14.537  28.037 0.0000000000
58688  -53.605  -14.533  28.217 0.0000000000
58697  -38.389  -13.849  27.977 0.0000000000
58698  -38.610  -14.024  27.777 0.0000000000
58699  -39.330  -14.162  27.608 0.0000000000
58700  -40.348  -14.260  27.493 0.0000000000
58701  -41.628  -14.171  27.355 0.0000000000
58702  -42.837  -14.345  27.236 0.0000000000
58703  -43.822  -14.481  27.535 0.0000000000
58704  -44.887  -14.611  27.849 0.0000000000
58705  -45.919  -14.496  27.758 0.0000000000
58706  -50.666  -14.577  27.182 0.0000000000
58707  -51.247  -14.534  27.369 0.0000000000
58708  -52.275  -14.468  27.686 0.0000000000
58709  -53.416  -14.268  27.474 0.0000000000
58710  -54.416  -14.306  27.572 0.0000000000
58717  -41.932  -13.687  27.032 0.0000000000
58718  -42.354  -13.759  26.964 0.0000000000
58719  -47.794  -14.639  25.993 0.0000000000
58720  -48.330  -14.665  26.193 0.0000000000
58721  -49.162  -14.582  26.493 0.0000000000
58722  -50.070  -14.548  26.890 0.0000000000
58723  -50.989  -14.207  26.732 0.0000000000
58724  -51.887  -14.116  26.786 0.0000000000
58725  -53.039  -13.953  26.547 0.0000000000
58726  -54.176  -14.121  26.747 0.0000000000
58736  -41.543  -14.562  25.455 0.0000000000
58737  -42.531  -14.587  25.482 0.0000000000
58738  -43.535  -14.615  25.459 0.0000000000
58739  -44.523  -14.636  25.409 0.0000000000
58740  -45.478  -14.656  25.392 0.0000000000
58741  -46.361  -14.600  25.491 0.0000000000
58742  -47.266  -14.463  25.651 0.0000000000
58743  -48.136  -14.271  25.694 0.0000000000
58744  -48.952  -14.139  25.886 0.0000000000
58745  -49.831  -14.022  26.176 0.0000000000
58746  -50.524  -14.029  26.367 0.0000000000
58747  -53.396  -13.758  25.870 0.0000000000
58748  -53.970  -13.977  25.952 0.0000000000
58749  -54.939  -14.023  26.115 0.0000000000
58759  -42.117  -14.076  24.933 0.0000000000
58760  -43.109  -14.167  24.873 0.0000000000
58761  -44.114  -14.172  24.876 0.0000000000
58762  -45.113  -14.262  24.823 0.0000000000
58763  -46.093  -14.215  24.952 0.0000000000
58764  -46.797  -14.185  25.188 0.0000000000
59779  -43.072  -13.843  44.683 0.0000000000
59780  -43.784  -13.576  44.362 0.0000000000
59781  -44.436  -13.327  44.085 0.0000000000
59794  -44.346  -13.979  43.888 0.0000000000
59795  -44.930  -13.661  43.639 0.0000000000
59796  -45.651  -13.588  43.158 0.0000000000
59808  -46.217  -13.452  42.670 0.0000000000
59809  -46.636  -13.440  42.152 0.0000000000
59820  -46.883  -13.523  41.400 0.0000000000
59832  -47.160  -13.502  40.453 0.0000000000
59833  -47.425  -12.946  39.959 0.0000000000
59844  -47.187  -13.591  39.427 0.0000000000
59845  -47.422  -12.804  39.352 0.0000000000
59857  -47.176  -13.140  38.643 0.0000000000
59858  -47.395  -12.670  38.948 0.0000000000
59871  -46.735  -13.441  37.741 0.0000000000
59885  -46.302  -13.553  36.855 0.0000000000
59902  -45.659  -13.418  35.485 0.0000000000
59903  -46.038  -13.702  36.145 0.0000000000
59921  -44.779  -13.454  34.222 0.0000000000
59922  -45.088  -13.630  34.951 0.0000000000
59943  -44.596  -13.727  33.544 0.0000000000
59944  -48.650  -12.944  32.929 0.0000000000
59945  -49.146  -13.062  33.339 0.0000000000
59946  -49.782  -12.861  33.547 0.0000000000
59958  -43.974  -13.594  32.218 0.0000000000
59959  -44.421  -13.606  32.903 0.0000000000
59960  -48.454  -13.382  32.333 0.0000000000
59961  -48.869  -13.527  32.871 0.0000000000
59969  -43.059  -13.715  31.062 0.0000000000
59970  -43.512  -13.474  31.530 0.0000000000
59971  -47.567  -13.255  30.881 0.0000000000
59972  -47.976  -13.551  31.409 0.0000000000
59976  -41.195  -13.881  29.915 0.0000000000
59977  -41.872  -13.575  30.160 0.0000000000
59978  -42.633  -13.302  30.529 0.0000000000
59979  -43.296  -13.085  30.947 0.0000000000
59980  -46.792  -13.192  29.813 0.0000000000
59981  -47.297  -13.462  30.200 0.0000000000
59982  -47.721  -13.755  30.664 0.0000000000
59990  -39.045  -13.828  28.593 0.0000000000
59991  -39.661  -13.701  28.926 0.0000000000
59992  -40.558  -13.648  29.378 0.0000000000
59993  -41.518  -13.148  29.510 0.0000000000
59994  -42.174  -12.921  29.897 0.0000000000
59995  -46.536  -13.455  29.232 0.0000000000
59996  -46.995  -13.706  29.576 0.0000000000
60008  -38.745  -13.705  28.129 0.0000000000
60009  -39.476  -13.196  28.155 0.0000000000
60010  -40.338  -13.047  28.601 0.0000000000
60011  -41.045  -13.020  28.949 0.0000000000
60012  -45.787  -13.116  28.150 0.0000000000
60013  -46.133  -13.349  28.607 0.0000000000
60024  -38.673  -13.753  27.844 0.0000000000
60025  -39.281  -13.301  27.454 0.0000000000
60026  -40.046  -13.576  27.040 0.0000000000
60027  -41.061  -13.678  26.977 0.0000000000
60028  -41.666  -13.684  27.020 0.0000000000
60029  -43.586  -13.923  27.134 0.0000000000
60030  -44.339  -13.589  27.154 0.0000000000
60031  -45.349  -13.493  27.716 0.0000000000
60032  -46.125  -13.704  27.962 0.0000000000
60043  -39.537  -12.666  26.858 0.0000000000
60044  -39.908  -12.836  26.648 0.0000000000
60045  -40.771  -13.036  26.444 0.0000000000
60046  -41.900  -13.294  26.559 0.0000000000
60047  -43.237  -13.327  26.531 0.0000000000
60048  -44.174  -12.617  26.626 0.0000000000
60051  -50.927  -13.845  26.298 0.0000000000
60052  -51.436  -13.747  26.256 0.0000000000
60053  -52.215  -13.715  26.175 0.0000000000
60060  -47.203  -14.053  25.172 0.0000000000
60061  -47.714  -13.926  25.202 0.0000000000
60062  -48.562  -13.710  25.331 0.0000000000
60063  -49.506  -13.518  25.511 0.0000000000
60064  -50.675  -13.493  25.757 0.0000000000
60065  -51.793  -13.369  25.603 0.0000000000
60066  -52.807  -13.511  25.626 0.0000000000
60067  -53.664  -13.609  25.377 0.0000000000
60082  -42.629  -13.646  24.369 0.0000000000
60083  -43.633  -13.666  24.366 0.0000000000
60084  -44.646  -13.740  24.324 0.0000000000
60085  -45.692  -13.731  24.394 0.0000000000
60086  -46.925  -13.627  24.658 0.0000000000
60087  -48.045  -13.457  24.694 0.0000000000
60088  -48.971  -13.221  24.778 0.0000000000
60089  -50.039  -13.067  24.739 0.0000000000
60090  -51.237  -12.949  24.722 0.0000000000
60091  -52.250  -13.091  24.932 0.0000000000
60109  -44.113  -13.209  23.828 0.0000000000
60110  -45.130  -13.288  23.783 0.0000000000
60111  -46.147  -13.196  23.900 0.0000000000
60112  -46.936  -12.959  24.030 0.0000000000
60113  -50.554  -12.699  24.294 0.0000000000
60114  -50.967  -12.756  24.082 0.0000000000
61085  -44.800  -12.832  44.044 0.0000000000
61086  -45.323  -12.710  43.671 0.0000000000
61093  -45.956  -12.618  43.181 0.0000000000
61094  -46.485  -12.562  42.609 0.0000000000
61102  -46.977  -12.575  41.975 0.0000000000
61110  -47.150  -12.616  41.184 0.0000000000
61111  -47.371  -12.476  40.554 0.0000000000
61119  -47.639  -12.245  39.944 0.0000000000
61127  -47.369  -12.519  38.643 0.0000000000
61128  -47.583  -12.169  39.158 0.0000000000
61137  -47.214  -12.526  37.952 0.0000000000
61138  -47.486  -12.033  38.492 0.0000000000
61146  -46.667  -12.672  37.161 0.0000000000
61154  -45.886  -12.466  35.293 0.0000000000
61155  -46.208  -12.713  36.152 0.0000000000
61165  -44.839  -12.745  34.134 0.0000000000
61166  -45.268  -12.649  34.711 0.0000000000
61167  -49.673  -11.536  33.740 0.0000000000
61185  -44.682  -12.745  33.423 0.0000000000
61186  -44.975  -12.176  34.004 0.0000000000
61187  -48.748  -12.186  33.171 0.0000000000
61188  -49.346  -12.007  33.534 0.0000000000
61203  -43.947  -12.881  31.890 0.0000000000
61204  -44.344  -12.663  32.498 0.0000000000
61205  -47.811  -12.111  31.942 0.0000000000
61206  -48.280  -12.329  32.519 0.0000000000
61222  -43.713  -12.405  31.308 0.0000000000
61223  -44.112  -12.167  31.913 0.0000000000
61224  -47.591  -12.586  31.340 0.0000000000
61225  -47.986  -12.828  31.944 0.0000000000
61229  -42.687  -12.291  29.961 0.0000000000
61230  -43.226  -12.301  30.572 0.0000000000
61231  -46.854  -12.478  30.278 0.0000000000
61232  -47.287  -12.792  30.731 0.0000000000
61237  -41.519  -12.598  29.001 0.0000000000
61238  -42.110  -12.197  29.292 0.0000000000
61239  -45.983  -12.071  29.314 0.0000000000
61240  -46.438  -12.671  29.622 0.0000000000
61250  -39.607  -12.655  27.532 0.0000000000
61251  -40.213  -12.287  27.778 0.0000000000
61252  -41.098  -12.311  28.453 0.0000000000
61253  -41.665  -12.163  28.802 0.0000000000
61254  -45.778  -12.545  28.646 0.0000000000
61255  -46.080  -12.875  29.142 0.0000000000
61269  -39.540  -12.369  27.050 0.0000000000
61270  -39.803  -12.174  27.298 0.0000000000
61271  -44.804  -12.384  27.323 0.0000000000
61272  -45.398  -12.436  28.018 0.0000000000
61288  -39.873  -12.201  26.539 0.0000000000
61289  -40.495  -12.185  25.982 0.0000000000
61290  -41.465  -12.432  25.951 0.0000000000
61291  -42.531  -12.432  25.897 0.0000000000
61292  -43.578  -11.848  26.052 0.0000000000
61293  -44.339  -11.769  26.722 0.0000000000
61308  -41.191  -11.801  25.643 0.0000000000
61309  -41.941  -11.751  25.602 0.0000000000
61310  -42.789  -11.548  25.599 0.0000000000
61311  -43.247  -11.246  25.688 0.0000000000
61322  -47.568  -13.085  24.252 0.0000000000
61323  -48.330  -12.868  24.210 0.0000000000
61324  -49.230  -12.660  24.218 0.0000000000
61325  -49.970  -12.533  24.147 0.0000000000
61326  -51.914  -12.849  24.440 0.0000000000
61345  -44.567  -12.748  23.282 0.0000000000
61346  -45.569  -12.749  23.295 0.0000000000
61347  -46.520  -12.587  23.461 0.0000000000
61348  -47.543  -12.513  23.668 0.0000000000
61349  -48.573  -12.340  23.606 0.0000000000
61350  -49.506  -12.307  23.565 0.0000000000
61372  -46.013  -12.185  22.807 0.0000000000
61373  -46.954  -11.955  23.017 0.0000000000
61374  -47.941  -11.901  23.003 0.0000000000
62468  -46.676  -11.599  42.418 0.0000000000
62475  -47.145  -11.541  41.602 0.0000000000
62476  -47.311  -10.959  41.301 0.0000000000
62483  -47.254  -12.026  41.016 0.0000000000
62484  -47.488  -11.449  40.730 0.0000000000
62492  -47.865  -11.409  39.806 0.0000000000
62502  -47.768  -11.374  38.892 0.0000000000
62510  -47.080  -12.130  37.383 0.0000000000
62511  -47.492  -11.492  37.790 0.0000000000
62519  -46.846  -11.764  36.714 0.0000000000
62520  -47.379  -10.982  36.914 0.0000000000
62529  -45.799  -12.020  34.896 0.0000000000
62530  -46.299  -11.461  35.375 0.0000000000
62541  -45.573  -11.447  34.345 0.0000000000
62542  -46.071  -10.978  34.651 0.0000000000
62557  -44.649  -12.085  32.845 0.0000000000
62558  -44.953  -11.442  33.200 0.0000000000
62559  -48.861  -11.247  33.361 0.0000000000
62560  -49.337  -11.053  33.652 0.0000000000
62571  -44.517  -11.453  32.299 0.0000000000
62572  -44.823  -10.960  32.554 0.0000000000
62573  -47.927  -11.361  32.292 0.0000000000
62574  -48.424  -11.345  32.869 0.0000000000
62590  -43.753  -11.434  30.785 0.0000000000
62591  -44.128  -11.421  31.491 0.0000000000
62592  -46.923  -10.814  31.299 0.0000000000
62593  -47.354  -11.374  31.531 0.0000000000
62603  -42.687  -11.722  29.562 0.0000000000
62604  -43.240  -11.272  29.875 0.0000000000
62605  -46.113  -10.629  30.470 0.0000000000
62606  -46.615  -11.196  30.713 0.0000000000
62607  -47.166  -12.080  30.901 0.0000000000
62612  -42.684  -11.169  29.077 0.0000000000
62613  -43.182  -10.774  29.267 0.0000000000
62614  -45.874  -11.110  29.909 0.0000000000
62615  -46.414  -11.872  29.918 0.0000000000
62620  -40.432  -11.804  27.497 0.0000000000
62621  -40.944  -11.471  27.584 0.0000000000
62622  -41.822  -11.466  28.473 0.0000000000
62623  -44.809  -10.749  28.364 0.0000000000
62624  -45.354  -11.357  28.645 0.0000000000
62634  -39.741  -11.960  27.072 0.0000000000
62635  -40.195  -11.693  27.129 0.0000000000
62636  -40.739  -11.106  26.697 0.0000000000
62637  -44.557  -11.069  27.546 0.0000000000
62638  -45.058  -11.784  27.853 0.0000000000
62651  -39.871  -11.887  26.781 0.0000000000
62652  -40.434  -11.374  26.273 0.0000000000
62653  -40.670  -11.013  26.338 0.0000000000
62654  -43.478  -10.736  25.882 0.0000000000
62655  -44.139  -11.073  26.449 0.0000000000
62674  -40.798  -11.400  25.744 0.0000000000
62675  -41.436  -11.228  25.534 0.0000000000
62676  -42.229  -11.054  25.437 0.0000000000
62677  -42.929  -10.953  25.496 0.0000000000
63745  -47.487  -10.389  41.134 0.0000000000
63753  -47.819  -10.474  40.419 0.0000000000
63762  -48.042  -10.501  39.536 0.0000000000
63771  -47.992  -10.531  38.547 0.0000000000
63781  -47.801  -10.397  37.546 0.0000000000
63794  -47.035  -10.965  36.156 0.0000000000
63795  -47.449  -10.153  36.488 0.0000000000
63808  -46.833  -10.301  35.516 0.0000000000
63809  -47.277  -9.723  35.761 0.0000000000
63822  -45.877  -10.510  34.311 0.0000000000
63823  -46.305  -10.487  34.811 0.0000000000
63824  -49.433  -10.235  34.073 0.0000000000
63838  -45.475  -10.492  33.580 0.0000000000
63839  -48.470  -10.469  33.265 0.0000000000
63840  -48.871  -10.387  33.683 0.0000000000
63853  -44.739  -10.718  32.228 0.0000000000
63854  -45.096  -10.338  32.497 0.0000000000
63855  -47.549  -10.551  32.211 0.0000000000
63856  -48.047  -10.512  32.758 0.0000000000
63867  -44.189  -10.899  31.027 0.0000000000
63868  -44.653  -10.368  31.528 0.0000000000
63869  -45.051  -9.925  31.892 0.0000000000
63870  -46.655  -10.359  31.286 0.0000000000
63871  -47.095  -10.426  31.700 0.0000000000
63882  -44.106  -10.534  30.369 0.0000000000
63883  -44.960  -9.973  30.514 0.0000000000
63884  -45.700  -10.209  30.488 0.0000000000
63885  -46.266  -10.225  30.845 0.0000000000
63890  -43.138  -10.541  28.809 0.0000000000
63891  -43.702  -10.399  29.249 0.0000000000
63892  -44.548  -10.306  29.512 0.0000000000
63893  -45.258  -10.473  29.629 0.0000000000
63898  -41.793  -10.765  27.661 0.0000000000
63899  -42.617  -10.516  28.137 0.0000000000
63900  -43.510  -10.263  28.270 0.0000000000
63901  -44.326  -10.352  28.468 0.0000000000
63902  -44.937  -10.477  28.870 0.0000000000
63907  -41.411  -10.646  26.898 0.0000000000
63908  -42.313  -10.239  27.101 0.0000000000
63909  -43.223  -10.137  27.365 0.0000000000
63910  -43.969  -10.269  27.643 0.0000000000
63917  -40.706  -10.885  26.001 0.0000000000
63918  -40.982  -10.711  26.171 0.0000000000
63919  -41.931  -10.223  26.240 0.0000000000
63920  -42.946  -10.127  26.413 0.0000000000
63921  -43.805  -10.435  26.805 0.0000000000
63934  -40.659  -11.091  25.879 0.0000000000
63935  -40.970  -10.907  25.719 0.0000000000
63936  -41.651  -10.646  25.669 0.0000000000
63937  -42.558  -10.472  25.709 0.0000000000
64976  -48.079  -9.518  40.171 0.0000000000
64990  -48.213  -9.548  39.225 0.0000000000
64991  -48.306  -9.112  38.803 0.0000000000
65004  -48.198  -9.684  38.276 0.0000000000
65005  -48.311  -8.909  38.197 0.0000000000
65017  -48.059  -9.404  37.295 0.0000000000
65018  -48.277  -8.604  37.574 0.0000000000
65030  -47.721  -9.248  36.240 0.0000000000
65041  -46.969  -9.699  35.333 0.0000000000
65042  -47.348  -9.194  35.303 0.0000000000
65043  -49.401  -9.553  34.366 0.0000000000
65055  -46.118  -10.082  34.478 0.0000000000
65056  -46.596  -9.716  34.707 0.0000000000
65057  -47.223  -9.177  34.406 0.0000000000
65058  -48.294  -9.254  33.961 0.0000000000
65059  -48.733  -9.439  34.102 0.0000000000
65073  -45.911  -9.849  34.015 0.0000000000
65074  -46.516  -9.493  33.715 0.0000000000
65075  -47.269  -9.333  33.539 0.0000000000
65076  -48.009  -9.572  33.474 0.0000000000
65077  -48.500  -9.944  33.640 0.0000000000
65093  -45.774  -9.783  33.058 0.0000000000
65094  -46.422  -9.556  32.667 0.0000000000
65095  -47.151  -9.802  32.401 0.0000000000
65096  -47.678  -10.068  32.705 0.0000000000
65112  -45.030  -9.763  31.662 0.0000000000
65113  -45.535  -9.670  31.939 0.0000000000
65114  -46.302  -9.763  31.561 0.0000000000
65115  -46.794  -10.018  31.707 0.0000000000
65126  -45.076  -9.642  31.315 0.0000000000
65127  -45.599  -9.608  31.052 0.0000000000
65128  -46.012  -9.770  30.892 0.0000000000
66161  -48.309  -8.462  39.814 0.0000000000
66162  -48.438  -7.899  39.405 0.0000000000
66175  -48.324  -8.902  39.233 0.0000000000
66176  -48.399  -8.410  38.961 0.0000000000
66190  -48.435  -8.089  38.164 0.0000000000
66203  -48.121  -8.583  36.811 0.0000000000
66204  -48.353  -7.929  37.335 0.0000000000
66217  -47.908  -8.357  35.862 0.0000000000
66218  -48.231  -7.877  36.573 0.0000000000
66230  -47.645  -8.491  34.967 0.0000000000
66231  -49.425  -8.755  34.603 0.0000000000
66244  -47.804  -8.794  34.303 0.0000000000
66245  -48.262  -8.813  34.220 0.0000000000
66246  -48.794  -8.481  34.463 0.0000000000
66263  -47.766  -9.184  33.848 0.0000000000
66264  -47.967  -9.053  33.962 0.0000000000
67413  -48.567  -7.355  38.906 0.0000000000
67428  -48.585  -7.203  37.886 0.0000000000
67442  -48.464  -7.174  36.942 0.0000000000
67456  -47.970  -7.871  35.325 0.0000000000
67457  -48.352  -7.396  35.951 0.0000000000
67473  -47.990  -8.013  34.774 0.0000000000
67474  -48.318  -7.506  35.214 0.0000000000
67494  -48.128  -8.284  34.472 0.0000000000
67495  -48.532  -7.811  34.749 0.0000000000
67496  -49.129  -7.856  34.758 0.0000000000
68671  -48.695  -6.445  36.492 0.0000000000
68681  -48.926  -6.742  35.435 0.0000000000
68694  -48.952  -7.317  34.922 0.0000000000
68695  -49.358  -7.271  35.088 0.0000000000
137322  -38.148  -20.421  33.334 0.0000000000
137323  -38.311  -20.628  33.249 0.0000000000
