#!ascii label  , from subject cvs_avg35_inMNI152 vox2ras=TkReg
485
13176  -3.693  -60.259  28.208 0.0000000000
13177  -4.336  -60.234  27.978 0.0000000000
13906  -2.738  -59.209  28.411 0.0000000000
13907  -3.140  -59.991  28.354 0.0000000000
13919  -2.885  -59.128  27.676 0.0000000000
13920  -3.479  -59.563  27.501 0.0000000000
13921  -4.558  -59.467  27.402 0.0000000000
13922  -5.597  -59.548  27.646 0.0000000000
13938  -3.749  -59.145  26.969 0.0000000000
13939  -4.012  -59.317  27.095 0.0000000000
13940  -7.962  -59.155  26.851 0.0000000000
14680  -2.570  -58.580  29.123 0.0000000000
14690  -2.527  -58.342  28.554 0.0000000000
14698  -2.642  -58.511  27.780 0.0000000000
14699  -2.931  -58.955  27.253 0.0000000000
14700  -4.614  -59.071  27.128 0.0000000000
14701  -5.082  -58.903  27.214 0.0000000000
14702  -6.074  -58.885  27.394 0.0000000000
14703  -6.864  -59.067  27.333 0.0000000000
14709  -2.783  -58.403  27.130 0.0000000000
14710  -3.370  -58.703  26.879 0.0000000000
14711  -4.272  -58.760  26.880 0.0000000000
14712  -4.952  -58.275  26.919 0.0000000000
14713  -6.568  -58.545  27.168 0.0000000000
14714  -7.315  -58.631  26.976 0.0000000000
14715  -8.172  -58.567  26.480 0.0000000000
14716  -8.779  -59.022  25.974 0.0000000000
14723  -8.669  -58.268  25.942 0.0000000000
15493  -2.454  -57.625  29.320 0.0000000000
15506  -2.363  -57.679  28.242 0.0000000000
15514  -2.386  -57.724  27.353 0.0000000000
15515  -5.650  -58.290  27.135 0.0000000000
15516  -6.173  -58.366  27.189 0.0000000000
15523  -2.814  -57.863  26.665 0.0000000000
15524  -3.653  -57.910  26.474 0.0000000000
15525  -4.482  -57.747  26.618 0.0000000000
15526  -5.316  -57.613  26.870 0.0000000000
15527  -6.375  -57.812  26.951 0.0000000000
15528  -7.424  -57.670  26.612 0.0000000000
15529  -8.234  -57.553  26.276 0.0000000000
15536  -8.830  -57.529  25.730 0.0000000000
16279  -2.720  -56.183  31.914 0.0000000000
16284  -2.566  -56.741  31.172 0.0000000000
16295  -2.435  -56.716  30.150 0.0000000000
16310  -2.309  -56.580  29.324 0.0000000000
16326  -2.232  -56.924  28.677 0.0000000000
16336  -2.020  -56.822  27.819 0.0000000000
16342  -1.754  -56.290  26.336 0.0000000000
16343  -1.963  -56.763  26.598 0.0000000000
16344  -2.975  -57.215  26.037 0.0000000000
16345  -3.922  -57.000  26.059 0.0000000000
16346  -4.814  -56.917  26.444 0.0000000000
16347  -5.725  -56.810  26.693 0.0000000000
16348  -6.708  -56.796  26.569 0.0000000000
16349  -7.595  -56.748  26.358 0.0000000000
16354  -1.813  -56.207  25.918 0.0000000000
16355  -2.384  -56.585  25.576 0.0000000000
16356  -3.206  -56.640  25.344 0.0000000000
16357  -3.920  -56.407  25.284 0.0000000000
16358  -8.321  -56.649  26.089 0.0000000000
16359  -8.942  -56.541  25.597 0.0000000000
16366  -1.857  -56.080  25.030 0.0000000000
16367  -2.588  -56.338  24.694 0.0000000000
16368  -3.407  -56.288  24.484 0.0000000000
16369  -4.053  -56.131  24.686 0.0000000000
16370  -9.638  -56.476  25.071 0.0000000000
16379  -1.952  -55.922  24.091 0.0000000000
16380  -2.736  -56.168  23.833 0.0000000000
16381  -3.434  -56.013  23.636 0.0000000000
16393  -2.287  -55.681  23.436 0.0000000000
16394  -2.913  -55.755  23.185 0.0000000000
16395  -3.450  -55.549  23.266 0.0000000000
17083  -3.952  -55.026  35.066 0.0000000000
17088  -3.608  -55.260  34.284 0.0000000000
17092  -3.258  -55.573  33.496 0.0000000000
17096  -2.652  -55.243  32.081 0.0000000000
17097  -2.924  -55.901  32.696 0.0000000000
17103  -2.515  -55.603  31.320 0.0000000000
17110  -2.419  -55.930  30.613 0.0000000000
17121  -2.303  -55.776  29.794 0.0000000000
17137  -2.094  -55.891  28.664 0.0000000000
17153  -1.630  -55.597  26.917 0.0000000000
17154  -1.762  -55.728  27.322 0.0000000000
17161  -1.645  -55.795  26.528 0.0000000000
17162  -1.689  -56.138  26.831 0.0000000000
17163  -4.431  -56.434  25.889 0.0000000000
17164  -5.117  -56.107  26.144 0.0000000000
17165  -6.035  -56.028  26.346 0.0000000000
17166  -6.919  -55.946  26.089 0.0000000000
17167  -7.714  -56.064  26.116 0.0000000000
17174  -1.699  -55.405  25.640 0.0000000000
17175  -4.488  -55.923  25.340 0.0000000000
17176  -5.010  -55.521  25.688 0.0000000000
17177  -7.412  -55.456  26.029 0.0000000000
17178  -8.190  -55.607  25.901 0.0000000000
17179  -9.057  -55.504  25.502 0.0000000000
17185  -1.785  -55.167  24.693 0.0000000000
17186  -3.917  -56.032  24.105 0.0000000000
17187  -4.311  -55.600  24.510 0.0000000000
17188  -9.800  -55.382  24.982 0.0000000000
17195  -1.869  -54.940  23.658 0.0000000000
17196  -3.965  -55.456  23.688 0.0000000000
17197  -4.321  -55.209  24.152 0.0000000000
17208  -2.442  -55.197  22.991 0.0000000000
17209  -3.177  -55.231  22.953 0.0000000000
17210  -3.608  -55.160  23.221 0.0000000000
17891  -3.892  -54.333  35.239 0.0000000000
17897  -3.672  -54.364  34.534 0.0000000000
17903  -3.313  -54.525  33.652 0.0000000000
17908  -2.714  -54.257  32.084 0.0000000000
17909  -2.872  -54.854  32.850 0.0000000000
17920  -2.497  -54.720  31.478 0.0000000000
17931  -2.323  -54.871  30.577 0.0000000000
17942  -2.144  -54.761  29.404 0.0000000000
17954  -1.952  -54.710  28.277 0.0000000000
17968  -1.637  -55.249  26.891 0.0000000000
17969  -1.732  -54.532  27.284 0.0000000000
17980  -1.632  -54.614  26.397 0.0000000000
17981  -1.663  -54.126  26.878 0.0000000000
17982  -5.510  -55.508  26.050 0.0000000000
17983  -6.145  -55.268  26.130 0.0000000000
17984  -6.828  -55.131  26.059 0.0000000000
17990  -1.671  -54.447  25.383 0.0000000000
17991  -4.706  -55.340  25.177 0.0000000000
17992  -5.293  -54.859  25.597 0.0000000000
17993  -6.268  -54.544  25.828 0.0000000000
17994  -7.298  -54.627  25.845 0.0000000000
17995  -8.270  -54.588  25.588 0.0000000000
17996  -9.114  -54.502  25.312 0.0000000000
18002  -1.671  -54.124  24.438 0.0000000000
18003  -4.624  -54.900  24.677 0.0000000000
18004  -5.089  -54.361  24.944 0.0000000000
18013  -1.698  -53.988  23.501 0.0000000000
18014  -3.955  -54.922  23.335 0.0000000000
18015  -4.347  -54.768  23.873 0.0000000000
18024  -1.904  -54.315  22.582 0.0000000000
18025  -2.835  -54.803  22.472 0.0000000000
18026  -3.663  -54.631  22.770 0.0000000000
18027  -4.238  -54.461  23.237 0.0000000000
18040  -1.956  -54.007  21.810 0.0000000000
18041  -2.595  -54.329  21.827 0.0000000000
18042  -3.287  -54.374  22.110 0.0000000000
18652  -3.980  -54.036  35.608 0.0000000000
18653  -4.375  -53.609  36.106 0.0000000000
18664  -3.928  -53.634  35.028 0.0000000000
18665  -4.279  -52.913  35.249 0.0000000000
18674  -3.680  -53.425  33.831 0.0000000000
18681  -2.821  -53.405  32.001 0.0000000000
18682  -3.088  -53.700  32.794 0.0000000000
18693  -2.462  -53.706  31.236 0.0000000000
18703  -2.207  -53.717  30.084 0.0000000000
18714  -2.070  -53.727  28.987 0.0000000000
18726  -1.963  -53.736  27.985 0.0000000000
18742  -1.816  -53.662  27.172 0.0000000000
18756  -1.672  -53.637  25.971 0.0000000000
18757  -1.696  -53.765  26.608 0.0000000000
18765  -1.668  -53.697  25.215 0.0000000000
18766  -5.653  -54.176  25.315 0.0000000000
18767  -6.441  -53.726  25.272 0.0000000000
18768  -7.464  -53.796  25.387 0.0000000000
18769  -8.323  -53.675  25.181 0.0000000000
18778  -1.679  -53.303  24.749 0.0000000000
18779  -4.771  -54.340  24.373 0.0000000000
18780  -5.389  -53.834  24.561 0.0000000000
18781  -6.065  -53.406  24.398 0.0000000000
18792  -1.643  -53.246  23.944 0.0000000000
18793  -4.711  -54.055  23.727 0.0000000000
18794  -5.425  -53.420  23.613 0.0000000000
18795  -6.192  -52.985  23.928 0.0000000000
18802  -1.605  -53.238  22.937 0.0000000000
18803  -3.747  -54.152  22.218 0.0000000000
18804  -4.484  -53.791  22.598 0.0000000000
18805  -5.344  -53.093  22.799 0.0000000000
18816  -1.677  -53.240  21.820 0.0000000000
18817  -2.277  -53.757  21.199 0.0000000000
18818  -3.525  -53.684  21.513 0.0000000000
18819  -4.417  -53.137  21.742 0.0000000000
18835  -1.980  -52.954  20.878 0.0000000000
18836  -2.844  -53.075  20.722 0.0000000000
18837  -3.599  -52.854  20.889 0.0000000000
19512  -4.785  -52.400  35.849 0.0000000000
19513  -5.244  -51.598  35.964 0.0000000000
19524  -4.072  -52.857  34.492 0.0000000000
19525  -4.432  -52.069  34.708 0.0000000000
19538  -4.096  -52.188  33.635 0.0000000000
19539  -4.444  -51.682  34.028 0.0000000000
19550  -3.074  -52.927  32.259 0.0000000000
19551  -3.496  -52.609  32.759 0.0000000000
19566  -2.844  -52.513  31.610 0.0000000000
19567  -3.179  -52.457  32.160 0.0000000000
19582  -2.493  -52.671  30.610 0.0000000000
19596  -2.315  -52.758  29.581 0.0000000000
19609  -2.242  -52.891  28.535 0.0000000000
19621  -2.114  -53.068  27.633 0.0000000000
19634  -1.754  -53.160  26.041 0.0000000000
19635  -1.993  -52.941  26.580 0.0000000000
19645  -1.758  -53.026  25.549 0.0000000000
19646  -2.091  -52.215  25.646 0.0000000000
19647  -6.972  -53.236  25.337 0.0000000000
19648  -7.512  -52.985  25.304 0.0000000000
19656  -1.791  -52.480  24.601 0.0000000000
19657  -2.160  -51.775  24.821 0.0000000000
19658  -6.699  -52.881  24.743 0.0000000000
19668  -1.698  -52.357  23.457 0.0000000000
19669  -5.866  -52.791  23.311 0.0000000000
19670  -6.691  -52.222  23.693 0.0000000000
19681  -1.610  -52.230  22.348 0.0000000000
19682  -4.996  -52.940  22.172 0.0000000000
19683  -5.775  -52.272  22.489 0.0000000000
19699  -1.756  -52.042  21.124 0.0000000000
19700  -4.126  -52.843  21.232 0.0000000000
19701  -4.947  -52.281  21.341 0.0000000000
19702  -5.732  -51.815  21.643 0.0000000000
19717  -2.459  -52.263  20.429 0.0000000000
19718  -3.334  -52.305  20.428 0.0000000000
19719  -4.215  -52.191  20.744 0.0000000000
19720  -4.723  -52.013  20.784 0.0000000000
20453  -4.947  -51.445  35.247 0.0000000000
20454  -5.564  -50.778  35.553 0.0000000000
20462  -4.764  -51.039  34.346 0.0000000000
20463  -5.145  -50.816  34.948 0.0000000000
20474  -4.181  -51.661  33.180 0.0000000000
20475  -4.402  -51.332  33.461 0.0000000000
20491  -3.947  -51.678  32.728 0.0000000000
20492  -4.222  -51.354  32.966 0.0000000000
20507  -3.016  -51.581  31.476 0.0000000000
20508  -3.350  -51.814  32.057 0.0000000000
20520  -2.803  -51.785  30.956 0.0000000000
20534  -2.757  -51.803  30.113 0.0000000000
20535  -3.025  -51.388  29.609 0.0000000000
20544  -2.729  -52.096  29.112 0.0000000000
20545  -3.190  -51.458  28.851 0.0000000000
20554  -2.627  -52.271  27.889 0.0000000000
20555  -3.390  -51.496  27.790 0.0000000000
20567  -2.740  -51.991  26.669 0.0000000000
20568  -3.526  -51.339  26.652 0.0000000000
20579  -2.839  -51.563  25.488 0.0000000000
20580  -3.596  -50.970  25.666 0.0000000000
20588  -1.963  -51.667  23.962 0.0000000000
20589  -2.519  -51.179  24.329 0.0000000000
20590  -3.099  -50.986  24.883 0.0000000000
20596  -1.801  -51.330  22.920 0.0000000000
20597  -2.115  -51.017  23.553 0.0000000000
20607  -1.688  -51.193  21.788 0.0000000000
20626  -1.775  -51.018  20.854 0.0000000000
20646  -2.163  -51.273  19.961 0.0000000000
20647  -3.067  -51.651  19.839 0.0000000000
20648  -3.942  -51.584  20.134 0.0000000000
20661  -2.329  -50.953  19.302 0.0000000000
20662  -2.835  -51.082  19.167 0.0000000000
21354  -5.946  -50.218  35.229 0.0000000000
21365  -4.987  -50.427  34.085 0.0000000000
21366  -5.545  -50.103  34.524 0.0000000000
21367  -6.407  -49.826  34.995 0.0000000000
21378  -4.754  -50.603  33.570 0.0000000000
21379  -5.125  -50.076  33.782 0.0000000000
21391  -3.812  -51.259  32.155 0.0000000000
21392  -4.356  -50.692  32.549 0.0000000000
21393  -4.936  -50.031  33.177 0.0000000000
21404  -2.954  -51.242  31.186 0.0000000000
21405  -3.592  -50.793  31.416 0.0000000000
21406  -4.244  -50.266  31.767 0.0000000000
21416  -2.911  -51.095  30.738 0.0000000000
21417  -3.256  -50.434  30.498 0.0000000000
21430  -2.984  -51.013  30.133 0.0000000000
21431  -3.387  -50.644  29.675 0.0000000000
21443  -3.746  -50.734  28.770 0.0000000000
21451  -4.051  -50.690  27.734 0.0000000000
21452  -4.346  -50.176  27.331 0.0000000000
21461  -4.105  -50.680  26.626 0.0000000000
21462  -4.490  -50.010  26.634 0.0000000000
21474  -4.186  -50.422  25.752 0.0000000000
21475  -4.614  -49.845  25.824 0.0000000000
21484  -3.010  -50.689  24.246 0.0000000000
21485  -3.677  -50.437  24.760 0.0000000000
21486  -4.269  -50.098  25.170 0.0000000000
21493  -2.021  -50.603  23.005 0.0000000000
21494  -2.571  -50.405  23.459 0.0000000000
21495  -3.231  -50.246  23.942 0.0000000000
21502  -1.822  -50.310  22.225 0.0000000000
21503  -2.149  -50.062  22.733 0.0000000000
21518  -1.735  -50.243  21.177 0.0000000000
21534  -1.776  -50.343  20.144 0.0000000000
22259  -5.930  -49.396  34.122 0.0000000000
22260  -6.378  -49.376  34.443 0.0000000000
22261  -7.355  -49.232  34.681 0.0000000000
22272  -5.626  -49.341  33.446 0.0000000000
22273  -6.348  -48.934  33.914 0.0000000000
22274  -6.829  -48.956  34.194 0.0000000000
22283  -4.578  -49.916  31.961 0.0000000000
22284  -5.031  -49.563  32.463 0.0000000000
22293  -3.745  -49.904  30.795 0.0000000000
22294  -4.298  -49.538  31.376 0.0000000000
22295  -4.757  -49.406  31.882 0.0000000000
22305  -3.768  -49.699  30.132 0.0000000000
22306  -4.081  -49.210  30.633 0.0000000000
22315  -3.934  -49.965  29.451 0.0000000000
22329  -4.186  -49.928  28.698 0.0000000000
22330  -4.359  -49.428  28.359 0.0000000000
22343  -4.327  -49.936  27.978 0.0000000000
22344  -4.532  -49.425  27.587 0.0000000000
22357  -4.802  -49.252  26.645 0.0000000000
22358  -5.068  -48.912  26.250 0.0000000000
22368  -4.926  -49.358  25.859 0.0000000000
22369  -5.224  -48.960  25.608 0.0000000000
22379  -4.124  -49.991  24.688 0.0000000000
22380  -4.683  -49.575  24.941 0.0000000000
22381  -5.277  -48.925  24.748 0.0000000000
22390  -3.098  -49.835  23.391 0.0000000000
22391  -3.888  -49.736  23.955 0.0000000000
22392  -4.786  -49.114  23.885 0.0000000000
22393  -5.306  -48.736  24.103 0.0000000000
22405  -1.988  -49.601  22.295 0.0000000000
22406  -2.541  -49.429  22.668 0.0000000000
22407  -3.387  -49.285  23.027 0.0000000000
22408  -4.121  -49.082  23.254 0.0000000000
22423  -1.852  -49.243  21.519 0.0000000000
22424  -2.089  -49.125  22.118 0.0000000000
22434  -1.762  -49.405  20.436 0.0000000000
23183  -7.799  -48.647  34.143 0.0000000000
23193  -5.912  -48.682  33.025 0.0000000000
23194  -6.325  -48.573  33.317 0.0000000000
23195  -7.278  -48.415  33.604 0.0000000000
23196  -8.245  -48.275  33.867 0.0000000000
23205  -5.601  -48.778  32.597 0.0000000000
23206  -6.209  -48.155  32.637 0.0000000000
23207  -6.748  -48.184  33.042 0.0000000000
23215  -4.489  -48.342  30.903 0.0000000000
23216  -5.082  -48.612  31.820 0.0000000000
23217  -5.674  -48.278  32.245 0.0000000000
23226  -4.080  -49.302  29.695 0.0000000000
23227  -4.173  -48.652  30.054 0.0000000000
23235  -4.167  -49.435  29.266 0.0000000000
23236  -4.207  -48.825  29.307 0.0000000000
23244  -4.265  -49.236  28.864 0.0000000000
23245  -4.379  -48.673  28.472 0.0000000000
23253  -4.724  -48.450  27.486 0.0000000000
23254  -4.978  -48.047  26.992 0.0000000000
23269  -4.969  -48.594  26.746 0.0000000000
23270  -5.320  -48.297  26.330 0.0000000000
23285  -5.655  -48.325  25.452 0.0000000000
23286  -5.992  -47.992  25.072 0.0000000000
23302  -5.666  -48.403  24.595 0.0000000000
23303  -6.095  -47.934  24.474 0.0000000000
23317  -5.138  -48.698  23.635 0.0000000000
23318  -5.572  -48.324  23.768 0.0000000000
23319  -6.136  -47.782  23.743 0.0000000000
23330  -3.003  -48.760  22.501 0.0000000000
23331  -3.747  -48.660  22.648 0.0000000000
23332  -4.822  -48.440  22.914 0.0000000000
23333  -5.629  -47.938  23.087 0.0000000000
23334  -6.203  -47.583  23.115 0.0000000000
23346  -1.962  -48.501  21.248 0.0000000000
23347  -2.421  -48.445  21.813 0.0000000000
23348  -3.215  -48.169  22.179 0.0000000000
23349  -4.009  -48.059  22.255 0.0000000000
23358  -1.858  -48.570  20.664 0.0000000000
23359  -2.108  -47.922  20.882 0.0000000000
24113  -7.663  -47.801  33.071 0.0000000000
24114  -8.173  -47.818  33.309 0.0000000000
24127  -6.484  -47.665  32.261 0.0000000000
24128  -7.175  -47.622  32.582 0.0000000000
24129  -7.995  -47.405  32.766 0.0000000000
24140  -4.690  -47.615  30.785 0.0000000000
24141  -5.058  -47.494  31.210 0.0000000000
24142  -5.860  -47.628  31.891 0.0000000000
24143  -6.687  -47.258  31.948 0.0000000000
24153  -4.490  -47.589  30.309 0.0000000000
24154  -4.794  -47.165  30.715 0.0000000000
24163  -4.315  -47.820  29.301 0.0000000000
24171  -4.462  -47.680  28.255 0.0000000000
24178  -4.718  -47.495  27.510 0.0000000000
24179  -5.117  -47.396  26.806 0.0000000000
24186  -5.643  -47.590  26.102 0.0000000000
24187  -5.993  -47.135  25.795 0.0000000000
24196  -5.946  -47.701  25.533 0.0000000000
24197  -6.497  -47.471  25.267 0.0000000000
24198  -7.033  -47.192  24.955 0.0000000000
24213  -6.636  -47.508  24.404 0.0000000000
24214  -7.148  -47.030  24.310 0.0000000000
24228  -6.691  -47.351  23.626 0.0000000000
24229  -7.175  -46.866  23.522 0.0000000000
24242  -5.272  -47.869  22.552 0.0000000000
24243  -5.798  -47.573  22.495 0.0000000000
24244  -6.690  -47.098  22.693 0.0000000000
24245  -7.220  -46.724  23.024 0.0000000000
24258  -2.924  -47.847  21.770 0.0000000000
24259  -3.554  -47.630  21.728 0.0000000000
24260  -4.846  -47.459  21.798 0.0000000000
24261  -6.046  -47.181  21.928 0.0000000000
24262  -6.549  -46.958  22.050 0.0000000000
24272  -2.789  -47.405  21.177 0.0000000000
24273  -3.757  -46.991  21.151 0.0000000000
24274  -4.480  -46.798  21.027 0.0000000000
25006  -7.805  -47.102  32.341 0.0000000000
25017  -5.626  -47.064  31.307 0.0000000000
25018  -6.292  -46.796  31.425 0.0000000000
25019  -7.576  -46.526  31.682 0.0000000000
25031  -4.727  -46.952  30.420 0.0000000000
25032  -5.394  -46.466  30.616 0.0000000000
25033  -6.678  -45.964  31.016 0.0000000000
25044  -4.545  -46.837  29.872 0.0000000000
25045  -4.902  -46.008  29.536 0.0000000000
25055  -4.474  -46.726  28.731 0.0000000000
25056  -4.847  -45.666  28.581 0.0000000000
25065  -4.511  -47.052  28.001 0.0000000000
25066  -4.789  -46.430  27.553 0.0000000000
25074  -5.560  -46.575  26.483 0.0000000000
25075  -6.529  -46.453  25.827 0.0000000000
25076  -7.066  -46.011  25.730 0.0000000000
25085  -6.943  -46.962  25.398 0.0000000000
25086  -7.264  -46.437  25.137 0.0000000000
25099  -7.491  -46.363  24.160 0.0000000000
25109  -7.528  -46.352  23.357 0.0000000000
25121  -6.884  -46.735  22.102 0.0000000000
25122  -7.359  -46.449  22.568 0.0000000000
25134  -5.058  -46.798  21.088 0.0000000000
25135  -5.702  -46.816  21.307 0.0000000000
25136  -6.508  -46.658  21.577 0.0000000000
25137  -7.180  -46.310  21.741 0.0000000000
25149  -4.039  -46.567  20.399 0.0000000000
25150  -4.850  -46.506  20.524 0.0000000000
25151  -5.481  -46.493  20.761 0.0000000000
25152  -6.298  -46.221  20.798 0.0000000000
25153  -6.855  -46.222  21.265 0.0000000000
25161  -5.523  -46.076  20.167 0.0000000000
25162  -6.153  -45.885  20.236 0.0000000000
25933  -5.573  -45.578  29.847 0.0000000000
25934  -6.274  -45.433  30.289 0.0000000000
25948  -5.303  -45.308  29.250 0.0000000000
25949  -6.027  -44.741  29.519 0.0000000000
25957  -5.414  -44.799  28.609 0.0000000000
25958  -5.781  -44.262  28.920 0.0000000000
25967  -5.139  -45.263  27.745 0.0000000000
25968  -5.423  -45.108  27.170 0.0000000000
25976  -5.289  -45.726  27.052 0.0000000000
25977  -5.894  -45.443  26.538 0.0000000000
25978  -6.755  -45.450  26.045 0.0000000000
25985  -7.293  -45.508  25.506 0.0000000000
25996  -7.652  -45.555  24.718 0.0000000000
25997  -8.025  -45.173  24.243 0.0000000000
26007  -7.832  -45.742  23.853 0.0000000000
26008  -8.414  -45.220  23.616 0.0000000000
26009  -8.918  -44.918  23.176 0.0000000000
26019  -7.946  -45.852  23.036 0.0000000000
26020  -8.544  -45.404  22.707 0.0000000000
26021  -9.128  -44.916  22.504 0.0000000000
26032  -7.876  -45.869  22.113 0.0000000000
26033  -8.603  -45.306  21.739 0.0000000000
26034  -9.255  -44.786  21.863 0.0000000000
26047  -6.660  -45.758  20.283 0.0000000000
26048  -7.483  -45.752  20.944 0.0000000000
26049  -8.498  -45.123  20.787 0.0000000000
26061  -5.186  -45.710  19.380 0.0000000000
26062  -6.160  -45.601  19.687 0.0000000000
26063  -7.186  -45.345  19.809 0.0000000000
26064  -7.935  -45.203  20.199 0.0000000000
26079  -6.600  -45.156  19.135 0.0000000000
26918  -5.436  -44.642  27.859 0.0000000000
26919  -5.776  -44.045  28.227 0.0000000000
26933  -5.410  -44.849  27.496 0.0000000000
26934  -5.727  -44.468  27.209 0.0000000000
26942  -6.370  -44.570  26.474 0.0000000000
26943  -7.111  -44.640  25.896 0.0000000000
26958  -7.548  -44.857  25.255 0.0000000000
26972  -7.853  -44.710  24.731 0.0000000000
26973  -8.270  -44.609  24.253 0.0000000000
26984  -8.703  -44.421  23.707 0.0000000000
26985  -9.163  -44.295  23.064 0.0000000000
26996  -9.502  -44.260  22.322 0.0000000000
27006  -9.035  -44.852  21.315 0.0000000000
27018  -9.081  -44.637  20.768 0.0000000000
27030  -7.815  -44.993  19.687 0.0000000000
27031  -8.572  -44.632  19.879 0.0000000000
27049  -7.486  -44.701  18.938 0.0000000000
27917  -6.167  -43.645  27.451 0.0000000000
27935  -6.198  -44.014  26.875 0.0000000000
27936  -6.784  -43.581  26.523 0.0000000000
27954  -7.613  -43.836  25.286 0.0000000000
27955  -7.927  -43.219  24.775 0.0000000000
27969  -7.973  -44.235  24.627 0.0000000000
27970  -8.279  -43.819  24.368 0.0000000000
27982  -8.851  -43.616  23.595 0.0000000000
28919  -7.349  -43.050  26.015 0.0000000000
28927  -8.396  -42.802  24.226 0.0000000000
