#!ascii label  , from subject cvs_avg35_inMNI152 vox2ras=TkReg
463
83829  -16.097  6.626  38.587 0.0000000000
83837  -16.428  6.519  37.898 0.0000000000
83849  -16.745  6.366  37.313 0.0000000000
84957  -15.195  7.621  39.930 0.0000000000
84965  -15.514  7.600  39.195 0.0000000000
84966  -15.816  7.257  38.699 0.0000000000
84975  -15.674  7.894  38.577 0.0000000000
84976  -16.021  7.529  38.049 0.0000000000
84986  -16.476  7.346  37.065 0.0000000000
84987  -16.877  7.115  36.363 0.0000000000
84994  -16.657  7.800  36.292 0.0000000000
86068  -14.858  8.512  40.196 0.0000000000
86069  -15.202  8.486  39.515 0.0000000000
86077  -15.433  8.542  38.855 0.0000000000
86085  -15.704  8.591  38.199 0.0000000000
86086  -16.027  8.511  37.433 0.0000000000
86093  -16.357  8.540  36.623 0.0000000000
86099  -16.712  8.518  35.882 0.0000000000
87160  -14.268  9.438  41.049 0.0000000000
87167  -14.540  9.376  40.468 0.0000000000
87174  -14.858  9.454  39.722 0.0000000000
87175  -15.178  9.169  39.149 0.0000000000
87183  -15.041  9.828  39.122 0.0000000000
87184  -15.359  9.526  38.564 0.0000000000
87191  -15.752  9.537  37.802 0.0000000000
87192  -16.140  9.531  37.054 0.0000000000
87196  -16.543  9.509  36.265 0.0000000000
88246  -14.151  10.365  41.169 0.0000000000
88247  -14.348  10.003  40.725 0.0000000000
88255  -14.331  10.490  40.698 0.0000000000
88256  -14.506  10.340  40.211 0.0000000000
88268  -14.812  10.483  39.450 0.0000000000
88280  -15.142  10.502  38.814 0.0000000000
88281  -15.477  10.493  38.173 0.0000000000
88294  -15.948  10.498  37.535 0.0000000000
88295  -16.478  10.472  36.863 0.0000000000
89286  -13.895  11.384  41.407 0.0000000000
89299  -14.306  11.245  40.632 0.0000000000
89300  -14.630  11.324  39.834 0.0000000000
89314  -15.038  11.426  39.156 0.0000000000
89315  -15.441  11.797  38.763 0.0000000000
89326  -15.333  11.184  38.568 0.0000000000
89327  -15.790  11.550  38.127 0.0000000000
89328  -16.660  11.780  38.058 0.0000000000
89340  -16.352  11.183  37.500 0.0000000000
90241  -13.588  12.429  41.641 0.0000000000
90242  -18.589  12.900  40.879 0.0000000000
90252  -14.087  12.365  40.933 0.0000000000
90253  -14.650  12.419  40.139 0.0000000000
90254  -15.138  13.026  40.012 0.0000000000
90268  -14.879  11.959  39.582 0.0000000000
90269  -15.440  12.551  39.362 0.0000000000
90270  -16.078  12.939  39.246 0.0000000000
90271  -17.525  12.454  39.122 0.0000000000
90286  -15.710  12.135  38.721 0.0000000000
90287  -16.290  12.475  38.785 0.0000000000
90288  -17.131  12.346  38.673 0.0000000000
91143  -19.017  14.240  42.879 0.0000000000
91150  -13.340  13.457  42.025 0.0000000000
91151  -18.823  14.109  42.130 0.0000000000
91157  -13.948  13.513  41.222 0.0000000000
91158  -14.455  13.823  40.782 0.0000000000
91159  -17.684  14.054  41.148 0.0000000000
91160  -18.269  13.801  41.237 0.0000000000
91164  -14.365  13.149  40.671 0.0000000000
91165  -14.857  13.537  40.405 0.0000000000
91166  -15.588  13.591  40.081 0.0000000000
91167  -16.393  13.832  40.033 0.0000000000
91168  -17.367  13.776  40.412 0.0000000000
91169  -18.109  13.136  40.330 0.0000000000
91175  -16.002  13.306  39.563 0.0000000000
91176  -16.672  13.223  39.464 0.0000000000
91177  -17.523  12.903  39.580 0.0000000000
91178  -18.009  12.670  39.923 0.0000000000
91191  -17.003  12.832  39.022 0.0000000000
91192  -17.300  12.660  39.076 0.0000000000
92118  -18.852  14.658  44.064 0.0000000000
92119  -19.714  14.700  44.088 0.0000000000
92120  -20.484  14.814  43.975 0.0000000000
92121  -20.965  14.993  43.883 0.0000000000
92126  -18.617  14.448  43.098 0.0000000000
92127  -19.250  14.342  43.427 0.0000000000
92128  -19.903  14.497  43.341 0.0000000000
92134  -17.534  14.621  42.087 0.0000000000
92135  -18.205  14.346  42.196 0.0000000000
92139  -13.688  14.541  41.772 0.0000000000
92140  -14.489  14.663  41.041 0.0000000000
92141  -15.049  14.959  40.932 0.0000000000
92142  -16.452  14.762  41.045 0.0000000000
92143  -17.161  14.307  41.305 0.0000000000
92144  -17.806  14.239  41.610 0.0000000000
92147  -14.736  14.148  40.685 0.0000000000
92148  -15.217  14.460  40.630 0.0000000000
92149  -16.027  14.428  40.413 0.0000000000
92150  -16.667  14.212  40.654 0.0000000000
93148  -17.797  15.439  44.022 0.0000000000
93149  -18.452  15.415  44.280 0.0000000000
93150  -19.352  15.408  44.414 0.0000000000
93151  -20.219  15.457  44.348 0.0000000000
93152  -20.877  15.539  44.166 0.0000000000
93157  -16.908  15.579  42.948 0.0000000000
93158  -17.503  15.430  43.363 0.0000000000
93159  -18.119  14.916  43.720 0.0000000000
93160  -21.182  15.565  43.722 0.0000000000
93163  -13.557  15.681  42.911 0.0000000000
93164  -14.140  16.188  42.585 0.0000000000
93165  -15.833  15.604  41.975 0.0000000000
93166  -16.477  15.496  42.332 0.0000000000
93167  -17.246  15.213  42.542 0.0000000000
93168  -17.913  14.840  42.855 0.0000000000
93172  -13.571  15.152  42.256 0.0000000000
93173  -14.235  15.690  41.931 0.0000000000
93174  -15.264  15.483  41.358 0.0000000000
93175  -16.148  15.342  41.490 0.0000000000
93176  -16.861  14.988  41.786 0.0000000000
93183  -15.313  15.034  40.896 0.0000000000
93184  -15.760  15.068  40.816 0.0000000000
94111  -21.996  16.778  49.022 0.0000000000
94112  -22.350  16.838  48.837 0.0000000000
94118  -21.012  16.828  48.325 0.0000000000
94119  -21.653  16.792  48.475 0.0000000000
94120  -22.587  16.911  48.174 0.0000000000
94121  -23.102  17.117  47.692 0.0000000000
94128  -20.916  16.881  47.792 0.0000000000
94129  -21.711  16.841  47.499 0.0000000000
94130  -22.694  16.949  47.137 0.0000000000
94131  -23.147  17.153  47.360 0.0000000000
94137  -19.869  16.787  46.529 0.0000000000
94138  -20.568  16.798  46.746 0.0000000000
94139  -21.641  16.707  46.471 0.0000000000
94140  -22.355  16.831  46.157 0.0000000000
94144  -14.003  16.942  45.346 0.0000000000
94145  -16.990  16.732  45.042 0.0000000000
94146  -17.433  16.660  45.114 0.0000000000
94147  -18.402  16.572  45.347 0.0000000000
94148  -19.525  16.507  45.929 0.0000000000
94149  -20.694  16.374  45.743 0.0000000000
94150  -21.588  16.566  45.483 0.0000000000
94151  -22.320  16.948  45.314 0.0000000000
94155  -14.336  16.975  44.650 0.0000000000
94156  -16.193  16.716  44.354 0.0000000000
94157  -16.709  16.613  44.586 0.0000000000
94158  -17.722  16.049  44.474 0.0000000000
94159  -18.913  16.135  44.782 0.0000000000
94160  -19.928  16.185  44.862 0.0000000000
94161  -20.796  16.200  44.759 0.0000000000
94162  -21.496  16.400  44.451 0.0000000000
94163  -22.285  16.991  44.345 0.0000000000
94166  -13.811  16.451  43.812 0.0000000000
94167  -14.810  16.922  43.796 0.0000000000
94168  -15.865  16.656  43.834 0.0000000000
94169  -16.788  15.947  43.602 0.0000000000
94170  -17.420  15.686  43.901 0.0000000000
94171  -21.766  16.469  43.491 0.0000000000
94172  -22.237  17.248  43.665 0.0000000000
94175  -14.151  16.500  43.087 0.0000000000
94176  -14.882  16.405  42.775 0.0000000000
94177  -15.849  15.946  42.687 0.0000000000
94178  -16.496  15.739  42.898 0.0000000000
94185  -15.154  16.062  42.028 0.0000000000
94186  -15.515  15.799  41.996 0.0000000000
95129  -19.578  17.656  51.551 0.0000000000
95130  -20.303  17.662  51.139 0.0000000000
95131  -20.483  17.873  51.217 0.0000000000
95143  -19.376  17.541  50.755 0.0000000000
95144  -20.071  17.650  50.555 0.0000000000
95145  -20.711  17.635  51.009 0.0000000000
95146  -21.584  17.663  51.000 0.0000000000
95156  -18.487  17.477  50.181 0.0000000000
95157  -19.326  17.630  49.941 0.0000000000
95158  -20.130  17.638  49.912 0.0000000000
95159  -20.980  17.315  50.121 0.0000000000
95160  -22.199  17.300  50.401 0.0000000000
95161  -23.002  17.600  49.806 0.0000000000
95170  -17.552  17.416  49.439 0.0000000000
95171  -18.464  17.764  49.227 0.0000000000
95172  -19.383  17.869  49.110 0.0000000000
95173  -20.265  17.445  49.157 0.0000000000
95174  -21.350  16.924  49.255 0.0000000000
95175  -22.506  16.947  49.409 0.0000000000
95176  -23.116  17.541  49.054 0.0000000000
95182  -16.609  17.353  48.588 0.0000000000
95183  -17.565  17.635  48.399 0.0000000000
95184  -18.549  18.030  48.174 0.0000000000
95185  -19.467  17.852  48.250 0.0000000000
95186  -20.429  17.144  48.286 0.0000000000
95187  -21.104  16.836  48.618 0.0000000000
95188  -22.876  16.998  48.825 0.0000000000
95189  -23.184  17.441  48.217 0.0000000000
95193  -15.681  17.372  47.692 0.0000000000
95194  -16.659  17.435  47.539 0.0000000000
95195  -17.608  17.674  47.398 0.0000000000
95196  -18.492  17.824  47.333 0.0000000000
95197  -19.345  17.593  47.454 0.0000000000
95198  -20.122  17.084  47.276 0.0000000000
95199  -23.126  17.242  47.110 0.0000000000
95200  -23.267  17.513  47.276 0.0000000000
95202  -14.846  17.292  46.814 0.0000000000
95203  -15.775  17.379  46.631 0.0000000000
95204  -16.752  17.330  46.509 0.0000000000
95205  -17.717  17.462  46.473 0.0000000000
95206  -18.640  17.356  46.603 0.0000000000
95207  -19.435  16.975  46.621 0.0000000000
95208  -19.995  16.931  46.784 0.0000000000
95209  -23.030  17.452  46.360 0.0000000000
95210  -23.300  17.778  46.771 0.0000000000
95212  -14.866  17.264  45.683 0.0000000000
95213  -15.922  17.236  45.581 0.0000000000
95214  -16.884  16.973  45.403 0.0000000000
95215  -17.998  17.083  45.778 0.0000000000
95216  -18.851  16.849  46.104 0.0000000000
95217  -19.249  16.742  46.240 0.0000000000
95218  -22.793  17.584  45.054 0.0000000000
95221  -15.251  17.134  44.736 0.0000000000
95222  -16.044  16.816  44.665 0.0000000000
95223  -16.522  16.768  44.898 0.0000000000
95224  -22.564  17.675  44.141 0.0000000000
95226  -15.553  16.920  44.231 0.0000000000
95227  -15.807  16.810  44.234 0.0000000000
95228  -21.919  17.493  42.872 0.0000000000
95229  -22.213  17.850  43.561 0.0000000000
96189  -19.709  18.356  52.091 0.0000000000
96190  -20.432  18.424  51.525 0.0000000000
96191  -20.458  18.165  51.199 0.0000000000
96201  -20.554  18.880  51.173 0.0000000000
96202  -20.795  18.457  51.273 0.0000000000
96203  -21.497  18.508  51.175 0.0000000000
96210  -22.295  18.406  50.939 0.0000000000
96211  -23.001  18.322  50.313 0.0000000000
96214  -23.340  18.349  49.402 0.0000000000
96216  -18.951  18.172  47.905 0.0000000000
96217  -19.201  18.025  47.775 0.0000000000
96218  -23.425  18.213  48.485 0.0000000000
96220  -18.699  18.082  47.738 0.0000000000
96221  -18.943  18.058  47.595 0.0000000000
96222  -23.438  18.121  47.613 0.0000000000
96224  -23.278  18.001  46.468 0.0000000000
96225  -23.402  18.110  46.825 0.0000000000
96228  -23.131  18.331  45.696 0.0000000000
96229  -23.290  18.236  46.360 0.0000000000
96232  -22.797  18.333  44.542 0.0000000000
96234  -21.948  18.594  43.191 0.0000000000
96235  -22.398  18.287  43.877 0.0000000000
96238  -21.619  18.491  42.148 0.0000000000
97229  -19.459  19.069  51.790 0.0000000000
97230  -19.928  18.836  51.600 0.0000000000
97243  -19.147  19.627  51.074 0.0000000000
97244  -20.108  19.183  51.028 0.0000000000
97245  -20.930  19.187  51.000 0.0000000000
97246  -21.311  18.970  51.093 0.0000000000
97251  -19.533  19.914  50.426 0.0000000000
97252  -20.054  19.818  50.479 0.0000000000
97253  -20.888  19.785  50.639 0.0000000000
97254  -21.990  19.519  50.659 0.0000000000
97255  -22.749  18.995  50.605 0.0000000000
97260  -22.735  20.071  50.121 0.0000000000
97261  -23.202  19.417  49.905 0.0000000000
97264  -23.552  19.161  48.741 0.0000000000
97266  -23.577  18.934  47.823 0.0000000000
97268  -23.312  19.547  46.499 0.0000000000
97269  -23.534  18.791  47.040 0.0000000000
97272  -23.051  19.397  45.683 0.0000000000
97273  -23.328  18.679  46.354 0.0000000000
97275  -22.154  19.977  44.108 0.0000000000
97276  -22.802  19.235  44.775 0.0000000000
97279  -21.784  19.654  43.297 0.0000000000
97280  -22.341  19.011  43.958 0.0000000000
97284  -21.549  19.392  42.504 0.0000000000
97292  -19.781  20.138  40.889 0.0000000000
97293  -20.338  19.635  41.023 0.0000000000
97294  -21.168  19.429  41.730 0.0000000000
98322  -18.404  19.934  50.954 0.0000000000
98335  -18.153  20.363  50.535 0.0000000000
98336  -19.040  20.115  50.273 0.0000000000
98337  -19.955  20.311  50.078 0.0000000000
98338  -20.756  20.378  50.201 0.0000000000
98339  -21.500  20.322  50.327 0.0000000000
98346  -17.014  20.950  50.113 0.0000000000
98347  -17.797  20.821  49.991 0.0000000000
98348  -18.691  20.702  49.792 0.0000000000
98349  -19.665  20.858  49.721 0.0000000000
98350  -20.587  21.054  49.863 0.0000000000
98351  -21.426  21.008  49.999 0.0000000000
98352  -22.308  20.746  49.878 0.0000000000
98353  -23.011  20.328  49.585 0.0000000000
98358  -22.952  20.987  48.972 0.0000000000
98359  -23.334  20.139  48.856 0.0000000000
98361  -23.230  20.871  48.007 0.0000000000
98362  -23.506  19.888  47.908 0.0000000000
98364  -23.198  20.536  46.933 0.0000000000
98365  -23.490  19.538  47.216 0.0000000000
98368  -22.808  20.381  45.931 0.0000000000
98371  -21.836  20.838  44.345 0.0000000000
98372  -22.528  20.350  45.000 0.0000000000
98375  -20.825  21.229  43.081 0.0000000000
98376  -21.352  20.746  43.454 0.0000000000
98381  -20.769  20.886  42.689 0.0000000000
98382  -21.283  20.195  42.630 0.0000000000
98390  -19.861  20.524  41.284 0.0000000000
98391  -20.666  20.442  41.891 0.0000000000
98392  -21.289  19.921  42.118 0.0000000000
98401  -19.426  20.607  40.667 0.0000000000
99398  -16.232  21.265  49.569 0.0000000000
99399  -17.302  21.198  49.312 0.0000000000
99400  -18.279  21.175  49.246 0.0000000000
99401  -19.229  21.375  49.266 0.0000000000
99402  -20.279  21.850  49.416 0.0000000000
99403  -21.289  21.814  49.608 0.0000000000
99404  -21.897  21.493  49.640 0.0000000000
99417  -15.533  21.823  48.603 0.0000000000
99418  -16.651  21.692  48.440 0.0000000000
99419  -17.854  21.587  48.484 0.0000000000
99420  -18.740  21.712  48.720 0.0000000000
99421  -19.503  22.181  48.872 0.0000000000
99422  -20.179  22.552  49.135 0.0000000000
99423  -21.857  21.952  49.370 0.0000000000
99424  -22.324  21.755  49.072 0.0000000000
99432  -15.982  21.939  48.112 0.0000000000
99433  -16.276  22.023  47.836 0.0000000000
99434  -22.812  21.748  48.206 0.0000000000
99439  -22.833  21.645  47.241 0.0000000000
99442  -22.142  21.822  45.458 0.0000000000
99443  -22.465  21.628  46.012 0.0000000000
99446  -21.998  21.528  45.022 0.0000000000
99447  -22.426  20.956  45.489 0.0000000000
99450  -20.978  21.607  43.379 0.0000000000
99451  -21.387  21.745  44.042 0.0000000000
99458  -20.118  21.922  42.201 0.0000000000
99459  -20.461  21.801  42.671 0.0000000000
99467  -19.231  21.751  41.366 0.0000000000
99468  -19.798  21.572  41.752 0.0000000000
99469  -20.425  21.170  42.241 0.0000000000
99476  -19.022  21.398  40.846 0.0000000000
99477  -19.455  20.982  41.189 0.0000000000
100448  -20.575  22.478  49.290 0.0000000000
100449  -20.968  22.414  49.391 0.0000000000
100458  -14.718  22.132  48.097 0.0000000000
100459  -16.713  22.021  47.845 0.0000000000
100460  -17.351  22.134  47.860 0.0000000000
100461  -18.594  22.661  48.105 0.0000000000
100462  -19.787  23.059  48.657 0.0000000000
100463  -20.755  23.041  49.055 0.0000000000
100464  -21.716  22.623  49.017 0.0000000000
100465  -22.351  22.554  48.281 0.0000000000
100475  -14.208  22.324  47.348 0.0000000000
100476  -15.436  22.135  47.493 0.0000000000
100477  -16.573  22.241  47.204 0.0000000000
100478  -17.639  22.788  47.165 0.0000000000
100479  -18.352  23.249  47.441 0.0000000000
100480  -22.542  22.382  47.591 0.0000000000
100489  -13.450  22.482  46.506 0.0000000000
100490  -14.515  22.361  46.422 0.0000000000
100491  -15.640  22.462  46.336 0.0000000000
100492  -16.717  22.963  46.294 0.0000000000
100493  -17.490  23.422  46.670 0.0000000000
100494  -22.430  22.566  46.801 0.0000000000
100501  -12.643  22.680  45.721 0.0000000000
100502  -13.629  22.602  45.585 0.0000000000
100503  -14.698  22.733  45.401 0.0000000000
100504  -15.734  23.072  45.534 0.0000000000
100505  -16.366  23.588  45.655 0.0000000000
100506  -21.988  22.315  45.383 0.0000000000
100507  -22.216  22.851  45.996 0.0000000000
100511  -11.843  22.907  45.005 0.0000000000
100512  -12.777  22.872  44.870 0.0000000000
100513  -13.718  22.915  44.718 0.0000000000
100514  -14.456  23.153  44.589 0.0000000000
100515  -21.178  22.916  44.015 0.0000000000
100516  -21.430  22.665  44.466 0.0000000000
100519  -20.985  22.572  43.623 0.0000000000
100520  -21.277  22.327  44.021 0.0000000000
100526  -20.048  22.387  42.253 0.0000000000
100527  -20.386  22.942  42.820 0.0000000000
100534  -19.048  22.359  41.375 0.0000000000
100535  -19.600  22.640  41.872 0.0000000000
101482  -18.655  23.489  47.772 0.0000000000
101483  -19.199  23.988  48.097 0.0000000000
101484  -20.385  23.972  48.585 0.0000000000
101485  -21.478  23.765  48.471 0.0000000000
101486  -22.075  23.291  48.275 0.0000000000
101490  -18.047  23.471  47.022 0.0000000000
101491  -18.515  24.073  47.349 0.0000000000
101492  -18.865  24.486  47.658 0.0000000000
101493  -22.073  23.913  47.949 0.0000000000
101494  -22.243  23.356  47.451 0.0000000000
101499  -17.063  23.975  46.144 0.0000000000
101500  -17.864  24.098  46.790 0.0000000000
101501  -18.290  24.405  46.938 0.0000000000
101502  -22.221  23.462  46.537 0.0000000000
101508  -15.036  23.364  44.984 0.0000000000
101509  -15.637  24.006  45.078 0.0000000000
101510  -16.415  24.249  45.561 0.0000000000
101511  -21.859  23.422  45.349 0.0000000000
101512  -22.188  23.639  45.968 0.0000000000
101515  -10.930  23.494  44.457 0.0000000000
101516  -11.995  23.315  44.291 0.0000000000
101517  -12.913  23.213  44.064 0.0000000000
101518  -13.850  23.378  43.976 0.0000000000
101519  -14.807  23.892  44.145 0.0000000000
101520  -15.355  24.336  44.467 0.0000000000
101521  -21.098  23.506  44.025 0.0000000000
101522  -21.456  23.710  44.677 0.0000000000
101525  -11.448  23.865  43.904 0.0000000000
101526  -12.184  23.805  43.668 0.0000000000
101527  -13.074  23.763  43.363 0.0000000000
101528  -14.002  23.986  43.400 0.0000000000
101529  -14.455  24.236  43.587 0.0000000000
101530  -20.660  23.642  43.337 0.0000000000
102393  -19.196  25.031  47.646 0.0000000000
102394  -19.997  24.932  48.222 0.0000000000
102395  -21.079  24.764  48.231 0.0000000000
102400  -18.505  24.878  46.907 0.0000000000
102401  -18.788  24.767  47.327 0.0000000000
102402  -21.796  24.493  47.862 0.0000000000
102403  -22.024  24.270  47.415 0.0000000000
102409  -16.762  24.975  45.872 0.0000000000
102410  -17.516  24.777  46.401 0.0000000000
102411  -18.076  24.688  46.716 0.0000000000
102412  -22.133  24.142  46.825 0.0000000000
102418  -15.575  24.832  44.698 0.0000000000
102419  -16.034  24.857  45.312 0.0000000000
102420  -22.107  24.281  45.781 0.0000000000
102421  -22.188  24.069  46.278 0.0000000000
102427  -14.741  24.479  43.654 0.0000000000
102428  -15.303  24.726  43.933 0.0000000000
102429  -21.268  24.493  44.419 0.0000000000
102430  -21.738  24.438  45.118 0.0000000000
102434  -11.523  24.488  43.543 0.0000000000
102435  -12.337  24.509  43.297 0.0000000000
102436  -13.248  24.610  43.146 0.0000000000
102437  -14.164  24.747  43.328 0.0000000000
102438  -14.746  24.971  43.548 0.0000000000
103231  -19.280  25.880  47.347 0.0000000000
103232  -19.751  25.784  47.866 0.0000000000
103233  -20.753  25.742  48.071 0.0000000000
103238  -18.455  25.633  46.801 0.0000000000
103239  -18.876  25.470  47.068 0.0000000000
103240  -21.699  25.292  47.557 0.0000000000
103241  -21.954  24.718  47.451 0.0000000000
103246  -16.627  25.784  46.026 0.0000000000
103247  -17.199  25.619  46.329 0.0000000000
103248  -17.957  25.423  46.613 0.0000000000
103249  -22.101  25.589  46.688 0.0000000000
103250  -22.115  24.799  47.050 0.0000000000
103255  -15.602  25.550  45.103 0.0000000000
103256  -16.183  25.635  45.585 0.0000000000
103257  -22.059  25.317  45.675 0.0000000000
103258  -22.205  24.711  46.365 0.0000000000
103264  -14.694  25.889  43.969 0.0000000000
103265  -15.250  25.614  44.362 0.0000000000
103270  -11.672  25.197  43.383 0.0000000000
103271  -12.484  25.306  43.318 0.0000000000
103272  -13.381  25.423  43.408 0.0000000000
103273  -14.247  25.548  43.626 0.0000000000
103274  -14.949  25.385  43.771 0.0000000000
103983  -20.350  26.342  47.852 0.0000000000
103993  -21.170  26.474  47.284 0.0000000000
104018  -13.662  26.656  44.344 0.0000000000
104019  -14.532  26.348  44.542 0.0000000000
104020  -15.142  26.119  44.966 0.0000000000
104027  -12.604  26.059  43.638 0.0000000000
104028  -13.485  26.146  43.783 0.0000000000
104029  -14.157  26.183  43.978 0.0000000000
