#!ascii label  , from subject cvs_avg35_inMNI152 vox2ras=TkReg
720
65669  -37.338  -9.312  -18.393 0.0000000000
65670  -38.021  -9.131  -18.663 0.0000000000
65684  -37.370  -8.979  -19.069 0.0000000000
65685  -37.923  -8.891  -19.232 0.0000000000
66847  -38.720  -8.909  -18.241 0.0000000000
66859  -38.527  -8.783  -19.058 0.0000000000
66860  -39.254  -8.533  -18.787 0.0000000000
66861  -39.964  -8.170  -18.578 0.0000000000
66875  -37.496  -8.668  -19.540 0.0000000000
66876  -38.146  -8.617  -19.694 0.0000000000
66877  -39.006  -8.389  -19.643 0.0000000000
66878  -39.657  -8.150  -19.266 0.0000000000
66889  -37.428  -8.216  -20.105 0.0000000000
66890  -38.409  -8.189  -20.251 0.0000000000
66891  -39.114  -8.007  -20.256 0.0000000000
68051  -39.683  -7.884  -19.924 0.0000000000
68052  -40.348  -7.759  -19.386 0.0000000000
68053  -41.106  -7.386  -19.190 0.0000000000
68065  -37.881  -7.707  -20.729 0.0000000000
68066  -38.798  -7.719  -20.730 0.0000000000
68067  -39.540  -7.585  -20.555 0.0000000000
68068  -40.334  -7.281  -20.359 0.0000000000
68069  -40.815  -7.334  -19.821 0.0000000000
68079  -37.524  -7.139  -21.196 0.0000000000
68080  -38.419  -7.290  -21.256 0.0000000000
68081  -39.333  -7.261  -21.113 0.0000000000
68082  -39.880  -7.214  -20.848 0.0000000000
69170  -41.796  -6.894  -18.888 0.0000000000
69171  -42.302  -6.242  -19.407 0.0000000000
69187  -40.617  -6.844  -20.606 0.0000000000
69188  -41.319  -6.693  -20.231 0.0000000000
69189  -42.255  -5.919  -20.204 0.0000000000
69205  -37.192  -6.614  -21.576 0.0000000000
69206  -37.971  -6.804  -21.778 0.0000000000
69207  -38.972  -6.814  -21.732 0.0000000000
69208  -40.219  -6.602  -21.255 0.0000000000
69209  -41.195  -5.954  -21.162 0.0000000000
69223  -37.435  -6.188  -22.122 0.0000000000
69224  -38.370  -6.278  -22.289 0.0000000000
69225  -39.357  -6.151  -22.185 0.0000000000
69226  -40.092  -5.808  -22.097 0.0000000000
70384  -42.791  -5.564  -19.762 0.0000000000
70385  -43.246  -5.081  -19.373 0.0000000000
70395  -41.918  -5.689  -20.844 0.0000000000
70396  -42.710  -5.148  -20.570 0.0000000000
70397  -43.135  -5.097  -20.005 0.0000000000
70408  -40.777  -5.594  -21.789 0.0000000000
70409  -41.682  -5.134  -21.606 0.0000000000
70410  -42.234  -5.148  -21.137 0.0000000000
70419  -37.737  -5.675  -22.700 0.0000000000
70420  -38.728  -5.651  -22.744 0.0000000000
70421  -39.594  -5.456  -22.625 0.0000000000
70422  -40.397  -5.119  -22.461 0.0000000000
70423  -41.076  -4.981  -22.147 0.0000000000
70431  -38.168  -5.134  -23.268 0.0000000000
70432  -39.094  -5.054  -23.183 0.0000000000
70433  -39.819  -4.898  -22.978 0.0000000000
71582  -43.718  -4.581  -18.893 0.0000000000
71583  -44.212  -4.030  -19.107 0.0000000000
71592  -43.046  -4.663  -20.819 0.0000000000
71593  -43.618  -4.426  -20.189 0.0000000000
71594  -44.209  -3.849  -19.727 0.0000000000
71604  -42.020  -4.652  -21.871 0.0000000000
71605  -42.591  -4.570  -21.455 0.0000000000
71606  -43.211  -4.424  -20.979 0.0000000000
71617  -40.903  -4.630  -22.512 0.0000000000
71618  -41.609  -4.440  -22.344 0.0000000000
71619  -42.183  -4.429  -22.030 0.0000000000
71629  -38.652  -4.642  -23.729 0.0000000000
71630  -39.537  -4.434  -23.609 0.0000000000
71631  -40.441  -4.433  -22.999 0.0000000000
71632  -41.053  -4.296  -22.730 0.0000000000
71637  -38.459  -4.193  -24.185 0.0000000000
71638  -39.021  -4.341  -24.020 0.0000000000
72783  -44.596  -3.485  -19.256 0.0000000000
72784  -44.994  -2.962  -19.346 0.0000000000
72792  -43.836  -3.924  -20.620 0.0000000000
72793  -44.385  -3.410  -20.304 0.0000000000
72794  -45.045  -2.844  -19.897 0.0000000000
72802  -42.840  -4.144  -21.716 0.0000000000
72803  -43.454  -3.877  -21.315 0.0000000000
72804  -44.135  -3.140  -21.177 0.0000000000
72814  -41.796  -4.070  -22.630 0.0000000000
72815  -42.435  -3.931  -22.319 0.0000000000
72816  -43.203  -3.267  -22.157 0.0000000000
72827  -39.675  -4.091  -23.845 0.0000000000
72828  -40.113  -3.982  -23.648 0.0000000000
72829  -41.299  -3.773  -23.157 0.0000000000
72830  -42.207  -3.252  -23.142 0.0000000000
72838  -38.242  -3.598  -24.524 0.0000000000
72839  -39.346  -3.821  -24.236 0.0000000000
72840  -40.384  -3.368  -24.066 0.0000000000
72841  -41.112  -2.962  -23.946 0.0000000000
73875  -45.469  -2.389  -19.418 0.0000000000
73883  -44.523  -2.855  -20.872 0.0000000000
73884  -45.140  -2.431  -20.470 0.0000000000
73893  -43.751  -3.021  -21.755 0.0000000000
73894  -44.390  -2.370  -21.508 0.0000000000
73895  -45.117  -1.797  -21.206 0.0000000000
73905  -42.767  -3.029  -22.728 0.0000000000
73906  -43.440  -2.326  -22.476 0.0000000000
73907  -44.156  -1.675  -22.199 0.0000000000
73916  -41.751  -2.920  -23.649 0.0000000000
73917  -42.459  -2.292  -23.444 0.0000000000
73918  -43.065  -1.595  -23.168 0.0000000000
73926  -38.741  -3.000  -24.859 0.0000000000
73927  -39.744  -2.948  -24.751 0.0000000000
73928  -40.627  -2.643  -24.578 0.0000000000
73929  -41.518  -2.157  -24.351 0.0000000000
73930  -42.157  -1.634  -24.145 0.0000000000
73938  -39.190  -2.377  -25.321 0.0000000000
73939  -40.107  -2.299  -25.235 0.0000000000
73940  -40.825  -2.035  -25.042 0.0000000000
74910  -45.919  -1.759  -19.693 0.0000000000
74911  -46.355  -1.038  -19.860 0.0000000000
74919  -45.793  -1.546  -20.641 0.0000000000
74920  -46.251  -0.800  -20.786 0.0000000000
74928  -44.708  -1.521  -21.761 0.0000000000
74929  -45.438  -0.944  -21.558 0.0000000000
74930  -46.096  -0.407  -21.391 0.0000000000
74942  -43.677  -1.282  -22.762 0.0000000000
74943  -44.486  -0.777  -22.358 0.0000000000
74944  -45.136  -0.309  -22.129 0.0000000000
74957  -42.644  -1.328  -23.787 0.0000000000
74958  -43.201  -0.778  -23.475 0.0000000000
74959  -43.819  -0.554  -22.978 0.0000000000
74969  -41.885  -1.442  -24.711 0.0000000000
74970  -42.338  -0.984  -24.525 0.0000000000
74971  -42.733  -0.719  -24.091 0.0000000000
74981  -38.696  -1.780  -25.834 0.0000000000
74982  -39.645  -1.824  -25.807 0.0000000000
74983  -40.520  -1.747  -25.700 0.0000000000
74984  -41.398  -1.403  -25.415 0.0000000000
74985  -42.012  -1.017  -25.143 0.0000000000
74995  -39.216  -1.301  -26.366 0.0000000000
74996  -40.128  -1.362  -26.312 0.0000000000
74997  -40.887  -1.274  -26.174 0.0000000000
75974  -46.753  -0.370  -20.081 0.0000000000
75975  -47.183  0.148  -19.660 0.0000000000
75984  -46.624  -0.070  -20.941 0.0000000000
75985  -46.981  0.155  -20.348 0.0000000000
75993  -45.713  -0.077  -21.926 0.0000000000
75994  -46.261  0.091  -21.542 0.0000000000
76004  -44.819  0.186  -22.562 0.0000000000
76005  -45.289  0.121  -22.261 0.0000000000
76019  -43.671  0.079  -23.525 0.0000000000
76020  -44.210  -0.038  -22.918 0.0000000000
76032  -42.628  -0.450  -24.586 0.0000000000
76033  -43.010  -0.122  -24.242 0.0000000000
76045  -41.892  -0.768  -25.661 0.0000000000
76046  -42.405  -0.346  -25.325 0.0000000000
76047  -42.721  -0.101  -24.825 0.0000000000
76063  -38.829  -0.677  -26.886 0.0000000000
76064  -39.778  -0.835  -26.832 0.0000000000
76065  -40.632  -0.852  -26.691 0.0000000000
76066  -41.494  -0.566  -26.388 0.0000000000
76067  -42.067  -0.411  -25.956 0.0000000000
76081  -38.583  -0.032  -27.348 0.0000000000
76082  -39.455  -0.255  -27.332 0.0000000000
76083  -40.377  -0.352  -27.186 0.0000000000
76084  -40.973  -0.415  -26.933 0.0000000000
77103  -46.957  0.443  -20.771 0.0000000000
77104  -47.412  0.679  -20.290 0.0000000000
77111  -46.093  0.429  -21.896 0.0000000000
77112  -46.639  0.747  -21.395 0.0000000000
77113  -47.111  0.789  -20.853 0.0000000000
77120  -44.883  0.698  -22.727 0.0000000000
77121  -45.507  0.761  -22.376 0.0000000000
77122  -46.162  0.806  -21.977 0.0000000000
77136  -43.787  0.632  -23.721 0.0000000000
77137  -44.371  0.883  -23.275 0.0000000000
77138  -44.943  0.978  -22.791 0.0000000000
77153  -43.431  0.547  -24.205 0.0000000000
77154  -43.772  1.020  -23.977 0.0000000000
77170  -42.585  0.078  -25.636 0.0000000000
77171  -42.959  0.441  -25.216 0.0000000000
77187  -41.706  -0.052  -26.688 0.0000000000
77188  -42.297  0.191  -26.314 0.0000000000
77189  -42.976  0.994  -26.105 0.0000000000
77200  -38.336  0.596  -27.752 0.0000000000
77201  -39.117  0.335  -27.799 0.0000000000
77202  -40.047  0.222  -27.746 0.0000000000
77203  -41.288  0.248  -27.315 0.0000000000
77204  -42.115  0.881  -27.166 0.0000000000
77215  -38.820  0.870  -28.119 0.0000000000
77216  -39.508  0.861  -28.212 0.0000000000
77217  -40.454  0.878  -28.160 0.0000000000
77218  -41.169  1.107  -28.070 0.0000000000
78312  -48.206  1.487  -19.956 0.0000000000
78313  -48.722  2.140  -19.697 0.0000000000
78321  -46.900  1.581  -21.573 0.0000000000
78322  -47.405  1.363  -20.925 0.0000000000
78334  -45.769  1.653  -22.541 0.0000000000
78335  -46.303  1.410  -22.071 0.0000000000
78350  -44.643  2.020  -23.550 0.0000000000
78351  -45.125  1.580  -22.894 0.0000000000
78367  -43.569  1.188  -24.680 0.0000000000
78368  -44.016  1.738  -24.219 0.0000000000
78383  -43.460  1.649  -25.545 0.0000000000
78384  -43.707  1.790  -24.895 0.0000000000
78397  -42.625  1.204  -26.760 0.0000000000
78398  -43.111  1.727  -26.456 0.0000000000
78407  -37.886  1.202  -28.044 0.0000000000
78408  -38.438  1.056  -28.135 0.0000000000
78409  -41.757  1.211  -27.740 0.0000000000
78410  -42.399  1.723  -27.493 0.0000000000
78411  -42.796  1.765  -26.964 0.0000000000
78420  -37.582  1.884  -28.451 0.0000000000
78421  -38.727  1.592  -28.622 0.0000000000
78422  -39.883  1.423  -28.642 0.0000000000
78423  -40.736  1.655  -28.654 0.0000000000
78424  -41.516  1.675  -28.301 0.0000000000
78425  -41.972  1.724  -27.993 0.0000000000
78428  -39.095  2.156  -29.071 0.0000000000
78429  -39.644  1.970  -28.986 0.0000000000
78430  -40.198  1.841  -28.885 0.0000000000
79614  -47.922  1.979  -20.722 0.0000000000
79615  -48.501  2.690  -20.412 0.0000000000
79627  -46.750  1.973  -21.943 0.0000000000
79628  -47.400  2.496  -21.492 0.0000000000
79629  -48.056  3.386  -21.142 0.0000000000
79644  -45.610  2.090  -22.785 0.0000000000
79645  -46.270  2.522  -22.454 0.0000000000
79646  -46.932  3.327  -22.141 0.0000000000
79660  -44.752  2.642  -23.645 0.0000000000
79661  -45.272  2.665  -23.178 0.0000000000
79662  -45.836  3.367  -22.981 0.0000000000
79674  -44.426  2.634  -24.155 0.0000000000
79686  -43.669  2.196  -25.621 0.0000000000
79687  -43.964  2.525  -25.200 0.0000000000
79700  -43.596  2.426  -26.115 0.0000000000
79701  -43.962  3.115  -25.992 0.0000000000
79710  -42.568  2.340  -27.694 0.0000000000
79711  -43.029  2.450  -27.123 0.0000000000
79719  -37.960  2.304  -28.894 0.0000000000
79720  -40.822  2.052  -28.875 0.0000000000
79721  -41.211  2.147  -28.765 0.0000000000
79722  -42.068  2.433  -28.268 0.0000000000
79728  -38.571  2.560  -29.267 0.0000000000
79729  -39.446  2.539  -29.406 0.0000000000
79730  -40.503  2.387  -29.175 0.0000000000
79731  -41.462  2.890  -28.996 0.0000000000
79732  -41.994  3.183  -28.691 0.0000000000
80862  -49.165  3.745  -19.768 0.0000000000
80863  -49.278  4.315  -20.061 0.0000000000
80876  -48.690  3.965  -20.770 0.0000000000
80877  -49.127  4.163  -20.295 0.0000000000
80888  -47.550  3.868  -21.769 0.0000000000
80889  -48.118  3.962  -21.280 0.0000000000
80901  -46.455  3.861  -22.707 0.0000000000
80902  -47.006  3.921  -22.264 0.0000000000
80913  -44.826  3.224  -23.822 0.0000000000
80914  -45.429  3.820  -23.602 0.0000000000
80915  -45.953  3.906  -23.177 0.0000000000
80925  -44.594  3.606  -24.644 0.0000000000
80926  -44.945  3.795  -24.090 0.0000000000
80931  -44.267  3.604  -25.621 0.0000000000
80937  -43.668  3.504  -26.696 0.0000000000
80938  -44.029  3.655  -26.185 0.0000000000
80946  -42.675  2.845  -27.806 0.0000000000
80947  -43.149  3.456  -27.576 0.0000000000
80955  -42.576  3.589  -28.371 0.0000000000
80956  -43.171  4.033  -27.997 0.0000000000
80964  -38.130  3.324  -29.711 0.0000000000
80965  -38.955  3.194  -29.833 0.0000000000
80966  -39.912  3.204  -29.845 0.0000000000
80967  -40.962  3.516  -29.715 0.0000000000
80968  -41.937  3.801  -29.171 0.0000000000
80981  -38.402  3.876  -30.226 0.0000000000
80982  -39.321  3.875  -30.332 0.0000000000
80983  -40.230  3.978  -30.277 0.0000000000
80984  -40.903  4.279  -30.198 0.0000000000
82095  -49.317  4.712  -19.616 0.0000000000
82101  -48.735  4.625  -21.001 0.0000000000
82102  -49.145  4.750  -20.507 0.0000000000
82109  -47.617  4.604  -21.919 0.0000000000
82110  -48.184  4.650  -21.461 0.0000000000
82117  -46.558  4.595  -22.876 0.0000000000
82118  -47.104  4.640  -22.425 0.0000000000
82124  -45.521  4.530  -23.822 0.0000000000
82125  -46.045  4.620  -23.353 0.0000000000
82133  -44.737  4.168  -24.740 0.0000000000
82134  -45.039  4.488  -24.403 0.0000000000
82141  -44.614  4.385  -25.229 0.0000000000
82142  -44.883  5.133  -25.095 0.0000000000
82148  -43.783  4.128  -26.797 0.0000000000
82149  -44.113  4.442  -26.364 0.0000000000
82156  -43.584  4.421  -27.340 0.0000000000
82157  -43.994  5.251  -27.045 0.0000000000
82164  -42.465  4.274  -28.858 0.0000000000
82165  -42.983  4.802  -28.429 0.0000000000
82173  -41.547  4.400  -29.866 0.0000000000
82174  -42.325  4.923  -29.420 0.0000000000
82175  -42.845  5.504  -29.042 0.0000000000
82190  -38.742  4.740  -30.719 0.0000000000
82191  -39.705  4.564  -30.673 0.0000000000
82192  -40.495  4.653  -30.594 0.0000000000
82193  -41.230  4.923  -30.453 0.0000000000
82194  -41.820  5.044  -30.117 0.0000000000
82207  -38.895  5.211  -30.986 0.0000000000
82208  -39.339  5.144  -31.012 0.0000000000
82209  -40.103  5.097  -31.009 0.0000000000
82210  -40.762  5.142  -30.902 0.0000000000
83266  -49.387  5.560  -19.147 0.0000000000
83273  -49.556  5.528  -20.100 0.0000000000
83280  -48.790  5.201  -21.194 0.0000000000
83281  -49.276  5.654  -20.899 0.0000000000
83288  -47.698  5.247  -22.070 0.0000000000
83289  -48.306  5.743  -21.734 0.0000000000
83290  -48.911  5.889  -21.420 0.0000000000
83297  -46.653  5.258  -23.029 0.0000000000
83298  -47.297  5.791  -22.715 0.0000000000
83299  -47.811  6.022  -22.253 0.0000000000
83306  -45.602  5.190  -23.978 0.0000000000
83307  -46.206  5.809  -23.648 0.0000000000
83308  -46.817  6.058  -23.247 0.0000000000
83314  -45.363  5.636  -24.722 0.0000000000
83315  -45.764  5.932  -24.230 0.0000000000
83322  -44.600  5.244  -25.774 0.0000000000
83323  -45.012  5.820  -25.502 0.0000000000
83329  -44.419  5.771  -26.564 0.0000000000
83330  -44.731  5.838  -25.995 0.0000000000
83337  -43.752  5.746  -27.785 0.0000000000
83338  -44.138  5.842  -27.187 0.0000000000
83344  -43.271  5.867  -28.695 0.0000000000
83351  -42.752  5.913  -29.592 0.0000000000
83352  -43.027  5.950  -29.164 0.0000000000
83368  -38.644  5.298  -30.972 0.0000000000
83369  -41.707  5.373  -30.522 0.0000000000
83370  -42.182  5.681  -30.241 0.0000000000
83382  -38.866  5.644  -31.321 0.0000000000
83383  -39.736  5.601  -31.429 0.0000000000
83384  -40.562  5.573  -31.353 0.0000000000
83385  -41.372  5.553  -31.014 0.0000000000
83386  -41.856  5.726  -30.733 0.0000000000
84386  -49.412  6.356  -18.442 0.0000000000
84393  -49.831  6.344  -19.670 0.0000000000
84400  -49.634  6.384  -20.680 0.0000000000
84401  -55.000  6.301  -21.186 0.0000000000
84402  -55.740  6.613  -20.912 0.0000000000
84403  -56.694  6.379  -20.401 0.0000000000
84404  -57.325  6.457  -20.218 0.0000000000
84407  -48.723  6.623  -21.741 0.0000000000
84408  -49.222  6.332  -21.278 0.0000000000
84409  -53.912  6.350  -21.969 0.0000000000
84410  -54.594  6.736  -21.699 0.0000000000
84411  -55.216  6.833  -21.347 0.0000000000
84414  -47.700  6.770  -22.666 0.0000000000
84415  -48.147  6.535  -22.120 0.0000000000
84418  -53.517  6.706  -22.366 0.0000000000
84419  -54.102  6.842  -22.130 0.0000000000
84422  -46.712  6.849  -23.646 0.0000000000
84423  -47.184  6.608  -23.132 0.0000000000
84428  -45.717  6.302  -24.655 0.0000000000
84429  -46.078  6.663  -24.294 0.0000000000
84435  -45.560  6.572  -25.278 0.0000000000
84436  -45.838  6.701  -24.812 0.0000000000
84442  -44.620  6.389  -26.712 0.0000000000
84443  -44.979  6.474  -26.189 0.0000000000
84450  -44.003  6.451  -27.880 0.0000000000
84451  -44.375  6.596  -27.341 0.0000000000
84452  -44.747  6.700  -26.765 0.0000000000
84459  -43.813  6.667  -28.436 0.0000000000
84460  -44.121  6.775  -27.970 0.0000000000
84473  -42.961  6.363  -29.763 0.0000000000
84474  -43.271  6.501  -29.352 0.0000000000
85490  -50.508  7.399  -16.999 0.0000000000
85502  -50.172  7.440  -17.560 0.0000000000
85503  -50.978  8.187  -17.592 0.0000000000
85504  -51.863  8.239  -17.248 0.0000000000
85511  -50.035  7.264  -18.356 0.0000000000
85512  -50.620  8.032  -18.374 0.0000000000
85513  -58.635  7.914  -18.945 0.0000000000
85519  -50.137  7.096  -19.289 0.0000000000
85520  -50.500  7.830  -19.212 0.0000000000
85521  -58.065  6.991  -20.103 0.0000000000
85522  -58.342  7.339  -19.638 0.0000000000
85526  -50.108  7.388  -20.463 0.0000000000
85527  -50.396  7.630  -19.806 0.0000000000
85528  -56.165  7.283  -21.195 0.0000000000
85529  -56.682  7.122  -20.907 0.0000000000
85530  -57.660  7.154  -20.607 0.0000000000
85531  -58.209  7.315  -20.267 0.0000000000
85534  -48.841  7.180  -21.889 0.0000000000
85535  -49.361  7.191  -21.481 0.0000000000
85536  -54.892  7.472  -21.961 0.0000000000
85537  -55.619  7.631  -21.670 0.0000000000
85538  -56.669  7.716  -21.335 0.0000000000
85539  -57.190  7.501  -21.077 0.0000000000
85542  -47.808  7.377  -22.785 0.0000000000
85543  -48.379  7.448  -22.359 0.0000000000
85544  -48.957  7.437  -21.990 0.0000000000
85546  -53.467  7.422  -22.856 0.0000000000
85547  -54.384  7.625  -22.455 0.0000000000
85548  -55.046  7.855  -22.103 0.0000000000
85552  -46.884  7.482  -23.740 0.0000000000
85553  -47.347  7.602  -23.290 0.0000000000
85554  -47.868  7.676  -22.838 0.0000000000
85557  -53.416  7.976  -23.289 0.0000000000
85558  -53.917  7.814  -23.024 0.0000000000
85562  -46.575  7.667  -24.244 0.0000000000
85563  -46.932  7.783  -23.788 0.0000000000
85570  -45.735  7.078  -25.387 0.0000000000
85571  -45.988  7.260  -25.044 0.0000000000
85578  -45.644  7.397  -25.823 0.0000000000
85579  -46.011  7.817  -25.423 0.0000000000
85587  -44.659  7.546  -27.510 0.0000000000
85588  -45.011  7.343  -26.801 0.0000000000
86589  -51.336  8.730  -18.049 0.0000000000
86590  -51.715  8.785  -17.832 0.0000000000
86591  -52.613  9.026  -17.700 0.0000000000
86592  -53.715  8.793  -17.144 0.0000000000
86597  -58.964  9.300  -18.097 0.0000000000
86601  -51.149  8.669  -18.420 0.0000000000
86602  -51.728  9.176  -18.508 0.0000000000
86603  -52.110  9.189  -18.134 0.0000000000
86604  -58.934  8.790  -18.714 0.0000000000
86605  -58.992  9.122  -18.281 0.0000000000
86611  -51.066  8.735  -19.334 0.0000000000
86612  -51.424  9.046  -18.897 0.0000000000
86613  -58.776  8.413  -19.605 0.0000000000
86618  -50.249  8.123  -20.798 0.0000000000
86619  -50.573  8.304  -20.291 0.0000000000
86620  -58.115  7.750  -20.985 0.0000000000
86621  -58.472  7.969  -20.519 0.0000000000
86624  -49.945  8.313  -21.425 0.0000000000
86625  -50.374  8.475  -20.991 0.0000000000
86626  -55.926  8.455  -21.981 0.0000000000
86627  -56.693  8.607  -21.878 0.0000000000
86628  -57.659  8.087  -21.338 0.0000000000
86629  -58.256  8.114  -21.082 0.0000000000
86633  -48.708  8.578  -22.585 0.0000000000
86634  -49.203  7.988  -22.108 0.0000000000
86635  -54.696  8.367  -22.739 0.0000000000
86636  -55.395  8.606  -22.460 0.0000000000
86637  -56.129  8.805  -22.162 0.0000000000
86641  -47.597  8.783  -23.564 0.0000000000
86642  -48.013  8.259  -22.941 0.0000000000
86644  -53.357  8.764  -23.853 0.0000000000
86645  -54.233  8.489  -23.205 0.0000000000
86646  -54.843  8.689  -22.931 0.0000000000
86649  -46.761  8.684  -24.580 0.0000000000
86650  -47.041  8.332  -23.954 0.0000000000
86656  -46.336  8.197  -25.044 0.0000000000
86663  -45.567  8.303  -26.529 0.0000000000
86664  -46.028  8.409  -25.741 0.0000000000
87705  -53.021  9.525  -18.125 0.0000000000
87706  -53.512  9.526  -17.822 0.0000000000
87707  -54.444  9.923  -17.621 0.0000000000
87708  -55.426  9.806  -17.274 0.0000000000
87712  -58.763  9.589  -17.878 0.0000000000
87715  -52.003  9.646  -18.868 0.0000000000
87716  -52.565  9.740  -18.604 0.0000000000
87717  -53.451  9.943  -18.311 0.0000000000
87718  -53.930  9.996  -18.043 0.0000000000
87719  -58.973  9.373  -18.989 0.0000000000
87720  -58.902  9.608  -18.554 0.0000000000
87724  -51.325  9.318  -19.861 0.0000000000
87725  -51.712  9.716  -19.425 0.0000000000
87726  -52.163  9.903  -19.068 0.0000000000
87727  -58.959  9.235  -19.434 0.0000000000
87728  -58.951  9.789  -19.252 0.0000000000
87733  -51.061  9.121  -20.359 0.0000000000
87734  -51.373  9.766  -20.357 0.0000000000
87735  -58.896  9.333  -20.280 0.0000000000
87736  -58.990  9.656  -19.693 0.0000000000
87740  -49.980  9.040  -21.708 0.0000000000
87741  -50.531  9.259  -21.299 0.0000000000
87742  -51.086  9.595  -20.855 0.0000000000
87743  -57.121  9.261  -22.184 0.0000000000
87744  -57.836  9.360  -21.987 0.0000000000
87745  -58.423  8.804  -21.167 0.0000000000
87749  -48.864  9.206  -22.674 0.0000000000
87750  -49.459  9.161  -22.218 0.0000000000
87751  -50.000  9.406  -21.841 0.0000000000
87752  -55.871  9.703  -23.018 0.0000000000
87753  -56.573  9.435  -22.459 0.0000000000
87754  -57.312  9.642  -22.347 0.0000000000
87757  -47.727  9.658  -23.724 0.0000000000
87758  -48.346  9.392  -23.124 0.0000000000
87759  -48.975  9.654  -22.741 0.0000000000
87760  -53.585  9.254  -24.108 0.0000000000
87761  -54.154  9.460  -23.953 0.0000000000
87762  -55.050  9.306  -23.323 0.0000000000
87765  -46.823  9.151  -24.694 0.0000000000
87766  -47.168  9.412  -24.334 0.0000000000
87769  -54.051  9.971  -24.432 0.0000000000
87773  -46.597  9.323  -25.209 0.0000000000
87774  -46.958  10.025  -24.818 0.0000000000
87782  -45.505  8.913  -26.912 0.0000000000
87783  -45.999  9.388  -26.386 0.0000000000
88815  -54.762  10.628  -17.860 0.0000000000
88816  -55.357  10.700  -17.658 0.0000000000
88817  -56.119  10.477  -17.457 0.0000000000
88818  -56.987  10.466  -17.454 0.0000000000
88819  -57.971  10.460  -17.718 0.0000000000
88820  -58.432  9.949  -17.734 0.0000000000
88823  -52.909  10.319  -19.052 0.0000000000
88824  -53.391  10.375  -18.790 0.0000000000
88825  -54.282  10.695  -18.325 0.0000000000
88826  -55.022  11.088  -17.977 0.0000000000
88827  -58.355  10.911  -18.490 0.0000000000
88828  -58.598  10.222  -18.202 0.0000000000
88832  -52.005  10.447  -19.795 0.0000000000
88833  -52.501  10.484  -19.477 0.0000000000
88834  -53.248  10.767  -19.280 0.0000000000
88835  -53.885  10.977  -19.020 0.0000000000
88836  -58.520  11.142  -18.996 0.0000000000
88837  -58.780  10.529  -19.050 0.0000000000
88842  -51.784  10.544  -20.382 0.0000000000
88843  -52.243  10.832  -20.105 0.0000000000
88844  -59.072  10.315  -20.410 0.0000000000
88845  -59.035  10.185  -19.751 0.0000000000
88849  -50.579  10.104  -21.637 0.0000000000
88850  -51.134  10.340  -21.228 0.0000000000
88851  -58.344  10.206  -22.128 0.0000000000
88852  -58.829  10.158  -21.347 0.0000000000
88855  -49.380  10.090  -22.597 0.0000000000
88856  -50.038  10.141  -22.080 0.0000000000
88857  -50.582  10.671  -21.831 0.0000000000
88858  -56.045  10.108  -23.264 0.0000000000
88859  -56.459  10.189  -23.073 0.0000000000
88860  -57.612  10.514  -22.671 0.0000000000
88861  -58.716  10.917  -22.189 0.0000000000
88865  -47.581  10.079  -24.025 0.0000000000
88866  -48.127  10.542  -23.699 0.0000000000
88867  -48.899  10.351  -23.101 0.0000000000
88868  -54.962  9.887  -23.862 0.0000000000
88869  -55.784  10.434  -23.662 0.0000000000
88870  -56.818  10.893  -23.336 0.0000000000
88871  -57.368  11.206  -23.182 0.0000000000
88876  -47.529  10.600  -24.512 0.0000000000
88877  -47.992  11.118  -24.149 0.0000000000
88878  -53.988  10.500  -24.798 0.0000000000
88879  -54.761  10.460  -24.335 0.0000000000
88880  -55.397  10.980  -24.231 0.0000000000
88886  -46.506  9.965  -25.900 0.0000000000
88887  -46.987  10.568  -25.502 0.0000000000
88895  -46.483  10.556  -26.539 0.0000000000
88896  -47.030  11.057  -26.187 0.0000000000
89771  -55.965  11.041  -17.688 0.0000000000
89772  -56.542  11.153  -17.746 0.0000000000
89773  -57.346  11.194  -17.933 0.0000000000
89774  -57.908  11.238  -18.263 0.0000000000
89778  -54.995  11.496  -18.310 0.0000000000
89779  -55.834  11.708  -18.031 0.0000000000
89780  -56.895  11.830  -18.088 0.0000000000
89781  -57.603  11.787  -18.418 0.0000000000
89782  -58.194  11.617  -18.852 0.0000000000
89786  -53.129  11.156  -19.744 0.0000000000
89787  -53.747  11.393  -19.517 0.0000000000
89788  -54.650  11.839  -19.019 0.0000000000
89789  -55.320  11.934  -18.476 0.0000000000
89790  -58.780  11.367  -19.592 0.0000000000
89791  -58.936  10.743  -19.593 0.0000000000
89797  -52.193  11.217  -20.587 0.0000000000
89798  -52.760  11.464  -20.303 0.0000000000
89799  -53.440  11.780  -20.047 0.0000000000
89800  -54.069  12.020  -19.806 0.0000000000
89801  -59.130  11.105  -20.550 0.0000000000
89802  -59.079  10.770  -19.971 0.0000000000
89808  -51.742  11.468  -21.193 0.0000000000
89809  -52.362  11.836  -20.884 0.0000000000
89810  -59.061  11.499  -21.452 0.0000000000
89815  -49.618  11.060  -22.867 0.0000000000
89816  -50.249  11.279  -22.305 0.0000000000
89817  -50.953  11.436  -21.855 0.0000000000
89818  -58.439  11.621  -22.589 0.0000000000
89819  -58.914  11.777  -22.154 0.0000000000
89825  -48.476  11.534  -23.975 0.0000000000
89826  -48.964  11.314  -23.497 0.0000000000
89827  -56.434  11.317  -23.734 0.0000000000
89828  -57.061  11.741  -23.483 0.0000000000
89829  -57.786  11.706  -23.057 0.0000000000
89833  -47.568  11.283  -25.139 0.0000000000
89834  -48.089  11.655  -24.615 0.0000000000
89835  -54.513  11.104  -24.846 0.0000000000
89836  -55.124  11.462  -24.664 0.0000000000
89837  -55.880  11.586  -24.193 0.0000000000
89838  -56.512  11.947  -23.886 0.0000000000
89842  -47.450  11.626  -25.889 0.0000000000
89843  -47.890  11.934  -25.300 0.0000000000
89846  -54.658  11.711  -25.021 0.0000000000
90715  -56.056  12.247  -18.306 0.0000000000
90716  -56.491  12.315  -18.371 0.0000000000
90717  -57.270  12.340  -18.628 0.0000000000
90718  -57.826  12.212  -18.903 0.0000000000
90722  -55.131  12.786  -19.267 0.0000000000
90723  -55.845  12.564  -18.694 0.0000000000
90724  -56.922  12.908  -18.780 0.0000000000
90725  -57.695  12.862  -19.236 0.0000000000
90726  -58.322  12.289  -19.436 0.0000000000
90730  -53.222  12.090  -20.428 0.0000000000
90731  -53.788  12.603  -20.408 0.0000000000
90732  -54.550  12.683  -19.764 0.0000000000
90733  -58.234  12.911  -19.857 0.0000000000
90734  -58.822  12.338  -20.430 0.0000000000
90737  -52.110  12.526  -21.304 0.0000000000
90738  -52.944  12.547  -20.881 0.0000000000
90739  -53.482  13.007  -20.844 0.0000000000
90740  -58.394  13.195  -22.091 0.0000000000
90741  -58.739  12.608  -21.712 0.0000000000
90744  -49.947  11.830  -22.727 0.0000000000
90745  -50.530  12.415  -22.535 0.0000000000
90746  -51.407  12.442  -21.834 0.0000000000
90747  -58.234  12.633  -22.631 0.0000000000
90748  -58.689  12.168  -22.327 0.0000000000
90753  -48.948  11.972  -23.750 0.0000000000
90754  -49.567  12.463  -23.324 0.0000000000
90755  -50.225  12.988  -23.001 0.0000000000
90756  -56.832  12.556  -23.759 0.0000000000
90757  -57.492  12.553  -23.342 0.0000000000
90762  -48.836  12.541  -24.225 0.0000000000
90763  -49.276  13.061  -23.891 0.0000000000
90764  -55.003  12.034  -24.971 0.0000000000
90765  -55.488  12.489  -24.749 0.0000000000
90766  -56.243  12.531  -24.205 0.0000000000
90771  -47.966  12.544  -25.812 0.0000000000
90772  -48.364  12.592  -25.102 0.0000000000
90776  -55.219  13.005  -25.102 0.0000000000
91651  -55.036  13.294  -19.685 0.0000000000
91652  -55.705  13.378  -19.369 0.0000000000
91653  -56.644  13.412  -19.231 0.0000000000
91654  -57.274  13.274  -19.286 0.0000000000
91657  -53.862  13.340  -20.768 0.0000000000
91658  -54.578  13.573  -20.324 0.0000000000
91659  -55.384  13.859  -19.910 0.0000000000
91660  -56.314  14.025  -19.765 0.0000000000
91661  -57.681  13.711  -20.027 0.0000000000
91662  -58.363  13.080  -20.267 0.0000000000
91665  -51.813  13.390  -21.703 0.0000000000
91666  -52.486  13.380  -21.359 0.0000000000
91667  -53.305  13.603  -21.098 0.0000000000
91668  -54.029  13.996  -20.836 0.0000000000
91669  -58.199  13.728  -21.439 0.0000000000
91670  -58.489  13.172  -20.770 0.0000000000
91673  -50.686  13.462  -22.807 0.0000000000
91674  -51.232  13.376  -22.281 0.0000000000
91675  -57.962  13.669  -22.409 0.0000000000
91678  -49.592  13.642  -23.774 0.0000000000
91679  -50.139  13.596  -23.258 0.0000000000
91680  -57.038  13.266  -23.653 0.0000000000
91681  -57.554  13.420  -23.137 0.0000000000
91684  -48.850  13.451  -24.917 0.0000000000
91685  -49.230  13.541  -24.329 0.0000000000
91686  -56.055  13.318  -24.522 0.0000000000
91687  -56.588  13.269  -24.104 0.0000000000
91694  -55.599  13.450  -24.950 0.0000000000
92667  -55.120  14.145  -20.323 0.0000000000
92668  -55.705  14.439  -20.297 0.0000000000
92669  -56.702  14.535  -20.470 0.0000000000
92670  -57.525  14.486  -20.975 0.0000000000
92673  -52.130  13.933  -21.576 0.0000000000
92674  -52.690  14.238  -21.480 0.0000000000
92675  -53.673  14.714  -21.304 0.0000000000
92676  -54.813  14.676  -20.784 0.0000000000
92677  -55.938  15.077  -20.853 0.0000000000
92678  -56.870  15.063  -21.243 0.0000000000
92679  -57.497  14.609  -21.992 0.0000000000
92682  -51.104  13.971  -22.543 0.0000000000
92683  -51.785  14.569  -22.129 0.0000000000
92684  -52.958  15.081  -21.697 0.0000000000
92685  -53.504  15.233  -21.569 0.0000000000
92686  -57.362  14.333  -22.980 0.0000000000
92689  -50.028  14.539  -23.600 0.0000000000
92690  -50.798  14.444  -22.991 0.0000000000
92691  -51.287  15.285  -22.924 0.0000000000
92692  -56.776  13.709  -23.995 0.0000000000
92693  -56.961  14.098  -23.721 0.0000000000
92699  -55.994  13.850  -24.813 0.0000000000
92700  -56.469  14.185  -24.530 0.0000000000
92701  -56.794  14.824  -24.235 0.0000000000
92709  -55.696  14.411  -25.184 0.0000000000
92710  -56.202  14.861  -24.995 0.0000000000
93671  -53.785  15.319  -21.526 0.0000000000
93672  -54.351  15.512  -21.484 0.0000000000
93673  -55.310  15.615  -21.390 0.0000000000
93674  -56.204  15.470  -21.608 0.0000000000
93675  -56.838  15.277  -21.988 0.0000000000
93679  -51.873  15.800  -22.694 0.0000000000
93680  -52.672  15.762  -22.259 0.0000000000
93681  -53.640  15.746  -21.859 0.0000000000
93682  -54.206  15.957  -21.807 0.0000000000
93683  -55.794  15.801  -22.038 0.0000000000
93684  -56.345  15.556  -22.347 0.0000000000
93685  -56.937  15.207  -22.759 0.0000000000
93692  -56.937  15.051  -23.649 0.0000000000
93698  -56.413  15.334  -24.748 0.0000000000
93699  -56.650  15.429  -24.247 0.0000000000
94733  -54.561  16.057  -21.789 0.0000000000
94734  -54.842  15.924  -21.608 0.0000000000
94740  -53.369  16.600  -22.421 0.0000000000
94741  -54.257  16.493  -22.124 0.0000000000
94742  -55.160  16.284  -22.097 0.0000000000
94743  -55.881  16.045  -22.837 0.0000000000
94744  -56.433  15.614  -22.821 0.0000000000
94751  -56.078  16.210  -23.714 0.0000000000
94752  -56.505  15.653  -23.311 0.0000000000
94758  -56.214  16.112  -24.409 0.0000000000
94759  -56.542  15.726  -23.912 0.0000000000
94768  -55.975  16.268  -25.079 0.0000000000
95816  -53.195  17.518  -22.884 0.0000000000
95817  -54.010  17.294  -22.662 0.0000000000
95818  -54.889  17.122  -22.795 0.0000000000
95819  -55.412  16.642  -22.758 0.0000000000
95827  -55.142  17.484  -23.289 0.0000000000
95828  -55.581  17.017  -23.393 0.0000000000
95835  -55.885  16.872  -24.136 0.0000000000
95842  -55.896  16.952  -24.743 0.0000000000
96839  -53.839  17.972  -23.031 0.0000000000
96840  -54.494  17.807  -23.130 0.0000000000
96841  -54.910  17.647  -23.235 0.0000000000
96847  -54.120  18.494  -23.532 0.0000000000
96848  -55.079  18.080  -23.785 0.0000000000
96849  -55.629  17.417  -23.944 0.0000000000
96857  -55.221  18.262  -24.750 0.0000000000
96858  -55.632  17.571  -24.400 0.0000000000
96866  -55.608  17.648  -24.954 0.0000000000
97931  -54.271  18.973  -24.183 0.0000000000
97932  -54.612  18.868  -24.628 0.0000000000
