#!ascii label  , from subject cvs_avg35_inMNI152 vox2ras=TkReg
527
5264  -15.231  -72.239  18.402 0.0000000000
5270  -15.724  -72.381  17.835 0.0000000000
5271  -16.322  -72.285  17.375 0.0000000000
5275  -15.783  -72.755  17.066 0.0000000000
5276  -16.734  -72.446  16.747 0.0000000000
5277  -17.650  -72.311  16.284 0.0000000000
5278  -18.372  -72.162  15.903 0.0000000000
5281  -15.977  -72.907  16.217 0.0000000000
5282  -16.883  -72.787  15.761 0.0000000000
5283  -17.883  -72.537  15.429 0.0000000000
5284  -18.914  -72.330  15.241 0.0000000000
5285  -19.661  -72.247  14.831 0.0000000000
5290  -17.135  -72.761  14.686 0.0000000000
5291  -18.270  -72.635  14.514 0.0000000000
5292  -19.280  -72.605  14.378 0.0000000000
5293  -20.245  -72.418  14.306 0.0000000000
5294  -21.144  -72.228  14.017 0.0000000000
5295  -21.706  -72.020  13.720 0.0000000000
5300  -17.638  -72.694  13.624 0.0000000000
5301  -18.759  -72.766  13.582 0.0000000000
5302  -19.792  -72.779  13.571 0.0000000000
5303  -20.722  -72.627  13.507 0.0000000000
5304  -21.484  -72.346  13.356 0.0000000000
5305  -22.123  -72.037  13.266 0.0000000000
5306  -22.445  -71.884  12.992 0.0000000000
5318  -17.065  -72.567  12.592 0.0000000000
5319  -18.237  -72.688  12.600 0.0000000000
5320  -19.364  -72.750  12.675 0.0000000000
5321  -20.372  -72.756  12.784 0.0000000000
5322  -21.236  -72.610  12.833 0.0000000000
5323  -21.992  -72.287  12.781 0.0000000000
5324  -22.292  -72.048  12.872 0.0000000000
5334  -17.718  -72.512  11.581 0.0000000000
5335  -18.977  -72.472  11.559 0.0000000000
5336  -20.086  -72.470  11.939 0.0000000000
5337  -21.006  -72.420  12.168 0.0000000000
5338  -21.656  -72.341  12.338 0.0000000000
5344  -18.251  -72.215  10.535 0.0000000000
5801  -8.769  -71.208  19.372 0.0000000000
5802  -9.112  -71.086  19.564 0.0000000000
5803  -9.850  -71.236  19.539 0.0000000000
5807  -13.604  -71.500  19.491 0.0000000000
5808  -8.551  -71.297  19.118 0.0000000000
5809  -9.129  -71.399  19.048 0.0000000000
5814  -14.169  -71.763  19.253 0.0000000000
5815  -15.010  -71.692  18.851 0.0000000000
5816  -8.602  -71.296  18.543 0.0000000000
5820  -15.732  -71.636  18.380 0.0000000000
5821  -16.415  -71.675  17.801 0.0000000000
5822  -16.905  -71.383  17.390 0.0000000000
5825  -16.833  -71.951  17.316 0.0000000000
5826  -17.393  -71.592  16.919 0.0000000000
5827  -18.170  -71.515  16.318 0.0000000000
5829  -18.846  -71.520  15.718 0.0000000000
5830  -19.640  -71.580  15.200 0.0000000000
5831  -20.311  -71.411  14.940 0.0000000000
5833  -20.158  -71.948  14.829 0.0000000000
5834  -20.823  -71.712  14.622 0.0000000000
5835  -21.668  -71.539  14.221 0.0000000000
5836  -22.314  -71.235  13.993 0.0000000000
5841  -22.108  -71.712  13.720 0.0000000000
5842  -22.609  -71.408  13.295 0.0000000000
5843  -23.025  -71.172  12.676 0.0000000000
5852  -22.195  -72.106  12.187 0.0000000000
5853  -22.653  -71.791  12.513 0.0000000000
5854  -23.106  -71.284  12.148 0.0000000000
5863  -19.224  -71.955  10.676 0.0000000000
5864  -19.934  -71.921  11.131 0.0000000000
5865  -20.846  -71.910  11.449 0.0000000000
5866  -21.772  -71.937  11.690 0.0000000000
5867  -22.609  -71.629  11.683 0.0000000000
5868  -22.990  -71.526  11.913 0.0000000000
5875  -18.969  -71.436  9.973 0.0000000000
5876  -19.791  -71.253  10.471 0.0000000000
5877  -20.675  -71.263  10.760 0.0000000000
5878  -21.601  -71.327  10.947 0.0000000000
5879  -22.289  -71.386  11.159 0.0000000000
6375  -8.088  -70.051  20.151 0.0000000000
6376  -8.919  -70.102  20.084 0.0000000000
6377  -9.350  -70.018  19.969 0.0000000000
6378  -7.074  -70.041  19.778 0.0000000000
6379  -7.505  -70.347  19.753 0.0000000000
6380  -8.383  -70.875  19.687 0.0000000000
6381  -9.498  -70.503  19.861 0.0000000000
6382  -10.547  -70.644  19.701 0.0000000000
6383  -11.483  -70.845  19.638 0.0000000000
6384  -12.176  -70.798  19.632 0.0000000000
6385  -12.725  -71.116  19.671 0.0000000000
6386  -13.282  -71.139  19.544 0.0000000000
6387  -6.985  -70.208  19.411 0.0000000000
6388  -7.295  -70.741  19.055 0.0000000000
6389  -8.003  -71.189  18.745 0.0000000000
6390  -12.561  -70.645  19.456 0.0000000000
6391  -12.999  -70.595  19.342 0.0000000000
6392  -13.832  -70.770  19.175 0.0000000000
6393  -14.626  -71.083  19.032 0.0000000000
6394  -7.447  -70.715  18.284 0.0000000000
6395  -8.096  -70.912  17.790 0.0000000000
6397  -14.521  -70.452  18.767 0.0000000000
6398  -15.279  -70.752  18.650 0.0000000000
6399  -16.194  -70.734  18.168 0.0000000000
6400  -16.689  -70.958  17.670 0.0000000000
6401  -8.361  -70.553  16.991 0.0000000000
6404  -16.621  -70.361  17.674 0.0000000000
6405  -17.119  -70.590  17.272 0.0000000000
6406  -17.825  -70.556  16.660 0.0000000000
6409  -18.592  -70.609  16.076 0.0000000000
6410  -19.326  -70.646  15.541 0.0000000000
6411  -20.195  -70.616  15.190 0.0000000000
6412  -21.001  -70.363  15.145 0.0000000000
6413  -21.632  -70.252  15.072 0.0000000000
6415  -20.741  -71.031  14.931 0.0000000000
6416  -21.344  -70.943  14.775 0.0000000000
6417  -22.142  -70.574  14.552 0.0000000000
6423  -22.752  -70.572  13.904 0.0000000000
6424  -23.117  -70.424  13.138 0.0000000000
6430  -23.241  -70.612  12.231 0.0000000000
6437  -22.782  -71.186  11.065 0.0000000000
6438  -23.150  -70.970  11.443 0.0000000000
6450  -18.972  -70.784  9.502 0.0000000000
6451  -19.619  -70.503  9.791 0.0000000000
6452  -20.462  -70.626  10.226 0.0000000000
6453  -21.424  -70.574  10.270 0.0000000000
6454  -22.442  -70.711  10.479 0.0000000000
6455  -23.000  -70.848  10.794 0.0000000000
6467  -19.122  -70.324  9.407 0.0000000000
6468  -21.816  -70.262  9.881 0.0000000000
6469  -22.054  -70.397  10.067 0.0000000000
7026  -14.443  -68.212  22.150 0.0000000000
7027  -14.878  -68.245  22.208 0.0000000000
7028  -15.638  -68.375  22.456 0.0000000000
7032  -10.170  -68.350  21.253 0.0000000000
7033  -11.023  -68.438  21.153 0.0000000000
7034  -12.122  -68.345  21.268 0.0000000000
7035  -13.141  -68.316  21.433 0.0000000000
7036  -14.232  -68.373  21.778 0.0000000000
7037  -15.229  -68.551  21.874 0.0000000000
7038  -16.135  -68.747  22.003 0.0000000000
7039  -17.099  -69.068  22.106 0.0000000000
7043  -8.406  -68.954  20.681 0.0000000000
7044  -9.156  -69.026  20.864 0.0000000000
7045  -10.092  -68.734  20.789 0.0000000000
7046  -11.032  -68.724  20.524 0.0000000000
7047  -11.878  -68.591  20.696 0.0000000000
7048  -12.793  -68.510  20.891 0.0000000000
7049  -13.833  -68.526  20.861 0.0000000000
7050  -14.868  -68.581  21.211 0.0000000000
7051  -15.737  -68.707  21.317 0.0000000000
7052  -16.667  -68.914  21.076 0.0000000000
7053  -17.747  -69.261  21.243 0.0000000000
7054  -18.726  -69.387  21.407 0.0000000000
7057  -7.069  -69.116  20.231 0.0000000000
7058  -7.822  -69.380  20.412 0.0000000000
7059  -8.634  -69.534  20.432 0.0000000000
7060  -9.528  -69.523  20.202 0.0000000000
7061  -10.586  -69.138  19.992 0.0000000000
7062  -11.746  -68.845  19.775 0.0000000000
7063  -12.632  -68.594  20.218 0.0000000000
7064  -13.204  -68.540  20.505 0.0000000000
7065  -16.838  -68.867  20.429 0.0000000000
7066  -17.442  -68.981  20.218 0.0000000000
7067  -18.466  -69.252  20.395 0.0000000000
7068  -19.350  -69.183  20.565 0.0000000000
7069  -19.717  -68.646  20.683 0.0000000000
7070  -6.740  -69.595  19.576 0.0000000000
7071  -7.317  -69.815  20.086 0.0000000000
7072  -9.613  -69.985  19.918 0.0000000000
7073  -10.171  -69.920  19.795 0.0000000000
7074  -11.427  -69.791  19.424 0.0000000000
7075  -11.830  -70.380  19.436 0.0000000000
7076  -17.580  -68.906  19.571 0.0000000000
7077  -18.131  -69.035  19.329 0.0000000000
7078  -19.141  -69.123  19.514 0.0000000000
7079  -20.051  -68.978  19.603 0.0000000000
7080  -20.486  -68.595  19.220 0.0000000000
7081  -6.712  -69.998  18.736 0.0000000000
7082  -7.048  -70.412  18.407 0.0000000000
7083  -11.918  -69.743  19.228 0.0000000000
7084  -12.287  -70.065  19.215 0.0000000000
7085  -13.146  -69.965  18.893 0.0000000000
7086  -13.965  -69.879  18.623 0.0000000000
7087  -18.159  -69.078  18.549 0.0000000000
7088  -18.760  -69.071  18.541 0.0000000000
7089  -19.690  -69.052  18.525 0.0000000000
7090  -20.575  -68.823  18.447 0.0000000000
7091  -6.546  -69.508  18.286 0.0000000000
7092  -6.982  -70.018  17.764 0.0000000000
7093  -7.719  -70.202  17.136 0.0000000000
7094  -14.784  -69.882  18.435 0.0000000000
7095  -15.587  -69.946  18.277 0.0000000000
7096  -16.308  -69.859  18.001 0.0000000000
7097  -17.658  -69.307  17.644 0.0000000000
7098  -18.046  -69.202  17.827 0.0000000000
7099  -19.098  -69.073  17.547 0.0000000000
7100  -20.043  -68.972  17.435 0.0000000000
7101  -20.826  -68.731  17.237 0.0000000000
7102  -7.285  -69.599  16.965 0.0000000000
7103  -8.009  -69.803  16.372 0.0000000000
7105  -16.832  -69.768  17.509 0.0000000000
7106  -17.518  -69.588  17.309 0.0000000000
7107  -18.425  -69.544  16.657 0.0000000000
7108  -19.462  -69.248  16.528 0.0000000000
7109  -20.338  -69.109  16.388 0.0000000000
7110  -21.205  -69.070  16.265 0.0000000000
7111  -21.823  -69.254  15.946 0.0000000000
7112  -8.302  -69.370  15.611 0.0000000000
7115  -19.076  -69.871  15.957 0.0000000000
7116  -19.814  -69.744  15.706 0.0000000000
7117  -20.663  -69.679  15.593 0.0000000000
7118  -21.428  -69.697  15.544 0.0000000000
7119  -22.193  -69.589  15.269 0.0000000000
7124  -22.842  -69.657  14.413 0.0000000000
7125  -23.119  -69.345  13.887 0.0000000000
7134  -23.057  -69.888  13.777 0.0000000000
7135  -23.186  -69.407  13.353 0.0000000000
7144  -23.320  -69.666  12.483 0.0000000000
7154  -23.351  -69.927  11.527 0.0000000000
7165  -19.918  -69.950  9.568 0.0000000000
7166  -20.417  -70.128  9.786 0.0000000000
7167  -20.905  -70.300  9.988 0.0000000000
7168  -22.855  -70.310  9.997 0.0000000000
7169  -23.205  -70.170  10.485 0.0000000000
7183  -19.344  -69.694  9.187 0.0000000000
7184  -20.315  -69.639  9.327 0.0000000000
7185  -21.282  -69.967  9.598 0.0000000000
7186  -22.348  -70.113  9.634 0.0000000000
7187  -23.075  -69.937  9.631 0.0000000000
7199  -20.330  -69.321  8.957 0.0000000000
7200  -20.889  -69.402  8.919 0.0000000000
7201  -21.892  -69.553  8.843 0.0000000000
7202  -22.888  -69.496  8.883 0.0000000000
7782  -14.141  -68.107  22.109 0.0000000000
7783  -14.562  -67.998  22.298 0.0000000000
7784  -15.214  -67.899  22.469 0.0000000000
7790  -9.387  -68.216  21.292 0.0000000000
7791  -9.858  -68.173  21.382 0.0000000000
7792  -10.563  -68.158  21.453 0.0000000000
7793  -11.480  -68.124  21.483 0.0000000000
7794  -12.457  -68.072  21.600 0.0000000000
7795  -13.454  -68.031  21.904 0.0000000000
7796  -14.121  -67.810  22.055 0.0000000000
7797  -14.699  -67.705  22.169 0.0000000000
7801  -8.375  -68.483  20.602 0.0000000000
7802  -8.913  -68.499  21.033 0.0000000000
7803  -9.571  -68.468  21.170 0.0000000000
7804  -14.179  -68.540  20.307 0.0000000000
7805  -14.725  -68.564  20.515 0.0000000000
7806  -15.514  -68.658  20.717 0.0000000000
7807  -16.055  -68.749  20.865 0.0000000000
7810  -7.152  -68.552  20.117 0.0000000000
7811  -7.736  -68.678  20.367 0.0000000000
7812  -12.239  -68.785  19.227 0.0000000000
7813  -12.688  -68.685  19.460 0.0000000000
7814  -13.599  -68.567  19.907 0.0000000000
7815  -14.581  -68.537  19.841 0.0000000000
7816  -15.418  -68.556  19.989 0.0000000000
7817  -16.327  -68.717  20.264 0.0000000000
7818  -16.917  -68.838  20.107 0.0000000000
7820  -6.721  -68.706  19.602 0.0000000000
7821  -11.960  -69.082  18.991 0.0000000000
7822  -12.649  -68.870  18.884 0.0000000000
7823  -13.450  -68.752  18.993 0.0000000000
7824  -14.359  -68.657  19.113 0.0000000000
7825  -15.246  -68.558  19.201 0.0000000000
7826  -16.133  -68.594  19.331 0.0000000000
7827  -17.068  -68.761  19.481 0.0000000000
7828  -17.618  -68.884  19.234 0.0000000000
7829  -20.138  -68.103  19.824 0.0000000000
7830  -20.888  -68.296  18.925 0.0000000000
7831  -6.416  -69.099  18.840 0.0000000000
7832  -12.043  -69.549  19.117 0.0000000000
7833  -12.542  -69.414  18.870 0.0000000000
7834  -13.308  -69.260  18.655 0.0000000000
7835  -14.264  -69.116  18.485 0.0000000000
7836  -15.098  -68.826  18.551 0.0000000000
7837  -15.936  -68.793  18.602 0.0000000000
7838  -16.792  -68.768  18.568 0.0000000000
7839  -17.624  -68.955  18.578 0.0000000000
7840  -21.233  -68.361  17.980 0.0000000000
7841  -6.400  -68.878  17.934 0.0000000000
7842  -6.801  -69.158  17.230 0.0000000000
7843  -15.102  -69.356  18.339 0.0000000000
7844  -15.786  -69.304  18.305 0.0000000000
7845  -16.593  -69.230  18.003 0.0000000000
7846  -17.383  -69.152  17.843 0.0000000000
7847  -17.689  -69.124  18.056 0.0000000000
7848  -21.542  -68.456  16.978 0.0000000000
7849  -22.064  -68.458  16.565 0.0000000000
7854  -6.594  -68.480  17.214 0.0000000000
7855  -7.035  -68.778  16.493 0.0000000000
7856  -7.660  -69.001  15.810 0.0000000000
7857  -17.147  -69.371  17.594 0.0000000000
7858  -17.380  -69.370  17.568 0.0000000000
7859  -21.811  -68.858  16.391 0.0000000000
7860  -22.343  -68.745  15.965 0.0000000000
7865  -7.306  -68.326  15.795 0.0000000000
7866  -7.978  -68.530  15.092 0.0000000000
7867  -8.874  -68.619  14.612 0.0000000000
7868  -22.830  -68.741  15.062 0.0000000000
7877  -8.501  -67.946  14.572 0.0000000000
7878  -9.382  -68.031  14.053 0.0000000000
7880  -23.080  -68.696  14.004 0.0000000000
7881  -23.154  -69.081  13.713 0.0000000000
7892  -23.149  -68.406  13.325 0.0000000000
7893  -23.177  -68.852  13.460 0.0000000000
7902  -23.168  -68.101  12.963 0.0000000000
7903  -23.274  -68.654  12.744 0.0000000000
7912  -23.409  -68.923  11.822 0.0000000000
7921  -23.477  -69.062  10.809 0.0000000000
7934  -19.957  -69.301  9.033 0.0000000000
7935  -23.424  -69.064  9.612 0.0000000000
7948  -21.247  -68.964  8.272 0.0000000000
7949  -22.335  -68.993  8.089 0.0000000000
7950  -23.318  -68.401  8.267 0.0000000000
7964  -23.113  -67.974  7.496 0.0000000000
8483  -9.557  -67.975  21.473 0.0000000000
8484  -10.126  -67.872  21.541 0.0000000000
8485  -10.935  -67.806  21.534 0.0000000000
8486  -11.841  -67.772  21.507 0.0000000000
8487  -12.754  -67.708  21.600 0.0000000000
8488  -13.602  -67.609  21.698 0.0000000000
8489  -14.378  -67.487  21.807 0.0000000000
8490  -15.241  -67.330  22.071 0.0000000000
8493  -8.605  -68.231  20.758 0.0000000000
8494  -8.913  -67.856  21.114 0.0000000000
8495  -9.633  -67.495  21.379 0.0000000000
8496  -10.410  -67.356  21.386 0.0000000000
8497  -11.282  -67.369  21.279 0.0000000000
8498  -12.177  -67.364  21.246 0.0000000000
8499  -13.056  -67.285  21.298 0.0000000000
8500  -13.921  -67.219  21.336 0.0000000000
8501  -14.713  -67.152  21.448 0.0000000000
8503  -7.495  -68.347  20.137 0.0000000000
8504  -8.008  -67.944  20.321 0.0000000000
8505  -8.637  -67.268  20.520 0.0000000000
8507  -7.084  -68.097  19.851 0.0000000000
8508  -7.351  -67.455  19.466 0.0000000000
8510  -20.682  -67.720  19.180 0.0000000000
8514  -6.497  -67.941  18.847 0.0000000000
8515  -7.063  -67.136  18.745 0.0000000000
8516  -20.707  -67.127  18.976 0.0000000000
8517  -21.161  -67.614  18.443 0.0000000000
8522  -6.376  -67.839  17.674 0.0000000000
8523  -21.676  -67.733  17.562 0.0000000000
8524  -22.106  -68.053  16.971 0.0000000000
8531  -6.591  -67.852  16.885 0.0000000000
8532  -6.883  -67.743  16.259 0.0000000000
8533  -21.931  -67.312  16.779 0.0000000000
8534  -22.375  -67.928  16.349 0.0000000000
8538  -7.311  -67.521  15.592 0.0000000000
8539  -7.853  -67.335  14.855 0.0000000000
8540  -22.140  -66.992  15.818 0.0000000000
8541  -22.538  -67.882  15.500 0.0000000000
8551  -8.626  -67.145  14.480 0.0000000000
8552  -9.224  -66.919  14.129 0.0000000000
8553  -22.328  -67.185  15.040 0.0000000000
8554  -22.673  -67.703  14.477 0.0000000000
8564  -22.915  -67.733  13.376 0.0000000000
8573  -23.104  -67.677  12.340 0.0000000000
8574  -23.291  -68.293  12.057 0.0000000000
8583  -23.161  -67.340  11.684 0.0000000000
8584  -23.362  -67.932  11.314 0.0000000000
8594  -23.576  -68.179  10.256 0.0000000000
8605  -23.675  -67.783  9.316 0.0000000000
8613  -23.718  -67.352  8.440 0.0000000000
8627  -23.485  -67.360  7.543 0.0000000000
9113  -9.154  -67.117  20.970 0.0000000000
9114  -9.831  -66.779  21.088 0.0000000000
9115  -10.746  -66.838  20.943 0.0000000000
9116  -11.649  -66.928  20.835 0.0000000000
9117  -12.540  -66.927  20.819 0.0000000000
9118  -13.438  -66.866  20.805 0.0000000000
9119  -14.401  -66.828  20.861 0.0000000000
9120  -15.527  -66.581  21.316 0.0000000000
9126  -8.134  -67.037  19.831 0.0000000000
9127  -9.092  -66.392  20.222 0.0000000000
9128  -10.230  -66.197  20.559 0.0000000000
9129  -11.158  -66.383  20.405 0.0000000000
9130  -12.061  -66.511  20.318 0.0000000000
9131  -12.927  -66.534  20.283 0.0000000000
9132  -13.857  -66.357  20.104 0.0000000000
9133  -14.877  -66.380  20.344 0.0000000000
9134  -15.487  -65.928  20.386 0.0000000000
9139  -7.641  -66.826  19.073 0.0000000000
9140  -8.282  -66.470  19.278 0.0000000000
9141  -14.045  -65.851  19.726 0.0000000000
9142  -14.597  -65.972  19.811 0.0000000000
9143  -15.115  -66.028  19.965 0.0000000000
9149  -6.560  -67.035  18.099 0.0000000000
9150  -7.421  -66.575  18.330 0.0000000000
9151  -7.852  -66.507  18.774 0.0000000000
9152  -20.846  -66.575  18.210 0.0000000000
9153  -21.306  -67.227  17.909 0.0000000000
9159  -6.450  -67.115  17.174 0.0000000000
9160  -7.027  -66.556  17.500 0.0000000000
9161  -20.974  -66.069  17.204 0.0000000000
9162  -21.400  -66.877  17.363 0.0000000000
9169  -6.635  -67.323  16.658 0.0000000000
9170  -6.953  -66.750  16.447 0.0000000000
9171  -21.004  -65.823  16.677 0.0000000000
9172  -21.408  -66.313  16.413 0.0000000000
9176  -7.527  -66.517  15.531 0.0000000000
9177  -8.067  -66.338  14.793 0.0000000000
9178  -21.589  -66.205  15.491 0.0000000000
9187  -8.762  -66.274  14.397 0.0000000000
9190  -21.909  -66.521  14.917 0.0000000000
9191  -22.276  -66.877  14.455 0.0000000000
9199  -21.870  -66.272  14.078 0.0000000000
9200  -22.409  -66.892  13.732 0.0000000000
9208  -22.048  -66.185  13.269 0.0000000000
9209  -22.527  -66.722  12.704 0.0000000000
9219  -22.864  -66.760  11.802 0.0000000000
9220  -23.222  -67.057  11.254 0.0000000000
9231  -23.050  -66.413  11.076 0.0000000000
9232  -23.488  -66.928  10.348 0.0000000000
9242  -23.775  -66.538  9.156 0.0000000000
9253  -23.916  -66.525  8.031 0.0000000000
9765  -9.427  -65.896  19.714 0.0000000000
9766  -9.877  -65.653  20.026 0.0000000000
9767  -10.747  -65.813  19.981 0.0000000000
9768  -11.632  -65.972  19.851 0.0000000000
9769  -12.546  -66.092  19.837 0.0000000000
9770  -13.170  -66.199  19.901 0.0000000000
9771  -15.830  -65.186  20.278 0.0000000000
9777  -9.037  -66.113  19.217 0.0000000000
9778  -9.820  -65.644  19.285 0.0000000000
9779  -10.462  -65.387  19.546 0.0000000000
9780  -11.243  -65.298  19.544 0.0000000000
9781  -12.213  -65.355  19.570 0.0000000000
9782  -13.349  -65.576  19.630 0.0000000000
9783  -14.323  -65.366  19.543 0.0000000000
9784  -15.184  -65.434  19.744 0.0000000000
9790  -7.736  -66.370  18.198 0.0000000000
9791  -8.184  -66.242  18.455 0.0000000000
9792  -9.284  -65.781  18.385 0.0000000000
9793  -10.026  -65.466  17.973 0.0000000000
9794  -20.463  -65.543  18.776 0.0000000000
9800  -7.682  -66.274  17.867 0.0000000000
9801  -8.352  -65.880  17.663 0.0000000000
9802  -9.202  -65.409  17.433 0.0000000000
9803  -10.137  -65.069  17.273 0.0000000000
9804  -20.600  -65.460  17.777 0.0000000000
9810  -7.601  -66.124  17.085 0.0000000000
9811  -8.283  -65.557  16.763 0.0000000000
9812  -9.198  -65.007  16.410 0.0000000000
9813  -10.223  -64.738  16.529 0.0000000000
9814  -20.720  -65.281  16.810 0.0000000000
9815  -21.006  -65.613  16.304 0.0000000000
9820  -7.581  -65.979  16.271 0.0000000000
9821  -8.140  -65.540  15.641 0.0000000000
9822  -9.000  -65.073  15.286 0.0000000000
9823  -20.802  -65.022  15.980 0.0000000000
9824  -21.208  -65.596  15.678 0.0000000000
9834  -8.513  -65.640  14.814 0.0000000000
9835  -9.168  -65.506  14.473 0.0000000000
9837  -21.044  -64.898  15.226 0.0000000000
9838  -21.414  -65.527  14.689 0.0000000000
9848  -21.572  -65.447  13.528 0.0000000000
9856  -22.003  -65.573  12.363 0.0000000000
9857  -22.477  -66.238  12.085 0.0000000000
9866  -22.202  -65.086  11.246 0.0000000000
9867  -22.551  -65.937  11.480 0.0000000000
9878  -22.420  -64.838  10.718 0.0000000000
9879  -22.995  -65.469  10.443 0.0000000000
9880  -23.556  -66.077  9.901 0.0000000000
9889  -23.250  -65.094  9.912 0.0000000000
9890  -23.551  -65.415  9.540 0.0000000000
9901  -23.946  -65.581  8.545 0.0000000000
10457  -16.095  -64.424  20.340 0.0000000000
10464  -10.317  -65.236  19.227 0.0000000000
10465  -10.729  -64.653  19.209 0.0000000000
10466  -11.756  -64.573  19.329 0.0000000000
10467  -12.774  -64.582  19.389 0.0000000000
10468  -13.816  -64.610  19.299 0.0000000000
10469  -14.816  -64.581  19.311 0.0000000000
10470  -15.588  -64.522  19.748 0.0000000000
10475  -10.199  -65.301  18.735 0.0000000000
10476  -10.755  -64.750  18.179 0.0000000000
10482  -11.209  -64.662  17.126 0.0000000000
10491  -9.792  -64.586  15.720 0.0000000000
10492  -10.756  -64.412  16.052 0.0000000000
10501  -9.618  -64.829  14.810 0.0000000000
10502  -10.313  -64.302  15.086 0.0000000000
10520  -21.116  -64.791  14.669 0.0000000000
10536  -21.111  -64.463  14.014 0.0000000000
10546  -21.393  -64.516  12.906 0.0000000000
10557  -21.667  -64.337  11.854 0.0000000000
10568  -22.050  -64.182  10.866 0.0000000000
10569  -22.573  -64.577  10.384 0.0000000000
10579  -22.381  -63.962  10.204 0.0000000000
10580  -23.071  -64.434  9.693 0.0000000000
10581  -23.737  -64.773  8.968 0.0000000000
10593  -23.532  -63.966  8.806 0.0000000000
10594  -23.937  -64.569  8.026 0.0000000000
11160  -15.933  -63.883  19.888 0.0000000000
11167  -10.817  -63.917  18.725 0.0000000000
11168  -11.346  -63.833  19.162 0.0000000000
11169  -12.229  -63.785  19.199 0.0000000000
11170  -13.272  -63.654  19.103 0.0000000000
11171  -14.288  -63.800  18.988 0.0000000000
11172  -15.426  -63.449  19.220 0.0000000000
11173  -16.005  -63.361  19.838 0.0000000000
11180  -10.936  -64.101  18.295 0.0000000000
11181  -13.852  -63.277  18.822 0.0000000000
11182  -14.443  -63.006  18.691 0.0000000000
11183  -15.085  -62.570  18.757 0.0000000000
11190  -11.177  -64.108  17.892 0.0000000000
11834  -10.738  -63.478  18.674 0.0000000000
11835  -10.964  -63.210  18.912 0.0000000000
11836  -11.741  -63.062  19.057 0.0000000000
11837  -12.560  -63.064  19.005 0.0000000000
11838  -15.592  -62.367  19.167 0.0000000000
11839  -16.157  -62.498  19.907 0.0000000000
11845  -10.974  -63.545  18.329 0.0000000000
11846  -11.566  -62.855  18.351 0.0000000000
11847  -12.301  -62.457  18.543 0.0000000000
11848  -13.396  -62.579  18.640 0.0000000000
11849  -14.434  -62.092  18.598 0.0000000000
11850  -15.196  -61.783  18.855 0.0000000000
11855  -11.414  -63.446  17.904 0.0000000000
12537  -15.829  -61.469  19.381 0.0000000000
12538  -16.250  -61.416  19.988 0.0000000000
12547  -13.731  -61.380  18.500 0.0000000000
12548  -14.627  -61.166  18.730 0.0000000000
12549  -15.287  -61.021  19.030 0.0000000000
13260  -16.149  -60.811  19.758 0.0000000000
13272  -14.964  -60.307  18.887 0.0000000000
