#!ascii label  , from subject cvs_avg35_inMNI152 vox2ras=TkReg
487
62710  36.596  -8.587  -12.554 0.0000000000
62711  35.604  -8.121  -12.706 0.0000000000
62712  34.892  -7.567  -12.538 0.0000000000
62726  37.400  -8.449  -13.331 0.0000000000
62727  36.488  -8.084  -13.627 0.0000000000
62728  35.752  -7.643  -13.563 0.0000000000
62741  38.194  -8.334  -13.913 0.0000000000
62742  37.411  -8.078  -14.354 0.0000000000
62743  36.705  -7.722  -14.453 0.0000000000
62756  38.872  -8.159  -14.297 0.0000000000
62757  38.317  -8.076  -14.772 0.0000000000
62758  37.738  -7.801  -15.121 0.0000000000
63803  34.315  -7.097  -11.995 0.0000000000
63820  35.208  -7.362  -13.212 0.0000000000
63821  34.703  -6.857  -12.897 0.0000000000
63833  36.097  -7.459  -14.239 0.0000000000
63834  35.431  -6.993  -14.004 0.0000000000
63835  34.992  -6.770  -13.527 0.0000000000
63848  37.098  -7.568  -15.062 0.0000000000
63849  36.440  -7.252  -14.948 0.0000000000
63850  35.839  -6.838  -14.796 0.0000000000
63863  39.354  -7.909  -15.127 0.0000000000
63864  38.314  -7.739  -15.624 0.0000000000
63865  37.531  -7.393  -15.727 0.0000000000
63866  36.786  -6.951  -15.686 0.0000000000
63867  36.210  -6.746  -15.364 0.0000000000
63881  39.925  -7.492  -16.049 0.0000000000
63882  38.982  -7.547  -16.266 0.0000000000
63883  37.995  -7.241  -16.506 0.0000000000
63884  37.262  -6.919  -16.296 0.0000000000
63891  40.309  -7.182  -16.594 0.0000000000
63892  39.604  -7.217  -16.883 0.0000000000
63893  38.682  -7.114  -17.117 0.0000000000
63894  37.976  -6.801  -17.249 0.0000000000
64997  34.136  -6.458  -12.008 0.0000000000
65012  34.272  -6.094  -12.541 0.0000000000
65013  34.065  -6.166  -12.002 0.0000000000
65023  35.062  -6.408  -13.965 0.0000000000
65024  34.693  -6.105  -13.516 0.0000000000
65037  35.301  -6.186  -14.613 0.0000000000
65038  34.952  -5.923  -14.161 0.0000000000
65054  36.319  -6.412  -15.833 0.0000000000
65055  35.786  -6.141  -15.475 0.0000000000
65076  40.752  -7.029  -16.596 0.0000000000
65077  37.378  -6.632  -16.964 0.0000000000
65078  36.662  -6.279  -16.542 0.0000000000
65079  36.140  -5.971  -16.129 0.0000000000
65094  41.600  -6.256  -17.559 0.0000000000
65095  40.457  -6.836  -17.355 0.0000000000
65096  39.249  -6.893  -17.764 0.0000000000
65097  38.345  -6.592  -17.799 0.0000000000
65098  37.575  -6.203  -17.700 0.0000000000
65099  36.984  -6.078  -17.302 0.0000000000
65105  40.741  -6.163  -18.334 0.0000000000
65106  39.762  -6.447  -18.373 0.0000000000
65107  38.709  -6.240  -18.534 0.0000000000
65108  37.974  -6.101  -18.291 0.0000000000
65113  40.546  -5.923  -18.834 0.0000000000
65114  40.085  -6.007  -18.912 0.0000000000
65115  39.305  -6.009  -18.987 0.0000000000
66310  34.200  -5.078  -12.514 0.0000000000
66311  34.000  -5.647  -11.944 0.0000000000
66319  34.456  -5.256  -13.255 0.0000000000
66327  35.039  -5.572  -14.558 0.0000000000
66328  34.776  -5.303  -14.106 0.0000000000
66335  35.254  -5.285  -15.217 0.0000000000
66336  34.966  -5.179  -14.663 0.0000000000
66352  36.234  -5.635  -16.584 0.0000000000
66353  35.827  -5.350  -16.154 0.0000000000
66369  37.069  -5.679  -17.751 0.0000000000
66370  36.531  -5.359  -17.309 0.0000000000
66371  36.131  -5.223  -16.734 0.0000000000
66380  38.042  -5.759  -18.774 0.0000000000
66381  37.426  -5.422  -18.422 0.0000000000
66382  36.932  -5.298  -17.955 0.0000000000
66391  39.581  -5.652  -19.494 0.0000000000
66392  38.478  -5.433  -19.390 0.0000000000
66393  37.835  -5.356  -19.002 0.0000000000
66401  39.152  -5.138  -19.938 0.0000000000
67427  34.201  -4.465  -12.442 0.0000000000
67428  34.007  -4.614  -11.833 0.0000000000
67436  34.351  -4.472  -12.968 0.0000000000
67444  34.568  -4.555  -13.782 0.0000000000
67451  35.156  -4.634  -15.377 0.0000000000
67452  34.876  -4.617  -14.727 0.0000000000
67470  35.461  -4.646  -15.975 0.0000000000
67487  36.358  -4.665  -17.553 0.0000000000
67488  35.968  -4.634  -16.905 0.0000000000
67496  37.231  -4.950  -18.676 0.0000000000
67497  36.819  -4.719  -18.283 0.0000000000
67506  38.092  -4.925  -19.677 0.0000000000
67507  37.555  -4.702  -19.278 0.0000000000
67508  36.985  -4.219  -18.896 0.0000000000
67517  39.428  -4.737  -20.422 0.0000000000
67518  38.416  -4.510  -20.204 0.0000000000
67519  37.777  -4.241  -19.950 0.0000000000
67527  39.086  -4.336  -20.728 0.0000000000
68528  34.122  -3.295  -10.159 0.0000000000
68536  34.140  -3.358  -10.975 0.0000000000
68554  34.192  -3.434  -11.665 0.0000000000
68555  33.960  -3.968  -11.316 0.0000000000
68578  34.255  -3.809  -12.370 0.0000000000
68579  34.081  -3.925  -11.828 0.0000000000
68595  34.454  -3.886  -13.319 0.0000000000
68607  34.658  -4.048  -14.176 0.0000000000
68615  35.178  -4.161  -15.529 0.0000000000
68616  34.828  -4.105  -14.774 0.0000000000
68632  35.607  -4.045  -16.614 0.0000000000
68648  36.233  -4.074  -17.714 0.0000000000
68649  35.858  -4.014  -17.172 0.0000000000
68659  36.645  -3.860  -18.552 0.0000000000
68668  37.503  -4.075  -19.796 0.0000000000
68669  37.093  -3.735  -19.461 0.0000000000
68679  38.328  -3.955  -20.626 0.0000000000
68680  37.791  -3.651  -20.435 0.0000000000
68681  37.286  -3.256  -20.037 0.0000000000
68692  38.875  -3.706  -21.184 0.0000000000
68693  38.149  -3.160  -21.167 0.0000000000
68702  39.142  -2.903  -21.934 0.0000000000
69587  34.388  -2.446  -8.914 0.0000000000
69591  34.364  -2.587  -9.848 0.0000000000
69598  34.342  -2.701  -10.694 0.0000000000
69612  34.326  -2.866  -11.349 0.0000000000
69627  34.360  -2.856  -11.936 0.0000000000
69641  34.378  -3.177  -12.704 0.0000000000
69654  35.033  -2.110  -14.408 0.0000000000
69655  34.543  -3.666  -13.728 0.0000000000
69665  35.168  -2.416  -14.950 0.0000000000
69666  34.780  -3.904  -14.575 0.0000000000
69683  35.633  -3.685  -16.661 0.0000000000
69700  36.361  -3.498  -18.121 0.0000000000
69701  35.960  -3.545  -17.396 0.0000000000
69711  36.649  -3.305  -18.853 0.0000000000
69722  37.007  -3.065  -19.689 0.0000000000
69733  37.800  -3.002  -20.928 0.0000000000
69734  37.422  -2.823  -20.631 0.0000000000
69746  38.553  -2.911  -21.641 0.0000000000
69747  37.978  -2.550  -21.532 0.0000000000
69748  37.580  -2.308  -21.377 0.0000000000
69759  38.804  -2.310  -22.347 0.0000000000
69760  38.191  -2.023  -22.199 0.0000000000
70585  34.576  -1.311  -6.532 0.0000000000
70587  34.672  -1.421  -7.583 0.0000000000
70591  34.648  -1.618  -8.617 0.0000000000
70594  34.589  -1.813  -9.624 0.0000000000
70597  34.503  -2.071  -10.412 0.0000000000
70609  34.505  -2.106  -11.247 0.0000000000
70626  34.514  -2.036  -11.924 0.0000000000
70638  34.049  -0.880  -13.704 0.0000000000
70639  33.926  -1.524  -13.525 0.0000000000
70654  34.131  -0.979  -13.485 0.0000000000
70655  33.999  -1.764  -13.634 0.0000000000
70667  35.439  -1.471  -15.285 0.0000000000
70680  35.857  -3.384  -17.188 0.0000000000
70694  36.356  -3.217  -18.193 0.0000000000
70695  36.058  -3.266  -17.571 0.0000000000
70703  36.733  -3.004  -19.193 0.0000000000
70712  37.139  -2.753  -20.090 0.0000000000
70721  37.387  -2.409  -20.981 0.0000000000
70731  37.830  -2.040  -21.898 0.0000000000
70732  37.646  -1.900  -21.823 0.0000000000
70742  38.540  -1.759  -22.653 0.0000000000
70743  38.103  -1.550  -22.534 0.0000000000
70744  37.896  -1.483  -22.406 0.0000000000
71645  34.541  -0.546  -5.054 0.0000000000
71647  34.749  -0.514  -6.048 0.0000000000
71649  35.315  0.059  -7.666 0.0000000000
71650  35.088  -0.335  -7.251 0.0000000000
71654  35.325  -0.029  -8.107 0.0000000000
71655  34.963  -0.752  -8.328 0.0000000000
71657  35.310  -0.193  -9.060 0.0000000000
71658  34.883  -0.973  -9.381 0.0000000000
71661  35.208  -0.312  -10.092 0.0000000000
71662  34.783  -1.241  -10.511 0.0000000000
71664  35.105  -0.325  -11.046 0.0000000000
71665  34.804  -1.172  -11.478 0.0000000000
71680  35.134  -0.267  -11.667 0.0000000000
71681  34.756  -1.126  -11.816 0.0000000000
71696  34.206  -0.347  -13.337 0.0000000000
71697  34.060  -0.907  -13.466 0.0000000000
71712  34.351  -0.307  -13.534 0.0000000000
71725  35.687  -0.521  -15.574 0.0000000000
71737  36.107  -0.106  -17.014 0.0000000000
71738  35.974  -0.371  -16.613 0.0000000000
71754  36.211  -0.450  -17.635 0.0000000000
71755  36.051  -0.691  -17.107 0.0000000000
71765  36.475  -0.468  -19.027 0.0000000000
71774  36.636  -0.428  -20.086 0.0000000000
71783  36.787  -0.366  -21.043 0.0000000000
71792  36.948  -0.295  -21.857 0.0000000000
71802  38.028  -0.994  -22.856 0.0000000000
71803  37.085  -0.275  -22.322 0.0000000000
72767  34.729  0.168  -4.615 0.0000000000
72769  35.318  0.833  -5.827 0.0000000000
72770  34.911  0.147  -5.509 0.0000000000
72772  35.512  0.876  -6.738 0.0000000000
72773  35.150  0.213  -6.400 0.0000000000
72775  35.528  0.563  -7.647 0.0000000000
72776  35.358  0.304  -7.002 0.0000000000
72780  35.639  0.568  -8.714 0.0000000000
72782  35.596  0.482  -9.712 0.0000000000
72786  35.452  0.465  -10.646 0.0000000000
72789  35.421  0.556  -11.432 0.0000000000
72804  35.438  0.870  -11.853 0.0000000000
72818  34.535  0.396  -13.265 0.0000000000
72830  35.714  0.381  -14.925 0.0000000000
72845  36.038  0.907  -15.953 0.0000000000
72846  35.879  0.281  -15.760 0.0000000000
72856  36.151  0.528  -16.828 0.0000000000
72857  36.006  0.330  -16.276 0.0000000000
72870  36.308  0.750  -17.669 0.0000000000
72880  36.396  0.565  -18.523 0.0000000000
72888  36.504  0.518  -19.569 0.0000000000
72897  36.606  0.501  -20.577 0.0000000000
72905  36.751  0.473  -21.545 0.0000000000
73909  35.310  1.831  -2.738 0.0000000000
73915  35.301  1.793  -3.371 0.0000000000
73916  34.911  1.188  -3.279 0.0000000000
73920  35.318  1.732  -4.006 0.0000000000
73921  35.021  0.923  -4.281 0.0000000000
73924  35.453  1.519  -5.066 0.0000000000
73925  35.141  0.683  -5.053 0.0000000000
73927  35.715  1.637  -6.181 0.0000000000
73929  36.389  2.072  -7.727 0.0000000000
73930  36.096  1.736  -7.343 0.0000000000
73934  36.402  1.983  -8.124 0.0000000000
73935  36.019  1.321  -8.352 0.0000000000
73937  36.393  1.840  -8.882 0.0000000000
73938  36.039  1.301  -9.399 0.0000000000
73942  35.851  1.142  -10.267 0.0000000000
73944  35.666  1.277  -11.052 0.0000000000
73957  35.651  1.497  -11.737 0.0000000000
73970  35.659  1.816  -12.096 0.0000000000
73982  36.016  1.921  -14.852 0.0000000000
73983  35.879  1.553  -14.473 0.0000000000
73995  36.065  1.718  -15.336 0.0000000000
73996  35.908  0.970  -15.279 0.0000000000
74009  36.217  1.635  -16.307 0.0000000000
74024  36.332  1.584  -17.235 0.0000000000
74038  36.414  1.568  -18.160 0.0000000000
74047  36.471  1.511  -19.130 0.0000000000
75095  36.206  3.196  -3.132 0.0000000000
75096  35.832  2.611  -2.330 0.0000000000
75100  36.258  3.098  -4.071 0.0000000000
75101  35.678  2.423  -3.458 0.0000000000
75104  36.445  3.082  -5.013 0.0000000000
75105  35.810  2.418  -4.533 0.0000000000
75108  36.668  3.025  -5.952 0.0000000000
75109  35.997  2.385  -5.550 0.0000000000
75111  36.765  2.889  -6.841 0.0000000000
75112  36.248  2.357  -6.501 0.0000000000
75114  36.647  2.549  -7.710 0.0000000000
75115  36.434  2.376  -7.100 0.0000000000
75119  36.714  2.523  -8.722 0.0000000000
75121  36.502  2.255  -9.793 0.0000000000
75122  36.148  1.613  -10.029 0.0000000000
75126  36.368  2.652  -10.879 0.0000000000
75127  36.052  1.848  -10.583 0.0000000000
75130  36.210  2.875  -11.681 0.0000000000
75131  35.908  2.123  -11.375 0.0000000000
75142  36.117  2.900  -12.036 0.0000000000
75143  35.926  2.488  -12.081 0.0000000000
75158  35.870  2.462  -12.339 0.0000000000
75171  36.127  2.463  -14.766 0.0000000000
75172  35.983  2.255  -14.246 0.0000000000
75183  36.284  2.558  -15.777 0.0000000000
75197  36.384  2.544  -16.757 0.0000000000
75209  36.447  2.524  -17.724 0.0000000000
76250  36.499  3.738  -1.028 0.0000000000
76259  36.504  3.865  -1.945 0.0000000000
76260  36.250  3.141  -1.606 0.0000000000
76268  36.445  3.852  -2.837 0.0000000000
76269  36.298  3.340  -2.366 0.0000000000
76273  36.465  3.760  -3.766 0.0000000000
76276  36.591  3.644  -4.583 0.0000000000
76279  37.352  4.303  -5.828 0.0000000000
76280  37.096  3.831  -5.476 0.0000000000
76282  37.479  4.189  -6.149 0.0000000000
76283  37.234  3.576  -6.431 0.0000000000
76285  37.643  4.141  -6.941 0.0000000000
76286  37.261  3.449  -7.396 0.0000000000
76290  38.040  4.425  -8.509 0.0000000000
76291  37.812  4.228  -8.114 0.0000000000
76292  37.227  3.308  -8.398 0.0000000000
76294  38.119  4.372  -8.862 0.0000000000
76295  37.753  3.835  -9.054 0.0000000000
76296  37.137  3.176  -9.401 0.0000000000
76299  38.142  4.267  -9.558 0.0000000000
76300  37.713  3.813  -10.093 0.0000000000
76301  36.984  3.192  -10.407 0.0000000000
76303  37.362  3.790  -10.914 0.0000000000
76304  36.768  3.518  -11.390 0.0000000000
76306  36.453  3.502  -12.107 0.0000000000
76307  36.190  3.151  -12.334 0.0000000000
76318  36.445  3.758  -12.570 0.0000000000
76319  36.145  3.148  -12.574 0.0000000000
76331  36.433  3.933  -13.169 0.0000000000
76332  36.087  2.686  -14.058 0.0000000000
76342  36.430  3.473  -15.251 0.0000000000
76353  36.476  3.487  -16.267 0.0000000000
76366  36.507  3.478  -17.254 0.0000000000
77405  36.683  4.524  -0.526 0.0000000000
77417  36.481  4.585  -1.460 0.0000000000
77430  36.365  4.503  -2.426 0.0000000000
77438  36.345  4.366  -3.435 0.0000000000
77442  36.600  4.265  -4.591 0.0000000000
77445  37.452  4.473  -6.006 0.0000000000
77446  37.086  4.590  -5.715 0.0000000000
77448  37.556  4.666  -6.438 0.0000000000
77449  37.216  5.071  -6.291 0.0000000000
77451  37.836  4.760  -7.306 0.0000000000
77455  38.213  4.659  -8.599 0.0000000000
77456  38.141  4.976  -8.043 0.0000000000
77459  38.995  5.091  -9.850 0.0000000000
77460  38.653  4.858  -9.452 0.0000000000
77463  38.995  4.982  -10.262 0.0000000000
77464  38.383  4.509  -10.425 0.0000000000
77465  37.910  4.140  -10.974 0.0000000000
77467  38.867  4.926  -11.078 0.0000000000
77468  38.290  4.731  -11.567 0.0000000000
77469  37.426  4.302  -11.682 0.0000000000
77470  36.965  4.101  -11.780 0.0000000000
77472  37.839  4.944  -12.307 0.0000000000
77473  37.170  4.738  -12.504 0.0000000000
77474  36.703  4.163  -12.425 0.0000000000
77482  37.060  4.967  -12.859 0.0000000000
77483  36.805  4.583  -12.803 0.0000000000
77495  36.732  4.393  -14.750 0.0000000000
77505  36.668  4.412  -15.794 0.0000000000
77514  36.629  4.397  -16.784 0.0000000000
78571  36.806  5.451  0.699 0.0000000000
78579  36.503  5.369  -0.063 0.0000000000
78588  36.099  5.482  -0.893 0.0000000000
78589  35.595  6.041  -0.951 0.0000000000
78599  35.982  5.222  -1.960 0.0000000000
78600  35.460  5.862  -1.500 0.0000000000
78611  35.995  5.051  -2.997 0.0000000000
78612  35.155  5.774  -2.525 0.0000000000
78613  34.728  6.338  -2.850 0.0000000000
78624  36.090  4.836  -4.055 0.0000000000
78625  35.369  5.363  -3.656 0.0000000000
78626  34.779  6.079  -3.444 0.0000000000
78631  36.282  4.864  -5.107 0.0000000000
78632  35.547  5.236  -4.645 0.0000000000
78633  34.896  5.782  -4.401 0.0000000000
78637  36.585  5.146  -5.973 0.0000000000
78638  35.566  5.434  -5.634 0.0000000000
78639  35.096  5.576  -5.054 0.0000000000
78641  37.413  5.150  -6.936 0.0000000000
78642  36.818  5.308  -6.685 0.0000000000
78643  36.095  5.492  -6.523 0.0000000000
78645  37.615  5.251  -7.661 0.0000000000
78646  36.864  5.495  -7.489 0.0000000000
78647  36.412  5.521  -7.041 0.0000000000
78650  38.354  5.217  -8.720 0.0000000000
78651  37.753  5.529  -8.435 0.0000000000
78652  37.300  5.493  -7.986 0.0000000000
78655  39.064  5.520  -9.856 0.0000000000
78656  38.521  5.573  -9.275 0.0000000000
78657  38.155  5.610  -8.890 0.0000000000
78660  39.264  5.539  -10.797 0.0000000000
78662  38.947  5.560  -11.862 0.0000000000
78663  38.358  5.192  -12.194 0.0000000000
78665  38.959  6.133  -12.225 0.0000000000
78666  38.221  5.716  -12.741 0.0000000000
78667  37.636  5.176  -12.720 0.0000000000
78669  37.720  5.980  -12.905 0.0000000000
78670  37.460  5.401  -12.953 0.0000000000
78671  37.031  5.039  -13.092 0.0000000000
78681  37.449  5.496  -13.137 0.0000000000
78682  37.183  5.146  -13.023 0.0000000000
78694  37.329  5.770  -14.770 0.0000000000
78695  37.023  5.357  -15.363 0.0000000000
78707  36.850  5.252  -16.359 0.0000000000
79691  36.787  6.385  1.055 0.0000000000
79705  36.285  6.351  0.195 0.0000000000
79706  35.989  6.812  -0.217 0.0000000000
79718  36.136  5.874  -0.282 0.0000000000
79719  35.824  6.356  -0.506 0.0000000000
79729  35.287  6.631  -1.118 0.0000000000
79730  34.867  6.984  -1.646 0.0000000000
79741  34.986  6.354  -1.775 0.0000000000
79742  34.667  6.761  -2.338 0.0000000000
79753  34.545  6.845  -3.175 0.0000000000
79762  34.496  6.689  -4.160 0.0000000000
79770  35.168  5.832  -5.801 0.0000000000
79771  34.776  6.286  -5.460 0.0000000000
79775  35.348  5.922  -6.274 0.0000000000
79776  34.930  6.694  -6.651 0.0000000000
79778  36.537  5.781  -7.784 0.0000000000
79779  35.873  6.085  -7.478 0.0000000000
79780  35.081  7.040  -7.427 0.0000000000
79783  37.489  5.793  -8.706 0.0000000000
79784  36.887  5.880  -8.414 0.0000000000
79785  35.960  6.735  -8.733 0.0000000000
79788  39.017  5.986  -9.772 0.0000000000
79789  38.629  6.006  -9.734 0.0000000000
79790  37.779  6.031  -9.318 0.0000000000
79791  36.665  6.714  -9.622 0.0000000000
79792  35.941  7.254  -9.534 0.0000000000
79795  39.066  6.120  -10.242 0.0000000000
79796  38.333  6.341  -10.392 0.0000000000
79797  37.387  6.750  -10.571 0.0000000000
79798  36.649  7.185  -10.544 0.0000000000
79800  38.925  6.289  -11.115 0.0000000000
79801  38.096  6.691  -11.405 0.0000000000
79802  37.371  7.080  -11.455 0.0000000000
79804  38.755  6.422  -11.844 0.0000000000
79805  38.409  6.800  -12.415 0.0000000000
79807  37.916  6.574  -12.840 0.0000000000
79808  37.734  6.133  -13.316 0.0000000000
79812  37.988  6.307  -12.970 0.0000000000
79813  37.840  5.722  -12.943 0.0000000000
79822  37.794  6.927  -14.948 0.0000000000
79823  37.460  6.430  -15.491 0.0000000000
79824  37.124  5.953  -16.092 0.0000000000
80882  36.589  7.432  0.494 0.0000000000
80883  36.138  7.146  -0.025 0.0000000000
80895  36.223  7.711  -0.171 0.0000000000
80896  35.715  7.368  -0.581 0.0000000000
80907  35.154  7.560  -1.331 0.0000000000
80908  34.692  7.629  -1.956 0.0000000000
80919  34.542  7.593  -2.708 0.0000000000
80929  34.377  7.657  -3.636 0.0000000000
80939  34.283  7.699  -4.875 0.0000000000
80948  34.464  7.521  -6.086 0.0000000000
80956  34.704  7.637  -7.016 0.0000000000
80960  35.338  7.183  -8.150 0.0000000000
80961  34.886  7.745  -7.769 0.0000000000
80965  35.421  7.717  -9.068 0.0000000000
80966  35.043  7.917  -8.396 0.0000000000
80969  36.185  7.464  -10.207 0.0000000000
80970  35.762  7.939  -9.935 0.0000000000
80973  36.828  7.340  -11.248 0.0000000000
80974  36.322  7.870  -10.986 0.0000000000
80975  36.016  8.064  -10.515 0.0000000000
80977  37.642  7.196  -12.068 0.0000000000
80978  37.017  7.521  -11.917 0.0000000000
80979  36.604  8.021  -11.733 0.0000000000
80981  37.875  7.352  -12.636 0.0000000000
80982  37.267  7.709  -12.411 0.0000000000
80983  36.862  8.040  -12.217 0.0000000000
80985  38.232  7.038  -12.721 0.0000000000
80987  37.954  7.626  -14.815 0.0000000000
82002  36.513  8.067  -0.056 0.0000000000
82018  36.236  8.472  -0.822 0.0000000000
82019  35.512  8.037  -1.091 0.0000000000
82028  35.984  8.964  -1.622 0.0000000000
82029  35.218  8.573  -1.918 0.0000000000
82030  34.657  8.118  -2.326 0.0000000000
82039  34.947  8.947  -2.678 0.0000000000
82040  34.619  8.531  -2.955 0.0000000000
82048  34.339  8.607  -4.080 0.0000000000
82056  34.284  8.745  -4.961 0.0000000000
82066  34.309  8.514  -5.756 0.0000000000
82076  34.455  8.423  -6.672 0.0000000000
82079  34.656  8.400  -7.480 0.0000000000
82081  35.101  8.685  -8.799 0.0000000000
82082  34.857  8.359  -8.098 0.0000000000
82084  35.444  8.621  -9.718 0.0000000000
82088  36.048  8.419  -10.920 0.0000000000
82089  35.768  8.615  -10.520 0.0000000000
82092  36.210  8.743  -11.481 0.0000000000
82093  35.936  8.748  -11.024 0.0000000000
82096  37.448  7.764  -12.709 0.0000000000
82097  36.931  8.186  -12.510 0.0000000000
82098  36.589  8.592  -12.203 0.0000000000
82101  37.799  7.534  -12.802 0.0000000000
82102  36.021  8.499  -13.780 0.0000000000
82103  36.655  8.612  -12.477 0.0000000000
82106  37.925  8.496  -14.513 0.0000000000
82107  36.256  8.528  -13.853 0.0000000000
83217  34.768  9.036  -8.043 0.0000000000
83220  35.328  9.471  -9.531 0.0000000000
83224  35.572  9.331  -10.353 0.0000000000
83228  36.030  9.672  -11.544 0.0000000000
83229  35.814  9.181  -11.043 0.0000000000
83233  36.295  9.256  -11.982 0.0000000000
83235  35.614  9.579  -13.968 0.0000000000
83236  36.484  8.867  -12.344 0.0000000000
83239  37.880  9.152  -14.790 0.0000000000
83240  35.943  9.205  -13.953 0.0000000000
84303  35.564  10.124  -10.174 0.0000000000
84305  36.197  10.532  -11.351 0.0000000000
84306  35.788  9.947  -10.934 0.0000000000
84310  36.219  10.212  -11.752 0.0000000000
84315  35.173  10.159  -13.462 0.0000000000
