#!ascii label  , from subject cvs_avg35_inMNI152 vox2ras=TkReg
380
76462  39.346  3.442  -27.662 0.0000000000
76463  38.846  3.839  -27.637 0.0000000000
76464  38.592  3.821  -27.418 0.0000000000
76473  40.231  3.728  -28.361 0.0000000000
76474  39.536  3.849  -28.136 0.0000000000
76475  39.145  3.886  -27.904 0.0000000000
77613  38.318  4.376  -27.588 0.0000000000
77624  38.707  4.313  -27.886 0.0000000000
77625  38.504  4.370  -27.754 0.0000000000
77635  40.585  4.272  -28.731 0.0000000000
77636  39.782  4.589  -28.656 0.0000000000
77637  39.015  4.434  -28.186 0.0000000000
77638  38.650  4.587  -28.044 0.0000000000
77646  40.832  4.810  -29.130 0.0000000000
77647  40.275  4.772  -28.918 0.0000000000
78797  36.080  6.357  -25.101 0.0000000000
78804  37.128  5.158  -26.638 0.0000000000
78805  36.839  5.513  -26.294 0.0000000000
78813  38.350  4.958  -28.071 0.0000000000
78814  36.978  6.145  -27.011 0.0000000000
78821  39.630  5.067  -28.888 0.0000000000
78822  39.225  5.217  -28.817 0.0000000000
78823  38.575  5.208  -28.427 0.0000000000
78832  41.045  5.453  -29.818 0.0000000000
78833  39.940  5.352  -29.255 0.0000000000
78834  39.187  5.886  -29.304 0.0000000000
78849  41.670  5.956  -30.375 0.0000000000
78850  40.910  6.158  -30.374 0.0000000000
79919  35.896  6.823  -24.764 0.0000000000
79926  36.254  6.646  -25.785 0.0000000000
79927  35.998  6.785  -25.266 0.0000000000
79935  36.658  6.656  -26.692 0.0000000000
79945  38.319  5.861  -28.579 0.0000000000
79946  36.905  6.675  -27.203 0.0000000000
79953  38.720  5.973  -29.045 0.0000000000
79954  38.379  6.296  -28.926 0.0000000000
79964  40.225  6.128  -30.045 0.0000000000
79965  39.481  6.266  -29.737 0.0000000000
79966  38.846  6.699  -29.576 0.0000000000
79967  38.513  6.556  -29.212 0.0000000000
79982  41.260  6.564  -30.750 0.0000000000
79983  40.478  6.885  -30.680 0.0000000000
79984  39.691  6.805  -30.264 0.0000000000
79985  39.240  6.783  -29.945 0.0000000000
80005  41.510  7.004  -31.158 0.0000000000
80006  40.976  7.016  -30.963 0.0000000000
81083  35.711  7.601  -24.403 0.0000000000
81092  36.093  7.346  -25.875 0.0000000000
81093  35.912  7.457  -25.344 0.0000000000
81101  36.283  7.652  -26.381 0.0000000000
81102  36.027  7.706  -25.875 0.0000000000
81111  37.079  7.256  -27.776 0.0000000000
81112  36.809  7.393  -27.326 0.0000000000
81122  38.218  6.897  -29.050 0.0000000000
81123  37.013  7.613  -27.806 0.0000000000
81135  38.658  7.561  -29.763 0.0000000000
81136  38.389  7.229  -29.354 0.0000000000
81153  40.344  7.352  -30.904 0.0000000000
81154  39.898  7.546  -30.779 0.0000000000
81155  39.152  7.409  -30.154 0.0000000000
81175  40.684  7.625  -31.300 0.0000000000
81176  40.068  7.936  -31.138 0.0000000000
81192  40.851  8.147  -31.746 0.0000000000
82191  35.524  8.512  -23.924 0.0000000000
82199  35.635  8.503  -24.835 0.0000000000
82208  36.168  8.671  -26.446 0.0000000000
82209  35.919  8.429  -25.771 0.0000000000
82216  36.492  8.440  -27.046 0.0000000000
82224  38.178  8.158  -29.394 0.0000000000
82225  36.931  8.322  -27.809 0.0000000000
82237  38.785  8.096  -30.088 0.0000000000
82238  38.417  8.337  -29.722 0.0000000000
82255  39.792  8.097  -31.000 0.0000000000
82256  39.283  8.395  -30.667 0.0000000000
82270  40.579  8.238  -31.660 0.0000000000
82271  40.001  8.528  -31.462 0.0000000000
82272  39.348  9.199  -31.168 0.0000000000
82289  40.182  9.279  -32.116 0.0000000000
83315  35.262  10.099  -23.511 0.0000000000
83321  35.353  9.638  -24.218 0.0000000000
83322  35.177  10.291  -23.866 0.0000000000
83328  35.617  9.477  -25.210 0.0000000000
83336  36.277  9.233  -26.775 0.0000000000
83337  35.961  9.587  -26.097 0.0000000000
83346  36.585  9.339  -27.364 0.0000000000
83354  38.185  8.999  -29.579 0.0000000000
83355  38.071  9.209  -29.461 0.0000000000
83367  38.692  8.762  -30.195 0.0000000000
83368  38.410  9.429  -29.969 0.0000000000
83385  38.816  9.508  -30.662 0.0000000000
83386  38.488  10.173  -30.404 0.0000000000
83399  39.642  9.549  -31.747 0.0000000000
83400  39.111  10.022  -31.405 0.0000000000
83419  39.922  10.017  -32.379 0.0000000000
84391  35.406  10.688  -23.070 0.0000000000
84398  35.199  10.762  -23.582 0.0000000000
84404  35.400  10.276  -24.765 0.0000000000
84405  35.220  10.715  -24.158 0.0000000000
84411  35.655  10.440  -25.407 0.0000000000
84416  36.275  10.070  -26.779 0.0000000000
84417  35.992  10.724  -26.101 0.0000000000
84425  36.629  10.365  -27.456 0.0000000000
84434  38.154  9.720  -29.640 0.0000000000
84435  38.023  9.831  -29.485 0.0000000000
84450  38.295  10.334  -30.045 0.0000000000
84466  38.662  10.551  -31.019 0.0000000000
84467  38.389  10.961  -30.593 0.0000000000
84480  39.395  10.286  -32.036 0.0000000000
84481  38.908  11.034  -31.956 0.0000000000
84499  39.544  10.885  -32.712 0.0000000000
84500  39.171  11.329  -32.520 0.0000000000
85518  35.407  11.408  -23.252 0.0000000000
85525  35.219  11.381  -23.749 0.0000000000
85531  35.428  11.086  -24.743 0.0000000000
85532  35.273  11.523  -24.199 0.0000000000
85537  35.779  11.400  -25.397 0.0000000000
85542  36.350  11.072  -26.741 0.0000000000
85543  36.135  11.647  -26.064 0.0000000000
85549  36.706  11.358  -27.428 0.0000000000
85556  38.158  10.313  -29.793 0.0000000000
85557  36.995  11.658  -28.046 0.0000000000
85571  38.251  11.239  -30.347 0.0000000000
85586  38.523  11.625  -31.251 0.0000000000
85587  38.366  11.794  -30.760 0.0000000000
85601  38.673  11.980  -31.946 0.0000000000
85620  39.345  11.573  -32.862 0.0000000000
85621  39.008  11.903  -32.531 0.0000000000
85642  39.773  11.738  -33.454 0.0000000000
85643  39.320  12.097  -33.073 0.0000000000
86590  35.826  12.210  -23.154 0.0000000000
86591  35.406  11.869  -23.526 0.0000000000
86599  35.643  12.294  -23.760 0.0000000000
86600  35.328  11.869  -23.954 0.0000000000
86607  35.608  12.020  -24.509 0.0000000000
86608  35.310  11.860  -24.192 0.0000000000
86613  36.778  13.145  -25.829 0.0000000000
86614  36.583  12.861  -25.796 0.0000000000
86615  36.135  12.305  -25.510 0.0000000000
86621  36.822  13.034  -26.221 0.0000000000
86622  36.524  12.154  -26.511 0.0000000000
86623  36.230  12.066  -26.040 0.0000000000
86630  36.978  12.828  -27.137 0.0000000000
86631  36.894  12.087  -27.583 0.0000000000
86637  37.210  12.434  -28.301 0.0000000000
86638  37.017  12.063  -27.995 0.0000000000
86651  37.519  12.997  -29.352 0.0000000000
86663  38.371  12.377  -31.088 0.0000000000
86664  38.217  12.718  -30.839 0.0000000000
86675  38.414  12.691  -31.635 0.0000000000
86676  38.248  13.037  -31.206 0.0000000000
86696  38.663  12.724  -32.401 0.0000000000
86713  39.432  12.653  -33.535 0.0000000000
86714  39.032  12.681  -33.013 0.0000000000
86732  39.979  12.678  -34.211 0.0000000000
87610  36.399  13.037  -23.112 0.0000000000
87611  36.033  12.757  -23.547 0.0000000000
87619  36.849  13.847  -23.396 0.0000000000
87620  36.429  13.275  -23.820 0.0000000000
87621  36.007  12.755  -24.146 0.0000000000
87628  36.842  13.872  -24.336 0.0000000000
87629  36.427  13.208  -24.620 0.0000000000
87630  36.087  12.694  -24.850 0.0000000000
87638  36.839  13.548  -25.492 0.0000000000
87639  36.362  12.916  -25.232 0.0000000000
87640  36.162  12.689  -25.188 0.0000000000
87645  37.109  13.682  -26.575 0.0000000000
87651  37.261  13.605  -27.615 0.0000000000
87655  37.411  13.640  -28.608 0.0000000000
87667  37.531  13.813  -29.329 0.0000000000
87679  37.981  14.050  -30.844 0.0000000000
87688  38.145  13.602  -31.573 0.0000000000
87689  38.058  13.798  -31.116 0.0000000000
87707  38.299  13.519  -32.181 0.0000000000
87722  39.104  13.136  -33.445 0.0000000000
87723  38.634  13.621  -33.151 0.0000000000
87739  39.257  13.594  -34.123 0.0000000000
87740  38.729  14.230  -33.952 0.0000000000
87760  39.962  13.585  -34.914 0.0000000000
88625  37.169  14.682  -23.900 0.0000000000
88632  37.175  14.623  -24.931 0.0000000000
88640  37.243  14.571  -25.994 0.0000000000
88645  37.345  14.565  -27.038 0.0000000000
88651  37.431  14.551  -28.056 0.0000000000
88656  37.521  14.523  -28.993 0.0000000000
88667  37.776  14.922  -30.703 0.0000000000
88679  37.759  14.799  -30.925 0.0000000000
88690  38.048  14.042  -31.929 0.0000000000
88691  37.798  14.590  -31.589 0.0000000000
88712  38.042  14.544  -32.457 0.0000000000
88713  37.712  14.982  -32.045 0.0000000000
88732  38.346  14.768  -33.497 0.0000000000
88750  39.015  14.355  -34.428 0.0000000000
88751  38.720  14.954  -34.407 0.0000000000
88767  40.106  14.099  -35.491 0.0000000000
88768  39.439  14.679  -35.188 0.0000000000
88769  38.953  15.254  -34.896 0.0000000000
88790  40.468  14.638  -36.260 0.0000000000
88791  39.829  15.155  -35.985 0.0000000000
88801  41.147  15.010  -37.019 0.0000000000
88802  40.701  15.169  -36.842 0.0000000000
89606  37.375  15.584  -23.440 0.0000000000
89613  37.365  15.570  -24.452 0.0000000000
89620  37.382  15.544  -25.477 0.0000000000
89625  37.420  15.530  -26.506 0.0000000000
89630  37.468  15.529  -27.536 0.0000000000
89635  37.939  16.874  -29.883 0.0000000000
89648  37.748  16.010  -30.481 0.0000000000
89671  37.579  15.640  -31.086 0.0000000000
89690  37.744  15.961  -32.314 0.0000000000
89691  37.586  15.604  -31.789 0.0000000000
89712  38.011  15.647  -32.952 0.0000000000
89713  37.760  15.332  -32.326 0.0000000000
89729  38.368  15.734  -33.916 0.0000000000
89744  38.714  15.790  -34.719 0.0000000000
89757  39.444  15.775  -35.865 0.0000000000
89758  39.066  15.606  -35.226 0.0000000000
89779  40.479  15.282  -36.753 0.0000000000
89780  40.046  15.568  -36.583 0.0000000000
89791  41.628  15.461  -37.630 0.0000000000
89792  40.708  15.767  -37.328 0.0000000000
89793  40.077  16.071  -37.049 0.0000000000
89801  41.413  16.112  -37.975 0.0000000000
89802  40.980  16.239  -37.830 0.0000000000
90652  37.461  16.520  -24.995 0.0000000000
90658  37.470  16.514  -26.008 0.0000000000
90666  37.489  16.517  -27.025 0.0000000000
90675  38.048  17.542  -29.494 0.0000000000
90688  37.991  17.213  -29.970 0.0000000000
90712  37.586  16.946  -31.214 0.0000000000
90713  37.707  16.751  -30.710 0.0000000000
90727  37.634  16.626  -31.840 0.0000000000
90728  37.503  16.299  -31.304 0.0000000000
90742  37.887  16.628  -32.619 0.0000000000
90757  38.166  16.605  -33.454 0.0000000000
90772  38.493  16.649  -34.381 0.0000000000
90785  39.323  16.423  -35.988 0.0000000000
90786  38.953  16.548  -35.409 0.0000000000
90799  39.631  16.474  -36.613 0.0000000000
90800  39.275  16.862  -36.093 0.0000000000
90810  40.690  16.410  -37.804 0.0000000000
90811  40.168  16.608  -37.483 0.0000000000
90821  41.068  16.596  -38.295 0.0000000000
90822  40.523  16.815  -38.112 0.0000000000
91675  37.496  17.504  -25.543 0.0000000000
91684  37.499  17.504  -26.549 0.0000000000
91692  38.139  18.328  -29.112 0.0000000000
91698  38.132  17.988  -29.462 0.0000000000
91707  38.087  17.857  -29.846 0.0000000000
91734  37.756  17.512  -30.871 0.0000000000
91735  37.928  17.604  -30.294 0.0000000000
91749  37.708  17.471  -31.474 0.0000000000
91764  37.839  17.429  -32.163 0.0000000000
91776  38.058  17.446  -32.957 0.0000000000
91790  38.308  17.514  -33.844 0.0000000000
91804  38.591  17.700  -34.905 0.0000000000
91815  39.337  17.194  -36.538 0.0000000000
91816  38.993  17.572  -36.025 0.0000000000
91824  39.559  17.319  -37.227 0.0000000000
91825  39.217  17.684  -36.754 0.0000000000
91835  41.385  17.062  -38.804 0.0000000000
91836  40.766  17.167  -38.634 0.0000000000
91837  40.067  17.424  -38.196 0.0000000000
91847  41.196  17.556  -39.208 0.0000000000
91848  40.501  17.719  -38.973 0.0000000000
92690  37.506  18.498  -26.140 0.0000000000
92699  38.104  19.202  -28.860 0.0000000000
92706  38.181  18.810  -29.151 0.0000000000
92712  38.165  18.459  -29.624 0.0000000000
92721  38.088  18.135  -30.037 0.0000000000
92748  37.873  18.123  -31.166 0.0000000000
92749  37.982  18.168  -30.552 0.0000000000
92756  37.876  18.113  -31.741 0.0000000000
92765  38.023  18.180  -32.442 0.0000000000
92773  38.200  18.257  -33.254 0.0000000000
92780  38.390  18.415  -34.112 0.0000000000
92787  38.506  18.664  -34.850 0.0000000000
92798  38.647  18.523  -35.671 0.0000000000
92807  39.257  17.861  -37.152 0.0000000000
92808  38.918  18.410  -36.843 0.0000000000
92815  39.351  18.003  -37.772 0.0000000000
92816  38.970  18.802  -37.975 0.0000000000
92826  40.855  18.176  -39.592 0.0000000000
92827  39.780  18.447  -39.001 0.0000000000
92828  39.052  19.144  -38.734 0.0000000000
92837  40.598  18.891  -39.992 0.0000000000
92838  39.913  19.202  -39.759 0.0000000000
93787  37.527  19.495  -25.823 0.0000000000
93794  37.905  20.082  -28.722 0.0000000000
93802  38.014  19.741  -28.978 0.0000000000
93810  38.108  19.376  -29.511 0.0000000000
93820  38.128  18.840  -30.118 0.0000000000
93845  37.950  18.525  -31.444 0.0000000000
93846  38.077  19.012  -31.031 0.0000000000
93866  38.073  18.916  -31.923 0.0000000000
93867  38.080  19.486  -31.599 0.0000000000
93874  38.155  18.893  -32.729 0.0000000000
93880  38.308  19.064  -33.500 0.0000000000
93886  38.441  19.274  -34.334 0.0000000000
93893  38.481  19.379  -35.206 0.0000000000
93899  38.521  19.374  -36.166 0.0000000000
93909  38.554  19.433  -37.185 0.0000000000
93915  38.578  19.582  -38.141 0.0000000000
93922  39.377  19.262  -39.322 0.0000000000
93923  38.728  19.765  -39.094 0.0000000000
93931  40.387  19.675  -40.418 0.0000000000
93932  39.437  19.798  -39.933 0.0000000000
93933  38.763  20.274  -39.708 0.0000000000
93943  40.444  20.289  -40.873 0.0000000000
94871  37.805  20.822  -28.642 0.0000000000
94879  37.838  20.692  -28.863 0.0000000000
94888  37.908  20.444  -29.405 0.0000000000
94898  38.026  20.060  -30.305 0.0000000000
94913  38.052  20.133  -31.367 0.0000000000
94938  38.157  19.319  -32.421 0.0000000000
94939  38.153  19.866  -32.186 0.0000000000
94961  38.245  19.595  -32.911 0.0000000000
94962  38.153  20.467  -33.041 0.0000000000
94969  38.387  19.920  -33.715 0.0000000000
94970  38.161  20.823  -33.980 0.0000000000
94976  38.389  20.133  -34.627 0.0000000000
94977  38.103  20.996  -34.950 0.0000000000
94984  38.341  20.213  -35.565 0.0000000000
94985  38.039  21.018  -35.924 0.0000000000
94990  38.281  20.216  -36.519 0.0000000000
94991  37.841  20.911  -36.832 0.0000000000
94999  38.223  20.222  -37.450 0.0000000000
95000  37.762  20.850  -37.708 0.0000000000
95007  38.202  20.278  -38.341 0.0000000000
95008  37.785  20.863  -38.491 0.0000000000
95015  38.231  20.484  -39.135 0.0000000000
95022  39.882  20.201  -40.534 0.0000000000
95023  39.204  20.507  -40.317 0.0000000000
95034  39.896  20.806  -40.988 0.0000000000
95035  38.966  21.125  -40.649 0.0000000000
95940  37.541  21.489  -26.486 0.0000000000
95949  37.666  21.672  -28.846 0.0000000000
95958  37.674  21.512  -29.251 0.0000000000
95965  37.713  21.362  -30.030 0.0000000000
95978  37.716  21.218  -31.058 0.0000000000
95992  37.884  21.067  -32.229 0.0000000000
96014  37.804  21.354  -33.322 0.0000000000
96022  37.505  21.688  -34.263 0.0000000000
96023  36.969  22.163  -34.333 0.0000000000
96029  37.494  21.630  -35.335 0.0000000000
96030  36.938  22.131  -34.888 0.0000000000
96038  37.407  21.601  -36.263 0.0000000000
96039  36.828  22.124  -35.719 0.0000000000
96045  37.284  21.534  -37.161 0.0000000000
96046  36.664  22.049  -36.574 0.0000000000
96053  37.255  21.356  -37.992 0.0000000000
97085  37.522  22.870  -28.840 0.0000000000
97093  37.516  22.589  -29.134 0.0000000000
97101  37.422  22.411  -29.753 0.0000000000
97113  37.213  22.493  -30.741 0.0000000000
97114  36.732  23.206  -31.114 0.0000000000
97131  37.306  22.133  -31.886 0.0000000000
97132  36.684  22.935  -31.689 0.0000000000
97158  37.361  21.964  -32.908 0.0000000000
97159  36.486  22.795  -32.750 0.0000000000
97160  35.810  23.116  -33.157 0.0000000000
97185  37.414  21.839  -33.553 0.0000000000
97186  36.894  22.257  -33.719 0.0000000000
97187  35.932  22.755  -33.756 0.0000000000
97188  34.938  22.775  -33.951 0.0000000000
97195  36.409  22.345  -34.421 0.0000000000
97196  35.558  22.400  -34.565 0.0000000000
97203  36.175  22.284  -35.177 0.0000000000
97209  36.015  22.278  -35.975 0.0000000000
98235  37.406  23.596  -28.973 0.0000000000
98243  37.201  23.552  -29.602 0.0000000000
98244  36.836  24.138  -29.962 0.0000000000
98250  37.170  23.019  -30.114 0.0000000000
98251  36.759  23.637  -30.514 0.0000000000
98261  36.195  23.759  -31.566 0.0000000000
98262  35.648  24.162  -31.966 0.0000000000
98274  36.224  23.306  -32.166 0.0000000000
98275  35.476  23.710  -32.633 0.0000000000
98302  35.321  23.189  -33.404 0.0000000000
98303  34.458  23.543  -33.351 0.0000000000
99250  36.209  24.331  -30.923 0.0000000000
