#!ascii label  , from subject cvs_avg35_inMNI152 vox2ras=TkReg
478
20776  28.809  -49.650  -22.648 0.0000000000
20777  28.087  -49.490  -22.897 0.0000000000
21679  29.523  -48.869  -22.679 0.0000000000
21680  28.704  -48.601  -22.804 0.0000000000
21681  28.052  -48.791  -23.111 0.0000000000
21690  28.251  -48.137  -23.048 0.0000000000
21691  27.657  -48.339  -23.472 0.0000000000
22595  29.472  -47.800  -22.711 0.0000000000
22596  28.744  -47.519  -22.837 0.0000000000
22605  28.128  -47.426  -23.177 0.0000000000
22606  27.573  -47.323  -23.608 0.0000000000
23501  30.198  -47.031  -22.792 0.0000000000
23502  29.374  -46.682  -22.716 0.0000000000
23503  28.532  -46.480  -22.895 0.0000000000
23504  28.002  -46.044  -23.078 0.0000000000
23514  27.952  -46.718  -23.243 0.0000000000
23515  27.492  -46.263  -23.520 0.0000000000
23516  26.977  -46.054  -24.050 0.0000000000
24440  30.101  -45.738  -22.727 0.0000000000
24441  29.131  -45.558  -22.644 0.0000000000
24442  28.352  -45.389  -22.813 0.0000000000
24443  27.699  -45.314  -23.100 0.0000000000
24460  27.151  -45.282  -23.562 0.0000000000
24461  26.714  -45.205  -24.090 0.0000000000
24467  26.404  -45.199  -24.673 0.0000000000
25315  29.628  -44.566  -22.591 0.0000000000
25316  28.756  -44.493  -22.562 0.0000000000
25317  27.961  -44.439  -22.729 0.0000000000
25318  27.299  -44.402  -23.127 0.0000000000
25337  30.448  -44.625  -22.819 0.0000000000
25338  26.793  -44.370  -23.670 0.0000000000
25339  26.430  -44.356  -24.286 0.0000000000
25355  26.164  -44.370  -24.950 0.0000000000
26110  30.118  -43.511  -22.637 0.0000000000
26111  29.168  -43.511  -22.470 0.0000000000
26112  28.317  -43.492  -22.563 0.0000000000
26113  27.568  -43.469  -22.859 0.0000000000
26129  30.789  -43.927  -22.977 0.0000000000
26130  26.989  -43.452  -23.373 0.0000000000
26131  26.527  -43.450  -23.950 0.0000000000
26145  26.260  -43.464  -24.625 0.0000000000
26156  25.944  -43.477  -25.272 0.0000000000
26157  25.516  -43.492  -25.879 0.0000000000
26902  30.944  -42.280  -22.859 0.0000000000
26903  30.318  -42.408  -22.641 0.0000000000
26904  29.519  -42.510  -22.500 0.0000000000
26905  28.685  -42.532  -22.509 0.0000000000
26906  27.908  -42.525  -22.722 0.0000000000
26921  30.870  -43.095  -22.913 0.0000000000
26922  27.298  -42.519  -23.214 0.0000000000
26923  26.752  -42.511  -23.735 0.0000000000
26938  26.413  -42.553  -24.372 0.0000000000
26954  26.150  -42.577  -25.024 0.0000000000
26955  25.744  -42.550  -25.642 0.0000000000
26956  24.225  -41.793  -25.079 0.0000000000
26964  25.312  -42.586  -26.280 0.0000000000
26965  24.759  -42.582  -26.863 0.0000000000
26971  23.842  -41.774  -27.434 0.0000000000
27746  30.617  -41.570  -22.667 0.0000000000
27747  29.847  -41.559  -22.501 0.0000000000
27748  29.034  -41.608  -22.459 0.0000000000
27749  28.274  -41.598  -22.628 0.0000000000
27760  27.608  -41.591  -23.038 0.0000000000
27761  27.056  -41.585  -23.564 0.0000000000
27762  24.413  -41.460  -23.870 0.0000000000
27763  23.932  -41.504  -23.404 0.0000000000
27773  26.590  -41.565  -24.217 0.0000000000
27774  24.395  -41.224  -24.598 0.0000000000
27787  26.318  -41.774  -24.809 0.0000000000
27788  26.038  -41.642  -25.407 0.0000000000
27789  24.060  -41.313  -25.411 0.0000000000
27790  23.750  -41.284  -26.221 0.0000000000
27801  25.577  -41.555  -26.135 0.0000000000
27802  25.086  -41.825  -26.651 0.0000000000
27803  23.614  -41.058  -27.025 0.0000000000
27810  25.207  -41.080  -26.761 0.0000000000
27811  24.549  -41.393  -27.208 0.0000000000
27812  23.889  -40.914  -27.600 0.0000000000
28665  31.035  -40.859  -22.728 0.0000000000
28666  30.273  -40.721  -22.538 0.0000000000
28667  29.384  -40.623  -22.490 0.0000000000
28668  28.654  -40.895  -22.547 0.0000000000
28679  28.751  -40.222  -22.630 0.0000000000
28680  28.030  -40.502  -22.909 0.0000000000
28681  27.404  -40.858  -23.391 0.0000000000
28682  24.497  -40.721  -24.021 0.0000000000
28683  24.233  -40.642  -23.648 0.0000000000
28684  23.519  -40.603  -23.557 0.0000000000
28694  27.576  -40.132  -23.541 0.0000000000
28695  27.024  -40.503  -24.018 0.0000000000
28696  24.561  -40.422  -24.409 0.0000000000
28710  26.474  -40.545  -25.087 0.0000000000
28711  25.964  -40.853  -25.795 0.0000000000
28712  24.367  -40.470  -25.218 0.0000000000
28713  23.930  -40.842  -25.742 0.0000000000
28725  26.152  -40.139  -25.949 0.0000000000
28726  25.624  -40.380  -26.455 0.0000000000
28727  24.306  -39.981  -25.701 0.0000000000
28728  23.918  -40.374  -26.265 0.0000000000
28739  25.018  -40.288  -27.146 0.0000000000
28740  24.315  -40.300  -27.409 0.0000000000
28741  23.822  -40.312  -27.168 0.0000000000
29677  30.799  -39.998  -22.626 0.0000000000
29678  30.012  -39.813  -22.517 0.0000000000
29679  29.259  -39.652  -22.612 0.0000000000
29692  28.620  -39.527  -22.903 0.0000000000
29693  28.043  -39.411  -23.399 0.0000000000
29694  24.845  -39.462  -23.919 0.0000000000
29695  24.641  -39.821  -23.947 0.0000000000
29696  24.084  -39.750  -23.633 0.0000000000
29697  23.411  -39.650  -23.760 0.0000000000
29706  27.517  -39.413  -23.973 0.0000000000
29707  27.076  -39.540  -24.653 0.0000000000
29708  24.955  -39.418  -24.124 0.0000000000
29709  24.748  -39.847  -24.543 0.0000000000
29723  26.760  -39.412  -25.229 0.0000000000
29724  25.023  -39.303  -24.624 0.0000000000
29725  24.745  -39.605  -25.285 0.0000000000
29737  26.466  -39.449  -25.791 0.0000000000
29738  26.007  -39.382  -26.386 0.0000000000
29739  24.441  -39.576  -26.173 0.0000000000
29740  24.078  -39.823  -26.825 0.0000000000
29753  25.400  -39.428  -26.900 0.0000000000
29754  24.598  -39.357  -27.085 0.0000000000
29755  24.088  -39.850  -27.253 0.0000000000
30774  31.330  -39.340  -22.832 0.0000000000
30775  30.605  -39.128  -22.640 0.0000000000
30776  29.828  -38.873  -22.666 0.0000000000
30777  29.134  -38.959  -22.800 0.0000000000
30791  29.413  -38.364  -22.925 0.0000000000
30792  28.736  -38.500  -23.250 0.0000000000
30793  28.062  -38.473  -23.827 0.0000000000
30794  24.945  -39.186  -23.894 0.0000000000
30795  24.579  -39.013  -23.735 0.0000000000
30796  23.915  -38.819  -23.756 0.0000000000
30807  27.588  -38.468  -24.555 0.0000000000
30808  27.132  -38.832  -25.083 0.0000000000
30809  25.227  -38.863  -24.248 0.0000000000
30810  23.521  -38.397  -24.186 0.0000000000
30821  27.426  -37.970  -25.358 0.0000000000
30822  26.856  -38.702  -25.614 0.0000000000
30823  25.325  -38.768  -25.217 0.0000000000
30824  24.852  -39.211  -25.728 0.0000000000
30836  26.996  -38.001  -25.917 0.0000000000
30837  26.439  -38.444  -26.205 0.0000000000
30838  25.573  -38.459  -26.404 0.0000000000
30839  24.926  -38.955  -26.247 0.0000000000
30856  25.191  -38.852  -27.085 0.0000000000
30857  24.914  -38.643  -26.782 0.0000000000
31859  31.141  -38.588  -22.787 0.0000000000
31860  30.551  -38.262  -22.729 0.0000000000
31861  29.930  -38.047  -22.796 0.0000000000
31881  31.356  -37.680  -23.013 0.0000000000
31882  30.445  -37.378  -22.913 0.0000000000
31883  29.512  -37.480  -23.165 0.0000000000
31884  28.637  -37.365  -23.690 0.0000000000
31885  28.103  -37.698  -24.225 0.0000000000
31886  25.095  -38.471  -23.819 0.0000000000
31887  24.583  -38.071  -23.756 0.0000000000
31888  23.972  -38.015  -23.967 0.0000000000
31906  28.359  -36.878  -24.257 0.0000000000
31907  27.942  -37.289  -24.805 0.0000000000
31908  25.953  -37.092  -24.404 0.0000000000
31909  25.624  -37.917  -24.243 0.0000000000
31910  24.307  -37.291  -24.027 0.0000000000
31927  27.689  -37.034  -25.412 0.0000000000
31928  26.174  -36.850  -24.687 0.0000000000
31929  25.971  -37.495  -25.162 0.0000000000
31946  27.272  -37.186  -25.844 0.0000000000
31947  26.718  -37.428  -26.147 0.0000000000
31948  26.108  -37.535  -26.235 0.0000000000
32929  31.138  -36.527  -23.096 0.0000000000
32930  30.215  -36.417  -23.141 0.0000000000
32931  29.358  -36.363  -23.498 0.0000000000
32932  28.753  -36.282  -23.893 0.0000000000
32933  25.189  -37.690  -23.830 0.0000000000
32934  24.900  -37.242  -23.814 0.0000000000
32951  28.510  -36.096  -24.301 0.0000000000
32952  28.264  -36.518  -24.645 0.0000000000
32953  26.151  -36.367  -24.386 0.0000000000
32954  25.538  -36.741  -24.005 0.0000000000
32955  24.781  -36.441  -23.960 0.0000000000
32956  23.934  -36.408  -24.385 0.0000000000
32968  28.349  -35.911  -24.709 0.0000000000
32969  28.048  -36.337  -25.165 0.0000000000
32970  26.437  -36.399  -25.045 0.0000000000
32971  26.232  -36.875  -25.749 0.0000000000
32983  27.574  -36.333  -25.678 0.0000000000
32984  26.784  -36.340  -25.986 0.0000000000
32985  26.438  -36.998  -26.163 0.0000000000
33918  31.808  -35.614  -23.334 0.0000000000
33919  30.916  -35.474  -23.208 0.0000000000
33920  30.027  -35.381  -23.331 0.0000000000
33921  29.214  -35.311  -23.820 0.0000000000
33922  28.745  -35.726  -24.067 0.0000000000
33937  29.074  -34.793  -24.104 0.0000000000
33938  28.707  -35.239  -24.383 0.0000000000
33939  26.088  -35.560  -24.041 0.0000000000
33940  25.382  -35.541  -23.928 0.0000000000
33941  24.544  -35.435  -24.173 0.0000000000
33942  23.726  -35.332  -24.596 0.0000000000
33954  28.258  -35.298  -25.147 0.0000000000
33955  27.924  -35.813  -25.537 0.0000000000
33956  26.485  -35.452  -24.521 0.0000000000
33970  28.159  -34.872  -25.533 0.0000000000
33971  27.516  -35.266  -25.771 0.0000000000
33972  26.778  -35.262  -25.222 0.0000000000
33985  27.205  -34.845  -25.567 0.0000000000
33986  26.890  -35.016  -25.735 0.0000000000
34951  32.447  -34.730  -23.533 0.0000000000
34952  31.614  -34.545  -23.318 0.0000000000
34953  30.721  -34.423  -23.305 0.0000000000
34954  29.908  -34.394  -23.523 0.0000000000
34968  29.390  -34.305  -23.924 0.0000000000
34969  29.058  -34.322  -24.336 0.0000000000
34970  26.603  -34.577  -24.109 0.0000000000
34971  26.008  -34.525  -23.875 0.0000000000
34972  25.152  -34.469  -24.083 0.0000000000
34973  24.234  -34.418  -24.405 0.0000000000
34985  28.673  -34.419  -24.743 0.0000000000
34986  26.837  -34.549  -24.565 0.0000000000
34987  23.370  -34.382  -24.830 0.0000000000
34998  28.393  -34.330  -25.254 0.0000000000
34999  27.968  -34.294  -25.809 0.0000000000
35000  26.924  -34.498  -24.898 0.0000000000
35014  27.212  -34.318  -25.653 0.0000000000
35015  26.889  -34.647  -25.320 0.0000000000
35844  32.358  -33.619  -23.433 0.0000000000
35845  31.429  -33.447  -23.279 0.0000000000
35846  30.465  -33.342  -23.442 0.0000000000
35847  29.787  -33.667  -23.708 0.0000000000
35848  27.178  -32.537  -23.658 0.0000000000
35849  26.960  -32.671  -23.638 0.0000000000
35850  26.472  -32.817  -23.736 0.0000000000
35862  29.925  -32.978  -23.738 0.0000000000
35863  29.395  -33.383  -24.143 0.0000000000
35864  29.002  -33.773  -24.565 0.0000000000
35865  27.215  -32.774  -23.728 0.0000000000
35866  26.743  -33.488  -23.812 0.0000000000
35867  25.802  -33.370  -23.951 0.0000000000
35868  24.782  -33.441  -24.343 0.0000000000
35869  23.838  -33.432  -24.664 0.0000000000
35880  29.089  -33.207  -24.566 0.0000000000
35881  28.728  -33.554  -24.876 0.0000000000
35882  27.323  -33.152  -23.920 0.0000000000
35883  27.145  -33.756  -24.207 0.0000000000
35884  23.116  -33.452  -25.259 0.0000000000
35894  28.285  -33.519  -25.413 0.0000000000
35895  27.553  -33.574  -25.414 0.0000000000
35896  27.228  -33.801  -24.759 0.0000000000
35909  27.190  -33.922  -25.183 0.0000000000
35910  27.057  -34.218  -25.085 0.0000000000
36706  33.236  -32.603  -23.760 0.0000000000
36707  32.184  -32.476  -23.378 0.0000000000
36708  31.221  -32.329  -23.342 0.0000000000
36709  30.375  -32.236  -23.599 0.0000000000
36710  27.274  -32.096  -23.690 0.0000000000
36711  26.693  -32.139  -23.674 0.0000000000
36712  26.043  -32.298  -23.858 0.0000000000
36721  29.725  -32.336  -23.961 0.0000000000
36722  29.300  -32.566  -24.373 0.0000000000
36723  27.557  -32.479  -23.929 0.0000000000
36724  25.248  -32.409  -24.275 0.0000000000
36725  24.300  -32.459  -24.610 0.0000000000
36726  23.525  -32.509  -25.135 0.0000000000
36738  29.006  -32.838  -24.714 0.0000000000
36739  28.618  -32.839  -25.044 0.0000000000
36740  27.475  -33.039  -24.321 0.0000000000
36741  27.310  -33.478  -24.446 0.0000000000
36742  22.891  -32.560  -25.754 0.0000000000
36753  28.028  -32.727  -25.364 0.0000000000
36754  27.573  -32.953  -24.836 0.0000000000
36755  27.385  -33.308  -24.595 0.0000000000
37584  33.486  -31.451  -23.933 0.0000000000
37585  32.820  -31.507  -23.566 0.0000000000
37586  31.938  -31.396  -23.418 0.0000000000
37587  31.003  -31.166  -23.586 0.0000000000
37588  27.567  -31.207  -23.681 0.0000000000
37589  26.964  -31.218  -23.605 0.0000000000
37590  26.357  -31.616  -23.782 0.0000000000
37603  30.129  -31.396  -23.924 0.0000000000
37604  29.565  -31.629  -24.304 0.0000000000
37605  27.837  -31.584  -23.868 0.0000000000
37606  26.375  -31.006  -23.824 0.0000000000
37607  25.712  -31.341  -24.132 0.0000000000
37608  24.718  -31.441  -24.546 0.0000000000
37609  23.865  -31.522  -25.033 0.0000000000
37620  29.081  -31.975  -24.737 0.0000000000
37621  28.769  -32.460  -24.883 0.0000000000
37622  27.834  -32.086  -24.373 0.0000000000
37623  23.235  -31.634  -25.667 0.0000000000
37624  22.624  -31.688  -26.233 0.0000000000
37638  28.885  -31.838  -25.071 0.0000000000
37639  28.457  -32.064  -25.045 0.0000000000
37640  27.902  -32.164  -24.884 0.0000000000
38526  33.311  -30.595  -23.864 0.0000000000
38527  32.567  -30.553  -23.586 0.0000000000
38528  31.802  -30.417  -23.543 0.0000000000
38529  31.224  -30.199  -23.762 0.0000000000
38530  27.496  -30.574  -23.620 0.0000000000
38531  27.156  -30.525  -23.598 0.0000000000
38544  34.026  -30.688  -24.375 0.0000000000
38545  30.540  -30.368  -24.073 0.0000000000
38546  29.913  -30.839  -24.309 0.0000000000
38547  28.584  -29.838  -23.907 0.0000000000
38548  28.129  -30.503  -23.785 0.0000000000
38549  26.751  -30.465  -23.709 0.0000000000
38550  26.119  -30.334  -24.069 0.0000000000
38551  25.094  -30.179  -24.506 0.0000000000
38552  24.224  -30.697  -24.891 0.0000000000
38560  30.042  -30.111  -24.546 0.0000000000
38561  29.473  -30.795  -24.655 0.0000000000
38562  28.580  -30.386  -24.158 0.0000000000
38563  28.206  -30.885  -24.026 0.0000000000
38564  24.262  -29.949  -25.026 0.0000000000
38565  23.512  -30.422  -25.723 0.0000000000
38566  22.930  -31.063  -26.091 0.0000000000
38577  29.017  -31.124  -25.082 0.0000000000
38578  28.549  -31.258  -25.053 0.0000000000
38579  28.247  -31.428  -24.818 0.0000000000
38580  23.051  -29.813  -26.347 0.0000000000
38581  22.391  -30.505  -26.780 0.0000000000
38593  28.465  -31.118  -25.350 0.0000000000
38594  28.344  -31.179  -25.149 0.0000000000
39486  33.053  -29.734  -23.818 0.0000000000
39487  32.377  -29.724  -23.671 0.0000000000
39488  31.729  -29.591  -23.744 0.0000000000
39489  31.118  -29.543  -24.030 0.0000000000
39490  27.376  -30.234  -23.602 0.0000000000
39491  27.148  -30.102  -23.625 0.0000000000
39500  34.419  -29.570  -24.705 0.0000000000
39501  33.739  -29.671  -24.204 0.0000000000
39502  30.540  -29.443  -24.407 0.0000000000
39503  30.216  -29.124  -24.611 0.0000000000
39504  28.455  -29.536  -23.972 0.0000000000
39505  27.651  -29.716  -23.710 0.0000000000
39506  26.789  -29.585  -23.867 0.0000000000
39507  25.970  -29.372  -24.335 0.0000000000
39508  25.340  -29.114  -24.602 0.0000000000
39517  30.105  -29.568  -24.637 0.0000000000
39518  29.660  -29.611  -24.639 0.0000000000
39519  28.890  -29.823  -24.488 0.0000000000
39520  28.626  -30.609  -24.527 0.0000000000
39521  24.705  -29.212  -24.878 0.0000000000
39522  24.094  -29.286  -25.464 0.0000000000
39526  29.134  -30.396  -24.820 0.0000000000
39527  28.704  -30.773  -24.891 0.0000000000
39528  28.430  -31.155  -24.947 0.0000000000
39529  23.497  -29.235  -26.089 0.0000000000
39530  22.790  -29.049  -26.726 0.0000000000
39539  28.571  -30.964  -25.185 0.0000000000
39540  28.429  -30.977  -25.119 0.0000000000
40468  32.785  -29.153  -23.840 0.0000000000
40469  32.274  -29.007  -23.828 0.0000000000
40470  31.648  -28.815  -24.002 0.0000000000
40471  31.079  -28.934  -24.261 0.0000000000
40479  34.135  -28.697  -24.498 0.0000000000
40480  33.359  -28.796  -24.105 0.0000000000
40481  31.344  -28.401  -24.289 0.0000000000
40482  30.746  -28.517  -24.484 0.0000000000
40483  30.108  -28.534  -24.633 0.0000000000
40484  28.191  -28.639  -24.015 0.0000000000
40485  27.392  -28.659  -23.969 0.0000000000
40486  26.602  -28.553  -24.226 0.0000000000
40487  25.846  -28.423  -24.533 0.0000000000
40488  25.174  -28.407  -24.833 0.0000000000
40496  34.742  -28.588  -25.076 0.0000000000
40497  29.513  -28.663  -24.481 0.0000000000
40498  28.894  -28.637  -24.280 0.0000000000
40499  24.588  -28.427  -25.259 0.0000000000
40500  24.014  -28.420  -25.792 0.0000000000
40508  23.475  -28.337  -26.368 0.0000000000
40509  23.020  -28.091  -26.839 0.0000000000
41415  32.773  -28.603  -23.974 0.0000000000
41416  32.308  -28.302  -24.028 0.0000000000
41417  31.796  -28.126  -24.170 0.0000000000
41427  33.805  -27.989  -24.392 0.0000000000
41428  33.066  -27.848  -24.175 0.0000000000
41429  32.266  -27.556  -24.206 0.0000000000
41430  31.423  -27.658  -24.396 0.0000000000
41431  30.628  -27.635  -24.628 0.0000000000
41432  29.980  -27.722  -24.673 0.0000000000
41433  27.894  -27.868  -24.169 0.0000000000
41434  27.211  -27.702  -24.213 0.0000000000
41435  26.426  -27.608  -24.456 0.0000000000
41436  25.637  -27.520  -24.767 0.0000000000
41437  25.030  -27.792  -25.102 0.0000000000
41442  35.018  -27.771  -25.405 0.0000000000
41443  34.473  -27.654  -24.838 0.0000000000
41444  29.436  -27.698  -24.505 0.0000000000
41445  28.684  -27.529  -24.374 0.0000000000
41446  25.193  -27.164  -25.120 0.0000000000
41447  24.567  -27.454  -25.563 0.0000000000
41448  23.955  -27.754  -26.086 0.0000000000
41457  24.153  -27.124  -26.099 0.0000000000
41458  23.557  -27.387  -26.585 0.0000000000
41459  22.991  -27.552  -27.075 0.0000000000
41466  23.221  -27.021  -27.005 0.0000000000
42378  33.831  -27.057  -24.538 0.0000000000
42379  32.947  -26.823  -24.329 0.0000000000
42380  32.043  -26.753  -24.406 0.0000000000
42381  31.228  -26.791  -24.660 0.0000000000
42382  30.402  -26.704  -24.860 0.0000000000
42383  29.841  -27.166  -24.729 0.0000000000
42384  27.949  -26.881  -24.362 0.0000000000
42385  27.046  -26.781  -24.437 0.0000000000
42386  26.288  -26.739  -24.664 0.0000000000
42387  25.684  -26.600  -24.945 0.0000000000
42392  35.003  -26.858  -25.406 0.0000000000
42393  34.428  -26.767  -24.932 0.0000000000
42394  30.169  -26.121  -25.074 0.0000000000
42395  29.550  -26.597  -24.813 0.0000000000
42396  28.741  -26.500  -24.614 0.0000000000
42397  25.134  -26.498  -25.353 0.0000000000
42398  24.551  -26.479  -25.826 0.0000000000
42405  24.015  -26.509  -26.341 0.0000000000
42406  23.582  -26.626  -26.771 0.0000000000
42410  23.286  -26.429  -27.210 0.0000000000
43434  34.151  -26.435  -24.803 0.0000000000
43435  33.661  -26.074  -24.668 0.0000000000
43436  32.663  -25.922  -24.579 0.0000000000
43437  31.812  -26.040  -24.710 0.0000000000
43438  31.158  -26.109  -24.940 0.0000000000
43439  28.347  -25.996  -24.583 0.0000000000
43440  27.623  -25.970  -24.529 0.0000000000
43441  26.814  -25.926  -24.662 0.0000000000
43442  26.200  -26.085  -24.847 0.0000000000
43448  35.245  -26.048  -25.681 0.0000000000
43449  34.551  -25.942  -25.173 0.0000000000
43450  33.951  -25.355  -25.017 0.0000000000
43451  32.260  -25.485  -24.853 0.0000000000
43452  31.647  -25.446  -25.050 0.0000000000
43453  30.764  -25.645  -25.232 0.0000000000
43454  29.978  -25.598  -25.303 0.0000000000
43455  29.069  -25.580  -25.006 0.0000000000
43456  26.455  -25.544  -24.902 0.0000000000
43457  25.824  -25.694  -25.166 0.0000000000
43458  25.069  -25.655  -25.614 0.0000000000
43466  24.424  -25.677  -26.088 0.0000000000
43467  23.789  -25.774  -26.687 0.0000000000
44464  33.211  -25.315  -24.842 0.0000000000
44465  32.673  -25.359  -24.847 0.0000000000
44466  28.208  -25.201  -24.720 0.0000000000
44467  27.318  -25.217  -24.734 0.0000000000
44468  26.811  -25.338  -24.821 0.0000000000
44475  35.141  -25.280  -25.769 0.0000000000
44476  34.467  -24.950  -25.442 0.0000000000
44477  33.646  -24.713  -25.252 0.0000000000
44478  32.539  -24.843  -25.176 0.0000000000
44479  31.479  -24.798  -25.499 0.0000000000
44480  30.589  -24.851  -25.702 0.0000000000
44481  29.724  -24.747  -25.598 0.0000000000
44482  28.807  -24.503  -25.333 0.0000000000
44483  27.782  -24.388  -25.080 0.0000000000
44484  26.650  -24.788  -25.115 0.0000000000
44485  25.660  -24.802  -25.516 0.0000000000
44486  24.906  -24.856  -25.880 0.0000000000
44493  24.305  -24.861  -26.325 0.0000000000
44494  23.704  -24.781  -26.831 0.0000000000
45572  34.998  -24.456  -25.876 0.0000000000
45573  34.280  -24.113  -25.745 0.0000000000
45574  33.243  -24.003  -25.636 0.0000000000
45575  32.178  -24.032  -25.768 0.0000000000
45576  31.229  -24.129  -26.055 0.0000000000
45577  30.334  -24.124  -26.160 0.0000000000
45578  29.453  -23.872  -25.970 0.0000000000
45579  28.360  -23.435  -25.857 0.0000000000
45580  27.184  -23.703  -25.491 0.0000000000
45581  26.203  -23.923  -25.600 0.0000000000
45582  25.364  -24.027  -25.884 0.0000000000
45583  24.763  -24.254  -26.127 0.0000000000
45588  35.211  -23.420  -26.383 0.0000000000
45589  33.902  -23.301  -26.074 0.0000000000
45590  32.817  -23.299  -26.130 0.0000000000
45591  31.819  -23.391  -26.346 0.0000000000
45592  30.918  -23.507  -26.596 0.0000000000
45593  30.040  -23.399  -26.552 0.0000000000
45594  29.223  -23.139  -26.403 0.0000000000
