#!ascii label  , from subject cvs_avg35_inMNI152 vox2ras=TkReg
650
35791  63.632  -33.260  -19.715 0.0000000000
35798  64.692  -33.004  -21.282 0.0000000000
35799  63.931  -33.353  -20.615 0.0000000000
35800  62.797  -33.787  -20.760 0.0000000000
35816  64.818  -33.034  -21.583 0.0000000000
35817  64.391  -33.100  -21.509 0.0000000000
35818  63.394  -33.289  -21.416 0.0000000000
35819  62.216  -33.322  -21.327 0.0000000000
35820  61.097  -33.289  -21.199 0.0000000000
35821  60.036  -33.295  -21.075 0.0000000000
35822  58.800  -33.626  -21.067 0.0000000000
35823  57.753  -33.610  -21.483 0.0000000000
35834  57.088  -33.519  -21.900 0.0000000000
35835  56.495  -33.397  -22.507 0.0000000000
35841  55.959  -33.440  -23.365 0.0000000000
35842  55.434  -33.140  -23.720 0.0000000000
36641  63.157  -32.567  -19.036 0.0000000000
36642  62.613  -32.576  -18.758 0.0000000000
36648  63.585  -32.431  -19.579 0.0000000000
36649  62.852  -32.123  -19.203 0.0000000000
36650  61.849  -32.081  -19.076 0.0000000000
36651  60.803  -32.189  -18.892 0.0000000000
36657  64.729  -32.500  -20.806 0.0000000000
36658  64.137  -32.684  -20.164 0.0000000000
36665  65.005  -32.683  -21.937 0.0000000000
36666  63.895  -32.935  -22.204 0.0000000000
36667  62.725  -32.849  -22.011 0.0000000000
36668  61.591  -32.765  -21.792 0.0000000000
36669  60.597  -32.702  -21.570 0.0000000000
36670  59.650  -32.518  -21.499 0.0000000000
36671  58.409  -32.608  -21.577 0.0000000000
36672  57.606  -33.055  -21.717 0.0000000000
36683  65.097  -32.111  -23.020 0.0000000000
36684  64.257  -32.391  -23.134 0.0000000000
36685  63.170  -32.412  -22.782 0.0000000000
36686  62.047  -32.228  -22.457 0.0000000000
36687  60.981  -32.180  -22.080 0.0000000000
36688  60.315  -32.279  -21.794 0.0000000000
36689  58.127  -32.037  -21.835 0.0000000000
36690  57.255  -32.468  -21.966 0.0000000000
36691  55.993  -32.394  -22.705 0.0000000000
36692  55.682  -31.749  -23.055 0.0000000000
36702  64.921  -31.836  -23.550 0.0000000000
36703  64.688  -32.095  -23.478 0.0000000000
36704  55.615  -32.822  -23.321 0.0000000000
36705  55.338  -32.221  -23.692 0.0000000000
37535  63.743  -31.984  -19.806 0.0000000000
37536  63.280  -31.795  -19.671 0.0000000000
37537  62.181  -31.598  -19.564 0.0000000000
37538  60.865  -31.462  -19.510 0.0000000000
37539  59.569  -31.830  -18.937 0.0000000000
37540  58.785  -31.494  -18.833 0.0000000000
37543  64.792  -31.965  -20.659 0.0000000000
37544  64.084  -31.717  -20.313 0.0000000000
37545  62.693  -31.191  -20.097 0.0000000000
37546  61.478  -31.030  -19.951 0.0000000000
37547  60.835  -30.970  -19.848 0.0000000000
37550  64.911  -31.632  -21.180 0.0000000000
37551  64.355  -31.245  -20.907 0.0000000000
37552  59.686  -32.125  -21.744 0.0000000000
37553  59.349  -32.100  -21.694 0.0000000000
37559  65.277  -31.546  -22.275 0.0000000000
37560  64.009  -32.091  -23.596 0.0000000000
37561  63.561  -31.963  -23.437 0.0000000000
37562  62.571  -31.746  -23.181 0.0000000000
37563  61.308  -31.500  -22.910 0.0000000000
37564  60.064  -31.812  -22.069 0.0000000000
37565  58.941  -31.637  -21.906 0.0000000000
37566  57.958  -31.463  -22.044 0.0000000000
37567  56.906  -31.404  -22.411 0.0000000000
37568  56.069  -31.456  -22.764 0.0000000000
37577  65.146  -31.284  -23.342 0.0000000000
37578  64.274  -31.623  -23.942 0.0000000000
37579  63.145  -31.401  -23.911 0.0000000000
37580  62.189  -31.114  -23.679 0.0000000000
37581  61.484  -30.983  -23.544 0.0000000000
37582  56.458  -30.885  -22.813 0.0000000000
37583  55.758  -30.916  -23.353 0.0000000000
37598  64.806  -30.896  -24.067 0.0000000000
37599  64.448  -31.065  -24.266 0.0000000000
37600  55.266  -31.142  -24.446 0.0000000000
37612  55.056  -31.274  -25.565 0.0000000000
38469  52.799  -29.600  -16.490 0.0000000000
38475  53.663  -29.580  -17.400 0.0000000000
38479  58.449  -31.285  -18.751 0.0000000000
38480  57.828  -30.851  -18.616 0.0000000000
38481  56.596  -30.485  -18.166 0.0000000000
38482  55.679  -29.906  -18.312 0.0000000000
38486  60.513  -30.951  -19.809 0.0000000000
38487  59.870  -30.910  -19.713 0.0000000000
38488  58.740  -30.854  -19.280 0.0000000000
38489  57.922  -30.186  -19.218 0.0000000000
38492  63.986  -31.043  -20.829 0.0000000000
38493  63.188  -30.595  -20.731 0.0000000000
38494  61.841  -30.437  -20.469 0.0000000000
38495  60.597  -30.424  -20.081 0.0000000000
38496  59.822  -30.271  -19.953 0.0000000000
38498  65.034  -30.975  -21.758 0.0000000000
38499  64.129  -30.526  -21.428 0.0000000000
38500  63.337  -30.140  -21.109 0.0000000000
38504  64.895  -30.494  -22.471 0.0000000000
38505  64.348  -30.012  -22.107 0.0000000000
38506  60.470  -31.268  -22.746 0.0000000000
38507  59.817  -31.027  -22.508 0.0000000000
38508  58.827  -30.789  -22.355 0.0000000000
38509  57.833  -30.659  -22.439 0.0000000000
38510  57.093  -30.598  -22.700 0.0000000000
38516  64.937  -30.433  -23.401 0.0000000000
38517  63.587  -31.074  -24.343 0.0000000000
38518  62.879  -30.473  -24.394 0.0000000000
38519  61.816  -30.437  -23.840 0.0000000000
38520  60.748  -30.674  -23.359 0.0000000000
38521  59.647  -30.306  -23.032 0.0000000000
38522  58.649  -30.114  -22.924 0.0000000000
38523  57.701  -30.027  -22.976 0.0000000000
38524  56.699  -30.095  -23.111 0.0000000000
38525  56.077  -29.925  -23.590 0.0000000000
38539  64.708  -30.217  -23.995 0.0000000000
38540  64.100  -30.483  -24.451 0.0000000000
38541  63.456  -29.875  -24.601 0.0000000000
38542  55.510  -30.083  -24.097 0.0000000000
38557  55.193  -30.068  -25.106 0.0000000000
38569  55.119  -30.375  -26.226 0.0000000000
39401  53.144  -29.166  -15.040 0.0000000000
39415  53.121  -28.998  -15.478 0.0000000000
39416  52.817  -29.231  -15.786 0.0000000000
39426  53.033  -29.343  -17.105 0.0000000000
39427  52.843  -29.060  -16.552 0.0000000000
39435  54.920  -29.792  -18.090 0.0000000000
39436  54.310  -29.259  -17.883 0.0000000000
39437  53.625  -29.023  -17.419 0.0000000000
39444  57.214  -30.102  -18.867 0.0000000000
39445  56.396  -29.611  -18.796 0.0000000000
39446  55.281  -29.059  -18.596 0.0000000000
39447  54.598  -28.682  -18.130 0.0000000000
39452  59.299  -30.251  -19.789 0.0000000000
39453  58.550  -29.703  -19.716 0.0000000000
39454  57.396  -29.333  -19.370 0.0000000000
39455  56.390  -28.730  -19.140 0.0000000000
39456  55.762  -28.286  -18.854 0.0000000000
39459  62.963  -29.987  -20.997 0.0000000000
39460  62.291  -29.815  -20.927 0.0000000000
39461  61.017  -29.332  -20.696 0.0000000000
39462  59.612  -29.491  -20.212 0.0000000000
39463  58.804  -29.073  -20.103 0.0000000000
39466  63.805  -29.593  -22.008 0.0000000000
39467  63.017  -29.507  -21.400 0.0000000000
39468  61.863  -28.984  -21.210 0.0000000000
39469  61.252  -28.694  -21.059 0.0000000000
39472  64.748  -30.050  -22.999 0.0000000000
39473  64.237  -29.644  -22.714 0.0000000000
39476  64.561  -29.847  -23.444 0.0000000000
39477  64.061  -29.256  -23.487 0.0000000000
39478  62.137  -29.617  -24.213 0.0000000000
39479  61.347  -29.749  -23.826 0.0000000000
39480  60.416  -29.652  -23.540 0.0000000000
39481  59.423  -29.482  -23.353 0.0000000000
39482  58.452  -29.369  -23.321 0.0000000000
39483  57.506  -29.315  -23.388 0.0000000000
39484  56.650  -29.262  -23.596 0.0000000000
39485  55.907  -29.249  -23.898 0.0000000000
39496  64.367  -29.721  -24.032 0.0000000000
39497  63.790  -29.234  -24.281 0.0000000000
39498  62.924  -29.304  -24.507 0.0000000000
39499  55.390  -29.229  -24.465 0.0000000000
39514  55.078  -29.049  -25.104 0.0000000000
39524  55.095  -29.317  -25.901 0.0000000000
39532  55.300  -29.485  -26.961 0.0000000000
40394  53.792  -28.849  -14.409 0.0000000000
40400  54.714  -28.493  -15.563 0.0000000000
40401  53.644  -28.849  -15.614 0.0000000000
40402  53.029  -28.860  -16.265 0.0000000000
40410  54.329  -28.507  -16.434 0.0000000000
40411  53.397  -28.782  -16.793 0.0000000000
40412  52.994  -28.835  -16.577 0.0000000000
40419  54.993  -28.133  -16.985 0.0000000000
40420  54.256  -28.631  -17.480 0.0000000000
40421  53.704  -28.782  -17.264 0.0000000000
40429  55.082  -28.125  -18.141 0.0000000000
40430  54.575  -28.459  -17.983 0.0000000000
40437  58.223  -28.697  -19.837 0.0000000000
40438  57.334  -28.227  -19.483 0.0000000000
40444  60.816  -28.426  -21.007 0.0000000000
40445  60.060  -28.446  -20.693 0.0000000000
40446  59.030  -28.337  -20.315 0.0000000000
40449  63.712  -29.202  -22.419 0.0000000000
40450  63.275  -28.743  -22.090 0.0000000000
40451  62.369  -28.459  -21.714 0.0000000000
40452  61.381  -28.126  -21.451 0.0000000000
40455  63.619  -28.766  -22.824 0.0000000000
40456  63.112  -28.145  -22.539 0.0000000000
40459  63.512  -28.461  -23.531 0.0000000000
40460  61.723  -29.179  -24.011 0.0000000000
40461  61.160  -28.838  -23.806 0.0000000000
40462  60.164  -28.731  -23.552 0.0000000000
40463  59.185  -28.594  -23.454 0.0000000000
40464  58.208  -28.532  -23.488 0.0000000000
40465  57.296  -28.479  -23.630 0.0000000000
40466  56.437  -28.435  -23.891 0.0000000000
40467  55.793  -28.651  -24.196 0.0000000000
40474  63.040  -28.276  -24.124 0.0000000000
40475  62.083  -28.470  -24.204 0.0000000000
40476  61.332  -27.970  -24.037 0.0000000000
40477  56.052  -28.106  -24.287 0.0000000000
40478  55.575  -28.372  -24.770 0.0000000000
40494  55.321  -28.465  -25.575 0.0000000000
40505  55.358  -28.546  -26.428 0.0000000000
40511  55.854  -28.003  -27.506 0.0000000000
40512  55.638  -28.448  -27.258 0.0000000000
40522  56.879  -27.870  -28.669 0.0000000000
40523  56.166  -28.284  -28.010 0.0000000000
40524  55.764  -29.135  -27.674 0.0000000000
40537  57.328  -28.321  -29.265 0.0000000000
40538  56.834  -28.874  -28.680 0.0000000000
40548  57.673  -28.853  -29.929 0.0000000000
41379  59.122  -27.186  -20.088 0.0000000000
41380  58.397  -27.546  -19.778 0.0000000000
41390  60.546  -27.576  -21.098 0.0000000000
41391  59.624  -27.502  -20.518 0.0000000000
41392  59.008  -27.625  -20.216 0.0000000000
41396  62.663  -28.027  -22.202 0.0000000000
41397  62.002  -27.443  -21.934 0.0000000000
41398  61.260  -27.219  -21.553 0.0000000000
41402  63.237  -27.972  -22.970 0.0000000000
41403  62.543  -27.329  -22.608 0.0000000000
41404  62.176  -26.651  -22.142 0.0000000000
41407  62.766  -27.508  -23.293 0.0000000000
41408  62.455  -26.640  -22.912 0.0000000000
41409  60.726  -28.083  -23.748 0.0000000000
41410  59.923  -27.707  -23.568 0.0000000000
41411  58.847  -27.713  -23.498 0.0000000000
41412  57.900  -27.688  -23.594 0.0000000000
41413  57.046  -27.623  -23.826 0.0000000000
41414  56.472  -27.748  -24.132 0.0000000000
41420  62.347  -27.371  -23.724 0.0000000000
41421  61.725  -27.253  -23.995 0.0000000000
41422  60.852  -27.178  -23.847 0.0000000000
41423  60.110  -26.803  -23.685 0.0000000000
41424  56.742  -27.231  -24.212 0.0000000000
41425  56.256  -27.481  -24.734 0.0000000000
41426  55.703  -27.847  -25.305 0.0000000000
41440  56.122  -27.298  -25.568 0.0000000000
41441  55.607  -27.824  -26.012 0.0000000000
41453  56.054  -27.225  -26.421 0.0000000000
41454  55.650  -27.858  -26.812 0.0000000000
41462  56.057  -27.426  -27.386 0.0000000000
41463  55.757  -27.920  -27.258 0.0000000000
41470  56.957  -27.252  -28.720 0.0000000000
41471  56.582  -27.177  -28.248 0.0000000000
41484  57.260  -27.345  -29.175 0.0000000000
41494  58.999  -27.209  -30.622 0.0000000000
41495  58.322  -27.420  -30.431 0.0000000000
41496  57.606  -27.647  -30.008 0.0000000000
42307  60.829  -25.964  -18.900 0.0000000000
42320  60.992  -26.127  -19.835 0.0000000000
42321  60.127  -26.347  -19.656 0.0000000000
42322  59.174  -26.611  -19.513 0.0000000000
42335  61.253  -26.198  -20.698 0.0000000000
42336  60.350  -26.674  -20.552 0.0000000000
42337  59.634  -26.825  -20.126 0.0000000000
42347  62.341  -25.845  -21.812 0.0000000000
42348  61.767  -26.318  -21.568 0.0000000000
42349  60.938  -26.739  -21.200 0.0000000000
42357  62.738  -25.561  -22.822 0.0000000000
42358  62.409  -25.994  -22.431 0.0000000000
42359  62.203  -26.208  -21.995 0.0000000000
42362  62.447  -26.185  -23.206 0.0000000000
42363  62.453  -26.080  -22.880 0.0000000000
42364  59.342  -26.891  -23.604 0.0000000000
42365  58.433  -26.914  -23.639 0.0000000000
42366  57.548  -26.921  -23.804 0.0000000000
42367  57.031  -26.984  -23.998 0.0000000000
42370  62.052  -26.277  -23.664 0.0000000000
42371  61.358  -26.257  -23.876 0.0000000000
42372  60.541  -26.171  -23.845 0.0000000000
42373  59.723  -26.135  -23.797 0.0000000000
42374  58.896  -26.179  -23.805 0.0000000000
42375  58.031  -26.239  -23.996 0.0000000000
42376  57.079  -26.481  -24.631 0.0000000000
42377  56.491  -26.911  -25.163 0.0000000000
42390  57.133  -26.065  -25.396 0.0000000000
42391  56.592  -26.465  -25.804 0.0000000000
42402  56.384  -26.532  -26.942 0.0000000000
42408  56.488  -26.645  -27.705 0.0000000000
42413  57.100  -26.652  -28.766 0.0000000000
42414  56.853  -26.285  -28.202 0.0000000000
42421  58.053  -25.980  -29.839 0.0000000000
42422  57.672  -26.361  -29.562 0.0000000000
42432  60.115  -26.307  -30.731 0.0000000000
42433  59.628  -26.554  -30.675 0.0000000000
42434  58.444  -26.307  -30.196 0.0000000000
42435  57.917  -26.890  -30.187 0.0000000000
43321  64.706  -25.184  -16.781 0.0000000000
43322  63.748  -25.277  -16.640 0.0000000000
43339  66.038  -25.235  -17.865 0.0000000000
43340  65.114  -25.347  -17.592 0.0000000000
43341  64.139  -25.521  -17.383 0.0000000000
43342  63.160  -25.515  -17.293 0.0000000000
43353  66.273  -25.231  -18.833 0.0000000000
43354  65.385  -25.406  -18.571 0.0000000000
43355  64.403  -25.545  -18.354 0.0000000000
43356  63.410  -25.608  -18.217 0.0000000000
43357  62.457  -25.642  -18.128 0.0000000000
43358  61.558  -25.738  -18.033 0.0000000000
43369  66.334  -25.180  -19.421 0.0000000000
43370  65.646  -25.260  -19.632 0.0000000000
43371  64.581  -25.422  -19.407 0.0000000000
43372  63.572  -25.575  -19.234 0.0000000000
43373  62.622  -25.722  -19.108 0.0000000000
43374  61.722  -25.894  -19.004 0.0000000000
43385  65.418  -25.165  -20.284 0.0000000000
43386  64.722  -25.192  -20.462 0.0000000000
43387  63.663  -25.406  -20.260 0.0000000000
43388  62.721  -25.682  -20.077 0.0000000000
43389  61.878  -25.958  -19.932 0.0000000000
43400  64.441  -25.034  -21.048 0.0000000000
43401  63.769  -25.096  -21.233 0.0000000000
43402  62.659  -25.530  -21.087 0.0000000000
43403  61.999  -25.854  -20.711 0.0000000000
43414  64.048  -24.689  -22.818 0.0000000000
43415  63.452  -25.008  -22.269 0.0000000000
43416  62.869  -25.403  -21.799 0.0000000000
43423  64.007  -24.596  -23.138 0.0000000000
43424  63.345  -24.946  -23.104 0.0000000000
43427  62.611  -25.189  -23.491 0.0000000000
43428  61.825  -25.296  -23.828 0.0000000000
43429  60.955  -25.327  -23.983 0.0000000000
43430  60.067  -25.356  -23.956 0.0000000000
43431  59.274  -25.510  -24.108 0.0000000000
43432  58.562  -25.674  -24.272 0.0000000000
43433  57.942  -25.821  -24.575 0.0000000000
43445  58.368  -25.343  -24.794 0.0000000000
43446  57.745  -25.554  -25.340 0.0000000000
43447  57.179  -25.864  -25.888 0.0000000000
43462  57.518  -25.411  -26.305 0.0000000000
43463  56.911  -25.868  -26.634 0.0000000000
43470  57.404  -25.432  -27.259 0.0000000000
43471  56.846  -25.963  -27.646 0.0000000000
43476  58.043  -25.307  -28.744 0.0000000000
43477  57.563  -25.656  -28.449 0.0000000000
43478  57.034  -25.926  -28.127 0.0000000000
43484  58.710  -25.190  -29.818 0.0000000000
43485  58.279  -25.458  -29.453 0.0000000000
43486  57.783  -25.781  -29.201 0.0000000000
43495  60.144  -25.747  -30.550 0.0000000000
43496  59.018  -25.507  -30.151 0.0000000000
43497  58.519  -25.705  -30.010 0.0000000000
43508  62.579  -25.508  -31.490 0.0000000000
43509  61.801  -25.671  -31.120 0.0000000000
43510  61.037  -25.745  -30.865 0.0000000000
43520  63.794  -25.428  -32.260 0.0000000000
43521  63.322  -25.498  -31.853 0.0000000000
43534  64.180  -25.240  -33.109 0.0000000000
43535  64.072  -25.307  -32.692 0.0000000000
43548  64.128  -25.335  -33.718 0.0000000000
44333  64.779  -24.725  -16.722 0.0000000000
44334  64.156  -24.760  -16.487 0.0000000000
44360  66.408  -24.831  -17.507 0.0000000000
44361  65.530  -24.524  -17.232 0.0000000000
44362  64.463  -24.340  -16.942 0.0000000000
44382  66.883  -24.835  -18.201 0.0000000000
44383  66.468  -24.274  -17.697 0.0000000000
44396  67.624  -24.364  -20.082 0.0000000000
44397  66.951  -24.830  -19.508 0.0000000000
44398  66.270  -25.120  -19.755 0.0000000000
44408  67.730  -24.290  -20.507 0.0000000000
44409  67.128  -24.437  -20.784 0.0000000000
44410  65.963  -24.944  -20.415 0.0000000000
44411  65.275  -25.094  -20.597 0.0000000000
44421  66.812  -24.120  -21.942 0.0000000000
44422  65.902  -24.545  -21.528 0.0000000000
44423  64.961  -24.953  -21.176 0.0000000000
44424  64.343  -24.968  -21.286 0.0000000000
44435  66.533  -23.812  -22.847 0.0000000000
44436  65.779  -24.277  -22.583 0.0000000000
44437  64.720  -24.623  -22.193 0.0000000000
44438  64.234  -24.851  -21.636 0.0000000000
44448  66.385  -23.592  -23.280 0.0000000000
44449  65.804  -23.809  -23.467 0.0000000000
44450  64.656  -24.385  -23.204 0.0000000000
44451  63.928  -24.499  -23.341 0.0000000000
44456  65.483  -23.450  -23.836 0.0000000000
44457  64.890  -23.741  -23.823 0.0000000000
44458  63.686  -24.244  -23.714 0.0000000000
44459  62.411  -24.287  -23.859 0.0000000000
44460  61.366  -24.361  -24.011 0.0000000000
44461  60.409  -24.492  -24.162 0.0000000000
44462  59.473  -24.682  -24.423 0.0000000000
44463  58.880  -25.145  -24.566 0.0000000000
44472  59.315  -24.103  -24.811 0.0000000000
44473  58.656  -24.536  -25.229 0.0000000000
44474  58.009  -24.928  -25.973 0.0000000000
44489  58.254  -24.296  -26.288 0.0000000000
44490  57.905  -24.932  -26.785 0.0000000000
44497  58.133  -24.368  -27.238 0.0000000000
44498  57.937  -25.106  -27.685 0.0000000000
44503  58.247  -24.787  -28.329 0.0000000000
44504  57.974  -25.220  -28.148 0.0000000000
44509  58.957  -24.683  -29.699 0.0000000000
44510  58.642  -24.513  -29.092 0.0000000000
44515  61.183  -24.082  -30.682 0.0000000000
44516  60.785  -24.719  -30.546 0.0000000000
44517  59.773  -24.719  -30.141 0.0000000000
44525  63.680  -23.971  -31.811 0.0000000000
44526  63.140  -24.519  -31.637 0.0000000000
44527  61.920  -24.605  -30.914 0.0000000000
44528  61.415  -25.199  -30.802 0.0000000000
44540  64.361  -23.845  -32.754 0.0000000000
44541  64.079  -24.441  -32.280 0.0000000000
44542  63.637  -24.995  -31.963 0.0000000000
44556  64.303  -24.382  -33.241 0.0000000000
44557  64.196  -24.869  -32.825 0.0000000000
44575  64.179  -24.473  -34.142 0.0000000000
44589  63.888  -24.559  -34.723 0.0000000000
45420  65.371  -23.815  -17.675 0.0000000000
45421  64.732  -23.877  -17.539 0.0000000000
45445  67.630  -23.804  -18.540 0.0000000000
45446  67.113  -23.901  -18.025 0.0000000000
45447  66.055  -23.512  -18.028 0.0000000000
45448  65.038  -23.378  -18.104 0.0000000000
45475  67.909  -24.031  -19.302 0.0000000000
45476  67.391  -24.343  -18.690 0.0000000000
45477  66.041  -22.857  -18.350 0.0000000000
45478  65.477  -22.816  -18.460 0.0000000000
45507  68.107  -23.920  -20.327 0.0000000000
45508  67.799  -24.164  -20.785 0.0000000000
45524  68.283  -23.348  -20.553 0.0000000000
45525  67.903  -23.718  -21.281 0.0000000000
45536  67.317  -23.421  -22.342 0.0000000000
45548  66.762  -23.197  -23.089 0.0000000000
45549  66.303  -23.379  -23.509 0.0000000000
45558  66.471  -22.956  -23.577 0.0000000000
45559  65.949  -23.132  -23.900 0.0000000000
45560  65.199  -23.076  -24.130 0.0000000000
45561  64.216  -23.171  -24.194 0.0000000000
45562  63.020  -23.284  -24.194 0.0000000000
45563  61.832  -23.355  -24.236 0.0000000000
45564  60.739  -23.489  -24.417 0.0000000000
45565  59.881  -23.873  -24.580 0.0000000000
45569  60.111  -23.211  -24.815 0.0000000000
45570  59.385  -23.455  -25.205 0.0000000000
45571  58.716  -23.590  -25.952 0.0000000000
45586  58.427  -23.643  -26.724 0.0000000000
45601  58.457  -23.681  -27.618 0.0000000000
45607  59.408  -23.212  -28.795 0.0000000000
45608  58.912  -23.695  -28.604 0.0000000000
45614  60.178  -23.112  -29.820 0.0000000000
45615  59.659  -23.635  -29.523 0.0000000000
45616  59.012  -24.101  -29.250 0.0000000000
45622  61.505  -23.497  -30.832 0.0000000000
45623  60.596  -23.524  -30.308 0.0000000000
45624  60.184  -24.137  -30.156 0.0000000000
45627  64.013  -23.387  -31.898 0.0000000000
45628  63.301  -23.448  -31.624 0.0000000000
45629  62.429  -23.565  -31.255 0.0000000000
45638  64.475  -23.192  -33.124 0.0000000000
45639  64.356  -23.324  -32.446 0.0000000000
45655  64.333  -23.507  -33.941 0.0000000000
45675  64.053  -23.753  -34.575 0.0000000000
45676  61.694  -23.327  -35.001 0.0000000000
45691  63.726  -23.875  -34.934 0.0000000000
45692  63.218  -23.888  -35.141 0.0000000000
46588  67.417  -23.474  -18.305 0.0000000000
46589  67.013  -23.175  -18.183 0.0000000000
46590  66.474  -22.847  -18.314 0.0000000000
46603  67.847  -23.130  -18.596 0.0000000000
46604  67.102  -22.444  -18.416 0.0000000000
46605  66.154  -22.277  -18.620 0.0000000000
46634  68.407  -23.019  -19.733 0.0000000000
46660  68.308  -22.714  -20.785 0.0000000000
46661  67.937  -22.647  -21.782 0.0000000000
46679  67.249  -22.524  -22.533 0.0000000000
46693  66.729  -22.411  -23.220 0.0000000000
46704  66.319  -22.408  -23.858 0.0000000000
46705  65.640  -22.364  -24.177 0.0000000000
46706  64.729  -22.254  -24.361 0.0000000000
46707  63.506  -22.134  -24.525 0.0000000000
46708  62.295  -22.387  -24.547 0.0000000000
46709  61.143  -22.430  -24.760 0.0000000000
46710  60.517  -22.882  -24.785 0.0000000000
46717  60.726  -21.928  -25.274 0.0000000000
46718  60.149  -22.508  -25.316 0.0000000000
46719  59.232  -22.700  -26.130 0.0000000000
46720  58.702  -23.182  -26.409 0.0000000000
46728  59.224  -22.398  -27.133 0.0000000000
46729  58.662  -22.977  -26.951 0.0000000000
46745  59.393  -22.372  -27.961 0.0000000000
46746  58.861  -22.921  -27.802 0.0000000000
46760  60.329  -22.320  -29.220 0.0000000000
46761  59.832  -22.642  -28.727 0.0000000000
46762  59.268  -22.949  -28.363 0.0000000000
46768  60.438  -22.513  -29.945 0.0000000000
46769  60.089  -22.836  -29.443 0.0000000000
46774  61.935  -22.651  -31.088 0.0000000000
46775  61.070  -22.576  -30.664 0.0000000000
46777  64.800  -22.036  -32.565 0.0000000000
46778  64.424  -22.436  -32.102 0.0000000000
46779  63.670  -22.539  -31.686 0.0000000000
46780  62.790  -22.645  -31.449 0.0000000000
46784  64.726  -22.222  -33.103 0.0000000000
46785  64.572  -22.626  -32.652 0.0000000000
46798  64.473  -22.498  -33.773 0.0000000000
46799  60.749  -22.252  -34.104 0.0000000000
46800  60.121  -22.636  -33.678 0.0000000000
46814  64.079  -22.781  -34.601 0.0000000000
46815  63.355  -22.512  -35.030 0.0000000000
46816  62.391  -22.638  -35.061 0.0000000000
46817  61.359  -22.549  -34.598 0.0000000000
46818  60.642  -22.905  -34.261 0.0000000000
46831  63.876  -23.392  -34.814 0.0000000000
46832  63.606  -23.246  -35.052 0.0000000000
46833  63.022  -23.195  -35.216 0.0000000000
47678  68.076  -22.017  -18.849 0.0000000000
47764  66.432  -21.556  -23.464 0.0000000000
47765  66.045  -21.144  -23.969 0.0000000000
47781  66.063  -21.772  -24.093 0.0000000000
47782  65.313  -21.305  -24.221 0.0000000000
47783  64.260  -21.260  -24.531 0.0000000000
47784  63.398  -21.120  -24.743 0.0000000000
47785  62.430  -21.305  -24.896 0.0000000000
47786  61.785  -21.851  -24.836 0.0000000000
47797  61.846  -20.787  -25.274 0.0000000000
47798  61.288  -21.337  -25.247 0.0000000000
47799  60.439  -21.558  -25.924 0.0000000000
47800  59.921  -22.202  -25.980 0.0000000000
47808  60.285  -21.356  -26.966 0.0000000000
47809  59.873  -22.068  -26.594 0.0000000000
47817  60.143  -21.376  -27.850 0.0000000000
47818  59.901  -22.005  -27.427 0.0000000000
47836  60.390  -21.746  -28.652 0.0000000000
47837  59.943  -22.025  -28.104 0.0000000000
47850  60.582  -21.744  -29.501 0.0000000000
47855  62.428  -21.356  -31.132 0.0000000000
47856  61.637  -21.655  -30.897 0.0000000000
47857  60.835  -21.715  -30.282 0.0000000000
47859  64.713  -21.426  -32.245 0.0000000000
47860  64.139  -21.590  -31.691 0.0000000000
47861  63.166  -21.688  -31.406 0.0000000000
47862  62.358  -21.988  -31.253 0.0000000000
47867  64.888  -21.406  -32.944 0.0000000000
47868  59.105  -21.732  -32.545 0.0000000000
47878  64.632  -21.608  -33.598 0.0000000000
47879  61.208  -21.606  -34.145 0.0000000000
47880  60.473  -21.683  -33.694 0.0000000000
47881  59.770  -21.768  -33.174 0.0000000000
47893  64.305  -21.800  -34.177 0.0000000000
47894  63.765  -21.776  -34.660 0.0000000000
47895  62.945  -21.754  -34.749 0.0000000000
47896  62.049  -21.689  -34.570 0.0000000000
48841  66.137  -20.811  -23.485 0.0000000000
48842  65.556  -20.518  -23.767 0.0000000000
48843  65.084  -20.278  -23.873 0.0000000000
48856  65.195  -20.618  -24.066 0.0000000000
48857  64.670  -20.429  -24.180 0.0000000000
48858  63.673  -20.224  -24.590 0.0000000000
48859  62.973  -20.592  -24.905 0.0000000000
48871  62.966  -19.996  -24.970 0.0000000000
48872  62.308  -20.261  -25.232 0.0000000000
48873  61.354  -20.266  -25.701 0.0000000000
48874  60.859  -20.849  -25.765 0.0000000000
48888  60.992  -19.914  -26.219 0.0000000000
48889  60.718  -20.484  -26.491 0.0000000000
48897  60.442  -20.606  -27.539 0.0000000000
48912  60.498  -20.837  -28.399 0.0000000000
48933  61.054  -20.506  -29.607 0.0000000000
48934  60.736  -21.067  -29.131 0.0000000000
48946  64.256  -20.057  -30.879 0.0000000000
48947  63.226  -20.239  -30.773 0.0000000000
48948  62.179  -20.643  -30.705 0.0000000000
48949  61.231  -20.896  -30.344 0.0000000000
48950  60.773  -21.138  -29.815 0.0000000000
48952  64.643  -20.516  -31.708 0.0000000000
48953  63.787  -20.846  -31.235 0.0000000000
48954  62.957  -20.933  -31.091 0.0000000000
48960  64.904  -20.552  -32.613 0.0000000000
48961  60.384  -20.332  -33.097 0.0000000000
48962  59.595  -20.817  -32.707 0.0000000000
48971  64.594  -20.639  -33.591 0.0000000000
48972  63.797  -20.275  -34.198 0.0000000000
48973  62.830  -20.353  -34.211 0.0000000000
48974  61.833  -20.737  -34.074 0.0000000000
48975  60.840  -20.870  -33.692 0.0000000000
48976  60.163  -21.061  -33.331 0.0000000000
48987  64.474  -21.245  -33.940 0.0000000000
48988  64.160  -21.065  -34.303 0.0000000000
48989  63.379  -21.008  -34.488 0.0000000000
48990  62.613  -21.079  -34.448 0.0000000000
49834  65.154  -20.036  -23.611 0.0000000000
49835  64.804  -19.752  -23.730 0.0000000000
49849  64.208  -19.541  -24.126 0.0000000000
49850  63.666  -19.330  -24.485 0.0000000000
49861  63.191  -19.427  -24.817 0.0000000000
49862  62.622  -19.434  -25.213 0.0000000000
49863  61.953  -19.455  -25.638 0.0000000000
49878  61.333  -19.380  -26.247 0.0000000000
49879  60.937  -19.720  -26.659 0.0000000000
49893  61.112  -19.148  -27.089 0.0000000000
49894  60.770  -19.825  -27.340 0.0000000000
49901  61.125  -19.229  -28.064 0.0000000000
49902  60.707  -19.998  -28.276 0.0000000000
49918  62.173  -19.171  -29.491 0.0000000000
49919  61.445  -19.569  -29.217 0.0000000000
49920  60.861  -20.379  -28.929 0.0000000000
49941  64.511  -19.384  -30.469 0.0000000000
49942  63.630  -19.559  -30.379 0.0000000000
49943  62.495  -19.582  -30.072 0.0000000000
49944  61.618  -20.185  -30.051 0.0000000000
49955  65.110  -19.430  -31.182 0.0000000000
49962  65.020  -19.646  -32.224 0.0000000000
49963  62.630  -18.952  -33.382 0.0000000000
49964  61.630  -19.190  -33.111 0.0000000000
49965  60.755  -19.523  -32.805 0.0000000000
49966  59.939  -19.844  -32.421 0.0000000000
49972  64.769  -19.696  -33.057 0.0000000000
49973  64.123  -19.615  -33.685 0.0000000000
49974  63.192  -19.621  -33.820 0.0000000000
49975  62.198  -19.772  -33.720 0.0000000000
49976  61.242  -20.045  -33.441 0.0000000000
50904  63.961  -18.712  -24.291 0.0000000000
50905  63.407  -18.734  -24.723 0.0000000000
50918  62.929  -18.821  -25.071 0.0000000000
50919  62.453  -18.671  -25.593 0.0000000000
50920  61.843  -18.834  -26.031 0.0000000000
50930  62.209  -18.276  -26.260 0.0000000000
50931  61.638  -18.653  -26.707 0.0000000000
50946  62.176  -18.061  -27.124 0.0000000000
50947  61.642  -18.612  -27.650 0.0000000000
50959  62.359  -18.140  -28.207 0.0000000000
50960  61.805  -18.757  -28.682 0.0000000000
50968  64.090  -18.539  -29.495 0.0000000000
50969  62.827  -18.607  -29.407 0.0000000000
50970  62.009  -18.975  -29.245 0.0000000000
50989  63.953  -19.037  -29.929 0.0000000000
50990  63.212  -19.155  -29.995 0.0000000000
51040  64.875  -19.004  -32.747 0.0000000000
51041  64.319  -18.889  -33.324 0.0000000000
51042  63.539  -19.017  -33.505 0.0000000000
52251  63.723  -18.270  -24.641 0.0000000000
52268  64.025  -17.249  -25.419 0.0000000000
52269  63.227  -17.964  -25.259 0.0000000000
52270  62.611  -18.068  -25.840 0.0000000000
52280  63.908  -16.992  -25.973 0.0000000000
52281  63.441  -17.239  -25.956 0.0000000000
52282  62.763  -17.533  -26.383 0.0000000000
52292  62.784  -17.436  -27.570 0.0000000000
52307  63.311  -17.750  -28.642 0.0000000000
52321  63.572  -18.218  -29.179 0.0000000000
53699  63.723  -16.934  -26.427 0.0000000000
53700  63.245  -17.089  -26.413 0.0000000000
53717  63.252  -16.938  -26.963 0.0000000000
