#!ascii label  , from subject cvs_avg35_inMNI152 vox2ras=TkReg
617
69782  46.647  -2.267  -29.021 0.0000000000
69790  46.849  -2.148  -29.806 0.0000000000
69813  47.157  -2.013  -30.344 0.0000000000
70774  46.311  -1.107  -28.021 0.0000000000
70776  46.373  -1.304  -28.765 0.0000000000
70783  46.572  -1.360  -29.613 0.0000000000
70802  47.330  -1.422  -30.762 0.0000000000
70803  46.858  -1.409  -30.299 0.0000000000
70827  47.808  -1.487  -31.121 0.0000000000
71835  46.453  -0.331  -27.655 0.0000000000
71837  46.417  -0.351  -28.506 0.0000000000
71842  46.488  -0.417  -29.383 0.0000000000
71859  47.038  -0.859  -30.755 0.0000000000
71860  46.730  -0.502  -30.296 0.0000000000
71881  47.545  -0.528  -31.411 0.0000000000
71882  47.017  -0.365  -30.885 0.0000000000
72930  51.477  0.872  -24.170 0.0000000000
72931  50.746  0.788  -24.434 0.0000000000
72944  49.321  0.817  -25.211 0.0000000000
72955  48.301  0.913  -26.027 0.0000000000
72956  47.737  0.805  -26.360 0.0000000000
72957  47.037  0.350  -26.482 0.0000000000
72961  47.341  0.942  -26.902 0.0000000000
72962  46.821  0.591  -27.312 0.0000000000
72964  46.601  0.536  -28.152 0.0000000000
72966  46.574  0.555  -29.045 0.0000000000
72979  46.655  0.499  -30.006 0.0000000000
72997  47.360  0.414  -31.632 0.0000000000
72998  46.926  0.452  -31.020 0.0000000000
73016  47.900  0.393  -32.186 0.0000000000
74076  51.969  1.312  -24.063 0.0000000000
74083  52.091  2.085  -23.992 0.0000000000
74084  51.369  1.682  -24.421 0.0000000000
74085  50.376  1.578  -25.064 0.0000000000
74086  49.728  1.106  -25.201 0.0000000000
74095  50.169  2.021  -25.597 0.0000000000
74096  49.438  1.585  -25.818 0.0000000000
74097  48.711  1.181  -25.982 0.0000000000
74109  49.122  2.025  -26.443 0.0000000000
74110  48.425  1.666  -26.632 0.0000000000
74111  47.721  1.288  -26.840 0.0000000000
74121  48.154  2.103  -27.301 0.0000000000
74122  47.481  1.673  -27.540 0.0000000000
74123  46.851  1.129  -27.866 0.0000000000
74128  47.287  2.078  -28.251 0.0000000000
74129  46.888  1.559  -28.553 0.0000000000
74131  46.744  1.488  -29.641 0.0000000000
74142  46.777  1.422  -30.582 0.0000000000
74162  47.254  1.361  -31.805 0.0000000000
74163  46.911  1.384  -31.196 0.0000000000
74179  47.890  1.512  -32.543 0.0000000000
75248  59.144  3.150  -21.182 0.0000000000
75268  53.182  2.284  -23.234 0.0000000000
75269  52.667  2.543  -23.675 0.0000000000
75275  52.247  2.825  -23.962 0.0000000000
75276  51.761  2.671  -24.346 0.0000000000
75277  51.144  2.505  -24.884 0.0000000000
75284  50.608  2.525  -25.445 0.0000000000
75285  50.149  2.504  -25.986 0.0000000000
75296  49.581  2.530  -26.522 0.0000000000
75297  49.026  2.334  -26.808 0.0000000000
75309  49.294  2.841  -27.071 0.0000000000
75310  48.693  2.611  -27.388 0.0000000000
75311  48.063  2.406  -27.686 0.0000000000
75322  48.348  2.885  -27.982 0.0000000000
75323  47.739  2.633  -28.319 0.0000000000
75324  47.224  2.335  -28.670 0.0000000000
75331  47.363  2.857  -28.930 0.0000000000
75332  46.986  2.473  -29.350 0.0000000000
75338  46.801  2.389  -30.279 0.0000000000
75360  47.127  2.188  -31.913 0.0000000000
75361  46.907  2.290  -31.304 0.0000000000
75375  47.456  2.277  -32.381 0.0000000000
75395  48.111  2.396  -33.176 0.0000000000
76388  63.733  3.811  -20.562 0.0000000000
76389  62.916  3.665  -20.769 0.0000000000
76390  62.108  3.575  -20.769 0.0000000000
76391  61.201  3.465  -20.755 0.0000000000
76392  60.364  3.294  -20.859 0.0000000000
76398  63.222  4.176  -21.063 0.0000000000
76399  62.524  4.162  -21.216 0.0000000000
76400  61.634  4.112  -21.237 0.0000000000
76401  60.694  3.951  -21.242 0.0000000000
76402  59.705  3.614  -21.315 0.0000000000
76403  58.773  3.624  -21.419 0.0000000000
76404  57.850  3.501  -21.325 0.0000000000
76405  56.855  3.287  -21.306 0.0000000000
76406  55.891  3.106  -21.503 0.0000000000
76407  55.220  2.849  -21.729 0.0000000000
76415  55.338  3.438  -21.817 0.0000000000
76416  54.650  3.192  -22.183 0.0000000000
76417  53.719  3.004  -22.792 0.0000000000
76423  53.151  3.213  -23.383 0.0000000000
76424  52.632  3.386  -23.756 0.0000000000
76430  52.151  3.454  -24.143 0.0000000000
76431  51.576  3.501  -24.713 0.0000000000
76432  51.070  3.148  -25.253 0.0000000000
76437  51.197  3.813  -25.268 0.0000000000
76438  50.650  3.490  -25.844 0.0000000000
76439  50.111  3.146  -26.408 0.0000000000
76448  50.230  3.894  -26.567 0.0000000000
76449  49.734  3.472  -26.965 0.0000000000
76456  49.227  3.437  -27.482 0.0000000000
76457  48.778  3.431  -27.923 0.0000000000
76467  48.273  3.499  -28.414 0.0000000000
76468  47.698  3.472  -28.921 0.0000000000
76478  47.221  3.357  -29.406 0.0000000000
76479  46.879  3.287  -29.978 0.0000000000
76485  46.767  3.322  -30.821 0.0000000000
76507  47.083  2.821  -32.064 0.0000000000
76508  46.864  3.383  -31.704 0.0000000000
76523  47.333  3.338  -32.760 0.0000000000
76524  47.003  3.429  -32.249 0.0000000000
76540  47.858  3.507  -33.620 0.0000000000
77539  65.271  4.671  -19.821 0.0000000000
77545  64.987  5.185  -20.231 0.0000000000
77546  64.502  4.673  -20.451 0.0000000000
77547  63.722  4.712  -20.986 0.0000000000
77553  63.046  4.772  -21.445 0.0000000000
77554  62.129  4.903  -21.699 0.0000000000
77555  61.114  4.663  -21.655 0.0000000000
77556  60.164  4.494  -21.696 0.0000000000
77557  59.191  4.385  -21.733 0.0000000000
77558  58.201  4.328  -21.678 0.0000000000
77559  57.191  4.170  -21.638 0.0000000000
77560  56.231  3.909  -21.687 0.0000000000
77561  55.693  3.693  -21.757 0.0000000000
77568  61.917  5.434  -21.874 0.0000000000
77569  61.424  5.306  -21.914 0.0000000000
77570  60.596  5.200  -22.021 0.0000000000
77571  59.649  5.147  -22.106 0.0000000000
77572  58.617  5.138  -22.102 0.0000000000
77573  57.543  5.052  -22.072 0.0000000000
77574  56.465  4.791  -22.074 0.0000000000
77575  55.347  4.270  -22.107 0.0000000000
77576  54.176  4.249  -22.886 0.0000000000
77577  53.548  3.708  -23.177 0.0000000000
77584  53.879  4.828  -23.423 0.0000000000
77585  53.167  4.348  -23.657 0.0000000000
77586  52.525  3.913  -23.920 0.0000000000
77591  52.797  4.914  -24.145 0.0000000000
77592  52.256  4.423  -24.300 0.0000000000
77593  51.564  4.483  -24.960 0.0000000000
77599  51.127  4.470  -25.614 0.0000000000
77600  50.686  4.509  -26.245 0.0000000000
77609  50.259  4.694  -26.948 0.0000000000
77610  49.975  4.114  -27.033 0.0000000000
77618  50.030  5.036  -27.331 0.0000000000
77619  49.585  4.479  -27.570 0.0000000000
77620  49.096  3.923  -27.805 0.0000000000
77627  49.249  4.911  -28.139 0.0000000000
77628  48.819  4.366  -28.273 0.0000000000
77629  48.045  4.330  -28.851 0.0000000000
77640  47.413  4.225  -29.489 0.0000000000
77641  47.077  3.806  -29.785 0.0000000000
77657  47.341  4.872  -29.905 0.0000000000
77658  46.973  4.304  -30.330 0.0000000000
77678  46.769  4.221  -31.348 0.0000000000
77690  47.138  3.901  -32.824 0.0000000000
77691  46.898  4.171  -32.417 0.0000000000
77703  47.283  4.200  -33.263 0.0000000000
77704  46.934  4.824  -33.034 0.0000000000
78738  65.281  5.739  -19.954 0.0000000000
78739  64.699  5.731  -20.519 0.0000000000
78740  64.143  5.331  -20.868 0.0000000000
78746  64.196  5.966  -20.989 0.0000000000
78747  63.547  5.617  -21.360 0.0000000000
78748  62.834  5.357  -21.667 0.0000000000
78754  62.965  5.874  -21.696 0.0000000000
78755  62.352  5.704  -21.839 0.0000000000
78756  61.714  5.810  -21.986 0.0000000000
78757  61.009  5.784  -22.174 0.0000000000
78758  60.139  5.799  -22.383 0.0000000000
78759  59.104  5.872  -22.507 0.0000000000
78760  57.949  5.908  -22.651 0.0000000000
78761  56.802  5.745  -22.613 0.0000000000
78762  55.700  5.443  -22.566 0.0000000000
78763  54.884  5.079  -22.668 0.0000000000
78772  57.247  6.326  -22.919 0.0000000000
78773  56.660  6.415  -23.024 0.0000000000
78774  55.060  5.764  -22.921 0.0000000000
78775  54.389  5.430  -23.281 0.0000000000
78776  53.715  5.308  -23.772 0.0000000000
78782  53.163  5.399  -24.107 0.0000000000
78783  52.565  5.481  -24.500 0.0000000000
78784  51.946  5.167  -24.744 0.0000000000
78790  52.153  5.771  -24.997 0.0000000000
78791  51.576  5.446  -25.440 0.0000000000
78792  51.111  5.105  -25.998 0.0000000000
78800  51.286  5.712  -26.106 0.0000000000
78801  50.794  5.437  -26.564 0.0000000000
78809  50.334  5.513  -27.164 0.0000000000
78810  49.919  5.485  -27.593 0.0000000000
78816  49.522  5.439  -28.067 0.0000000000
78817  48.994  5.410  -28.535 0.0000000000
78818  48.391  5.046  -28.761 0.0000000000
78825  48.500  5.697  -28.982 0.0000000000
78826  47.866  5.321  -29.439 0.0000000000
78844  47.344  5.543  -30.476 0.0000000000
78845  46.862  4.982  -31.023 0.0000000000
78867  47.010  5.575  -31.293 0.0000000000
78868  46.780  5.118  -31.788 0.0000000000
78882  46.816  5.178  -32.589 0.0000000000
78894  47.151  5.312  -33.709 0.0000000000
78895  46.882  5.282  -33.092 0.0000000000
79863  65.522  6.623  -19.467 0.0000000000
79869  65.035  6.639  -20.147 0.0000000000
79870  64.485  6.664  -20.743 0.0000000000
79877  63.895  6.552  -21.196 0.0000000000
79878  63.251  6.511  -21.527 0.0000000000
79879  62.660  6.788  -21.668 0.0000000000
79886  62.680  6.238  -21.746 0.0000000000
79887  62.081  6.388  -21.851 0.0000000000
79888  61.387  6.291  -22.022 0.0000000000
79889  60.618  6.376  -22.205 0.0000000000
79890  59.648  6.559  -22.381 0.0000000000
79891  58.468  6.840  -22.701 0.0000000000
79892  57.684  6.623  -22.934 0.0000000000
79893  55.972  6.235  -22.924 0.0000000000
79894  55.445  6.036  -22.942 0.0000000000
79902  57.655  7.134  -23.056 0.0000000000
79903  57.037  6.901  -23.291 0.0000000000
79904  56.163  6.818  -23.340 0.0000000000
79905  55.132  6.541  -23.567 0.0000000000
79906  54.048  6.062  -23.935 0.0000000000
79907  53.535  5.818  -24.087 0.0000000000
79913  54.845  7.106  -24.240 0.0000000000
79914  54.292  6.755  -24.332 0.0000000000
79915  53.258  6.427  -24.642 0.0000000000
79916  52.529  6.095  -24.884 0.0000000000
79921  52.970  6.991  -25.306 0.0000000000
79922  52.262  6.547  -25.594 0.0000000000
79923  51.591  6.074  -25.916 0.0000000000
79930  52.023  6.982  -26.333 0.0000000000
79931  51.366  6.487  -26.653 0.0000000000
79932  50.690  5.986  -26.972 0.0000000000
79939  51.128  6.859  -27.366 0.0000000000
79940  50.448  6.410  -27.631 0.0000000000
79941  49.824  5.956  -27.941 0.0000000000
79948  50.230  6.791  -28.271 0.0000000000
79949  49.593  6.404  -28.573 0.0000000000
79950  48.893  6.030  -28.877 0.0000000000
79959  49.401  6.903  -29.222 0.0000000000
79960  48.642  6.516  -29.539 0.0000000000
79961  47.925  6.019  -29.982 0.0000000000
79976  48.444  7.042  -30.212 0.0000000000
79977  47.918  6.675  -30.481 0.0000000000
80001  47.266  6.409  -31.515 0.0000000000
80002  46.935  5.755  -31.686 0.0000000000
80020  47.120  6.581  -32.628 0.0000000000
80021  46.866  5.837  -32.189 0.0000000000
80037  47.093  6.439  -33.581 0.0000000000
80038  46.885  5.791  -32.977 0.0000000000
80056  47.301  6.165  -34.390 0.0000000000
81017  65.601  7.542  -18.988 0.0000000000
81028  65.268  7.542  -19.715 0.0000000000
81034  64.785  7.561  -20.372 0.0000000000
81035  64.085  7.576  -21.014 0.0000000000
81036  63.712  8.106  -21.170 0.0000000000
81042  63.634  7.038  -21.322 0.0000000000
81043  63.200  7.560  -21.425 0.0000000000
81044  61.997  7.348  -21.669 0.0000000000
81045  60.918  7.656  -21.642 0.0000000000
81046  59.959  7.835  -21.693 0.0000000000
81047  59.425  7.952  -21.783 0.0000000000
81055  61.662  6.680  -21.848 0.0000000000
81056  61.143  6.854  -21.878 0.0000000000
81057  60.244  7.074  -21.972 0.0000000000
81058  59.212  7.509  -22.133 0.0000000000
81059  58.430  7.636  -22.504 0.0000000000
81066  57.902  7.590  -22.873 0.0000000000
81067  57.208  7.723  -23.475 0.0000000000
81068  56.368  7.424  -23.671 0.0000000000
81069  55.791  7.152  -23.719 0.0000000000
81075  56.916  8.166  -23.737 0.0000000000
81076  56.521  8.025  -23.986 0.0000000000
81077  55.503  7.698  -24.346 0.0000000000
81078  54.484  7.375  -24.715 0.0000000000
81079  53.913  7.053  -24.779 0.0000000000
81085  55.218  8.276  -24.920 0.0000000000
81086  54.733  7.988  -25.118 0.0000000000
81087  53.631  7.598  -25.454 0.0000000000
81088  52.861  7.211  -25.689 0.0000000000
81096  53.358  8.053  -26.177 0.0000000000
81097  52.646  7.603  -26.454 0.0000000000
81098  51.904  7.183  -26.704 0.0000000000
81106  52.450  7.970  -27.230 0.0000000000
81107  51.701  7.524  -27.451 0.0000000000
81108  51.011  7.028  -27.697 0.0000000000
81116  51.456  7.852  -28.197 0.0000000000
81117  50.778  7.338  -28.285 0.0000000000
81118  50.147  7.009  -28.563 0.0000000000
81130  50.757  7.835  -28.882 0.0000000000
81131  50.062  7.476  -29.118 0.0000000000
81132  49.340  7.245  -29.605 0.0000000000
81147  49.682  7.775  -29.854 0.0000000000
81148  49.037  7.513  -30.304 0.0000000000
81149  48.371  7.348  -30.628 0.0000000000
81168  48.672  7.813  -30.950 0.0000000000
81169  48.040  7.519  -31.325 0.0000000000
81188  47.582  7.446  -32.273 0.0000000000
81207  47.357  7.440  -33.285 0.0000000000
81223  47.308  7.267  -34.452 0.0000000000
82132  65.444  8.371  -18.642 0.0000000000
82144  65.408  8.403  -19.307 0.0000000000
82151  65.064  8.435  -19.942 0.0000000000
82152  64.569  8.508  -20.507 0.0000000000
82153  64.027  8.652  -20.929 0.0000000000
82158  63.424  8.661  -21.198 0.0000000000
82159  62.597  8.524  -21.377 0.0000000000
82160  61.595  8.512  -21.437 0.0000000000
82161  60.577  8.588  -21.468 0.0000000000
82162  59.502  8.588  -21.594 0.0000000000
82163  58.973  8.990  -21.605 0.0000000000
82170  59.117  8.064  -21.847 0.0000000000
82171  58.460  8.389  -22.025 0.0000000000
82172  57.899  8.637  -22.272 0.0000000000
82179  58.109  7.980  -22.596 0.0000000000
82180  57.590  8.368  -22.741 0.0000000000
82181  56.956  8.709  -23.114 0.0000000000
82186  57.065  8.290  -23.405 0.0000000000
82187  56.625  8.618  -23.649 0.0000000000
82188  56.071  8.630  -24.179 0.0000000000
82193  55.562  8.718  -24.746 0.0000000000
82194  55.041  8.746  -25.357 0.0000000000
82195  54.360  8.403  -25.590 0.0000000000
82202  54.554  8.998  -25.811 0.0000000000
82203  53.867  8.677  -26.154 0.0000000000
82204  53.318  8.319  -26.610 0.0000000000
82211  53.569  8.874  -26.822 0.0000000000
82212  53.064  8.492  -27.298 0.0000000000
82213  52.412  8.226  -27.672 0.0000000000
82219  52.776  8.694  -27.982 0.0000000000
82220  52.074  8.433  -28.327 0.0000000000
82221  51.267  8.111  -28.677 0.0000000000
82232  51.668  8.704  -28.984 0.0000000000
82233  50.911  8.460  -29.370 0.0000000000
82234  50.181  8.197  -29.755 0.0000000000
82250  50.522  8.759  -30.016 0.0000000000
82251  49.795  8.522  -30.405 0.0000000000
82252  49.164  8.210  -30.889 0.0000000000
82264  49.413  8.846  -31.060 0.0000000000
82265  48.788  8.527  -31.564 0.0000000000
82266  48.126  8.157  -32.076 0.0000000000
82282  48.449  8.815  -32.366 0.0000000000
82283  47.916  8.433  -32.934 0.0000000000
82303  47.554  8.368  -33.920 0.0000000000
83274  65.440  9.161  -18.960 0.0000000000
83280  65.254  9.204  -19.557 0.0000000000
83281  64.899  9.321  -20.101 0.0000000000
83282  64.388  9.478  -20.552 0.0000000000
83288  63.792  9.563  -20.930 0.0000000000
83289  63.083  9.573  -21.220 0.0000000000
83290  62.212  9.539  -21.293 0.0000000000
83291  61.258  9.538  -21.353 0.0000000000
83292  60.287  9.549  -21.397 0.0000000000
83293  59.431  9.591  -21.503 0.0000000000
83299  58.664  9.506  -21.670 0.0000000000
83300  57.780  9.289  -22.098 0.0000000000
83301  57.151  9.759  -22.445 0.0000000000
83309  57.140  9.066  -22.652 0.0000000000
83310  56.634  9.496  -23.091 0.0000000000
83311  56.155  9.849  -23.570 0.0000000000
83317  56.247  9.209  -23.769 0.0000000000
83318  55.785  9.554  -24.207 0.0000000000
83324  55.339  9.538  -24.964 0.0000000000
83325  54.942  9.587  -25.580 0.0000000000
83331  54.516  9.616  -26.236 0.0000000000
83332  53.942  9.345  -26.663 0.0000000000
83340  54.284  9.883  -26.834 0.0000000000
83341  53.744  9.508  -27.346 0.0000000000
83342  53.228  9.134  -27.866 0.0000000000
83348  53.548  9.693  -28.042 0.0000000000
83349  52.957  9.363  -28.535 0.0000000000
83350  52.249  9.090  -28.950 0.0000000000
83362  52.563  9.692  -29.158 0.0000000000
83363  51.832  9.418  -29.568 0.0000000000
83364  51.058  9.181  -29.930 0.0000000000
83380  51.418  9.738  -30.182 0.0000000000
83381  50.659  9.511  -30.544 0.0000000000
83382  49.880  9.321  -30.899 0.0000000000
84342  65.137  9.727  -18.685 0.0000000000
84343  64.945  10.414  -18.899 0.0000000000
84355  65.262  9.871  -19.215 0.0000000000
84356  64.920  10.467  -19.469 0.0000000000
84363  65.117  9.885  -19.736 0.0000000000
84364  64.696  10.309  -20.085 0.0000000000
84365  64.122  10.422  -20.545 0.0000000000
84371  63.533  10.513  -20.945 0.0000000000
84372  62.796  10.540  -21.212 0.0000000000
84373  61.919  10.528  -21.290 0.0000000000
84374  60.989  10.517  -21.361 0.0000000000
84375  60.069  10.505  -21.452 0.0000000000
84376  59.228  10.434  -21.614 0.0000000000
84384  58.440  10.414  -21.814 0.0000000000
84385  57.686  10.520  -22.177 0.0000000000
84386  56.985  10.518  -22.623 0.0000000000
84394  56.441  10.536  -23.135 0.0000000000
84395  55.897  10.574  -23.686 0.0000000000
84400  55.356  10.501  -24.441 0.0000000000
84401  54.935  10.806  -24.926 0.0000000000
84407  55.072  10.172  -25.133 0.0000000000
84408  54.812  10.513  -25.640 0.0000000000
84413  54.618  10.559  -26.453 0.0000000000
84420  54.380  10.516  -27.271 0.0000000000
84421  53.967  10.152  -27.843 0.0000000000
84428  54.239  10.746  -27.913 0.0000000000
84429  53.654  10.469  -28.428 0.0000000000
84430  53.045  10.167  -28.989 0.0000000000
84444  53.304  10.906  -29.073 0.0000000000
84445  52.666  10.501  -29.668 0.0000000000
84446  51.967  10.160  -30.118 0.0000000000
85461  64.445  10.839  -18.834 0.0000000000
85462  64.005  11.033  -18.617 0.0000000000
85471  64.584  10.919  -19.164 0.0000000000
85472  63.253  11.331  -18.504 0.0000000000
85473  62.374  11.481  -18.339 0.0000000000
85482  64.499  11.036  -19.604 0.0000000000
85489  64.287  11.170  -20.105 0.0000000000
85490  63.870  11.344  -20.545 0.0000000000
85496  63.353  11.482  -21.041 0.0000000000
85497  62.570  11.490  -21.300 0.0000000000
85498  61.694  11.473  -21.404 0.0000000000
85499  60.780  11.461  -21.519 0.0000000000
85500  59.841  11.421  -21.705 0.0000000000
85501  59.078  11.107  -21.867 0.0000000000
85509  59.359  11.759  -21.999 0.0000000000
85510  58.575  11.496  -22.177 0.0000000000
85511  57.624  11.516  -22.565 0.0000000000
85512  56.908  11.220  -22.865 0.0000000000
85520  57.204  11.867  -22.947 0.0000000000
85521  56.480  11.592  -23.261 0.0000000000
85522  55.701  11.520  -23.839 0.0000000000
85527  55.201  11.522  -24.478 0.0000000000
85528  54.844  11.492  -25.132 0.0000000000
85534  54.702  11.434  -25.866 0.0000000000
85539  54.597  11.483  -26.652 0.0000000000
85545  54.433  11.545  -27.500 0.0000000000
85546  54.187  11.916  -28.004 0.0000000000
85551  54.150  11.246  -28.156 0.0000000000
85552  53.760  11.655  -28.612 0.0000000000
85566  53.296  11.828  -29.593 0.0000000000
86538  64.361  11.153  -19.017 0.0000000000
86539  64.132  11.319  -18.928 0.0000000000
86546  64.217  11.393  -19.205 0.0000000000
86547  63.640  12.077  -18.989 0.0000000000
86548  62.645  12.365  -18.548 0.0000000000
86549  61.688  12.419  -18.319 0.0000000000
86550  60.542  12.302  -18.215 0.0000000000
86557  64.135  11.731  -19.597 0.0000000000
86558  63.859  12.518  -19.736 0.0000000000
86564  64.040  11.883  -20.104 0.0000000000
86565  63.715  12.378  -20.520 0.0000000000
86571  63.157  12.408  -21.195 0.0000000000
86572  62.365  12.381  -21.439 0.0000000000
86573  61.531  12.383  -21.600 0.0000000000
86574  60.626  12.396  -21.800 0.0000000000
86575  59.901  12.176  -21.998 0.0000000000
86581  60.214  12.764  -22.106 0.0000000000
86582  59.475  12.527  -22.327 0.0000000000
86583  58.510  12.503  -22.684 0.0000000000
86584  57.754  12.290  -22.892 0.0000000000
86593  58.122  12.859  -23.069 0.0000000000
86594  57.346  12.644  -23.267 0.0000000000
86595  56.390  12.583  -23.728 0.0000000000
86596  55.657  12.252  -24.139 0.0000000000
86602  56.081  12.857  -24.276 0.0000000000
86603  55.431  12.513  -24.786 0.0000000000
86604  54.865  12.160  -25.368 0.0000000000
86610  55.201  12.783  -25.359 0.0000000000
86611  54.762  12.468  -25.946 0.0000000000
86618  54.564  12.455  -26.787 0.0000000000
86626  54.338  12.560  -27.489 0.0000000000
86627  54.002  12.634  -28.135 0.0000000000
86634  53.671  12.684  -28.858 0.0000000000
87572  63.333  13.232  -19.421 0.0000000000
87573  62.823  13.254  -18.877 0.0000000000
87574  61.986  13.300  -18.532 0.0000000000
87575  61.060  13.271  -18.388 0.0000000000
87576  60.090  13.426  -18.396 0.0000000000
87577  59.092  13.214  -18.520 0.0000000000
87581  63.599  13.314  -20.063 0.0000000000
87582  59.434  13.902  -18.800 0.0000000000
87583  58.602  13.684  -18.979 0.0000000000
87589  63.355  13.265  -20.780 0.0000000000
87595  62.864  13.187  -21.324 0.0000000000
87596  62.222  13.217  -21.604 0.0000000000
87597  61.452  13.303  -21.862 0.0000000000
87598  60.727  13.164  -22.006 0.0000000000
87603  61.072  13.703  -22.095 0.0000000000
87604  60.348  13.510  -22.399 0.0000000000
87605  59.409  13.441  -22.859 0.0000000000
87606  58.688  13.237  -23.067 0.0000000000
87613  59.057  13.763  -23.251 0.0000000000
87614  58.288  13.599  -23.426 0.0000000000
87615  57.296  13.564  -23.782 0.0000000000
87616  56.589  13.327  -24.089 0.0000000000
87623  56.962  13.887  -24.176 0.0000000000
87624  56.341  13.602  -24.654 0.0000000000
87625  55.695  13.239  -25.153 0.0000000000
87633  56.010  13.880  -25.214 0.0000000000
87634  55.286  13.563  -25.570 0.0000000000
87635  54.738  13.385  -26.244 0.0000000000
87643  54.485  13.383  -26.892 0.0000000000
87647  54.213  13.509  -27.577 0.0000000000
87648  53.911  13.554  -28.333 0.0000000000
88574  63.189  13.889  -19.764 0.0000000000
88575  62.814  13.998  -19.354 0.0000000000
88576  62.203  14.059  -18.909 0.0000000000
88577  61.345  14.002  -18.634 0.0000000000
88578  60.722  13.834  -18.520 0.0000000000
88582  63.220  14.015  -20.374 0.0000000000
88583  62.865  14.581  -19.904 0.0000000000
88584  62.349  14.607  -19.455 0.0000000000
88585  61.605  14.688  -19.108 0.0000000000
88586  60.409  14.478  -18.891 0.0000000000
88587  59.059  14.637  -19.413 0.0000000000
88588  58.007  14.093  -19.504 0.0000000000
88593  63.008  13.922  -21.138 0.0000000000
88594  62.875  14.695  -20.825 0.0000000000
88595  58.767  15.162  -19.885 0.0000000000
88596  58.203  14.883  -19.948 0.0000000000
88597  57.090  14.371  -20.074 0.0000000000
88602  62.646  13.680  -21.472 0.0000000000
88603  62.274  14.274  -21.793 0.0000000000
88604  61.579  13.916  -22.109 0.0000000000
88605  56.655  14.932  -20.598 0.0000000000
88610  61.893  14.863  -22.189 0.0000000000
88611  61.266  14.437  -22.350 0.0000000000
88612  60.183  14.478  -22.967 0.0000000000
88613  59.501  14.055  -23.178 0.0000000000
88619  59.988  15.058  -23.441 0.0000000000
88620  59.268  14.524  -23.545 0.0000000000
88621  58.170  14.545  -23.997 0.0000000000
88622  57.424  14.171  -24.081 0.0000000000
88628  58.005  15.087  -24.440 0.0000000000
88629  57.298  14.573  -24.508 0.0000000000
88630  56.623  14.516  -25.058 0.0000000000
88635  55.925  14.589  -25.480 0.0000000000
88636  55.000  14.546  -26.025 0.0000000000
88637  54.612  13.948  -26.461 0.0000000000
88642  54.763  15.087  -26.420 0.0000000000
88643  54.455  14.503  -26.871 0.0000000000
88647  54.147  14.477  -27.830 0.0000000000
89565  62.470  14.945  -19.791 0.0000000000
89566  62.012  15.192  -19.709 0.0000000000
89567  61.095  15.375  -19.562 0.0000000000
89568  59.991  15.424  -19.577 0.0000000000
89569  59.214  15.402  -19.869 0.0000000000
89572  62.467  15.215  -20.287 0.0000000000
89573  61.779  15.912  -20.402 0.0000000000
89574  60.676  16.103  -20.168 0.0000000000
89575  59.666  16.041  -20.180 0.0000000000
89576  58.673  15.715  -20.326 0.0000000000
89577  57.724  15.348  -20.434 0.0000000000
89578  57.046  15.242  -20.596 0.0000000000
89581  62.300  15.389  -21.342 0.0000000000
89582  61.816  16.229  -21.460 0.0000000000
89583  58.057  15.983  -20.752 0.0000000000
89584  57.370  15.906  -20.874 0.0000000000
89585  56.532  15.577  -21.075 0.0000000000
89586  55.535  15.439  -21.636 0.0000000000
89591  62.134  15.075  -21.981 0.0000000000
89592  61.611  15.590  -22.389 0.0000000000
89593  60.960  15.031  -22.759 0.0000000000
89600  61.184  16.056  -22.990 0.0000000000
89601  60.669  15.575  -23.255 0.0000000000
89602  59.723  15.599  -23.919 0.0000000000
89603  58.995  15.084  -23.960 0.0000000000
89608  59.404  16.125  -24.288 0.0000000000
89609  58.723  15.630  -24.345 0.0000000000
89610  57.728  15.629  -24.821 0.0000000000
89611  57.133  15.051  -24.948 0.0000000000
89615  57.408  16.125  -25.200 0.0000000000
89616  56.787  15.534  -25.328 0.0000000000
89617  55.842  15.516  -25.822 0.0000000000
89622  55.121  15.658  -26.229 0.0000000000
89623  54.602  15.635  -26.714 0.0000000000
89627  54.302  15.447  -27.415 0.0000000000
89628  54.124  15.399  -28.227 0.0000000000
90604  61.202  16.584  -20.950 0.0000000000
90605  60.272  16.785  -20.788 0.0000000000
90606  59.270  16.562  -20.670 0.0000000000
90607  58.558  16.392  -20.803 0.0000000000
90610  61.436  16.662  -21.501 0.0000000000
90611  59.645  17.155  -21.152 0.0000000000
90612  58.864  17.009  -21.156 0.0000000000
90613  57.979  16.628  -21.213 0.0000000000
90614  57.044  16.505  -21.396 0.0000000000
90615  56.165  16.464  -21.772 0.0000000000
90620  61.556  16.565  -22.060 0.0000000000
90628  61.267  16.491  -22.717 0.0000000000
90629  60.925  16.549  -23.417 0.0000000000
90630  60.408  16.240  -23.821 0.0000000000
90637  60.505  16.879  -23.972 0.0000000000
90638  59.900  16.623  -24.277 0.0000000000
90639  59.103  16.650  -24.517 0.0000000000
90640  58.438  16.312  -24.724 0.0000000000
91624  61.211  16.819  -21.347 0.0000000000
91625  60.898  16.985  -21.264 0.0000000000
91629  61.186  16.981  -21.700 0.0000000000
91630  60.387  17.406  -21.777 0.0000000000
91631  59.342  17.664  -21.735 0.0000000000
91632  58.399  17.463  -21.617 0.0000000000
91633  57.539  17.256  -21.717 0.0000000000
91634  56.796  17.113  -21.848 0.0000000000
91639  61.138  17.101  -22.348 0.0000000000
91640  60.621  17.613  -22.757 0.0000000000
91641  58.708  18.138  -21.970 0.0000000000
91642  57.927  18.041  -21.997 0.0000000000
91651  61.033  17.095  -23.007 0.0000000000
91652  60.581  17.502  -23.594 0.0000000000
91660  60.169  17.492  -24.319 0.0000000000
92648  60.121  18.003  -22.475 0.0000000000
92649  59.841  17.903  -22.106 0.0000000000
92654  60.190  18.519  -23.313 0.0000000000
92655  59.417  18.544  -22.466 0.0000000000
