#
992
15753 0.000000 0.000000 0.000000 1.000000
15754 0.000000 0.000000 0.000000 1.000000
16558 0.000000 0.000000 0.000000 1.000000
16572 0.000000 0.000000 0.000000 1.000000
16573 0.000000 0.000000 0.000000 1.000000
16574 0.000000 0.000000 0.000000 1.000000
16590 0.000000 0.000000 0.000000 1.000000
16591 0.000000 0.000000 0.000000 1.000000
16592 0.000000 0.000000 0.000000 1.000000
16593 0.000000 0.000000 0.000000 1.000000
16615 0.000000 0.000000 0.000000 1.000000
16616 0.000000 0.000000 0.000000 1.000000
16617 0.000000 0.000000 0.000000 1.000000
16618 0.000000 0.000000 0.000000 1.000000
17358 0.000000 0.000000 0.000000 1.000000
17364 0.000000 0.000000 0.000000 1.000000
17370 0.000000 0.000000 0.000000 1.000000
17376 0.000000 0.000000 0.000000 1.000000
17385 0.000000 0.000000 0.000000 1.000000
17386 0.000000 0.000000 0.000000 1.000000
17405 0.000000 0.000000 0.000000 1.000000
17406 0.000000 0.000000 0.000000 1.000000
17407 0.000000 0.000000 0.000000 1.000000
17408 0.000000 0.000000 0.000000 1.000000
17409 0.000000 0.000000 0.000000 1.000000
17410 0.000000 0.000000 0.000000 1.000000
17433 0.000000 0.000000 0.000000 1.000000
17434 0.000000 0.000000 0.000000 1.000000
17435 0.000000 0.000000 0.000000 1.000000
17436 0.000000 0.000000 0.000000 1.000000
17437 0.000000 0.000000 0.000000 1.000000
17459 0.000000 0.000000 0.000000 1.000000
18193 0.000000 0.000000 0.000000 1.000000
18194 0.000000 0.000000 0.000000 1.000000
18200 0.000000 0.000000 0.000000 1.000000
18201 0.000000 0.000000 0.000000 1.000000
18206 0.000000 0.000000 0.000000 1.000000
18207 0.000000 0.000000 0.000000 1.000000
18212 0.000000 0.000000 0.000000 1.000000
18219 0.000000 0.000000 0.000000 1.000000
18227 0.000000 0.000000 0.000000 1.000000
18228 0.000000 0.000000 0.000000 1.000000
18236 0.000000 0.000000 0.000000 1.000000
18237 0.000000 0.000000 0.000000 1.000000
18238 0.000000 0.000000 0.000000 1.000000
18246 0.000000 0.000000 0.000000 1.000000
18247 0.000000 0.000000 0.000000 1.000000
18248 0.000000 0.000000 0.000000 1.000000
18249 0.000000 0.000000 0.000000 1.000000
18250 0.000000 0.000000 0.000000 1.000000
18273 0.000000 0.000000 0.000000 1.000000
18274 0.000000 0.000000 0.000000 1.000000
18275 0.000000 0.000000 0.000000 1.000000
18276 0.000000 0.000000 0.000000 1.000000
18277 0.000000 0.000000 0.000000 1.000000
19030 0.000000 0.000000 0.000000 1.000000
19041 0.000000 0.000000 0.000000 1.000000
19047 0.000000 0.000000 0.000000 1.000000
19048 0.000000 0.000000 0.000000 1.000000
19055 0.000000 0.000000 0.000000 1.000000
19056 0.000000 0.000000 0.000000 1.000000
19065 0.000000 0.000000 0.000000 1.000000
19066 0.000000 0.000000 0.000000 1.000000
19072 0.000000 0.000000 0.000000 1.000000
19073 0.000000 0.000000 0.000000 1.000000
19074 0.000000 0.000000 0.000000 1.000000
19075 0.000000 0.000000 0.000000 1.000000
19077 0.000000 0.000000 0.000000 1.000000
19078 0.000000 0.000000 0.000000 1.000000
19079 0.000000 0.000000 0.000000 1.000000
19080 0.000000 0.000000 0.000000 1.000000
19081 0.000000 0.000000 0.000000 1.000000
19082 0.000000 0.000000 0.000000 1.000000
19083 0.000000 0.000000 0.000000 1.000000
19085 0.000000 0.000000 0.000000 1.000000
19086 0.000000 0.000000 0.000000 1.000000
19087 0.000000 0.000000 0.000000 1.000000
19088 0.000000 0.000000 0.000000 1.000000
19089 0.000000 0.000000 0.000000 1.000000
19090 0.000000 0.000000 0.000000 1.000000
19099 0.000000 0.000000 0.000000 1.000000
19100 0.000000 0.000000 0.000000 1.000000
19101 0.000000 0.000000 0.000000 1.000000
19102 0.000000 0.000000 0.000000 1.000000
19103 0.000000 0.000000 0.000000 1.000000
19947 0.000000 0.000000 0.000000 1.000000
19971 0.000000 0.000000 0.000000 1.000000
19972 0.000000 0.000000 0.000000 1.000000
19978 0.000000 0.000000 0.000000 1.000000
19979 0.000000 0.000000 0.000000 1.000000
19980 0.000000 0.000000 0.000000 1.000000
19982 0.000000 0.000000 0.000000 1.000000
19983 0.000000 0.000000 0.000000 1.000000
19984 0.000000 0.000000 0.000000 1.000000
19986 0.000000 0.000000 0.000000 1.000000
19987 0.000000 0.000000 0.000000 1.000000
19988 0.000000 0.000000 0.000000 1.000000
19989 0.000000 0.000000 0.000000 1.000000
19990 0.000000 0.000000 0.000000 1.000000
19992 0.000000 0.000000 0.000000 1.000000
19993 0.000000 0.000000 0.000000 1.000000
19994 0.000000 0.000000 0.000000 1.000000
19995 0.000000 0.000000 0.000000 1.000000
19998 0.000000 0.000000 0.000000 1.000000
19999 0.000000 0.000000 0.000000 1.000000
20000 0.000000 0.000000 0.000000 1.000000
20001 0.000000 0.000000 0.000000 1.000000
20004 0.000000 0.000000 0.000000 1.000000
20005 0.000000 0.000000 0.000000 1.000000
20006 0.000000 0.000000 0.000000 1.000000
20027 0.000000 0.000000 0.000000 1.000000
20028 0.000000 0.000000 0.000000 1.000000
20029 0.000000 0.000000 0.000000 1.000000
20855 0.000000 0.000000 0.000000 1.000000
20856 0.000000 0.000000 0.000000 1.000000
20857 0.000000 0.000000 0.000000 1.000000
20860 0.000000 0.000000 0.000000 1.000000
20861 0.000000 0.000000 0.000000 1.000000
20862 0.000000 0.000000 0.000000 1.000000
20863 0.000000 0.000000 0.000000 1.000000
20864 0.000000 0.000000 0.000000 1.000000
20867 0.000000 0.000000 0.000000 1.000000
20868 0.000000 0.000000 0.000000 1.000000
20869 0.000000 0.000000 0.000000 1.000000
20870 0.000000 0.000000 0.000000 1.000000
20871 0.000000 0.000000 0.000000 1.000000
20872 0.000000 0.000000 0.000000 1.000000
20873 0.000000 0.000000 0.000000 1.000000
20876 0.000000 0.000000 0.000000 1.000000
20877 0.000000 0.000000 0.000000 1.000000
20878 0.000000 0.000000 0.000000 1.000000
20879 0.000000 0.000000 0.000000 1.000000
20880 0.000000 0.000000 0.000000 1.000000
20881 0.000000 0.000000 0.000000 1.000000
20882 0.000000 0.000000 0.000000 1.000000
20885 0.000000 0.000000 0.000000 1.000000
20886 0.000000 0.000000 0.000000 1.000000
20887 0.000000 0.000000 0.000000 1.000000
20888 0.000000 0.000000 0.000000 1.000000
20889 0.000000 0.000000 0.000000 1.000000
20890 0.000000 0.000000 0.000000 1.000000
20892 0.000000 0.000000 0.000000 1.000000
20893 0.000000 0.000000 0.000000 1.000000
20894 0.000000 0.000000 0.000000 1.000000
20895 0.000000 0.000000 0.000000 1.000000
20896 0.000000 0.000000 0.000000 1.000000
20897 0.000000 0.000000 0.000000 1.000000
20906 0.000000 0.000000 0.000000 1.000000
20907 0.000000 0.000000 0.000000 1.000000
20908 0.000000 0.000000 0.000000 1.000000
20909 0.000000 0.000000 0.000000 1.000000
20910 0.000000 0.000000 0.000000 1.000000
20928 0.000000 0.000000 0.000000 1.000000
20929 0.000000 0.000000 0.000000 1.000000
20930 0.000000 0.000000 0.000000 1.000000
20931 0.000000 0.000000 0.000000 1.000000
21705 0.000000 0.000000 0.000000 1.000000
21717 0.000000 0.000000 0.000000 1.000000
21718 0.000000 0.000000 0.000000 1.000000
21719 0.000000 0.000000 0.000000 1.000000
21720 0.000000 0.000000 0.000000 1.000000
21721 0.000000 0.000000 0.000000 1.000000
21731 0.000000 0.000000 0.000000 1.000000
21732 0.000000 0.000000 0.000000 1.000000
21733 0.000000 0.000000 0.000000 1.000000
21734 0.000000 0.000000 0.000000 1.000000
21735 0.000000 0.000000 0.000000 1.000000
21745 0.000000 0.000000 0.000000 1.000000
21748 0.000000 0.000000 0.000000 1.000000
21749 0.000000 0.000000 0.000000 1.000000
21751 0.000000 0.000000 0.000000 1.000000
21752 0.000000 0.000000 0.000000 1.000000
21753 0.000000 0.000000 0.000000 1.000000
21755 0.000000 0.000000 0.000000 1.000000
21756 0.000000 0.000000 0.000000 1.000000
21757 0.000000 0.000000 0.000000 1.000000
21759 0.000000 0.000000 0.000000 1.000000
21760 0.000000 0.000000 0.000000 1.000000
21763 0.000000 0.000000 0.000000 1.000000
21764 0.000000 0.000000 0.000000 1.000000
21767 0.000000 0.000000 0.000000 1.000000
21768 0.000000 0.000000 0.000000 1.000000
21769 0.000000 0.000000 0.000000 1.000000
21770 0.000000 0.000000 0.000000 1.000000
21773 0.000000 0.000000 0.000000 1.000000
21774 0.000000 0.000000 0.000000 1.000000
21775 0.000000 0.000000 0.000000 1.000000
21776 0.000000 0.000000 0.000000 1.000000
21777 0.000000 0.000000 0.000000 1.000000
21787 0.000000 0.000000 0.000000 1.000000
21788 0.000000 0.000000 0.000000 1.000000
21789 0.000000 0.000000 0.000000 1.000000
21790 0.000000 0.000000 0.000000 1.000000
21791 0.000000 0.000000 0.000000 1.000000
21805 0.000000 0.000000 0.000000 1.000000
21806 0.000000 0.000000 0.000000 1.000000
22591 0.000000 0.000000 0.000000 1.000000
22592 0.000000 0.000000 0.000000 1.000000
22593 0.000000 0.000000 0.000000 1.000000
22613 0.000000 0.000000 0.000000 1.000000
22631 0.000000 0.000000 0.000000 1.000000
22640 0.000000 0.000000 0.000000 1.000000
22641 0.000000 0.000000 0.000000 1.000000
22642 0.000000 0.000000 0.000000 1.000000
22643 0.000000 0.000000 0.000000 1.000000
22644 0.000000 0.000000 0.000000 1.000000
22645 0.000000 0.000000 0.000000 1.000000
22646 0.000000 0.000000 0.000000 1.000000
22647 0.000000 0.000000 0.000000 1.000000
22648 0.000000 0.000000 0.000000 1.000000
22651 0.000000 0.000000 0.000000 1.000000
22652 0.000000 0.000000 0.000000 1.000000
22653 0.000000 0.000000 0.000000 1.000000
22654 0.000000 0.000000 0.000000 1.000000
22655 0.000000 0.000000 0.000000 1.000000
22658 0.000000 0.000000 0.000000 1.000000
22661 0.000000 0.000000 0.000000 1.000000
22662 0.000000 0.000000 0.000000 1.000000
22664 0.000000 0.000000 0.000000 1.000000
22666 0.000000 0.000000 0.000000 1.000000
22667 0.000000 0.000000 0.000000 1.000000
22669 0.000000 0.000000 0.000000 1.000000
22670 0.000000 0.000000 0.000000 1.000000
22672 0.000000 0.000000 0.000000 1.000000
22673 0.000000 0.000000 0.000000 1.000000
22676 0.000000 0.000000 0.000000 1.000000
22677 0.000000 0.000000 0.000000 1.000000
22680 0.000000 0.000000 0.000000 1.000000
22681 0.000000 0.000000 0.000000 1.000000
22682 0.000000 0.000000 0.000000 1.000000
22683 0.000000 0.000000 0.000000 1.000000
22692 0.000000 0.000000 0.000000 1.000000
22693 0.000000 0.000000 0.000000 1.000000
22694 0.000000 0.000000 0.000000 1.000000
22695 0.000000 0.000000 0.000000 1.000000
22696 0.000000 0.000000 0.000000 1.000000
22704 0.000000 0.000000 0.000000 1.000000
22705 0.000000 0.000000 0.000000 1.000000
22706 0.000000 0.000000 0.000000 1.000000
23491 0.000000 0.000000 0.000000 1.000000
23492 0.000000 0.000000 0.000000 1.000000
23493 0.000000 0.000000 0.000000 1.000000
23494 0.000000 0.000000 0.000000 1.000000
23495 0.000000 0.000000 0.000000 1.000000
23514 0.000000 0.000000 0.000000 1.000000
23515 0.000000 0.000000 0.000000 1.000000
23516 0.000000 0.000000 0.000000 1.000000
23517 0.000000 0.000000 0.000000 1.000000
23536 0.000000 0.000000 0.000000 1.000000
23553 0.000000 0.000000 0.000000 1.000000
23554 0.000000 0.000000 0.000000 1.000000
23555 0.000000 0.000000 0.000000 1.000000
23556 0.000000 0.000000 0.000000 1.000000
23557 0.000000 0.000000 0.000000 1.000000
23558 0.000000 0.000000 0.000000 1.000000
23559 0.000000 0.000000 0.000000 1.000000
23572 0.000000 0.000000 0.000000 1.000000
23573 0.000000 0.000000 0.000000 1.000000
23574 0.000000 0.000000 0.000000 1.000000
23575 0.000000 0.000000 0.000000 1.000000
23576 0.000000 0.000000 0.000000 1.000000
23577 0.000000 0.000000 0.000000 1.000000
23578 0.000000 0.000000 0.000000 1.000000
23579 0.000000 0.000000 0.000000 1.000000
23580 0.000000 0.000000 0.000000 1.000000
23581 0.000000 0.000000 0.000000 1.000000
23593 0.000000 0.000000 0.000000 1.000000
23594 0.000000 0.000000 0.000000 1.000000
23595 0.000000 0.000000 0.000000 1.000000
23596 0.000000 0.000000 0.000000 1.000000
23597 0.000000 0.000000 0.000000 1.000000
23598 0.000000 0.000000 0.000000 1.000000
23599 0.000000 0.000000 0.000000 1.000000
23600 0.000000 0.000000 0.000000 1.000000
23611 0.000000 0.000000 0.000000 1.000000
23612 0.000000 0.000000 0.000000 1.000000
23620 0.000000 0.000000 0.000000 1.000000
23621 0.000000 0.000000 0.000000 1.000000
23626 0.000000 0.000000 0.000000 1.000000
23627 0.000000 0.000000 0.000000 1.000000
23630 0.000000 0.000000 0.000000 1.000000
23631 0.000000 0.000000 0.000000 1.000000
23634 0.000000 0.000000 0.000000 1.000000
23635 0.000000 0.000000 0.000000 1.000000
23637 0.000000 0.000000 0.000000 1.000000
23638 0.000000 0.000000 0.000000 1.000000
23641 0.000000 0.000000 0.000000 1.000000
23642 0.000000 0.000000 0.000000 1.000000
23648 0.000000 0.000000 0.000000 1.000000
23649 0.000000 0.000000 0.000000 1.000000
23650 0.000000 0.000000 0.000000 1.000000
23651 0.000000 0.000000 0.000000 1.000000
23659 0.000000 0.000000 0.000000 1.000000
23660 0.000000 0.000000 0.000000 1.000000
23661 0.000000 0.000000 0.000000 1.000000
24374 0.000000 0.000000 0.000000 1.000000
24375 0.000000 0.000000 0.000000 1.000000
24389 0.000000 0.000000 0.000000 1.000000
24390 0.000000 0.000000 0.000000 1.000000
24391 0.000000 0.000000 0.000000 1.000000
24405 0.000000 0.000000 0.000000 1.000000
24406 0.000000 0.000000 0.000000 1.000000
24407 0.000000 0.000000 0.000000 1.000000
24408 0.000000 0.000000 0.000000 1.000000
24409 0.000000 0.000000 0.000000 1.000000
24419 0.000000 0.000000 0.000000 1.000000
24420 0.000000 0.000000 0.000000 1.000000
24421 0.000000 0.000000 0.000000 1.000000
24439 0.000000 0.000000 0.000000 1.000000
24440 0.000000 0.000000 0.000000 1.000000
24441 0.000000 0.000000 0.000000 1.000000
24442 0.000000 0.000000 0.000000 1.000000
24443 0.000000 0.000000 0.000000 1.000000
24455 0.000000 0.000000 0.000000 1.000000
24456 0.000000 0.000000 0.000000 1.000000
24458 0.000000 0.000000 0.000000 1.000000
24459 0.000000 0.000000 0.000000 1.000000
24460 0.000000 0.000000 0.000000 1.000000
24461 0.000000 0.000000 0.000000 1.000000
24462 0.000000 0.000000 0.000000 1.000000
24463 0.000000 0.000000 0.000000 1.000000
24464 0.000000 0.000000 0.000000 1.000000
24465 0.000000 0.000000 0.000000 1.000000
24466 0.000000 0.000000 0.000000 1.000000
24467 0.000000 0.000000 0.000000 1.000000
24468 0.000000 0.000000 0.000000 1.000000
24469 0.000000 0.000000 0.000000 1.000000
24475 0.000000 0.000000 0.000000 1.000000
24476 0.000000 0.000000 0.000000 1.000000
24477 0.000000 0.000000 0.000000 1.000000
24478 0.000000 0.000000 0.000000 1.000000
24479 0.000000 0.000000 0.000000 1.000000
24480 0.000000 0.000000 0.000000 1.000000
24481 0.000000 0.000000 0.000000 1.000000
24482 0.000000 0.000000 0.000000 1.000000
24483 0.000000 0.000000 0.000000 1.000000
24484 0.000000 0.000000 0.000000 1.000000
24485 0.000000 0.000000 0.000000 1.000000
24486 0.000000 0.000000 0.000000 1.000000
24487 0.000000 0.000000 0.000000 1.000000
24488 0.000000 0.000000 0.000000 1.000000
24497 0.000000 0.000000 0.000000 1.000000
24498 0.000000 0.000000 0.000000 1.000000
24499 0.000000 0.000000 0.000000 1.000000
24500 0.000000 0.000000 0.000000 1.000000
24501 0.000000 0.000000 0.000000 1.000000
24502 0.000000 0.000000 0.000000 1.000000
24503 0.000000 0.000000 0.000000 1.000000
24504 0.000000 0.000000 0.000000 1.000000
24512 0.000000 0.000000 0.000000 1.000000
24513 0.000000 0.000000 0.000000 1.000000
24514 0.000000 0.000000 0.000000 1.000000
24515 0.000000 0.000000 0.000000 1.000000
24516 0.000000 0.000000 0.000000 1.000000
24522 0.000000 0.000000 0.000000 1.000000
24523 0.000000 0.000000 0.000000 1.000000
24524 0.000000 0.000000 0.000000 1.000000
24525 0.000000 0.000000 0.000000 1.000000
24526 0.000000 0.000000 0.000000 1.000000
24528 0.000000 0.000000 0.000000 1.000000
24529 0.000000 0.000000 0.000000 1.000000
24530 0.000000 0.000000 0.000000 1.000000
24531 0.000000 0.000000 0.000000 1.000000
24532 0.000000 0.000000 0.000000 1.000000
24533 0.000000 0.000000 0.000000 1.000000
24536 0.000000 0.000000 0.000000 1.000000
24537 0.000000 0.000000 0.000000 1.000000
24538 0.000000 0.000000 0.000000 1.000000
24539 0.000000 0.000000 0.000000 1.000000
24540 0.000000 0.000000 0.000000 1.000000
24542 0.000000 0.000000 0.000000 1.000000
24543 0.000000 0.000000 0.000000 1.000000
24544 0.000000 0.000000 0.000000 1.000000
24545 0.000000 0.000000 0.000000 1.000000
24546 0.000000 0.000000 0.000000 1.000000
24549 0.000000 0.000000 0.000000 1.000000
24550 0.000000 0.000000 0.000000 1.000000
24554 0.000000 0.000000 0.000000 1.000000
24555 0.000000 0.000000 0.000000 1.000000
24558 0.000000 0.000000 0.000000 1.000000
24559 0.000000 0.000000 0.000000 1.000000
24560 0.000000 0.000000 0.000000 1.000000
24561 0.000000 0.000000 0.000000 1.000000
24562 0.000000 0.000000 0.000000 1.000000
24565 0.000000 0.000000 0.000000 1.000000
25240 0.000000 0.000000 0.000000 1.000000
25250 0.000000 0.000000 0.000000 1.000000
25251 0.000000 0.000000 0.000000 1.000000
25252 0.000000 0.000000 0.000000 1.000000
25253 0.000000 0.000000 0.000000 1.000000
25261 0.000000 0.000000 0.000000 1.000000
25262 0.000000 0.000000 0.000000 1.000000
25263 0.000000 0.000000 0.000000 1.000000
25264 0.000000 0.000000 0.000000 1.000000
25280 0.000000 0.000000 0.000000 1.000000
25281 0.000000 0.000000 0.000000 1.000000
25282 0.000000 0.000000 0.000000 1.000000
25283 0.000000 0.000000 0.000000 1.000000
25284 0.000000 0.000000 0.000000 1.000000
25285 0.000000 0.000000 0.000000 1.000000
25300 0.000000 0.000000 0.000000 1.000000
25301 0.000000 0.000000 0.000000 1.000000
25302 0.000000 0.000000 0.000000 1.000000
25303 0.000000 0.000000 0.000000 1.000000
25304 0.000000 0.000000 0.000000 1.000000
25317 0.000000 0.000000 0.000000 1.000000
25318 0.000000 0.000000 0.000000 1.000000
25319 0.000000 0.000000 0.000000 1.000000
25320 0.000000 0.000000 0.000000 1.000000
25327 0.000000 0.000000 0.000000 1.000000
25328 0.000000 0.000000 0.000000 1.000000
25329 0.000000 0.000000 0.000000 1.000000
25330 0.000000 0.000000 0.000000 1.000000
25331 0.000000 0.000000 0.000000 1.000000
25332 0.000000 0.000000 0.000000 1.000000
25333 0.000000 0.000000 0.000000 1.000000
25334 0.000000 0.000000 0.000000 1.000000
25341 0.000000 0.000000 0.000000 1.000000
25342 0.000000 0.000000 0.000000 1.000000
25343 0.000000 0.000000 0.000000 1.000000
25344 0.000000 0.000000 0.000000 1.000000
25345 0.000000 0.000000 0.000000 1.000000
25346 0.000000 0.000000 0.000000 1.000000
25347 0.000000 0.000000 0.000000 1.000000
25348 0.000000 0.000000 0.000000 1.000000
25349 0.000000 0.000000 0.000000 1.000000
25350 0.000000 0.000000 0.000000 1.000000
25351 0.000000 0.000000 0.000000 1.000000
25352 0.000000 0.000000 0.000000 1.000000
25353 0.000000 0.000000 0.000000 1.000000
25354 0.000000 0.000000 0.000000 1.000000
25355 0.000000 0.000000 0.000000 1.000000
25364 0.000000 0.000000 0.000000 1.000000
25365 0.000000 0.000000 0.000000 1.000000
25366 0.000000 0.000000 0.000000 1.000000
25367 0.000000 0.000000 0.000000 1.000000
25368 0.000000 0.000000 0.000000 1.000000
25369 0.000000 0.000000 0.000000 1.000000
25370 0.000000 0.000000 0.000000 1.000000
25371 0.000000 0.000000 0.000000 1.000000
25372 0.000000 0.000000 0.000000 1.000000
25373 0.000000 0.000000 0.000000 1.000000
25374 0.000000 0.000000 0.000000 1.000000
25375 0.000000 0.000000 0.000000 1.000000
25376 0.000000 0.000000 0.000000 1.000000
25377 0.000000 0.000000 0.000000 1.000000
25382 0.000000 0.000000 0.000000 1.000000
25383 0.000000 0.000000 0.000000 1.000000
25384 0.000000 0.000000 0.000000 1.000000
25385 0.000000 0.000000 0.000000 1.000000
25386 0.000000 0.000000 0.000000 1.000000
25387 0.000000 0.000000 0.000000 1.000000
25388 0.000000 0.000000 0.000000 1.000000
25389 0.000000 0.000000 0.000000 1.000000
25390 0.000000 0.000000 0.000000 1.000000
25391 0.000000 0.000000 0.000000 1.000000
25392 0.000000 0.000000 0.000000 1.000000
25398 0.000000 0.000000 0.000000 1.000000
25399 0.000000 0.000000 0.000000 1.000000
25400 0.000000 0.000000 0.000000 1.000000
25401 0.000000 0.000000 0.000000 1.000000
25402 0.000000 0.000000 0.000000 1.000000
25403 0.000000 0.000000 0.000000 1.000000
25404 0.000000 0.000000 0.000000 1.000000
25405 0.000000 0.000000 0.000000 1.000000
25406 0.000000 0.000000 0.000000 1.000000
25408 0.000000 0.000000 0.000000 1.000000
25409 0.000000 0.000000 0.000000 1.000000
25410 0.000000 0.000000 0.000000 1.000000
25411 0.000000 0.000000 0.000000 1.000000
25412 0.000000 0.000000 0.000000 1.000000
25413 0.000000 0.000000 0.000000 1.000000
25414 0.000000 0.000000 0.000000 1.000000
25415 0.000000 0.000000 0.000000 1.000000
25418 0.000000 0.000000 0.000000 1.000000
25419 0.000000 0.000000 0.000000 1.000000
25420 0.000000 0.000000 0.000000 1.000000
25421 0.000000 0.000000 0.000000 1.000000
25422 0.000000 0.000000 0.000000 1.000000
25423 0.000000 0.000000 0.000000 1.000000
25424 0.000000 0.000000 0.000000 1.000000
25426 0.000000 0.000000 0.000000 1.000000
25427 0.000000 0.000000 0.000000 1.000000
25428 0.000000 0.000000 0.000000 1.000000
25429 0.000000 0.000000 0.000000 1.000000
25430 0.000000 0.000000 0.000000 1.000000
25431 0.000000 0.000000 0.000000 1.000000
25432 0.000000 0.000000 0.000000 1.000000
25435 0.000000 0.000000 0.000000 1.000000
25436 0.000000 0.000000 0.000000 1.000000
25437 0.000000 0.000000 0.000000 1.000000
25438 0.000000 0.000000 0.000000 1.000000
25439 0.000000 0.000000 0.000000 1.000000
25440 0.000000 0.000000 0.000000 1.000000
25441 0.000000 0.000000 0.000000 1.000000
25445 0.000000 0.000000 0.000000 1.000000
25446 0.000000 0.000000 0.000000 1.000000
25447 0.000000 0.000000 0.000000 1.000000
25452 0.000000 0.000000 0.000000 1.000000
25453 0.000000 0.000000 0.000000 1.000000
25454 0.000000 0.000000 0.000000 1.000000
25457 0.000000 0.000000 0.000000 1.000000
25458 0.000000 0.000000 0.000000 1.000000
26154 0.000000 0.000000 0.000000 1.000000
26161 0.000000 0.000000 0.000000 1.000000
26162 0.000000 0.000000 0.000000 1.000000
26163 0.000000 0.000000 0.000000 1.000000
26173 0.000000 0.000000 0.000000 1.000000
26174 0.000000 0.000000 0.000000 1.000000
26175 0.000000 0.000000 0.000000 1.000000
26183 0.000000 0.000000 0.000000 1.000000
26184 0.000000 0.000000 0.000000 1.000000
26185 0.000000 0.000000 0.000000 1.000000
26186 0.000000 0.000000 0.000000 1.000000
26198 0.000000 0.000000 0.000000 1.000000
26199 0.000000 0.000000 0.000000 1.000000
26200 0.000000 0.000000 0.000000 1.000000
26201 0.000000 0.000000 0.000000 1.000000
26202 0.000000 0.000000 0.000000 1.000000
26203 0.000000 0.000000 0.000000 1.000000
26213 0.000000 0.000000 0.000000 1.000000
26214 0.000000 0.000000 0.000000 1.000000
26215 0.000000 0.000000 0.000000 1.000000
26216 0.000000 0.000000 0.000000 1.000000
26217 0.000000 0.000000 0.000000 1.000000
26218 0.000000 0.000000 0.000000 1.000000
26226 0.000000 0.000000 0.000000 1.000000
26227 0.000000 0.000000 0.000000 1.000000
26228 0.000000 0.000000 0.000000 1.000000
26229 0.000000 0.000000 0.000000 1.000000
26230 0.000000 0.000000 0.000000 1.000000
26239 0.000000 0.000000 0.000000 1.000000
26240 0.000000 0.000000 0.000000 1.000000
26241 0.000000 0.000000 0.000000 1.000000
26242 0.000000 0.000000 0.000000 1.000000
26243 0.000000 0.000000 0.000000 1.000000
26244 0.000000 0.000000 0.000000 1.000000
26245 0.000000 0.000000 0.000000 1.000000
26246 0.000000 0.000000 0.000000 1.000000
26247 0.000000 0.000000 0.000000 1.000000
26256 0.000000 0.000000 0.000000 1.000000
26257 0.000000 0.000000 0.000000 1.000000
26258 0.000000 0.000000 0.000000 1.000000
26259 0.000000 0.000000 0.000000 1.000000
26260 0.000000 0.000000 0.000000 1.000000
26261 0.000000 0.000000 0.000000 1.000000
26262 0.000000 0.000000 0.000000 1.000000
26263 0.000000 0.000000 0.000000 1.000000
26264 0.000000 0.000000 0.000000 1.000000
26265 0.000000 0.000000 0.000000 1.000000
26266 0.000000 0.000000 0.000000 1.000000
26274 0.000000 0.000000 0.000000 1.000000
26275 0.000000 0.000000 0.000000 1.000000
26276 0.000000 0.000000 0.000000 1.000000
26277 0.000000 0.000000 0.000000 1.000000
26278 0.000000 0.000000 0.000000 1.000000
26279 0.000000 0.000000 0.000000 1.000000
26280 0.000000 0.000000 0.000000 1.000000
26281 0.000000 0.000000 0.000000 1.000000
26282 0.000000 0.000000 0.000000 1.000000
26283 0.000000 0.000000 0.000000 1.000000
26284 0.000000 0.000000 0.000000 1.000000
26285 0.000000 0.000000 0.000000 1.000000
26286 0.000000 0.000000 0.000000 1.000000
26287 0.000000 0.000000 0.000000 1.000000
26294 0.000000 0.000000 0.000000 1.000000
26295 0.000000 0.000000 0.000000 1.000000
26296 0.000000 0.000000 0.000000 1.000000
26297 0.000000 0.000000 0.000000 1.000000
26298 0.000000 0.000000 0.000000 1.000000
26299 0.000000 0.000000 0.000000 1.000000
26300 0.000000 0.000000 0.000000 1.000000
26301 0.000000 0.000000 0.000000 1.000000
26302 0.000000 0.000000 0.000000 1.000000
26303 0.000000 0.000000 0.000000 1.000000
26309 0.000000 0.000000 0.000000 1.000000
26310 0.000000 0.000000 0.000000 1.000000
26311 0.000000 0.000000 0.000000 1.000000
26312 0.000000 0.000000 0.000000 1.000000
26313 0.000000 0.000000 0.000000 1.000000
26314 0.000000 0.000000 0.000000 1.000000
26315 0.000000 0.000000 0.000000 1.000000
26316 0.000000 0.000000 0.000000 1.000000
26317 0.000000 0.000000 0.000000 1.000000
26323 0.000000 0.000000 0.000000 1.000000
26324 0.000000 0.000000 0.000000 1.000000
26325 0.000000 0.000000 0.000000 1.000000
26326 0.000000 0.000000 0.000000 1.000000
26327 0.000000 0.000000 0.000000 1.000000
26328 0.000000 0.000000 0.000000 1.000000
26329 0.000000 0.000000 0.000000 1.000000
26330 0.000000 0.000000 0.000000 1.000000
26331 0.000000 0.000000 0.000000 1.000000
26335 0.000000 0.000000 0.000000 1.000000
26336 0.000000 0.000000 0.000000 1.000000
26337 0.000000 0.000000 0.000000 1.000000
26338 0.000000 0.000000 0.000000 1.000000
26339 0.000000 0.000000 0.000000 1.000000
26340 0.000000 0.000000 0.000000 1.000000
26341 0.000000 0.000000 0.000000 1.000000
26342 0.000000 0.000000 0.000000 1.000000
26343 0.000000 0.000000 0.000000 1.000000
26344 0.000000 0.000000 0.000000 1.000000
26347 0.000000 0.000000 0.000000 1.000000
26348 0.000000 0.000000 0.000000 1.000000
26349 0.000000 0.000000 0.000000 1.000000
26350 0.000000 0.000000 0.000000 1.000000
26351 0.000000 0.000000 0.000000 1.000000
26352 0.000000 0.000000 0.000000 1.000000
26353 0.000000 0.000000 0.000000 1.000000
26354 0.000000 0.000000 0.000000 1.000000
26357 0.000000 0.000000 0.000000 1.000000
26358 0.000000 0.000000 0.000000 1.000000
26359 0.000000 0.000000 0.000000 1.000000
26360 0.000000 0.000000 0.000000 1.000000
26366 0.000000 0.000000 0.000000 1.000000
26367 0.000000 0.000000 0.000000 1.000000
26374 0.000000 0.000000 0.000000 1.000000
27144 0.000000 0.000000 0.000000 1.000000
27145 0.000000 0.000000 0.000000 1.000000
27148 0.000000 0.000000 0.000000 1.000000
27149 0.000000 0.000000 0.000000 1.000000
27150 0.000000 0.000000 0.000000 1.000000
27151 0.000000 0.000000 0.000000 1.000000
27154 0.000000 0.000000 0.000000 1.000000
27155 0.000000 0.000000 0.000000 1.000000
27156 0.000000 0.000000 0.000000 1.000000
27157 0.000000 0.000000 0.000000 1.000000
27158 0.000000 0.000000 0.000000 1.000000
27168 0.000000 0.000000 0.000000 1.000000
27169 0.000000 0.000000 0.000000 1.000000
27170 0.000000 0.000000 0.000000 1.000000
27171 0.000000 0.000000 0.000000 1.000000
27172 0.000000 0.000000 0.000000 1.000000
27182 0.000000 0.000000 0.000000 1.000000
27183 0.000000 0.000000 0.000000 1.000000
27184 0.000000 0.000000 0.000000 1.000000
27185 0.000000 0.000000 0.000000 1.000000
27186 0.000000 0.000000 0.000000 1.000000
27194 0.000000 0.000000 0.000000 1.000000
27195 0.000000 0.000000 0.000000 1.000000
27196 0.000000 0.000000 0.000000 1.000000
27197 0.000000 0.000000 0.000000 1.000000
27204 0.000000 0.000000 0.000000 1.000000
27205 0.000000 0.000000 0.000000 1.000000
27206 0.000000 0.000000 0.000000 1.000000
27207 0.000000 0.000000 0.000000 1.000000
27208 0.000000 0.000000 0.000000 1.000000
27214 0.000000 0.000000 0.000000 1.000000
27215 0.000000 0.000000 0.000000 1.000000
27216 0.000000 0.000000 0.000000 1.000000
27217 0.000000 0.000000 0.000000 1.000000
27218 0.000000 0.000000 0.000000 1.000000
27219 0.000000 0.000000 0.000000 1.000000
27220 0.000000 0.000000 0.000000 1.000000
27221 0.000000 0.000000 0.000000 1.000000
27222 0.000000 0.000000 0.000000 1.000000
27223 0.000000 0.000000 0.000000 1.000000
27224 0.000000 0.000000 0.000000 1.000000
27229 0.000000 0.000000 0.000000 1.000000
27230 0.000000 0.000000 0.000000 1.000000
27231 0.000000 0.000000 0.000000 1.000000
27232 0.000000 0.000000 0.000000 1.000000
27233 0.000000 0.000000 0.000000 1.000000
27234 0.000000 0.000000 0.000000 1.000000
27235 0.000000 0.000000 0.000000 1.000000
27236 0.000000 0.000000 0.000000 1.000000
27237 0.000000 0.000000 0.000000 1.000000
27238 0.000000 0.000000 0.000000 1.000000
27239 0.000000 0.000000 0.000000 1.000000
27240 0.000000 0.000000 0.000000 1.000000
27241 0.000000 0.000000 0.000000 1.000000
27242 0.000000 0.000000 0.000000 1.000000
27248 0.000000 0.000000 0.000000 1.000000
27249 0.000000 0.000000 0.000000 1.000000
27250 0.000000 0.000000 0.000000 1.000000
27251 0.000000 0.000000 0.000000 1.000000
27252 0.000000 0.000000 0.000000 1.000000
27253 0.000000 0.000000 0.000000 1.000000
27254 0.000000 0.000000 0.000000 1.000000
27255 0.000000 0.000000 0.000000 1.000000
27256 0.000000 0.000000 0.000000 1.000000
27257 0.000000 0.000000 0.000000 1.000000
27258 0.000000 0.000000 0.000000 1.000000
27259 0.000000 0.000000 0.000000 1.000000
27260 0.000000 0.000000 0.000000 1.000000
27266 0.000000 0.000000 0.000000 1.000000
27267 0.000000 0.000000 0.000000 1.000000
27268 0.000000 0.000000 0.000000 1.000000
27269 0.000000 0.000000 0.000000 1.000000
27270 0.000000 0.000000 0.000000 1.000000
27271 0.000000 0.000000 0.000000 1.000000
27272 0.000000 0.000000 0.000000 1.000000
27273 0.000000 0.000000 0.000000 1.000000
27274 0.000000 0.000000 0.000000 1.000000
27275 0.000000 0.000000 0.000000 1.000000
27280 0.000000 0.000000 0.000000 1.000000
27281 0.000000 0.000000 0.000000 1.000000
27282 0.000000 0.000000 0.000000 1.000000
27283 0.000000 0.000000 0.000000 1.000000
27284 0.000000 0.000000 0.000000 1.000000
27285 0.000000 0.000000 0.000000 1.000000
27286 0.000000 0.000000 0.000000 1.000000
27287 0.000000 0.000000 0.000000 1.000000
27288 0.000000 0.000000 0.000000 1.000000
27289 0.000000 0.000000 0.000000 1.000000
27290 0.000000 0.000000 0.000000 1.000000
27291 0.000000 0.000000 0.000000 1.000000
27292 0.000000 0.000000 0.000000 1.000000
27295 0.000000 0.000000 0.000000 1.000000
27296 0.000000 0.000000 0.000000 1.000000
27297 0.000000 0.000000 0.000000 1.000000
27298 0.000000 0.000000 0.000000 1.000000
27299 0.000000 0.000000 0.000000 1.000000
27300 0.000000 0.000000 0.000000 1.000000
27301 0.000000 0.000000 0.000000 1.000000
27302 0.000000 0.000000 0.000000 1.000000
27303 0.000000 0.000000 0.000000 1.000000
27304 0.000000 0.000000 0.000000 1.000000
27305 0.000000 0.000000 0.000000 1.000000
27308 0.000000 0.000000 0.000000 1.000000
27309 0.000000 0.000000 0.000000 1.000000
27310 0.000000 0.000000 0.000000 1.000000
27311 0.000000 0.000000 0.000000 1.000000
27312 0.000000 0.000000 0.000000 1.000000
27317 0.000000 0.000000 0.000000 1.000000
27318 0.000000 0.000000 0.000000 1.000000
27319 0.000000 0.000000 0.000000 1.000000
27320 0.000000 0.000000 0.000000 1.000000
27327 0.000000 0.000000 0.000000 1.000000
27328 0.000000 0.000000 0.000000 1.000000
28112 0.000000 0.000000 0.000000 1.000000
28117 0.000000 0.000000 0.000000 1.000000
28118 0.000000 0.000000 0.000000 1.000000
28125 0.000000 0.000000 0.000000 1.000000
28126 0.000000 0.000000 0.000000 1.000000
28127 0.000000 0.000000 0.000000 1.000000
28128 0.000000 0.000000 0.000000 1.000000
28139 0.000000 0.000000 0.000000 1.000000
28140 0.000000 0.000000 0.000000 1.000000
28141 0.000000 0.000000 0.000000 1.000000
28142 0.000000 0.000000 0.000000 1.000000
28143 0.000000 0.000000 0.000000 1.000000
28153 0.000000 0.000000 0.000000 1.000000
28154 0.000000 0.000000 0.000000 1.000000
28155 0.000000 0.000000 0.000000 1.000000
28156 0.000000 0.000000 0.000000 1.000000
28157 0.000000 0.000000 0.000000 1.000000
28166 0.000000 0.000000 0.000000 1.000000
28167 0.000000 0.000000 0.000000 1.000000
28168 0.000000 0.000000 0.000000 1.000000
28175 0.000000 0.000000 0.000000 1.000000
28176 0.000000 0.000000 0.000000 1.000000
28183 0.000000 0.000000 0.000000 1.000000
28184 0.000000 0.000000 0.000000 1.000000
28185 0.000000 0.000000 0.000000 1.000000
28186 0.000000 0.000000 0.000000 1.000000
28187 0.000000 0.000000 0.000000 1.000000
28188 0.000000 0.000000 0.000000 1.000000
28196 0.000000 0.000000 0.000000 1.000000
28197 0.000000 0.000000 0.000000 1.000000
28198 0.000000 0.000000 0.000000 1.000000
28199 0.000000 0.000000 0.000000 1.000000
28200 0.000000 0.000000 0.000000 1.000000
28201 0.000000 0.000000 0.000000 1.000000
28202 0.000000 0.000000 0.000000 1.000000
28203 0.000000 0.000000 0.000000 1.000000
28204 0.000000 0.000000 0.000000 1.000000
28205 0.000000 0.000000 0.000000 1.000000
28211 0.000000 0.000000 0.000000 1.000000
28212 0.000000 0.000000 0.000000 1.000000
28213 0.000000 0.000000 0.000000 1.000000
28214 0.000000 0.000000 0.000000 1.000000
28215 0.000000 0.000000 0.000000 1.000000
28216 0.000000 0.000000 0.000000 1.000000
28217 0.000000 0.000000 0.000000 1.000000
28218 0.000000 0.000000 0.000000 1.000000
28219 0.000000 0.000000 0.000000 1.000000
28220 0.000000 0.000000 0.000000 1.000000
28221 0.000000 0.000000 0.000000 1.000000
28222 0.000000 0.000000 0.000000 1.000000
28228 0.000000 0.000000 0.000000 1.000000
28229 0.000000 0.000000 0.000000 1.000000
28230 0.000000 0.000000 0.000000 1.000000
28231 0.000000 0.000000 0.000000 1.000000
28232 0.000000 0.000000 0.000000 1.000000
28233 0.000000 0.000000 0.000000 1.000000
28234 0.000000 0.000000 0.000000 1.000000
28235 0.000000 0.000000 0.000000 1.000000
28236 0.000000 0.000000 0.000000 1.000000
28237 0.000000 0.000000 0.000000 1.000000
28238 0.000000 0.000000 0.000000 1.000000
28239 0.000000 0.000000 0.000000 1.000000
28240 0.000000 0.000000 0.000000 1.000000
28241 0.000000 0.000000 0.000000 1.000000
28242 0.000000 0.000000 0.000000 1.000000
28247 0.000000 0.000000 0.000000 1.000000
28248 0.000000 0.000000 0.000000 1.000000
28249 0.000000 0.000000 0.000000 1.000000
28250 0.000000 0.000000 0.000000 1.000000
28251 0.000000 0.000000 0.000000 1.000000
28252 0.000000 0.000000 0.000000 1.000000
28253 0.000000 0.000000 0.000000 1.000000
28254 0.000000 0.000000 0.000000 1.000000
28255 0.000000 0.000000 0.000000 1.000000
28256 0.000000 0.000000 0.000000 1.000000
28257 0.000000 0.000000 0.000000 1.000000
28258 0.000000 0.000000 0.000000 1.000000
28259 0.000000 0.000000 0.000000 1.000000
28260 0.000000 0.000000 0.000000 1.000000
28264 0.000000 0.000000 0.000000 1.000000
28265 0.000000 0.000000 0.000000 1.000000
28266 0.000000 0.000000 0.000000 1.000000
28267 0.000000 0.000000 0.000000 1.000000
28268 0.000000 0.000000 0.000000 1.000000
28269 0.000000 0.000000 0.000000 1.000000
28270 0.000000 0.000000 0.000000 1.000000
28271 0.000000 0.000000 0.000000 1.000000
28276 0.000000 0.000000 0.000000 1.000000
28277 0.000000 0.000000 0.000000 1.000000
28278 0.000000 0.000000 0.000000 1.000000
28279 0.000000 0.000000 0.000000 1.000000
28280 0.000000 0.000000 0.000000 1.000000
28287 0.000000 0.000000 0.000000 1.000000
28288 0.000000 0.000000 0.000000 1.000000
28297 0.000000 0.000000 0.000000 1.000000
28298 0.000000 0.000000 0.000000 1.000000
29099 0.000000 0.000000 0.000000 1.000000
29100 0.000000 0.000000 0.000000 1.000000
29109 0.000000 0.000000 0.000000 1.000000
29110 0.000000 0.000000 0.000000 1.000000
29111 0.000000 0.000000 0.000000 1.000000
29123 0.000000 0.000000 0.000000 1.000000
29124 0.000000 0.000000 0.000000 1.000000
29125 0.000000 0.000000 0.000000 1.000000
29126 0.000000 0.000000 0.000000 1.000000
29138 0.000000 0.000000 0.000000 1.000000
29139 0.000000 0.000000 0.000000 1.000000
29140 0.000000 0.000000 0.000000 1.000000
29141 0.000000 0.000000 0.000000 1.000000
29149 0.000000 0.000000 0.000000 1.000000
29150 0.000000 0.000000 0.000000 1.000000
29151 0.000000 0.000000 0.000000 1.000000
29152 0.000000 0.000000 0.000000 1.000000
29159 0.000000 0.000000 0.000000 1.000000
29160 0.000000 0.000000 0.000000 1.000000
29161 0.000000 0.000000 0.000000 1.000000
29168 0.000000 0.000000 0.000000 1.000000
29169 0.000000 0.000000 0.000000 1.000000
29170 0.000000 0.000000 0.000000 1.000000
29176 0.000000 0.000000 0.000000 1.000000
29177 0.000000 0.000000 0.000000 1.000000
29178 0.000000 0.000000 0.000000 1.000000
29179 0.000000 0.000000 0.000000 1.000000
29186 0.000000 0.000000 0.000000 1.000000
29187 0.000000 0.000000 0.000000 1.000000
29188 0.000000 0.000000 0.000000 1.000000
29189 0.000000 0.000000 0.000000 1.000000
29190 0.000000 0.000000 0.000000 1.000000
29191 0.000000 0.000000 0.000000 1.000000
29192 0.000000 0.000000 0.000000 1.000000
29193 0.000000 0.000000 0.000000 1.000000
29194 0.000000 0.000000 0.000000 1.000000
29199 0.000000 0.000000 0.000000 1.000000
29200 0.000000 0.000000 0.000000 1.000000
29201 0.000000 0.000000 0.000000 1.000000
29202 0.000000 0.000000 0.000000 1.000000
29203 0.000000 0.000000 0.000000 1.000000
29204 0.000000 0.000000 0.000000 1.000000
29205 0.000000 0.000000 0.000000 1.000000
29206 0.000000 0.000000 0.000000 1.000000
29207 0.000000 0.000000 0.000000 1.000000
29208 0.000000 0.000000 0.000000 1.000000
29209 0.000000 0.000000 0.000000 1.000000
29210 0.000000 0.000000 0.000000 1.000000
29215 0.000000 0.000000 0.000000 1.000000
29216 0.000000 0.000000 0.000000 1.000000
29217 0.000000 0.000000 0.000000 1.000000
29218 0.000000 0.000000 0.000000 1.000000
29219 0.000000 0.000000 0.000000 1.000000
29220 0.000000 0.000000 0.000000 1.000000
29221 0.000000 0.000000 0.000000 1.000000
29222 0.000000 0.000000 0.000000 1.000000
29223 0.000000 0.000000 0.000000 1.000000
29224 0.000000 0.000000 0.000000 1.000000
29225 0.000000 0.000000 0.000000 1.000000
29226 0.000000 0.000000 0.000000 1.000000
29234 0.000000 0.000000 0.000000 1.000000
29235 0.000000 0.000000 0.000000 1.000000
29236 0.000000 0.000000 0.000000 1.000000
29237 0.000000 0.000000 0.000000 1.000000
29238 0.000000 0.000000 0.000000 1.000000
29239 0.000000 0.000000 0.000000 1.000000
29240 0.000000 0.000000 0.000000 1.000000
29247 0.000000 0.000000 0.000000 1.000000
29248 0.000000 0.000000 0.000000 1.000000
29259 0.000000 0.000000 0.000000 1.000000
29260 0.000000 0.000000 0.000000 1.000000
30103 0.000000 0.000000 0.000000 1.000000
30113 0.000000 0.000000 0.000000 1.000000
30114 0.000000 0.000000 0.000000 1.000000
30142 0.000000 0.000000 0.000000 1.000000
30143 0.000000 0.000000 0.000000 1.000000
30153 0.000000 0.000000 0.000000 1.000000
30154 0.000000 0.000000 0.000000 1.000000
30162 0.000000 0.000000 0.000000 1.000000
30163 0.000000 0.000000 0.000000 1.000000
30172 0.000000 0.000000 0.000000 1.000000
30173 0.000000 0.000000 0.000000 1.000000
30174 0.000000 0.000000 0.000000 1.000000
30181 0.000000 0.000000 0.000000 1.000000
30182 0.000000 0.000000 0.000000 1.000000
30183 0.000000 0.000000 0.000000 1.000000
30184 0.000000 0.000000 0.000000 1.000000
30185 0.000000 0.000000 0.000000 1.000000
30190 0.000000 0.000000 0.000000 1.000000
30191 0.000000 0.000000 0.000000 1.000000
30192 0.000000 0.000000 0.000000 1.000000
30193 0.000000 0.000000 0.000000 1.000000
30194 0.000000 0.000000 0.000000 1.000000
30196 0.000000 0.000000 0.000000 1.000000
30197 0.000000 0.000000 0.000000 1.000000
30198 0.000000 0.000000 0.000000 1.000000
30199 0.000000 0.000000 0.000000 1.000000
30200 0.000000 0.000000 0.000000 1.000000
30201 0.000000 0.000000 0.000000 1.000000
30202 0.000000 0.000000 0.000000 1.000000
30203 0.000000 0.000000 0.000000 1.000000
30204 0.000000 0.000000 0.000000 1.000000
30213 0.000000 0.000000 0.000000 1.000000
30214 0.000000 0.000000 0.000000 1.000000
30215 0.000000 0.000000 0.000000 1.000000
30216 0.000000 0.000000 0.000000 1.000000
30217 0.000000 0.000000 0.000000 1.000000
30218 0.000000 0.000000 0.000000 1.000000
30219 0.000000 0.000000 0.000000 1.000000
30220 0.000000 0.000000 0.000000 1.000000
30221 0.000000 0.000000 0.000000 1.000000
30222 0.000000 0.000000 0.000000 1.000000
30223 0.000000 0.000000 0.000000 1.000000
30230 0.000000 0.000000 0.000000 1.000000
30231 0.000000 0.000000 0.000000 1.000000
30232 0.000000 0.000000 0.000000 1.000000
30233 0.000000 0.000000 0.000000 1.000000
30234 0.000000 0.000000 0.000000 1.000000
30243 0.000000 0.000000 0.000000 1.000000
31280 0.000000 0.000000 0.000000 1.000000
31281 0.000000 0.000000 0.000000 1.000000
31290 0.000000 0.000000 0.000000 1.000000
31291 0.000000 0.000000 0.000000 1.000000
31292 0.000000 0.000000 0.000000 1.000000
31293 0.000000 0.000000 0.000000 1.000000
31301 0.000000 0.000000 0.000000 1.000000
31302 0.000000 0.000000 0.000000 1.000000
31303 0.000000 0.000000 0.000000 1.000000
31304 0.000000 0.000000 0.000000 1.000000
31305 0.000000 0.000000 0.000000 1.000000
31306 0.000000 0.000000 0.000000 1.000000
31309 0.000000 0.000000 0.000000 1.000000
31310 0.000000 0.000000 0.000000 1.000000
31311 0.000000 0.000000 0.000000 1.000000
31321 0.000000 0.000000 0.000000 1.000000
31322 0.000000 0.000000 0.000000 1.000000
31323 0.000000 0.000000 0.000000 1.000000
31324 0.000000 0.000000 0.000000 1.000000
31325 0.000000 0.000000 0.000000 1.000000
31326 0.000000 0.000000 0.000000 1.000000
31327 0.000000 0.000000 0.000000 1.000000
31336 0.000000 0.000000 0.000000 1.000000
31337 0.000000 0.000000 0.000000 1.000000
31338 0.000000 0.000000 0.000000 1.000000
31339 0.000000 0.000000 0.000000 1.000000
31340 0.000000 0.000000 0.000000 1.000000
31341 0.000000 0.000000 0.000000 1.000000
31342 0.000000 0.000000 0.000000 1.000000
31343 0.000000 0.000000 0.000000 1.000000
31353 0.000000 0.000000 0.000000 1.000000
31354 0.000000 0.000000 0.000000 1.000000
31355 0.000000 0.000000 0.000000 1.000000
31356 0.000000 0.000000 0.000000 1.000000
31357 0.000000 0.000000 0.000000 1.000000
31379 0.000000 0.000000 0.000000 1.000000
32441 0.000000 0.000000 0.000000 1.000000
32442 0.000000 0.000000 0.000000 1.000000
32454 0.000000 0.000000 0.000000 1.000000
32455 0.000000 0.000000 0.000000 1.000000
32456 0.000000 0.000000 0.000000 1.000000
32457 0.000000 0.000000 0.000000 1.000000
32465 0.000000 0.000000 0.000000 1.000000
33663 0.000000 0.000000 0.000000 1.000000
33664 0.000000 0.000000 0.000000 1.000000
33665 0.000000 0.000000 0.000000 1.000000
