#
1348
48763 0.000000 0.000000 0.000000 1.000000
48782 0.000000 0.000000 0.000000 1.000000
49905 0.000000 0.000000 0.000000 1.000000
49906 0.000000 0.000000 0.000000 1.000000
49907 0.000000 0.000000 0.000000 1.000000
49908 0.000000 0.000000 0.000000 1.000000
49909 0.000000 0.000000 0.000000 1.000000
49924 0.000000 0.000000 0.000000 1.000000
49926 0.000000 0.000000 0.000000 1.000000
49927 0.000000 0.000000 0.000000 1.000000
49928 0.000000 0.000000 0.000000 1.000000
49942 0.000000 0.000000 0.000000 1.000000
51103 0.000000 0.000000 0.000000 1.000000
51104 0.000000 0.000000 0.000000 1.000000
51105 0.000000 0.000000 0.000000 1.000000
51106 0.000000 0.000000 0.000000 1.000000
51107 0.000000 0.000000 0.000000 1.000000
51124 0.000000 0.000000 0.000000 1.000000
51125 0.000000 0.000000 0.000000 1.000000
51126 0.000000 0.000000 0.000000 1.000000
51127 0.000000 0.000000 0.000000 1.000000
51128 0.000000 0.000000 0.000000 1.000000
51145 0.000000 0.000000 0.000000 1.000000
51157 0.000000 0.000000 0.000000 1.000000
51158 0.000000 0.000000 0.000000 1.000000
52292 0.000000 0.000000 0.000000 1.000000
52293 0.000000 0.000000 0.000000 1.000000
52294 0.000000 0.000000 0.000000 1.000000
52295 0.000000 0.000000 0.000000 1.000000
52296 0.000000 0.000000 0.000000 1.000000
52309 0.000000 0.000000 0.000000 1.000000
52310 0.000000 0.000000 0.000000 1.000000
52311 0.000000 0.000000 0.000000 1.000000
52312 0.000000 0.000000 0.000000 1.000000
52313 0.000000 0.000000 0.000000 1.000000
52329 0.000000 0.000000 0.000000 1.000000
52330 0.000000 0.000000 0.000000 1.000000
52331 0.000000 0.000000 0.000000 1.000000
52341 0.000000 0.000000 0.000000 1.000000
52342 0.000000 0.000000 0.000000 1.000000
52344 0.000000 0.000000 0.000000 1.000000
53475 0.000000 0.000000 0.000000 1.000000
53476 0.000000 0.000000 0.000000 1.000000
53477 0.000000 0.000000 0.000000 1.000000
53478 0.000000 0.000000 0.000000 1.000000
53479 0.000000 0.000000 0.000000 1.000000
53489 0.000000 0.000000 0.000000 1.000000
53490 0.000000 0.000000 0.000000 1.000000
53491 0.000000 0.000000 0.000000 1.000000
53492 0.000000 0.000000 0.000000 1.000000
53493 0.000000 0.000000 0.000000 1.000000
53494 0.000000 0.000000 0.000000 1.000000
53507 0.000000 0.000000 0.000000 1.000000
53508 0.000000 0.000000 0.000000 1.000000
53509 0.000000 0.000000 0.000000 1.000000
53519 0.000000 0.000000 0.000000 1.000000
53520 0.000000 0.000000 0.000000 1.000000
53521 0.000000 0.000000 0.000000 1.000000
53523 0.000000 0.000000 0.000000 1.000000
53529 0.000000 0.000000 0.000000 1.000000
53530 0.000000 0.000000 0.000000 1.000000
53543 0.000000 0.000000 0.000000 1.000000
53544 0.000000 0.000000 0.000000 1.000000
53545 0.000000 0.000000 0.000000 1.000000
53555 0.000000 0.000000 0.000000 1.000000
53556 0.000000 0.000000 0.000000 1.000000
53557 0.000000 0.000000 0.000000 1.000000
53558 0.000000 0.000000 0.000000 1.000000
53559 0.000000 0.000000 0.000000 1.000000
53560 0.000000 0.000000 0.000000 1.000000
54541 0.000000 0.000000 0.000000 1.000000
54542 0.000000 0.000000 0.000000 1.000000
54543 0.000000 0.000000 0.000000 1.000000
54544 0.000000 0.000000 0.000000 1.000000
54555 0.000000 0.000000 0.000000 1.000000
54556 0.000000 0.000000 0.000000 1.000000
54557 0.000000 0.000000 0.000000 1.000000
54558 0.000000 0.000000 0.000000 1.000000
54559 0.000000 0.000000 0.000000 1.000000
54560 0.000000 0.000000 0.000000 1.000000
54561 0.000000 0.000000 0.000000 1.000000
54562 0.000000 0.000000 0.000000 1.000000
54574 0.000000 0.000000 0.000000 1.000000
54575 0.000000 0.000000 0.000000 1.000000
54576 0.000000 0.000000 0.000000 1.000000
54577 0.000000 0.000000 0.000000 1.000000
54578 0.000000 0.000000 0.000000 1.000000
54579 0.000000 0.000000 0.000000 1.000000
54580 0.000000 0.000000 0.000000 1.000000
54581 0.000000 0.000000 0.000000 1.000000
54582 0.000000 0.000000 0.000000 1.000000
54594 0.000000 0.000000 0.000000 1.000000
54595 0.000000 0.000000 0.000000 1.000000
54596 0.000000 0.000000 0.000000 1.000000
54597 0.000000 0.000000 0.000000 1.000000
54598 0.000000 0.000000 0.000000 1.000000
54599 0.000000 0.000000 0.000000 1.000000
54600 0.000000 0.000000 0.000000 1.000000
54601 0.000000 0.000000 0.000000 1.000000
54602 0.000000 0.000000 0.000000 1.000000
54604 0.000000 0.000000 0.000000 1.000000
54610 0.000000 0.000000 0.000000 1.000000
54611 0.000000 0.000000 0.000000 1.000000
54612 0.000000 0.000000 0.000000 1.000000
54613 0.000000 0.000000 0.000000 1.000000
54614 0.000000 0.000000 0.000000 1.000000
54615 0.000000 0.000000 0.000000 1.000000
54616 0.000000 0.000000 0.000000 1.000000
54617 0.000000 0.000000 0.000000 1.000000
54618 0.000000 0.000000 0.000000 1.000000
54625 0.000000 0.000000 0.000000 1.000000
54626 0.000000 0.000000 0.000000 1.000000
54627 0.000000 0.000000 0.000000 1.000000
54628 0.000000 0.000000 0.000000 1.000000
54629 0.000000 0.000000 0.000000 1.000000
54630 0.000000 0.000000 0.000000 1.000000
54631 0.000000 0.000000 0.000000 1.000000
54642 0.000000 0.000000 0.000000 1.000000
54643 0.000000 0.000000 0.000000 1.000000
54644 0.000000 0.000000 0.000000 1.000000
54645 0.000000 0.000000 0.000000 1.000000
54651 0.000000 0.000000 0.000000 1.000000
54652 0.000000 0.000000 0.000000 1.000000
54653 0.000000 0.000000 0.000000 1.000000
54654 0.000000 0.000000 0.000000 1.000000
54655 0.000000 0.000000 0.000000 1.000000
54656 0.000000 0.000000 0.000000 1.000000
54657 0.000000 0.000000 0.000000 1.000000
54658 0.000000 0.000000 0.000000 1.000000
54659 0.000000 0.000000 0.000000 1.000000
55627 0.000000 0.000000 0.000000 1.000000
55628 0.000000 0.000000 0.000000 1.000000
55629 0.000000 0.000000 0.000000 1.000000
55642 0.000000 0.000000 0.000000 1.000000
55643 0.000000 0.000000 0.000000 1.000000
55644 0.000000 0.000000 0.000000 1.000000
55645 0.000000 0.000000 0.000000 1.000000
55661 0.000000 0.000000 0.000000 1.000000
55662 0.000000 0.000000 0.000000 1.000000
55663 0.000000 0.000000 0.000000 1.000000
55664 0.000000 0.000000 0.000000 1.000000
55665 0.000000 0.000000 0.000000 1.000000
55666 0.000000 0.000000 0.000000 1.000000
55667 0.000000 0.000000 0.000000 1.000000
55668 0.000000 0.000000 0.000000 1.000000
55669 0.000000 0.000000 0.000000 1.000000
55682 0.000000 0.000000 0.000000 1.000000
55683 0.000000 0.000000 0.000000 1.000000
55684 0.000000 0.000000 0.000000 1.000000
55685 0.000000 0.000000 0.000000 1.000000
55686 0.000000 0.000000 0.000000 1.000000
55687 0.000000 0.000000 0.000000 1.000000
55688 0.000000 0.000000 0.000000 1.000000
55689 0.000000 0.000000 0.000000 1.000000
55690 0.000000 0.000000 0.000000 1.000000
55691 0.000000 0.000000 0.000000 1.000000
55702 0.000000 0.000000 0.000000 1.000000
55703 0.000000 0.000000 0.000000 1.000000
55704 0.000000 0.000000 0.000000 1.000000
55705 0.000000 0.000000 0.000000 1.000000
55706 0.000000 0.000000 0.000000 1.000000
55707 0.000000 0.000000 0.000000 1.000000
55708 0.000000 0.000000 0.000000 1.000000
55709 0.000000 0.000000 0.000000 1.000000
55710 0.000000 0.000000 0.000000 1.000000
55721 0.000000 0.000000 0.000000 1.000000
55722 0.000000 0.000000 0.000000 1.000000
55723 0.000000 0.000000 0.000000 1.000000
55724 0.000000 0.000000 0.000000 1.000000
55725 0.000000 0.000000 0.000000 1.000000
55733 0.000000 0.000000 0.000000 1.000000
55734 0.000000 0.000000 0.000000 1.000000
55735 0.000000 0.000000 0.000000 1.000000
55736 0.000000 0.000000 0.000000 1.000000
55737 0.000000 0.000000 0.000000 1.000000
55738 0.000000 0.000000 0.000000 1.000000
55739 0.000000 0.000000 0.000000 1.000000
55740 0.000000 0.000000 0.000000 1.000000
55741 0.000000 0.000000 0.000000 1.000000
55742 0.000000 0.000000 0.000000 1.000000
55743 0.000000 0.000000 0.000000 1.000000
55744 0.000000 0.000000 0.000000 1.000000
55745 0.000000 0.000000 0.000000 1.000000
55746 0.000000 0.000000 0.000000 1.000000
55747 0.000000 0.000000 0.000000 1.000000
56845 0.000000 0.000000 0.000000 1.000000
56860 0.000000 0.000000 0.000000 1.000000
56861 0.000000 0.000000 0.000000 1.000000
56875 0.000000 0.000000 0.000000 1.000000
56876 0.000000 0.000000 0.000000 1.000000
56877 0.000000 0.000000 0.000000 1.000000
56878 0.000000 0.000000 0.000000 1.000000
56879 0.000000 0.000000 0.000000 1.000000
56880 0.000000 0.000000 0.000000 1.000000
56881 0.000000 0.000000 0.000000 1.000000
56882 0.000000 0.000000 0.000000 1.000000
56883 0.000000 0.000000 0.000000 1.000000
56893 0.000000 0.000000 0.000000 1.000000
56894 0.000000 0.000000 0.000000 1.000000
56895 0.000000 0.000000 0.000000 1.000000
56896 0.000000 0.000000 0.000000 1.000000
56897 0.000000 0.000000 0.000000 1.000000
56898 0.000000 0.000000 0.000000 1.000000
56899 0.000000 0.000000 0.000000 1.000000
56900 0.000000 0.000000 0.000000 1.000000
56901 0.000000 0.000000 0.000000 1.000000
56902 0.000000 0.000000 0.000000 1.000000
56910 0.000000 0.000000 0.000000 1.000000
56911 0.000000 0.000000 0.000000 1.000000
56912 0.000000 0.000000 0.000000 1.000000
56913 0.000000 0.000000 0.000000 1.000000
56914 0.000000 0.000000 0.000000 1.000000
56915 0.000000 0.000000 0.000000 1.000000
56916 0.000000 0.000000 0.000000 1.000000
56922 0.000000 0.000000 0.000000 1.000000
56923 0.000000 0.000000 0.000000 1.000000
56924 0.000000 0.000000 0.000000 1.000000
56925 0.000000 0.000000 0.000000 1.000000
56926 0.000000 0.000000 0.000000 1.000000
56927 0.000000 0.000000 0.000000 1.000000
56928 0.000000 0.000000 0.000000 1.000000
56931 0.000000 0.000000 0.000000 1.000000
56932 0.000000 0.000000 0.000000 1.000000
56933 0.000000 0.000000 0.000000 1.000000
56934 0.000000 0.000000 0.000000 1.000000
56935 0.000000 0.000000 0.000000 1.000000
56936 0.000000 0.000000 0.000000 1.000000
56937 0.000000 0.000000 0.000000 1.000000
56938 0.000000 0.000000 0.000000 1.000000
58145 0.000000 0.000000 0.000000 1.000000
58146 0.000000 0.000000 0.000000 1.000000
58147 0.000000 0.000000 0.000000 1.000000
58148 0.000000 0.000000 0.000000 1.000000
58149 0.000000 0.000000 0.000000 1.000000
58150 0.000000 0.000000 0.000000 1.000000
58151 0.000000 0.000000 0.000000 1.000000
58152 0.000000 0.000000 0.000000 1.000000
58164 0.000000 0.000000 0.000000 1.000000
58165 0.000000 0.000000 0.000000 1.000000
58166 0.000000 0.000000 0.000000 1.000000
58167 0.000000 0.000000 0.000000 1.000000
58168 0.000000 0.000000 0.000000 1.000000
58169 0.000000 0.000000 0.000000 1.000000
58170 0.000000 0.000000 0.000000 1.000000
58171 0.000000 0.000000 0.000000 1.000000
58172 0.000000 0.000000 0.000000 1.000000
58173 0.000000 0.000000 0.000000 1.000000
58174 0.000000 0.000000 0.000000 1.000000
58175 0.000000 0.000000 0.000000 1.000000
58185 0.000000 0.000000 0.000000 1.000000
58186 0.000000 0.000000 0.000000 1.000000
58187 0.000000 0.000000 0.000000 1.000000
58188 0.000000 0.000000 0.000000 1.000000
58189 0.000000 0.000000 0.000000 1.000000
58190 0.000000 0.000000 0.000000 1.000000
58191 0.000000 0.000000 0.000000 1.000000
58198 0.000000 0.000000 0.000000 1.000000
58199 0.000000 0.000000 0.000000 1.000000
58200 0.000000 0.000000 0.000000 1.000000
58201 0.000000 0.000000 0.000000 1.000000
58202 0.000000 0.000000 0.000000 1.000000
58203 0.000000 0.000000 0.000000 1.000000
58204 0.000000 0.000000 0.000000 1.000000
58205 0.000000 0.000000 0.000000 1.000000
58211 0.000000 0.000000 0.000000 1.000000
58212 0.000000 0.000000 0.000000 1.000000
58213 0.000000 0.000000 0.000000 1.000000
58214 0.000000 0.000000 0.000000 1.000000
58215 0.000000 0.000000 0.000000 1.000000
58216 0.000000 0.000000 0.000000 1.000000
58217 0.000000 0.000000 0.000000 1.000000
58218 0.000000 0.000000 0.000000 1.000000
58219 0.000000 0.000000 0.000000 1.000000
58220 0.000000 0.000000 0.000000 1.000000
58225 0.000000 0.000000 0.000000 1.000000
58226 0.000000 0.000000 0.000000 1.000000
58227 0.000000 0.000000 0.000000 1.000000
58228 0.000000 0.000000 0.000000 1.000000
58229 0.000000 0.000000 0.000000 1.000000
58230 0.000000 0.000000 0.000000 1.000000
58231 0.000000 0.000000 0.000000 1.000000
58232 0.000000 0.000000 0.000000 1.000000
58233 0.000000 0.000000 0.000000 1.000000
58234 0.000000 0.000000 0.000000 1.000000
58235 0.000000 0.000000 0.000000 1.000000
58236 0.000000 0.000000 0.000000 1.000000
58237 0.000000 0.000000 0.000000 1.000000
59502 0.000000 0.000000 0.000000 1.000000
59503 0.000000 0.000000 0.000000 1.000000
59504 0.000000 0.000000 0.000000 1.000000
59505 0.000000 0.000000 0.000000 1.000000
59518 0.000000 0.000000 0.000000 1.000000
59519 0.000000 0.000000 0.000000 1.000000
59520 0.000000 0.000000 0.000000 1.000000
59521 0.000000 0.000000 0.000000 1.000000
59522 0.000000 0.000000 0.000000 1.000000
59524 0.000000 0.000000 0.000000 1.000000
59533 0.000000 0.000000 0.000000 1.000000
59534 0.000000 0.000000 0.000000 1.000000
59535 0.000000 0.000000 0.000000 1.000000
59536 0.000000 0.000000 0.000000 1.000000
59537 0.000000 0.000000 0.000000 1.000000
59549 0.000000 0.000000 0.000000 1.000000
59550 0.000000 0.000000 0.000000 1.000000
59551 0.000000 0.000000 0.000000 1.000000
59552 0.000000 0.000000 0.000000 1.000000
59553 0.000000 0.000000 0.000000 1.000000
59562 0.000000 0.000000 0.000000 1.000000
59563 0.000000 0.000000 0.000000 1.000000
59564 0.000000 0.000000 0.000000 1.000000
59565 0.000000 0.000000 0.000000 1.000000
59566 0.000000 0.000000 0.000000 1.000000
59574 0.000000 0.000000 0.000000 1.000000
59575 0.000000 0.000000 0.000000 1.000000
59576 0.000000 0.000000 0.000000 1.000000
59577 0.000000 0.000000 0.000000 1.000000
59578 0.000000 0.000000 0.000000 1.000000
59579 0.000000 0.000000 0.000000 1.000000
59580 0.000000 0.000000 0.000000 1.000000
59581 0.000000 0.000000 0.000000 1.000000
59582 0.000000 0.000000 0.000000 1.000000
59589 0.000000 0.000000 0.000000 1.000000
59590 0.000000 0.000000 0.000000 1.000000
59591 0.000000 0.000000 0.000000 1.000000
59592 0.000000 0.000000 0.000000 1.000000
59593 0.000000 0.000000 0.000000 1.000000
59594 0.000000 0.000000 0.000000 1.000000
59595 0.000000 0.000000 0.000000 1.000000
59596 0.000000 0.000000 0.000000 1.000000
59597 0.000000 0.000000 0.000000 1.000000
59598 0.000000 0.000000 0.000000 1.000000
59599 0.000000 0.000000 0.000000 1.000000
59600 0.000000 0.000000 0.000000 1.000000
59601 0.000000 0.000000 0.000000 1.000000
59602 0.000000 0.000000 0.000000 1.000000
59603 0.000000 0.000000 0.000000 1.000000
59604 0.000000 0.000000 0.000000 1.000000
59605 0.000000 0.000000 0.000000 1.000000
59606 0.000000 0.000000 0.000000 1.000000
60825 0.000000 0.000000 0.000000 1.000000
60826 0.000000 0.000000 0.000000 1.000000
60827 0.000000 0.000000 0.000000 1.000000
60840 0.000000 0.000000 0.000000 1.000000
60841 0.000000 0.000000 0.000000 1.000000
60842 0.000000 0.000000 0.000000 1.000000
60843 0.000000 0.000000 0.000000 1.000000
60857 0.000000 0.000000 0.000000 1.000000
60858 0.000000 0.000000 0.000000 1.000000
60859 0.000000 0.000000 0.000000 1.000000
60867 0.000000 0.000000 0.000000 1.000000
60868 0.000000 0.000000 0.000000 1.000000
60869 0.000000 0.000000 0.000000 1.000000
60870 0.000000 0.000000 0.000000 1.000000
60871 0.000000 0.000000 0.000000 1.000000
60872 0.000000 0.000000 0.000000 1.000000
60882 0.000000 0.000000 0.000000 1.000000
60883 0.000000 0.000000 0.000000 1.000000
60884 0.000000 0.000000 0.000000 1.000000
60885 0.000000 0.000000 0.000000 1.000000
60886 0.000000 0.000000 0.000000 1.000000
60887 0.000000 0.000000 0.000000 1.000000
60894 0.000000 0.000000 0.000000 1.000000
60895 0.000000 0.000000 0.000000 1.000000
60896 0.000000 0.000000 0.000000 1.000000
60897 0.000000 0.000000 0.000000 1.000000
60898 0.000000 0.000000 0.000000 1.000000
60906 0.000000 0.000000 0.000000 1.000000
60907 0.000000 0.000000 0.000000 1.000000
60915 0.000000 0.000000 0.000000 1.000000
60916 0.000000 0.000000 0.000000 1.000000
60917 0.000000 0.000000 0.000000 1.000000
60918 0.000000 0.000000 0.000000 1.000000
60919 0.000000 0.000000 0.000000 1.000000
60920 0.000000 0.000000 0.000000 1.000000
60921 0.000000 0.000000 0.000000 1.000000
60922 0.000000 0.000000 0.000000 1.000000
60923 0.000000 0.000000 0.000000 1.000000
60924 0.000000 0.000000 0.000000 1.000000
60927 0.000000 0.000000 0.000000 1.000000
60928 0.000000 0.000000 0.000000 1.000000
60929 0.000000 0.000000 0.000000 1.000000
60930 0.000000 0.000000 0.000000 1.000000
60931 0.000000 0.000000 0.000000 1.000000
60932 0.000000 0.000000 0.000000 1.000000
60933 0.000000 0.000000 0.000000 1.000000
60934 0.000000 0.000000 0.000000 1.000000
60935 0.000000 0.000000 0.000000 1.000000
60936 0.000000 0.000000 0.000000 1.000000
60937 0.000000 0.000000 0.000000 1.000000
60938 0.000000 0.000000 0.000000 1.000000
60939 0.000000 0.000000 0.000000 1.000000
60940 0.000000 0.000000 0.000000 1.000000
60941 0.000000 0.000000 0.000000 1.000000
62173 0.000000 0.000000 0.000000 1.000000
62174 0.000000 0.000000 0.000000 1.000000
62189 0.000000 0.000000 0.000000 1.000000
62190 0.000000 0.000000 0.000000 1.000000
62191 0.000000 0.000000 0.000000 1.000000
62192 0.000000 0.000000 0.000000 1.000000
62206 0.000000 0.000000 0.000000 1.000000
62207 0.000000 0.000000 0.000000 1.000000
62209 0.000000 0.000000 0.000000 1.000000
62210 0.000000 0.000000 0.000000 1.000000
62217 0.000000 0.000000 0.000000 1.000000
62218 0.000000 0.000000 0.000000 1.000000
62219 0.000000 0.000000 0.000000 1.000000
62220 0.000000 0.000000 0.000000 1.000000
62221 0.000000 0.000000 0.000000 1.000000
62222 0.000000 0.000000 0.000000 1.000000
62229 0.000000 0.000000 0.000000 1.000000
62230 0.000000 0.000000 0.000000 1.000000
62231 0.000000 0.000000 0.000000 1.000000
62232 0.000000 0.000000 0.000000 1.000000
62233 0.000000 0.000000 0.000000 1.000000
62241 0.000000 0.000000 0.000000 1.000000
62242 0.000000 0.000000 0.000000 1.000000
62243 0.000000 0.000000 0.000000 1.000000
62244 0.000000 0.000000 0.000000 1.000000
62245 0.000000 0.000000 0.000000 1.000000
62246 0.000000 0.000000 0.000000 1.000000
62247 0.000000 0.000000 0.000000 1.000000
62254 0.000000 0.000000 0.000000 1.000000
62255 0.000000 0.000000 0.000000 1.000000
62256 0.000000 0.000000 0.000000 1.000000
62265 0.000000 0.000000 0.000000 1.000000
62266 0.000000 0.000000 0.000000 1.000000
62267 0.000000 0.000000 0.000000 1.000000
62268 0.000000 0.000000 0.000000 1.000000
62269 0.000000 0.000000 0.000000 1.000000
62270 0.000000 0.000000 0.000000 1.000000
62271 0.000000 0.000000 0.000000 1.000000
62275 0.000000 0.000000 0.000000 1.000000
62276 0.000000 0.000000 0.000000 1.000000
62277 0.000000 0.000000 0.000000 1.000000
62278 0.000000 0.000000 0.000000 1.000000
62279 0.000000 0.000000 0.000000 1.000000
62280 0.000000 0.000000 0.000000 1.000000
62281 0.000000 0.000000 0.000000 1.000000
62282 0.000000 0.000000 0.000000 1.000000
62283 0.000000 0.000000 0.000000 1.000000
62284 0.000000 0.000000 0.000000 1.000000
62285 0.000000 0.000000 0.000000 1.000000
62286 0.000000 0.000000 0.000000 1.000000
62287 0.000000 0.000000 0.000000 1.000000
62291 0.000000 0.000000 0.000000 1.000000
62292 0.000000 0.000000 0.000000 1.000000
62293 0.000000 0.000000 0.000000 1.000000
63463 0.000000 0.000000 0.000000 1.000000
63464 0.000000 0.000000 0.000000 1.000000
63465 0.000000 0.000000 0.000000 1.000000
63466 0.000000 0.000000 0.000000 1.000000
63478 0.000000 0.000000 0.000000 1.000000
63479 0.000000 0.000000 0.000000 1.000000
63480 0.000000 0.000000 0.000000 1.000000
63481 0.000000 0.000000 0.000000 1.000000
63482 0.000000 0.000000 0.000000 1.000000
63483 0.000000 0.000000 0.000000 1.000000
63495 0.000000 0.000000 0.000000 1.000000
63496 0.000000 0.000000 0.000000 1.000000
63497 0.000000 0.000000 0.000000 1.000000
63498 0.000000 0.000000 0.000000 1.000000
63499 0.000000 0.000000 0.000000 1.000000
63500 0.000000 0.000000 0.000000 1.000000
63509 0.000000 0.000000 0.000000 1.000000
63510 0.000000 0.000000 0.000000 1.000000
63511 0.000000 0.000000 0.000000 1.000000
63512 0.000000 0.000000 0.000000 1.000000
63513 0.000000 0.000000 0.000000 1.000000
63519 0.000000 0.000000 0.000000 1.000000
63520 0.000000 0.000000 0.000000 1.000000
63521 0.000000 0.000000 0.000000 1.000000
63522 0.000000 0.000000 0.000000 1.000000
63523 0.000000 0.000000 0.000000 1.000000
63524 0.000000 0.000000 0.000000 1.000000
63525 0.000000 0.000000 0.000000 1.000000
63526 0.000000 0.000000 0.000000 1.000000
63532 0.000000 0.000000 0.000000 1.000000
63533 0.000000 0.000000 0.000000 1.000000
63534 0.000000 0.000000 0.000000 1.000000
63543 0.000000 0.000000 0.000000 1.000000
63544 0.000000 0.000000 0.000000 1.000000
63545 0.000000 0.000000 0.000000 1.000000
63553 0.000000 0.000000 0.000000 1.000000
63554 0.000000 0.000000 0.000000 1.000000
63555 0.000000 0.000000 0.000000 1.000000
63556 0.000000 0.000000 0.000000 1.000000
63557 0.000000 0.000000 0.000000 1.000000
63558 0.000000 0.000000 0.000000 1.000000
63559 0.000000 0.000000 0.000000 1.000000
63560 0.000000 0.000000 0.000000 1.000000
63561 0.000000 0.000000 0.000000 1.000000
63562 0.000000 0.000000 0.000000 1.000000
63563 0.000000 0.000000 0.000000 1.000000
63564 0.000000 0.000000 0.000000 1.000000
63565 0.000000 0.000000 0.000000 1.000000
63569 0.000000 0.000000 0.000000 1.000000
63570 0.000000 0.000000 0.000000 1.000000
63571 0.000000 0.000000 0.000000 1.000000
63572 0.000000 0.000000 0.000000 1.000000
63573 0.000000 0.000000 0.000000 1.000000
63574 0.000000 0.000000 0.000000 1.000000
63575 0.000000 0.000000 0.000000 1.000000
63576 0.000000 0.000000 0.000000 1.000000
63577 0.000000 0.000000 0.000000 1.000000
63578 0.000000 0.000000 0.000000 1.000000
63579 0.000000 0.000000 0.000000 1.000000
63580 0.000000 0.000000 0.000000 1.000000
63581 0.000000 0.000000 0.000000 1.000000
64718 0.000000 0.000000 0.000000 1.000000
64733 0.000000 0.000000 0.000000 1.000000
64734 0.000000 0.000000 0.000000 1.000000
64735 0.000000 0.000000 0.000000 1.000000
64736 0.000000 0.000000 0.000000 1.000000
64745 0.000000 0.000000 0.000000 1.000000
64746 0.000000 0.000000 0.000000 1.000000
64747 0.000000 0.000000 0.000000 1.000000
64748 0.000000 0.000000 0.000000 1.000000
64759 0.000000 0.000000 0.000000 1.000000
64760 0.000000 0.000000 0.000000 1.000000
64761 0.000000 0.000000 0.000000 1.000000
64762 0.000000 0.000000 0.000000 1.000000
64763 0.000000 0.000000 0.000000 1.000000
64774 0.000000 0.000000 0.000000 1.000000
64775 0.000000 0.000000 0.000000 1.000000
64776 0.000000 0.000000 0.000000 1.000000
64777 0.000000 0.000000 0.000000 1.000000
64778 0.000000 0.000000 0.000000 1.000000
64779 0.000000 0.000000 0.000000 1.000000
64788 0.000000 0.000000 0.000000 1.000000
64789 0.000000 0.000000 0.000000 1.000000
64790 0.000000 0.000000 0.000000 1.000000
64791 0.000000 0.000000 0.000000 1.000000
64792 0.000000 0.000000 0.000000 1.000000
64793 0.000000 0.000000 0.000000 1.000000
64794 0.000000 0.000000 0.000000 1.000000
64795 0.000000 0.000000 0.000000 1.000000
64801 0.000000 0.000000 0.000000 1.000000
64802 0.000000 0.000000 0.000000 1.000000
64803 0.000000 0.000000 0.000000 1.000000
64804 0.000000 0.000000 0.000000 1.000000
64805 0.000000 0.000000 0.000000 1.000000
64810 0.000000 0.000000 0.000000 1.000000
64811 0.000000 0.000000 0.000000 1.000000
64812 0.000000 0.000000 0.000000 1.000000
64813 0.000000 0.000000 0.000000 1.000000
64822 0.000000 0.000000 0.000000 1.000000
64823 0.000000 0.000000 0.000000 1.000000
64824 0.000000 0.000000 0.000000 1.000000
64825 0.000000 0.000000 0.000000 1.000000
64833 0.000000 0.000000 0.000000 1.000000
64834 0.000000 0.000000 0.000000 1.000000
64835 0.000000 0.000000 0.000000 1.000000
64836 0.000000 0.000000 0.000000 1.000000
64837 0.000000 0.000000 0.000000 1.000000
64838 0.000000 0.000000 0.000000 1.000000
64839 0.000000 0.000000 0.000000 1.000000
64840 0.000000 0.000000 0.000000 1.000000
64841 0.000000 0.000000 0.000000 1.000000
64842 0.000000 0.000000 0.000000 1.000000
64843 0.000000 0.000000 0.000000 1.000000
64844 0.000000 0.000000 0.000000 1.000000
64845 0.000000 0.000000 0.000000 1.000000
65837 0.000000 0.000000 0.000000 1.000000
65838 0.000000 0.000000 0.000000 1.000000
65861 0.000000 0.000000 0.000000 1.000000
65883 0.000000 0.000000 0.000000 1.000000
65884 0.000000 0.000000 0.000000 1.000000
65898 0.000000 0.000000 0.000000 1.000000
65899 0.000000 0.000000 0.000000 1.000000
65900 0.000000 0.000000 0.000000 1.000000
65901 0.000000 0.000000 0.000000 1.000000
65902 0.000000 0.000000 0.000000 1.000000
65913 0.000000 0.000000 0.000000 1.000000
65914 0.000000 0.000000 0.000000 1.000000
65915 0.000000 0.000000 0.000000 1.000000
65916 0.000000 0.000000 0.000000 1.000000
65927 0.000000 0.000000 0.000000 1.000000
65928 0.000000 0.000000 0.000000 1.000000
65929 0.000000 0.000000 0.000000 1.000000
65930 0.000000 0.000000 0.000000 1.000000
65943 0.000000 0.000000 0.000000 1.000000
65944 0.000000 0.000000 0.000000 1.000000
65945 0.000000 0.000000 0.000000 1.000000
65946 0.000000 0.000000 0.000000 1.000000
65947 0.000000 0.000000 0.000000 1.000000
65948 0.000000 0.000000 0.000000 1.000000
65958 0.000000 0.000000 0.000000 1.000000
65959 0.000000 0.000000 0.000000 1.000000
65960 0.000000 0.000000 0.000000 1.000000
65961 0.000000 0.000000 0.000000 1.000000
65962 0.000000 0.000000 0.000000 1.000000
65963 0.000000 0.000000 0.000000 1.000000
65964 0.000000 0.000000 0.000000 1.000000
65972 0.000000 0.000000 0.000000 1.000000
65973 0.000000 0.000000 0.000000 1.000000
65974 0.000000 0.000000 0.000000 1.000000
65975 0.000000 0.000000 0.000000 1.000000
65976 0.000000 0.000000 0.000000 1.000000
65977 0.000000 0.000000 0.000000 1.000000
65982 0.000000 0.000000 0.000000 1.000000
65983 0.000000 0.000000 0.000000 1.000000
65987 0.000000 0.000000 0.000000 1.000000
65988 0.000000 0.000000 0.000000 1.000000
65989 0.000000 0.000000 0.000000 1.000000
65997 0.000000 0.000000 0.000000 1.000000
65998 0.000000 0.000000 0.000000 1.000000
65999 0.000000 0.000000 0.000000 1.000000
66000 0.000000 0.000000 0.000000 1.000000
66001 0.000000 0.000000 0.000000 1.000000
66002 0.000000 0.000000 0.000000 1.000000
66003 0.000000 0.000000 0.000000 1.000000
66004 0.000000 0.000000 0.000000 1.000000
66005 0.000000 0.000000 0.000000 1.000000
66006 0.000000 0.000000 0.000000 1.000000
66007 0.000000 0.000000 0.000000 1.000000
66008 0.000000 0.000000 0.000000 1.000000
66009 0.000000 0.000000 0.000000 1.000000
66010 0.000000 0.000000 0.000000 1.000000
66017 0.000000 0.000000 0.000000 1.000000
66018 0.000000 0.000000 0.000000 1.000000
66019 0.000000 0.000000 0.000000 1.000000
67001 0.000000 0.000000 0.000000 1.000000
67002 0.000000 0.000000 0.000000 1.000000
67017 0.000000 0.000000 0.000000 1.000000
67018 0.000000 0.000000 0.000000 1.000000
67019 0.000000 0.000000 0.000000 1.000000
67041 0.000000 0.000000 0.000000 1.000000
67067 0.000000 0.000000 0.000000 1.000000
67087 0.000000 0.000000 0.000000 1.000000
67088 0.000000 0.000000 0.000000 1.000000
67089 0.000000 0.000000 0.000000 1.000000
67090 0.000000 0.000000 0.000000 1.000000
67099 0.000000 0.000000 0.000000 1.000000
67100 0.000000 0.000000 0.000000 1.000000
67101 0.000000 0.000000 0.000000 1.000000
67102 0.000000 0.000000 0.000000 1.000000
67111 0.000000 0.000000 0.000000 1.000000
67112 0.000000 0.000000 0.000000 1.000000
67113 0.000000 0.000000 0.000000 1.000000
67114 0.000000 0.000000 0.000000 1.000000
67126 0.000000 0.000000 0.000000 1.000000
67127 0.000000 0.000000 0.000000 1.000000
67128 0.000000 0.000000 0.000000 1.000000
67129 0.000000 0.000000 0.000000 1.000000
67140 0.000000 0.000000 0.000000 1.000000
67141 0.000000 0.000000 0.000000 1.000000
67142 0.000000 0.000000 0.000000 1.000000
67143 0.000000 0.000000 0.000000 1.000000
67144 0.000000 0.000000 0.000000 1.000000
67145 0.000000 0.000000 0.000000 1.000000
67146 0.000000 0.000000 0.000000 1.000000
67157 0.000000 0.000000 0.000000 1.000000
67158 0.000000 0.000000 0.000000 1.000000
67159 0.000000 0.000000 0.000000 1.000000
67160 0.000000 0.000000 0.000000 1.000000
67161 0.000000 0.000000 0.000000 1.000000
67162 0.000000 0.000000 0.000000 1.000000
67163 0.000000 0.000000 0.000000 1.000000
67164 0.000000 0.000000 0.000000 1.000000
67165 0.000000 0.000000 0.000000 1.000000
67178 0.000000 0.000000 0.000000 1.000000
67179 0.000000 0.000000 0.000000 1.000000
67180 0.000000 0.000000 0.000000 1.000000
67181 0.000000 0.000000 0.000000 1.000000
67182 0.000000 0.000000 0.000000 1.000000
67183 0.000000 0.000000 0.000000 1.000000
67189 0.000000 0.000000 0.000000 1.000000
67190 0.000000 0.000000 0.000000 1.000000
67191 0.000000 0.000000 0.000000 1.000000
67197 0.000000 0.000000 0.000000 1.000000
67198 0.000000 0.000000 0.000000 1.000000
67199 0.000000 0.000000 0.000000 1.000000
67200 0.000000 0.000000 0.000000 1.000000
67201 0.000000 0.000000 0.000000 1.000000
67202 0.000000 0.000000 0.000000 1.000000
67203 0.000000 0.000000 0.000000 1.000000
67204 0.000000 0.000000 0.000000 1.000000
67205 0.000000 0.000000 0.000000 1.000000
67206 0.000000 0.000000 0.000000 1.000000
67207 0.000000 0.000000 0.000000 1.000000
67208 0.000000 0.000000 0.000000 1.000000
67209 0.000000 0.000000 0.000000 1.000000
67217 0.000000 0.000000 0.000000 1.000000
67218 0.000000 0.000000 0.000000 1.000000
67219 0.000000 0.000000 0.000000 1.000000
67220 0.000000 0.000000 0.000000 1.000000
67221 0.000000 0.000000 0.000000 1.000000
67222 0.000000 0.000000 0.000000 1.000000
67223 0.000000 0.000000 0.000000 1.000000
67224 0.000000 0.000000 0.000000 1.000000
67225 0.000000 0.000000 0.000000 1.000000
68204 0.000000 0.000000 0.000000 1.000000
68213 0.000000 0.000000 0.000000 1.000000
68214 0.000000 0.000000 0.000000 1.000000
68215 0.000000 0.000000 0.000000 1.000000
68232 0.000000 0.000000 0.000000 1.000000
68233 0.000000 0.000000 0.000000 1.000000
68253 0.000000 0.000000 0.000000 1.000000
68276 0.000000 0.000000 0.000000 1.000000
68277 0.000000 0.000000 0.000000 1.000000
68288 0.000000 0.000000 0.000000 1.000000
68289 0.000000 0.000000 0.000000 1.000000
68290 0.000000 0.000000 0.000000 1.000000
68291 0.000000 0.000000 0.000000 1.000000
68301 0.000000 0.000000 0.000000 1.000000
68302 0.000000 0.000000 0.000000 1.000000
68303 0.000000 0.000000 0.000000 1.000000
68304 0.000000 0.000000 0.000000 1.000000
68315 0.000000 0.000000 0.000000 1.000000
68316 0.000000 0.000000 0.000000 1.000000
68317 0.000000 0.000000 0.000000 1.000000
68327 0.000000 0.000000 0.000000 1.000000
68328 0.000000 0.000000 0.000000 1.000000
68329 0.000000 0.000000 0.000000 1.000000
68330 0.000000 0.000000 0.000000 1.000000
68339 0.000000 0.000000 0.000000 1.000000
68340 0.000000 0.000000 0.000000 1.000000
68341 0.000000 0.000000 0.000000 1.000000
68342 0.000000 0.000000 0.000000 1.000000
68343 0.000000 0.000000 0.000000 1.000000
68344 0.000000 0.000000 0.000000 1.000000
68359 0.000000 0.000000 0.000000 1.000000
68360 0.000000 0.000000 0.000000 1.000000
68361 0.000000 0.000000 0.000000 1.000000
68362 0.000000 0.000000 0.000000 1.000000
68363 0.000000 0.000000 0.000000 1.000000
68364 0.000000 0.000000 0.000000 1.000000
68365 0.000000 0.000000 0.000000 1.000000
68377 0.000000 0.000000 0.000000 1.000000
68378 0.000000 0.000000 0.000000 1.000000
68379 0.000000 0.000000 0.000000 1.000000
68380 0.000000 0.000000 0.000000 1.000000
68388 0.000000 0.000000 0.000000 1.000000
68389 0.000000 0.000000 0.000000 1.000000
68390 0.000000 0.000000 0.000000 1.000000
68391 0.000000 0.000000 0.000000 1.000000
68392 0.000000 0.000000 0.000000 1.000000
68393 0.000000 0.000000 0.000000 1.000000
68394 0.000000 0.000000 0.000000 1.000000
68395 0.000000 0.000000 0.000000 1.000000
68396 0.000000 0.000000 0.000000 1.000000
68397 0.000000 0.000000 0.000000 1.000000
68405 0.000000 0.000000 0.000000 1.000000
68406 0.000000 0.000000 0.000000 1.000000
68407 0.000000 0.000000 0.000000 1.000000
68408 0.000000 0.000000 0.000000 1.000000
68409 0.000000 0.000000 0.000000 1.000000
68410 0.000000 0.000000 0.000000 1.000000
68411 0.000000 0.000000 0.000000 1.000000
68412 0.000000 0.000000 0.000000 1.000000
68413 0.000000 0.000000 0.000000 1.000000
68414 0.000000 0.000000 0.000000 1.000000
68415 0.000000 0.000000 0.000000 1.000000
68416 0.000000 0.000000 0.000000 1.000000
68417 0.000000 0.000000 0.000000 1.000000
69439 0.000000 0.000000 0.000000 1.000000
69455 0.000000 0.000000 0.000000 1.000000
69456 0.000000 0.000000 0.000000 1.000000
69457 0.000000 0.000000 0.000000 1.000000
69479 0.000000 0.000000 0.000000 1.000000
69504 0.000000 0.000000 0.000000 1.000000
69505 0.000000 0.000000 0.000000 1.000000
69520 0.000000 0.000000 0.000000 1.000000
69521 0.000000 0.000000 0.000000 1.000000
69522 0.000000 0.000000 0.000000 1.000000
69523 0.000000 0.000000 0.000000 1.000000
69534 0.000000 0.000000 0.000000 1.000000
69535 0.000000 0.000000 0.000000 1.000000
69536 0.000000 0.000000 0.000000 1.000000
69537 0.000000 0.000000 0.000000 1.000000
69546 0.000000 0.000000 0.000000 1.000000
69547 0.000000 0.000000 0.000000 1.000000
69548 0.000000 0.000000 0.000000 1.000000
69549 0.000000 0.000000 0.000000 1.000000
69558 0.000000 0.000000 0.000000 1.000000
69559 0.000000 0.000000 0.000000 1.000000
69560 0.000000 0.000000 0.000000 1.000000
69561 0.000000 0.000000 0.000000 1.000000
69569 0.000000 0.000000 0.000000 1.000000
69570 0.000000 0.000000 0.000000 1.000000
69571 0.000000 0.000000 0.000000 1.000000
69572 0.000000 0.000000 0.000000 1.000000
69578 0.000000 0.000000 0.000000 1.000000
69579 0.000000 0.000000 0.000000 1.000000
69580 0.000000 0.000000 0.000000 1.000000
69581 0.000000 0.000000 0.000000 1.000000
69582 0.000000 0.000000 0.000000 1.000000
69583 0.000000 0.000000 0.000000 1.000000
69590 0.000000 0.000000 0.000000 1.000000
69591 0.000000 0.000000 0.000000 1.000000
69596 0.000000 0.000000 0.000000 1.000000
69597 0.000000 0.000000 0.000000 1.000000
69598 0.000000 0.000000 0.000000 1.000000
69600 0.000000 0.000000 0.000000 1.000000
69601 0.000000 0.000000 0.000000 1.000000
69602 0.000000 0.000000 0.000000 1.000000
69603 0.000000 0.000000 0.000000 1.000000
69604 0.000000 0.000000 0.000000 1.000000
69605 0.000000 0.000000 0.000000 1.000000
69606 0.000000 0.000000 0.000000 1.000000
69607 0.000000 0.000000 0.000000 1.000000
69608 0.000000 0.000000 0.000000 1.000000
69609 0.000000 0.000000 0.000000 1.000000
69610 0.000000 0.000000 0.000000 1.000000
69611 0.000000 0.000000 0.000000 1.000000
69612 0.000000 0.000000 0.000000 1.000000
69613 0.000000 0.000000 0.000000 1.000000
69614 0.000000 0.000000 0.000000 1.000000
69615 0.000000 0.000000 0.000000 1.000000
69616 0.000000 0.000000 0.000000 1.000000
70619 0.000000 0.000000 0.000000 1.000000
70630 0.000000 0.000000 0.000000 1.000000
70631 0.000000 0.000000 0.000000 1.000000
70632 0.000000 0.000000 0.000000 1.000000
70651 0.000000 0.000000 0.000000 1.000000
70652 0.000000 0.000000 0.000000 1.000000
70680 0.000000 0.000000 0.000000 1.000000
70703 0.000000 0.000000 0.000000 1.000000
70704 0.000000 0.000000 0.000000 1.000000
70705 0.000000 0.000000 0.000000 1.000000
70706 0.000000 0.000000 0.000000 1.000000
70728 0.000000 0.000000 0.000000 1.000000
70729 0.000000 0.000000 0.000000 1.000000
70730 0.000000 0.000000 0.000000 1.000000
70731 0.000000 0.000000 0.000000 1.000000
70742 0.000000 0.000000 0.000000 1.000000
70743 0.000000 0.000000 0.000000 1.000000
70744 0.000000 0.000000 0.000000 1.000000
70745 0.000000 0.000000 0.000000 1.000000
70756 0.000000 0.000000 0.000000 1.000000
70757 0.000000 0.000000 0.000000 1.000000
70758 0.000000 0.000000 0.000000 1.000000
70759 0.000000 0.000000 0.000000 1.000000
70771 0.000000 0.000000 0.000000 1.000000
70772 0.000000 0.000000 0.000000 1.000000
70773 0.000000 0.000000 0.000000 1.000000
70781 0.000000 0.000000 0.000000 1.000000
70782 0.000000 0.000000 0.000000 1.000000
70783 0.000000 0.000000 0.000000 1.000000
70784 0.000000 0.000000 0.000000 1.000000
70785 0.000000 0.000000 0.000000 1.000000
70786 0.000000 0.000000 0.000000 1.000000
70787 0.000000 0.000000 0.000000 1.000000
70794 0.000000 0.000000 0.000000 1.000000
70795 0.000000 0.000000 0.000000 1.000000
70796 0.000000 0.000000 0.000000 1.000000
70797 0.000000 0.000000 0.000000 1.000000
70805 0.000000 0.000000 0.000000 1.000000
70810 0.000000 0.000000 0.000000 1.000000
70811 0.000000 0.000000 0.000000 1.000000
70812 0.000000 0.000000 0.000000 1.000000
70813 0.000000 0.000000 0.000000 1.000000
70814 0.000000 0.000000 0.000000 1.000000
70815 0.000000 0.000000 0.000000 1.000000
70816 0.000000 0.000000 0.000000 1.000000
70817 0.000000 0.000000 0.000000 1.000000
70819 0.000000 0.000000 0.000000 1.000000
70820 0.000000 0.000000 0.000000 1.000000
70821 0.000000 0.000000 0.000000 1.000000
70822 0.000000 0.000000 0.000000 1.000000
70823 0.000000 0.000000 0.000000 1.000000
70824 0.000000 0.000000 0.000000 1.000000
70825 0.000000 0.000000 0.000000 1.000000
70826 0.000000 0.000000 0.000000 1.000000
70827 0.000000 0.000000 0.000000 1.000000
70828 0.000000 0.000000 0.000000 1.000000
70829 0.000000 0.000000 0.000000 1.000000
70830 0.000000 0.000000 0.000000 1.000000
70831 0.000000 0.000000 0.000000 1.000000
70832 0.000000 0.000000 0.000000 1.000000
71832 0.000000 0.000000 0.000000 1.000000
71833 0.000000 0.000000 0.000000 1.000000
71865 0.000000 0.000000 0.000000 1.000000
71866 0.000000 0.000000 0.000000 1.000000
71867 0.000000 0.000000 0.000000 1.000000
71868 0.000000 0.000000 0.000000 1.000000
71900 0.000000 0.000000 0.000000 1.000000
71901 0.000000 0.000000 0.000000 1.000000
71930 0.000000 0.000000 0.000000 1.000000
71931 0.000000 0.000000 0.000000 1.000000
71958 0.000000 0.000000 0.000000 1.000000
71959 0.000000 0.000000 0.000000 1.000000
71960 0.000000 0.000000 0.000000 1.000000
71981 0.000000 0.000000 0.000000 1.000000
71982 0.000000 0.000000 0.000000 1.000000
71995 0.000000 0.000000 0.000000 1.000000
71996 0.000000 0.000000 0.000000 1.000000
72006 0.000000 0.000000 0.000000 1.000000
72007 0.000000 0.000000 0.000000 1.000000
72008 0.000000 0.000000 0.000000 1.000000
72018 0.000000 0.000000 0.000000 1.000000
72019 0.000000 0.000000 0.000000 1.000000
72020 0.000000 0.000000 0.000000 1.000000
72021 0.000000 0.000000 0.000000 1.000000
72022 0.000000 0.000000 0.000000 1.000000
72023 0.000000 0.000000 0.000000 1.000000
72029 0.000000 0.000000 0.000000 1.000000
72030 0.000000 0.000000 0.000000 1.000000
72031 0.000000 0.000000 0.000000 1.000000
72032 0.000000 0.000000 0.000000 1.000000
72033 0.000000 0.000000 0.000000 1.000000
72041 0.000000 0.000000 0.000000 1.000000
72047 0.000000 0.000000 0.000000 1.000000
72048 0.000000 0.000000 0.000000 1.000000
72049 0.000000 0.000000 0.000000 1.000000
72051 0.000000 0.000000 0.000000 1.000000
72052 0.000000 0.000000 0.000000 1.000000
72053 0.000000 0.000000 0.000000 1.000000
72054 0.000000 0.000000 0.000000 1.000000
72055 0.000000 0.000000 0.000000 1.000000
72056 0.000000 0.000000 0.000000 1.000000
72057 0.000000 0.000000 0.000000 1.000000
72058 0.000000 0.000000 0.000000 1.000000
72059 0.000000 0.000000 0.000000 1.000000
72060 0.000000 0.000000 0.000000 1.000000
72061 0.000000 0.000000 0.000000 1.000000
72062 0.000000 0.000000 0.000000 1.000000
72063 0.000000 0.000000 0.000000 1.000000
72064 0.000000 0.000000 0.000000 1.000000
72065 0.000000 0.000000 0.000000 1.000000
72066 0.000000 0.000000 0.000000 1.000000
72067 0.000000 0.000000 0.000000 1.000000
72068 0.000000 0.000000 0.000000 1.000000
72069 0.000000 0.000000 0.000000 1.000000
72070 0.000000 0.000000 0.000000 1.000000
72970 0.000000 0.000000 0.000000 1.000000
72971 0.000000 0.000000 0.000000 1.000000
72988 0.000000 0.000000 0.000000 1.000000
72989 0.000000 0.000000 0.000000 1.000000
72990 0.000000 0.000000 0.000000 1.000000
73016 0.000000 0.000000 0.000000 1.000000
73042 0.000000 0.000000 0.000000 1.000000
73043 0.000000 0.000000 0.000000 1.000000
73064 0.000000 0.000000 0.000000 1.000000
73065 0.000000 0.000000 0.000000 1.000000
73066 0.000000 0.000000 0.000000 1.000000
73082 0.000000 0.000000 0.000000 1.000000
73083 0.000000 0.000000 0.000000 1.000000
73095 0.000000 0.000000 0.000000 1.000000
73096 0.000000 0.000000 0.000000 1.000000
73097 0.000000 0.000000 0.000000 1.000000
73108 0.000000 0.000000 0.000000 1.000000
73109 0.000000 0.000000 0.000000 1.000000
73110 0.000000 0.000000 0.000000 1.000000
73111 0.000000 0.000000 0.000000 1.000000
73119 0.000000 0.000000 0.000000 1.000000
73120 0.000000 0.000000 0.000000 1.000000
73121 0.000000 0.000000 0.000000 1.000000
73122 0.000000 0.000000 0.000000 1.000000
73123 0.000000 0.000000 0.000000 1.000000
73124 0.000000 0.000000 0.000000 1.000000
73125 0.000000 0.000000 0.000000 1.000000
73133 0.000000 0.000000 0.000000 1.000000
73134 0.000000 0.000000 0.000000 1.000000
73135 0.000000 0.000000 0.000000 1.000000
73136 0.000000 0.000000 0.000000 1.000000
73144 0.000000 0.000000 0.000000 1.000000
73150 0.000000 0.000000 0.000000 1.000000
73151 0.000000 0.000000 0.000000 1.000000
73152 0.000000 0.000000 0.000000 1.000000
73153 0.000000 0.000000 0.000000 1.000000
73154 0.000000 0.000000 0.000000 1.000000
73155 0.000000 0.000000 0.000000 1.000000
73157 0.000000 0.000000 0.000000 1.000000
73158 0.000000 0.000000 0.000000 1.000000
73159 0.000000 0.000000 0.000000 1.000000
73160 0.000000 0.000000 0.000000 1.000000
73161 0.000000 0.000000 0.000000 1.000000
73162 0.000000 0.000000 0.000000 1.000000
73163 0.000000 0.000000 0.000000 1.000000
73164 0.000000 0.000000 0.000000 1.000000
73165 0.000000 0.000000 0.000000 1.000000
73166 0.000000 0.000000 0.000000 1.000000
73167 0.000000 0.000000 0.000000 1.000000
73168 0.000000 0.000000 0.000000 1.000000
73169 0.000000 0.000000 0.000000 1.000000
73170 0.000000 0.000000 0.000000 1.000000
73171 0.000000 0.000000 0.000000 1.000000
73172 0.000000 0.000000 0.000000 1.000000
74061 0.000000 0.000000 0.000000 1.000000
74075 0.000000 0.000000 0.000000 1.000000
74076 0.000000 0.000000 0.000000 1.000000
74077 0.000000 0.000000 0.000000 1.000000
74099 0.000000 0.000000 0.000000 1.000000
74100 0.000000 0.000000 0.000000 1.000000
74119 0.000000 0.000000 0.000000 1.000000
74120 0.000000 0.000000 0.000000 1.000000
74141 0.000000 0.000000 0.000000 1.000000
74142 0.000000 0.000000 0.000000 1.000000
74163 0.000000 0.000000 0.000000 1.000000
74164 0.000000 0.000000 0.000000 1.000000
74178 0.000000 0.000000 0.000000 1.000000
74179 0.000000 0.000000 0.000000 1.000000
74190 0.000000 0.000000 0.000000 1.000000
74191 0.000000 0.000000 0.000000 1.000000
74192 0.000000 0.000000 0.000000 1.000000
74200 0.000000 0.000000 0.000000 1.000000
74201 0.000000 0.000000 0.000000 1.000000
74202 0.000000 0.000000 0.000000 1.000000
74203 0.000000 0.000000 0.000000 1.000000
74204 0.000000 0.000000 0.000000 1.000000
74205 0.000000 0.000000 0.000000 1.000000
74206 0.000000 0.000000 0.000000 1.000000
74213 0.000000 0.000000 0.000000 1.000000
74214 0.000000 0.000000 0.000000 1.000000
74215 0.000000 0.000000 0.000000 1.000000
74216 0.000000 0.000000 0.000000 1.000000
74217 0.000000 0.000000 0.000000 1.000000
74218 0.000000 0.000000 0.000000 1.000000
74227 0.000000 0.000000 0.000000 1.000000
74235 0.000000 0.000000 0.000000 1.000000
74236 0.000000 0.000000 0.000000 1.000000
74237 0.000000 0.000000 0.000000 1.000000
74239 0.000000 0.000000 0.000000 1.000000
74240 0.000000 0.000000 0.000000 1.000000
74241 0.000000 0.000000 0.000000 1.000000
74242 0.000000 0.000000 0.000000 1.000000
74243 0.000000 0.000000 0.000000 1.000000
74244 0.000000 0.000000 0.000000 1.000000
74247 0.000000 0.000000 0.000000 1.000000
74248 0.000000 0.000000 0.000000 1.000000
74249 0.000000 0.000000 0.000000 1.000000
74250 0.000000 0.000000 0.000000 1.000000
74251 0.000000 0.000000 0.000000 1.000000
74252 0.000000 0.000000 0.000000 1.000000
74253 0.000000 0.000000 0.000000 1.000000
74254 0.000000 0.000000 0.000000 1.000000
74255 0.000000 0.000000 0.000000 1.000000
74257 0.000000 0.000000 0.000000 1.000000
74259 0.000000 0.000000 0.000000 1.000000
74260 0.000000 0.000000 0.000000 1.000000
74261 0.000000 0.000000 0.000000 1.000000
74262 0.000000 0.000000 0.000000 1.000000
75152 0.000000 0.000000 0.000000 1.000000
75153 0.000000 0.000000 0.000000 1.000000
75154 0.000000 0.000000 0.000000 1.000000
75155 0.000000 0.000000 0.000000 1.000000
75174 0.000000 0.000000 0.000000 1.000000
75175 0.000000 0.000000 0.000000 1.000000
75176 0.000000 0.000000 0.000000 1.000000
75177 0.000000 0.000000 0.000000 1.000000
75196 0.000000 0.000000 0.000000 1.000000
75197 0.000000 0.000000 0.000000 1.000000
75219 0.000000 0.000000 0.000000 1.000000
75241 0.000000 0.000000 0.000000 1.000000
75242 0.000000 0.000000 0.000000 1.000000
75263 0.000000 0.000000 0.000000 1.000000
75264 0.000000 0.000000 0.000000 1.000000
75274 0.000000 0.000000 0.000000 1.000000
75275 0.000000 0.000000 0.000000 1.000000
75285 0.000000 0.000000 0.000000 1.000000
75286 0.000000 0.000000 0.000000 1.000000
75287 0.000000 0.000000 0.000000 1.000000
75288 0.000000 0.000000 0.000000 1.000000
75289 0.000000 0.000000 0.000000 1.000000
75290 0.000000 0.000000 0.000000 1.000000
75297 0.000000 0.000000 0.000000 1.000000
75298 0.000000 0.000000 0.000000 1.000000
75299 0.000000 0.000000 0.000000 1.000000
75300 0.000000 0.000000 0.000000 1.000000
75301 0.000000 0.000000 0.000000 1.000000
75302 0.000000 0.000000 0.000000 1.000000
75303 0.000000 0.000000 0.000000 1.000000
75304 0.000000 0.000000 0.000000 1.000000
75310 0.000000 0.000000 0.000000 1.000000
75311 0.000000 0.000000 0.000000 1.000000
75312 0.000000 0.000000 0.000000 1.000000
75313 0.000000 0.000000 0.000000 1.000000
75314 0.000000 0.000000 0.000000 1.000000
75315 0.000000 0.000000 0.000000 1.000000
75323 0.000000 0.000000 0.000000 1.000000
75324 0.000000 0.000000 0.000000 1.000000
75330 0.000000 0.000000 0.000000 1.000000
75331 0.000000 0.000000 0.000000 1.000000
75332 0.000000 0.000000 0.000000 1.000000
75335 0.000000 0.000000 0.000000 1.000000
75336 0.000000 0.000000 0.000000 1.000000
75337 0.000000 0.000000 0.000000 1.000000
75338 0.000000 0.000000 0.000000 1.000000
75339 0.000000 0.000000 0.000000 1.000000
75344 0.000000 0.000000 0.000000 1.000000
75346 0.000000 0.000000 0.000000 1.000000
75347 0.000000 0.000000 0.000000 1.000000
75348 0.000000 0.000000 0.000000 1.000000
75349 0.000000 0.000000 0.000000 1.000000
76244 0.000000 0.000000 0.000000 1.000000
76245 0.000000 0.000000 0.000000 1.000000
76246 0.000000 0.000000 0.000000 1.000000
76262 0.000000 0.000000 0.000000 1.000000
76263 0.000000 0.000000 0.000000 1.000000
76286 0.000000 0.000000 0.000000 1.000000
76305 0.000000 0.000000 0.000000 1.000000
76327 0.000000 0.000000 0.000000 1.000000
76328 0.000000 0.000000 0.000000 1.000000
76347 0.000000 0.000000 0.000000 1.000000
76348 0.000000 0.000000 0.000000 1.000000
76358 0.000000 0.000000 0.000000 1.000000
76359 0.000000 0.000000 0.000000 1.000000
76360 0.000000 0.000000 0.000000 1.000000
76369 0.000000 0.000000 0.000000 1.000000
76370 0.000000 0.000000 0.000000 1.000000
76371 0.000000 0.000000 0.000000 1.000000
76372 0.000000 0.000000 0.000000 1.000000
76373 0.000000 0.000000 0.000000 1.000000
76374 0.000000 0.000000 0.000000 1.000000
76383 0.000000 0.000000 0.000000 1.000000
76384 0.000000 0.000000 0.000000 1.000000
76385 0.000000 0.000000 0.000000 1.000000
76386 0.000000 0.000000 0.000000 1.000000
76387 0.000000 0.000000 0.000000 1.000000
76388 0.000000 0.000000 0.000000 1.000000
76389 0.000000 0.000000 0.000000 1.000000
76390 0.000000 0.000000 0.000000 1.000000
76399 0.000000 0.000000 0.000000 1.000000
76400 0.000000 0.000000 0.000000 1.000000
76401 0.000000 0.000000 0.000000 1.000000
76402 0.000000 0.000000 0.000000 1.000000
76410 0.000000 0.000000 0.000000 1.000000
76411 0.000000 0.000000 0.000000 1.000000
76415 0.000000 0.000000 0.000000 1.000000
76416 0.000000 0.000000 0.000000 1.000000
76417 0.000000 0.000000 0.000000 1.000000
76418 0.000000 0.000000 0.000000 1.000000
76423 0.000000 0.000000 0.000000 1.000000
76425 0.000000 0.000000 0.000000 1.000000
76426 0.000000 0.000000 0.000000 1.000000
76427 0.000000 0.000000 0.000000 1.000000
76428 0.000000 0.000000 0.000000 1.000000
76429 0.000000 0.000000 0.000000 1.000000
77353 0.000000 0.000000 0.000000 1.000000
77354 0.000000 0.000000 0.000000 1.000000
77372 0.000000 0.000000 0.000000 1.000000
77373 0.000000 0.000000 0.000000 1.000000
77374 0.000000 0.000000 0.000000 1.000000
77392 0.000000 0.000000 0.000000 1.000000
77410 0.000000 0.000000 0.000000 1.000000
77426 0.000000 0.000000 0.000000 1.000000
77446 0.000000 0.000000 0.000000 1.000000
77464 0.000000 0.000000 0.000000 1.000000
77465 0.000000 0.000000 0.000000 1.000000
77475 0.000000 0.000000 0.000000 1.000000
77476 0.000000 0.000000 0.000000 1.000000
77484 0.000000 0.000000 0.000000 1.000000
77485 0.000000 0.000000 0.000000 1.000000
77486 0.000000 0.000000 0.000000 1.000000
77487 0.000000 0.000000 0.000000 1.000000
77488 0.000000 0.000000 0.000000 1.000000
77489 0.000000 0.000000 0.000000 1.000000
77490 0.000000 0.000000 0.000000 1.000000
77500 0.000000 0.000000 0.000000 1.000000
77501 0.000000 0.000000 0.000000 1.000000
77502 0.000000 0.000000 0.000000 1.000000
77503 0.000000 0.000000 0.000000 1.000000
77504 0.000000 0.000000 0.000000 1.000000
77505 0.000000 0.000000 0.000000 1.000000
77517 0.000000 0.000000 0.000000 1.000000
77518 0.000000 0.000000 0.000000 1.000000
77526 0.000000 0.000000 0.000000 1.000000
77527 0.000000 0.000000 0.000000 1.000000
77528 0.000000 0.000000 0.000000 1.000000
77536 0.000000 0.000000 0.000000 1.000000
77537 0.000000 0.000000 0.000000 1.000000
77538 0.000000 0.000000 0.000000 1.000000
77539 0.000000 0.000000 0.000000 1.000000
78569 0.000000 0.000000 0.000000 1.000000
78570 0.000000 0.000000 0.000000 1.000000
78591 0.000000 0.000000 0.000000 1.000000
78606 0.000000 0.000000 0.000000 1.000000
78623 0.000000 0.000000 0.000000 1.000000
78640 0.000000 0.000000 0.000000 1.000000
78661 0.000000 0.000000 0.000000 1.000000
78662 0.000000 0.000000 0.000000 1.000000
78676 0.000000 0.000000 0.000000 1.000000
78677 0.000000 0.000000 0.000000 1.000000
78678 0.000000 0.000000 0.000000 1.000000
78689 0.000000 0.000000 0.000000 1.000000
78690 0.000000 0.000000 0.000000 1.000000
78691 0.000000 0.000000 0.000000 1.000000
78692 0.000000 0.000000 0.000000 1.000000
78693 0.000000 0.000000 0.000000 1.000000
78694 0.000000 0.000000 0.000000 1.000000
78695 0.000000 0.000000 0.000000 1.000000
78704 0.000000 0.000000 0.000000 1.000000
78705 0.000000 0.000000 0.000000 1.000000
78706 0.000000 0.000000 0.000000 1.000000
78707 0.000000 0.000000 0.000000 1.000000
78708 0.000000 0.000000 0.000000 1.000000
78719 0.000000 0.000000 0.000000 1.000000
78731 0.000000 0.000000 0.000000 1.000000
78732 0.000000 0.000000 0.000000 1.000000
78733 0.000000 0.000000 0.000000 1.000000
78744 0.000000 0.000000 0.000000 1.000000
78745 0.000000 0.000000 0.000000 1.000000
79972 0.000000 0.000000 0.000000 1.000000
79984 0.000000 0.000000 0.000000 1.000000
79985 0.000000 0.000000 0.000000 1.000000
79986 0.000000 0.000000 0.000000 1.000000
79987 0.000000 0.000000 0.000000 1.000000
79988 0.000000 0.000000 0.000000 1.000000
79989 0.000000 0.000000 0.000000 1.000000
79990 0.000000 0.000000 0.000000 1.000000
79991 0.000000 0.000000 0.000000 1.000000
80001 0.000000 0.000000 0.000000 1.000000
80002 0.000000 0.000000 0.000000 1.000000
80003 0.000000 0.000000 0.000000 1.000000
80004 0.000000 0.000000 0.000000 1.000000
80016 0.000000 0.000000 0.000000 1.000000
80028 0.000000 0.000000 0.000000 1.000000
80029 0.000000 0.000000 0.000000 1.000000
80030 0.000000 0.000000 0.000000 1.000000
80031 0.000000 0.000000 0.000000 1.000000
80045 0.000000 0.000000 0.000000 1.000000
81193 0.000000 0.000000 0.000000 1.000000
81194 0.000000 0.000000 0.000000 1.000000
81195 0.000000 0.000000 0.000000 1.000000
81196 0.000000 0.000000 0.000000 1.000000
81211 0.000000 0.000000 0.000000 1.000000
81212 0.000000 0.000000 0.000000 1.000000
81213 0.000000 0.000000 0.000000 1.000000
81214 0.000000 0.000000 0.000000 1.000000
81215 0.000000 0.000000 0.000000 1.000000
81216 0.000000 0.000000 0.000000 1.000000
81217 0.000000 0.000000 0.000000 1.000000
81218 0.000000 0.000000 0.000000 1.000000
81228 0.000000 0.000000 0.000000 1.000000
81229 0.000000 0.000000 0.000000 1.000000
81241 0.000000 0.000000 0.000000 1.000000
81242 0.000000 0.000000 0.000000 1.000000
81254 0.000000 0.000000 0.000000 1.000000
81255 0.000000 0.000000 0.000000 1.000000
81256 0.000000 0.000000 0.000000 1.000000
81257 0.000000 0.000000 0.000000 1.000000
81258 0.000000 0.000000 0.000000 1.000000
81259 0.000000 0.000000 0.000000 1.000000
81274 0.000000 0.000000 0.000000 1.000000
82404 0.000000 0.000000 0.000000 1.000000
82405 0.000000 0.000000 0.000000 1.000000
82406 0.000000 0.000000 0.000000 1.000000
82426 0.000000 0.000000 0.000000 1.000000
82427 0.000000 0.000000 0.000000 1.000000
82428 0.000000 0.000000 0.000000 1.000000
82429 0.000000 0.000000 0.000000 1.000000
82430 0.000000 0.000000 0.000000 1.000000
82447 0.000000 0.000000 0.000000 1.000000
82460 0.000000 0.000000 0.000000 1.000000
82461 0.000000 0.000000 0.000000 1.000000
82462 0.000000 0.000000 0.000000 1.000000
82478 0.000000 0.000000 0.000000 1.000000
82479 0.000000 0.000000 0.000000 1.000000
82480 0.000000 0.000000 0.000000 1.000000
82481 0.000000 0.000000 0.000000 1.000000
83561 0.000000 0.000000 0.000000 1.000000
83562 0.000000 0.000000 0.000000 1.000000
83563 0.000000 0.000000 0.000000 1.000000
83564 0.000000 0.000000 0.000000 1.000000
83580 0.000000 0.000000 0.000000 1.000000
83581 0.000000 0.000000 0.000000 1.000000
83582 0.000000 0.000000 0.000000 1.000000
83583 0.000000 0.000000 0.000000 1.000000
83601 0.000000 0.000000 0.000000 1.000000
83617 0.000000 0.000000 0.000000 1.000000
83618 0.000000 0.000000 0.000000 1.000000
83619 0.000000 0.000000 0.000000 1.000000
83620 0.000000 0.000000 0.000000 1.000000
83621 0.000000 0.000000 0.000000 1.000000
83622 0.000000 0.000000 0.000000 1.000000
83639 0.000000 0.000000 0.000000 1.000000
83640 0.000000 0.000000 0.000000 1.000000
83641 0.000000 0.000000 0.000000 1.000000
83642 0.000000 0.000000 0.000000 1.000000
83643 0.000000 0.000000 0.000000 1.000000
83644 0.000000 0.000000 0.000000 1.000000
83645 0.000000 0.000000 0.000000 1.000000
83646 0.000000 0.000000 0.000000 1.000000
84707 0.000000 0.000000 0.000000 1.000000
84708 0.000000 0.000000 0.000000 1.000000
84709 0.000000 0.000000 0.000000 1.000000
84710 0.000000 0.000000 0.000000 1.000000
84711 0.000000 0.000000 0.000000 1.000000
84726 0.000000 0.000000 0.000000 1.000000
84727 0.000000 0.000000 0.000000 1.000000
84728 0.000000 0.000000 0.000000 1.000000
84729 0.000000 0.000000 0.000000 1.000000
84744 0.000000 0.000000 0.000000 1.000000
84745 0.000000 0.000000 0.000000 1.000000
84759 0.000000 0.000000 0.000000 1.000000
84760 0.000000 0.000000 0.000000 1.000000
84761 0.000000 0.000000 0.000000 1.000000
84762 0.000000 0.000000 0.000000 1.000000
84763 0.000000 0.000000 0.000000 1.000000
84764 0.000000 0.000000 0.000000 1.000000
84765 0.000000 0.000000 0.000000 1.000000
84766 0.000000 0.000000 0.000000 1.000000
84784 0.000000 0.000000 0.000000 1.000000
84785 0.000000 0.000000 0.000000 1.000000
84786 0.000000 0.000000 0.000000 1.000000
84787 0.000000 0.000000 0.000000 1.000000
85817 0.000000 0.000000 0.000000 1.000000
85818 0.000000 0.000000 0.000000 1.000000
85819 0.000000 0.000000 0.000000 1.000000
85832 0.000000 0.000000 0.000000 1.000000
85833 0.000000 0.000000 0.000000 1.000000
85854 0.000000 0.000000 0.000000 1.000000
85869 0.000000 0.000000 0.000000 1.000000
85870 0.000000 0.000000 0.000000 1.000000
85871 0.000000 0.000000 0.000000 1.000000
85872 0.000000 0.000000 0.000000 1.000000
85873 0.000000 0.000000 0.000000 1.000000
85874 0.000000 0.000000 0.000000 1.000000
85875 0.000000 0.000000 0.000000 1.000000
85886 0.000000 0.000000 0.000000 1.000000
85887 0.000000 0.000000 0.000000 1.000000
85888 0.000000 0.000000 0.000000 1.000000
86928 0.000000 0.000000 0.000000 1.000000
86929 0.000000 0.000000 0.000000 1.000000
86930 0.000000 0.000000 0.000000 1.000000
86938 0.000000 0.000000 0.000000 1.000000
86939 0.000000 0.000000 0.000000 1.000000
86940 0.000000 0.000000 0.000000 1.000000
86958 0.000000 0.000000 0.000000 1.000000
86959 0.000000 0.000000 0.000000 1.000000
86977 0.000000 0.000000 0.000000 1.000000
86978 0.000000 0.000000 0.000000 1.000000
86979 0.000000 0.000000 0.000000 1.000000
86980 0.000000 0.000000 0.000000 1.000000
86990 0.000000 0.000000 0.000000 1.000000
86991 0.000000 0.000000 0.000000 1.000000
86992 0.000000 0.000000 0.000000 1.000000
86993 0.000000 0.000000 0.000000 1.000000
88025 0.000000 0.000000 0.000000 1.000000
88026 0.000000 0.000000 0.000000 1.000000
88036 0.000000 0.000000 0.000000 1.000000
88037 0.000000 0.000000 0.000000 1.000000
88051 0.000000 0.000000 0.000000 1.000000
88052 0.000000 0.000000 0.000000 1.000000
88072 0.000000 0.000000 0.000000 1.000000
88073 0.000000 0.000000 0.000000 1.000000
88074 0.000000 0.000000 0.000000 1.000000
88089 0.000000 0.000000 0.000000 1.000000
88090 0.000000 0.000000 0.000000 1.000000
88091 0.000000 0.000000 0.000000 1.000000
89127 0.000000 0.000000 0.000000 1.000000
89140 0.000000 0.000000 0.000000 1.000000
137348 0.000000 0.000000 0.000000 1.000000
137350 0.000000 0.000000 0.000000 1.000000
137351 0.000000 0.000000 0.000000 1.000000
137354 0.000000 0.000000 0.000000 1.000000
137355 0.000000 0.000000 0.000000 1.000000
