#
789
111564 0.000000 0.000000 0.000000 1.000000
112252 0.000000 0.000000 0.000000 1.000000
112253 0.000000 0.000000 0.000000 1.000000
112274 0.000000 0.000000 0.000000 1.000000
112275 0.000000 0.000000 0.000000 1.000000
112276 0.000000 0.000000 0.000000 1.000000
112874 0.000000 0.000000 0.000000 1.000000
112875 0.000000 0.000000 0.000000 1.000000
112888 0.000000 0.000000 0.000000 1.000000
112889 0.000000 0.000000 0.000000 1.000000
112890 0.000000 0.000000 0.000000 1.000000
112913 0.000000 0.000000 0.000000 1.000000
112914 0.000000 0.000000 0.000000 1.000000
112915 0.000000 0.000000 0.000000 1.000000
112916 0.000000 0.000000 0.000000 1.000000
112937 0.000000 0.000000 0.000000 1.000000
112938 0.000000 0.000000 0.000000 1.000000
112939 0.000000 0.000000 0.000000 1.000000
112952 0.000000 0.000000 0.000000 1.000000
112953 0.000000 0.000000 0.000000 1.000000
112954 0.000000 0.000000 0.000000 1.000000
112977 0.000000 0.000000 0.000000 1.000000
112978 0.000000 0.000000 0.000000 1.000000
112979 0.000000 0.000000 0.000000 1.000000
112980 0.000000 0.000000 0.000000 1.000000
112981 0.000000 0.000000 0.000000 1.000000
112982 0.000000 0.000000 0.000000 1.000000
112983 0.000000 0.000000 0.000000 1.000000
112984 0.000000 0.000000 0.000000 1.000000
113579 0.000000 0.000000 0.000000 1.000000
113597 0.000000 0.000000 0.000000 1.000000
113599 0.000000 0.000000 0.000000 1.000000
113621 0.000000 0.000000 0.000000 1.000000
113622 0.000000 0.000000 0.000000 1.000000
113623 0.000000 0.000000 0.000000 1.000000
113624 0.000000 0.000000 0.000000 1.000000
113640 0.000000 0.000000 0.000000 1.000000
113641 0.000000 0.000000 0.000000 1.000000
113642 0.000000 0.000000 0.000000 1.000000
113656 0.000000 0.000000 0.000000 1.000000
113657 0.000000 0.000000 0.000000 1.000000
113658 0.000000 0.000000 0.000000 1.000000
113659 0.000000 0.000000 0.000000 1.000000
113672 0.000000 0.000000 0.000000 1.000000
113673 0.000000 0.000000 0.000000 1.000000
113674 0.000000 0.000000 0.000000 1.000000
113677 0.000000 0.000000 0.000000 1.000000
113678 0.000000 0.000000 0.000000 1.000000
113679 0.000000 0.000000 0.000000 1.000000
113680 0.000000 0.000000 0.000000 1.000000
113681 0.000000 0.000000 0.000000 1.000000
113682 0.000000 0.000000 0.000000 1.000000
113683 0.000000 0.000000 0.000000 1.000000
113684 0.000000 0.000000 0.000000 1.000000
113685 0.000000 0.000000 0.000000 1.000000
113686 0.000000 0.000000 0.000000 1.000000
114255 0.000000 0.000000 0.000000 1.000000
114256 0.000000 0.000000 0.000000 1.000000
114275 0.000000 0.000000 0.000000 1.000000
114276 0.000000 0.000000 0.000000 1.000000
114277 0.000000 0.000000 0.000000 1.000000
114290 0.000000 0.000000 0.000000 1.000000
114291 0.000000 0.000000 0.000000 1.000000
114292 0.000000 0.000000 0.000000 1.000000
114293 0.000000 0.000000 0.000000 1.000000
114306 0.000000 0.000000 0.000000 1.000000
114307 0.000000 0.000000 0.000000 1.000000
114308 0.000000 0.000000 0.000000 1.000000
114324 0.000000 0.000000 0.000000 1.000000
114325 0.000000 0.000000 0.000000 1.000000
114326 0.000000 0.000000 0.000000 1.000000
114327 0.000000 0.000000 0.000000 1.000000
114336 0.000000 0.000000 0.000000 1.000000
114337 0.000000 0.000000 0.000000 1.000000
114338 0.000000 0.000000 0.000000 1.000000
114339 0.000000 0.000000 0.000000 1.000000
114343 0.000000 0.000000 0.000000 1.000000
114344 0.000000 0.000000 0.000000 1.000000
114345 0.000000 0.000000 0.000000 1.000000
114349 0.000000 0.000000 0.000000 1.000000
114350 0.000000 0.000000 0.000000 1.000000
114351 0.000000 0.000000 0.000000 1.000000
114352 0.000000 0.000000 0.000000 1.000000
114356 0.000000 0.000000 0.000000 1.000000
114357 0.000000 0.000000 0.000000 1.000000
114358 0.000000 0.000000 0.000000 1.000000
114962 0.000000 0.000000 0.000000 1.000000
114963 0.000000 0.000000 0.000000 1.000000
114964 0.000000 0.000000 0.000000 1.000000
114980 0.000000 0.000000 0.000000 1.000000
114989 0.000000 0.000000 0.000000 1.000000
114990 0.000000 0.000000 0.000000 1.000000
114991 0.000000 0.000000 0.000000 1.000000
114992 0.000000 0.000000 0.000000 1.000000
115003 0.000000 0.000000 0.000000 1.000000
115004 0.000000 0.000000 0.000000 1.000000
115005 0.000000 0.000000 0.000000 1.000000
115019 0.000000 0.000000 0.000000 1.000000
115020 0.000000 0.000000 0.000000 1.000000
115021 0.000000 0.000000 0.000000 1.000000
115022 0.000000 0.000000 0.000000 1.000000
115026 0.000000 0.000000 0.000000 1.000000
115027 0.000000 0.000000 0.000000 1.000000
115028 0.000000 0.000000 0.000000 1.000000
115029 0.000000 0.000000 0.000000 1.000000
115034 0.000000 0.000000 0.000000 1.000000
115035 0.000000 0.000000 0.000000 1.000000
115036 0.000000 0.000000 0.000000 1.000000
115037 0.000000 0.000000 0.000000 1.000000
115041 0.000000 0.000000 0.000000 1.000000
115042 0.000000 0.000000 0.000000 1.000000
115043 0.000000 0.000000 0.000000 1.000000
115044 0.000000 0.000000 0.000000 1.000000
115048 0.000000 0.000000 0.000000 1.000000
115049 0.000000 0.000000 0.000000 1.000000
115050 0.000000 0.000000 0.000000 1.000000
115051 0.000000 0.000000 0.000000 1.000000
115052 0.000000 0.000000 0.000000 1.000000
115053 0.000000 0.000000 0.000000 1.000000
115602 0.000000 0.000000 0.000000 1.000000
115603 0.000000 0.000000 0.000000 1.000000
115611 0.000000 0.000000 0.000000 1.000000
115620 0.000000 0.000000 0.000000 1.000000
115621 0.000000 0.000000 0.000000 1.000000
115635 0.000000 0.000000 0.000000 1.000000
115636 0.000000 0.000000 0.000000 1.000000
115712 0.000000 0.000000 0.000000 1.000000
115713 0.000000 0.000000 0.000000 1.000000
115714 0.000000 0.000000 0.000000 1.000000
115728 0.000000 0.000000 0.000000 1.000000
115729 0.000000 0.000000 0.000000 1.000000
115737 0.000000 0.000000 0.000000 1.000000
115739 0.000000 0.000000 0.000000 1.000000
115740 0.000000 0.000000 0.000000 1.000000
115752 0.000000 0.000000 0.000000 1.000000
115753 0.000000 0.000000 0.000000 1.000000
115754 0.000000 0.000000 0.000000 1.000000
115765 0.000000 0.000000 0.000000 1.000000
115766 0.000000 0.000000 0.000000 1.000000
115767 0.000000 0.000000 0.000000 1.000000
115768 0.000000 0.000000 0.000000 1.000000
115771 0.000000 0.000000 0.000000 1.000000
115772 0.000000 0.000000 0.000000 1.000000
115773 0.000000 0.000000 0.000000 1.000000
115777 0.000000 0.000000 0.000000 1.000000
115778 0.000000 0.000000 0.000000 1.000000
115779 0.000000 0.000000 0.000000 1.000000
115780 0.000000 0.000000 0.000000 1.000000
115784 0.000000 0.000000 0.000000 1.000000
115785 0.000000 0.000000 0.000000 1.000000
115786 0.000000 0.000000 0.000000 1.000000
115790 0.000000 0.000000 0.000000 1.000000
115791 0.000000 0.000000 0.000000 1.000000
115792 0.000000 0.000000 0.000000 1.000000
115793 0.000000 0.000000 0.000000 1.000000
115794 0.000000 0.000000 0.000000 1.000000
116369 0.000000 0.000000 0.000000 1.000000
116370 0.000000 0.000000 0.000000 1.000000
116380 0.000000 0.000000 0.000000 1.000000
116381 0.000000 0.000000 0.000000 1.000000
116394 0.000000 0.000000 0.000000 1.000000
116395 0.000000 0.000000 0.000000 1.000000
116412 0.000000 0.000000 0.000000 1.000000
116413 0.000000 0.000000 0.000000 1.000000
116414 0.000000 0.000000 0.000000 1.000000
116428 0.000000 0.000000 0.000000 1.000000
116436 0.000000 0.000000 0.000000 1.000000
116454 0.000000 0.000000 0.000000 1.000000
116463 0.000000 0.000000 0.000000 1.000000
116464 0.000000 0.000000 0.000000 1.000000
116476 0.000000 0.000000 0.000000 1.000000
116477 0.000000 0.000000 0.000000 1.000000
116485 0.000000 0.000000 0.000000 1.000000
116486 0.000000 0.000000 0.000000 1.000000
116487 0.000000 0.000000 0.000000 1.000000
116488 0.000000 0.000000 0.000000 1.000000
116501 0.000000 0.000000 0.000000 1.000000
116502 0.000000 0.000000 0.000000 1.000000
116503 0.000000 0.000000 0.000000 1.000000
116510 0.000000 0.000000 0.000000 1.000000
116511 0.000000 0.000000 0.000000 1.000000
116512 0.000000 0.000000 0.000000 1.000000
116513 0.000000 0.000000 0.000000 1.000000
116517 0.000000 0.000000 0.000000 1.000000
116518 0.000000 0.000000 0.000000 1.000000
116522 0.000000 0.000000 0.000000 1.000000
116523 0.000000 0.000000 0.000000 1.000000
116524 0.000000 0.000000 0.000000 1.000000
116525 0.000000 0.000000 0.000000 1.000000
116529 0.000000 0.000000 0.000000 1.000000
116530 0.000000 0.000000 0.000000 1.000000
116534 0.000000 0.000000 0.000000 1.000000
116535 0.000000 0.000000 0.000000 1.000000
116536 0.000000 0.000000 0.000000 1.000000
116537 0.000000 0.000000 0.000000 1.000000
116538 0.000000 0.000000 0.000000 1.000000
117133 0.000000 0.000000 0.000000 1.000000
117134 0.000000 0.000000 0.000000 1.000000
117151 0.000000 0.000000 0.000000 1.000000
117166 0.000000 0.000000 0.000000 1.000000
117177 0.000000 0.000000 0.000000 1.000000
117178 0.000000 0.000000 0.000000 1.000000
117179 0.000000 0.000000 0.000000 1.000000
117180 0.000000 0.000000 0.000000 1.000000
117185 0.000000 0.000000 0.000000 1.000000
117186 0.000000 0.000000 0.000000 1.000000
117190 0.000000 0.000000 0.000000 1.000000
117201 0.000000 0.000000 0.000000 1.000000
117214 0.000000 0.000000 0.000000 1.000000
117215 0.000000 0.000000 0.000000 1.000000
117222 0.000000 0.000000 0.000000 1.000000
117223 0.000000 0.000000 0.000000 1.000000
117231 0.000000 0.000000 0.000000 1.000000
117232 0.000000 0.000000 0.000000 1.000000
117233 0.000000 0.000000 0.000000 1.000000
117234 0.000000 0.000000 0.000000 1.000000
117235 0.000000 0.000000 0.000000 1.000000
117244 0.000000 0.000000 0.000000 1.000000
117245 0.000000 0.000000 0.000000 1.000000
117246 0.000000 0.000000 0.000000 1.000000
117247 0.000000 0.000000 0.000000 1.000000
117261 0.000000 0.000000 0.000000 1.000000
117262 0.000000 0.000000 0.000000 1.000000
117263 0.000000 0.000000 0.000000 1.000000
117264 0.000000 0.000000 0.000000 1.000000
117265 0.000000 0.000000 0.000000 1.000000
117269 0.000000 0.000000 0.000000 1.000000
117270 0.000000 0.000000 0.000000 1.000000
117271 0.000000 0.000000 0.000000 1.000000
117272 0.000000 0.000000 0.000000 1.000000
117277 0.000000 0.000000 0.000000 1.000000
117278 0.000000 0.000000 0.000000 1.000000
117279 0.000000 0.000000 0.000000 1.000000
117284 0.000000 0.000000 0.000000 1.000000
117285 0.000000 0.000000 0.000000 1.000000
117286 0.000000 0.000000 0.000000 1.000000
117287 0.000000 0.000000 0.000000 1.000000
117291 0.000000 0.000000 0.000000 1.000000
117292 0.000000 0.000000 0.000000 1.000000
117296 0.000000 0.000000 0.000000 1.000000
117297 0.000000 0.000000 0.000000 1.000000
117298 0.000000 0.000000 0.000000 1.000000
117299 0.000000 0.000000 0.000000 1.000000
117300 0.000000 0.000000 0.000000 1.000000
117301 0.000000 0.000000 0.000000 1.000000
117302 0.000000 0.000000 0.000000 1.000000
117303 0.000000 0.000000 0.000000 1.000000
117916 0.000000 0.000000 0.000000 1.000000
117935 0.000000 0.000000 0.000000 1.000000
117936 0.000000 0.000000 0.000000 1.000000
117946 0.000000 0.000000 0.000000 1.000000
117947 0.000000 0.000000 0.000000 1.000000
117948 0.000000 0.000000 0.000000 1.000000
117949 0.000000 0.000000 0.000000 1.000000
117952 0.000000 0.000000 0.000000 1.000000
117953 0.000000 0.000000 0.000000 1.000000
117954 0.000000 0.000000 0.000000 1.000000
117955 0.000000 0.000000 0.000000 1.000000
117956 0.000000 0.000000 0.000000 1.000000
117962 0.000000 0.000000 0.000000 1.000000
117963 0.000000 0.000000 0.000000 1.000000
117971 0.000000 0.000000 0.000000 1.000000
117983 0.000000 0.000000 0.000000 1.000000
117991 0.000000 0.000000 0.000000 1.000000
117992 0.000000 0.000000 0.000000 1.000000
117998 0.000000 0.000000 0.000000 1.000000
118009 0.000000 0.000000 0.000000 1.000000
118010 0.000000 0.000000 0.000000 1.000000
118011 0.000000 0.000000 0.000000 1.000000
118012 0.000000 0.000000 0.000000 1.000000
118027 0.000000 0.000000 0.000000 1.000000
118028 0.000000 0.000000 0.000000 1.000000
118029 0.000000 0.000000 0.000000 1.000000
118030 0.000000 0.000000 0.000000 1.000000
118042 0.000000 0.000000 0.000000 1.000000
118043 0.000000 0.000000 0.000000 1.000000
118044 0.000000 0.000000 0.000000 1.000000
118045 0.000000 0.000000 0.000000 1.000000
118046 0.000000 0.000000 0.000000 1.000000
118050 0.000000 0.000000 0.000000 1.000000
118051 0.000000 0.000000 0.000000 1.000000
118052 0.000000 0.000000 0.000000 1.000000
118056 0.000000 0.000000 0.000000 1.000000
118057 0.000000 0.000000 0.000000 1.000000
118058 0.000000 0.000000 0.000000 1.000000
118063 0.000000 0.000000 0.000000 1.000000
118064 0.000000 0.000000 0.000000 1.000000
118065 0.000000 0.000000 0.000000 1.000000
118069 0.000000 0.000000 0.000000 1.000000
118070 0.000000 0.000000 0.000000 1.000000
118074 0.000000 0.000000 0.000000 1.000000
118075 0.000000 0.000000 0.000000 1.000000
118076 0.000000 0.000000 0.000000 1.000000
118077 0.000000 0.000000 0.000000 1.000000
118078 0.000000 0.000000 0.000000 1.000000
118079 0.000000 0.000000 0.000000 1.000000
118080 0.000000 0.000000 0.000000 1.000000
118633 0.000000 0.000000 0.000000 1.000000
118634 0.000000 0.000000 0.000000 1.000000
118635 0.000000 0.000000 0.000000 1.000000
118636 0.000000 0.000000 0.000000 1.000000
118638 0.000000 0.000000 0.000000 1.000000
118639 0.000000 0.000000 0.000000 1.000000
118648 0.000000 0.000000 0.000000 1.000000
118663 0.000000 0.000000 0.000000 1.000000
118676 0.000000 0.000000 0.000000 1.000000
118688 0.000000 0.000000 0.000000 1.000000
118689 0.000000 0.000000 0.000000 1.000000
118701 0.000000 0.000000 0.000000 1.000000
118711 0.000000 0.000000 0.000000 1.000000
118712 0.000000 0.000000 0.000000 1.000000
118713 0.000000 0.000000 0.000000 1.000000
118714 0.000000 0.000000 0.000000 1.000000
118727 0.000000 0.000000 0.000000 1.000000
118728 0.000000 0.000000 0.000000 1.000000
118729 0.000000 0.000000 0.000000 1.000000
118730 0.000000 0.000000 0.000000 1.000000
118735 0.000000 0.000000 0.000000 1.000000
118736 0.000000 0.000000 0.000000 1.000000
118737 0.000000 0.000000 0.000000 1.000000
118738 0.000000 0.000000 0.000000 1.000000
118739 0.000000 0.000000 0.000000 1.000000
118742 0.000000 0.000000 0.000000 1.000000
118743 0.000000 0.000000 0.000000 1.000000
118744 0.000000 0.000000 0.000000 1.000000
118747 0.000000 0.000000 0.000000 1.000000
118748 0.000000 0.000000 0.000000 1.000000
118749 0.000000 0.000000 0.000000 1.000000
118753 0.000000 0.000000 0.000000 1.000000
118754 0.000000 0.000000 0.000000 1.000000
118755 0.000000 0.000000 0.000000 1.000000
118759 0.000000 0.000000 0.000000 1.000000
118760 0.000000 0.000000 0.000000 1.000000
118764 0.000000 0.000000 0.000000 1.000000
118765 0.000000 0.000000 0.000000 1.000000
118766 0.000000 0.000000 0.000000 1.000000
118767 0.000000 0.000000 0.000000 1.000000
118768 0.000000 0.000000 0.000000 1.000000
118769 0.000000 0.000000 0.000000 1.000000
118770 0.000000 0.000000 0.000000 1.000000
119284 0.000000 0.000000 0.000000 1.000000
119285 0.000000 0.000000 0.000000 1.000000
119286 0.000000 0.000000 0.000000 1.000000
119287 0.000000 0.000000 0.000000 1.000000
119292 0.000000 0.000000 0.000000 1.000000
119293 0.000000 0.000000 0.000000 1.000000
119307 0.000000 0.000000 0.000000 1.000000
119308 0.000000 0.000000 0.000000 1.000000
119329 0.000000 0.000000 0.000000 1.000000
119330 0.000000 0.000000 0.000000 1.000000
119346 0.000000 0.000000 0.000000 1.000000
119347 0.000000 0.000000 0.000000 1.000000
119359 0.000000 0.000000 0.000000 1.000000
119360 0.000000 0.000000 0.000000 1.000000
119369 0.000000 0.000000 0.000000 1.000000
119370 0.000000 0.000000 0.000000 1.000000
119375 0.000000 0.000000 0.000000 1.000000
119376 0.000000 0.000000 0.000000 1.000000
119377 0.000000 0.000000 0.000000 1.000000
119378 0.000000 0.000000 0.000000 1.000000
119383 0.000000 0.000000 0.000000 1.000000
119384 0.000000 0.000000 0.000000 1.000000
119385 0.000000 0.000000 0.000000 1.000000
119386 0.000000 0.000000 0.000000 1.000000
119392 0.000000 0.000000 0.000000 1.000000
119393 0.000000 0.000000 0.000000 1.000000
119394 0.000000 0.000000 0.000000 1.000000
119395 0.000000 0.000000 0.000000 1.000000
119396 0.000000 0.000000 0.000000 1.000000
119399 0.000000 0.000000 0.000000 1.000000
119400 0.000000 0.000000 0.000000 1.000000
119401 0.000000 0.000000 0.000000 1.000000
119402 0.000000 0.000000 0.000000 1.000000
119405 0.000000 0.000000 0.000000 1.000000
119406 0.000000 0.000000 0.000000 1.000000
119407 0.000000 0.000000 0.000000 1.000000
119411 0.000000 0.000000 0.000000 1.000000
119412 0.000000 0.000000 0.000000 1.000000
119413 0.000000 0.000000 0.000000 1.000000
119417 0.000000 0.000000 0.000000 1.000000
119418 0.000000 0.000000 0.000000 1.000000
119422 0.000000 0.000000 0.000000 1.000000
119423 0.000000 0.000000 0.000000 1.000000
119424 0.000000 0.000000 0.000000 1.000000
119425 0.000000 0.000000 0.000000 1.000000
119426 0.000000 0.000000 0.000000 1.000000
119427 0.000000 0.000000 0.000000 1.000000
119428 0.000000 0.000000 0.000000 1.000000
119982 0.000000 0.000000 0.000000 1.000000
119990 0.000000 0.000000 0.000000 1.000000
119991 0.000000 0.000000 0.000000 1.000000
119992 0.000000 0.000000 0.000000 1.000000
119993 0.000000 0.000000 0.000000 1.000000
120007 0.000000 0.000000 0.000000 1.000000
120008 0.000000 0.000000 0.000000 1.000000
120027 0.000000 0.000000 0.000000 1.000000
120048 0.000000 0.000000 0.000000 1.000000
120064 0.000000 0.000000 0.000000 1.000000
120065 0.000000 0.000000 0.000000 1.000000
120074 0.000000 0.000000 0.000000 1.000000
120080 0.000000 0.000000 0.000000 1.000000
120081 0.000000 0.000000 0.000000 1.000000
120084 0.000000 0.000000 0.000000 1.000000
120085 0.000000 0.000000 0.000000 1.000000
120087 0.000000 0.000000 0.000000 1.000000
120088 0.000000 0.000000 0.000000 1.000000
120089 0.000000 0.000000 0.000000 1.000000
120090 0.000000 0.000000 0.000000 1.000000
120096 0.000000 0.000000 0.000000 1.000000
120097 0.000000 0.000000 0.000000 1.000000
120098 0.000000 0.000000 0.000000 1.000000
120099 0.000000 0.000000 0.000000 1.000000
120100 0.000000 0.000000 0.000000 1.000000
120103 0.000000 0.000000 0.000000 1.000000
120104 0.000000 0.000000 0.000000 1.000000
120105 0.000000 0.000000 0.000000 1.000000
120106 0.000000 0.000000 0.000000 1.000000
120109 0.000000 0.000000 0.000000 1.000000
120110 0.000000 0.000000 0.000000 1.000000
120111 0.000000 0.000000 0.000000 1.000000
120112 0.000000 0.000000 0.000000 1.000000
120117 0.000000 0.000000 0.000000 1.000000
120118 0.000000 0.000000 0.000000 1.000000
120119 0.000000 0.000000 0.000000 1.000000
120124 0.000000 0.000000 0.000000 1.000000
120125 0.000000 0.000000 0.000000 1.000000
120130 0.000000 0.000000 0.000000 1.000000
120131 0.000000 0.000000 0.000000 1.000000
120132 0.000000 0.000000 0.000000 1.000000
120133 0.000000 0.000000 0.000000 1.000000
120134 0.000000 0.000000 0.000000 1.000000
120135 0.000000 0.000000 0.000000 1.000000
120136 0.000000 0.000000 0.000000 1.000000
120709 0.000000 0.000000 0.000000 1.000000
120710 0.000000 0.000000 0.000000 1.000000
120728 0.000000 0.000000 0.000000 1.000000
120729 0.000000 0.000000 0.000000 1.000000
120730 0.000000 0.000000 0.000000 1.000000
120749 0.000000 0.000000 0.000000 1.000000
120767 0.000000 0.000000 0.000000 1.000000
120781 0.000000 0.000000 0.000000 1.000000
120790 0.000000 0.000000 0.000000 1.000000
120791 0.000000 0.000000 0.000000 1.000000
120794 0.000000 0.000000 0.000000 1.000000
120796 0.000000 0.000000 0.000000 1.000000
120797 0.000000 0.000000 0.000000 1.000000
120799 0.000000 0.000000 0.000000 1.000000
120800 0.000000 0.000000 0.000000 1.000000
120802 0.000000 0.000000 0.000000 1.000000
120803 0.000000 0.000000 0.000000 1.000000
120804 0.000000 0.000000 0.000000 1.000000
120811 0.000000 0.000000 0.000000 1.000000
120812 0.000000 0.000000 0.000000 1.000000
120813 0.000000 0.000000 0.000000 1.000000
120814 0.000000 0.000000 0.000000 1.000000
120815 0.000000 0.000000 0.000000 1.000000
120819 0.000000 0.000000 0.000000 1.000000
120820 0.000000 0.000000 0.000000 1.000000
120821 0.000000 0.000000 0.000000 1.000000
120824 0.000000 0.000000 0.000000 1.000000
120825 0.000000 0.000000 0.000000 1.000000
120826 0.000000 0.000000 0.000000 1.000000
120827 0.000000 0.000000 0.000000 1.000000
120832 0.000000 0.000000 0.000000 1.000000
120833 0.000000 0.000000 0.000000 1.000000
120834 0.000000 0.000000 0.000000 1.000000
120838 0.000000 0.000000 0.000000 1.000000
120839 0.000000 0.000000 0.000000 1.000000
120844 0.000000 0.000000 0.000000 1.000000
120845 0.000000 0.000000 0.000000 1.000000
120846 0.000000 0.000000 0.000000 1.000000
120847 0.000000 0.000000 0.000000 1.000000
120848 0.000000 0.000000 0.000000 1.000000
120849 0.000000 0.000000 0.000000 1.000000
120850 0.000000 0.000000 0.000000 1.000000
120851 0.000000 0.000000 0.000000 1.000000
120852 0.000000 0.000000 0.000000 1.000000
120853 0.000000 0.000000 0.000000 1.000000
120854 0.000000 0.000000 0.000000 1.000000
120855 0.000000 0.000000 0.000000 1.000000
120856 0.000000 0.000000 0.000000 1.000000
121439 0.000000 0.000000 0.000000 1.000000
121440 0.000000 0.000000 0.000000 1.000000
121464 0.000000 0.000000 0.000000 1.000000
121465 0.000000 0.000000 0.000000 1.000000
121466 0.000000 0.000000 0.000000 1.000000
121487 0.000000 0.000000 0.000000 1.000000
121488 0.000000 0.000000 0.000000 1.000000
121503 0.000000 0.000000 0.000000 1.000000
121514 0.000000 0.000000 0.000000 1.000000
121521 0.000000 0.000000 0.000000 1.000000
121529 0.000000 0.000000 0.000000 1.000000
121530 0.000000 0.000000 0.000000 1.000000
121536 0.000000 0.000000 0.000000 1.000000
121538 0.000000 0.000000 0.000000 1.000000
121539 0.000000 0.000000 0.000000 1.000000
121541 0.000000 0.000000 0.000000 1.000000
121542 0.000000 0.000000 0.000000 1.000000
121544 0.000000 0.000000 0.000000 1.000000
121545 0.000000 0.000000 0.000000 1.000000
121546 0.000000 0.000000 0.000000 1.000000
121552 0.000000 0.000000 0.000000 1.000000
121553 0.000000 0.000000 0.000000 1.000000
121554 0.000000 0.000000 0.000000 1.000000
121555 0.000000 0.000000 0.000000 1.000000
121559 0.000000 0.000000 0.000000 1.000000
121560 0.000000 0.000000 0.000000 1.000000
121561 0.000000 0.000000 0.000000 1.000000
121562 0.000000 0.000000 0.000000 1.000000
121566 0.000000 0.000000 0.000000 1.000000
121567 0.000000 0.000000 0.000000 1.000000
121568 0.000000 0.000000 0.000000 1.000000
121569 0.000000 0.000000 0.000000 1.000000
121574 0.000000 0.000000 0.000000 1.000000
121575 0.000000 0.000000 0.000000 1.000000
121576 0.000000 0.000000 0.000000 1.000000
121580 0.000000 0.000000 0.000000 1.000000
121581 0.000000 0.000000 0.000000 1.000000
121582 0.000000 0.000000 0.000000 1.000000
121587 0.000000 0.000000 0.000000 1.000000
121588 0.000000 0.000000 0.000000 1.000000
121589 0.000000 0.000000 0.000000 1.000000
121590 0.000000 0.000000 0.000000 1.000000
121591 0.000000 0.000000 0.000000 1.000000
121592 0.000000 0.000000 0.000000 1.000000
121593 0.000000 0.000000 0.000000 1.000000
121594 0.000000 0.000000 0.000000 1.000000
121595 0.000000 0.000000 0.000000 1.000000
121596 0.000000 0.000000 0.000000 1.000000
121597 0.000000 0.000000 0.000000 1.000000
121598 0.000000 0.000000 0.000000 1.000000
122203 0.000000 0.000000 0.000000 1.000000
122205 0.000000 0.000000 0.000000 1.000000
122229 0.000000 0.000000 0.000000 1.000000
122230 0.000000 0.000000 0.000000 1.000000
122231 0.000000 0.000000 0.000000 1.000000
122244 0.000000 0.000000 0.000000 1.000000
122253 0.000000 0.000000 0.000000 1.000000
122254 0.000000 0.000000 0.000000 1.000000
122262 0.000000 0.000000 0.000000 1.000000
122263 0.000000 0.000000 0.000000 1.000000
122269 0.000000 0.000000 0.000000 1.000000
122270 0.000000 0.000000 0.000000 1.000000
122276 0.000000 0.000000 0.000000 1.000000
122277 0.000000 0.000000 0.000000 1.000000
122283 0.000000 0.000000 0.000000 1.000000
122284 0.000000 0.000000 0.000000 1.000000
122289 0.000000 0.000000 0.000000 1.000000
122290 0.000000 0.000000 0.000000 1.000000
122292 0.000000 0.000000 0.000000 1.000000
122293 0.000000 0.000000 0.000000 1.000000
122295 0.000000 0.000000 0.000000 1.000000
122296 0.000000 0.000000 0.000000 1.000000
122303 0.000000 0.000000 0.000000 1.000000
122304 0.000000 0.000000 0.000000 1.000000
122305 0.000000 0.000000 0.000000 1.000000
122306 0.000000 0.000000 0.000000 1.000000
122310 0.000000 0.000000 0.000000 1.000000
122311 0.000000 0.000000 0.000000 1.000000
122312 0.000000 0.000000 0.000000 1.000000
122313 0.000000 0.000000 0.000000 1.000000
122317 0.000000 0.000000 0.000000 1.000000
122318 0.000000 0.000000 0.000000 1.000000
122319 0.000000 0.000000 0.000000 1.000000
122324 0.000000 0.000000 0.000000 1.000000
122325 0.000000 0.000000 0.000000 1.000000
122326 0.000000 0.000000 0.000000 1.000000
122330 0.000000 0.000000 0.000000 1.000000
122331 0.000000 0.000000 0.000000 1.000000
122332 0.000000 0.000000 0.000000 1.000000
122337 0.000000 0.000000 0.000000 1.000000
122338 0.000000 0.000000 0.000000 1.000000
122339 0.000000 0.000000 0.000000 1.000000
122340 0.000000 0.000000 0.000000 1.000000
122341 0.000000 0.000000 0.000000 1.000000
122342 0.000000 0.000000 0.000000 1.000000
122343 0.000000 0.000000 0.000000 1.000000
122344 0.000000 0.000000 0.000000 1.000000
122345 0.000000 0.000000 0.000000 1.000000
122346 0.000000 0.000000 0.000000 1.000000
122897 0.000000 0.000000 0.000000 1.000000
122910 0.000000 0.000000 0.000000 1.000000
122911 0.000000 0.000000 0.000000 1.000000
122919 0.000000 0.000000 0.000000 1.000000
122920 0.000000 0.000000 0.000000 1.000000
122927 0.000000 0.000000 0.000000 1.000000
122933 0.000000 0.000000 0.000000 1.000000
122934 0.000000 0.000000 0.000000 1.000000
122939 0.000000 0.000000 0.000000 1.000000
122940 0.000000 0.000000 0.000000 1.000000
122945 0.000000 0.000000 0.000000 1.000000
122946 0.000000 0.000000 0.000000 1.000000
122953 0.000000 0.000000 0.000000 1.000000
122956 0.000000 0.000000 0.000000 1.000000
122957 0.000000 0.000000 0.000000 1.000000
122960 0.000000 0.000000 0.000000 1.000000
122961 0.000000 0.000000 0.000000 1.000000
122967 0.000000 0.000000 0.000000 1.000000
122968 0.000000 0.000000 0.000000 1.000000
122969 0.000000 0.000000 0.000000 1.000000
122970 0.000000 0.000000 0.000000 1.000000
122976 0.000000 0.000000 0.000000 1.000000
122977 0.000000 0.000000 0.000000 1.000000
122978 0.000000 0.000000 0.000000 1.000000
122979 0.000000 0.000000 0.000000 1.000000
122982 0.000000 0.000000 0.000000 1.000000
122983 0.000000 0.000000 0.000000 1.000000
122984 0.000000 0.000000 0.000000 1.000000
122988 0.000000 0.000000 0.000000 1.000000
122989 0.000000 0.000000 0.000000 1.000000
122990 0.000000 0.000000 0.000000 1.000000
122991 0.000000 0.000000 0.000000 1.000000
122996 0.000000 0.000000 0.000000 1.000000
122997 0.000000 0.000000 0.000000 1.000000
122998 0.000000 0.000000 0.000000 1.000000
123004 0.000000 0.000000 0.000000 1.000000
123005 0.000000 0.000000 0.000000 1.000000
123009 0.000000 0.000000 0.000000 1.000000
123010 0.000000 0.000000 0.000000 1.000000
123011 0.000000 0.000000 0.000000 1.000000
123012 0.000000 0.000000 0.000000 1.000000
123013 0.000000 0.000000 0.000000 1.000000
123014 0.000000 0.000000 0.000000 1.000000
123015 0.000000 0.000000 0.000000 1.000000
123016 0.000000 0.000000 0.000000 1.000000
123505 0.000000 0.000000 0.000000 1.000000
123512 0.000000 0.000000 0.000000 1.000000
123519 0.000000 0.000000 0.000000 1.000000
123526 0.000000 0.000000 0.000000 1.000000
123527 0.000000 0.000000 0.000000 1.000000
123534 0.000000 0.000000 0.000000 1.000000
123535 0.000000 0.000000 0.000000 1.000000
123539 0.000000 0.000000 0.000000 1.000000
123540 0.000000 0.000000 0.000000 1.000000
123547 0.000000 0.000000 0.000000 1.000000
123549 0.000000 0.000000 0.000000 1.000000
123550 0.000000 0.000000 0.000000 1.000000
123551 0.000000 0.000000 0.000000 1.000000
123554 0.000000 0.000000 0.000000 1.000000
123555 0.000000 0.000000 0.000000 1.000000
123556 0.000000 0.000000 0.000000 1.000000
123561 0.000000 0.000000 0.000000 1.000000
123562 0.000000 0.000000 0.000000 1.000000
123563 0.000000 0.000000 0.000000 1.000000
123571 0.000000 0.000000 0.000000 1.000000
123572 0.000000 0.000000 0.000000 1.000000
123573 0.000000 0.000000 0.000000 1.000000
123574 0.000000 0.000000 0.000000 1.000000
123579 0.000000 0.000000 0.000000 1.000000
123580 0.000000 0.000000 0.000000 1.000000
123584 0.000000 0.000000 0.000000 1.000000
123585 0.000000 0.000000 0.000000 1.000000
123586 0.000000 0.000000 0.000000 1.000000
123587 0.000000 0.000000 0.000000 1.000000
123592 0.000000 0.000000 0.000000 1.000000
123593 0.000000 0.000000 0.000000 1.000000
123594 0.000000 0.000000 0.000000 1.000000
123599 0.000000 0.000000 0.000000 1.000000
123600 0.000000 0.000000 0.000000 1.000000
123604 0.000000 0.000000 0.000000 1.000000
123605 0.000000 0.000000 0.000000 1.000000
123606 0.000000 0.000000 0.000000 1.000000
123607 0.000000 0.000000 0.000000 1.000000
123608 0.000000 0.000000 0.000000 1.000000
123609 0.000000 0.000000 0.000000 1.000000
123610 0.000000 0.000000 0.000000 1.000000
123611 0.000000 0.000000 0.000000 1.000000
124107 0.000000 0.000000 0.000000 1.000000
124113 0.000000 0.000000 0.000000 1.000000
124114 0.000000 0.000000 0.000000 1.000000
124121 0.000000 0.000000 0.000000 1.000000
124122 0.000000 0.000000 0.000000 1.000000
124128 0.000000 0.000000 0.000000 1.000000
124129 0.000000 0.000000 0.000000 1.000000
124136 0.000000 0.000000 0.000000 1.000000
124137 0.000000 0.000000 0.000000 1.000000
124141 0.000000 0.000000 0.000000 1.000000
124142 0.000000 0.000000 0.000000 1.000000
124143 0.000000 0.000000 0.000000 1.000000
124146 0.000000 0.000000 0.000000 1.000000
124147 0.000000 0.000000 0.000000 1.000000
124150 0.000000 0.000000 0.000000 1.000000
124151 0.000000 0.000000 0.000000 1.000000
124152 0.000000 0.000000 0.000000 1.000000
124158 0.000000 0.000000 0.000000 1.000000
124159 0.000000 0.000000 0.000000 1.000000
124160 0.000000 0.000000 0.000000 1.000000
124161 0.000000 0.000000 0.000000 1.000000
124165 0.000000 0.000000 0.000000 1.000000
124166 0.000000 0.000000 0.000000 1.000000
124167 0.000000 0.000000 0.000000 1.000000
124172 0.000000 0.000000 0.000000 1.000000
124173 0.000000 0.000000 0.000000 1.000000
124174 0.000000 0.000000 0.000000 1.000000
124175 0.000000 0.000000 0.000000 1.000000
124176 0.000000 0.000000 0.000000 1.000000
124182 0.000000 0.000000 0.000000 1.000000
124183 0.000000 0.000000 0.000000 1.000000
124184 0.000000 0.000000 0.000000 1.000000
124189 0.000000 0.000000 0.000000 1.000000
124190 0.000000 0.000000 0.000000 1.000000
124191 0.000000 0.000000 0.000000 1.000000
124195 0.000000 0.000000 0.000000 1.000000
124196 0.000000 0.000000 0.000000 1.000000
124197 0.000000 0.000000 0.000000 1.000000
124198 0.000000 0.000000 0.000000 1.000000
124199 0.000000 0.000000 0.000000 1.000000
124200 0.000000 0.000000 0.000000 1.000000
124201 0.000000 0.000000 0.000000 1.000000
124202 0.000000 0.000000 0.000000 1.000000
124724 0.000000 0.000000 0.000000 1.000000
124730 0.000000 0.000000 0.000000 1.000000
124731 0.000000 0.000000 0.000000 1.000000
124737 0.000000 0.000000 0.000000 1.000000
124738 0.000000 0.000000 0.000000 1.000000
124744 0.000000 0.000000 0.000000 1.000000
124745 0.000000 0.000000 0.000000 1.000000
124751 0.000000 0.000000 0.000000 1.000000
124752 0.000000 0.000000 0.000000 1.000000
124755 0.000000 0.000000 0.000000 1.000000
124756 0.000000 0.000000 0.000000 1.000000
124759 0.000000 0.000000 0.000000 1.000000
124760 0.000000 0.000000 0.000000 1.000000
124768 0.000000 0.000000 0.000000 1.000000
124769 0.000000 0.000000 0.000000 1.000000
124770 0.000000 0.000000 0.000000 1.000000
124774 0.000000 0.000000 0.000000 1.000000
124775 0.000000 0.000000 0.000000 1.000000
124776 0.000000 0.000000 0.000000 1.000000
124781 0.000000 0.000000 0.000000 1.000000
124782 0.000000 0.000000 0.000000 1.000000
124783 0.000000 0.000000 0.000000 1.000000
124784 0.000000 0.000000 0.000000 1.000000
124789 0.000000 0.000000 0.000000 1.000000
124790 0.000000 0.000000 0.000000 1.000000
124795 0.000000 0.000000 0.000000 1.000000
124796 0.000000 0.000000 0.000000 1.000000
124797 0.000000 0.000000 0.000000 1.000000
124801 0.000000 0.000000 0.000000 1.000000
124802 0.000000 0.000000 0.000000 1.000000
124803 0.000000 0.000000 0.000000 1.000000
124804 0.000000 0.000000 0.000000 1.000000
124805 0.000000 0.000000 0.000000 1.000000
124806 0.000000 0.000000 0.000000 1.000000
124807 0.000000 0.000000 0.000000 1.000000
125364 0.000000 0.000000 0.000000 1.000000
125368 0.000000 0.000000 0.000000 1.000000
125369 0.000000 0.000000 0.000000 1.000000
125372 0.000000 0.000000 0.000000 1.000000
125379 0.000000 0.000000 0.000000 1.000000
125380 0.000000 0.000000 0.000000 1.000000
125381 0.000000 0.000000 0.000000 1.000000
125382 0.000000 0.000000 0.000000 1.000000
125386 0.000000 0.000000 0.000000 1.000000
125387 0.000000 0.000000 0.000000 1.000000
125393 0.000000 0.000000 0.000000 1.000000
125394 0.000000 0.000000 0.000000 1.000000
125400 0.000000 0.000000 0.000000 1.000000
125406 0.000000 0.000000 0.000000 1.000000
125407 0.000000 0.000000 0.000000 1.000000
125408 0.000000 0.000000 0.000000 1.000000
125409 0.000000 0.000000 0.000000 1.000000
125410 0.000000 0.000000 0.000000 1.000000
125411 0.000000 0.000000 0.000000 1.000000
125412 0.000000 0.000000 0.000000 1.000000
125413 0.000000 0.000000 0.000000 1.000000
125414 0.000000 0.000000 0.000000 1.000000
125415 0.000000 0.000000 0.000000 1.000000
125941 0.000000 0.000000 0.000000 1.000000
125945 0.000000 0.000000 0.000000 1.000000
125946 0.000000 0.000000 0.000000 1.000000
125953 0.000000 0.000000 0.000000 1.000000
125954 0.000000 0.000000 0.000000 1.000000
125955 0.000000 0.000000 0.000000 1.000000
125962 0.000000 0.000000 0.000000 1.000000
125968 0.000000 0.000000 0.000000 1.000000
125969 0.000000 0.000000 0.000000 1.000000
125975 0.000000 0.000000 0.000000 1.000000
125980 0.000000 0.000000 0.000000 1.000000
125981 0.000000 0.000000 0.000000 1.000000
125982 0.000000 0.000000 0.000000 1.000000
125985 0.000000 0.000000 0.000000 1.000000
125986 0.000000 0.000000 0.000000 1.000000
126530 0.000000 0.000000 0.000000 1.000000
126538 0.000000 0.000000 0.000000 1.000000
126539 0.000000 0.000000 0.000000 1.000000
126546 0.000000 0.000000 0.000000 1.000000
126568 0.000000 0.000000 0.000000 1.000000
127138 0.000000 0.000000 0.000000 1.000000
