#
1088
86510 0.000000 0.000000 0.000000 1.000000
86524 0.000000 0.000000 0.000000 1.000000
86525 0.000000 0.000000 0.000000 1.000000
86542 0.000000 0.000000 0.000000 1.000000
86543 0.000000 0.000000 0.000000 1.000000
86544 0.000000 0.000000 0.000000 1.000000
86545 0.000000 0.000000 0.000000 1.000000
87573 0.000000 0.000000 0.000000 1.000000
87583 0.000000 0.000000 0.000000 1.000000
87584 0.000000 0.000000 0.000000 1.000000
87593 0.000000 0.000000 0.000000 1.000000
87594 0.000000 0.000000 0.000000 1.000000
87595 0.000000 0.000000 0.000000 1.000000
87596 0.000000 0.000000 0.000000 1.000000
87607 0.000000 0.000000 0.000000 1.000000
87608 0.000000 0.000000 0.000000 1.000000
87609 0.000000 0.000000 0.000000 1.000000
87618 0.000000 0.000000 0.000000 1.000000
87619 0.000000 0.000000 0.000000 1.000000
87620 0.000000 0.000000 0.000000 1.000000
87626 0.000000 0.000000 0.000000 1.000000
87627 0.000000 0.000000 0.000000 1.000000
87628 0.000000 0.000000 0.000000 1.000000
87636 0.000000 0.000000 0.000000 1.000000
87637 0.000000 0.000000 0.000000 1.000000
87647 0.000000 0.000000 0.000000 1.000000
87648 0.000000 0.000000 0.000000 1.000000
87660 0.000000 0.000000 0.000000 1.000000
87661 0.000000 0.000000 0.000000 1.000000
87662 0.000000 0.000000 0.000000 1.000000
87663 0.000000 0.000000 0.000000 1.000000
87664 0.000000 0.000000 0.000000 1.000000
87665 0.000000 0.000000 0.000000 1.000000
87676 0.000000 0.000000 0.000000 1.000000
87677 0.000000 0.000000 0.000000 1.000000
87678 0.000000 0.000000 0.000000 1.000000
87679 0.000000 0.000000 0.000000 1.000000
87680 0.000000 0.000000 0.000000 1.000000
88676 0.000000 0.000000 0.000000 1.000000
88677 0.000000 0.000000 0.000000 1.000000
88678 0.000000 0.000000 0.000000 1.000000
88679 0.000000 0.000000 0.000000 1.000000
88687 0.000000 0.000000 0.000000 1.000000
88688 0.000000 0.000000 0.000000 1.000000
88689 0.000000 0.000000 0.000000 1.000000
88697 0.000000 0.000000 0.000000 1.000000
88698 0.000000 0.000000 0.000000 1.000000
88699 0.000000 0.000000 0.000000 1.000000
88706 0.000000 0.000000 0.000000 1.000000
88707 0.000000 0.000000 0.000000 1.000000
88708 0.000000 0.000000 0.000000 1.000000
88719 0.000000 0.000000 0.000000 1.000000
88720 0.000000 0.000000 0.000000 1.000000
88721 0.000000 0.000000 0.000000 1.000000
88733 0.000000 0.000000 0.000000 1.000000
88734 0.000000 0.000000 0.000000 1.000000
88743 0.000000 0.000000 0.000000 1.000000
88744 0.000000 0.000000 0.000000 1.000000
88749 0.000000 0.000000 0.000000 1.000000
88750 0.000000 0.000000 0.000000 1.000000
88760 0.000000 0.000000 0.000000 1.000000
88772 0.000000 0.000000 0.000000 1.000000
88773 0.000000 0.000000 0.000000 1.000000
88780 0.000000 0.000000 0.000000 1.000000
88781 0.000000 0.000000 0.000000 1.000000
88782 0.000000 0.000000 0.000000 1.000000
88783 0.000000 0.000000 0.000000 1.000000
88784 0.000000 0.000000 0.000000 1.000000
88785 0.000000 0.000000 0.000000 1.000000
88786 0.000000 0.000000 0.000000 1.000000
88787 0.000000 0.000000 0.000000 1.000000
88791 0.000000 0.000000 0.000000 1.000000
88792 0.000000 0.000000 0.000000 1.000000
88793 0.000000 0.000000 0.000000 1.000000
88794 0.000000 0.000000 0.000000 1.000000
89643 0.000000 0.000000 0.000000 1.000000
89644 0.000000 0.000000 0.000000 1.000000
89645 0.000000 0.000000 0.000000 1.000000
89651 0.000000 0.000000 0.000000 1.000000
89652 0.000000 0.000000 0.000000 1.000000
89653 0.000000 0.000000 0.000000 1.000000
89658 0.000000 0.000000 0.000000 1.000000
89659 0.000000 0.000000 0.000000 1.000000
89660 0.000000 0.000000 0.000000 1.000000
89663 0.000000 0.000000 0.000000 1.000000
89664 0.000000 0.000000 0.000000 1.000000
89665 0.000000 0.000000 0.000000 1.000000
89666 0.000000 0.000000 0.000000 1.000000
89670 0.000000 0.000000 0.000000 1.000000
89671 0.000000 0.000000 0.000000 1.000000
89680 0.000000 0.000000 0.000000 1.000000
89681 0.000000 0.000000 0.000000 1.000000
89690 0.000000 0.000000 0.000000 1.000000
89691 0.000000 0.000000 0.000000 1.000000
89692 0.000000 0.000000 0.000000 1.000000
89693 0.000000 0.000000 0.000000 1.000000
89700 0.000000 0.000000 0.000000 1.000000
89701 0.000000 0.000000 0.000000 1.000000
89702 0.000000 0.000000 0.000000 1.000000
89703 0.000000 0.000000 0.000000 1.000000
89704 0.000000 0.000000 0.000000 1.000000
89705 0.000000 0.000000 0.000000 1.000000
89706 0.000000 0.000000 0.000000 1.000000
89716 0.000000 0.000000 0.000000 1.000000
89717 0.000000 0.000000 0.000000 1.000000
89718 0.000000 0.000000 0.000000 1.000000
89719 0.000000 0.000000 0.000000 1.000000
89720 0.000000 0.000000 0.000000 1.000000
89727 0.000000 0.000000 0.000000 1.000000
89728 0.000000 0.000000 0.000000 1.000000
89729 0.000000 0.000000 0.000000 1.000000
89733 0.000000 0.000000 0.000000 1.000000
89734 0.000000 0.000000 0.000000 1.000000
89735 0.000000 0.000000 0.000000 1.000000
89736 0.000000 0.000000 0.000000 1.000000
89737 0.000000 0.000000 0.000000 1.000000
89738 0.000000 0.000000 0.000000 1.000000
89742 0.000000 0.000000 0.000000 1.000000
89743 0.000000 0.000000 0.000000 1.000000
89744 0.000000 0.000000 0.000000 1.000000
89745 0.000000 0.000000 0.000000 1.000000
89746 0.000000 0.000000 0.000000 1.000000
89747 0.000000 0.000000 0.000000 1.000000
89748 0.000000 0.000000 0.000000 1.000000
90578 0.000000 0.000000 0.000000 1.000000
90579 0.000000 0.000000 0.000000 1.000000
90580 0.000000 0.000000 0.000000 1.000000
90587 0.000000 0.000000 0.000000 1.000000
90588 0.000000 0.000000 0.000000 1.000000
90589 0.000000 0.000000 0.000000 1.000000
90590 0.000000 0.000000 0.000000 1.000000
90596 0.000000 0.000000 0.000000 1.000000
90597 0.000000 0.000000 0.000000 1.000000
90598 0.000000 0.000000 0.000000 1.000000
90599 0.000000 0.000000 0.000000 1.000000
90603 0.000000 0.000000 0.000000 1.000000
90604 0.000000 0.000000 0.000000 1.000000
90605 0.000000 0.000000 0.000000 1.000000
90606 0.000000 0.000000 0.000000 1.000000
90607 0.000000 0.000000 0.000000 1.000000
90611 0.000000 0.000000 0.000000 1.000000
90612 0.000000 0.000000 0.000000 1.000000
90613 0.000000 0.000000 0.000000 1.000000
90618 0.000000 0.000000 0.000000 1.000000
90619 0.000000 0.000000 0.000000 1.000000
90628 0.000000 0.000000 0.000000 1.000000
90629 0.000000 0.000000 0.000000 1.000000
90630 0.000000 0.000000 0.000000 1.000000
90631 0.000000 0.000000 0.000000 1.000000
90632 0.000000 0.000000 0.000000 1.000000
90633 0.000000 0.000000 0.000000 1.000000
90641 0.000000 0.000000 0.000000 1.000000
90642 0.000000 0.000000 0.000000 1.000000
90643 0.000000 0.000000 0.000000 1.000000
90644 0.000000 0.000000 0.000000 1.000000
90645 0.000000 0.000000 0.000000 1.000000
90646 0.000000 0.000000 0.000000 1.000000
90654 0.000000 0.000000 0.000000 1.000000
90655 0.000000 0.000000 0.000000 1.000000
90656 0.000000 0.000000 0.000000 1.000000
90657 0.000000 0.000000 0.000000 1.000000
90658 0.000000 0.000000 0.000000 1.000000
90659 0.000000 0.000000 0.000000 1.000000
90663 0.000000 0.000000 0.000000 1.000000
90664 0.000000 0.000000 0.000000 1.000000
90665 0.000000 0.000000 0.000000 1.000000
90666 0.000000 0.000000 0.000000 1.000000
90667 0.000000 0.000000 0.000000 1.000000
90672 0.000000 0.000000 0.000000 1.000000
90673 0.000000 0.000000 0.000000 1.000000
90674 0.000000 0.000000 0.000000 1.000000
90675 0.000000 0.000000 0.000000 1.000000
90676 0.000000 0.000000 0.000000 1.000000
90680 0.000000 0.000000 0.000000 1.000000
90681 0.000000 0.000000 0.000000 1.000000
90682 0.000000 0.000000 0.000000 1.000000
90683 0.000000 0.000000 0.000000 1.000000
90684 0.000000 0.000000 0.000000 1.000000
90685 0.000000 0.000000 0.000000 1.000000
90686 0.000000 0.000000 0.000000 1.000000
90690 0.000000 0.000000 0.000000 1.000000
90691 0.000000 0.000000 0.000000 1.000000
90692 0.000000 0.000000 0.000000 1.000000
90693 0.000000 0.000000 0.000000 1.000000
91507 0.000000 0.000000 0.000000 1.000000
91515 0.000000 0.000000 0.000000 1.000000
91516 0.000000 0.000000 0.000000 1.000000
91517 0.000000 0.000000 0.000000 1.000000
91518 0.000000 0.000000 0.000000 1.000000
91519 0.000000 0.000000 0.000000 1.000000
91525 0.000000 0.000000 0.000000 1.000000
91526 0.000000 0.000000 0.000000 1.000000
91527 0.000000 0.000000 0.000000 1.000000
91528 0.000000 0.000000 0.000000 1.000000
91529 0.000000 0.000000 0.000000 1.000000
91530 0.000000 0.000000 0.000000 1.000000
91534 0.000000 0.000000 0.000000 1.000000
91535 0.000000 0.000000 0.000000 1.000000
91536 0.000000 0.000000 0.000000 1.000000
91537 0.000000 0.000000 0.000000 1.000000
91538 0.000000 0.000000 0.000000 1.000000
91539 0.000000 0.000000 0.000000 1.000000
91542 0.000000 0.000000 0.000000 1.000000
91543 0.000000 0.000000 0.000000 1.000000
91544 0.000000 0.000000 0.000000 1.000000
91545 0.000000 0.000000 0.000000 1.000000
91546 0.000000 0.000000 0.000000 1.000000
91547 0.000000 0.000000 0.000000 1.000000
91548 0.000000 0.000000 0.000000 1.000000
91551 0.000000 0.000000 0.000000 1.000000
91552 0.000000 0.000000 0.000000 1.000000
91553 0.000000 0.000000 0.000000 1.000000
91554 0.000000 0.000000 0.000000 1.000000
91555 0.000000 0.000000 0.000000 1.000000
91556 0.000000 0.000000 0.000000 1.000000
91557 0.000000 0.000000 0.000000 1.000000
91565 0.000000 0.000000 0.000000 1.000000
91566 0.000000 0.000000 0.000000 1.000000
91567 0.000000 0.000000 0.000000 1.000000
91568 0.000000 0.000000 0.000000 1.000000
91569 0.000000 0.000000 0.000000 1.000000
91570 0.000000 0.000000 0.000000 1.000000
91579 0.000000 0.000000 0.000000 1.000000
91580 0.000000 0.000000 0.000000 1.000000
91588 0.000000 0.000000 0.000000 1.000000
91589 0.000000 0.000000 0.000000 1.000000
91590 0.000000 0.000000 0.000000 1.000000
91591 0.000000 0.000000 0.000000 1.000000
91595 0.000000 0.000000 0.000000 1.000000
91596 0.000000 0.000000 0.000000 1.000000
91597 0.000000 0.000000 0.000000 1.000000
91602 0.000000 0.000000 0.000000 1.000000
91603 0.000000 0.000000 0.000000 1.000000
91604 0.000000 0.000000 0.000000 1.000000
91605 0.000000 0.000000 0.000000 1.000000
91611 0.000000 0.000000 0.000000 1.000000
91612 0.000000 0.000000 0.000000 1.000000
91613 0.000000 0.000000 0.000000 1.000000
91614 0.000000 0.000000 0.000000 1.000000
91615 0.000000 0.000000 0.000000 1.000000
91618 0.000000 0.000000 0.000000 1.000000
91619 0.000000 0.000000 0.000000 1.000000
91620 0.000000 0.000000 0.000000 1.000000
91621 0.000000 0.000000 0.000000 1.000000
91622 0.000000 0.000000 0.000000 1.000000
91627 0.000000 0.000000 0.000000 1.000000
91628 0.000000 0.000000 0.000000 1.000000
92531 0.000000 0.000000 0.000000 1.000000
92532 0.000000 0.000000 0.000000 1.000000
92533 0.000000 0.000000 0.000000 1.000000
92534 0.000000 0.000000 0.000000 1.000000
92541 0.000000 0.000000 0.000000 1.000000
92542 0.000000 0.000000 0.000000 1.000000
92543 0.000000 0.000000 0.000000 1.000000
92544 0.000000 0.000000 0.000000 1.000000
92545 0.000000 0.000000 0.000000 1.000000
92546 0.000000 0.000000 0.000000 1.000000
92549 0.000000 0.000000 0.000000 1.000000
92550 0.000000 0.000000 0.000000 1.000000
92551 0.000000 0.000000 0.000000 1.000000
92552 0.000000 0.000000 0.000000 1.000000
92553 0.000000 0.000000 0.000000 1.000000
92554 0.000000 0.000000 0.000000 1.000000
92555 0.000000 0.000000 0.000000 1.000000
92559 0.000000 0.000000 0.000000 1.000000
92560 0.000000 0.000000 0.000000 1.000000
92561 0.000000 0.000000 0.000000 1.000000
92562 0.000000 0.000000 0.000000 1.000000
92563 0.000000 0.000000 0.000000 1.000000
92564 0.000000 0.000000 0.000000 1.000000
92568 0.000000 0.000000 0.000000 1.000000
92569 0.000000 0.000000 0.000000 1.000000
92570 0.000000 0.000000 0.000000 1.000000
92571 0.000000 0.000000 0.000000 1.000000
92572 0.000000 0.000000 0.000000 1.000000
92576 0.000000 0.000000 0.000000 1.000000
92577 0.000000 0.000000 0.000000 1.000000
92578 0.000000 0.000000 0.000000 1.000000
92582 0.000000 0.000000 0.000000 1.000000
92583 0.000000 0.000000 0.000000 1.000000
92584 0.000000 0.000000 0.000000 1.000000
92588 0.000000 0.000000 0.000000 1.000000
92589 0.000000 0.000000 0.000000 1.000000
92590 0.000000 0.000000 0.000000 1.000000
92591 0.000000 0.000000 0.000000 1.000000
92596 0.000000 0.000000 0.000000 1.000000
92597 0.000000 0.000000 0.000000 1.000000
92598 0.000000 0.000000 0.000000 1.000000
92603 0.000000 0.000000 0.000000 1.000000
92604 0.000000 0.000000 0.000000 1.000000
92611 0.000000 0.000000 0.000000 1.000000
92612 0.000000 0.000000 0.000000 1.000000
92613 0.000000 0.000000 0.000000 1.000000
92614 0.000000 0.000000 0.000000 1.000000
92620 0.000000 0.000000 0.000000 1.000000
92621 0.000000 0.000000 0.000000 1.000000
92622 0.000000 0.000000 0.000000 1.000000
92623 0.000000 0.000000 0.000000 1.000000
92624 0.000000 0.000000 0.000000 1.000000
92625 0.000000 0.000000 0.000000 1.000000
92632 0.000000 0.000000 0.000000 1.000000
92633 0.000000 0.000000 0.000000 1.000000
92634 0.000000 0.000000 0.000000 1.000000
92635 0.000000 0.000000 0.000000 1.000000
93535 0.000000 0.000000 0.000000 1.000000
93536 0.000000 0.000000 0.000000 1.000000
93537 0.000000 0.000000 0.000000 1.000000
93538 0.000000 0.000000 0.000000 1.000000
93548 0.000000 0.000000 0.000000 1.000000
93549 0.000000 0.000000 0.000000 1.000000
93550 0.000000 0.000000 0.000000 1.000000
93551 0.000000 0.000000 0.000000 1.000000
93552 0.000000 0.000000 0.000000 1.000000
93553 0.000000 0.000000 0.000000 1.000000
93554 0.000000 0.000000 0.000000 1.000000
93558 0.000000 0.000000 0.000000 1.000000
93559 0.000000 0.000000 0.000000 1.000000
93560 0.000000 0.000000 0.000000 1.000000
93561 0.000000 0.000000 0.000000 1.000000
93562 0.000000 0.000000 0.000000 1.000000
93563 0.000000 0.000000 0.000000 1.000000
93564 0.000000 0.000000 0.000000 1.000000
93568 0.000000 0.000000 0.000000 1.000000
93569 0.000000 0.000000 0.000000 1.000000
93570 0.000000 0.000000 0.000000 1.000000
93571 0.000000 0.000000 0.000000 1.000000
93574 0.000000 0.000000 0.000000 1.000000
93575 0.000000 0.000000 0.000000 1.000000
93576 0.000000 0.000000 0.000000 1.000000
93577 0.000000 0.000000 0.000000 1.000000
93580 0.000000 0.000000 0.000000 1.000000
93581 0.000000 0.000000 0.000000 1.000000
93582 0.000000 0.000000 0.000000 1.000000
93586 0.000000 0.000000 0.000000 1.000000
93587 0.000000 0.000000 0.000000 1.000000
93588 0.000000 0.000000 0.000000 1.000000
93592 0.000000 0.000000 0.000000 1.000000
93593 0.000000 0.000000 0.000000 1.000000
93594 0.000000 0.000000 0.000000 1.000000
93595 0.000000 0.000000 0.000000 1.000000
93599 0.000000 0.000000 0.000000 1.000000
93600 0.000000 0.000000 0.000000 1.000000
93601 0.000000 0.000000 0.000000 1.000000
93602 0.000000 0.000000 0.000000 1.000000
93607 0.000000 0.000000 0.000000 1.000000
93608 0.000000 0.000000 0.000000 1.000000
93609 0.000000 0.000000 0.000000 1.000000
93614 0.000000 0.000000 0.000000 1.000000
93615 0.000000 0.000000 0.000000 1.000000
93616 0.000000 0.000000 0.000000 1.000000
93621 0.000000 0.000000 0.000000 1.000000
93622 0.000000 0.000000 0.000000 1.000000
93623 0.000000 0.000000 0.000000 1.000000
93624 0.000000 0.000000 0.000000 1.000000
93625 0.000000 0.000000 0.000000 1.000000
93630 0.000000 0.000000 0.000000 1.000000
93631 0.000000 0.000000 0.000000 1.000000
93632 0.000000 0.000000 0.000000 1.000000
93633 0.000000 0.000000 0.000000 1.000000
93634 0.000000 0.000000 0.000000 1.000000
93635 0.000000 0.000000 0.000000 1.000000
94581 0.000000 0.000000 0.000000 1.000000
94589 0.000000 0.000000 0.000000 1.000000
94590 0.000000 0.000000 0.000000 1.000000
94591 0.000000 0.000000 0.000000 1.000000
94592 0.000000 0.000000 0.000000 1.000000
94593 0.000000 0.000000 0.000000 1.000000
94594 0.000000 0.000000 0.000000 1.000000
94598 0.000000 0.000000 0.000000 1.000000
94599 0.000000 0.000000 0.000000 1.000000
94600 0.000000 0.000000 0.000000 1.000000
94601 0.000000 0.000000 0.000000 1.000000
94602 0.000000 0.000000 0.000000 1.000000
94603 0.000000 0.000000 0.000000 1.000000
94604 0.000000 0.000000 0.000000 1.000000
94605 0.000000 0.000000 0.000000 1.000000
94606 0.000000 0.000000 0.000000 1.000000
94610 0.000000 0.000000 0.000000 1.000000
94611 0.000000 0.000000 0.000000 1.000000
94612 0.000000 0.000000 0.000000 1.000000
94613 0.000000 0.000000 0.000000 1.000000
94614 0.000000 0.000000 0.000000 1.000000
94615 0.000000 0.000000 0.000000 1.000000
94619 0.000000 0.000000 0.000000 1.000000
94620 0.000000 0.000000 0.000000 1.000000
94621 0.000000 0.000000 0.000000 1.000000
94622 0.000000 0.000000 0.000000 1.000000
94623 0.000000 0.000000 0.000000 1.000000
94624 0.000000 0.000000 0.000000 1.000000
94625 0.000000 0.000000 0.000000 1.000000
94629 0.000000 0.000000 0.000000 1.000000
94630 0.000000 0.000000 0.000000 1.000000
94631 0.000000 0.000000 0.000000 1.000000
94632 0.000000 0.000000 0.000000 1.000000
94633 0.000000 0.000000 0.000000 1.000000
94634 0.000000 0.000000 0.000000 1.000000
94638 0.000000 0.000000 0.000000 1.000000
94639 0.000000 0.000000 0.000000 1.000000
94640 0.000000 0.000000 0.000000 1.000000
94641 0.000000 0.000000 0.000000 1.000000
94642 0.000000 0.000000 0.000000 1.000000
94646 0.000000 0.000000 0.000000 1.000000
94647 0.000000 0.000000 0.000000 1.000000
94648 0.000000 0.000000 0.000000 1.000000
94649 0.000000 0.000000 0.000000 1.000000
94653 0.000000 0.000000 0.000000 1.000000
94654 0.000000 0.000000 0.000000 1.000000
94655 0.000000 0.000000 0.000000 1.000000
94659 0.000000 0.000000 0.000000 1.000000
94660 0.000000 0.000000 0.000000 1.000000
94661 0.000000 0.000000 0.000000 1.000000
94662 0.000000 0.000000 0.000000 1.000000
94666 0.000000 0.000000 0.000000 1.000000
94667 0.000000 0.000000 0.000000 1.000000
94668 0.000000 0.000000 0.000000 1.000000
94669 0.000000 0.000000 0.000000 1.000000
94673 0.000000 0.000000 0.000000 1.000000
94674 0.000000 0.000000 0.000000 1.000000
94675 0.000000 0.000000 0.000000 1.000000
94676 0.000000 0.000000 0.000000 1.000000
94681 0.000000 0.000000 0.000000 1.000000
94682 0.000000 0.000000 0.000000 1.000000
94683 0.000000 0.000000 0.000000 1.000000
94684 0.000000 0.000000 0.000000 1.000000
94685 0.000000 0.000000 0.000000 1.000000
94692 0.000000 0.000000 0.000000 1.000000
94693 0.000000 0.000000 0.000000 1.000000
94694 0.000000 0.000000 0.000000 1.000000
95663 0.000000 0.000000 0.000000 1.000000
95664 0.000000 0.000000 0.000000 1.000000
95665 0.000000 0.000000 0.000000 1.000000
95672 0.000000 0.000000 0.000000 1.000000
95673 0.000000 0.000000 0.000000 1.000000
95674 0.000000 0.000000 0.000000 1.000000
95675 0.000000 0.000000 0.000000 1.000000
95676 0.000000 0.000000 0.000000 1.000000
95682 0.000000 0.000000 0.000000 1.000000
95683 0.000000 0.000000 0.000000 1.000000
95684 0.000000 0.000000 0.000000 1.000000
95685 0.000000 0.000000 0.000000 1.000000
95686 0.000000 0.000000 0.000000 1.000000
95687 0.000000 0.000000 0.000000 1.000000
95688 0.000000 0.000000 0.000000 1.000000
95692 0.000000 0.000000 0.000000 1.000000
95693 0.000000 0.000000 0.000000 1.000000
95694 0.000000 0.000000 0.000000 1.000000
95695 0.000000 0.000000 0.000000 1.000000
95696 0.000000 0.000000 0.000000 1.000000
95697 0.000000 0.000000 0.000000 1.000000
95701 0.000000 0.000000 0.000000 1.000000
95702 0.000000 0.000000 0.000000 1.000000
95703 0.000000 0.000000 0.000000 1.000000
95704 0.000000 0.000000 0.000000 1.000000
95705 0.000000 0.000000 0.000000 1.000000
95706 0.000000 0.000000 0.000000 1.000000
95709 0.000000 0.000000 0.000000 1.000000
95710 0.000000 0.000000 0.000000 1.000000
95711 0.000000 0.000000 0.000000 1.000000
95712 0.000000 0.000000 0.000000 1.000000
95713 0.000000 0.000000 0.000000 1.000000
95714 0.000000 0.000000 0.000000 1.000000
95715 0.000000 0.000000 0.000000 1.000000
95718 0.000000 0.000000 0.000000 1.000000
95719 0.000000 0.000000 0.000000 1.000000
95720 0.000000 0.000000 0.000000 1.000000
95721 0.000000 0.000000 0.000000 1.000000
95722 0.000000 0.000000 0.000000 1.000000
95723 0.000000 0.000000 0.000000 1.000000
95724 0.000000 0.000000 0.000000 1.000000
95727 0.000000 0.000000 0.000000 1.000000
95728 0.000000 0.000000 0.000000 1.000000
95729 0.000000 0.000000 0.000000 1.000000
95730 0.000000 0.000000 0.000000 1.000000
95731 0.000000 0.000000 0.000000 1.000000
95732 0.000000 0.000000 0.000000 1.000000
95733 0.000000 0.000000 0.000000 1.000000
95737 0.000000 0.000000 0.000000 1.000000
95738 0.000000 0.000000 0.000000 1.000000
95739 0.000000 0.000000 0.000000 1.000000
95740 0.000000 0.000000 0.000000 1.000000
95741 0.000000 0.000000 0.000000 1.000000
95745 0.000000 0.000000 0.000000 1.000000
95746 0.000000 0.000000 0.000000 1.000000
95747 0.000000 0.000000 0.000000 1.000000
95751 0.000000 0.000000 0.000000 1.000000
95752 0.000000 0.000000 0.000000 1.000000
95753 0.000000 0.000000 0.000000 1.000000
95757 0.000000 0.000000 0.000000 1.000000
95758 0.000000 0.000000 0.000000 1.000000
95759 0.000000 0.000000 0.000000 1.000000
95760 0.000000 0.000000 0.000000 1.000000
95761 0.000000 0.000000 0.000000 1.000000
95766 0.000000 0.000000 0.000000 1.000000
95767 0.000000 0.000000 0.000000 1.000000
95768 0.000000 0.000000 0.000000 1.000000
95769 0.000000 0.000000 0.000000 1.000000
95770 0.000000 0.000000 0.000000 1.000000
95775 0.000000 0.000000 0.000000 1.000000
95776 0.000000 0.000000 0.000000 1.000000
95777 0.000000 0.000000 0.000000 1.000000
95778 0.000000 0.000000 0.000000 1.000000
96680 0.000000 0.000000 0.000000 1.000000
96681 0.000000 0.000000 0.000000 1.000000
96682 0.000000 0.000000 0.000000 1.000000
96688 0.000000 0.000000 0.000000 1.000000
96689 0.000000 0.000000 0.000000 1.000000
96690 0.000000 0.000000 0.000000 1.000000
96691 0.000000 0.000000 0.000000 1.000000
96692 0.000000 0.000000 0.000000 1.000000
96693 0.000000 0.000000 0.000000 1.000000
96694 0.000000 0.000000 0.000000 1.000000
96700 0.000000 0.000000 0.000000 1.000000
96701 0.000000 0.000000 0.000000 1.000000
96702 0.000000 0.000000 0.000000 1.000000
96703 0.000000 0.000000 0.000000 1.000000
96704 0.000000 0.000000 0.000000 1.000000
96705 0.000000 0.000000 0.000000 1.000000
96706 0.000000 0.000000 0.000000 1.000000
96707 0.000000 0.000000 0.000000 1.000000
96708 0.000000 0.000000 0.000000 1.000000
96713 0.000000 0.000000 0.000000 1.000000
96714 0.000000 0.000000 0.000000 1.000000
96715 0.000000 0.000000 0.000000 1.000000
96716 0.000000 0.000000 0.000000 1.000000
96717 0.000000 0.000000 0.000000 1.000000
96718 0.000000 0.000000 0.000000 1.000000
96719 0.000000 0.000000 0.000000 1.000000
96723 0.000000 0.000000 0.000000 1.000000
96724 0.000000 0.000000 0.000000 1.000000
96725 0.000000 0.000000 0.000000 1.000000
96726 0.000000 0.000000 0.000000 1.000000
96727 0.000000 0.000000 0.000000 1.000000
96728 0.000000 0.000000 0.000000 1.000000
96729 0.000000 0.000000 0.000000 1.000000
96733 0.000000 0.000000 0.000000 1.000000
96734 0.000000 0.000000 0.000000 1.000000
96735 0.000000 0.000000 0.000000 1.000000
96736 0.000000 0.000000 0.000000 1.000000
96737 0.000000 0.000000 0.000000 1.000000
96738 0.000000 0.000000 0.000000 1.000000
96741 0.000000 0.000000 0.000000 1.000000
96742 0.000000 0.000000 0.000000 1.000000
96743 0.000000 0.000000 0.000000 1.000000
96744 0.000000 0.000000 0.000000 1.000000
96745 0.000000 0.000000 0.000000 1.000000
96746 0.000000 0.000000 0.000000 1.000000
96749 0.000000 0.000000 0.000000 1.000000
96750 0.000000 0.000000 0.000000 1.000000
96751 0.000000 0.000000 0.000000 1.000000
96752 0.000000 0.000000 0.000000 1.000000
96753 0.000000 0.000000 0.000000 1.000000
96754 0.000000 0.000000 0.000000 1.000000
96755 0.000000 0.000000 0.000000 1.000000
96759 0.000000 0.000000 0.000000 1.000000
96760 0.000000 0.000000 0.000000 1.000000
96761 0.000000 0.000000 0.000000 1.000000
96762 0.000000 0.000000 0.000000 1.000000
96763 0.000000 0.000000 0.000000 1.000000
96764 0.000000 0.000000 0.000000 1.000000
96765 0.000000 0.000000 0.000000 1.000000
96769 0.000000 0.000000 0.000000 1.000000
96770 0.000000 0.000000 0.000000 1.000000
96771 0.000000 0.000000 0.000000 1.000000
96772 0.000000 0.000000 0.000000 1.000000
96773 0.000000 0.000000 0.000000 1.000000
96774 0.000000 0.000000 0.000000 1.000000
96775 0.000000 0.000000 0.000000 1.000000
96776 0.000000 0.000000 0.000000 1.000000
96780 0.000000 0.000000 0.000000 1.000000
96781 0.000000 0.000000 0.000000 1.000000
96782 0.000000 0.000000 0.000000 1.000000
96783 0.000000 0.000000 0.000000 1.000000
96784 0.000000 0.000000 0.000000 1.000000
96788 0.000000 0.000000 0.000000 1.000000
96789 0.000000 0.000000 0.000000 1.000000
96790 0.000000 0.000000 0.000000 1.000000
96791 0.000000 0.000000 0.000000 1.000000
96792 0.000000 0.000000 0.000000 1.000000
96795 0.000000 0.000000 0.000000 1.000000
96796 0.000000 0.000000 0.000000 1.000000
96797 0.000000 0.000000 0.000000 1.000000
96798 0.000000 0.000000 0.000000 1.000000
96799 0.000000 0.000000 0.000000 1.000000
96800 0.000000 0.000000 0.000000 1.000000
97751 0.000000 0.000000 0.000000 1.000000
97763 0.000000 0.000000 0.000000 1.000000
97764 0.000000 0.000000 0.000000 1.000000
97765 0.000000 0.000000 0.000000 1.000000
97766 0.000000 0.000000 0.000000 1.000000
97770 0.000000 0.000000 0.000000 1.000000
97771 0.000000 0.000000 0.000000 1.000000
97772 0.000000 0.000000 0.000000 1.000000
97780 0.000000 0.000000 0.000000 1.000000
97781 0.000000 0.000000 0.000000 1.000000
97782 0.000000 0.000000 0.000000 1.000000
97783 0.000000 0.000000 0.000000 1.000000
97784 0.000000 0.000000 0.000000 1.000000
97785 0.000000 0.000000 0.000000 1.000000
97788 0.000000 0.000000 0.000000 1.000000
97789 0.000000 0.000000 0.000000 1.000000
97792 0.000000 0.000000 0.000000 1.000000
97793 0.000000 0.000000 0.000000 1.000000
97794 0.000000 0.000000 0.000000 1.000000
97795 0.000000 0.000000 0.000000 1.000000
97796 0.000000 0.000000 0.000000 1.000000
97797 0.000000 0.000000 0.000000 1.000000
97798 0.000000 0.000000 0.000000 1.000000
97799 0.000000 0.000000 0.000000 1.000000
97803 0.000000 0.000000 0.000000 1.000000
97804 0.000000 0.000000 0.000000 1.000000
97805 0.000000 0.000000 0.000000 1.000000
97806 0.000000 0.000000 0.000000 1.000000
97807 0.000000 0.000000 0.000000 1.000000
97808 0.000000 0.000000 0.000000 1.000000
97809 0.000000 0.000000 0.000000 1.000000
97812 0.000000 0.000000 0.000000 1.000000
97813 0.000000 0.000000 0.000000 1.000000
97814 0.000000 0.000000 0.000000 1.000000
97815 0.000000 0.000000 0.000000 1.000000
97816 0.000000 0.000000 0.000000 1.000000
97817 0.000000 0.000000 0.000000 1.000000
97820 0.000000 0.000000 0.000000 1.000000
97821 0.000000 0.000000 0.000000 1.000000
97822 0.000000 0.000000 0.000000 1.000000
97823 0.000000 0.000000 0.000000 1.000000
97824 0.000000 0.000000 0.000000 1.000000
97825 0.000000 0.000000 0.000000 1.000000
97828 0.000000 0.000000 0.000000 1.000000
97829 0.000000 0.000000 0.000000 1.000000
97830 0.000000 0.000000 0.000000 1.000000
97831 0.000000 0.000000 0.000000 1.000000
97832 0.000000 0.000000 0.000000 1.000000
97833 0.000000 0.000000 0.000000 1.000000
97837 0.000000 0.000000 0.000000 1.000000
97838 0.000000 0.000000 0.000000 1.000000
97839 0.000000 0.000000 0.000000 1.000000
97840 0.000000 0.000000 0.000000 1.000000
97841 0.000000 0.000000 0.000000 1.000000
97842 0.000000 0.000000 0.000000 1.000000
97843 0.000000 0.000000 0.000000 1.000000
97844 0.000000 0.000000 0.000000 1.000000
97845 0.000000 0.000000 0.000000 1.000000
97846 0.000000 0.000000 0.000000 1.000000
97850 0.000000 0.000000 0.000000 1.000000
97851 0.000000 0.000000 0.000000 1.000000
97852 0.000000 0.000000 0.000000 1.000000
97853 0.000000 0.000000 0.000000 1.000000
97854 0.000000 0.000000 0.000000 1.000000
97855 0.000000 0.000000 0.000000 1.000000
97856 0.000000 0.000000 0.000000 1.000000
97857 0.000000 0.000000 0.000000 1.000000
97858 0.000000 0.000000 0.000000 1.000000
97863 0.000000 0.000000 0.000000 1.000000
97864 0.000000 0.000000 0.000000 1.000000
97865 0.000000 0.000000 0.000000 1.000000
97866 0.000000 0.000000 0.000000 1.000000
97867 0.000000 0.000000 0.000000 1.000000
97868 0.000000 0.000000 0.000000 1.000000
97869 0.000000 0.000000 0.000000 1.000000
97870 0.000000 0.000000 0.000000 1.000000
97871 0.000000 0.000000 0.000000 1.000000
97875 0.000000 0.000000 0.000000 1.000000
97876 0.000000 0.000000 0.000000 1.000000
97877 0.000000 0.000000 0.000000 1.000000
97878 0.000000 0.000000 0.000000 1.000000
97879 0.000000 0.000000 0.000000 1.000000
97880 0.000000 0.000000 0.000000 1.000000
97885 0.000000 0.000000 0.000000 1.000000
97886 0.000000 0.000000 0.000000 1.000000
97887 0.000000 0.000000 0.000000 1.000000
98849 0.000000 0.000000 0.000000 1.000000
98850 0.000000 0.000000 0.000000 1.000000
98859 0.000000 0.000000 0.000000 1.000000
98860 0.000000 0.000000 0.000000 1.000000
98861 0.000000 0.000000 0.000000 1.000000
98869 0.000000 0.000000 0.000000 1.000000
98870 0.000000 0.000000 0.000000 1.000000
98871 0.000000 0.000000 0.000000 1.000000
98875 0.000000 0.000000 0.000000 1.000000
98876 0.000000 0.000000 0.000000 1.000000
98877 0.000000 0.000000 0.000000 1.000000
98878 0.000000 0.000000 0.000000 1.000000
98879 0.000000 0.000000 0.000000 1.000000
98880 0.000000 0.000000 0.000000 1.000000
98888 0.000000 0.000000 0.000000 1.000000
98889 0.000000 0.000000 0.000000 1.000000
98890 0.000000 0.000000 0.000000 1.000000
98894 0.000000 0.000000 0.000000 1.000000
98895 0.000000 0.000000 0.000000 1.000000
98896 0.000000 0.000000 0.000000 1.000000
98897 0.000000 0.000000 0.000000 1.000000
98898 0.000000 0.000000 0.000000 1.000000
98899 0.000000 0.000000 0.000000 1.000000
98900 0.000000 0.000000 0.000000 1.000000
98903 0.000000 0.000000 0.000000 1.000000
98904 0.000000 0.000000 0.000000 1.000000
98907 0.000000 0.000000 0.000000 1.000000
98908 0.000000 0.000000 0.000000 1.000000
98909 0.000000 0.000000 0.000000 1.000000
98910 0.000000 0.000000 0.000000 1.000000
98911 0.000000 0.000000 0.000000 1.000000
98912 0.000000 0.000000 0.000000 1.000000
98913 0.000000 0.000000 0.000000 1.000000
98914 0.000000 0.000000 0.000000 1.000000
98917 0.000000 0.000000 0.000000 1.000000
98918 0.000000 0.000000 0.000000 1.000000
98919 0.000000 0.000000 0.000000 1.000000
98920 0.000000 0.000000 0.000000 1.000000
98921 0.000000 0.000000 0.000000 1.000000
98922 0.000000 0.000000 0.000000 1.000000
98925 0.000000 0.000000 0.000000 1.000000
98926 0.000000 0.000000 0.000000 1.000000
98927 0.000000 0.000000 0.000000 1.000000
98928 0.000000 0.000000 0.000000 1.000000
98929 0.000000 0.000000 0.000000 1.000000
98934 0.000000 0.000000 0.000000 1.000000
98935 0.000000 0.000000 0.000000 1.000000
98936 0.000000 0.000000 0.000000 1.000000
98937 0.000000 0.000000 0.000000 1.000000
98938 0.000000 0.000000 0.000000 1.000000
98943 0.000000 0.000000 0.000000 1.000000
98944 0.000000 0.000000 0.000000 1.000000
98945 0.000000 0.000000 0.000000 1.000000
98946 0.000000 0.000000 0.000000 1.000000
98947 0.000000 0.000000 0.000000 1.000000
98951 0.000000 0.000000 0.000000 1.000000
98952 0.000000 0.000000 0.000000 1.000000
98953 0.000000 0.000000 0.000000 1.000000
98954 0.000000 0.000000 0.000000 1.000000
98955 0.000000 0.000000 0.000000 1.000000
98956 0.000000 0.000000 0.000000 1.000000
98957 0.000000 0.000000 0.000000 1.000000
98958 0.000000 0.000000 0.000000 1.000000
98959 0.000000 0.000000 0.000000 1.000000
98963 0.000000 0.000000 0.000000 1.000000
98964 0.000000 0.000000 0.000000 1.000000
98965 0.000000 0.000000 0.000000 1.000000
98966 0.000000 0.000000 0.000000 1.000000
98967 0.000000 0.000000 0.000000 1.000000
98968 0.000000 0.000000 0.000000 1.000000
98969 0.000000 0.000000 0.000000 1.000000
98970 0.000000 0.000000 0.000000 1.000000
98971 0.000000 0.000000 0.000000 1.000000
98972 0.000000 0.000000 0.000000 1.000000
98976 0.000000 0.000000 0.000000 1.000000
98977 0.000000 0.000000 0.000000 1.000000
98978 0.000000 0.000000 0.000000 1.000000
98979 0.000000 0.000000 0.000000 1.000000
98980 0.000000 0.000000 0.000000 1.000000
98981 0.000000 0.000000 0.000000 1.000000
99919 0.000000 0.000000 0.000000 1.000000
99930 0.000000 0.000000 0.000000 1.000000
99937 0.000000 0.000000 0.000000 1.000000
99938 0.000000 0.000000 0.000000 1.000000
99949 0.000000 0.000000 0.000000 1.000000
99950 0.000000 0.000000 0.000000 1.000000
99951 0.000000 0.000000 0.000000 1.000000
99952 0.000000 0.000000 0.000000 1.000000
99953 0.000000 0.000000 0.000000 1.000000
99957 0.000000 0.000000 0.000000 1.000000
99958 0.000000 0.000000 0.000000 1.000000
99959 0.000000 0.000000 0.000000 1.000000
99969 0.000000 0.000000 0.000000 1.000000
99970 0.000000 0.000000 0.000000 1.000000
99971 0.000000 0.000000 0.000000 1.000000
99972 0.000000 0.000000 0.000000 1.000000
99976 0.000000 0.000000 0.000000 1.000000
99977 0.000000 0.000000 0.000000 1.000000
99978 0.000000 0.000000 0.000000 1.000000
99979 0.000000 0.000000 0.000000 1.000000
99980 0.000000 0.000000 0.000000 1.000000
99988 0.000000 0.000000 0.000000 1.000000
99989 0.000000 0.000000 0.000000 1.000000
99990 0.000000 0.000000 0.000000 1.000000
99991 0.000000 0.000000 0.000000 1.000000
99995 0.000000 0.000000 0.000000 1.000000
99996 0.000000 0.000000 0.000000 1.000000
99997 0.000000 0.000000 0.000000 1.000000
99998 0.000000 0.000000 0.000000 1.000000
99999 0.000000 0.000000 0.000000 1.000000
100005 0.000000 0.000000 0.000000 1.000000
100006 0.000000 0.000000 0.000000 1.000000
100007 0.000000 0.000000 0.000000 1.000000
100008 0.000000 0.000000 0.000000 1.000000
100009 0.000000 0.000000 0.000000 1.000000
100012 0.000000 0.000000 0.000000 1.000000
100013 0.000000 0.000000 0.000000 1.000000
100014 0.000000 0.000000 0.000000 1.000000
100015 0.000000 0.000000 0.000000 1.000000
100016 0.000000 0.000000 0.000000 1.000000
100017 0.000000 0.000000 0.000000 1.000000
100018 0.000000 0.000000 0.000000 1.000000
100019 0.000000 0.000000 0.000000 1.000000
100020 0.000000 0.000000 0.000000 1.000000
100021 0.000000 0.000000 0.000000 1.000000
100026 0.000000 0.000000 0.000000 1.000000
100027 0.000000 0.000000 0.000000 1.000000
100028 0.000000 0.000000 0.000000 1.000000
100029 0.000000 0.000000 0.000000 1.000000
100030 0.000000 0.000000 0.000000 1.000000
100031 0.000000 0.000000 0.000000 1.000000
100035 0.000000 0.000000 0.000000 1.000000
100036 0.000000 0.000000 0.000000 1.000000
100037 0.000000 0.000000 0.000000 1.000000
100038 0.000000 0.000000 0.000000 1.000000
100039 0.000000 0.000000 0.000000 1.000000
100040 0.000000 0.000000 0.000000 1.000000
100042 0.000000 0.000000 0.000000 1.000000
100043 0.000000 0.000000 0.000000 1.000000
100044 0.000000 0.000000 0.000000 1.000000
100045 0.000000 0.000000 0.000000 1.000000
100046 0.000000 0.000000 0.000000 1.000000
100049 0.000000 0.000000 0.000000 1.000000
100050 0.000000 0.000000 0.000000 1.000000
100051 0.000000 0.000000 0.000000 1.000000
100052 0.000000 0.000000 0.000000 1.000000
100053 0.000000 0.000000 0.000000 1.000000
100054 0.000000 0.000000 0.000000 1.000000
100055 0.000000 0.000000 0.000000 1.000000
100056 0.000000 0.000000 0.000000 1.000000
100057 0.000000 0.000000 0.000000 1.000000
100058 0.000000 0.000000 0.000000 1.000000
100059 0.000000 0.000000 0.000000 1.000000
100061 0.000000 0.000000 0.000000 1.000000
100062 0.000000 0.000000 0.000000 1.000000
100063 0.000000 0.000000 0.000000 1.000000
100064 0.000000 0.000000 0.000000 1.000000
100065 0.000000 0.000000 0.000000 1.000000
100066 0.000000 0.000000 0.000000 1.000000
100067 0.000000 0.000000 0.000000 1.000000
100068 0.000000 0.000000 0.000000 1.000000
100069 0.000000 0.000000 0.000000 1.000000
100070 0.000000 0.000000 0.000000 1.000000
100071 0.000000 0.000000 0.000000 1.000000
100072 0.000000 0.000000 0.000000 1.000000
100077 0.000000 0.000000 0.000000 1.000000
100078 0.000000 0.000000 0.000000 1.000000
100079 0.000000 0.000000 0.000000 1.000000
100080 0.000000 0.000000 0.000000 1.000000
100081 0.000000 0.000000 0.000000 1.000000
100082 0.000000 0.000000 0.000000 1.000000
100083 0.000000 0.000000 0.000000 1.000000
100084 0.000000 0.000000 0.000000 1.000000
100085 0.000000 0.000000 0.000000 1.000000
100968 0.000000 0.000000 0.000000 1.000000
100969 0.000000 0.000000 0.000000 1.000000
100981 0.000000 0.000000 0.000000 1.000000
100982 0.000000 0.000000 0.000000 1.000000
100983 0.000000 0.000000 0.000000 1.000000
100984 0.000000 0.000000 0.000000 1.000000
100989 0.000000 0.000000 0.000000 1.000000
100990 0.000000 0.000000 0.000000 1.000000
100994 0.000000 0.000000 0.000000 1.000000
100995 0.000000 0.000000 0.000000 1.000000
100996 0.000000 0.000000 0.000000 1.000000
100997 0.000000 0.000000 0.000000 1.000000
100998 0.000000 0.000000 0.000000 1.000000
100999 0.000000 0.000000 0.000000 1.000000
101003 0.000000 0.000000 0.000000 1.000000
101004 0.000000 0.000000 0.000000 1.000000
101010 0.000000 0.000000 0.000000 1.000000
101011 0.000000 0.000000 0.000000 1.000000
101012 0.000000 0.000000 0.000000 1.000000
101013 0.000000 0.000000 0.000000 1.000000
101014 0.000000 0.000000 0.000000 1.000000
101015 0.000000 0.000000 0.000000 1.000000
101016 0.000000 0.000000 0.000000 1.000000
101020 0.000000 0.000000 0.000000 1.000000
101029 0.000000 0.000000 0.000000 1.000000
101030 0.000000 0.000000 0.000000 1.000000
101031 0.000000 0.000000 0.000000 1.000000
101032 0.000000 0.000000 0.000000 1.000000
101033 0.000000 0.000000 0.000000 1.000000
101034 0.000000 0.000000 0.000000 1.000000
101035 0.000000 0.000000 0.000000 1.000000
101036 0.000000 0.000000 0.000000 1.000000
101042 0.000000 0.000000 0.000000 1.000000
101049 0.000000 0.000000 0.000000 1.000000
101050 0.000000 0.000000 0.000000 1.000000
101051 0.000000 0.000000 0.000000 1.000000
101052 0.000000 0.000000 0.000000 1.000000
101053 0.000000 0.000000 0.000000 1.000000
101054 0.000000 0.000000 0.000000 1.000000
101055 0.000000 0.000000 0.000000 1.000000
101061 0.000000 0.000000 0.000000 1.000000
101062 0.000000 0.000000 0.000000 1.000000
101068 0.000000 0.000000 0.000000 1.000000
101069 0.000000 0.000000 0.000000 1.000000
101070 0.000000 0.000000 0.000000 1.000000
101071 0.000000 0.000000 0.000000 1.000000
101072 0.000000 0.000000 0.000000 1.000000
101078 0.000000 0.000000 0.000000 1.000000
101079 0.000000 0.000000 0.000000 1.000000
101080 0.000000 0.000000 0.000000 1.000000
101083 0.000000 0.000000 0.000000 1.000000
101084 0.000000 0.000000 0.000000 1.000000
101085 0.000000 0.000000 0.000000 1.000000
101090 0.000000 0.000000 0.000000 1.000000
101091 0.000000 0.000000 0.000000 1.000000
101092 0.000000 0.000000 0.000000 1.000000
101093 0.000000 0.000000 0.000000 1.000000
101094 0.000000 0.000000 0.000000 1.000000
101095 0.000000 0.000000 0.000000 1.000000
101098 0.000000 0.000000 0.000000 1.000000
101099 0.000000 0.000000 0.000000 1.000000
101100 0.000000 0.000000 0.000000 1.000000
101101 0.000000 0.000000 0.000000 1.000000
101102 0.000000 0.000000 0.000000 1.000000
101103 0.000000 0.000000 0.000000 1.000000
101107 0.000000 0.000000 0.000000 1.000000
101108 0.000000 0.000000 0.000000 1.000000
101109 0.000000 0.000000 0.000000 1.000000
101110 0.000000 0.000000 0.000000 1.000000
101111 0.000000 0.000000 0.000000 1.000000
101112 0.000000 0.000000 0.000000 1.000000
101113 0.000000 0.000000 0.000000 1.000000
101114 0.000000 0.000000 0.000000 1.000000
101115 0.000000 0.000000 0.000000 1.000000
101117 0.000000 0.000000 0.000000 1.000000
101118 0.000000 0.000000 0.000000 1.000000
101119 0.000000 0.000000 0.000000 1.000000
101120 0.000000 0.000000 0.000000 1.000000
101121 0.000000 0.000000 0.000000 1.000000
101122 0.000000 0.000000 0.000000 1.000000
101123 0.000000 0.000000 0.000000 1.000000
101124 0.000000 0.000000 0.000000 1.000000
101125 0.000000 0.000000 0.000000 1.000000
101126 0.000000 0.000000 0.000000 1.000000
101127 0.000000 0.000000 0.000000 1.000000
101128 0.000000 0.000000 0.000000 1.000000
101129 0.000000 0.000000 0.000000 1.000000
101134 0.000000 0.000000 0.000000 1.000000
101135 0.000000 0.000000 0.000000 1.000000
101136 0.000000 0.000000 0.000000 1.000000
101137 0.000000 0.000000 0.000000 1.000000
101138 0.000000 0.000000 0.000000 1.000000
101139 0.000000 0.000000 0.000000 1.000000
101140 0.000000 0.000000 0.000000 1.000000
101145 0.000000 0.000000 0.000000 1.000000
101146 0.000000 0.000000 0.000000 1.000000
101147 0.000000 0.000000 0.000000 1.000000
101148 0.000000 0.000000 0.000000 1.000000
101936 0.000000 0.000000 0.000000 1.000000
101937 0.000000 0.000000 0.000000 1.000000
101945 0.000000 0.000000 0.000000 1.000000
101946 0.000000 0.000000 0.000000 1.000000
101947 0.000000 0.000000 0.000000 1.000000
101954 0.000000 0.000000 0.000000 1.000000
101955 0.000000 0.000000 0.000000 1.000000
101956 0.000000 0.000000 0.000000 1.000000
101965 0.000000 0.000000 0.000000 1.000000
101966 0.000000 0.000000 0.000000 1.000000
101967 0.000000 0.000000 0.000000 1.000000
101968 0.000000 0.000000 0.000000 1.000000
101969 0.000000 0.000000 0.000000 1.000000
101980 0.000000 0.000000 0.000000 1.000000
101981 0.000000 0.000000 0.000000 1.000000
101982 0.000000 0.000000 0.000000 1.000000
101983 0.000000 0.000000 0.000000 1.000000
101984 0.000000 0.000000 0.000000 1.000000
101992 0.000000 0.000000 0.000000 1.000000
101995 0.000000 0.000000 0.000000 1.000000
101996 0.000000 0.000000 0.000000 1.000000
101997 0.000000 0.000000 0.000000 1.000000
101998 0.000000 0.000000 0.000000 1.000000
102003 0.000000 0.000000 0.000000 1.000000
102004 0.000000 0.000000 0.000000 1.000000
102005 0.000000 0.000000 0.000000 1.000000
102006 0.000000 0.000000 0.000000 1.000000
102007 0.000000 0.000000 0.000000 1.000000
102008 0.000000 0.000000 0.000000 1.000000
102009 0.000000 0.000000 0.000000 1.000000
102010 0.000000 0.000000 0.000000 1.000000
102011 0.000000 0.000000 0.000000 1.000000
102016 0.000000 0.000000 0.000000 1.000000
102017 0.000000 0.000000 0.000000 1.000000
102018 0.000000 0.000000 0.000000 1.000000
102019 0.000000 0.000000 0.000000 1.000000
102020 0.000000 0.000000 0.000000 1.000000
102021 0.000000 0.000000 0.000000 1.000000
102022 0.000000 0.000000 0.000000 1.000000
102023 0.000000 0.000000 0.000000 1.000000
102024 0.000000 0.000000 0.000000 1.000000
102031 0.000000 0.000000 0.000000 1.000000
102032 0.000000 0.000000 0.000000 1.000000
102033 0.000000 0.000000 0.000000 1.000000
102039 0.000000 0.000000 0.000000 1.000000
102040 0.000000 0.000000 0.000000 1.000000
102041 0.000000 0.000000 0.000000 1.000000
102042 0.000000 0.000000 0.000000 1.000000
102043 0.000000 0.000000 0.000000 1.000000
102044 0.000000 0.000000 0.000000 1.000000
102045 0.000000 0.000000 0.000000 1.000000
102049 0.000000 0.000000 0.000000 1.000000
102050 0.000000 0.000000 0.000000 1.000000
102051 0.000000 0.000000 0.000000 1.000000
102052 0.000000 0.000000 0.000000 1.000000
102053 0.000000 0.000000 0.000000 1.000000
102054 0.000000 0.000000 0.000000 1.000000
102055 0.000000 0.000000 0.000000 1.000000
102061 0.000000 0.000000 0.000000 1.000000
102062 0.000000 0.000000 0.000000 1.000000
102063 0.000000 0.000000 0.000000 1.000000
102064 0.000000 0.000000 0.000000 1.000000
102065 0.000000 0.000000 0.000000 1.000000
102071 0.000000 0.000000 0.000000 1.000000
102072 0.000000 0.000000 0.000000 1.000000
102073 0.000000 0.000000 0.000000 1.000000
102074 0.000000 0.000000 0.000000 1.000000
102817 0.000000 0.000000 0.000000 1.000000
102818 0.000000 0.000000 0.000000 1.000000
102824 0.000000 0.000000 0.000000 1.000000
102825 0.000000 0.000000 0.000000 1.000000
102832 0.000000 0.000000 0.000000 1.000000
102833 0.000000 0.000000 0.000000 1.000000
102834 0.000000 0.000000 0.000000 1.000000
102835 0.000000 0.000000 0.000000 1.000000
102843 0.000000 0.000000 0.000000 1.000000
102844 0.000000 0.000000 0.000000 1.000000
102845 0.000000 0.000000 0.000000 1.000000
102846 0.000000 0.000000 0.000000 1.000000
102855 0.000000 0.000000 0.000000 1.000000
102856 0.000000 0.000000 0.000000 1.000000
102857 0.000000 0.000000 0.000000 1.000000
102858 0.000000 0.000000 0.000000 1.000000
102867 0.000000 0.000000 0.000000 1.000000
102868 0.000000 0.000000 0.000000 1.000000
102869 0.000000 0.000000 0.000000 1.000000
102870 0.000000 0.000000 0.000000 1.000000
102871 0.000000 0.000000 0.000000 1.000000
102880 0.000000 0.000000 0.000000 1.000000
102881 0.000000 0.000000 0.000000 1.000000
102882 0.000000 0.000000 0.000000 1.000000
102883 0.000000 0.000000 0.000000 1.000000
102884 0.000000 0.000000 0.000000 1.000000
102885 0.000000 0.000000 0.000000 1.000000
102886 0.000000 0.000000 0.000000 1.000000
102887 0.000000 0.000000 0.000000 1.000000
102898 0.000000 0.000000 0.000000 1.000000
102899 0.000000 0.000000 0.000000 1.000000
102900 0.000000 0.000000 0.000000 1.000000
102901 0.000000 0.000000 0.000000 1.000000
102902 0.000000 0.000000 0.000000 1.000000
102903 0.000000 0.000000 0.000000 1.000000
102904 0.000000 0.000000 0.000000 1.000000
102913 0.000000 0.000000 0.000000 1.000000
102914 0.000000 0.000000 0.000000 1.000000
102915 0.000000 0.000000 0.000000 1.000000
102916 0.000000 0.000000 0.000000 1.000000
102917 0.000000 0.000000 0.000000 1.000000
102918 0.000000 0.000000 0.000000 1.000000
102919 0.000000 0.000000 0.000000 1.000000
102929 0.000000 0.000000 0.000000 1.000000
102930 0.000000 0.000000 0.000000 1.000000
102931 0.000000 0.000000 0.000000 1.000000
102932 0.000000 0.000000 0.000000 1.000000
102933 0.000000 0.000000 0.000000 1.000000
102940 0.000000 0.000000 0.000000 1.000000
102941 0.000000 0.000000 0.000000 1.000000
102942 0.000000 0.000000 0.000000 1.000000
102950 0.000000 0.000000 0.000000 1.000000
102951 0.000000 0.000000 0.000000 1.000000
102952 0.000000 0.000000 0.000000 1.000000
103669 0.000000 0.000000 0.000000 1.000000
103670 0.000000 0.000000 0.000000 1.000000
103680 0.000000 0.000000 0.000000 1.000000
103681 0.000000 0.000000 0.000000 1.000000
103682 0.000000 0.000000 0.000000 1.000000
103683 0.000000 0.000000 0.000000 1.000000
103692 0.000000 0.000000 0.000000 1.000000
103693 0.000000 0.000000 0.000000 1.000000
103694 0.000000 0.000000 0.000000 1.000000
103695 0.000000 0.000000 0.000000 1.000000
103696 0.000000 0.000000 0.000000 1.000000
103697 0.000000 0.000000 0.000000 1.000000
103705 0.000000 0.000000 0.000000 1.000000
103706 0.000000 0.000000 0.000000 1.000000
103707 0.000000 0.000000 0.000000 1.000000
103708 0.000000 0.000000 0.000000 1.000000
103709 0.000000 0.000000 0.000000 1.000000
103710 0.000000 0.000000 0.000000 1.000000
103718 0.000000 0.000000 0.000000 1.000000
103719 0.000000 0.000000 0.000000 1.000000
103720 0.000000 0.000000 0.000000 1.000000
103721 0.000000 0.000000 0.000000 1.000000
103730 0.000000 0.000000 0.000000 1.000000
103731 0.000000 0.000000 0.000000 1.000000
103732 0.000000 0.000000 0.000000 1.000000
