#
977
49200 0.000000 0.000000 0.000000 1.000000
49201 0.000000 0.000000 0.000000 1.000000
49215 0.000000 0.000000 0.000000 1.000000
49216 0.000000 0.000000 0.000000 1.000000
49217 0.000000 0.000000 0.000000 1.000000
49218 0.000000 0.000000 0.000000 1.000000
49238 0.000000 0.000000 0.000000 1.000000
49239 0.000000 0.000000 0.000000 1.000000
49240 0.000000 0.000000 0.000000 1.000000
50367 0.000000 0.000000 0.000000 1.000000
50384 0.000000 0.000000 0.000000 1.000000
50385 0.000000 0.000000 0.000000 1.000000
50386 0.000000 0.000000 0.000000 1.000000
50387 0.000000 0.000000 0.000000 1.000000
50388 0.000000 0.000000 0.000000 1.000000
50406 0.000000 0.000000 0.000000 1.000000
50407 0.000000 0.000000 0.000000 1.000000
50408 0.000000 0.000000 0.000000 1.000000
50409 0.000000 0.000000 0.000000 1.000000
50410 0.000000 0.000000 0.000000 1.000000
50411 0.000000 0.000000 0.000000 1.000000
50428 0.000000 0.000000 0.000000 1.000000
50429 0.000000 0.000000 0.000000 1.000000
50430 0.000000 0.000000 0.000000 1.000000
51646 0.000000 0.000000 0.000000 1.000000
51647 0.000000 0.000000 0.000000 1.000000
51648 0.000000 0.000000 0.000000 1.000000
51649 0.000000 0.000000 0.000000 1.000000
51650 0.000000 0.000000 0.000000 1.000000
51651 0.000000 0.000000 0.000000 1.000000
51659 0.000000 0.000000 0.000000 1.000000
51660 0.000000 0.000000 0.000000 1.000000
51661 0.000000 0.000000 0.000000 1.000000
51662 0.000000 0.000000 0.000000 1.000000
51663 0.000000 0.000000 0.000000 1.000000
51664 0.000000 0.000000 0.000000 1.000000
51665 0.000000 0.000000 0.000000 1.000000
51674 0.000000 0.000000 0.000000 1.000000
51675 0.000000 0.000000 0.000000 1.000000
51676 0.000000 0.000000 0.000000 1.000000
51677 0.000000 0.000000 0.000000 1.000000
51678 0.000000 0.000000 0.000000 1.000000
51679 0.000000 0.000000 0.000000 1.000000
51722 0.000000 0.000000 0.000000 1.000000
51734 0.000000 0.000000 0.000000 1.000000
52803 0.000000 0.000000 0.000000 1.000000
52804 0.000000 0.000000 0.000000 1.000000
52805 0.000000 0.000000 0.000000 1.000000
52806 0.000000 0.000000 0.000000 1.000000
52817 0.000000 0.000000 0.000000 1.000000
52818 0.000000 0.000000 0.000000 1.000000
52819 0.000000 0.000000 0.000000 1.000000
52820 0.000000 0.000000 0.000000 1.000000
52821 0.000000 0.000000 0.000000 1.000000
52830 0.000000 0.000000 0.000000 1.000000
52831 0.000000 0.000000 0.000000 1.000000
52832 0.000000 0.000000 0.000000 1.000000
52833 0.000000 0.000000 0.000000 1.000000
52834 0.000000 0.000000 0.000000 1.000000
52835 0.000000 0.000000 0.000000 1.000000
52836 0.000000 0.000000 0.000000 1.000000
52837 0.000000 0.000000 0.000000 1.000000
52845 0.000000 0.000000 0.000000 1.000000
52846 0.000000 0.000000 0.000000 1.000000
52847 0.000000 0.000000 0.000000 1.000000
52848 0.000000 0.000000 0.000000 1.000000
52849 0.000000 0.000000 0.000000 1.000000
52856 0.000000 0.000000 0.000000 1.000000
52866 0.000000 0.000000 0.000000 1.000000
52867 0.000000 0.000000 0.000000 1.000000
52877 0.000000 0.000000 0.000000 1.000000
52878 0.000000 0.000000 0.000000 1.000000
52888 0.000000 0.000000 0.000000 1.000000
52889 0.000000 0.000000 0.000000 1.000000
53925 0.000000 0.000000 0.000000 1.000000
53926 0.000000 0.000000 0.000000 1.000000
53927 0.000000 0.000000 0.000000 1.000000
53935 0.000000 0.000000 0.000000 1.000000
53936 0.000000 0.000000 0.000000 1.000000
53937 0.000000 0.000000 0.000000 1.000000
53938 0.000000 0.000000 0.000000 1.000000
53947 0.000000 0.000000 0.000000 1.000000
53948 0.000000 0.000000 0.000000 1.000000
53949 0.000000 0.000000 0.000000 1.000000
53950 0.000000 0.000000 0.000000 1.000000
53951 0.000000 0.000000 0.000000 1.000000
53952 0.000000 0.000000 0.000000 1.000000
53953 0.000000 0.000000 0.000000 1.000000
53961 0.000000 0.000000 0.000000 1.000000
53962 0.000000 0.000000 0.000000 1.000000
53963 0.000000 0.000000 0.000000 1.000000
53964 0.000000 0.000000 0.000000 1.000000
53965 0.000000 0.000000 0.000000 1.000000
53966 0.000000 0.000000 0.000000 1.000000
53967 0.000000 0.000000 0.000000 1.000000
53968 0.000000 0.000000 0.000000 1.000000
53969 0.000000 0.000000 0.000000 1.000000
53976 0.000000 0.000000 0.000000 1.000000
53977 0.000000 0.000000 0.000000 1.000000
53978 0.000000 0.000000 0.000000 1.000000
53979 0.000000 0.000000 0.000000 1.000000
53980 0.000000 0.000000 0.000000 1.000000
53981 0.000000 0.000000 0.000000 1.000000
53991 0.000000 0.000000 0.000000 1.000000
53992 0.000000 0.000000 0.000000 1.000000
54000 0.000000 0.000000 0.000000 1.000000
54007 0.000000 0.000000 0.000000 1.000000
54014 0.000000 0.000000 0.000000 1.000000
54019 0.000000 0.000000 0.000000 1.000000
55001 0.000000 0.000000 0.000000 1.000000
55002 0.000000 0.000000 0.000000 1.000000
55003 0.000000 0.000000 0.000000 1.000000
55010 0.000000 0.000000 0.000000 1.000000
55011 0.000000 0.000000 0.000000 1.000000
55012 0.000000 0.000000 0.000000 1.000000
55013 0.000000 0.000000 0.000000 1.000000
55021 0.000000 0.000000 0.000000 1.000000
55022 0.000000 0.000000 0.000000 1.000000
55023 0.000000 0.000000 0.000000 1.000000
55024 0.000000 0.000000 0.000000 1.000000
55025 0.000000 0.000000 0.000000 1.000000
55026 0.000000 0.000000 0.000000 1.000000
55035 0.000000 0.000000 0.000000 1.000000
55036 0.000000 0.000000 0.000000 1.000000
55037 0.000000 0.000000 0.000000 1.000000
55038 0.000000 0.000000 0.000000 1.000000
55039 0.000000 0.000000 0.000000 1.000000
55040 0.000000 0.000000 0.000000 1.000000
55041 0.000000 0.000000 0.000000 1.000000
55042 0.000000 0.000000 0.000000 1.000000
55053 0.000000 0.000000 0.000000 1.000000
55054 0.000000 0.000000 0.000000 1.000000
55055 0.000000 0.000000 0.000000 1.000000
55056 0.000000 0.000000 0.000000 1.000000
55057 0.000000 0.000000 0.000000 1.000000
55058 0.000000 0.000000 0.000000 1.000000
55059 0.000000 0.000000 0.000000 1.000000
55060 0.000000 0.000000 0.000000 1.000000
55074 0.000000 0.000000 0.000000 1.000000
55075 0.000000 0.000000 0.000000 1.000000
55088 0.000000 0.000000 0.000000 1.000000
55098 0.000000 0.000000 0.000000 1.000000
55104 0.000000 0.000000 0.000000 1.000000
55108 0.000000 0.000000 0.000000 1.000000
55109 0.000000 0.000000 0.000000 1.000000
56171 0.000000 0.000000 0.000000 1.000000
56172 0.000000 0.000000 0.000000 1.000000
56173 0.000000 0.000000 0.000000 1.000000
56174 0.000000 0.000000 0.000000 1.000000
56183 0.000000 0.000000 0.000000 1.000000
56184 0.000000 0.000000 0.000000 1.000000
56185 0.000000 0.000000 0.000000 1.000000
56186 0.000000 0.000000 0.000000 1.000000
56187 0.000000 0.000000 0.000000 1.000000
56194 0.000000 0.000000 0.000000 1.000000
56195 0.000000 0.000000 0.000000 1.000000
56196 0.000000 0.000000 0.000000 1.000000
56197 0.000000 0.000000 0.000000 1.000000
56198 0.000000 0.000000 0.000000 1.000000
56199 0.000000 0.000000 0.000000 1.000000
56208 0.000000 0.000000 0.000000 1.000000
56209 0.000000 0.000000 0.000000 1.000000
56210 0.000000 0.000000 0.000000 1.000000
56211 0.000000 0.000000 0.000000 1.000000
56212 0.000000 0.000000 0.000000 1.000000
56213 0.000000 0.000000 0.000000 1.000000
56214 0.000000 0.000000 0.000000 1.000000
56224 0.000000 0.000000 0.000000 1.000000
56225 0.000000 0.000000 0.000000 1.000000
56226 0.000000 0.000000 0.000000 1.000000
56227 0.000000 0.000000 0.000000 1.000000
56228 0.000000 0.000000 0.000000 1.000000
56229 0.000000 0.000000 0.000000 1.000000
56230 0.000000 0.000000 0.000000 1.000000
56231 0.000000 0.000000 0.000000 1.000000
56242 0.000000 0.000000 0.000000 1.000000
56243 0.000000 0.000000 0.000000 1.000000
56244 0.000000 0.000000 0.000000 1.000000
56245 0.000000 0.000000 0.000000 1.000000
56246 0.000000 0.000000 0.000000 1.000000
56247 0.000000 0.000000 0.000000 1.000000
56261 0.000000 0.000000 0.000000 1.000000
56274 0.000000 0.000000 0.000000 1.000000
56281 0.000000 0.000000 0.000000 1.000000
56282 0.000000 0.000000 0.000000 1.000000
56285 0.000000 0.000000 0.000000 1.000000
56286 0.000000 0.000000 0.000000 1.000000
56287 0.000000 0.000000 0.000000 1.000000
56289 0.000000 0.000000 0.000000 1.000000
56292 0.000000 0.000000 0.000000 1.000000
56294 0.000000 0.000000 0.000000 1.000000
56295 0.000000 0.000000 0.000000 1.000000
57399 0.000000 0.000000 0.000000 1.000000
57400 0.000000 0.000000 0.000000 1.000000
57401 0.000000 0.000000 0.000000 1.000000
57413 0.000000 0.000000 0.000000 1.000000
57414 0.000000 0.000000 0.000000 1.000000
57415 0.000000 0.000000 0.000000 1.000000
57416 0.000000 0.000000 0.000000 1.000000
57417 0.000000 0.000000 0.000000 1.000000
57428 0.000000 0.000000 0.000000 1.000000
57429 0.000000 0.000000 0.000000 1.000000
57430 0.000000 0.000000 0.000000 1.000000
57431 0.000000 0.000000 0.000000 1.000000
57432 0.000000 0.000000 0.000000 1.000000
57433 0.000000 0.000000 0.000000 1.000000
57446 0.000000 0.000000 0.000000 1.000000
57447 0.000000 0.000000 0.000000 1.000000
57448 0.000000 0.000000 0.000000 1.000000
57449 0.000000 0.000000 0.000000 1.000000
57450 0.000000 0.000000 0.000000 1.000000
57451 0.000000 0.000000 0.000000 1.000000
57452 0.000000 0.000000 0.000000 1.000000
57453 0.000000 0.000000 0.000000 1.000000
57454 0.000000 0.000000 0.000000 1.000000
57467 0.000000 0.000000 0.000000 1.000000
57468 0.000000 0.000000 0.000000 1.000000
57469 0.000000 0.000000 0.000000 1.000000
57470 0.000000 0.000000 0.000000 1.000000
57471 0.000000 0.000000 0.000000 1.000000
57472 0.000000 0.000000 0.000000 1.000000
57473 0.000000 0.000000 0.000000 1.000000
57474 0.000000 0.000000 0.000000 1.000000
57486 0.000000 0.000000 0.000000 1.000000
57487 0.000000 0.000000 0.000000 1.000000
57488 0.000000 0.000000 0.000000 1.000000
57489 0.000000 0.000000 0.000000 1.000000
57490 0.000000 0.000000 0.000000 1.000000
57491 0.000000 0.000000 0.000000 1.000000
57492 0.000000 0.000000 0.000000 1.000000
57493 0.000000 0.000000 0.000000 1.000000
57494 0.000000 0.000000 0.000000 1.000000
57510 0.000000 0.000000 0.000000 1.000000
57511 0.000000 0.000000 0.000000 1.000000
57521 0.000000 0.000000 0.000000 1.000000
57522 0.000000 0.000000 0.000000 1.000000
57523 0.000000 0.000000 0.000000 1.000000
57531 0.000000 0.000000 0.000000 1.000000
57532 0.000000 0.000000 0.000000 1.000000
57533 0.000000 0.000000 0.000000 1.000000
57542 0.000000 0.000000 0.000000 1.000000
57543 0.000000 0.000000 0.000000 1.000000
57553 0.000000 0.000000 0.000000 1.000000
57564 0.000000 0.000000 0.000000 1.000000
57567 0.000000 0.000000 0.000000 1.000000
57568 0.000000 0.000000 0.000000 1.000000
57569 0.000000 0.000000 0.000000 1.000000
57570 0.000000 0.000000 0.000000 1.000000
57573 0.000000 0.000000 0.000000 1.000000
58775 0.000000 0.000000 0.000000 1.000000
58776 0.000000 0.000000 0.000000 1.000000
58782 0.000000 0.000000 0.000000 1.000000
58783 0.000000 0.000000 0.000000 1.000000
58784 0.000000 0.000000 0.000000 1.000000
58785 0.000000 0.000000 0.000000 1.000000
58786 0.000000 0.000000 0.000000 1.000000
58791 0.000000 0.000000 0.000000 1.000000
58792 0.000000 0.000000 0.000000 1.000000
58793 0.000000 0.000000 0.000000 1.000000
58794 0.000000 0.000000 0.000000 1.000000
58795 0.000000 0.000000 0.000000 1.000000
58796 0.000000 0.000000 0.000000 1.000000
58804 0.000000 0.000000 0.000000 1.000000
58805 0.000000 0.000000 0.000000 1.000000
58806 0.000000 0.000000 0.000000 1.000000
58807 0.000000 0.000000 0.000000 1.000000
58808 0.000000 0.000000 0.000000 1.000000
58817 0.000000 0.000000 0.000000 1.000000
58818 0.000000 0.000000 0.000000 1.000000
58819 0.000000 0.000000 0.000000 1.000000
58820 0.000000 0.000000 0.000000 1.000000
58821 0.000000 0.000000 0.000000 1.000000
58822 0.000000 0.000000 0.000000 1.000000
58832 0.000000 0.000000 0.000000 1.000000
58833 0.000000 0.000000 0.000000 1.000000
58834 0.000000 0.000000 0.000000 1.000000
58835 0.000000 0.000000 0.000000 1.000000
58836 0.000000 0.000000 0.000000 1.000000
58837 0.000000 0.000000 0.000000 1.000000
58838 0.000000 0.000000 0.000000 1.000000
58839 0.000000 0.000000 0.000000 1.000000
58840 0.000000 0.000000 0.000000 1.000000
58841 0.000000 0.000000 0.000000 1.000000
58859 0.000000 0.000000 0.000000 1.000000
58860 0.000000 0.000000 0.000000 1.000000
58861 0.000000 0.000000 0.000000 1.000000
58862 0.000000 0.000000 0.000000 1.000000
58863 0.000000 0.000000 0.000000 1.000000
58864 0.000000 0.000000 0.000000 1.000000
58880 0.000000 0.000000 0.000000 1.000000
58881 0.000000 0.000000 0.000000 1.000000
58882 0.000000 0.000000 0.000000 1.000000
58886 0.000000 0.000000 0.000000 1.000000
58887 0.000000 0.000000 0.000000 1.000000
58893 0.000000 0.000000 0.000000 1.000000
58894 0.000000 0.000000 0.000000 1.000000
58901 0.000000 0.000000 0.000000 1.000000
58902 0.000000 0.000000 0.000000 1.000000
58914 0.000000 0.000000 0.000000 1.000000
58915 0.000000 0.000000 0.000000 1.000000
58916 0.000000 0.000000 0.000000 1.000000
58928 0.000000 0.000000 0.000000 1.000000
58929 0.000000 0.000000 0.000000 1.000000
58930 0.000000 0.000000 0.000000 1.000000
58931 0.000000 0.000000 0.000000 1.000000
58937 0.000000 0.000000 0.000000 1.000000
58941 0.000000 0.000000 0.000000 1.000000
58942 0.000000 0.000000 0.000000 1.000000
58943 0.000000 0.000000 0.000000 1.000000
60135 0.000000 0.000000 0.000000 1.000000
60136 0.000000 0.000000 0.000000 1.000000
60145 0.000000 0.000000 0.000000 1.000000
60146 0.000000 0.000000 0.000000 1.000000
60147 0.000000 0.000000 0.000000 1.000000
60148 0.000000 0.000000 0.000000 1.000000
60149 0.000000 0.000000 0.000000 1.000000
60150 0.000000 0.000000 0.000000 1.000000
60155 0.000000 0.000000 0.000000 1.000000
60156 0.000000 0.000000 0.000000 1.000000
60157 0.000000 0.000000 0.000000 1.000000
60158 0.000000 0.000000 0.000000 1.000000
60159 0.000000 0.000000 0.000000 1.000000
60160 0.000000 0.000000 0.000000 1.000000
60161 0.000000 0.000000 0.000000 1.000000
60164 0.000000 0.000000 0.000000 1.000000
60165 0.000000 0.000000 0.000000 1.000000
60166 0.000000 0.000000 0.000000 1.000000
60167 0.000000 0.000000 0.000000 1.000000
60168 0.000000 0.000000 0.000000 1.000000
60169 0.000000 0.000000 0.000000 1.000000
60178 0.000000 0.000000 0.000000 1.000000
60179 0.000000 0.000000 0.000000 1.000000
60180 0.000000 0.000000 0.000000 1.000000
60181 0.000000 0.000000 0.000000 1.000000
60182 0.000000 0.000000 0.000000 1.000000
60183 0.000000 0.000000 0.000000 1.000000
60184 0.000000 0.000000 0.000000 1.000000
60185 0.000000 0.000000 0.000000 1.000000
60198 0.000000 0.000000 0.000000 1.000000
60199 0.000000 0.000000 0.000000 1.000000
60200 0.000000 0.000000 0.000000 1.000000
60201 0.000000 0.000000 0.000000 1.000000
60202 0.000000 0.000000 0.000000 1.000000
60203 0.000000 0.000000 0.000000 1.000000
60221 0.000000 0.000000 0.000000 1.000000
60230 0.000000 0.000000 0.000000 1.000000
60231 0.000000 0.000000 0.000000 1.000000
60239 0.000000 0.000000 0.000000 1.000000
60240 0.000000 0.000000 0.000000 1.000000
60243 0.000000 0.000000 0.000000 1.000000
60244 0.000000 0.000000 0.000000 1.000000
60248 0.000000 0.000000 0.000000 1.000000
60249 0.000000 0.000000 0.000000 1.000000
60250 0.000000 0.000000 0.000000 1.000000
60251 0.000000 0.000000 0.000000 1.000000
60260 0.000000 0.000000 0.000000 1.000000
60261 0.000000 0.000000 0.000000 1.000000
60262 0.000000 0.000000 0.000000 1.000000
60274 0.000000 0.000000 0.000000 1.000000
60285 0.000000 0.000000 0.000000 1.000000
60286 0.000000 0.000000 0.000000 1.000000
60287 0.000000 0.000000 0.000000 1.000000
61409 0.000000 0.000000 0.000000 1.000000
61420 0.000000 0.000000 0.000000 1.000000
61421 0.000000 0.000000 0.000000 1.000000
61422 0.000000 0.000000 0.000000 1.000000
61423 0.000000 0.000000 0.000000 1.000000
61424 0.000000 0.000000 0.000000 1.000000
61435 0.000000 0.000000 0.000000 1.000000
61436 0.000000 0.000000 0.000000 1.000000
61437 0.000000 0.000000 0.000000 1.000000
61438 0.000000 0.000000 0.000000 1.000000
61439 0.000000 0.000000 0.000000 1.000000
61440 0.000000 0.000000 0.000000 1.000000
61441 0.000000 0.000000 0.000000 1.000000
61442 0.000000 0.000000 0.000000 1.000000
61452 0.000000 0.000000 0.000000 1.000000
61453 0.000000 0.000000 0.000000 1.000000
61454 0.000000 0.000000 0.000000 1.000000
61455 0.000000 0.000000 0.000000 1.000000
61456 0.000000 0.000000 0.000000 1.000000
61457 0.000000 0.000000 0.000000 1.000000
61458 0.000000 0.000000 0.000000 1.000000
61459 0.000000 0.000000 0.000000 1.000000
61460 0.000000 0.000000 0.000000 1.000000
61461 0.000000 0.000000 0.000000 1.000000
61472 0.000000 0.000000 0.000000 1.000000
61473 0.000000 0.000000 0.000000 1.000000
61474 0.000000 0.000000 0.000000 1.000000
61475 0.000000 0.000000 0.000000 1.000000
61476 0.000000 0.000000 0.000000 1.000000
61477 0.000000 0.000000 0.000000 1.000000
61478 0.000000 0.000000 0.000000 1.000000
61497 0.000000 0.000000 0.000000 1.000000
61498 0.000000 0.000000 0.000000 1.000000
61516 0.000000 0.000000 0.000000 1.000000
61517 0.000000 0.000000 0.000000 1.000000
61524 0.000000 0.000000 0.000000 1.000000
61526 0.000000 0.000000 0.000000 1.000000
61527 0.000000 0.000000 0.000000 1.000000
61530 0.000000 0.000000 0.000000 1.000000
61531 0.000000 0.000000 0.000000 1.000000
61532 0.000000 0.000000 0.000000 1.000000
61533 0.000000 0.000000 0.000000 1.000000
61534 0.000000 0.000000 0.000000 1.000000
61537 0.000000 0.000000 0.000000 1.000000
61538 0.000000 0.000000 0.000000 1.000000
61544 0.000000 0.000000 0.000000 1.000000
61545 0.000000 0.000000 0.000000 1.000000
61556 0.000000 0.000000 0.000000 1.000000
61557 0.000000 0.000000 0.000000 1.000000
61558 0.000000 0.000000 0.000000 1.000000
61579 0.000000 0.000000 0.000000 1.000000
61580 0.000000 0.000000 0.000000 1.000000
62752 0.000000 0.000000 0.000000 1.000000
62763 0.000000 0.000000 0.000000 1.000000
62764 0.000000 0.000000 0.000000 1.000000
62772 0.000000 0.000000 0.000000 1.000000
62773 0.000000 0.000000 0.000000 1.000000
62782 0.000000 0.000000 0.000000 1.000000
62783 0.000000 0.000000 0.000000 1.000000
62784 0.000000 0.000000 0.000000 1.000000
62785 0.000000 0.000000 0.000000 1.000000
62786 0.000000 0.000000 0.000000 1.000000
62799 0.000000 0.000000 0.000000 1.000000
62800 0.000000 0.000000 0.000000 1.000000
62801 0.000000 0.000000 0.000000 1.000000
62802 0.000000 0.000000 0.000000 1.000000
62803 0.000000 0.000000 0.000000 1.000000
62804 0.000000 0.000000 0.000000 1.000000
62805 0.000000 0.000000 0.000000 1.000000
62806 0.000000 0.000000 0.000000 1.000000
62807 0.000000 0.000000 0.000000 1.000000
62821 0.000000 0.000000 0.000000 1.000000
62822 0.000000 0.000000 0.000000 1.000000
62823 0.000000 0.000000 0.000000 1.000000
62824 0.000000 0.000000 0.000000 1.000000
62825 0.000000 0.000000 0.000000 1.000000
62826 0.000000 0.000000 0.000000 1.000000
62827 0.000000 0.000000 0.000000 1.000000
62828 0.000000 0.000000 0.000000 1.000000
62846 0.000000 0.000000 0.000000 1.000000
62847 0.000000 0.000000 0.000000 1.000000
62865 0.000000 0.000000 0.000000 1.000000
62866 0.000000 0.000000 0.000000 1.000000
62868 0.000000 0.000000 0.000000 1.000000
62870 0.000000 0.000000 0.000000 1.000000
62872 0.000000 0.000000 0.000000 1.000000
62873 0.000000 0.000000 0.000000 1.000000
62874 0.000000 0.000000 0.000000 1.000000
62875 0.000000 0.000000 0.000000 1.000000
62876 0.000000 0.000000 0.000000 1.000000
62878 0.000000 0.000000 0.000000 1.000000
62879 0.000000 0.000000 0.000000 1.000000
62881 0.000000 0.000000 0.000000 1.000000
62882 0.000000 0.000000 0.000000 1.000000
62886 0.000000 0.000000 0.000000 1.000000
62887 0.000000 0.000000 0.000000 1.000000
62888 0.000000 0.000000 0.000000 1.000000
62897 0.000000 0.000000 0.000000 1.000000
62898 0.000000 0.000000 0.000000 1.000000
62899 0.000000 0.000000 0.000000 1.000000
62900 0.000000 0.000000 0.000000 1.000000
62901 0.000000 0.000000 0.000000 1.000000
62902 0.000000 0.000000 0.000000 1.000000
62903 0.000000 0.000000 0.000000 1.000000
64036 0.000000 0.000000 0.000000 1.000000
64051 0.000000 0.000000 0.000000 1.000000
64061 0.000000 0.000000 0.000000 1.000000
64062 0.000000 0.000000 0.000000 1.000000
64071 0.000000 0.000000 0.000000 1.000000
64072 0.000000 0.000000 0.000000 1.000000
64073 0.000000 0.000000 0.000000 1.000000
64074 0.000000 0.000000 0.000000 1.000000
64075 0.000000 0.000000 0.000000 1.000000
64076 0.000000 0.000000 0.000000 1.000000
64077 0.000000 0.000000 0.000000 1.000000
64078 0.000000 0.000000 0.000000 1.000000
64087 0.000000 0.000000 0.000000 1.000000
64088 0.000000 0.000000 0.000000 1.000000
64089 0.000000 0.000000 0.000000 1.000000
64090 0.000000 0.000000 0.000000 1.000000
64091 0.000000 0.000000 0.000000 1.000000
64092 0.000000 0.000000 0.000000 1.000000
64093 0.000000 0.000000 0.000000 1.000000
64094 0.000000 0.000000 0.000000 1.000000
64106 0.000000 0.000000 0.000000 1.000000
64117 0.000000 0.000000 0.000000 1.000000
64118 0.000000 0.000000 0.000000 1.000000
64121 0.000000 0.000000 0.000000 1.000000
64123 0.000000 0.000000 0.000000 1.000000
64125 0.000000 0.000000 0.000000 1.000000
64126 0.000000 0.000000 0.000000 1.000000
64127 0.000000 0.000000 0.000000 1.000000
64128 0.000000 0.000000 0.000000 1.000000
64129 0.000000 0.000000 0.000000 1.000000
64132 0.000000 0.000000 0.000000 1.000000
64133 0.000000 0.000000 0.000000 1.000000
64136 0.000000 0.000000 0.000000 1.000000
64137 0.000000 0.000000 0.000000 1.000000
64138 0.000000 0.000000 0.000000 1.000000
64141 0.000000 0.000000 0.000000 1.000000
64142 0.000000 0.000000 0.000000 1.000000
64143 0.000000 0.000000 0.000000 1.000000
64144 0.000000 0.000000 0.000000 1.000000
64149 0.000000 0.000000 0.000000 1.000000
64150 0.000000 0.000000 0.000000 1.000000
64151 0.000000 0.000000 0.000000 1.000000
64152 0.000000 0.000000 0.000000 1.000000
64153 0.000000 0.000000 0.000000 1.000000
65156 0.000000 0.000000 0.000000 1.000000
65157 0.000000 0.000000 0.000000 1.000000
65158 0.000000 0.000000 0.000000 1.000000
65171 0.000000 0.000000 0.000000 1.000000
65172 0.000000 0.000000 0.000000 1.000000
65173 0.000000 0.000000 0.000000 1.000000
65174 0.000000 0.000000 0.000000 1.000000
65175 0.000000 0.000000 0.000000 1.000000
65195 0.000000 0.000000 0.000000 1.000000
65196 0.000000 0.000000 0.000000 1.000000
65197 0.000000 0.000000 0.000000 1.000000
65198 0.000000 0.000000 0.000000 1.000000
65199 0.000000 0.000000 0.000000 1.000000
65200 0.000000 0.000000 0.000000 1.000000
65216 0.000000 0.000000 0.000000 1.000000
65217 0.000000 0.000000 0.000000 1.000000
65218 0.000000 0.000000 0.000000 1.000000
65219 0.000000 0.000000 0.000000 1.000000
65220 0.000000 0.000000 0.000000 1.000000
65221 0.000000 0.000000 0.000000 1.000000
65235 0.000000 0.000000 0.000000 1.000000
65236 0.000000 0.000000 0.000000 1.000000
65237 0.000000 0.000000 0.000000 1.000000
65238 0.000000 0.000000 0.000000 1.000000
65239 0.000000 0.000000 0.000000 1.000000
65240 0.000000 0.000000 0.000000 1.000000
65241 0.000000 0.000000 0.000000 1.000000
65242 0.000000 0.000000 0.000000 1.000000
65243 0.000000 0.000000 0.000000 1.000000
65258 0.000000 0.000000 0.000000 1.000000
65259 0.000000 0.000000 0.000000 1.000000
65260 0.000000 0.000000 0.000000 1.000000
65261 0.000000 0.000000 0.000000 1.000000
65262 0.000000 0.000000 0.000000 1.000000
65280 0.000000 0.000000 0.000000 1.000000
65281 0.000000 0.000000 0.000000 1.000000
65294 0.000000 0.000000 0.000000 1.000000
65295 0.000000 0.000000 0.000000 1.000000
65296 0.000000 0.000000 0.000000 1.000000
65306 0.000000 0.000000 0.000000 1.000000
65307 0.000000 0.000000 0.000000 1.000000
65308 0.000000 0.000000 0.000000 1.000000
65309 0.000000 0.000000 0.000000 1.000000
65310 0.000000 0.000000 0.000000 1.000000
65311 0.000000 0.000000 0.000000 1.000000
65312 0.000000 0.000000 0.000000 1.000000
65324 0.000000 0.000000 0.000000 1.000000
65325 0.000000 0.000000 0.000000 1.000000
65326 0.000000 0.000000 0.000000 1.000000
65327 0.000000 0.000000 0.000000 1.000000
65328 0.000000 0.000000 0.000000 1.000000
65329 0.000000 0.000000 0.000000 1.000000
65330 0.000000 0.000000 0.000000 1.000000
65341 0.000000 0.000000 0.000000 1.000000
65342 0.000000 0.000000 0.000000 1.000000
65349 0.000000 0.000000 0.000000 1.000000
65350 0.000000 0.000000 0.000000 1.000000
65353 0.000000 0.000000 0.000000 1.000000
65356 0.000000 0.000000 0.000000 1.000000
65358 0.000000 0.000000 0.000000 1.000000
65359 0.000000 0.000000 0.000000 1.000000
65360 0.000000 0.000000 0.000000 1.000000
65361 0.000000 0.000000 0.000000 1.000000
65362 0.000000 0.000000 0.000000 1.000000
65365 0.000000 0.000000 0.000000 1.000000
65367 0.000000 0.000000 0.000000 1.000000
65368 0.000000 0.000000 0.000000 1.000000
65370 0.000000 0.000000 0.000000 1.000000
65371 0.000000 0.000000 0.000000 1.000000
65372 0.000000 0.000000 0.000000 1.000000
65373 0.000000 0.000000 0.000000 1.000000
65378 0.000000 0.000000 0.000000 1.000000
65379 0.000000 0.000000 0.000000 1.000000
65380 0.000000 0.000000 0.000000 1.000000
65381 0.000000 0.000000 0.000000 1.000000
66338 0.000000 0.000000 0.000000 1.000000
66339 0.000000 0.000000 0.000000 1.000000
66340 0.000000 0.000000 0.000000 1.000000
66344 0.000000 0.000000 0.000000 1.000000
66345 0.000000 0.000000 0.000000 1.000000
66346 0.000000 0.000000 0.000000 1.000000
66347 0.000000 0.000000 0.000000 1.000000
66348 0.000000 0.000000 0.000000 1.000000
66349 0.000000 0.000000 0.000000 1.000000
66356 0.000000 0.000000 0.000000 1.000000
66357 0.000000 0.000000 0.000000 1.000000
66358 0.000000 0.000000 0.000000 1.000000
66359 0.000000 0.000000 0.000000 1.000000
66360 0.000000 0.000000 0.000000 1.000000
66361 0.000000 0.000000 0.000000 1.000000
66362 0.000000 0.000000 0.000000 1.000000
66372 0.000000 0.000000 0.000000 1.000000
66373 0.000000 0.000000 0.000000 1.000000
66374 0.000000 0.000000 0.000000 1.000000
66375 0.000000 0.000000 0.000000 1.000000
66376 0.000000 0.000000 0.000000 1.000000
66377 0.000000 0.000000 0.000000 1.000000
66378 0.000000 0.000000 0.000000 1.000000
66379 0.000000 0.000000 0.000000 1.000000
66380 0.000000 0.000000 0.000000 1.000000
66391 0.000000 0.000000 0.000000 1.000000
66392 0.000000 0.000000 0.000000 1.000000
66393 0.000000 0.000000 0.000000 1.000000
66394 0.000000 0.000000 0.000000 1.000000
66395 0.000000 0.000000 0.000000 1.000000
66396 0.000000 0.000000 0.000000 1.000000
66397 0.000000 0.000000 0.000000 1.000000
66398 0.000000 0.000000 0.000000 1.000000
66399 0.000000 0.000000 0.000000 1.000000
66411 0.000000 0.000000 0.000000 1.000000
66412 0.000000 0.000000 0.000000 1.000000
66413 0.000000 0.000000 0.000000 1.000000
66414 0.000000 0.000000 0.000000 1.000000
66415 0.000000 0.000000 0.000000 1.000000
66416 0.000000 0.000000 0.000000 1.000000
66417 0.000000 0.000000 0.000000 1.000000
66418 0.000000 0.000000 0.000000 1.000000
66430 0.000000 0.000000 0.000000 1.000000
66431 0.000000 0.000000 0.000000 1.000000
66432 0.000000 0.000000 0.000000 1.000000
66433 0.000000 0.000000 0.000000 1.000000
66434 0.000000 0.000000 0.000000 1.000000
66435 0.000000 0.000000 0.000000 1.000000
66436 0.000000 0.000000 0.000000 1.000000
66451 0.000000 0.000000 0.000000 1.000000
66452 0.000000 0.000000 0.000000 1.000000
66453 0.000000 0.000000 0.000000 1.000000
66454 0.000000 0.000000 0.000000 1.000000
66455 0.000000 0.000000 0.000000 1.000000
66465 0.000000 0.000000 0.000000 1.000000
66466 0.000000 0.000000 0.000000 1.000000
66467 0.000000 0.000000 0.000000 1.000000
66468 0.000000 0.000000 0.000000 1.000000
66469 0.000000 0.000000 0.000000 1.000000
66470 0.000000 0.000000 0.000000 1.000000
66471 0.000000 0.000000 0.000000 1.000000
66472 0.000000 0.000000 0.000000 1.000000
66473 0.000000 0.000000 0.000000 1.000000
66474 0.000000 0.000000 0.000000 1.000000
66481 0.000000 0.000000 0.000000 1.000000
66482 0.000000 0.000000 0.000000 1.000000
66483 0.000000 0.000000 0.000000 1.000000
66484 0.000000 0.000000 0.000000 1.000000
66485 0.000000 0.000000 0.000000 1.000000
66486 0.000000 0.000000 0.000000 1.000000
66487 0.000000 0.000000 0.000000 1.000000
66488 0.000000 0.000000 0.000000 1.000000
66490 0.000000 0.000000 0.000000 1.000000
66491 0.000000 0.000000 0.000000 1.000000
66493 0.000000 0.000000 0.000000 1.000000
66496 0.000000 0.000000 0.000000 1.000000
66499 0.000000 0.000000 0.000000 1.000000
66508 0.000000 0.000000 0.000000 1.000000
66509 0.000000 0.000000 0.000000 1.000000
66510 0.000000 0.000000 0.000000 1.000000
66511 0.000000 0.000000 0.000000 1.000000
66512 0.000000 0.000000 0.000000 1.000000
66524 0.000000 0.000000 0.000000 1.000000
66535 0.000000 0.000000 0.000000 1.000000
66536 0.000000 0.000000 0.000000 1.000000
66548 0.000000 0.000000 0.000000 1.000000
66549 0.000000 0.000000 0.000000 1.000000
66550 0.000000 0.000000 0.000000 1.000000
66551 0.000000 0.000000 0.000000 1.000000
66567 0.000000 0.000000 0.000000 1.000000
66568 0.000000 0.000000 0.000000 1.000000
66569 0.000000 0.000000 0.000000 1.000000
67585 0.000000 0.000000 0.000000 1.000000
67586 0.000000 0.000000 0.000000 1.000000
67593 0.000000 0.000000 0.000000 1.000000
67594 0.000000 0.000000 0.000000 1.000000
67595 0.000000 0.000000 0.000000 1.000000
67596 0.000000 0.000000 0.000000 1.000000
67597 0.000000 0.000000 0.000000 1.000000
67598 0.000000 0.000000 0.000000 1.000000
67609 0.000000 0.000000 0.000000 1.000000
67610 0.000000 0.000000 0.000000 1.000000
67611 0.000000 0.000000 0.000000 1.000000
67612 0.000000 0.000000 0.000000 1.000000
67613 0.000000 0.000000 0.000000 1.000000
67614 0.000000 0.000000 0.000000 1.000000
67615 0.000000 0.000000 0.000000 1.000000
67616 0.000000 0.000000 0.000000 1.000000
67630 0.000000 0.000000 0.000000 1.000000
67631 0.000000 0.000000 0.000000 1.000000
67632 0.000000 0.000000 0.000000 1.000000
67633 0.000000 0.000000 0.000000 1.000000
67634 0.000000 0.000000 0.000000 1.000000
67648 0.000000 0.000000 0.000000 1.000000
67649 0.000000 0.000000 0.000000 1.000000
67650 0.000000 0.000000 0.000000 1.000000
67651 0.000000 0.000000 0.000000 1.000000
67652 0.000000 0.000000 0.000000 1.000000
67653 0.000000 0.000000 0.000000 1.000000
67654 0.000000 0.000000 0.000000 1.000000
67655 0.000000 0.000000 0.000000 1.000000
67656 0.000000 0.000000 0.000000 1.000000
67670 0.000000 0.000000 0.000000 1.000000
67671 0.000000 0.000000 0.000000 1.000000
67672 0.000000 0.000000 0.000000 1.000000
67673 0.000000 0.000000 0.000000 1.000000
67674 0.000000 0.000000 0.000000 1.000000
67675 0.000000 0.000000 0.000000 1.000000
67676 0.000000 0.000000 0.000000 1.000000
67677 0.000000 0.000000 0.000000 1.000000
67678 0.000000 0.000000 0.000000 1.000000
67687 0.000000 0.000000 0.000000 1.000000
67688 0.000000 0.000000 0.000000 1.000000
67689 0.000000 0.000000 0.000000 1.000000
67690 0.000000 0.000000 0.000000 1.000000
67691 0.000000 0.000000 0.000000 1.000000
67692 0.000000 0.000000 0.000000 1.000000
67693 0.000000 0.000000 0.000000 1.000000
67694 0.000000 0.000000 0.000000 1.000000
67695 0.000000 0.000000 0.000000 1.000000
67696 0.000000 0.000000 0.000000 1.000000
67699 0.000000 0.000000 0.000000 1.000000
67701 0.000000 0.000000 0.000000 1.000000
67704 0.000000 0.000000 0.000000 1.000000
67707 0.000000 0.000000 0.000000 1.000000
67716 0.000000 0.000000 0.000000 1.000000
67729 0.000000 0.000000 0.000000 1.000000
67730 0.000000 0.000000 0.000000 1.000000
67731 0.000000 0.000000 0.000000 1.000000
67732 0.000000 0.000000 0.000000 1.000000
67733 0.000000 0.000000 0.000000 1.000000
67743 0.000000 0.000000 0.000000 1.000000
67751 0.000000 0.000000 0.000000 1.000000
67752 0.000000 0.000000 0.000000 1.000000
67753 0.000000 0.000000 0.000000 1.000000
67761 0.000000 0.000000 0.000000 1.000000
67762 0.000000 0.000000 0.000000 1.000000
67763 0.000000 0.000000 0.000000 1.000000
67764 0.000000 0.000000 0.000000 1.000000
67765 0.000000 0.000000 0.000000 1.000000
67775 0.000000 0.000000 0.000000 1.000000
67776 0.000000 0.000000 0.000000 1.000000
67777 0.000000 0.000000 0.000000 1.000000
68786 0.000000 0.000000 0.000000 1.000000
68787 0.000000 0.000000 0.000000 1.000000
68788 0.000000 0.000000 0.000000 1.000000
68789 0.000000 0.000000 0.000000 1.000000
68803 0.000000 0.000000 0.000000 1.000000
68804 0.000000 0.000000 0.000000 1.000000
68805 0.000000 0.000000 0.000000 1.000000
68867 0.000000 0.000000 0.000000 1.000000
68870 0.000000 0.000000 0.000000 1.000000
68872 0.000000 0.000000 0.000000 1.000000
68882 0.000000 0.000000 0.000000 1.000000
68883 0.000000 0.000000 0.000000 1.000000
68892 0.000000 0.000000 0.000000 1.000000
68893 0.000000 0.000000 0.000000 1.000000
68894 0.000000 0.000000 0.000000 1.000000
68895 0.000000 0.000000 0.000000 1.000000
68896 0.000000 0.000000 0.000000 1.000000
68903 0.000000 0.000000 0.000000 1.000000
68904 0.000000 0.000000 0.000000 1.000000
68909 0.000000 0.000000 0.000000 1.000000
68910 0.000000 0.000000 0.000000 1.000000
68911 0.000000 0.000000 0.000000 1.000000
68916 0.000000 0.000000 0.000000 1.000000
68917 0.000000 0.000000 0.000000 1.000000
68918 0.000000 0.000000 0.000000 1.000000
68919 0.000000 0.000000 0.000000 1.000000
68924 0.000000 0.000000 0.000000 1.000000
68925 0.000000 0.000000 0.000000 1.000000
70105 0.000000 0.000000 0.000000 1.000000
70108 0.000000 0.000000 0.000000 1.000000
70115 0.000000 0.000000 0.000000 1.000000
70126 0.000000 0.000000 0.000000 1.000000
70127 0.000000 0.000000 0.000000 1.000000
70128 0.000000 0.000000 0.000000 1.000000
70129 0.000000 0.000000 0.000000 1.000000
70136 0.000000 0.000000 0.000000 1.000000
70137 0.000000 0.000000 0.000000 1.000000
70138 0.000000 0.000000 0.000000 1.000000
70139 0.000000 0.000000 0.000000 1.000000
70142 0.000000 0.000000 0.000000 1.000000
70143 0.000000 0.000000 0.000000 1.000000
70145 0.000000 0.000000 0.000000 1.000000
70146 0.000000 0.000000 0.000000 1.000000
70147 0.000000 0.000000 0.000000 1.000000
70150 0.000000 0.000000 0.000000 1.000000
70151 0.000000 0.000000 0.000000 1.000000
70152 0.000000 0.000000 0.000000 1.000000
70153 0.000000 0.000000 0.000000 1.000000
70154 0.000000 0.000000 0.000000 1.000000
70159 0.000000 0.000000 0.000000 1.000000
70160 0.000000 0.000000 0.000000 1.000000
71306 0.000000 0.000000 0.000000 1.000000
71316 0.000000 0.000000 0.000000 1.000000
71326 0.000000 0.000000 0.000000 1.000000
71327 0.000000 0.000000 0.000000 1.000000
71328 0.000000 0.000000 0.000000 1.000000
71329 0.000000 0.000000 0.000000 1.000000
71333 0.000000 0.000000 0.000000 1.000000
71334 0.000000 0.000000 0.000000 1.000000
71337 0.000000 0.000000 0.000000 1.000000
71338 0.000000 0.000000 0.000000 1.000000
71339 0.000000 0.000000 0.000000 1.000000
71341 0.000000 0.000000 0.000000 1.000000
71342 0.000000 0.000000 0.000000 1.000000
71343 0.000000 0.000000 0.000000 1.000000
71346 0.000000 0.000000 0.000000 1.000000
71347 0.000000 0.000000 0.000000 1.000000
71348 0.000000 0.000000 0.000000 1.000000
71349 0.000000 0.000000 0.000000 1.000000
71356 0.000000 0.000000 0.000000 1.000000
72524 0.000000 0.000000 0.000000 1.000000
72539 0.000000 0.000000 0.000000 1.000000
72546 0.000000 0.000000 0.000000 1.000000
72547 0.000000 0.000000 0.000000 1.000000
72548 0.000000 0.000000 0.000000 1.000000
72549 0.000000 0.000000 0.000000 1.000000
72553 0.000000 0.000000 0.000000 1.000000
72556 0.000000 0.000000 0.000000 1.000000
72557 0.000000 0.000000 0.000000 1.000000
72559 0.000000 0.000000 0.000000 1.000000
72560 0.000000 0.000000 0.000000 1.000000
72562 0.000000 0.000000 0.000000 1.000000
72563 0.000000 0.000000 0.000000 1.000000
72564 0.000000 0.000000 0.000000 1.000000
72565 0.000000 0.000000 0.000000 1.000000
72571 0.000000 0.000000 0.000000 1.000000
73594 0.000000 0.000000 0.000000 1.000000
73608 0.000000 0.000000 0.000000 1.000000
73614 0.000000 0.000000 0.000000 1.000000
73618 0.000000 0.000000 0.000000 1.000000
73619 0.000000 0.000000 0.000000 1.000000
73620 0.000000 0.000000 0.000000 1.000000
73621 0.000000 0.000000 0.000000 1.000000
73625 0.000000 0.000000 0.000000 1.000000
73628 0.000000 0.000000 0.000000 1.000000
73629 0.000000 0.000000 0.000000 1.000000
73632 0.000000 0.000000 0.000000 1.000000
73633 0.000000 0.000000 0.000000 1.000000
73635 0.000000 0.000000 0.000000 1.000000
73636 0.000000 0.000000 0.000000 1.000000
73637 0.000000 0.000000 0.000000 1.000000
73638 0.000000 0.000000 0.000000 1.000000
73639 0.000000 0.000000 0.000000 1.000000
73645 0.000000 0.000000 0.000000 1.000000
74633 0.000000 0.000000 0.000000 1.000000
74642 0.000000 0.000000 0.000000 1.000000
74654 0.000000 0.000000 0.000000 1.000000
74664 0.000000 0.000000 0.000000 1.000000
74669 0.000000 0.000000 0.000000 1.000000
74670 0.000000 0.000000 0.000000 1.000000
74671 0.000000 0.000000 0.000000 1.000000
74672 0.000000 0.000000 0.000000 1.000000
74674 0.000000 0.000000 0.000000 1.000000
74676 0.000000 0.000000 0.000000 1.000000
74677 0.000000 0.000000 0.000000 1.000000
74678 0.000000 0.000000 0.000000 1.000000
74681 0.000000 0.000000 0.000000 1.000000
74682 0.000000 0.000000 0.000000 1.000000
74683 0.000000 0.000000 0.000000 1.000000
74687 0.000000 0.000000 0.000000 1.000000
74688 0.000000 0.000000 0.000000 1.000000
74689 0.000000 0.000000 0.000000 1.000000
74690 0.000000 0.000000 0.000000 1.000000
74691 0.000000 0.000000 0.000000 1.000000
75690 0.000000 0.000000 0.000000 1.000000
75697 0.000000 0.000000 0.000000 1.000000
75698 0.000000 0.000000 0.000000 1.000000
75706 0.000000 0.000000 0.000000 1.000000
75707 0.000000 0.000000 0.000000 1.000000
75718 0.000000 0.000000 0.000000 1.000000
75719 0.000000 0.000000 0.000000 1.000000
75720 0.000000 0.000000 0.000000 1.000000
75731 0.000000 0.000000 0.000000 1.000000
75732 0.000000 0.000000 0.000000 1.000000
75733 0.000000 0.000000 0.000000 1.000000
75734 0.000000 0.000000 0.000000 1.000000
75740 0.000000 0.000000 0.000000 1.000000
75741 0.000000 0.000000 0.000000 1.000000
75744 0.000000 0.000000 0.000000 1.000000
75745 0.000000 0.000000 0.000000 1.000000
75746 0.000000 0.000000 0.000000 1.000000
75749 0.000000 0.000000 0.000000 1.000000
75750 0.000000 0.000000 0.000000 1.000000
75751 0.000000 0.000000 0.000000 1.000000
75756 0.000000 0.000000 0.000000 1.000000
75757 0.000000 0.000000 0.000000 1.000000
75758 0.000000 0.000000 0.000000 1.000000
75759 0.000000 0.000000 0.000000 1.000000
76826 0.000000 0.000000 0.000000 1.000000
76827 0.000000 0.000000 0.000000 1.000000
76837 0.000000 0.000000 0.000000 1.000000
76838 0.000000 0.000000 0.000000 1.000000
76848 0.000000 0.000000 0.000000 1.000000
76849 0.000000 0.000000 0.000000 1.000000
76850 0.000000 0.000000 0.000000 1.000000
76851 0.000000 0.000000 0.000000 1.000000
76852 0.000000 0.000000 0.000000 1.000000
76864 0.000000 0.000000 0.000000 1.000000
76865 0.000000 0.000000 0.000000 1.000000
76875 0.000000 0.000000 0.000000 1.000000
76876 0.000000 0.000000 0.000000 1.000000
76879 0.000000 0.000000 0.000000 1.000000
76880 0.000000 0.000000 0.000000 1.000000
76881 0.000000 0.000000 0.000000 1.000000
76885 0.000000 0.000000 0.000000 1.000000
76886 0.000000 0.000000 0.000000 1.000000
76887 0.000000 0.000000 0.000000 1.000000
76888 0.000000 0.000000 0.000000 1.000000
76895 0.000000 0.000000 0.000000 1.000000
76896 0.000000 0.000000 0.000000 1.000000
78015 0.000000 0.000000 0.000000 1.000000
78025 0.000000 0.000000 0.000000 1.000000
78026 0.000000 0.000000 0.000000 1.000000
78036 0.000000 0.000000 0.000000 1.000000
78037 0.000000 0.000000 0.000000 1.000000
78048 0.000000 0.000000 0.000000 1.000000
78049 0.000000 0.000000 0.000000 1.000000
78050 0.000000 0.000000 0.000000 1.000000
78051 0.000000 0.000000 0.000000 1.000000
78052 0.000000 0.000000 0.000000 1.000000
78064 0.000000 0.000000 0.000000 1.000000
78078 0.000000 0.000000 0.000000 1.000000
78079 0.000000 0.000000 0.000000 1.000000
78083 0.000000 0.000000 0.000000 1.000000
78084 0.000000 0.000000 0.000000 1.000000
78085 0.000000 0.000000 0.000000 1.000000
78090 0.000000 0.000000 0.000000 1.000000
78091 0.000000 0.000000 0.000000 1.000000
78092 0.000000 0.000000 0.000000 1.000000
78099 0.000000 0.000000 0.000000 1.000000
79301 0.000000 0.000000 0.000000 1.000000
79302 0.000000 0.000000 0.000000 1.000000
79310 0.000000 0.000000 0.000000 1.000000
79311 0.000000 0.000000 0.000000 1.000000
79320 0.000000 0.000000 0.000000 1.000000
79321 0.000000 0.000000 0.000000 1.000000
79322 0.000000 0.000000 0.000000 1.000000
79323 0.000000 0.000000 0.000000 1.000000
79333 0.000000 0.000000 0.000000 1.000000
79348 0.000000 0.000000 0.000000 1.000000
79349 0.000000 0.000000 0.000000 1.000000
79350 0.000000 0.000000 0.000000 1.000000
79362 0.000000 0.000000 0.000000 1.000000
79363 0.000000 0.000000 0.000000 1.000000
79364 0.000000 0.000000 0.000000 1.000000
79371 0.000000 0.000000 0.000000 1.000000
79372 0.000000 0.000000 0.000000 1.000000
79373 0.000000 0.000000 0.000000 1.000000
80570 0.000000 0.000000 0.000000 1.000000
80579 0.000000 0.000000 0.000000 1.000000
80580 0.000000 0.000000 0.000000 1.000000
80591 0.000000 0.000000 0.000000 1.000000
80592 0.000000 0.000000 0.000000 1.000000
80593 0.000000 0.000000 0.000000 1.000000
80594 0.000000 0.000000 0.000000 1.000000
80604 0.000000 0.000000 0.000000 1.000000
80615 0.000000 0.000000 0.000000 1.000000
80616 0.000000 0.000000 0.000000 1.000000
80617 0.000000 0.000000 0.000000 1.000000
80632 0.000000 0.000000 0.000000 1.000000
80633 0.000000 0.000000 0.000000 1.000000
80652 0.000000 0.000000 0.000000 1.000000
80653 0.000000 0.000000 0.000000 1.000000
80654 0.000000 0.000000 0.000000 1.000000
81824 0.000000 0.000000 0.000000 1.000000
81825 0.000000 0.000000 0.000000 1.000000
81834 0.000000 0.000000 0.000000 1.000000
81845 0.000000 0.000000 0.000000 1.000000
81846 0.000000 0.000000 0.000000 1.000000
