#
1609
26710 0.000000 0.000000 0.000000 1.000000
26711 0.000000 0.000000 0.000000 1.000000
26721 0.000000 0.000000 0.000000 1.000000
26722 0.000000 0.000000 0.000000 1.000000
26723 0.000000 0.000000 0.000000 1.000000
26724 0.000000 0.000000 0.000000 1.000000
26732 0.000000 0.000000 0.000000 1.000000
26733 0.000000 0.000000 0.000000 1.000000
26734 0.000000 0.000000 0.000000 1.000000
26735 0.000000 0.000000 0.000000 1.000000
26740 0.000000 0.000000 0.000000 1.000000
26741 0.000000 0.000000 0.000000 1.000000
26742 0.000000 0.000000 0.000000 1.000000
26743 0.000000 0.000000 0.000000 1.000000
26749 0.000000 0.000000 0.000000 1.000000
26750 0.000000 0.000000 0.000000 1.000000
26751 0.000000 0.000000 0.000000 1.000000
26752 0.000000 0.000000 0.000000 1.000000
26759 0.000000 0.000000 0.000000 1.000000
26760 0.000000 0.000000 0.000000 1.000000
26761 0.000000 0.000000 0.000000 1.000000
26769 0.000000 0.000000 0.000000 1.000000
26770 0.000000 0.000000 0.000000 1.000000
26771 0.000000 0.000000 0.000000 1.000000
26780 0.000000 0.000000 0.000000 1.000000
26781 0.000000 0.000000 0.000000 1.000000
26782 0.000000 0.000000 0.000000 1.000000
26790 0.000000 0.000000 0.000000 1.000000
26791 0.000000 0.000000 0.000000 1.000000
26792 0.000000 0.000000 0.000000 1.000000
26799 0.000000 0.000000 0.000000 1.000000
27676 0.000000 0.000000 0.000000 1.000000
27689 0.000000 0.000000 0.000000 1.000000
27690 0.000000 0.000000 0.000000 1.000000
27691 0.000000 0.000000 0.000000 1.000000
27707 0.000000 0.000000 0.000000 1.000000
27708 0.000000 0.000000 0.000000 1.000000
27709 0.000000 0.000000 0.000000 1.000000
27720 0.000000 0.000000 0.000000 1.000000
27721 0.000000 0.000000 0.000000 1.000000
27722 0.000000 0.000000 0.000000 1.000000
27729 0.000000 0.000000 0.000000 1.000000
27730 0.000000 0.000000 0.000000 1.000000
27731 0.000000 0.000000 0.000000 1.000000
27732 0.000000 0.000000 0.000000 1.000000
27733 0.000000 0.000000 0.000000 1.000000
27739 0.000000 0.000000 0.000000 1.000000
27740 0.000000 0.000000 0.000000 1.000000
27741 0.000000 0.000000 0.000000 1.000000
27742 0.000000 0.000000 0.000000 1.000000
27743 0.000000 0.000000 0.000000 1.000000
27749 0.000000 0.000000 0.000000 1.000000
27750 0.000000 0.000000 0.000000 1.000000
27751 0.000000 0.000000 0.000000 1.000000
27752 0.000000 0.000000 0.000000 1.000000
27758 0.000000 0.000000 0.000000 1.000000
27759 0.000000 0.000000 0.000000 1.000000
27760 0.000000 0.000000 0.000000 1.000000
27767 0.000000 0.000000 0.000000 1.000000
27768 0.000000 0.000000 0.000000 1.000000
27769 0.000000 0.000000 0.000000 1.000000
27778 0.000000 0.000000 0.000000 1.000000
27779 0.000000 0.000000 0.000000 1.000000
27780 0.000000 0.000000 0.000000 1.000000
27788 0.000000 0.000000 0.000000 1.000000
27790 0.000000 0.000000 0.000000 1.000000
28669 0.000000 0.000000 0.000000 1.000000
28670 0.000000 0.000000 0.000000 1.000000
28678 0.000000 0.000000 0.000000 1.000000
28679 0.000000 0.000000 0.000000 1.000000
28680 0.000000 0.000000 0.000000 1.000000
28694 0.000000 0.000000 0.000000 1.000000
28695 0.000000 0.000000 0.000000 1.000000
28696 0.000000 0.000000 0.000000 1.000000
28710 0.000000 0.000000 0.000000 1.000000
28711 0.000000 0.000000 0.000000 1.000000
28712 0.000000 0.000000 0.000000 1.000000
28722 0.000000 0.000000 0.000000 1.000000
28723 0.000000 0.000000 0.000000 1.000000
28724 0.000000 0.000000 0.000000 1.000000
28732 0.000000 0.000000 0.000000 1.000000
28733 0.000000 0.000000 0.000000 1.000000
28734 0.000000 0.000000 0.000000 1.000000
28742 0.000000 0.000000 0.000000 1.000000
28743 0.000000 0.000000 0.000000 1.000000
28744 0.000000 0.000000 0.000000 1.000000
28745 0.000000 0.000000 0.000000 1.000000
28751 0.000000 0.000000 0.000000 1.000000
28752 0.000000 0.000000 0.000000 1.000000
28753 0.000000 0.000000 0.000000 1.000000
28754 0.000000 0.000000 0.000000 1.000000
28760 0.000000 0.000000 0.000000 1.000000
28761 0.000000 0.000000 0.000000 1.000000
28762 0.000000 0.000000 0.000000 1.000000
28763 0.000000 0.000000 0.000000 1.000000
28771 0.000000 0.000000 0.000000 1.000000
28772 0.000000 0.000000 0.000000 1.000000
28773 0.000000 0.000000 0.000000 1.000000
28774 0.000000 0.000000 0.000000 1.000000
29650 0.000000 0.000000 0.000000 1.000000
29654 0.000000 0.000000 0.000000 1.000000
29662 0.000000 0.000000 0.000000 1.000000
29663 0.000000 0.000000 0.000000 1.000000
29673 0.000000 0.000000 0.000000 1.000000
29674 0.000000 0.000000 0.000000 1.000000
29675 0.000000 0.000000 0.000000 1.000000
29689 0.000000 0.000000 0.000000 1.000000
29690 0.000000 0.000000 0.000000 1.000000
29691 0.000000 0.000000 0.000000 1.000000
29692 0.000000 0.000000 0.000000 1.000000
29705 0.000000 0.000000 0.000000 1.000000
29717 0.000000 0.000000 0.000000 1.000000
29718 0.000000 0.000000 0.000000 1.000000
29728 0.000000 0.000000 0.000000 1.000000
29738 0.000000 0.000000 0.000000 1.000000
29739 0.000000 0.000000 0.000000 1.000000
29747 0.000000 0.000000 0.000000 1.000000
29748 0.000000 0.000000 0.000000 1.000000
29749 0.000000 0.000000 0.000000 1.000000
29754 0.000000 0.000000 0.000000 1.000000
29755 0.000000 0.000000 0.000000 1.000000
30678 0.000000 0.000000 0.000000 1.000000
30688 0.000000 0.000000 0.000000 1.000000
30697 0.000000 0.000000 0.000000 1.000000
30705 0.000000 0.000000 0.000000 1.000000
30706 0.000000 0.000000 0.000000 1.000000
30716 0.000000 0.000000 0.000000 1.000000
30717 0.000000 0.000000 0.000000 1.000000
30718 0.000000 0.000000 0.000000 1.000000
30719 0.000000 0.000000 0.000000 1.000000
30720 0.000000 0.000000 0.000000 1.000000
30731 0.000000 0.000000 0.000000 1.000000
30732 0.000000 0.000000 0.000000 1.000000
30733 0.000000 0.000000 0.000000 1.000000
30747 0.000000 0.000000 0.000000 1.000000
30760 0.000000 0.000000 0.000000 1.000000
30769 0.000000 0.000000 0.000000 1.000000
30770 0.000000 0.000000 0.000000 1.000000
30781 0.000000 0.000000 0.000000 1.000000
30782 0.000000 0.000000 0.000000 1.000000
30790 0.000000 0.000000 0.000000 1.000000
30822 0.000000 0.000000 0.000000 1.000000
30832 0.000000 0.000000 0.000000 1.000000
30843 0.000000 0.000000 0.000000 1.000000
31849 0.000000 0.000000 0.000000 1.000000
31850 0.000000 0.000000 0.000000 1.000000
31863 0.000000 0.000000 0.000000 1.000000
31864 0.000000 0.000000 0.000000 1.000000
31875 0.000000 0.000000 0.000000 1.000000
31876 0.000000 0.000000 0.000000 1.000000
31886 0.000000 0.000000 0.000000 1.000000
31887 0.000000 0.000000 0.000000 1.000000
31888 0.000000 0.000000 0.000000 1.000000
31889 0.000000 0.000000 0.000000 1.000000
31899 0.000000 0.000000 0.000000 1.000000
31900 0.000000 0.000000 0.000000 1.000000
31901 0.000000 0.000000 0.000000 1.000000
31902 0.000000 0.000000 0.000000 1.000000
31903 0.000000 0.000000 0.000000 1.000000
31916 0.000000 0.000000 0.000000 1.000000
31933 0.000000 0.000000 0.000000 1.000000
31948 0.000000 0.000000 0.000000 1.000000
31949 0.000000 0.000000 0.000000 1.000000
31962 0.000000 0.000000 0.000000 1.000000
31963 0.000000 0.000000 0.000000 1.000000
31971 0.000000 0.000000 0.000000 1.000000
31972 0.000000 0.000000 0.000000 1.000000
31981 0.000000 0.000000 0.000000 1.000000
31982 0.000000 0.000000 0.000000 1.000000
31983 0.000000 0.000000 0.000000 1.000000
31991 0.000000 0.000000 0.000000 1.000000
31992 0.000000 0.000000 0.000000 1.000000
32001 0.000000 0.000000 0.000000 1.000000
32002 0.000000 0.000000 0.000000 1.000000
32012 0.000000 0.000000 0.000000 1.000000
32013 0.000000 0.000000 0.000000 1.000000
32014 0.000000 0.000000 0.000000 1.000000
32023 0.000000 0.000000 0.000000 1.000000
32024 0.000000 0.000000 0.000000 1.000000
32025 0.000000 0.000000 0.000000 1.000000
32026 0.000000 0.000000 0.000000 1.000000
32035 0.000000 0.000000 0.000000 1.000000
32036 0.000000 0.000000 0.000000 1.000000
32037 0.000000 0.000000 0.000000 1.000000
32038 0.000000 0.000000 0.000000 1.000000
32039 0.000000 0.000000 0.000000 1.000000
32050 0.000000 0.000000 0.000000 1.000000
32051 0.000000 0.000000 0.000000 1.000000
32066 0.000000 0.000000 0.000000 1.000000
32067 0.000000 0.000000 0.000000 1.000000
32080 0.000000 0.000000 0.000000 1.000000
32991 0.000000 0.000000 0.000000 1.000000
33003 0.000000 0.000000 0.000000 1.000000
33004 0.000000 0.000000 0.000000 1.000000
33018 0.000000 0.000000 0.000000 1.000000
33032 0.000000 0.000000 0.000000 1.000000
33033 0.000000 0.000000 0.000000 1.000000
33043 0.000000 0.000000 0.000000 1.000000
33044 0.000000 0.000000 0.000000 1.000000
33045 0.000000 0.000000 0.000000 1.000000
33056 0.000000 0.000000 0.000000 1.000000
33057 0.000000 0.000000 0.000000 1.000000
33058 0.000000 0.000000 0.000000 1.000000
33059 0.000000 0.000000 0.000000 1.000000
33060 0.000000 0.000000 0.000000 1.000000
33061 0.000000 0.000000 0.000000 1.000000
33071 0.000000 0.000000 0.000000 1.000000
33072 0.000000 0.000000 0.000000 1.000000
33073 0.000000 0.000000 0.000000 1.000000
33074 0.000000 0.000000 0.000000 1.000000
33075 0.000000 0.000000 0.000000 1.000000
33086 0.000000 0.000000 0.000000 1.000000
33100 0.000000 0.000000 0.000000 1.000000
33101 0.000000 0.000000 0.000000 1.000000
33119 0.000000 0.000000 0.000000 1.000000
33120 0.000000 0.000000 0.000000 1.000000
33138 0.000000 0.000000 0.000000 1.000000
33139 0.000000 0.000000 0.000000 1.000000
33140 0.000000 0.000000 0.000000 1.000000
33155 0.000000 0.000000 0.000000 1.000000
33156 0.000000 0.000000 0.000000 1.000000
33168 0.000000 0.000000 0.000000 1.000000
33169 0.000000 0.000000 0.000000 1.000000
33181 0.000000 0.000000 0.000000 1.000000
33182 0.000000 0.000000 0.000000 1.000000
33193 0.000000 0.000000 0.000000 1.000000
33194 0.000000 0.000000 0.000000 1.000000
33195 0.000000 0.000000 0.000000 1.000000
33202 0.000000 0.000000 0.000000 1.000000
33203 0.000000 0.000000 0.000000 1.000000
33206 0.000000 0.000000 0.000000 1.000000
33207 0.000000 0.000000 0.000000 1.000000
33208 0.000000 0.000000 0.000000 1.000000
33215 0.000000 0.000000 0.000000 1.000000
33216 0.000000 0.000000 0.000000 1.000000
33225 0.000000 0.000000 0.000000 1.000000
33226 0.000000 0.000000 0.000000 1.000000
33227 0.000000 0.000000 0.000000 1.000000
33241 0.000000 0.000000 0.000000 1.000000
33242 0.000000 0.000000 0.000000 1.000000
33243 0.000000 0.000000 0.000000 1.000000
33244 0.000000 0.000000 0.000000 1.000000
33255 0.000000 0.000000 0.000000 1.000000
33256 0.000000 0.000000 0.000000 1.000000
33257 0.000000 0.000000 0.000000 1.000000
33258 0.000000 0.000000 0.000000 1.000000
33259 0.000000 0.000000 0.000000 1.000000
33260 0.000000 0.000000 0.000000 1.000000
33261 0.000000 0.000000 0.000000 1.000000
33262 0.000000 0.000000 0.000000 1.000000
33271 0.000000 0.000000 0.000000 1.000000
33272 0.000000 0.000000 0.000000 1.000000
33273 0.000000 0.000000 0.000000 1.000000
33274 0.000000 0.000000 0.000000 1.000000
33275 0.000000 0.000000 0.000000 1.000000
33276 0.000000 0.000000 0.000000 1.000000
33277 0.000000 0.000000 0.000000 1.000000
33278 0.000000 0.000000 0.000000 1.000000
33286 0.000000 0.000000 0.000000 1.000000
33287 0.000000 0.000000 0.000000 1.000000
33288 0.000000 0.000000 0.000000 1.000000
33291 0.000000 0.000000 0.000000 1.000000
33292 0.000000 0.000000 0.000000 1.000000
33293 0.000000 0.000000 0.000000 1.000000
33309 0.000000 0.000000 0.000000 1.000000
34114 0.000000 0.000000 0.000000 1.000000
34126 0.000000 0.000000 0.000000 1.000000
34127 0.000000 0.000000 0.000000 1.000000
34139 0.000000 0.000000 0.000000 1.000000
34140 0.000000 0.000000 0.000000 1.000000
34152 0.000000 0.000000 0.000000 1.000000
34153 0.000000 0.000000 0.000000 1.000000
34157 0.000000 0.000000 0.000000 1.000000
34158 0.000000 0.000000 0.000000 1.000000
34162 0.000000 0.000000 0.000000 1.000000
34163 0.000000 0.000000 0.000000 1.000000
34164 0.000000 0.000000 0.000000 1.000000
34167 0.000000 0.000000 0.000000 1.000000
34168 0.000000 0.000000 0.000000 1.000000
34169 0.000000 0.000000 0.000000 1.000000
34170 0.000000 0.000000 0.000000 1.000000
34171 0.000000 0.000000 0.000000 1.000000
34172 0.000000 0.000000 0.000000 1.000000
34173 0.000000 0.000000 0.000000 1.000000
34176 0.000000 0.000000 0.000000 1.000000
34177 0.000000 0.000000 0.000000 1.000000
34178 0.000000 0.000000 0.000000 1.000000
34179 0.000000 0.000000 0.000000 1.000000
34182 0.000000 0.000000 0.000000 1.000000
34183 0.000000 0.000000 0.000000 1.000000
34187 0.000000 0.000000 0.000000 1.000000
34188 0.000000 0.000000 0.000000 1.000000
34197 0.000000 0.000000 0.000000 1.000000
34198 0.000000 0.000000 0.000000 1.000000
34210 0.000000 0.000000 0.000000 1.000000
34223 0.000000 0.000000 0.000000 1.000000
34224 0.000000 0.000000 0.000000 1.000000
34234 0.000000 0.000000 0.000000 1.000000
34241 0.000000 0.000000 0.000000 1.000000
34242 0.000000 0.000000 0.000000 1.000000
34248 0.000000 0.000000 0.000000 1.000000
34249 0.000000 0.000000 0.000000 1.000000
34255 0.000000 0.000000 0.000000 1.000000
34256 0.000000 0.000000 0.000000 1.000000
34265 0.000000 0.000000 0.000000 1.000000
34273 0.000000 0.000000 0.000000 1.000000
34274 0.000000 0.000000 0.000000 1.000000
34285 0.000000 0.000000 0.000000 1.000000
34286 0.000000 0.000000 0.000000 1.000000
34299 0.000000 0.000000 0.000000 1.000000
34300 0.000000 0.000000 0.000000 1.000000
34301 0.000000 0.000000 0.000000 1.000000
34313 0.000000 0.000000 0.000000 1.000000
34314 0.000000 0.000000 0.000000 1.000000
34315 0.000000 0.000000 0.000000 1.000000
34326 0.000000 0.000000 0.000000 1.000000
35033 0.000000 0.000000 0.000000 1.000000
35045 0.000000 0.000000 0.000000 1.000000
35056 0.000000 0.000000 0.000000 1.000000
35057 0.000000 0.000000 0.000000 1.000000
35069 0.000000 0.000000 0.000000 1.000000
35070 0.000000 0.000000 0.000000 1.000000
35078 0.000000 0.000000 0.000000 1.000000
35082 0.000000 0.000000 0.000000 1.000000
35086 0.000000 0.000000 0.000000 1.000000
35087 0.000000 0.000000 0.000000 1.000000
35088 0.000000 0.000000 0.000000 1.000000
35089 0.000000 0.000000 0.000000 1.000000
35090 0.000000 0.000000 0.000000 1.000000
35091 0.000000 0.000000 0.000000 1.000000
35094 0.000000 0.000000 0.000000 1.000000
35095 0.000000 0.000000 0.000000 1.000000
35096 0.000000 0.000000 0.000000 1.000000
35097 0.000000 0.000000 0.000000 1.000000
35098 0.000000 0.000000 0.000000 1.000000
35099 0.000000 0.000000 0.000000 1.000000
35102 0.000000 0.000000 0.000000 1.000000
35103 0.000000 0.000000 0.000000 1.000000
35104 0.000000 0.000000 0.000000 1.000000
35105 0.000000 0.000000 0.000000 1.000000
35109 0.000000 0.000000 0.000000 1.000000
35110 0.000000 0.000000 0.000000 1.000000
35111 0.000000 0.000000 0.000000 1.000000
35115 0.000000 0.000000 0.000000 1.000000
35116 0.000000 0.000000 0.000000 1.000000
35117 0.000000 0.000000 0.000000 1.000000
35122 0.000000 0.000000 0.000000 1.000000
35123 0.000000 0.000000 0.000000 1.000000
35130 0.000000 0.000000 0.000000 1.000000
35131 0.000000 0.000000 0.000000 1.000000
35139 0.000000 0.000000 0.000000 1.000000
35143 0.000000 0.000000 0.000000 1.000000
35144 0.000000 0.000000 0.000000 1.000000
35153 0.000000 0.000000 0.000000 1.000000
35154 0.000000 0.000000 0.000000 1.000000
35161 0.000000 0.000000 0.000000 1.000000
35168 0.000000 0.000000 0.000000 1.000000
35169 0.000000 0.000000 0.000000 1.000000
35175 0.000000 0.000000 0.000000 1.000000
35176 0.000000 0.000000 0.000000 1.000000
35182 0.000000 0.000000 0.000000 1.000000
35183 0.000000 0.000000 0.000000 1.000000
35193 0.000000 0.000000 0.000000 1.000000
35194 0.000000 0.000000 0.000000 1.000000
35205 0.000000 0.000000 0.000000 1.000000
35219 0.000000 0.000000 0.000000 1.000000
35911 0.000000 0.000000 0.000000 1.000000
35922 0.000000 0.000000 0.000000 1.000000
35934 0.000000 0.000000 0.000000 1.000000
35935 0.000000 0.000000 0.000000 1.000000
35949 0.000000 0.000000 0.000000 1.000000
35950 0.000000 0.000000 0.000000 1.000000
35961 0.000000 0.000000 0.000000 1.000000
35971 0.000000 0.000000 0.000000 1.000000
35980 0.000000 0.000000 0.000000 1.000000
35981 0.000000 0.000000 0.000000 1.000000
35982 0.000000 0.000000 0.000000 1.000000
35983 0.000000 0.000000 0.000000 1.000000
35984 0.000000 0.000000 0.000000 1.000000
35987 0.000000 0.000000 0.000000 1.000000
35988 0.000000 0.000000 0.000000 1.000000
35989 0.000000 0.000000 0.000000 1.000000
35990 0.000000 0.000000 0.000000 1.000000
35991 0.000000 0.000000 0.000000 1.000000
35992 0.000000 0.000000 0.000000 1.000000
35993 0.000000 0.000000 0.000000 1.000000
35996 0.000000 0.000000 0.000000 1.000000
35997 0.000000 0.000000 0.000000 1.000000
35998 0.000000 0.000000 0.000000 1.000000
35999 0.000000 0.000000 0.000000 1.000000
36000 0.000000 0.000000 0.000000 1.000000
36001 0.000000 0.000000 0.000000 1.000000
36004 0.000000 0.000000 0.000000 1.000000
36005 0.000000 0.000000 0.000000 1.000000
36006 0.000000 0.000000 0.000000 1.000000
36007 0.000000 0.000000 0.000000 1.000000
36008 0.000000 0.000000 0.000000 1.000000
36009 0.000000 0.000000 0.000000 1.000000
36013 0.000000 0.000000 0.000000 1.000000
36014 0.000000 0.000000 0.000000 1.000000
36015 0.000000 0.000000 0.000000 1.000000
36019 0.000000 0.000000 0.000000 1.000000
36020 0.000000 0.000000 0.000000 1.000000
36021 0.000000 0.000000 0.000000 1.000000
36025 0.000000 0.000000 0.000000 1.000000
36026 0.000000 0.000000 0.000000 1.000000
36027 0.000000 0.000000 0.000000 1.000000
36035 0.000000 0.000000 0.000000 1.000000
36036 0.000000 0.000000 0.000000 1.000000
36047 0.000000 0.000000 0.000000 1.000000
36048 0.000000 0.000000 0.000000 1.000000
36057 0.000000 0.000000 0.000000 1.000000
36058 0.000000 0.000000 0.000000 1.000000
36066 0.000000 0.000000 0.000000 1.000000
36067 0.000000 0.000000 0.000000 1.000000
36072 0.000000 0.000000 0.000000 1.000000
36073 0.000000 0.000000 0.000000 1.000000
36078 0.000000 0.000000 0.000000 1.000000
36085 0.000000 0.000000 0.000000 1.000000
36086 0.000000 0.000000 0.000000 1.000000
36093 0.000000 0.000000 0.000000 1.000000
36100 0.000000 0.000000 0.000000 1.000000
36787 0.000000 0.000000 0.000000 1.000000
36794 0.000000 0.000000 0.000000 1.000000
36801 0.000000 0.000000 0.000000 1.000000
36810 0.000000 0.000000 0.000000 1.000000
36811 0.000000 0.000000 0.000000 1.000000
36823 0.000000 0.000000 0.000000 1.000000
36824 0.000000 0.000000 0.000000 1.000000
36832 0.000000 0.000000 0.000000 1.000000
36842 0.000000 0.000000 0.000000 1.000000
36843 0.000000 0.000000 0.000000 1.000000
36856 0.000000 0.000000 0.000000 1.000000
36857 0.000000 0.000000 0.000000 1.000000
36858 0.000000 0.000000 0.000000 1.000000
36859 0.000000 0.000000 0.000000 1.000000
36860 0.000000 0.000000 0.000000 1.000000
36868 0.000000 0.000000 0.000000 1.000000
36869 0.000000 0.000000 0.000000 1.000000
36870 0.000000 0.000000 0.000000 1.000000
36871 0.000000 0.000000 0.000000 1.000000
36872 0.000000 0.000000 0.000000 1.000000
36875 0.000000 0.000000 0.000000 1.000000
36876 0.000000 0.000000 0.000000 1.000000
36877 0.000000 0.000000 0.000000 1.000000
36878 0.000000 0.000000 0.000000 1.000000
36879 0.000000 0.000000 0.000000 1.000000
36880 0.000000 0.000000 0.000000 1.000000
36883 0.000000 0.000000 0.000000 1.000000
36884 0.000000 0.000000 0.000000 1.000000
36885 0.000000 0.000000 0.000000 1.000000
36886 0.000000 0.000000 0.000000 1.000000
36887 0.000000 0.000000 0.000000 1.000000
36888 0.000000 0.000000 0.000000 1.000000
36889 0.000000 0.000000 0.000000 1.000000
36892 0.000000 0.000000 0.000000 1.000000
36893 0.000000 0.000000 0.000000 1.000000
36894 0.000000 0.000000 0.000000 1.000000
36895 0.000000 0.000000 0.000000 1.000000
36896 0.000000 0.000000 0.000000 1.000000
36897 0.000000 0.000000 0.000000 1.000000
36898 0.000000 0.000000 0.000000 1.000000
36902 0.000000 0.000000 0.000000 1.000000
36903 0.000000 0.000000 0.000000 1.000000
36904 0.000000 0.000000 0.000000 1.000000
36905 0.000000 0.000000 0.000000 1.000000
36906 0.000000 0.000000 0.000000 1.000000
36910 0.000000 0.000000 0.000000 1.000000
36911 0.000000 0.000000 0.000000 1.000000
36912 0.000000 0.000000 0.000000 1.000000
36913 0.000000 0.000000 0.000000 1.000000
36917 0.000000 0.000000 0.000000 1.000000
36918 0.000000 0.000000 0.000000 1.000000
36919 0.000000 0.000000 0.000000 1.000000
36920 0.000000 0.000000 0.000000 1.000000
36932 0.000000 0.000000 0.000000 1.000000
36933 0.000000 0.000000 0.000000 1.000000
36934 0.000000 0.000000 0.000000 1.000000
36935 0.000000 0.000000 0.000000 1.000000
36946 0.000000 0.000000 0.000000 1.000000
36947 0.000000 0.000000 0.000000 1.000000
36948 0.000000 0.000000 0.000000 1.000000
36960 0.000000 0.000000 0.000000 1.000000
36961 0.000000 0.000000 0.000000 1.000000
36962 0.000000 0.000000 0.000000 1.000000
36971 0.000000 0.000000 0.000000 1.000000
36972 0.000000 0.000000 0.000000 1.000000
36973 0.000000 0.000000 0.000000 1.000000
36981 0.000000 0.000000 0.000000 1.000000
36982 0.000000 0.000000 0.000000 1.000000
36989 0.000000 0.000000 0.000000 1.000000
36990 0.000000 0.000000 0.000000 1.000000
36994 0.000000 0.000000 0.000000 1.000000
36995 0.000000 0.000000 0.000000 1.000000
37000 0.000000 0.000000 0.000000 1.000000
37008 0.000000 0.000000 0.000000 1.000000
37669 0.000000 0.000000 0.000000 1.000000
37678 0.000000 0.000000 0.000000 1.000000
37688 0.000000 0.000000 0.000000 1.000000
37696 0.000000 0.000000 0.000000 1.000000
37707 0.000000 0.000000 0.000000 1.000000
37708 0.000000 0.000000 0.000000 1.000000
37721 0.000000 0.000000 0.000000 1.000000
37722 0.000000 0.000000 0.000000 1.000000
37729 0.000000 0.000000 0.000000 1.000000
37738 0.000000 0.000000 0.000000 1.000000
37739 0.000000 0.000000 0.000000 1.000000
37756 0.000000 0.000000 0.000000 1.000000
37770 0.000000 0.000000 0.000000 1.000000
37771 0.000000 0.000000 0.000000 1.000000
37772 0.000000 0.000000 0.000000 1.000000
37773 0.000000 0.000000 0.000000 1.000000
37780 0.000000 0.000000 0.000000 1.000000
37781 0.000000 0.000000 0.000000 1.000000
37782 0.000000 0.000000 0.000000 1.000000
37783 0.000000 0.000000 0.000000 1.000000
37784 0.000000 0.000000 0.000000 1.000000
37787 0.000000 0.000000 0.000000 1.000000
37788 0.000000 0.000000 0.000000 1.000000
37789 0.000000 0.000000 0.000000 1.000000
37790 0.000000 0.000000 0.000000 1.000000
37791 0.000000 0.000000 0.000000 1.000000
37792 0.000000 0.000000 0.000000 1.000000
37794 0.000000 0.000000 0.000000 1.000000
37795 0.000000 0.000000 0.000000 1.000000
37796 0.000000 0.000000 0.000000 1.000000
37797 0.000000 0.000000 0.000000 1.000000
37798 0.000000 0.000000 0.000000 1.000000
37799 0.000000 0.000000 0.000000 1.000000
37800 0.000000 0.000000 0.000000 1.000000
37801 0.000000 0.000000 0.000000 1.000000
37804 0.000000 0.000000 0.000000 1.000000
37805 0.000000 0.000000 0.000000 1.000000
37806 0.000000 0.000000 0.000000 1.000000
37807 0.000000 0.000000 0.000000 1.000000
37808 0.000000 0.000000 0.000000 1.000000
37809 0.000000 0.000000 0.000000 1.000000
37810 0.000000 0.000000 0.000000 1.000000
37814 0.000000 0.000000 0.000000 1.000000
37815 0.000000 0.000000 0.000000 1.000000
37816 0.000000 0.000000 0.000000 1.000000
37817 0.000000 0.000000 0.000000 1.000000
37818 0.000000 0.000000 0.000000 1.000000
37819 0.000000 0.000000 0.000000 1.000000
37820 0.000000 0.000000 0.000000 1.000000
37826 0.000000 0.000000 0.000000 1.000000
37827 0.000000 0.000000 0.000000 1.000000
37828 0.000000 0.000000 0.000000 1.000000
37836 0.000000 0.000000 0.000000 1.000000
37837 0.000000 0.000000 0.000000 1.000000
37838 0.000000 0.000000 0.000000 1.000000
37839 0.000000 0.000000 0.000000 1.000000
37846 0.000000 0.000000 0.000000 1.000000
37847 0.000000 0.000000 0.000000 1.000000
37848 0.000000 0.000000 0.000000 1.000000
37849 0.000000 0.000000 0.000000 1.000000
37858 0.000000 0.000000 0.000000 1.000000
37859 0.000000 0.000000 0.000000 1.000000
37860 0.000000 0.000000 0.000000 1.000000
37861 0.000000 0.000000 0.000000 1.000000
37872 0.000000 0.000000 0.000000 1.000000
37873 0.000000 0.000000 0.000000 1.000000
37874 0.000000 0.000000 0.000000 1.000000
37875 0.000000 0.000000 0.000000 1.000000
37886 0.000000 0.000000 0.000000 1.000000
37887 0.000000 0.000000 0.000000 1.000000
37888 0.000000 0.000000 0.000000 1.000000
37889 0.000000 0.000000 0.000000 1.000000
37899 0.000000 0.000000 0.000000 1.000000
37900 0.000000 0.000000 0.000000 1.000000
37901 0.000000 0.000000 0.000000 1.000000
37908 0.000000 0.000000 0.000000 1.000000
37909 0.000000 0.000000 0.000000 1.000000
37910 0.000000 0.000000 0.000000 1.000000
37916 0.000000 0.000000 0.000000 1.000000
37917 0.000000 0.000000 0.000000 1.000000
37923 0.000000 0.000000 0.000000 1.000000
37924 0.000000 0.000000 0.000000 1.000000
37931 0.000000 0.000000 0.000000 1.000000
37938 0.000000 0.000000 0.000000 1.000000
38614 0.000000 0.000000 0.000000 1.000000
38618 0.000000 0.000000 0.000000 1.000000
38619 0.000000 0.000000 0.000000 1.000000
38624 0.000000 0.000000 0.000000 1.000000
38625 0.000000 0.000000 0.000000 1.000000
38633 0.000000 0.000000 0.000000 1.000000
38634 0.000000 0.000000 0.000000 1.000000
38642 0.000000 0.000000 0.000000 1.000000
38643 0.000000 0.000000 0.000000 1.000000
38653 0.000000 0.000000 0.000000 1.000000
38654 0.000000 0.000000 0.000000 1.000000
38667 0.000000 0.000000 0.000000 1.000000
38668 0.000000 0.000000 0.000000 1.000000
38677 0.000000 0.000000 0.000000 1.000000
38690 0.000000 0.000000 0.000000 1.000000
38691 0.000000 0.000000 0.000000 1.000000
38705 0.000000 0.000000 0.000000 1.000000
38720 0.000000 0.000000 0.000000 1.000000
38721 0.000000 0.000000 0.000000 1.000000
38735 0.000000 0.000000 0.000000 1.000000
38740 0.000000 0.000000 0.000000 1.000000
38741 0.000000 0.000000 0.000000 1.000000
38742 0.000000 0.000000 0.000000 1.000000
38743 0.000000 0.000000 0.000000 1.000000
38746 0.000000 0.000000 0.000000 1.000000
38747 0.000000 0.000000 0.000000 1.000000
38748 0.000000 0.000000 0.000000 1.000000
38749 0.000000 0.000000 0.000000 1.000000
38750 0.000000 0.000000 0.000000 1.000000
38751 0.000000 0.000000 0.000000 1.000000
38753 0.000000 0.000000 0.000000 1.000000
38754 0.000000 0.000000 0.000000 1.000000
38755 0.000000 0.000000 0.000000 1.000000
38756 0.000000 0.000000 0.000000 1.000000
38757 0.000000 0.000000 0.000000 1.000000
38758 0.000000 0.000000 0.000000 1.000000
38759 0.000000 0.000000 0.000000 1.000000
38762 0.000000 0.000000 0.000000 1.000000
38763 0.000000 0.000000 0.000000 1.000000
38764 0.000000 0.000000 0.000000 1.000000
38765 0.000000 0.000000 0.000000 1.000000
38766 0.000000 0.000000 0.000000 1.000000
38767 0.000000 0.000000 0.000000 1.000000
38768 0.000000 0.000000 0.000000 1.000000
38769 0.000000 0.000000 0.000000 1.000000
38770 0.000000 0.000000 0.000000 1.000000
38777 0.000000 0.000000 0.000000 1.000000
38778 0.000000 0.000000 0.000000 1.000000
38779 0.000000 0.000000 0.000000 1.000000
38780 0.000000 0.000000 0.000000 1.000000
38781 0.000000 0.000000 0.000000 1.000000
38782 0.000000 0.000000 0.000000 1.000000
38783 0.000000 0.000000 0.000000 1.000000
38791 0.000000 0.000000 0.000000 1.000000
38792 0.000000 0.000000 0.000000 1.000000
38793 0.000000 0.000000 0.000000 1.000000
38794 0.000000 0.000000 0.000000 1.000000
38795 0.000000 0.000000 0.000000 1.000000
38803 0.000000 0.000000 0.000000 1.000000
38804 0.000000 0.000000 0.000000 1.000000
38805 0.000000 0.000000 0.000000 1.000000
38811 0.000000 0.000000 0.000000 1.000000
38812 0.000000 0.000000 0.000000 1.000000
38813 0.000000 0.000000 0.000000 1.000000
38814 0.000000 0.000000 0.000000 1.000000
38821 0.000000 0.000000 0.000000 1.000000
38822 0.000000 0.000000 0.000000 1.000000
38823 0.000000 0.000000 0.000000 1.000000
38831 0.000000 0.000000 0.000000 1.000000
38832 0.000000 0.000000 0.000000 1.000000
38833 0.000000 0.000000 0.000000 1.000000
38834 0.000000 0.000000 0.000000 1.000000
38844 0.000000 0.000000 0.000000 1.000000
38845 0.000000 0.000000 0.000000 1.000000
38846 0.000000 0.000000 0.000000 1.000000
38847 0.000000 0.000000 0.000000 1.000000
38858 0.000000 0.000000 0.000000 1.000000
38859 0.000000 0.000000 0.000000 1.000000
38860 0.000000 0.000000 0.000000 1.000000
38861 0.000000 0.000000 0.000000 1.000000
38869 0.000000 0.000000 0.000000 1.000000
38870 0.000000 0.000000 0.000000 1.000000
38871 0.000000 0.000000 0.000000 1.000000
38878 0.000000 0.000000 0.000000 1.000000
38879 0.000000 0.000000 0.000000 1.000000
38880 0.000000 0.000000 0.000000 1.000000
38886 0.000000 0.000000 0.000000 1.000000
38887 0.000000 0.000000 0.000000 1.000000
38894 0.000000 0.000000 0.000000 1.000000
38895 0.000000 0.000000 0.000000 1.000000
38903 0.000000 0.000000 0.000000 1.000000
39603 0.000000 0.000000 0.000000 1.000000
39604 0.000000 0.000000 0.000000 1.000000
39608 0.000000 0.000000 0.000000 1.000000
39609 0.000000 0.000000 0.000000 1.000000
39610 0.000000 0.000000 0.000000 1.000000
39613 0.000000 0.000000 0.000000 1.000000
39614 0.000000 0.000000 0.000000 1.000000
39615 0.000000 0.000000 0.000000 1.000000
39618 0.000000 0.000000 0.000000 1.000000
39619 0.000000 0.000000 0.000000 1.000000
39622 0.000000 0.000000 0.000000 1.000000
39623 0.000000 0.000000 0.000000 1.000000
39626 0.000000 0.000000 0.000000 1.000000
39627 0.000000 0.000000 0.000000 1.000000
39630 0.000000 0.000000 0.000000 1.000000
39631 0.000000 0.000000 0.000000 1.000000
39637 0.000000 0.000000 0.000000 1.000000
39638 0.000000 0.000000 0.000000 1.000000
39640 0.000000 0.000000 0.000000 1.000000
39641 0.000000 0.000000 0.000000 1.000000
39652 0.000000 0.000000 0.000000 1.000000
39653 0.000000 0.000000 0.000000 1.000000
39667 0.000000 0.000000 0.000000 1.000000
39681 0.000000 0.000000 0.000000 1.000000
39682 0.000000 0.000000 0.000000 1.000000
39702 0.000000 0.000000 0.000000 1.000000
39717 0.000000 0.000000 0.000000 1.000000
39718 0.000000 0.000000 0.000000 1.000000
39727 0.000000 0.000000 0.000000 1.000000
39728 0.000000 0.000000 0.000000 1.000000
39730 0.000000 0.000000 0.000000 1.000000
39731 0.000000 0.000000 0.000000 1.000000
39732 0.000000 0.000000 0.000000 1.000000
39733 0.000000 0.000000 0.000000 1.000000
39735 0.000000 0.000000 0.000000 1.000000
39736 0.000000 0.000000 0.000000 1.000000
39737 0.000000 0.000000 0.000000 1.000000
39738 0.000000 0.000000 0.000000 1.000000
39739 0.000000 0.000000 0.000000 1.000000
39740 0.000000 0.000000 0.000000 1.000000
39746 0.000000 0.000000 0.000000 1.000000
39747 0.000000 0.000000 0.000000 1.000000
39748 0.000000 0.000000 0.000000 1.000000
39749 0.000000 0.000000 0.000000 1.000000
39750 0.000000 0.000000 0.000000 1.000000
39751 0.000000 0.000000 0.000000 1.000000
39752 0.000000 0.000000 0.000000 1.000000
39753 0.000000 0.000000 0.000000 1.000000
39754 0.000000 0.000000 0.000000 1.000000
39759 0.000000 0.000000 0.000000 1.000000
39760 0.000000 0.000000 0.000000 1.000000
39761 0.000000 0.000000 0.000000 1.000000
39762 0.000000 0.000000 0.000000 1.000000
39763 0.000000 0.000000 0.000000 1.000000
39764 0.000000 0.000000 0.000000 1.000000
39765 0.000000 0.000000 0.000000 1.000000
39766 0.000000 0.000000 0.000000 1.000000
39773 0.000000 0.000000 0.000000 1.000000
39774 0.000000 0.000000 0.000000 1.000000
39775 0.000000 0.000000 0.000000 1.000000
39776 0.000000 0.000000 0.000000 1.000000
39777 0.000000 0.000000 0.000000 1.000000
39778 0.000000 0.000000 0.000000 1.000000
39785 0.000000 0.000000 0.000000 1.000000
39786 0.000000 0.000000 0.000000 1.000000
39787 0.000000 0.000000 0.000000 1.000000
39788 0.000000 0.000000 0.000000 1.000000
39789 0.000000 0.000000 0.000000 1.000000
39796 0.000000 0.000000 0.000000 1.000000
39797 0.000000 0.000000 0.000000 1.000000
39798 0.000000 0.000000 0.000000 1.000000
39805 0.000000 0.000000 0.000000 1.000000
39806 0.000000 0.000000 0.000000 1.000000
39807 0.000000 0.000000 0.000000 1.000000
39814 0.000000 0.000000 0.000000 1.000000
39815 0.000000 0.000000 0.000000 1.000000
39816 0.000000 0.000000 0.000000 1.000000
39824 0.000000 0.000000 0.000000 1.000000
39825 0.000000 0.000000 0.000000 1.000000
39826 0.000000 0.000000 0.000000 1.000000
39827 0.000000 0.000000 0.000000 1.000000
39828 0.000000 0.000000 0.000000 1.000000
39837 0.000000 0.000000 0.000000 1.000000
39838 0.000000 0.000000 0.000000 1.000000
39839 0.000000 0.000000 0.000000 1.000000
39840 0.000000 0.000000 0.000000 1.000000
39849 0.000000 0.000000 0.000000 1.000000
39850 0.000000 0.000000 0.000000 1.000000
39851 0.000000 0.000000 0.000000 1.000000
39852 0.000000 0.000000 0.000000 1.000000
39861 0.000000 0.000000 0.000000 1.000000
39862 0.000000 0.000000 0.000000 1.000000
39863 0.000000 0.000000 0.000000 1.000000
39864 0.000000 0.000000 0.000000 1.000000
39872 0.000000 0.000000 0.000000 1.000000
39873 0.000000 0.000000 0.000000 1.000000
39874 0.000000 0.000000 0.000000 1.000000
39884 0.000000 0.000000 0.000000 1.000000
39885 0.000000 0.000000 0.000000 1.000000
39894 0.000000 0.000000 0.000000 1.000000
40552 0.000000 0.000000 0.000000 1.000000
40553 0.000000 0.000000 0.000000 1.000000
40555 0.000000 0.000000 0.000000 1.000000
40556 0.000000 0.000000 0.000000 1.000000
40559 0.000000 0.000000 0.000000 1.000000
40560 0.000000 0.000000 0.000000 1.000000
40563 0.000000 0.000000 0.000000 1.000000
40564 0.000000 0.000000 0.000000 1.000000
40567 0.000000 0.000000 0.000000 1.000000
40568 0.000000 0.000000 0.000000 1.000000
40570 0.000000 0.000000 0.000000 1.000000
40571 0.000000 0.000000 0.000000 1.000000
40573 0.000000 0.000000 0.000000 1.000000
40574 0.000000 0.000000 0.000000 1.000000
40576 0.000000 0.000000 0.000000 1.000000
40577 0.000000 0.000000 0.000000 1.000000
40582 0.000000 0.000000 0.000000 1.000000
40583 0.000000 0.000000 0.000000 1.000000
40589 0.000000 0.000000 0.000000 1.000000
40590 0.000000 0.000000 0.000000 1.000000
40597 0.000000 0.000000 0.000000 1.000000
40604 0.000000 0.000000 0.000000 1.000000
40605 0.000000 0.000000 0.000000 1.000000
40612 0.000000 0.000000 0.000000 1.000000
40613 0.000000 0.000000 0.000000 1.000000
40625 0.000000 0.000000 0.000000 1.000000
40643 0.000000 0.000000 0.000000 1.000000
40644 0.000000 0.000000 0.000000 1.000000
40661 0.000000 0.000000 0.000000 1.000000
40671 0.000000 0.000000 0.000000 1.000000
40673 0.000000 0.000000 0.000000 1.000000
40674 0.000000 0.000000 0.000000 1.000000
40675 0.000000 0.000000 0.000000 1.000000
40676 0.000000 0.000000 0.000000 1.000000
40682 0.000000 0.000000 0.000000 1.000000
40683 0.000000 0.000000 0.000000 1.000000
40684 0.000000 0.000000 0.000000 1.000000
40685 0.000000 0.000000 0.000000 1.000000
40686 0.000000 0.000000 0.000000 1.000000
40687 0.000000 0.000000 0.000000 1.000000
40695 0.000000 0.000000 0.000000 1.000000
40696 0.000000 0.000000 0.000000 1.000000
40697 0.000000 0.000000 0.000000 1.000000
40698 0.000000 0.000000 0.000000 1.000000
40699 0.000000 0.000000 0.000000 1.000000
40700 0.000000 0.000000 0.000000 1.000000
40701 0.000000 0.000000 0.000000 1.000000
40702 0.000000 0.000000 0.000000 1.000000
40710 0.000000 0.000000 0.000000 1.000000
40711 0.000000 0.000000 0.000000 1.000000
40712 0.000000 0.000000 0.000000 1.000000
40713 0.000000 0.000000 0.000000 1.000000
40714 0.000000 0.000000 0.000000 1.000000
40715 0.000000 0.000000 0.000000 1.000000
40716 0.000000 0.000000 0.000000 1.000000
40717 0.000000 0.000000 0.000000 1.000000
40718 0.000000 0.000000 0.000000 1.000000
40719 0.000000 0.000000 0.000000 1.000000
40720 0.000000 0.000000 0.000000 1.000000
40729 0.000000 0.000000 0.000000 1.000000
40730 0.000000 0.000000 0.000000 1.000000
40731 0.000000 0.000000 0.000000 1.000000
40732 0.000000 0.000000 0.000000 1.000000
40733 0.000000 0.000000 0.000000 1.000000
40734 0.000000 0.000000 0.000000 1.000000
40735 0.000000 0.000000 0.000000 1.000000
40736 0.000000 0.000000 0.000000 1.000000
40737 0.000000 0.000000 0.000000 1.000000
40748 0.000000 0.000000 0.000000 1.000000
40749 0.000000 0.000000 0.000000 1.000000
40750 0.000000 0.000000 0.000000 1.000000
40751 0.000000 0.000000 0.000000 1.000000
40752 0.000000 0.000000 0.000000 1.000000
40753 0.000000 0.000000 0.000000 1.000000
40754 0.000000 0.000000 0.000000 1.000000
40768 0.000000 0.000000 0.000000 1.000000
40769 0.000000 0.000000 0.000000 1.000000
40770 0.000000 0.000000 0.000000 1.000000
40785 0.000000 0.000000 0.000000 1.000000
40786 0.000000 0.000000 0.000000 1.000000
40787 0.000000 0.000000 0.000000 1.000000
40801 0.000000 0.000000 0.000000 1.000000
40802 0.000000 0.000000 0.000000 1.000000
40803 0.000000 0.000000 0.000000 1.000000
40804 0.000000 0.000000 0.000000 1.000000
40816 0.000000 0.000000 0.000000 1.000000
40817 0.000000 0.000000 0.000000 1.000000
40818 0.000000 0.000000 0.000000 1.000000
40819 0.000000 0.000000 0.000000 1.000000
40830 0.000000 0.000000 0.000000 1.000000
40831 0.000000 0.000000 0.000000 1.000000
40832 0.000000 0.000000 0.000000 1.000000
40833 0.000000 0.000000 0.000000 1.000000
40844 0.000000 0.000000 0.000000 1.000000
40845 0.000000 0.000000 0.000000 1.000000
40846 0.000000 0.000000 0.000000 1.000000
40847 0.000000 0.000000 0.000000 1.000000
40848 0.000000 0.000000 0.000000 1.000000
40858 0.000000 0.000000 0.000000 1.000000
40859 0.000000 0.000000 0.000000 1.000000
40860 0.000000 0.000000 0.000000 1.000000
40861 0.000000 0.000000 0.000000 1.000000
40872 0.000000 0.000000 0.000000 1.000000
40873 0.000000 0.000000 0.000000 1.000000
40874 0.000000 0.000000 0.000000 1.000000
40885 0.000000 0.000000 0.000000 1.000000
40886 0.000000 0.000000 0.000000 1.000000
40898 0.000000 0.000000 0.000000 1.000000
41530 0.000000 0.000000 0.000000 1.000000
41533 0.000000 0.000000 0.000000 1.000000
41534 0.000000 0.000000 0.000000 1.000000
41537 0.000000 0.000000 0.000000 1.000000
41538 0.000000 0.000000 0.000000 1.000000
41541 0.000000 0.000000 0.000000 1.000000
41542 0.000000 0.000000 0.000000 1.000000
41546 0.000000 0.000000 0.000000 1.000000
41547 0.000000 0.000000 0.000000 1.000000
41550 0.000000 0.000000 0.000000 1.000000
41551 0.000000 0.000000 0.000000 1.000000
41554 0.000000 0.000000 0.000000 1.000000
41555 0.000000 0.000000 0.000000 1.000000
41558 0.000000 0.000000 0.000000 1.000000
41559 0.000000 0.000000 0.000000 1.000000
41565 0.000000 0.000000 0.000000 1.000000
41566 0.000000 0.000000 0.000000 1.000000
41572 0.000000 0.000000 0.000000 1.000000
41573 0.000000 0.000000 0.000000 1.000000
41579 0.000000 0.000000 0.000000 1.000000
41580 0.000000 0.000000 0.000000 1.000000
41587 0.000000 0.000000 0.000000 1.000000
41588 0.000000 0.000000 0.000000 1.000000
41594 0.000000 0.000000 0.000000 1.000000
41595 0.000000 0.000000 0.000000 1.000000
41604 0.000000 0.000000 0.000000 1.000000
41605 0.000000 0.000000 0.000000 1.000000
41617 0.000000 0.000000 0.000000 1.000000
41618 0.000000 0.000000 0.000000 1.000000
41634 0.000000 0.000000 0.000000 1.000000
41652 0.000000 0.000000 0.000000 1.000000
41653 0.000000 0.000000 0.000000 1.000000
41666 0.000000 0.000000 0.000000 1.000000
41667 0.000000 0.000000 0.000000 1.000000
41675 0.000000 0.000000 0.000000 1.000000
41685 0.000000 0.000000 0.000000 1.000000
41686 0.000000 0.000000 0.000000 1.000000
41694 0.000000 0.000000 0.000000 1.000000
41695 0.000000 0.000000 0.000000 1.000000
41696 0.000000 0.000000 0.000000 1.000000
41697 0.000000 0.000000 0.000000 1.000000
41698 0.000000 0.000000 0.000000 1.000000
41699 0.000000 0.000000 0.000000 1.000000
41705 0.000000 0.000000 0.000000 1.000000
41706 0.000000 0.000000 0.000000 1.000000
41707 0.000000 0.000000 0.000000 1.000000
41708 0.000000 0.000000 0.000000 1.000000
41709 0.000000 0.000000 0.000000 1.000000
41710 0.000000 0.000000 0.000000 1.000000
41711 0.000000 0.000000 0.000000 1.000000
41712 0.000000 0.000000 0.000000 1.000000
41713 0.000000 0.000000 0.000000 1.000000
41721 0.000000 0.000000 0.000000 1.000000
41722 0.000000 0.000000 0.000000 1.000000
41723 0.000000 0.000000 0.000000 1.000000
41724 0.000000 0.000000 0.000000 1.000000
41725 0.000000 0.000000 0.000000 1.000000
41726 0.000000 0.000000 0.000000 1.000000
41727 0.000000 0.000000 0.000000 1.000000
41728 0.000000 0.000000 0.000000 1.000000
41729 0.000000 0.000000 0.000000 1.000000
41730 0.000000 0.000000 0.000000 1.000000
41731 0.000000 0.000000 0.000000 1.000000
41732 0.000000 0.000000 0.000000 1.000000
41741 0.000000 0.000000 0.000000 1.000000
41742 0.000000 0.000000 0.000000 1.000000
41743 0.000000 0.000000 0.000000 1.000000
41744 0.000000 0.000000 0.000000 1.000000
41745 0.000000 0.000000 0.000000 1.000000
41746 0.000000 0.000000 0.000000 1.000000
41747 0.000000 0.000000 0.000000 1.000000
41748 0.000000 0.000000 0.000000 1.000000
41749 0.000000 0.000000 0.000000 1.000000
41750 0.000000 0.000000 0.000000 1.000000
41759 0.000000 0.000000 0.000000 1.000000
41760 0.000000 0.000000 0.000000 1.000000
41761 0.000000 0.000000 0.000000 1.000000
41762 0.000000 0.000000 0.000000 1.000000
41763 0.000000 0.000000 0.000000 1.000000
41764 0.000000 0.000000 0.000000 1.000000
41765 0.000000 0.000000 0.000000 1.000000
41775 0.000000 0.000000 0.000000 1.000000
41776 0.000000 0.000000 0.000000 1.000000
41789 0.000000 0.000000 0.000000 1.000000
41790 0.000000 0.000000 0.000000 1.000000
41791 0.000000 0.000000 0.000000 1.000000
41806 0.000000 0.000000 0.000000 1.000000
41807 0.000000 0.000000 0.000000 1.000000
41808 0.000000 0.000000 0.000000 1.000000
41809 0.000000 0.000000 0.000000 1.000000
41825 0.000000 0.000000 0.000000 1.000000
41826 0.000000 0.000000 0.000000 1.000000
41827 0.000000 0.000000 0.000000 1.000000
41828 0.000000 0.000000 0.000000 1.000000
41829 0.000000 0.000000 0.000000 1.000000
41845 0.000000 0.000000 0.000000 1.000000
41846 0.000000 0.000000 0.000000 1.000000
41847 0.000000 0.000000 0.000000 1.000000
41848 0.000000 0.000000 0.000000 1.000000
41849 0.000000 0.000000 0.000000 1.000000
41850 0.000000 0.000000 0.000000 1.000000
41867 0.000000 0.000000 0.000000 1.000000
41868 0.000000 0.000000 0.000000 1.000000
41869 0.000000 0.000000 0.000000 1.000000
41870 0.000000 0.000000 0.000000 1.000000
41884 0.000000 0.000000 0.000000 1.000000
41885 0.000000 0.000000 0.000000 1.000000
41886 0.000000 0.000000 0.000000 1.000000
41900 0.000000 0.000000 0.000000 1.000000
41901 0.000000 0.000000 0.000000 1.000000
41902 0.000000 0.000000 0.000000 1.000000
41916 0.000000 0.000000 0.000000 1.000000
42503 0.000000 0.000000 0.000000 1.000000
42506 0.000000 0.000000 0.000000 1.000000
42508 0.000000 0.000000 0.000000 1.000000
42509 0.000000 0.000000 0.000000 1.000000
42511 0.000000 0.000000 0.000000 1.000000
42512 0.000000 0.000000 0.000000 1.000000
42514 0.000000 0.000000 0.000000 1.000000
42515 0.000000 0.000000 0.000000 1.000000
42518 0.000000 0.000000 0.000000 1.000000
42519 0.000000 0.000000 0.000000 1.000000
42521 0.000000 0.000000 0.000000 1.000000
42522 0.000000 0.000000 0.000000 1.000000
42524 0.000000 0.000000 0.000000 1.000000
42525 0.000000 0.000000 0.000000 1.000000
42527 0.000000 0.000000 0.000000 1.000000
42528 0.000000 0.000000 0.000000 1.000000
42533 0.000000 0.000000 0.000000 1.000000
42534 0.000000 0.000000 0.000000 1.000000
42541 0.000000 0.000000 0.000000 1.000000
42542 0.000000 0.000000 0.000000 1.000000
42547 0.000000 0.000000 0.000000 1.000000
42548 0.000000 0.000000 0.000000 1.000000
42555 0.000000 0.000000 0.000000 1.000000
42556 0.000000 0.000000 0.000000 1.000000
42562 0.000000 0.000000 0.000000 1.000000
42563 0.000000 0.000000 0.000000 1.000000
42570 0.000000 0.000000 0.000000 1.000000
42576 0.000000 0.000000 0.000000 1.000000
42577 0.000000 0.000000 0.000000 1.000000
42582 0.000000 0.000000 0.000000 1.000000
42583 0.000000 0.000000 0.000000 1.000000
42594 0.000000 0.000000 0.000000 1.000000
42595 0.000000 0.000000 0.000000 1.000000
42610 0.000000 0.000000 0.000000 1.000000
42611 0.000000 0.000000 0.000000 1.000000
42626 0.000000 0.000000 0.000000 1.000000
42627 0.000000 0.000000 0.000000 1.000000
42636 0.000000 0.000000 0.000000 1.000000
42637 0.000000 0.000000 0.000000 1.000000
42646 0.000000 0.000000 0.000000 1.000000
42654 0.000000 0.000000 0.000000 1.000000
42663 0.000000 0.000000 0.000000 1.000000
42664 0.000000 0.000000 0.000000 1.000000
42665 0.000000 0.000000 0.000000 1.000000
42666 0.000000 0.000000 0.000000 1.000000
42667 0.000000 0.000000 0.000000 1.000000
42677 0.000000 0.000000 0.000000 1.000000
42678 0.000000 0.000000 0.000000 1.000000
42679 0.000000 0.000000 0.000000 1.000000
42680 0.000000 0.000000 0.000000 1.000000
42681 0.000000 0.000000 0.000000 1.000000
42682 0.000000 0.000000 0.000000 1.000000
42683 0.000000 0.000000 0.000000 1.000000
42684 0.000000 0.000000 0.000000 1.000000
42685 0.000000 0.000000 0.000000 1.000000
42695 0.000000 0.000000 0.000000 1.000000
42696 0.000000 0.000000 0.000000 1.000000
42697 0.000000 0.000000 0.000000 1.000000
42698 0.000000 0.000000 0.000000 1.000000
42699 0.000000 0.000000 0.000000 1.000000
42700 0.000000 0.000000 0.000000 1.000000
42701 0.000000 0.000000 0.000000 1.000000
42702 0.000000 0.000000 0.000000 1.000000
42703 0.000000 0.000000 0.000000 1.000000
42704 0.000000 0.000000 0.000000 1.000000
42705 0.000000 0.000000 0.000000 1.000000
42706 0.000000 0.000000 0.000000 1.000000
42715 0.000000 0.000000 0.000000 1.000000
42716 0.000000 0.000000 0.000000 1.000000
42717 0.000000 0.000000 0.000000 1.000000
42718 0.000000 0.000000 0.000000 1.000000
42719 0.000000 0.000000 0.000000 1.000000
42720 0.000000 0.000000 0.000000 1.000000
42721 0.000000 0.000000 0.000000 1.000000
42722 0.000000 0.000000 0.000000 1.000000
42723 0.000000 0.000000 0.000000 1.000000
42724 0.000000 0.000000 0.000000 1.000000
42725 0.000000 0.000000 0.000000 1.000000
42733 0.000000 0.000000 0.000000 1.000000
42734 0.000000 0.000000 0.000000 1.000000
42735 0.000000 0.000000 0.000000 1.000000
42736 0.000000 0.000000 0.000000 1.000000
42737 0.000000 0.000000 0.000000 1.000000
42738 0.000000 0.000000 0.000000 1.000000
42739 0.000000 0.000000 0.000000 1.000000
42740 0.000000 0.000000 0.000000 1.000000
42746 0.000000 0.000000 0.000000 1.000000
42747 0.000000 0.000000 0.000000 1.000000
42753 0.000000 0.000000 0.000000 1.000000
42754 0.000000 0.000000 0.000000 1.000000
42755 0.000000 0.000000 0.000000 1.000000
42760 0.000000 0.000000 0.000000 1.000000
42761 0.000000 0.000000 0.000000 1.000000
42762 0.000000 0.000000 0.000000 1.000000
42763 0.000000 0.000000 0.000000 1.000000
42764 0.000000 0.000000 0.000000 1.000000
42765 0.000000 0.000000 0.000000 1.000000
42775 0.000000 0.000000 0.000000 1.000000
42776 0.000000 0.000000 0.000000 1.000000
42777 0.000000 0.000000 0.000000 1.000000
42778 0.000000 0.000000 0.000000 1.000000
42779 0.000000 0.000000 0.000000 1.000000
42780 0.000000 0.000000 0.000000 1.000000
42791 0.000000 0.000000 0.000000 1.000000
42792 0.000000 0.000000 0.000000 1.000000
42793 0.000000 0.000000 0.000000 1.000000
42794 0.000000 0.000000 0.000000 1.000000
42804 0.000000 0.000000 0.000000 1.000000
42805 0.000000 0.000000 0.000000 1.000000
42806 0.000000 0.000000 0.000000 1.000000
42807 0.000000 0.000000 0.000000 1.000000
42818 0.000000 0.000000 0.000000 1.000000
42819 0.000000 0.000000 0.000000 1.000000
42830 0.000000 0.000000 0.000000 1.000000
42831 0.000000 0.000000 0.000000 1.000000
42884 0.000000 0.000000 0.000000 1.000000
43451 0.000000 0.000000 0.000000 1.000000
43452 0.000000 0.000000 0.000000 1.000000
43459 0.000000 0.000000 0.000000 1.000000
43461 0.000000 0.000000 0.000000 1.000000
43463 0.000000 0.000000 0.000000 1.000000
43465 0.000000 0.000000 0.000000 1.000000
43468 0.000000 0.000000 0.000000 1.000000
43472 0.000000 0.000000 0.000000 1.000000
43474 0.000000 0.000000 0.000000 1.000000
43475 0.000000 0.000000 0.000000 1.000000
43478 0.000000 0.000000 0.000000 1.000000
43479 0.000000 0.000000 0.000000 1.000000
43483 0.000000 0.000000 0.000000 1.000000
43484 0.000000 0.000000 0.000000 1.000000
43489 0.000000 0.000000 0.000000 1.000000
43490 0.000000 0.000000 0.000000 1.000000
43497 0.000000 0.000000 0.000000 1.000000
43498 0.000000 0.000000 0.000000 1.000000
43506 0.000000 0.000000 0.000000 1.000000
43514 0.000000 0.000000 0.000000 1.000000
43515 0.000000 0.000000 0.000000 1.000000
43524 0.000000 0.000000 0.000000 1.000000
43525 0.000000 0.000000 0.000000 1.000000
43539 0.000000 0.000000 0.000000 1.000000
43557 0.000000 0.000000 0.000000 1.000000
43558 0.000000 0.000000 0.000000 1.000000
43573 0.000000 0.000000 0.000000 1.000000
43574 0.000000 0.000000 0.000000 1.000000
43583 0.000000 0.000000 0.000000 1.000000
43584 0.000000 0.000000 0.000000 1.000000
43591 0.000000 0.000000 0.000000 1.000000
43592 0.000000 0.000000 0.000000 1.000000
43600 0.000000 0.000000 0.000000 1.000000
43601 0.000000 0.000000 0.000000 1.000000
43609 0.000000 0.000000 0.000000 1.000000
43610 0.000000 0.000000 0.000000 1.000000
43620 0.000000 0.000000 0.000000 1.000000
43621 0.000000 0.000000 0.000000 1.000000
43622 0.000000 0.000000 0.000000 1.000000
43623 0.000000 0.000000 0.000000 1.000000
43624 0.000000 0.000000 0.000000 1.000000
43625 0.000000 0.000000 0.000000 1.000000
43626 0.000000 0.000000 0.000000 1.000000
43627 0.000000 0.000000 0.000000 1.000000
43628 0.000000 0.000000 0.000000 1.000000
43639 0.000000 0.000000 0.000000 1.000000
43640 0.000000 0.000000 0.000000 1.000000
43641 0.000000 0.000000 0.000000 1.000000
43642 0.000000 0.000000 0.000000 1.000000
43643 0.000000 0.000000 0.000000 1.000000
43644 0.000000 0.000000 0.000000 1.000000
43645 0.000000 0.000000 0.000000 1.000000
43646 0.000000 0.000000 0.000000 1.000000
43647 0.000000 0.000000 0.000000 1.000000
43648 0.000000 0.000000 0.000000 1.000000
43649 0.000000 0.000000 0.000000 1.000000
43650 0.000000 0.000000 0.000000 1.000000
43659 0.000000 0.000000 0.000000 1.000000
43660 0.000000 0.000000 0.000000 1.000000
43661 0.000000 0.000000 0.000000 1.000000
43662 0.000000 0.000000 0.000000 1.000000
43663 0.000000 0.000000 0.000000 1.000000
43664 0.000000 0.000000 0.000000 1.000000
43665 0.000000 0.000000 0.000000 1.000000
43666 0.000000 0.000000 0.000000 1.000000
43667 0.000000 0.000000 0.000000 1.000000
43668 0.000000 0.000000 0.000000 1.000000
43669 0.000000 0.000000 0.000000 1.000000
43677 0.000000 0.000000 0.000000 1.000000
43678 0.000000 0.000000 0.000000 1.000000
43679 0.000000 0.000000 0.000000 1.000000
43680 0.000000 0.000000 0.000000 1.000000
43681 0.000000 0.000000 0.000000 1.000000
43682 0.000000 0.000000 0.000000 1.000000
43689 0.000000 0.000000 0.000000 1.000000
43690 0.000000 0.000000 0.000000 1.000000
43691 0.000000 0.000000 0.000000 1.000000
43699 0.000000 0.000000 0.000000 1.000000
43700 0.000000 0.000000 0.000000 1.000000
43701 0.000000 0.000000 0.000000 1.000000
43702 0.000000 0.000000 0.000000 1.000000
43703 0.000000 0.000000 0.000000 1.000000
43704 0.000000 0.000000 0.000000 1.000000
43711 0.000000 0.000000 0.000000 1.000000
43712 0.000000 0.000000 0.000000 1.000000
43713 0.000000 0.000000 0.000000 1.000000
43714 0.000000 0.000000 0.000000 1.000000
43715 0.000000 0.000000 0.000000 1.000000
43716 0.000000 0.000000 0.000000 1.000000
43722 0.000000 0.000000 0.000000 1.000000
43723 0.000000 0.000000 0.000000 1.000000
43724 0.000000 0.000000 0.000000 1.000000
43725 0.000000 0.000000 0.000000 1.000000
43726 0.000000 0.000000 0.000000 1.000000
43732 0.000000 0.000000 0.000000 1.000000
43733 0.000000 0.000000 0.000000 1.000000
43734 0.000000 0.000000 0.000000 1.000000
43735 0.000000 0.000000 0.000000 1.000000
43743 0.000000 0.000000 0.000000 1.000000
43744 0.000000 0.000000 0.000000 1.000000
43745 0.000000 0.000000 0.000000 1.000000
43757 0.000000 0.000000 0.000000 1.000000
43758 0.000000 0.000000 0.000000 1.000000
43767 0.000000 0.000000 0.000000 1.000000
43772 0.000000 0.000000 0.000000 1.000000
43773 0.000000 0.000000 0.000000 1.000000
43780 0.000000 0.000000 0.000000 1.000000
43793 0.000000 0.000000 0.000000 1.000000
43810 0.000000 0.000000 0.000000 1.000000
44418 0.000000 0.000000 0.000000 1.000000
44420 0.000000 0.000000 0.000000 1.000000
44422 0.000000 0.000000 0.000000 1.000000
44425 0.000000 0.000000 0.000000 1.000000
44428 0.000000 0.000000 0.000000 1.000000
44432 0.000000 0.000000 0.000000 1.000000
44433 0.000000 0.000000 0.000000 1.000000
44435 0.000000 0.000000 0.000000 1.000000
44436 0.000000 0.000000 0.000000 1.000000
44439 0.000000 0.000000 0.000000 1.000000
44442 0.000000 0.000000 0.000000 1.000000
44444 0.000000 0.000000 0.000000 1.000000
44448 0.000000 0.000000 0.000000 1.000000
44456 0.000000 0.000000 0.000000 1.000000
44457 0.000000 0.000000 0.000000 1.000000
44465 0.000000 0.000000 0.000000 1.000000
44466 0.000000 0.000000 0.000000 1.000000
44477 0.000000 0.000000 0.000000 1.000000
44486 0.000000 0.000000 0.000000 1.000000
44497 0.000000 0.000000 0.000000 1.000000
44498 0.000000 0.000000 0.000000 1.000000
44514 0.000000 0.000000 0.000000 1.000000
44531 0.000000 0.000000 0.000000 1.000000
44532 0.000000 0.000000 0.000000 1.000000
44544 0.000000 0.000000 0.000000 1.000000
44545 0.000000 0.000000 0.000000 1.000000
44553 0.000000 0.000000 0.000000 1.000000
44554 0.000000 0.000000 0.000000 1.000000
44563 0.000000 0.000000 0.000000 1.000000
44564 0.000000 0.000000 0.000000 1.000000
44574 0.000000 0.000000 0.000000 1.000000
44575 0.000000 0.000000 0.000000 1.000000
44586 0.000000 0.000000 0.000000 1.000000
44587 0.000000 0.000000 0.000000 1.000000
44588 0.000000 0.000000 0.000000 1.000000
44600 0.000000 0.000000 0.000000 1.000000
44601 0.000000 0.000000 0.000000 1.000000
44602 0.000000 0.000000 0.000000 1.000000
44603 0.000000 0.000000 0.000000 1.000000
44604 0.000000 0.000000 0.000000 1.000000
44605 0.000000 0.000000 0.000000 1.000000
44606 0.000000 0.000000 0.000000 1.000000
44607 0.000000 0.000000 0.000000 1.000000
44608 0.000000 0.000000 0.000000 1.000000
44609 0.000000 0.000000 0.000000 1.000000
44620 0.000000 0.000000 0.000000 1.000000
44621 0.000000 0.000000 0.000000 1.000000
44622 0.000000 0.000000 0.000000 1.000000
44623 0.000000 0.000000 0.000000 1.000000
44624 0.000000 0.000000 0.000000 1.000000
44625 0.000000 0.000000 0.000000 1.000000
44626 0.000000 0.000000 0.000000 1.000000
44627 0.000000 0.000000 0.000000 1.000000
44628 0.000000 0.000000 0.000000 1.000000
44629 0.000000 0.000000 0.000000 1.000000
44630 0.000000 0.000000 0.000000 1.000000
44631 0.000000 0.000000 0.000000 1.000000
44639 0.000000 0.000000 0.000000 1.000000
44640 0.000000 0.000000 0.000000 1.000000
44641 0.000000 0.000000 0.000000 1.000000
44642 0.000000 0.000000 0.000000 1.000000
44643 0.000000 0.000000 0.000000 1.000000
44651 0.000000 0.000000 0.000000 1.000000
44652 0.000000 0.000000 0.000000 1.000000
44653 0.000000 0.000000 0.000000 1.000000
44660 0.000000 0.000000 0.000000 1.000000
44661 0.000000 0.000000 0.000000 1.000000
44662 0.000000 0.000000 0.000000 1.000000
44663 0.000000 0.000000 0.000000 1.000000
44664 0.000000 0.000000 0.000000 1.000000
44671 0.000000 0.000000 0.000000 1.000000
44672 0.000000 0.000000 0.000000 1.000000
44673 0.000000 0.000000 0.000000 1.000000
44674 0.000000 0.000000 0.000000 1.000000
44675 0.000000 0.000000 0.000000 1.000000
44684 0.000000 0.000000 0.000000 1.000000
44685 0.000000 0.000000 0.000000 1.000000
44686 0.000000 0.000000 0.000000 1.000000
44687 0.000000 0.000000 0.000000 1.000000
44688 0.000000 0.000000 0.000000 1.000000
44701 0.000000 0.000000 0.000000 1.000000
44702 0.000000 0.000000 0.000000 1.000000
44703 0.000000 0.000000 0.000000 1.000000
44714 0.000000 0.000000 0.000000 1.000000
44715 0.000000 0.000000 0.000000 1.000000
44716 0.000000 0.000000 0.000000 1.000000
44722 0.000000 0.000000 0.000000 1.000000
44723 0.000000 0.000000 0.000000 1.000000
44728 0.000000 0.000000 0.000000 1.000000
44729 0.000000 0.000000 0.000000 1.000000
44742 0.000000 0.000000 0.000000 1.000000
44743 0.000000 0.000000 0.000000 1.000000
44762 0.000000 0.000000 0.000000 1.000000
44763 0.000000 0.000000 0.000000 1.000000
45549 0.000000 0.000000 0.000000 1.000000
45550 0.000000 0.000000 0.000000 1.000000
45552 0.000000 0.000000 0.000000 1.000000
45554 0.000000 0.000000 0.000000 1.000000
45557 0.000000 0.000000 0.000000 1.000000
45560 0.000000 0.000000 0.000000 1.000000
45562 0.000000 0.000000 0.000000 1.000000
45593 0.000000 0.000000 0.000000 1.000000
45604 0.000000 0.000000 0.000000 1.000000
45626 0.000000 0.000000 0.000000 1.000000
45627 0.000000 0.000000 0.000000 1.000000
45642 0.000000 0.000000 0.000000 1.000000
45653 0.000000 0.000000 0.000000 1.000000
45663 0.000000 0.000000 0.000000 1.000000
45675 0.000000 0.000000 0.000000 1.000000
45688 0.000000 0.000000 0.000000 1.000000
45704 0.000000 0.000000 0.000000 1.000000
45705 0.000000 0.000000 0.000000 1.000000
45722 0.000000 0.000000 0.000000 1.000000
45723 0.000000 0.000000 0.000000 1.000000
45724 0.000000 0.000000 0.000000 1.000000
45725 0.000000 0.000000 0.000000 1.000000
45726 0.000000 0.000000 0.000000 1.000000
45727 0.000000 0.000000 0.000000 1.000000
45728 0.000000 0.000000 0.000000 1.000000
45729 0.000000 0.000000 0.000000 1.000000
45730 0.000000 0.000000 0.000000 1.000000
45731 0.000000 0.000000 0.000000 1.000000
45732 0.000000 0.000000 0.000000 1.000000
45747 0.000000 0.000000 0.000000 1.000000
45748 0.000000 0.000000 0.000000 1.000000
45749 0.000000 0.000000 0.000000 1.000000
45750 0.000000 0.000000 0.000000 1.000000
45751 0.000000 0.000000 0.000000 1.000000
45752 0.000000 0.000000 0.000000 1.000000
45753 0.000000 0.000000 0.000000 1.000000
45754 0.000000 0.000000 0.000000 1.000000
45755 0.000000 0.000000 0.000000 1.000000
45756 0.000000 0.000000 0.000000 1.000000
45757 0.000000 0.000000 0.000000 1.000000
45758 0.000000 0.000000 0.000000 1.000000
45772 0.000000 0.000000 0.000000 1.000000
45773 0.000000 0.000000 0.000000 1.000000
45774 0.000000 0.000000 0.000000 1.000000
45775 0.000000 0.000000 0.000000 1.000000
45788 0.000000 0.000000 0.000000 1.000000
45789 0.000000 0.000000 0.000000 1.000000
45790 0.000000 0.000000 0.000000 1.000000
45791 0.000000 0.000000 0.000000 1.000000
45801 0.000000 0.000000 0.000000 1.000000
45802 0.000000 0.000000 0.000000 1.000000
45803 0.000000 0.000000 0.000000 1.000000
45804 0.000000 0.000000 0.000000 1.000000
45817 0.000000 0.000000 0.000000 1.000000
45818 0.000000 0.000000 0.000000 1.000000
45819 0.000000 0.000000 0.000000 1.000000
45820 0.000000 0.000000 0.000000 1.000000
45821 0.000000 0.000000 0.000000 1.000000
45832 0.000000 0.000000 0.000000 1.000000
45833 0.000000 0.000000 0.000000 1.000000
45834 0.000000 0.000000 0.000000 1.000000
45835 0.000000 0.000000 0.000000 1.000000
45842 0.000000 0.000000 0.000000 1.000000
45843 0.000000 0.000000 0.000000 1.000000
45844 0.000000 0.000000 0.000000 1.000000
45851 0.000000 0.000000 0.000000 1.000000
45852 0.000000 0.000000 0.000000 1.000000
45863 0.000000 0.000000 0.000000 1.000000
45864 0.000000 0.000000 0.000000 1.000000
45881 0.000000 0.000000 0.000000 1.000000
45882 0.000000 0.000000 0.000000 1.000000
46687 0.000000 0.000000 0.000000 1.000000
46688 0.000000 0.000000 0.000000 1.000000
46696 0.000000 0.000000 0.000000 1.000000
46697 0.000000 0.000000 0.000000 1.000000
46705 0.000000 0.000000 0.000000 1.000000
46706 0.000000 0.000000 0.000000 1.000000
46830 0.000000 0.000000 0.000000 1.000000
46843 0.000000 0.000000 0.000000 1.000000
46856 0.000000 0.000000 0.000000 1.000000
46857 0.000000 0.000000 0.000000 1.000000
46870 0.000000 0.000000 0.000000 1.000000
46871 0.000000 0.000000 0.000000 1.000000
46872 0.000000 0.000000 0.000000 1.000000
46873 0.000000 0.000000 0.000000 1.000000
46874 0.000000 0.000000 0.000000 1.000000
46875 0.000000 0.000000 0.000000 1.000000
46876 0.000000 0.000000 0.000000 1.000000
46877 0.000000 0.000000 0.000000 1.000000
46878 0.000000 0.000000 0.000000 1.000000
46879 0.000000 0.000000 0.000000 1.000000
46880 0.000000 0.000000 0.000000 1.000000
46881 0.000000 0.000000 0.000000 1.000000
46882 0.000000 0.000000 0.000000 1.000000
46895 0.000000 0.000000 0.000000 1.000000
46896 0.000000 0.000000 0.000000 1.000000
46897 0.000000 0.000000 0.000000 1.000000
46898 0.000000 0.000000 0.000000 1.000000
46899 0.000000 0.000000 0.000000 1.000000
46900 0.000000 0.000000 0.000000 1.000000
46901 0.000000 0.000000 0.000000 1.000000
46902 0.000000 0.000000 0.000000 1.000000
46903 0.000000 0.000000 0.000000 1.000000
46904 0.000000 0.000000 0.000000 1.000000
46905 0.000000 0.000000 0.000000 1.000000
46906 0.000000 0.000000 0.000000 1.000000
46922 0.000000 0.000000 0.000000 1.000000
46923 0.000000 0.000000 0.000000 1.000000
46924 0.000000 0.000000 0.000000 1.000000
46925 0.000000 0.000000 0.000000 1.000000
46926 0.000000 0.000000 0.000000 1.000000
46927 0.000000 0.000000 0.000000 1.000000
46928 0.000000 0.000000 0.000000 1.000000
46944 0.000000 0.000000 0.000000 1.000000
46945 0.000000 0.000000 0.000000 1.000000
46946 0.000000 0.000000 0.000000 1.000000
46947 0.000000 0.000000 0.000000 1.000000
46964 0.000000 0.000000 0.000000 1.000000
46965 0.000000 0.000000 0.000000 1.000000
46966 0.000000 0.000000 0.000000 1.000000
46967 0.000000 0.000000 0.000000 1.000000
46968 0.000000 0.000000 0.000000 1.000000
46981 0.000000 0.000000 0.000000 1.000000
46982 0.000000 0.000000 0.000000 1.000000
46983 0.000000 0.000000 0.000000 1.000000
46984 0.000000 0.000000 0.000000 1.000000
46995 0.000000 0.000000 0.000000 1.000000
46996 0.000000 0.000000 0.000000 1.000000
46997 0.000000 0.000000 0.000000 1.000000
47003 0.000000 0.000000 0.000000 1.000000
47004 0.000000 0.000000 0.000000 1.000000
47016 0.000000 0.000000 0.000000 1.000000
47017 0.000000 0.000000 0.000000 1.000000
47035 0.000000 0.000000 0.000000 1.000000
47984 0.000000 0.000000 0.000000 1.000000
47985 0.000000 0.000000 0.000000 1.000000
47994 0.000000 0.000000 0.000000 1.000000
47995 0.000000 0.000000 0.000000 1.000000
48007 0.000000 0.000000 0.000000 1.000000
48008 0.000000 0.000000 0.000000 1.000000
48009 0.000000 0.000000 0.000000 1.000000
48010 0.000000 0.000000 0.000000 1.000000
48011 0.000000 0.000000 0.000000 1.000000
48023 0.000000 0.000000 0.000000 1.000000
48024 0.000000 0.000000 0.000000 1.000000
48025 0.000000 0.000000 0.000000 1.000000
48026 0.000000 0.000000 0.000000 1.000000
48027 0.000000 0.000000 0.000000 1.000000
48028 0.000000 0.000000 0.000000 1.000000
48029 0.000000 0.000000 0.000000 1.000000
48030 0.000000 0.000000 0.000000 1.000000
48031 0.000000 0.000000 0.000000 1.000000
48032 0.000000 0.000000 0.000000 1.000000
48033 0.000000 0.000000 0.000000 1.000000
48034 0.000000 0.000000 0.000000 1.000000
48048 0.000000 0.000000 0.000000 1.000000
48049 0.000000 0.000000 0.000000 1.000000
48050 0.000000 0.000000 0.000000 1.000000
48051 0.000000 0.000000 0.000000 1.000000
48052 0.000000 0.000000 0.000000 1.000000
48053 0.000000 0.000000 0.000000 1.000000
48054 0.000000 0.000000 0.000000 1.000000
48055 0.000000 0.000000 0.000000 1.000000
48056 0.000000 0.000000 0.000000 1.000000
48057 0.000000 0.000000 0.000000 1.000000
48058 0.000000 0.000000 0.000000 1.000000
48070 0.000000 0.000000 0.000000 1.000000
48071 0.000000 0.000000 0.000000 1.000000
48072 0.000000 0.000000 0.000000 1.000000
48073 0.000000 0.000000 0.000000 1.000000
48074 0.000000 0.000000 0.000000 1.000000
48075 0.000000 0.000000 0.000000 1.000000
48076 0.000000 0.000000 0.000000 1.000000
48091 0.000000 0.000000 0.000000 1.000000
48092 0.000000 0.000000 0.000000 1.000000
48093 0.000000 0.000000 0.000000 1.000000
48094 0.000000 0.000000 0.000000 1.000000
48095 0.000000 0.000000 0.000000 1.000000
48108 0.000000 0.000000 0.000000 1.000000
48109 0.000000 0.000000 0.000000 1.000000
48110 0.000000 0.000000 0.000000 1.000000
48111 0.000000 0.000000 0.000000 1.000000
48112 0.000000 0.000000 0.000000 1.000000
48127 0.000000 0.000000 0.000000 1.000000
48128 0.000000 0.000000 0.000000 1.000000
48129 0.000000 0.000000 0.000000 1.000000
48130 0.000000 0.000000 0.000000 1.000000
48143 0.000000 0.000000 0.000000 1.000000
48144 0.000000 0.000000 0.000000 1.000000
48158 0.000000 0.000000 0.000000 1.000000
48159 0.000000 0.000000 0.000000 1.000000
48170 0.000000 0.000000 0.000000 1.000000
49171 0.000000 0.000000 0.000000 1.000000
49187 0.000000 0.000000 0.000000 1.000000
49188 0.000000 0.000000 0.000000 1.000000
49189 0.000000 0.000000 0.000000 1.000000
49190 0.000000 0.000000 0.000000 1.000000
49191 0.000000 0.000000 0.000000 1.000000
49192 0.000000 0.000000 0.000000 1.000000
49193 0.000000 0.000000 0.000000 1.000000
49197 0.000000 0.000000 0.000000 1.000000
49198 0.000000 0.000000 0.000000 1.000000
49199 0.000000 0.000000 0.000000 1.000000
49202 0.000000 0.000000 0.000000 1.000000
49203 0.000000 0.000000 0.000000 1.000000
49204 0.000000 0.000000 0.000000 1.000000
49205 0.000000 0.000000 0.000000 1.000000
49206 0.000000 0.000000 0.000000 1.000000
49213 0.000000 0.000000 0.000000 1.000000
49214 0.000000 0.000000 0.000000 1.000000
49219 0.000000 0.000000 0.000000 1.000000
49220 0.000000 0.000000 0.000000 1.000000
49221 0.000000 0.000000 0.000000 1.000000
49222 0.000000 0.000000 0.000000 1.000000
49235 0.000000 0.000000 0.000000 1.000000
49236 0.000000 0.000000 0.000000 1.000000
49237 0.000000 0.000000 0.000000 1.000000
49254 0.000000 0.000000 0.000000 1.000000
49255 0.000000 0.000000 0.000000 1.000000
49256 0.000000 0.000000 0.000000 1.000000
49257 0.000000 0.000000 0.000000 1.000000
49273 0.000000 0.000000 0.000000 1.000000
49274 0.000000 0.000000 0.000000 1.000000
49275 0.000000 0.000000 0.000000 1.000000
49276 0.000000 0.000000 0.000000 1.000000
49292 0.000000 0.000000 0.000000 1.000000
49293 0.000000 0.000000 0.000000 1.000000
49294 0.000000 0.000000 0.000000 1.000000
49310 0.000000 0.000000 0.000000 1.000000
49311 0.000000 0.000000 0.000000 1.000000
49312 0.000000 0.000000 0.000000 1.000000
49322 0.000000 0.000000 0.000000 1.000000
49323 0.000000 0.000000 0.000000 1.000000
49324 0.000000 0.000000 0.000000 1.000000
50347 0.000000 0.000000 0.000000 1.000000
50348 0.000000 0.000000 0.000000 1.000000
50349 0.000000 0.000000 0.000000 1.000000
50350 0.000000 0.000000 0.000000 1.000000
50363 0.000000 0.000000 0.000000 1.000000
50364 0.000000 0.000000 0.000000 1.000000
50365 0.000000 0.000000 0.000000 1.000000
50366 0.000000 0.000000 0.000000 1.000000
50368 0.000000 0.000000 0.000000 1.000000
50369 0.000000 0.000000 0.000000 1.000000
50382 0.000000 0.000000 0.000000 1.000000
50383 0.000000 0.000000 0.000000 1.000000
50389 0.000000 0.000000 0.000000 1.000000
50390 0.000000 0.000000 0.000000 1.000000
50391 0.000000 0.000000 0.000000 1.000000
50404 0.000000 0.000000 0.000000 1.000000
50405 0.000000 0.000000 0.000000 1.000000
50425 0.000000 0.000000 0.000000 1.000000
50426 0.000000 0.000000 0.000000 1.000000
50427 0.000000 0.000000 0.000000 1.000000
50447 0.000000 0.000000 0.000000 1.000000
50448 0.000000 0.000000 0.000000 1.000000
50449 0.000000 0.000000 0.000000 1.000000
50470 0.000000 0.000000 0.000000 1.000000
50471 0.000000 0.000000 0.000000 1.000000
50472 0.000000 0.000000 0.000000 1.000000
50496 0.000000 0.000000 0.000000 1.000000
50497 0.000000 0.000000 0.000000 1.000000
50516 0.000000 0.000000 0.000000 1.000000
51634 0.000000 0.000000 0.000000 1.000000
51635 0.000000 0.000000 0.000000 1.000000
51636 0.000000 0.000000 0.000000 1.000000
51637 0.000000 0.000000 0.000000 1.000000
51644 0.000000 0.000000 0.000000 1.000000
51645 0.000000 0.000000 0.000000 1.000000
51657 0.000000 0.000000 0.000000 1.000000
51658 0.000000 0.000000 0.000000 1.000000
51672 0.000000 0.000000 0.000000 1.000000
51673 0.000000 0.000000 0.000000 1.000000
51686 0.000000 0.000000 0.000000 1.000000
51687 0.000000 0.000000 0.000000 1.000000
51694 0.000000 0.000000 0.000000 1.000000
51695 0.000000 0.000000 0.000000 1.000000
51696 0.000000 0.000000 0.000000 1.000000
51708 0.000000 0.000000 0.000000 1.000000
51709 0.000000 0.000000 0.000000 1.000000
51723 0.000000 0.000000 0.000000 1.000000
52792 0.000000 0.000000 0.000000 1.000000
52793 0.000000 0.000000 0.000000 1.000000
52802 0.000000 0.000000 0.000000 1.000000
52815 0.000000 0.000000 0.000000 1.000000
52816 0.000000 0.000000 0.000000 1.000000
52829 0.000000 0.000000 0.000000 1.000000
52844 0.000000 0.000000 0.000000 1.000000
52857 0.000000 0.000000 0.000000 1.000000
137290 0.000000 0.000000 0.000000 1.000000
137300 0.000000 0.000000 0.000000 1.000000
137304 0.000000 0.000000 0.000000 1.000000
137306 0.000000 0.000000 0.000000 1.000000
137307 0.000000 0.000000 0.000000 1.000000
137308 0.000000 0.000000 0.000000 1.000000
137312 0.000000 0.000000 0.000000 1.000000
137313 0.000000 0.000000 0.000000 1.000000
137314 0.000000 0.000000 0.000000 1.000000
137315 0.000000 0.000000 0.000000 1.000000
