#
1488
40051 0.000000 0.000000 0.000000 1.000000
40059 0.000000 0.000000 0.000000 1.000000
40060 0.000000 0.000000 0.000000 1.000000
40067 0.000000 0.000000 0.000000 1.000000
40068 0.000000 0.000000 0.000000 1.000000
40069 0.000000 0.000000 0.000000 1.000000
40076 0.000000 0.000000 0.000000 1.000000
40077 0.000000 0.000000 0.000000 1.000000
40085 0.000000 0.000000 0.000000 1.000000
40086 0.000000 0.000000 0.000000 1.000000
41019 0.000000 0.000000 0.000000 1.000000
41020 0.000000 0.000000 0.000000 1.000000
41021 0.000000 0.000000 0.000000 1.000000
41039 0.000000 0.000000 0.000000 1.000000
41040 0.000000 0.000000 0.000000 1.000000
41041 0.000000 0.000000 0.000000 1.000000
41049 0.000000 0.000000 0.000000 1.000000
41050 0.000000 0.000000 0.000000 1.000000
41051 0.000000 0.000000 0.000000 1.000000
41052 0.000000 0.000000 0.000000 1.000000
41061 0.000000 0.000000 0.000000 1.000000
41062 0.000000 0.000000 0.000000 1.000000
41063 0.000000 0.000000 0.000000 1.000000
41064 0.000000 0.000000 0.000000 1.000000
41070 0.000000 0.000000 0.000000 1.000000
41071 0.000000 0.000000 0.000000 1.000000
41072 0.000000 0.000000 0.000000 1.000000
41073 0.000000 0.000000 0.000000 1.000000
41076 0.000000 0.000000 0.000000 1.000000
41077 0.000000 0.000000 0.000000 1.000000
41078 0.000000 0.000000 0.000000 1.000000
41079 0.000000 0.000000 0.000000 1.000000
41080 0.000000 0.000000 0.000000 1.000000
41083 0.000000 0.000000 0.000000 1.000000
41084 0.000000 0.000000 0.000000 1.000000
41085 0.000000 0.000000 0.000000 1.000000
41086 0.000000 0.000000 0.000000 1.000000
41087 0.000000 0.000000 0.000000 1.000000
41088 0.000000 0.000000 0.000000 1.000000
42006 0.000000 0.000000 0.000000 1.000000
42007 0.000000 0.000000 0.000000 1.000000
42008 0.000000 0.000000 0.000000 1.000000
42009 0.000000 0.000000 0.000000 1.000000
42029 0.000000 0.000000 0.000000 1.000000
42030 0.000000 0.000000 0.000000 1.000000
42031 0.000000 0.000000 0.000000 1.000000
42032 0.000000 0.000000 0.000000 1.000000
42033 0.000000 0.000000 0.000000 1.000000
42046 0.000000 0.000000 0.000000 1.000000
42047 0.000000 0.000000 0.000000 1.000000
42048 0.000000 0.000000 0.000000 1.000000
42049 0.000000 0.000000 0.000000 1.000000
42050 0.000000 0.000000 0.000000 1.000000
42054 0.000000 0.000000 0.000000 1.000000
42055 0.000000 0.000000 0.000000 1.000000
42056 0.000000 0.000000 0.000000 1.000000
42057 0.000000 0.000000 0.000000 1.000000
42058 0.000000 0.000000 0.000000 1.000000
42063 0.000000 0.000000 0.000000 1.000000
42064 0.000000 0.000000 0.000000 1.000000
42065 0.000000 0.000000 0.000000 1.000000
42067 0.000000 0.000000 0.000000 1.000000
42068 0.000000 0.000000 0.000000 1.000000
42069 0.000000 0.000000 0.000000 1.000000
42072 0.000000 0.000000 0.000000 1.000000
42073 0.000000 0.000000 0.000000 1.000000
42078 0.000000 0.000000 0.000000 1.000000
42079 0.000000 0.000000 0.000000 1.000000
42080 0.000000 0.000000 0.000000 1.000000
42085 0.000000 0.000000 0.000000 1.000000
42903 0.000000 0.000000 0.000000 1.000000
42915 0.000000 0.000000 0.000000 1.000000
42916 0.000000 0.000000 0.000000 1.000000
42917 0.000000 0.000000 0.000000 1.000000
42918 0.000000 0.000000 0.000000 1.000000
42933 0.000000 0.000000 0.000000 1.000000
42934 0.000000 0.000000 0.000000 1.000000
42935 0.000000 0.000000 0.000000 1.000000
42936 0.000000 0.000000 0.000000 1.000000
42937 0.000000 0.000000 0.000000 1.000000
42938 0.000000 0.000000 0.000000 1.000000
42939 0.000000 0.000000 0.000000 1.000000
42940 0.000000 0.000000 0.000000 1.000000
42956 0.000000 0.000000 0.000000 1.000000
42957 0.000000 0.000000 0.000000 1.000000
42958 0.000000 0.000000 0.000000 1.000000
42959 0.000000 0.000000 0.000000 1.000000
42961 0.000000 0.000000 0.000000 1.000000
42962 0.000000 0.000000 0.000000 1.000000
42963 0.000000 0.000000 0.000000 1.000000
42964 0.000000 0.000000 0.000000 1.000000
42966 0.000000 0.000000 0.000000 1.000000
42967 0.000000 0.000000 0.000000 1.000000
42968 0.000000 0.000000 0.000000 1.000000
42969 0.000000 0.000000 0.000000 1.000000
42972 0.000000 0.000000 0.000000 1.000000
42973 0.000000 0.000000 0.000000 1.000000
42974 0.000000 0.000000 0.000000 1.000000
42975 0.000000 0.000000 0.000000 1.000000
42976 0.000000 0.000000 0.000000 1.000000
42980 0.000000 0.000000 0.000000 1.000000
42981 0.000000 0.000000 0.000000 1.000000
42982 0.000000 0.000000 0.000000 1.000000
42983 0.000000 0.000000 0.000000 1.000000
42984 0.000000 0.000000 0.000000 1.000000
42985 0.000000 0.000000 0.000000 1.000000
42991 0.000000 0.000000 0.000000 1.000000
42992 0.000000 0.000000 0.000000 1.000000
42993 0.000000 0.000000 0.000000 1.000000
42994 0.000000 0.000000 0.000000 1.000000
42995 0.000000 0.000000 0.000000 1.000000
43000 0.000000 0.000000 0.000000 1.000000
43001 0.000000 0.000000 0.000000 1.000000
43002 0.000000 0.000000 0.000000 1.000000
43824 0.000000 0.000000 0.000000 1.000000
43825 0.000000 0.000000 0.000000 1.000000
43826 0.000000 0.000000 0.000000 1.000000
43836 0.000000 0.000000 0.000000 1.000000
43837 0.000000 0.000000 0.000000 1.000000
43838 0.000000 0.000000 0.000000 1.000000
43839 0.000000 0.000000 0.000000 1.000000
43840 0.000000 0.000000 0.000000 1.000000
43854 0.000000 0.000000 0.000000 1.000000
43855 0.000000 0.000000 0.000000 1.000000
43856 0.000000 0.000000 0.000000 1.000000
43857 0.000000 0.000000 0.000000 1.000000
43867 0.000000 0.000000 0.000000 1.000000
43868 0.000000 0.000000 0.000000 1.000000
43869 0.000000 0.000000 0.000000 1.000000
43871 0.000000 0.000000 0.000000 1.000000
43872 0.000000 0.000000 0.000000 1.000000
43873 0.000000 0.000000 0.000000 1.000000
43874 0.000000 0.000000 0.000000 1.000000
43876 0.000000 0.000000 0.000000 1.000000
43877 0.000000 0.000000 0.000000 1.000000
43878 0.000000 0.000000 0.000000 1.000000
43883 0.000000 0.000000 0.000000 1.000000
43884 0.000000 0.000000 0.000000 1.000000
43885 0.000000 0.000000 0.000000 1.000000
43891 0.000000 0.000000 0.000000 1.000000
43892 0.000000 0.000000 0.000000 1.000000
43893 0.000000 0.000000 0.000000 1.000000
43897 0.000000 0.000000 0.000000 1.000000
43898 0.000000 0.000000 0.000000 1.000000
43899 0.000000 0.000000 0.000000 1.000000
43900 0.000000 0.000000 0.000000 1.000000
43901 0.000000 0.000000 0.000000 1.000000
43903 0.000000 0.000000 0.000000 1.000000
43904 0.000000 0.000000 0.000000 1.000000
43905 0.000000 0.000000 0.000000 1.000000
43906 0.000000 0.000000 0.000000 1.000000
43907 0.000000 0.000000 0.000000 1.000000
44786 0.000000 0.000000 0.000000 1.000000
44787 0.000000 0.000000 0.000000 1.000000
44798 0.000000 0.000000 0.000000 1.000000
44799 0.000000 0.000000 0.000000 1.000000
44800 0.000000 0.000000 0.000000 1.000000
44801 0.000000 0.000000 0.000000 1.000000
44812 0.000000 0.000000 0.000000 1.000000
44813 0.000000 0.000000 0.000000 1.000000
44814 0.000000 0.000000 0.000000 1.000000
44815 0.000000 0.000000 0.000000 1.000000
44827 0.000000 0.000000 0.000000 1.000000
44828 0.000000 0.000000 0.000000 1.000000
44829 0.000000 0.000000 0.000000 1.000000
44833 0.000000 0.000000 0.000000 1.000000
44834 0.000000 0.000000 0.000000 1.000000
44835 0.000000 0.000000 0.000000 1.000000
44837 0.000000 0.000000 0.000000 1.000000
44838 0.000000 0.000000 0.000000 1.000000
44839 0.000000 0.000000 0.000000 1.000000
44842 0.000000 0.000000 0.000000 1.000000
44843 0.000000 0.000000 0.000000 1.000000
44844 0.000000 0.000000 0.000000 1.000000
44851 0.000000 0.000000 0.000000 1.000000
44852 0.000000 0.000000 0.000000 1.000000
44853 0.000000 0.000000 0.000000 1.000000
44858 0.000000 0.000000 0.000000 1.000000
44859 0.000000 0.000000 0.000000 1.000000
44860 0.000000 0.000000 0.000000 1.000000
44863 0.000000 0.000000 0.000000 1.000000
44864 0.000000 0.000000 0.000000 1.000000
44865 0.000000 0.000000 0.000000 1.000000
44866 0.000000 0.000000 0.000000 1.000000
44868 0.000000 0.000000 0.000000 1.000000
44869 0.000000 0.000000 0.000000 1.000000
44870 0.000000 0.000000 0.000000 1.000000
44871 0.000000 0.000000 0.000000 1.000000
44876 0.000000 0.000000 0.000000 1.000000
45913 0.000000 0.000000 0.000000 1.000000
45914 0.000000 0.000000 0.000000 1.000000
45923 0.000000 0.000000 0.000000 1.000000
45924 0.000000 0.000000 0.000000 1.000000
45925 0.000000 0.000000 0.000000 1.000000
45933 0.000000 0.000000 0.000000 1.000000
45934 0.000000 0.000000 0.000000 1.000000
45935 0.000000 0.000000 0.000000 1.000000
45938 0.000000 0.000000 0.000000 1.000000
45939 0.000000 0.000000 0.000000 1.000000
45940 0.000000 0.000000 0.000000 1.000000
45943 0.000000 0.000000 0.000000 1.000000
45944 0.000000 0.000000 0.000000 1.000000
45945 0.000000 0.000000 0.000000 1.000000
45946 0.000000 0.000000 0.000000 1.000000
45948 0.000000 0.000000 0.000000 1.000000
45949 0.000000 0.000000 0.000000 1.000000
45950 0.000000 0.000000 0.000000 1.000000
45953 0.000000 0.000000 0.000000 1.000000
45954 0.000000 0.000000 0.000000 1.000000
45955 0.000000 0.000000 0.000000 1.000000
45962 0.000000 0.000000 0.000000 1.000000
45963 0.000000 0.000000 0.000000 1.000000
45966 0.000000 0.000000 0.000000 1.000000
45967 0.000000 0.000000 0.000000 1.000000
45970 0.000000 0.000000 0.000000 1.000000
45971 0.000000 0.000000 0.000000 1.000000
45974 0.000000 0.000000 0.000000 1.000000
45975 0.000000 0.000000 0.000000 1.000000
45976 0.000000 0.000000 0.000000 1.000000
45981 0.000000 0.000000 0.000000 1.000000
45982 0.000000 0.000000 0.000000 1.000000
45983 0.000000 0.000000 0.000000 1.000000
47063 0.000000 0.000000 0.000000 1.000000
47069 0.000000 0.000000 0.000000 1.000000
47070 0.000000 0.000000 0.000000 1.000000
47071 0.000000 0.000000 0.000000 1.000000
47074 0.000000 0.000000 0.000000 1.000000
47075 0.000000 0.000000 0.000000 1.000000
47077 0.000000 0.000000 0.000000 1.000000
47078 0.000000 0.000000 0.000000 1.000000
47081 0.000000 0.000000 0.000000 1.000000
47082 0.000000 0.000000 0.000000 1.000000
47083 0.000000 0.000000 0.000000 1.000000
47086 0.000000 0.000000 0.000000 1.000000
47087 0.000000 0.000000 0.000000 1.000000
47094 0.000000 0.000000 0.000000 1.000000
47095 0.000000 0.000000 0.000000 1.000000
47096 0.000000 0.000000 0.000000 1.000000
47103 0.000000 0.000000 0.000000 1.000000
47104 0.000000 0.000000 0.000000 1.000000
47106 0.000000 0.000000 0.000000 1.000000
47107 0.000000 0.000000 0.000000 1.000000
47108 0.000000 0.000000 0.000000 1.000000
47112 0.000000 0.000000 0.000000 1.000000
47113 0.000000 0.000000 0.000000 1.000000
47114 0.000000 0.000000 0.000000 1.000000
47119 0.000000 0.000000 0.000000 1.000000
47120 0.000000 0.000000 0.000000 1.000000
47126 0.000000 0.000000 0.000000 1.000000
47127 0.000000 0.000000 0.000000 1.000000
48208 0.000000 0.000000 0.000000 1.000000
48217 0.000000 0.000000 0.000000 1.000000
48218 0.000000 0.000000 0.000000 1.000000
48219 0.000000 0.000000 0.000000 1.000000
48221 0.000000 0.000000 0.000000 1.000000
48222 0.000000 0.000000 0.000000 1.000000
48224 0.000000 0.000000 0.000000 1.000000
48225 0.000000 0.000000 0.000000 1.000000
48226 0.000000 0.000000 0.000000 1.000000
48228 0.000000 0.000000 0.000000 1.000000
48229 0.000000 0.000000 0.000000 1.000000
48235 0.000000 0.000000 0.000000 1.000000
48236 0.000000 0.000000 0.000000 1.000000
48239 0.000000 0.000000 0.000000 1.000000
48240 0.000000 0.000000 0.000000 1.000000
48243 0.000000 0.000000 0.000000 1.000000
48244 0.000000 0.000000 0.000000 1.000000
48249 0.000000 0.000000 0.000000 1.000000
48250 0.000000 0.000000 0.000000 1.000000
48251 0.000000 0.000000 0.000000 1.000000
48257 0.000000 0.000000 0.000000 1.000000
48258 0.000000 0.000000 0.000000 1.000000
48265 0.000000 0.000000 0.000000 1.000000
48266 0.000000 0.000000 0.000000 1.000000
48276 0.000000 0.000000 0.000000 1.000000
48277 0.000000 0.000000 0.000000 1.000000
48286 0.000000 0.000000 0.000000 1.000000
48287 0.000000 0.000000 0.000000 1.000000
48296 0.000000 0.000000 0.000000 1.000000
49365 0.000000 0.000000 0.000000 1.000000
49366 0.000000 0.000000 0.000000 1.000000
49380 0.000000 0.000000 0.000000 1.000000
49381 0.000000 0.000000 0.000000 1.000000
49382 0.000000 0.000000 0.000000 1.000000
49390 0.000000 0.000000 0.000000 1.000000
49391 0.000000 0.000000 0.000000 1.000000
49392 0.000000 0.000000 0.000000 1.000000
49393 0.000000 0.000000 0.000000 1.000000
49396 0.000000 0.000000 0.000000 1.000000
49397 0.000000 0.000000 0.000000 1.000000
49403 0.000000 0.000000 0.000000 1.000000
49404 0.000000 0.000000 0.000000 1.000000
49407 0.000000 0.000000 0.000000 1.000000
49408 0.000000 0.000000 0.000000 1.000000
49412 0.000000 0.000000 0.000000 1.000000
49413 0.000000 0.000000 0.000000 1.000000
49418 0.000000 0.000000 0.000000 1.000000
49419 0.000000 0.000000 0.000000 1.000000
49420 0.000000 0.000000 0.000000 1.000000
49427 0.000000 0.000000 0.000000 1.000000
49428 0.000000 0.000000 0.000000 1.000000
49429 0.000000 0.000000 0.000000 1.000000
49435 0.000000 0.000000 0.000000 1.000000
49436 0.000000 0.000000 0.000000 1.000000
49437 0.000000 0.000000 0.000000 1.000000
49438 0.000000 0.000000 0.000000 1.000000
49444 0.000000 0.000000 0.000000 1.000000
49445 0.000000 0.000000 0.000000 1.000000
49446 0.000000 0.000000 0.000000 1.000000
49447 0.000000 0.000000 0.000000 1.000000
49451 0.000000 0.000000 0.000000 1.000000
49452 0.000000 0.000000 0.000000 1.000000
49453 0.000000 0.000000 0.000000 1.000000
49457 0.000000 0.000000 0.000000 1.000000
49458 0.000000 0.000000 0.000000 1.000000
49463 0.000000 0.000000 0.000000 1.000000
50570 0.000000 0.000000 0.000000 1.000000
50583 0.000000 0.000000 0.000000 1.000000
50584 0.000000 0.000000 0.000000 1.000000
50585 0.000000 0.000000 0.000000 1.000000
50586 0.000000 0.000000 0.000000 1.000000
50587 0.000000 0.000000 0.000000 1.000000
50593 0.000000 0.000000 0.000000 1.000000
50594 0.000000 0.000000 0.000000 1.000000
50595 0.000000 0.000000 0.000000 1.000000
50600 0.000000 0.000000 0.000000 1.000000
50601 0.000000 0.000000 0.000000 1.000000
50602 0.000000 0.000000 0.000000 1.000000
50604 0.000000 0.000000 0.000000 1.000000
50605 0.000000 0.000000 0.000000 1.000000
50606 0.000000 0.000000 0.000000 1.000000
50610 0.000000 0.000000 0.000000 1.000000
50611 0.000000 0.000000 0.000000 1.000000
50612 0.000000 0.000000 0.000000 1.000000
50619 0.000000 0.000000 0.000000 1.000000
50620 0.000000 0.000000 0.000000 1.000000
50621 0.000000 0.000000 0.000000 1.000000
50629 0.000000 0.000000 0.000000 1.000000
50630 0.000000 0.000000 0.000000 1.000000
50631 0.000000 0.000000 0.000000 1.000000
50637 0.000000 0.000000 0.000000 1.000000
50638 0.000000 0.000000 0.000000 1.000000
50639 0.000000 0.000000 0.000000 1.000000
50643 0.000000 0.000000 0.000000 1.000000
50644 0.000000 0.000000 0.000000 1.000000
50647 0.000000 0.000000 0.000000 1.000000
50648 0.000000 0.000000 0.000000 1.000000
50650 0.000000 0.000000 0.000000 1.000000
50651 0.000000 0.000000 0.000000 1.000000
51786 0.000000 0.000000 0.000000 1.000000
51787 0.000000 0.000000 0.000000 1.000000
51788 0.000000 0.000000 0.000000 1.000000
51789 0.000000 0.000000 0.000000 1.000000
51798 0.000000 0.000000 0.000000 1.000000
51799 0.000000 0.000000 0.000000 1.000000
51800 0.000000 0.000000 0.000000 1.000000
51801 0.000000 0.000000 0.000000 1.000000
51802 0.000000 0.000000 0.000000 1.000000
51803 0.000000 0.000000 0.000000 1.000000
51804 0.000000 0.000000 0.000000 1.000000
51808 0.000000 0.000000 0.000000 1.000000
51809 0.000000 0.000000 0.000000 1.000000
51810 0.000000 0.000000 0.000000 1.000000
51811 0.000000 0.000000 0.000000 1.000000
51814 0.000000 0.000000 0.000000 1.000000
51815 0.000000 0.000000 0.000000 1.000000
51820 0.000000 0.000000 0.000000 1.000000
51821 0.000000 0.000000 0.000000 1.000000
51829 0.000000 0.000000 0.000000 1.000000
51830 0.000000 0.000000 0.000000 1.000000
51837 0.000000 0.000000 0.000000 1.000000
51838 0.000000 0.000000 0.000000 1.000000
51842 0.000000 0.000000 0.000000 1.000000
51843 0.000000 0.000000 0.000000 1.000000
51846 0.000000 0.000000 0.000000 1.000000
51847 0.000000 0.000000 0.000000 1.000000
51849 0.000000 0.000000 0.000000 1.000000
51850 0.000000 0.000000 0.000000 1.000000
52931 0.000000 0.000000 0.000000 1.000000
52932 0.000000 0.000000 0.000000 1.000000
52933 0.000000 0.000000 0.000000 1.000000
52934 0.000000 0.000000 0.000000 1.000000
52935 0.000000 0.000000 0.000000 1.000000
52936 0.000000 0.000000 0.000000 1.000000
52940 0.000000 0.000000 0.000000 1.000000
52941 0.000000 0.000000 0.000000 1.000000
52942 0.000000 0.000000 0.000000 1.000000
52943 0.000000 0.000000 0.000000 1.000000
52944 0.000000 0.000000 0.000000 1.000000
52945 0.000000 0.000000 0.000000 1.000000
52946 0.000000 0.000000 0.000000 1.000000
52947 0.000000 0.000000 0.000000 1.000000
52950 0.000000 0.000000 0.000000 1.000000
52951 0.000000 0.000000 0.000000 1.000000
52956 0.000000 0.000000 0.000000 1.000000
52957 0.000000 0.000000 0.000000 1.000000
52967 0.000000 0.000000 0.000000 1.000000
52968 0.000000 0.000000 0.000000 1.000000
52973 0.000000 0.000000 0.000000 1.000000
52974 0.000000 0.000000 0.000000 1.000000
52976 0.000000 0.000000 0.000000 1.000000
52977 0.000000 0.000000 0.000000 1.000000
52980 0.000000 0.000000 0.000000 1.000000
52981 0.000000 0.000000 0.000000 1.000000
52983 0.000000 0.000000 0.000000 1.000000
52984 0.000000 0.000000 0.000000 1.000000
52985 0.000000 0.000000 0.000000 1.000000
52986 0.000000 0.000000 0.000000 1.000000
52988 0.000000 0.000000 0.000000 1.000000
52989 0.000000 0.000000 0.000000 1.000000
52990 0.000000 0.000000 0.000000 1.000000
52993 0.000000 0.000000 0.000000 1.000000
52994 0.000000 0.000000 0.000000 1.000000
54039 0.000000 0.000000 0.000000 1.000000
54045 0.000000 0.000000 0.000000 1.000000
54046 0.000000 0.000000 0.000000 1.000000
54047 0.000000 0.000000 0.000000 1.000000
54048 0.000000 0.000000 0.000000 1.000000
54049 0.000000 0.000000 0.000000 1.000000
54050 0.000000 0.000000 0.000000 1.000000
54051 0.000000 0.000000 0.000000 1.000000
54052 0.000000 0.000000 0.000000 1.000000
54053 0.000000 0.000000 0.000000 1.000000
54058 0.000000 0.000000 0.000000 1.000000
54059 0.000000 0.000000 0.000000 1.000000
54060 0.000000 0.000000 0.000000 1.000000
54071 0.000000 0.000000 0.000000 1.000000
54072 0.000000 0.000000 0.000000 1.000000
54081 0.000000 0.000000 0.000000 1.000000
54082 0.000000 0.000000 0.000000 1.000000
54085 0.000000 0.000000 0.000000 1.000000
54086 0.000000 0.000000 0.000000 1.000000
54089 0.000000 0.000000 0.000000 1.000000
54090 0.000000 0.000000 0.000000 1.000000
54091 0.000000 0.000000 0.000000 1.000000
54092 0.000000 0.000000 0.000000 1.000000
54095 0.000000 0.000000 0.000000 1.000000
54096 0.000000 0.000000 0.000000 1.000000
54097 0.000000 0.000000 0.000000 1.000000
54098 0.000000 0.000000 0.000000 1.000000
54099 0.000000 0.000000 0.000000 1.000000
54100 0.000000 0.000000 0.000000 1.000000
54101 0.000000 0.000000 0.000000 1.000000
54103 0.000000 0.000000 0.000000 1.000000
54104 0.000000 0.000000 0.000000 1.000000
54105 0.000000 0.000000 0.000000 1.000000
54106 0.000000 0.000000 0.000000 1.000000
54107 0.000000 0.000000 0.000000 1.000000
54109 0.000000 0.000000 0.000000 1.000000
54110 0.000000 0.000000 0.000000 1.000000
54113 0.000000 0.000000 0.000000 1.000000
55130 0.000000 0.000000 0.000000 1.000000
55131 0.000000 0.000000 0.000000 1.000000
55132 0.000000 0.000000 0.000000 1.000000
55133 0.000000 0.000000 0.000000 1.000000
55134 0.000000 0.000000 0.000000 1.000000
55135 0.000000 0.000000 0.000000 1.000000
55136 0.000000 0.000000 0.000000 1.000000
55137 0.000000 0.000000 0.000000 1.000000
55141 0.000000 0.000000 0.000000 1.000000
55142 0.000000 0.000000 0.000000 1.000000
55143 0.000000 0.000000 0.000000 1.000000
55153 0.000000 0.000000 0.000000 1.000000
55154 0.000000 0.000000 0.000000 1.000000
55155 0.000000 0.000000 0.000000 1.000000
55157 0.000000 0.000000 0.000000 1.000000
55158 0.000000 0.000000 0.000000 1.000000
55160 0.000000 0.000000 0.000000 1.000000
55161 0.000000 0.000000 0.000000 1.000000
55162 0.000000 0.000000 0.000000 1.000000
55163 0.000000 0.000000 0.000000 1.000000
55164 0.000000 0.000000 0.000000 1.000000
55165 0.000000 0.000000 0.000000 1.000000
55166 0.000000 0.000000 0.000000 1.000000
55168 0.000000 0.000000 0.000000 1.000000
55169 0.000000 0.000000 0.000000 1.000000
55170 0.000000 0.000000 0.000000 1.000000
55171 0.000000 0.000000 0.000000 1.000000
55172 0.000000 0.000000 0.000000 1.000000
55173 0.000000 0.000000 0.000000 1.000000
55174 0.000000 0.000000 0.000000 1.000000
55175 0.000000 0.000000 0.000000 1.000000
55176 0.000000 0.000000 0.000000 1.000000
55178 0.000000 0.000000 0.000000 1.000000
55179 0.000000 0.000000 0.000000 1.000000
55180 0.000000 0.000000 0.000000 1.000000
55181 0.000000 0.000000 0.000000 1.000000
55182 0.000000 0.000000 0.000000 1.000000
55183 0.000000 0.000000 0.000000 1.000000
55184 0.000000 0.000000 0.000000 1.000000
55185 0.000000 0.000000 0.000000 1.000000
55186 0.000000 0.000000 0.000000 1.000000
55187 0.000000 0.000000 0.000000 1.000000
55190 0.000000 0.000000 0.000000 1.000000
55191 0.000000 0.000000 0.000000 1.000000
55192 0.000000 0.000000 0.000000 1.000000
55193 0.000000 0.000000 0.000000 1.000000
55194 0.000000 0.000000 0.000000 1.000000
56306 0.000000 0.000000 0.000000 1.000000
56307 0.000000 0.000000 0.000000 1.000000
56308 0.000000 0.000000 0.000000 1.000000
56309 0.000000 0.000000 0.000000 1.000000
56310 0.000000 0.000000 0.000000 1.000000
56311 0.000000 0.000000 0.000000 1.000000
56312 0.000000 0.000000 0.000000 1.000000
56313 0.000000 0.000000 0.000000 1.000000
56318 0.000000 0.000000 0.000000 1.000000
56319 0.000000 0.000000 0.000000 1.000000
56320 0.000000 0.000000 0.000000 1.000000
56321 0.000000 0.000000 0.000000 1.000000
56322 0.000000 0.000000 0.000000 1.000000
56323 0.000000 0.000000 0.000000 1.000000
56324 0.000000 0.000000 0.000000 1.000000
56325 0.000000 0.000000 0.000000 1.000000
56326 0.000000 0.000000 0.000000 1.000000
56337 0.000000 0.000000 0.000000 1.000000
56338 0.000000 0.000000 0.000000 1.000000
56339 0.000000 0.000000 0.000000 1.000000
56341 0.000000 0.000000 0.000000 1.000000
56342 0.000000 0.000000 0.000000 1.000000
56344 0.000000 0.000000 0.000000 1.000000
56345 0.000000 0.000000 0.000000 1.000000
56346 0.000000 0.000000 0.000000 1.000000
56347 0.000000 0.000000 0.000000 1.000000
56348 0.000000 0.000000 0.000000 1.000000
56349 0.000000 0.000000 0.000000 1.000000
56350 0.000000 0.000000 0.000000 1.000000
56351 0.000000 0.000000 0.000000 1.000000
56353 0.000000 0.000000 0.000000 1.000000
56354 0.000000 0.000000 0.000000 1.000000
56355 0.000000 0.000000 0.000000 1.000000
56356 0.000000 0.000000 0.000000 1.000000
56357 0.000000 0.000000 0.000000 1.000000
56358 0.000000 0.000000 0.000000 1.000000
56359 0.000000 0.000000 0.000000 1.000000
56360 0.000000 0.000000 0.000000 1.000000
56364 0.000000 0.000000 0.000000 1.000000
56365 0.000000 0.000000 0.000000 1.000000
56366 0.000000 0.000000 0.000000 1.000000
56367 0.000000 0.000000 0.000000 1.000000
56368 0.000000 0.000000 0.000000 1.000000
56372 0.000000 0.000000 0.000000 1.000000
56373 0.000000 0.000000 0.000000 1.000000
56374 0.000000 0.000000 0.000000 1.000000
56375 0.000000 0.000000 0.000000 1.000000
56376 0.000000 0.000000 0.000000 1.000000
57579 0.000000 0.000000 0.000000 1.000000
57580 0.000000 0.000000 0.000000 1.000000
57587 0.000000 0.000000 0.000000 1.000000
57588 0.000000 0.000000 0.000000 1.000000
57589 0.000000 0.000000 0.000000 1.000000
57590 0.000000 0.000000 0.000000 1.000000
57591 0.000000 0.000000 0.000000 1.000000
57592 0.000000 0.000000 0.000000 1.000000
57593 0.000000 0.000000 0.000000 1.000000
57594 0.000000 0.000000 0.000000 1.000000
57604 0.000000 0.000000 0.000000 1.000000
57605 0.000000 0.000000 0.000000 1.000000
57606 0.000000 0.000000 0.000000 1.000000
57608 0.000000 0.000000 0.000000 1.000000
57609 0.000000 0.000000 0.000000 1.000000
57610 0.000000 0.000000 0.000000 1.000000
57611 0.000000 0.000000 0.000000 1.000000
57612 0.000000 0.000000 0.000000 1.000000
57613 0.000000 0.000000 0.000000 1.000000
57615 0.000000 0.000000 0.000000 1.000000
57616 0.000000 0.000000 0.000000 1.000000
57617 0.000000 0.000000 0.000000 1.000000
57618 0.000000 0.000000 0.000000 1.000000
57619 0.000000 0.000000 0.000000 1.000000
57620 0.000000 0.000000 0.000000 1.000000
57621 0.000000 0.000000 0.000000 1.000000
57622 0.000000 0.000000 0.000000 1.000000
57623 0.000000 0.000000 0.000000 1.000000
57624 0.000000 0.000000 0.000000 1.000000
57627 0.000000 0.000000 0.000000 1.000000
57628 0.000000 0.000000 0.000000 1.000000
57629 0.000000 0.000000 0.000000 1.000000
57630 0.000000 0.000000 0.000000 1.000000
57631 0.000000 0.000000 0.000000 1.000000
57632 0.000000 0.000000 0.000000 1.000000
57633 0.000000 0.000000 0.000000 1.000000
57634 0.000000 0.000000 0.000000 1.000000
57638 0.000000 0.000000 0.000000 1.000000
57639 0.000000 0.000000 0.000000 1.000000
57640 0.000000 0.000000 0.000000 1.000000
57641 0.000000 0.000000 0.000000 1.000000
57642 0.000000 0.000000 0.000000 1.000000
57643 0.000000 0.000000 0.000000 1.000000
57644 0.000000 0.000000 0.000000 1.000000
57647 0.000000 0.000000 0.000000 1.000000
57648 0.000000 0.000000 0.000000 1.000000
57649 0.000000 0.000000 0.000000 1.000000
57650 0.000000 0.000000 0.000000 1.000000
57651 0.000000 0.000000 0.000000 1.000000
57652 0.000000 0.000000 0.000000 1.000000
57655 0.000000 0.000000 0.000000 1.000000
57656 0.000000 0.000000 0.000000 1.000000
58950 0.000000 0.000000 0.000000 1.000000
58951 0.000000 0.000000 0.000000 1.000000
58952 0.000000 0.000000 0.000000 1.000000
58953 0.000000 0.000000 0.000000 1.000000
58954 0.000000 0.000000 0.000000 1.000000
58955 0.000000 0.000000 0.000000 1.000000
58956 0.000000 0.000000 0.000000 1.000000
58957 0.000000 0.000000 0.000000 1.000000
58966 0.000000 0.000000 0.000000 1.000000
58967 0.000000 0.000000 0.000000 1.000000
58968 0.000000 0.000000 0.000000 1.000000
58969 0.000000 0.000000 0.000000 1.000000
58970 0.000000 0.000000 0.000000 1.000000
58971 0.000000 0.000000 0.000000 1.000000
58972 0.000000 0.000000 0.000000 1.000000
58973 0.000000 0.000000 0.000000 1.000000
58974 0.000000 0.000000 0.000000 1.000000
58975 0.000000 0.000000 0.000000 1.000000
58977 0.000000 0.000000 0.000000 1.000000
58978 0.000000 0.000000 0.000000 1.000000
58979 0.000000 0.000000 0.000000 1.000000
58980 0.000000 0.000000 0.000000 1.000000
58981 0.000000 0.000000 0.000000 1.000000
58982 0.000000 0.000000 0.000000 1.000000
58983 0.000000 0.000000 0.000000 1.000000
58984 0.000000 0.000000 0.000000 1.000000
58986 0.000000 0.000000 0.000000 1.000000
58987 0.000000 0.000000 0.000000 1.000000
58988 0.000000 0.000000 0.000000 1.000000
58989 0.000000 0.000000 0.000000 1.000000
58990 0.000000 0.000000 0.000000 1.000000
58991 0.000000 0.000000 0.000000 1.000000
58992 0.000000 0.000000 0.000000 1.000000
58993 0.000000 0.000000 0.000000 1.000000
58994 0.000000 0.000000 0.000000 1.000000
58995 0.000000 0.000000 0.000000 1.000000
58998 0.000000 0.000000 0.000000 1.000000
58999 0.000000 0.000000 0.000000 1.000000
59000 0.000000 0.000000 0.000000 1.000000
59001 0.000000 0.000000 0.000000 1.000000
59002 0.000000 0.000000 0.000000 1.000000
59003 0.000000 0.000000 0.000000 1.000000
59004 0.000000 0.000000 0.000000 1.000000
59005 0.000000 0.000000 0.000000 1.000000
59009 0.000000 0.000000 0.000000 1.000000
59010 0.000000 0.000000 0.000000 1.000000
59011 0.000000 0.000000 0.000000 1.000000
59012 0.000000 0.000000 0.000000 1.000000
59013 0.000000 0.000000 0.000000 1.000000
59014 0.000000 0.000000 0.000000 1.000000
59017 0.000000 0.000000 0.000000 1.000000
59018 0.000000 0.000000 0.000000 1.000000
59019 0.000000 0.000000 0.000000 1.000000
59020 0.000000 0.000000 0.000000 1.000000
59021 0.000000 0.000000 0.000000 1.000000
59022 0.000000 0.000000 0.000000 1.000000
59026 0.000000 0.000000 0.000000 1.000000
59027 0.000000 0.000000 0.000000 1.000000
59028 0.000000 0.000000 0.000000 1.000000
59029 0.000000 0.000000 0.000000 1.000000
60299 0.000000 0.000000 0.000000 1.000000
60300 0.000000 0.000000 0.000000 1.000000
60311 0.000000 0.000000 0.000000 1.000000
60312 0.000000 0.000000 0.000000 1.000000
60313 0.000000 0.000000 0.000000 1.000000
60314 0.000000 0.000000 0.000000 1.000000
60315 0.000000 0.000000 0.000000 1.000000
60316 0.000000 0.000000 0.000000 1.000000
60317 0.000000 0.000000 0.000000 1.000000
60323 0.000000 0.000000 0.000000 1.000000
60324 0.000000 0.000000 0.000000 1.000000
60325 0.000000 0.000000 0.000000 1.000000
60326 0.000000 0.000000 0.000000 1.000000
60327 0.000000 0.000000 0.000000 1.000000
60328 0.000000 0.000000 0.000000 1.000000
60329 0.000000 0.000000 0.000000 1.000000
60330 0.000000 0.000000 0.000000 1.000000
60331 0.000000 0.000000 0.000000 1.000000
60332 0.000000 0.000000 0.000000 1.000000
60333 0.000000 0.000000 0.000000 1.000000
60334 0.000000 0.000000 0.000000 1.000000
60335 0.000000 0.000000 0.000000 1.000000
60339 0.000000 0.000000 0.000000 1.000000
60340 0.000000 0.000000 0.000000 1.000000
60341 0.000000 0.000000 0.000000 1.000000
60342 0.000000 0.000000 0.000000 1.000000
60343 0.000000 0.000000 0.000000 1.000000
60344 0.000000 0.000000 0.000000 1.000000
60345 0.000000 0.000000 0.000000 1.000000
60346 0.000000 0.000000 0.000000 1.000000
60347 0.000000 0.000000 0.000000 1.000000
60348 0.000000 0.000000 0.000000 1.000000
60349 0.000000 0.000000 0.000000 1.000000
60353 0.000000 0.000000 0.000000 1.000000
60354 0.000000 0.000000 0.000000 1.000000
60355 0.000000 0.000000 0.000000 1.000000
60356 0.000000 0.000000 0.000000 1.000000
60357 0.000000 0.000000 0.000000 1.000000
60358 0.000000 0.000000 0.000000 1.000000
60359 0.000000 0.000000 0.000000 1.000000
60363 0.000000 0.000000 0.000000 1.000000
60364 0.000000 0.000000 0.000000 1.000000
60365 0.000000 0.000000 0.000000 1.000000
60366 0.000000 0.000000 0.000000 1.000000
60367 0.000000 0.000000 0.000000 1.000000
60370 0.000000 0.000000 0.000000 1.000000
60371 0.000000 0.000000 0.000000 1.000000
60372 0.000000 0.000000 0.000000 1.000000
60373 0.000000 0.000000 0.000000 1.000000
60374 0.000000 0.000000 0.000000 1.000000
60378 0.000000 0.000000 0.000000 1.000000
60379 0.000000 0.000000 0.000000 1.000000
60380 0.000000 0.000000 0.000000 1.000000
60381 0.000000 0.000000 0.000000 1.000000
60382 0.000000 0.000000 0.000000 1.000000
61598 0.000000 0.000000 0.000000 1.000000
61599 0.000000 0.000000 0.000000 1.000000
61600 0.000000 0.000000 0.000000 1.000000
61615 0.000000 0.000000 0.000000 1.000000
61616 0.000000 0.000000 0.000000 1.000000
61617 0.000000 0.000000 0.000000 1.000000
61618 0.000000 0.000000 0.000000 1.000000
61619 0.000000 0.000000 0.000000 1.000000
61620 0.000000 0.000000 0.000000 1.000000
61621 0.000000 0.000000 0.000000 1.000000
61622 0.000000 0.000000 0.000000 1.000000
61623 0.000000 0.000000 0.000000 1.000000
61624 0.000000 0.000000 0.000000 1.000000
61625 0.000000 0.000000 0.000000 1.000000
61626 0.000000 0.000000 0.000000 1.000000
61627 0.000000 0.000000 0.000000 1.000000
61628 0.000000 0.000000 0.000000 1.000000
61629 0.000000 0.000000 0.000000 1.000000
61643 0.000000 0.000000 0.000000 1.000000
61644 0.000000 0.000000 0.000000 1.000000
61645 0.000000 0.000000 0.000000 1.000000
61646 0.000000 0.000000 0.000000 1.000000
61647 0.000000 0.000000 0.000000 1.000000
61648 0.000000 0.000000 0.000000 1.000000
61649 0.000000 0.000000 0.000000 1.000000
61650 0.000000 0.000000 0.000000 1.000000
61651 0.000000 0.000000 0.000000 1.000000
61652 0.000000 0.000000 0.000000 1.000000
61653 0.000000 0.000000 0.000000 1.000000
61654 0.000000 0.000000 0.000000 1.000000
61655 0.000000 0.000000 0.000000 1.000000
61656 0.000000 0.000000 0.000000 1.000000
61657 0.000000 0.000000 0.000000 1.000000
61658 0.000000 0.000000 0.000000 1.000000
61674 0.000000 0.000000 0.000000 1.000000
61675 0.000000 0.000000 0.000000 1.000000
61676 0.000000 0.000000 0.000000 1.000000
61677 0.000000 0.000000 0.000000 1.000000
61678 0.000000 0.000000 0.000000 1.000000
61679 0.000000 0.000000 0.000000 1.000000
61680 0.000000 0.000000 0.000000 1.000000
61695 0.000000 0.000000 0.000000 1.000000
61696 0.000000 0.000000 0.000000 1.000000
61697 0.000000 0.000000 0.000000 1.000000
61698 0.000000 0.000000 0.000000 1.000000
61699 0.000000 0.000000 0.000000 1.000000
61700 0.000000 0.000000 0.000000 1.000000
61710 0.000000 0.000000 0.000000 1.000000
61711 0.000000 0.000000 0.000000 1.000000
61712 0.000000 0.000000 0.000000 1.000000
61713 0.000000 0.000000 0.000000 1.000000
61714 0.000000 0.000000 0.000000 1.000000
61715 0.000000 0.000000 0.000000 1.000000
61719 0.000000 0.000000 0.000000 1.000000
61720 0.000000 0.000000 0.000000 1.000000
61721 0.000000 0.000000 0.000000 1.000000
61722 0.000000 0.000000 0.000000 1.000000
61723 0.000000 0.000000 0.000000 1.000000
61724 0.000000 0.000000 0.000000 1.000000
61725 0.000000 0.000000 0.000000 1.000000
61730 0.000000 0.000000 0.000000 1.000000
61731 0.000000 0.000000 0.000000 1.000000
61732 0.000000 0.000000 0.000000 1.000000
61733 0.000000 0.000000 0.000000 1.000000
62918 0.000000 0.000000 0.000000 1.000000
62919 0.000000 0.000000 0.000000 1.000000
62920 0.000000 0.000000 0.000000 1.000000
62921 0.000000 0.000000 0.000000 1.000000
62922 0.000000 0.000000 0.000000 1.000000
62923 0.000000 0.000000 0.000000 1.000000
62924 0.000000 0.000000 0.000000 1.000000
62925 0.000000 0.000000 0.000000 1.000000
62926 0.000000 0.000000 0.000000 1.000000
62931 0.000000 0.000000 0.000000 1.000000
62932 0.000000 0.000000 0.000000 1.000000
62933 0.000000 0.000000 0.000000 1.000000
62934 0.000000 0.000000 0.000000 1.000000
62935 0.000000 0.000000 0.000000 1.000000
62936 0.000000 0.000000 0.000000 1.000000
62937 0.000000 0.000000 0.000000 1.000000
62938 0.000000 0.000000 0.000000 1.000000
62939 0.000000 0.000000 0.000000 1.000000
62940 0.000000 0.000000 0.000000 1.000000
62941 0.000000 0.000000 0.000000 1.000000
62942 0.000000 0.000000 0.000000 1.000000
62943 0.000000 0.000000 0.000000 1.000000
62944 0.000000 0.000000 0.000000 1.000000
62945 0.000000 0.000000 0.000000 1.000000
62954 0.000000 0.000000 0.000000 1.000000
62955 0.000000 0.000000 0.000000 1.000000
62956 0.000000 0.000000 0.000000 1.000000
62957 0.000000 0.000000 0.000000 1.000000
62958 0.000000 0.000000 0.000000 1.000000
62959 0.000000 0.000000 0.000000 1.000000
62960 0.000000 0.000000 0.000000 1.000000
62961 0.000000 0.000000 0.000000 1.000000
62962 0.000000 0.000000 0.000000 1.000000
62963 0.000000 0.000000 0.000000 1.000000
62964 0.000000 0.000000 0.000000 1.000000
62965 0.000000 0.000000 0.000000 1.000000
62966 0.000000 0.000000 0.000000 1.000000
62976 0.000000 0.000000 0.000000 1.000000
62977 0.000000 0.000000 0.000000 1.000000
62978 0.000000 0.000000 0.000000 1.000000
62979 0.000000 0.000000 0.000000 1.000000
62980 0.000000 0.000000 0.000000 1.000000
62981 0.000000 0.000000 0.000000 1.000000
62982 0.000000 0.000000 0.000000 1.000000
62983 0.000000 0.000000 0.000000 1.000000
62984 0.000000 0.000000 0.000000 1.000000
62998 0.000000 0.000000 0.000000 1.000000
62999 0.000000 0.000000 0.000000 1.000000
63000 0.000000 0.000000 0.000000 1.000000
63001 0.000000 0.000000 0.000000 1.000000
63002 0.000000 0.000000 0.000000 1.000000
63003 0.000000 0.000000 0.000000 1.000000
63004 0.000000 0.000000 0.000000 1.000000
63013 0.000000 0.000000 0.000000 1.000000
63014 0.000000 0.000000 0.000000 1.000000
63015 0.000000 0.000000 0.000000 1.000000
63016 0.000000 0.000000 0.000000 1.000000
63017 0.000000 0.000000 0.000000 1.000000
63018 0.000000 0.000000 0.000000 1.000000
63019 0.000000 0.000000 0.000000 1.000000
63024 0.000000 0.000000 0.000000 1.000000
63025 0.000000 0.000000 0.000000 1.000000
63026 0.000000 0.000000 0.000000 1.000000
63027 0.000000 0.000000 0.000000 1.000000
63028 0.000000 0.000000 0.000000 1.000000
64158 0.000000 0.000000 0.000000 1.000000
64159 0.000000 0.000000 0.000000 1.000000
64160 0.000000 0.000000 0.000000 1.000000
64161 0.000000 0.000000 0.000000 1.000000
64162 0.000000 0.000000 0.000000 1.000000
64163 0.000000 0.000000 0.000000 1.000000
64167 0.000000 0.000000 0.000000 1.000000
64168 0.000000 0.000000 0.000000 1.000000
64169 0.000000 0.000000 0.000000 1.000000
64170 0.000000 0.000000 0.000000 1.000000
64171 0.000000 0.000000 0.000000 1.000000
64172 0.000000 0.000000 0.000000 1.000000
64173 0.000000 0.000000 0.000000 1.000000
64174 0.000000 0.000000 0.000000 1.000000
64175 0.000000 0.000000 0.000000 1.000000
64176 0.000000 0.000000 0.000000 1.000000
64184 0.000000 0.000000 0.000000 1.000000
64185 0.000000 0.000000 0.000000 1.000000
64186 0.000000 0.000000 0.000000 1.000000
64187 0.000000 0.000000 0.000000 1.000000
64188 0.000000 0.000000 0.000000 1.000000
64189 0.000000 0.000000 0.000000 1.000000
64190 0.000000 0.000000 0.000000 1.000000
64191 0.000000 0.000000 0.000000 1.000000
64192 0.000000 0.000000 0.000000 1.000000
64198 0.000000 0.000000 0.000000 1.000000
64199 0.000000 0.000000 0.000000 1.000000
64200 0.000000 0.000000 0.000000 1.000000
64201 0.000000 0.000000 0.000000 1.000000
64202 0.000000 0.000000 0.000000 1.000000
64203 0.000000 0.000000 0.000000 1.000000
64204 0.000000 0.000000 0.000000 1.000000
64205 0.000000 0.000000 0.000000 1.000000
64206 0.000000 0.000000 0.000000 1.000000
64207 0.000000 0.000000 0.000000 1.000000
64208 0.000000 0.000000 0.000000 1.000000
64209 0.000000 0.000000 0.000000 1.000000
64218 0.000000 0.000000 0.000000 1.000000
64219 0.000000 0.000000 0.000000 1.000000
64220 0.000000 0.000000 0.000000 1.000000
64221 0.000000 0.000000 0.000000 1.000000
64222 0.000000 0.000000 0.000000 1.000000
64223 0.000000 0.000000 0.000000 1.000000
64224 0.000000 0.000000 0.000000 1.000000
64225 0.000000 0.000000 0.000000 1.000000
64226 0.000000 0.000000 0.000000 1.000000
64227 0.000000 0.000000 0.000000 1.000000
64228 0.000000 0.000000 0.000000 1.000000
64229 0.000000 0.000000 0.000000 1.000000
64238 0.000000 0.000000 0.000000 1.000000
64239 0.000000 0.000000 0.000000 1.000000
64240 0.000000 0.000000 0.000000 1.000000
64241 0.000000 0.000000 0.000000 1.000000
64242 0.000000 0.000000 0.000000 1.000000
64243 0.000000 0.000000 0.000000 1.000000
64244 0.000000 0.000000 0.000000 1.000000
64245 0.000000 0.000000 0.000000 1.000000
64246 0.000000 0.000000 0.000000 1.000000
64247 0.000000 0.000000 0.000000 1.000000
64248 0.000000 0.000000 0.000000 1.000000
64249 0.000000 0.000000 0.000000 1.000000
64250 0.000000 0.000000 0.000000 1.000000
64251 0.000000 0.000000 0.000000 1.000000
64260 0.000000 0.000000 0.000000 1.000000
64261 0.000000 0.000000 0.000000 1.000000
64262 0.000000 0.000000 0.000000 1.000000
64263 0.000000 0.000000 0.000000 1.000000
65390 0.000000 0.000000 0.000000 1.000000
65391 0.000000 0.000000 0.000000 1.000000
65392 0.000000 0.000000 0.000000 1.000000
65393 0.000000 0.000000 0.000000 1.000000
65394 0.000000 0.000000 0.000000 1.000000
65395 0.000000 0.000000 0.000000 1.000000
65396 0.000000 0.000000 0.000000 1.000000
65397 0.000000 0.000000 0.000000 1.000000
65405 0.000000 0.000000 0.000000 1.000000
65406 0.000000 0.000000 0.000000 1.000000
65407 0.000000 0.000000 0.000000 1.000000
65408 0.000000 0.000000 0.000000 1.000000
65409 0.000000 0.000000 0.000000 1.000000
65410 0.000000 0.000000 0.000000 1.000000
65411 0.000000 0.000000 0.000000 1.000000
65412 0.000000 0.000000 0.000000 1.000000
65413 0.000000 0.000000 0.000000 1.000000
65414 0.000000 0.000000 0.000000 1.000000
65415 0.000000 0.000000 0.000000 1.000000
65416 0.000000 0.000000 0.000000 1.000000
65426 0.000000 0.000000 0.000000 1.000000
65427 0.000000 0.000000 0.000000 1.000000
65428 0.000000 0.000000 0.000000 1.000000
65429 0.000000 0.000000 0.000000 1.000000
65437 0.000000 0.000000 0.000000 1.000000
65438 0.000000 0.000000 0.000000 1.000000
65439 0.000000 0.000000 0.000000 1.000000
65440 0.000000 0.000000 0.000000 1.000000
65448 0.000000 0.000000 0.000000 1.000000
65449 0.000000 0.000000 0.000000 1.000000
65450 0.000000 0.000000 0.000000 1.000000
65451 0.000000 0.000000 0.000000 1.000000
65452 0.000000 0.000000 0.000000 1.000000
65459 0.000000 0.000000 0.000000 1.000000
65460 0.000000 0.000000 0.000000 1.000000
65461 0.000000 0.000000 0.000000 1.000000
65462 0.000000 0.000000 0.000000 1.000000
65463 0.000000 0.000000 0.000000 1.000000
65464 0.000000 0.000000 0.000000 1.000000
65465 0.000000 0.000000 0.000000 1.000000
65466 0.000000 0.000000 0.000000 1.000000
65467 0.000000 0.000000 0.000000 1.000000
65468 0.000000 0.000000 0.000000 1.000000
65469 0.000000 0.000000 0.000000 1.000000
65470 0.000000 0.000000 0.000000 1.000000
65478 0.000000 0.000000 0.000000 1.000000
65479 0.000000 0.000000 0.000000 1.000000
65480 0.000000 0.000000 0.000000 1.000000
65481 0.000000 0.000000 0.000000 1.000000
65482 0.000000 0.000000 0.000000 1.000000
65483 0.000000 0.000000 0.000000 1.000000
65484 0.000000 0.000000 0.000000 1.000000
65490 0.000000 0.000000 0.000000 1.000000
65491 0.000000 0.000000 0.000000 1.000000
65492 0.000000 0.000000 0.000000 1.000000
66513 0.000000 0.000000 0.000000 1.000000
66514 0.000000 0.000000 0.000000 1.000000
66525 0.000000 0.000000 0.000000 1.000000
66526 0.000000 0.000000 0.000000 1.000000
66527 0.000000 0.000000 0.000000 1.000000
66537 0.000000 0.000000 0.000000 1.000000
66538 0.000000 0.000000 0.000000 1.000000
66539 0.000000 0.000000 0.000000 1.000000
66552 0.000000 0.000000 0.000000 1.000000
66553 0.000000 0.000000 0.000000 1.000000
66554 0.000000 0.000000 0.000000 1.000000
66555 0.000000 0.000000 0.000000 1.000000
66556 0.000000 0.000000 0.000000 1.000000
66570 0.000000 0.000000 0.000000 1.000000
66571 0.000000 0.000000 0.000000 1.000000
66572 0.000000 0.000000 0.000000 1.000000
66573 0.000000 0.000000 0.000000 1.000000
66574 0.000000 0.000000 0.000000 1.000000
66582 0.000000 0.000000 0.000000 1.000000
66583 0.000000 0.000000 0.000000 1.000000
66584 0.000000 0.000000 0.000000 1.000000
66585 0.000000 0.000000 0.000000 1.000000
66586 0.000000 0.000000 0.000000 1.000000
66587 0.000000 0.000000 0.000000 1.000000
66595 0.000000 0.000000 0.000000 1.000000
66596 0.000000 0.000000 0.000000 1.000000
66597 0.000000 0.000000 0.000000 1.000000
66598 0.000000 0.000000 0.000000 1.000000
66599 0.000000 0.000000 0.000000 1.000000
66600 0.000000 0.000000 0.000000 1.000000
66601 0.000000 0.000000 0.000000 1.000000
66602 0.000000 0.000000 0.000000 1.000000
66603 0.000000 0.000000 0.000000 1.000000
66604 0.000000 0.000000 0.000000 1.000000
66605 0.000000 0.000000 0.000000 1.000000
66612 0.000000 0.000000 0.000000 1.000000
66613 0.000000 0.000000 0.000000 1.000000
66614 0.000000 0.000000 0.000000 1.000000
66615 0.000000 0.000000 0.000000 1.000000
66616 0.000000 0.000000 0.000000 1.000000
66617 0.000000 0.000000 0.000000 1.000000
66618 0.000000 0.000000 0.000000 1.000000
66619 0.000000 0.000000 0.000000 1.000000
66620 0.000000 0.000000 0.000000 1.000000
66621 0.000000 0.000000 0.000000 1.000000
66622 0.000000 0.000000 0.000000 1.000000
66623 0.000000 0.000000 0.000000 1.000000
66624 0.000000 0.000000 0.000000 1.000000
66625 0.000000 0.000000 0.000000 1.000000
66626 0.000000 0.000000 0.000000 1.000000
66627 0.000000 0.000000 0.000000 1.000000
66628 0.000000 0.000000 0.000000 1.000000
66633 0.000000 0.000000 0.000000 1.000000
66634 0.000000 0.000000 0.000000 1.000000
66635 0.000000 0.000000 0.000000 1.000000
66636 0.000000 0.000000 0.000000 1.000000
66637 0.000000 0.000000 0.000000 1.000000
66638 0.000000 0.000000 0.000000 1.000000
66639 0.000000 0.000000 0.000000 1.000000
66640 0.000000 0.000000 0.000000 1.000000
66641 0.000000 0.000000 0.000000 1.000000
66642 0.000000 0.000000 0.000000 1.000000
66647 0.000000 0.000000 0.000000 1.000000
66648 0.000000 0.000000 0.000000 1.000000
66649 0.000000 0.000000 0.000000 1.000000
66650 0.000000 0.000000 0.000000 1.000000
66651 0.000000 0.000000 0.000000 1.000000
66652 0.000000 0.000000 0.000000 1.000000
66653 0.000000 0.000000 0.000000 1.000000
66654 0.000000 0.000000 0.000000 1.000000
66659 0.000000 0.000000 0.000000 1.000000
66660 0.000000 0.000000 0.000000 1.000000
66661 0.000000 0.000000 0.000000 1.000000
66662 0.000000 0.000000 0.000000 1.000000
66663 0.000000 0.000000 0.000000 1.000000
66664 0.000000 0.000000 0.000000 1.000000
66665 0.000000 0.000000 0.000000 1.000000
66666 0.000000 0.000000 0.000000 1.000000
66674 0.000000 0.000000 0.000000 1.000000
66675 0.000000 0.000000 0.000000 1.000000
66676 0.000000 0.000000 0.000000 1.000000
66677 0.000000 0.000000 0.000000 1.000000
66678 0.000000 0.000000 0.000000 1.000000
66679 0.000000 0.000000 0.000000 1.000000
66686 0.000000 0.000000 0.000000 1.000000
66687 0.000000 0.000000 0.000000 1.000000
66688 0.000000 0.000000 0.000000 1.000000
66689 0.000000 0.000000 0.000000 1.000000
66690 0.000000 0.000000 0.000000 1.000000
66691 0.000000 0.000000 0.000000 1.000000
66696 0.000000 0.000000 0.000000 1.000000
66697 0.000000 0.000000 0.000000 1.000000
66698 0.000000 0.000000 0.000000 1.000000
66699 0.000000 0.000000 0.000000 1.000000
67734 0.000000 0.000000 0.000000 1.000000
67735 0.000000 0.000000 0.000000 1.000000
67736 0.000000 0.000000 0.000000 1.000000
67744 0.000000 0.000000 0.000000 1.000000
67745 0.000000 0.000000 0.000000 1.000000
67746 0.000000 0.000000 0.000000 1.000000
67754 0.000000 0.000000 0.000000 1.000000
67755 0.000000 0.000000 0.000000 1.000000
67756 0.000000 0.000000 0.000000 1.000000
67766 0.000000 0.000000 0.000000 1.000000
67767 0.000000 0.000000 0.000000 1.000000
67768 0.000000 0.000000 0.000000 1.000000
67778 0.000000 0.000000 0.000000 1.000000
67779 0.000000 0.000000 0.000000 1.000000
67780 0.000000 0.000000 0.000000 1.000000
67784 0.000000 0.000000 0.000000 1.000000
67785 0.000000 0.000000 0.000000 1.000000
67786 0.000000 0.000000 0.000000 1.000000
67788 0.000000 0.000000 0.000000 1.000000
67789 0.000000 0.000000 0.000000 1.000000
67790 0.000000 0.000000 0.000000 1.000000
67791 0.000000 0.000000 0.000000 1.000000
67792 0.000000 0.000000 0.000000 1.000000
67793 0.000000 0.000000 0.000000 1.000000
67794 0.000000 0.000000 0.000000 1.000000
67795 0.000000 0.000000 0.000000 1.000000
67796 0.000000 0.000000 0.000000 1.000000
67797 0.000000 0.000000 0.000000 1.000000
67798 0.000000 0.000000 0.000000 1.000000
67799 0.000000 0.000000 0.000000 1.000000
67804 0.000000 0.000000 0.000000 1.000000
67805 0.000000 0.000000 0.000000 1.000000
67806 0.000000 0.000000 0.000000 1.000000
67807 0.000000 0.000000 0.000000 1.000000
67808 0.000000 0.000000 0.000000 1.000000
67809 0.000000 0.000000 0.000000 1.000000
67810 0.000000 0.000000 0.000000 1.000000
67811 0.000000 0.000000 0.000000 1.000000
67812 0.000000 0.000000 0.000000 1.000000
67813 0.000000 0.000000 0.000000 1.000000
67814 0.000000 0.000000 0.000000 1.000000
67819 0.000000 0.000000 0.000000 1.000000
67820 0.000000 0.000000 0.000000 1.000000
67821 0.000000 0.000000 0.000000 1.000000
67822 0.000000 0.000000 0.000000 1.000000
67823 0.000000 0.000000 0.000000 1.000000
67824 0.000000 0.000000 0.000000 1.000000
67825 0.000000 0.000000 0.000000 1.000000
67829 0.000000 0.000000 0.000000 1.000000
67830 0.000000 0.000000 0.000000 1.000000
67831 0.000000 0.000000 0.000000 1.000000
67832 0.000000 0.000000 0.000000 1.000000
67833 0.000000 0.000000 0.000000 1.000000
67834 0.000000 0.000000 0.000000 1.000000
67835 0.000000 0.000000 0.000000 1.000000
67839 0.000000 0.000000 0.000000 1.000000
67840 0.000000 0.000000 0.000000 1.000000
67841 0.000000 0.000000 0.000000 1.000000
67842 0.000000 0.000000 0.000000 1.000000
67843 0.000000 0.000000 0.000000 1.000000
67844 0.000000 0.000000 0.000000 1.000000
67845 0.000000 0.000000 0.000000 1.000000
67846 0.000000 0.000000 0.000000 1.000000
67847 0.000000 0.000000 0.000000 1.000000
67854 0.000000 0.000000 0.000000 1.000000
67855 0.000000 0.000000 0.000000 1.000000
67856 0.000000 0.000000 0.000000 1.000000
67857 0.000000 0.000000 0.000000 1.000000
67858 0.000000 0.000000 0.000000 1.000000
67859 0.000000 0.000000 0.000000 1.000000
67860 0.000000 0.000000 0.000000 1.000000
67861 0.000000 0.000000 0.000000 1.000000
67862 0.000000 0.000000 0.000000 1.000000
67867 0.000000 0.000000 0.000000 1.000000
67868 0.000000 0.000000 0.000000 1.000000
67869 0.000000 0.000000 0.000000 1.000000
67870 0.000000 0.000000 0.000000 1.000000
67871 0.000000 0.000000 0.000000 1.000000
67872 0.000000 0.000000 0.000000 1.000000
67878 0.000000 0.000000 0.000000 1.000000
67879 0.000000 0.000000 0.000000 1.000000
67880 0.000000 0.000000 0.000000 1.000000
67881 0.000000 0.000000 0.000000 1.000000
68897 0.000000 0.000000 0.000000 1.000000
68905 0.000000 0.000000 0.000000 1.000000
68912 0.000000 0.000000 0.000000 1.000000
68913 0.000000 0.000000 0.000000 1.000000
68920 0.000000 0.000000 0.000000 1.000000
68926 0.000000 0.000000 0.000000 1.000000
68928 0.000000 0.000000 0.000000 1.000000
68930 0.000000 0.000000 0.000000 1.000000
68931 0.000000 0.000000 0.000000 1.000000
68932 0.000000 0.000000 0.000000 1.000000
68933 0.000000 0.000000 0.000000 1.000000
68934 0.000000 0.000000 0.000000 1.000000
68935 0.000000 0.000000 0.000000 1.000000
68936 0.000000 0.000000 0.000000 1.000000
68937 0.000000 0.000000 0.000000 1.000000
68938 0.000000 0.000000 0.000000 1.000000
68939 0.000000 0.000000 0.000000 1.000000
68940 0.000000 0.000000 0.000000 1.000000
68941 0.000000 0.000000 0.000000 1.000000
68942 0.000000 0.000000 0.000000 1.000000
68947 0.000000 0.000000 0.000000 1.000000
68948 0.000000 0.000000 0.000000 1.000000
68949 0.000000 0.000000 0.000000 1.000000
68950 0.000000 0.000000 0.000000 1.000000
68951 0.000000 0.000000 0.000000 1.000000
68952 0.000000 0.000000 0.000000 1.000000
68953 0.000000 0.000000 0.000000 1.000000
68958 0.000000 0.000000 0.000000 1.000000
68959 0.000000 0.000000 0.000000 1.000000
68960 0.000000 0.000000 0.000000 1.000000
68961 0.000000 0.000000 0.000000 1.000000
68962 0.000000 0.000000 0.000000 1.000000
68966 0.000000 0.000000 0.000000 1.000000
68967 0.000000 0.000000 0.000000 1.000000
68968 0.000000 0.000000 0.000000 1.000000
68969 0.000000 0.000000 0.000000 1.000000
68975 0.000000 0.000000 0.000000 1.000000
68976 0.000000 0.000000 0.000000 1.000000
68977 0.000000 0.000000 0.000000 1.000000
68978 0.000000 0.000000 0.000000 1.000000
68985 0.000000 0.000000 0.000000 1.000000
68986 0.000000 0.000000 0.000000 1.000000
68987 0.000000 0.000000 0.000000 1.000000
68988 0.000000 0.000000 0.000000 1.000000
68989 0.000000 0.000000 0.000000 1.000000
70140 0.000000 0.000000 0.000000 1.000000
70144 0.000000 0.000000 0.000000 1.000000
70148 0.000000 0.000000 0.000000 1.000000
70149 0.000000 0.000000 0.000000 1.000000
70155 0.000000 0.000000 0.000000 1.000000
70161 0.000000 0.000000 0.000000 1.000000
70162 0.000000 0.000000 0.000000 1.000000
70164 0.000000 0.000000 0.000000 1.000000
70165 0.000000 0.000000 0.000000 1.000000
70167 0.000000 0.000000 0.000000 1.000000
70168 0.000000 0.000000 0.000000 1.000000
70169 0.000000 0.000000 0.000000 1.000000
70170 0.000000 0.000000 0.000000 1.000000
70171 0.000000 0.000000 0.000000 1.000000
70172 0.000000 0.000000 0.000000 1.000000
70173 0.000000 0.000000 0.000000 1.000000
70174 0.000000 0.000000 0.000000 1.000000
70175 0.000000 0.000000 0.000000 1.000000
70176 0.000000 0.000000 0.000000 1.000000
70177 0.000000 0.000000 0.000000 1.000000
70178 0.000000 0.000000 0.000000 1.000000
70179 0.000000 0.000000 0.000000 1.000000
70180 0.000000 0.000000 0.000000 1.000000
70185 0.000000 0.000000 0.000000 1.000000
70186 0.000000 0.000000 0.000000 1.000000
70187 0.000000 0.000000 0.000000 1.000000
70188 0.000000 0.000000 0.000000 1.000000
70189 0.000000 0.000000 0.000000 1.000000
70190 0.000000 0.000000 0.000000 1.000000
70194 0.000000 0.000000 0.000000 1.000000
70195 0.000000 0.000000 0.000000 1.000000
70196 0.000000 0.000000 0.000000 1.000000
70197 0.000000 0.000000 0.000000 1.000000
70198 0.000000 0.000000 0.000000 1.000000
70199 0.000000 0.000000 0.000000 1.000000
70203 0.000000 0.000000 0.000000 1.000000
70204 0.000000 0.000000 0.000000 1.000000
70205 0.000000 0.000000 0.000000 1.000000
70206 0.000000 0.000000 0.000000 1.000000
70207 0.000000 0.000000 0.000000 1.000000
70208 0.000000 0.000000 0.000000 1.000000
70213 0.000000 0.000000 0.000000 1.000000
70214 0.000000 0.000000 0.000000 1.000000
70215 0.000000 0.000000 0.000000 1.000000
70216 0.000000 0.000000 0.000000 1.000000
70217 0.000000 0.000000 0.000000 1.000000
70223 0.000000 0.000000 0.000000 1.000000
70224 0.000000 0.000000 0.000000 1.000000
70225 0.000000 0.000000 0.000000 1.000000
70226 0.000000 0.000000 0.000000 1.000000
71340 0.000000 0.000000 0.000000 1.000000
71344 0.000000 0.000000 0.000000 1.000000
71345 0.000000 0.000000 0.000000 1.000000
71350 0.000000 0.000000 0.000000 1.000000
71351 0.000000 0.000000 0.000000 1.000000
71352 0.000000 0.000000 0.000000 1.000000
71357 0.000000 0.000000 0.000000 1.000000
71358 0.000000 0.000000 0.000000 1.000000
71359 0.000000 0.000000 0.000000 1.000000
71362 0.000000 0.000000 0.000000 1.000000
71363 0.000000 0.000000 0.000000 1.000000
71364 0.000000 0.000000 0.000000 1.000000
71366 0.000000 0.000000 0.000000 1.000000
71367 0.000000 0.000000 0.000000 1.000000
71368 0.000000 0.000000 0.000000 1.000000
71369 0.000000 0.000000 0.000000 1.000000
71370 0.000000 0.000000 0.000000 1.000000
71371 0.000000 0.000000 0.000000 1.000000
71372 0.000000 0.000000 0.000000 1.000000
71373 0.000000 0.000000 0.000000 1.000000
71374 0.000000 0.000000 0.000000 1.000000
71375 0.000000 0.000000 0.000000 1.000000
71376 0.000000 0.000000 0.000000 1.000000
71377 0.000000 0.000000 0.000000 1.000000
71378 0.000000 0.000000 0.000000 1.000000
71379 0.000000 0.000000 0.000000 1.000000
71380 0.000000 0.000000 0.000000 1.000000
71381 0.000000 0.000000 0.000000 1.000000
71386 0.000000 0.000000 0.000000 1.000000
71387 0.000000 0.000000 0.000000 1.000000
71388 0.000000 0.000000 0.000000 1.000000
71389 0.000000 0.000000 0.000000 1.000000
71390 0.000000 0.000000 0.000000 1.000000
71391 0.000000 0.000000 0.000000 1.000000
71392 0.000000 0.000000 0.000000 1.000000
71393 0.000000 0.000000 0.000000 1.000000
71394 0.000000 0.000000 0.000000 1.000000
71395 0.000000 0.000000 0.000000 1.000000
71396 0.000000 0.000000 0.000000 1.000000
71397 0.000000 0.000000 0.000000 1.000000
71398 0.000000 0.000000 0.000000 1.000000
71399 0.000000 0.000000 0.000000 1.000000
71400 0.000000 0.000000 0.000000 1.000000
71401 0.000000 0.000000 0.000000 1.000000
71402 0.000000 0.000000 0.000000 1.000000
71407 0.000000 0.000000 0.000000 1.000000
71408 0.000000 0.000000 0.000000 1.000000
71409 0.000000 0.000000 0.000000 1.000000
71410 0.000000 0.000000 0.000000 1.000000
71411 0.000000 0.000000 0.000000 1.000000
71412 0.000000 0.000000 0.000000 1.000000
71413 0.000000 0.000000 0.000000 1.000000
71419 0.000000 0.000000 0.000000 1.000000
71420 0.000000 0.000000 0.000000 1.000000
71421 0.000000 0.000000 0.000000 1.000000
71422 0.000000 0.000000 0.000000 1.000000
71423 0.000000 0.000000 0.000000 1.000000
71424 0.000000 0.000000 0.000000 1.000000
72561 0.000000 0.000000 0.000000 1.000000
72566 0.000000 0.000000 0.000000 1.000000
72567 0.000000 0.000000 0.000000 1.000000
72568 0.000000 0.000000 0.000000 1.000000
72572 0.000000 0.000000 0.000000 1.000000
72573 0.000000 0.000000 0.000000 1.000000
72574 0.000000 0.000000 0.000000 1.000000
72577 0.000000 0.000000 0.000000 1.000000
72578 0.000000 0.000000 0.000000 1.000000
72579 0.000000 0.000000 0.000000 1.000000
72580 0.000000 0.000000 0.000000 1.000000
72582 0.000000 0.000000 0.000000 1.000000
72583 0.000000 0.000000 0.000000 1.000000
72584 0.000000 0.000000 0.000000 1.000000
72585 0.000000 0.000000 0.000000 1.000000
72586 0.000000 0.000000 0.000000 1.000000
72593 0.000000 0.000000 0.000000 1.000000
72594 0.000000 0.000000 0.000000 1.000000
72595 0.000000 0.000000 0.000000 1.000000
72596 0.000000 0.000000 0.000000 1.000000
72597 0.000000 0.000000 0.000000 1.000000
72598 0.000000 0.000000 0.000000 1.000000
72599 0.000000 0.000000 0.000000 1.000000
72600 0.000000 0.000000 0.000000 1.000000
72601 0.000000 0.000000 0.000000 1.000000
72602 0.000000 0.000000 0.000000 1.000000
72603 0.000000 0.000000 0.000000 1.000000
72604 0.000000 0.000000 0.000000 1.000000
72605 0.000000 0.000000 0.000000 1.000000
72606 0.000000 0.000000 0.000000 1.000000
72607 0.000000 0.000000 0.000000 1.000000
72618 0.000000 0.000000 0.000000 1.000000
72619 0.000000 0.000000 0.000000 1.000000
72620 0.000000 0.000000 0.000000 1.000000
72621 0.000000 0.000000 0.000000 1.000000
72622 0.000000 0.000000 0.000000 1.000000
72623 0.000000 0.000000 0.000000 1.000000
72624 0.000000 0.000000 0.000000 1.000000
72625 0.000000 0.000000 0.000000 1.000000
72626 0.000000 0.000000 0.000000 1.000000
72627 0.000000 0.000000 0.000000 1.000000
72628 0.000000 0.000000 0.000000 1.000000
72629 0.000000 0.000000 0.000000 1.000000
72630 0.000000 0.000000 0.000000 1.000000
72631 0.000000 0.000000 0.000000 1.000000
72632 0.000000 0.000000 0.000000 1.000000
72638 0.000000 0.000000 0.000000 1.000000
72639 0.000000 0.000000 0.000000 1.000000
72640 0.000000 0.000000 0.000000 1.000000
72641 0.000000 0.000000 0.000000 1.000000
72642 0.000000 0.000000 0.000000 1.000000
72643 0.000000 0.000000 0.000000 1.000000
72644 0.000000 0.000000 0.000000 1.000000
72645 0.000000 0.000000 0.000000 1.000000
72646 0.000000 0.000000 0.000000 1.000000
72647 0.000000 0.000000 0.000000 1.000000
72648 0.000000 0.000000 0.000000 1.000000
72654 0.000000 0.000000 0.000000 1.000000
72655 0.000000 0.000000 0.000000 1.000000
72656 0.000000 0.000000 0.000000 1.000000
72657 0.000000 0.000000 0.000000 1.000000
73631 0.000000 0.000000 0.000000 1.000000
73634 0.000000 0.000000 0.000000 1.000000
73640 0.000000 0.000000 0.000000 1.000000
73641 0.000000 0.000000 0.000000 1.000000
73642 0.000000 0.000000 0.000000 1.000000
73646 0.000000 0.000000 0.000000 1.000000
73647 0.000000 0.000000 0.000000 1.000000
73648 0.000000 0.000000 0.000000 1.000000
73649 0.000000 0.000000 0.000000 1.000000
73650 0.000000 0.000000 0.000000 1.000000
73653 0.000000 0.000000 0.000000 1.000000
73654 0.000000 0.000000 0.000000 1.000000
73655 0.000000 0.000000 0.000000 1.000000
73656 0.000000 0.000000 0.000000 1.000000
73659 0.000000 0.000000 0.000000 1.000000
73660 0.000000 0.000000 0.000000 1.000000
73661 0.000000 0.000000 0.000000 1.000000
73667 0.000000 0.000000 0.000000 1.000000
73668 0.000000 0.000000 0.000000 1.000000
73669 0.000000 0.000000 0.000000 1.000000
73683 0.000000 0.000000 0.000000 1.000000
73684 0.000000 0.000000 0.000000 1.000000
73685 0.000000 0.000000 0.000000 1.000000
73686 0.000000 0.000000 0.000000 1.000000
73687 0.000000 0.000000 0.000000 1.000000
73688 0.000000 0.000000 0.000000 1.000000
73689 0.000000 0.000000 0.000000 1.000000
73690 0.000000 0.000000 0.000000 1.000000
73691 0.000000 0.000000 0.000000 1.000000
73692 0.000000 0.000000 0.000000 1.000000
73693 0.000000 0.000000 0.000000 1.000000
73694 0.000000 0.000000 0.000000 1.000000
73706 0.000000 0.000000 0.000000 1.000000
73707 0.000000 0.000000 0.000000 1.000000
73708 0.000000 0.000000 0.000000 1.000000
73709 0.000000 0.000000 0.000000 1.000000
73710 0.000000 0.000000 0.000000 1.000000
73711 0.000000 0.000000 0.000000 1.000000
73712 0.000000 0.000000 0.000000 1.000000
73713 0.000000 0.000000 0.000000 1.000000
73714 0.000000 0.000000 0.000000 1.000000
73715 0.000000 0.000000 0.000000 1.000000
73716 0.000000 0.000000 0.000000 1.000000
73717 0.000000 0.000000 0.000000 1.000000
73718 0.000000 0.000000 0.000000 1.000000
73719 0.000000 0.000000 0.000000 1.000000
73720 0.000000 0.000000 0.000000 1.000000
73729 0.000000 0.000000 0.000000 1.000000
73730 0.000000 0.000000 0.000000 1.000000
73731 0.000000 0.000000 0.000000 1.000000
73732 0.000000 0.000000 0.000000 1.000000
73733 0.000000 0.000000 0.000000 1.000000
73734 0.000000 0.000000 0.000000 1.000000
73735 0.000000 0.000000 0.000000 1.000000
73736 0.000000 0.000000 0.000000 1.000000
73737 0.000000 0.000000 0.000000 1.000000
74679 0.000000 0.000000 0.000000 1.000000
74680 0.000000 0.000000 0.000000 1.000000
74684 0.000000 0.000000 0.000000 1.000000
74685 0.000000 0.000000 0.000000 1.000000
74692 0.000000 0.000000 0.000000 1.000000
74693 0.000000 0.000000 0.000000 1.000000
74694 0.000000 0.000000 0.000000 1.000000
74695 0.000000 0.000000 0.000000 1.000000
74698 0.000000 0.000000 0.000000 1.000000
74699 0.000000 0.000000 0.000000 1.000000
74700 0.000000 0.000000 0.000000 1.000000
74701 0.000000 0.000000 0.000000 1.000000
74702 0.000000 0.000000 0.000000 1.000000
74707 0.000000 0.000000 0.000000 1.000000
74720 0.000000 0.000000 0.000000 1.000000
74721 0.000000 0.000000 0.000000 1.000000
74722 0.000000 0.000000 0.000000 1.000000
74723 0.000000 0.000000 0.000000 1.000000
74735 0.000000 0.000000 0.000000 1.000000
74736 0.000000 0.000000 0.000000 1.000000
74737 0.000000 0.000000 0.000000 1.000000
74738 0.000000 0.000000 0.000000 1.000000
74739 0.000000 0.000000 0.000000 1.000000
74740 0.000000 0.000000 0.000000 1.000000
74741 0.000000 0.000000 0.000000 1.000000
74742 0.000000 0.000000 0.000000 1.000000
74754 0.000000 0.000000 0.000000 1.000000
74755 0.000000 0.000000 0.000000 1.000000
74756 0.000000 0.000000 0.000000 1.000000
74757 0.000000 0.000000 0.000000 1.000000
74758 0.000000 0.000000 0.000000 1.000000
74759 0.000000 0.000000 0.000000 1.000000
74760 0.000000 0.000000 0.000000 1.000000
74769 0.000000 0.000000 0.000000 1.000000
74770 0.000000 0.000000 0.000000 1.000000
74771 0.000000 0.000000 0.000000 1.000000
74772 0.000000 0.000000 0.000000 1.000000
74773 0.000000 0.000000 0.000000 1.000000
74774 0.000000 0.000000 0.000000 1.000000
74775 0.000000 0.000000 0.000000 1.000000
75747 0.000000 0.000000 0.000000 1.000000
75752 0.000000 0.000000 0.000000 1.000000
75753 0.000000 0.000000 0.000000 1.000000
75754 0.000000 0.000000 0.000000 1.000000
75760 0.000000 0.000000 0.000000 1.000000
75761 0.000000 0.000000 0.000000 1.000000
75762 0.000000 0.000000 0.000000 1.000000
75763 0.000000 0.000000 0.000000 1.000000
75764 0.000000 0.000000 0.000000 1.000000
75767 0.000000 0.000000 0.000000 1.000000
75768 0.000000 0.000000 0.000000 1.000000
75769 0.000000 0.000000 0.000000 1.000000
75795 0.000000 0.000000 0.000000 1.000000
75796 0.000000 0.000000 0.000000 1.000000
75797 0.000000 0.000000 0.000000 1.000000
75798 0.000000 0.000000 0.000000 1.000000
75799 0.000000 0.000000 0.000000 1.000000
75821 0.000000 0.000000 0.000000 1.000000
75822 0.000000 0.000000 0.000000 1.000000
75823 0.000000 0.000000 0.000000 1.000000
75824 0.000000 0.000000 0.000000 1.000000
75838 0.000000 0.000000 0.000000 1.000000
75839 0.000000 0.000000 0.000000 1.000000
75840 0.000000 0.000000 0.000000 1.000000
75850 0.000000 0.000000 0.000000 1.000000
75851 0.000000 0.000000 0.000000 1.000000
75852 0.000000 0.000000 0.000000 1.000000
76883 0.000000 0.000000 0.000000 1.000000
76889 0.000000 0.000000 0.000000 1.000000
76890 0.000000 0.000000 0.000000 1.000000
76891 0.000000 0.000000 0.000000 1.000000
76892 0.000000 0.000000 0.000000 1.000000
76897 0.000000 0.000000 0.000000 1.000000
76898 0.000000 0.000000 0.000000 1.000000
76899 0.000000 0.000000 0.000000 1.000000
76933 0.000000 0.000000 0.000000 1.000000
78093 0.000000 0.000000 0.000000 1.000000
