#
1978
37101 0.000000 0.000000 0.000000 1.000000
37102 0.000000 0.000000 0.000000 1.000000
37103 0.000000 0.000000 0.000000 1.000000
37113 0.000000 0.000000 0.000000 1.000000
37114 0.000000 0.000000 0.000000 1.000000
37115 0.000000 0.000000 0.000000 1.000000
37129 0.000000 0.000000 0.000000 1.000000
37130 0.000000 0.000000 0.000000 1.000000
37131 0.000000 0.000000 0.000000 1.000000
37136 0.000000 0.000000 0.000000 1.000000
37137 0.000000 0.000000 0.000000 1.000000
37138 0.000000 0.000000 0.000000 1.000000
37143 0.000000 0.000000 0.000000 1.000000
37144 0.000000 0.000000 0.000000 1.000000
37968 0.000000 0.000000 0.000000 1.000000
37969 0.000000 0.000000 0.000000 1.000000
37981 0.000000 0.000000 0.000000 1.000000
37982 0.000000 0.000000 0.000000 1.000000
37996 0.000000 0.000000 0.000000 1.000000
37997 0.000000 0.000000 0.000000 1.000000
37998 0.000000 0.000000 0.000000 1.000000
38010 0.000000 0.000000 0.000000 1.000000
38011 0.000000 0.000000 0.000000 1.000000
38030 0.000000 0.000000 0.000000 1.000000
38031 0.000000 0.000000 0.000000 1.000000
38048 0.000000 0.000000 0.000000 1.000000
38049 0.000000 0.000000 0.000000 1.000000
38061 0.000000 0.000000 0.000000 1.000000
38917 0.000000 0.000000 0.000000 1.000000
38918 0.000000 0.000000 0.000000 1.000000
38927 0.000000 0.000000 0.000000 1.000000
38928 0.000000 0.000000 0.000000 1.000000
38937 0.000000 0.000000 0.000000 1.000000
38938 0.000000 0.000000 0.000000 1.000000
38950 0.000000 0.000000 0.000000 1.000000
38951 0.000000 0.000000 0.000000 1.000000
38961 0.000000 0.000000 0.000000 1.000000
38962 0.000000 0.000000 0.000000 1.000000
38963 0.000000 0.000000 0.000000 1.000000
38978 0.000000 0.000000 0.000000 1.000000
38996 0.000000 0.000000 0.000000 1.000000
39014 0.000000 0.000000 0.000000 1.000000
39903 0.000000 0.000000 0.000000 1.000000
39904 0.000000 0.000000 0.000000 1.000000
39913 0.000000 0.000000 0.000000 1.000000
39914 0.000000 0.000000 0.000000 1.000000
39924 0.000000 0.000000 0.000000 1.000000
39925 0.000000 0.000000 0.000000 1.000000
39936 0.000000 0.000000 0.000000 1.000000
39937 0.000000 0.000000 0.000000 1.000000
39949 0.000000 0.000000 0.000000 1.000000
39950 0.000000 0.000000 0.000000 1.000000
39966 0.000000 0.000000 0.000000 1.000000
39967 0.000000 0.000000 0.000000 1.000000
39983 0.000000 0.000000 0.000000 1.000000
39984 0.000000 0.000000 0.000000 1.000000
39998 0.000000 0.000000 0.000000 1.000000
39999 0.000000 0.000000 0.000000 1.000000
40909 0.000000 0.000000 0.000000 1.000000
40920 0.000000 0.000000 0.000000 1.000000
40931 0.000000 0.000000 0.000000 1.000000
40932 0.000000 0.000000 0.000000 1.000000
40944 0.000000 0.000000 0.000000 1.000000
40945 0.000000 0.000000 0.000000 1.000000
40958 0.000000 0.000000 0.000000 1.000000
40959 0.000000 0.000000 0.000000 1.000000
40960 0.000000 0.000000 0.000000 1.000000
40972 0.000000 0.000000 0.000000 1.000000
40973 0.000000 0.000000 0.000000 1.000000
40974 0.000000 0.000000 0.000000 1.000000
40983 0.000000 0.000000 0.000000 1.000000
40984 0.000000 0.000000 0.000000 1.000000
40994 0.000000 0.000000 0.000000 1.000000
41915 0.000000 0.000000 0.000000 1.000000
41926 0.000000 0.000000 0.000000 1.000000
41927 0.000000 0.000000 0.000000 1.000000
41936 0.000000 0.000000 0.000000 1.000000
41937 0.000000 0.000000 0.000000 1.000000
41943 0.000000 0.000000 0.000000 1.000000
41944 0.000000 0.000000 0.000000 1.000000
41945 0.000000 0.000000 0.000000 1.000000
41946 0.000000 0.000000 0.000000 1.000000
41947 0.000000 0.000000 0.000000 1.000000
41954 0.000000 0.000000 0.000000 1.000000
41955 0.000000 0.000000 0.000000 1.000000
41956 0.000000 0.000000 0.000000 1.000000
41957 0.000000 0.000000 0.000000 1.000000
41958 0.000000 0.000000 0.000000 1.000000
41966 0.000000 0.000000 0.000000 1.000000
41967 0.000000 0.000000 0.000000 1.000000
41968 0.000000 0.000000 0.000000 1.000000
41977 0.000000 0.000000 0.000000 1.000000
41978 0.000000 0.000000 0.000000 1.000000
41989 0.000000 0.000000 0.000000 1.000000
41990 0.000000 0.000000 0.000000 1.000000
42838 0.000000 0.000000 0.000000 1.000000
42839 0.000000 0.000000 0.000000 1.000000
42840 0.000000 0.000000 0.000000 1.000000
42841 0.000000 0.000000 0.000000 1.000000
42842 0.000000 0.000000 0.000000 1.000000
42843 0.000000 0.000000 0.000000 1.000000
42852 0.000000 0.000000 0.000000 1.000000
42853 0.000000 0.000000 0.000000 1.000000
42854 0.000000 0.000000 0.000000 1.000000
42855 0.000000 0.000000 0.000000 1.000000
42856 0.000000 0.000000 0.000000 1.000000
42857 0.000000 0.000000 0.000000 1.000000
42865 0.000000 0.000000 0.000000 1.000000
42866 0.000000 0.000000 0.000000 1.000000
42874 0.000000 0.000000 0.000000 1.000000
42883 0.000000 0.000000 0.000000 1.000000
42895 0.000000 0.000000 0.000000 1.000000
42904 0.000000 0.000000 0.000000 1.000000
43742 0.000000 0.000000 0.000000 1.000000
43751 0.000000 0.000000 0.000000 1.000000
43752 0.000000 0.000000 0.000000 1.000000
43753 0.000000 0.000000 0.000000 1.000000
43754 0.000000 0.000000 0.000000 1.000000
43755 0.000000 0.000000 0.000000 1.000000
43756 0.000000 0.000000 0.000000 1.000000
43763 0.000000 0.000000 0.000000 1.000000
43764 0.000000 0.000000 0.000000 1.000000
43765 0.000000 0.000000 0.000000 1.000000
43766 0.000000 0.000000 0.000000 1.000000
43771 0.000000 0.000000 0.000000 1.000000
43779 0.000000 0.000000 0.000000 1.000000
43788 0.000000 0.000000 0.000000 1.000000
43789 0.000000 0.000000 0.000000 1.000000
43790 0.000000 0.000000 0.000000 1.000000
43791 0.000000 0.000000 0.000000 1.000000
43792 0.000000 0.000000 0.000000 1.000000
43800 0.000000 0.000000 0.000000 1.000000
43801 0.000000 0.000000 0.000000 1.000000
43802 0.000000 0.000000 0.000000 1.000000
43803 0.000000 0.000000 0.000000 1.000000
43804 0.000000 0.000000 0.000000 1.000000
43805 0.000000 0.000000 0.000000 1.000000
43806 0.000000 0.000000 0.000000 1.000000
43807 0.000000 0.000000 0.000000 1.000000
43808 0.000000 0.000000 0.000000 1.000000
43811 0.000000 0.000000 0.000000 1.000000
43812 0.000000 0.000000 0.000000 1.000000
43813 0.000000 0.000000 0.000000 1.000000
43814 0.000000 0.000000 0.000000 1.000000
43815 0.000000 0.000000 0.000000 1.000000
43816 0.000000 0.000000 0.000000 1.000000
43827 0.000000 0.000000 0.000000 1.000000
43828 0.000000 0.000000 0.000000 1.000000
44696 0.000000 0.000000 0.000000 1.000000
44697 0.000000 0.000000 0.000000 1.000000
44698 0.000000 0.000000 0.000000 1.000000
44699 0.000000 0.000000 0.000000 1.000000
44700 0.000000 0.000000 0.000000 1.000000
44708 0.000000 0.000000 0.000000 1.000000
44709 0.000000 0.000000 0.000000 1.000000
44710 0.000000 0.000000 0.000000 1.000000
44711 0.000000 0.000000 0.000000 1.000000
44712 0.000000 0.000000 0.000000 1.000000
44713 0.000000 0.000000 0.000000 1.000000
44721 0.000000 0.000000 0.000000 1.000000
44727 0.000000 0.000000 0.000000 1.000000
44735 0.000000 0.000000 0.000000 1.000000
44736 0.000000 0.000000 0.000000 1.000000
44737 0.000000 0.000000 0.000000 1.000000
44738 0.000000 0.000000 0.000000 1.000000
44739 0.000000 0.000000 0.000000 1.000000
44740 0.000000 0.000000 0.000000 1.000000
44741 0.000000 0.000000 0.000000 1.000000
44751 0.000000 0.000000 0.000000 1.000000
44752 0.000000 0.000000 0.000000 1.000000
44753 0.000000 0.000000 0.000000 1.000000
44754 0.000000 0.000000 0.000000 1.000000
44755 0.000000 0.000000 0.000000 1.000000
44756 0.000000 0.000000 0.000000 1.000000
44757 0.000000 0.000000 0.000000 1.000000
44758 0.000000 0.000000 0.000000 1.000000
44759 0.000000 0.000000 0.000000 1.000000
44760 0.000000 0.000000 0.000000 1.000000
44761 0.000000 0.000000 0.000000 1.000000
44769 0.000000 0.000000 0.000000 1.000000
44770 0.000000 0.000000 0.000000 1.000000
44771 0.000000 0.000000 0.000000 1.000000
44772 0.000000 0.000000 0.000000 1.000000
44773 0.000000 0.000000 0.000000 1.000000
44774 0.000000 0.000000 0.000000 1.000000
44775 0.000000 0.000000 0.000000 1.000000
44776 0.000000 0.000000 0.000000 1.000000
44777 0.000000 0.000000 0.000000 1.000000
44778 0.000000 0.000000 0.000000 1.000000
44788 0.000000 0.000000 0.000000 1.000000
44789 0.000000 0.000000 0.000000 1.000000
44790 0.000000 0.000000 0.000000 1.000000
45814 0.000000 0.000000 0.000000 1.000000
45815 0.000000 0.000000 0.000000 1.000000
45816 0.000000 0.000000 0.000000 1.000000
45827 0.000000 0.000000 0.000000 1.000000
45828 0.000000 0.000000 0.000000 1.000000
45829 0.000000 0.000000 0.000000 1.000000
45830 0.000000 0.000000 0.000000 1.000000
45831 0.000000 0.000000 0.000000 1.000000
45840 0.000000 0.000000 0.000000 1.000000
45841 0.000000 0.000000 0.000000 1.000000
45850 0.000000 0.000000 0.000000 1.000000
45857 0.000000 0.000000 0.000000 1.000000
45858 0.000000 0.000000 0.000000 1.000000
45859 0.000000 0.000000 0.000000 1.000000
45860 0.000000 0.000000 0.000000 1.000000
45861 0.000000 0.000000 0.000000 1.000000
45862 0.000000 0.000000 0.000000 1.000000
45873 0.000000 0.000000 0.000000 1.000000
45874 0.000000 0.000000 0.000000 1.000000
45875 0.000000 0.000000 0.000000 1.000000
45876 0.000000 0.000000 0.000000 1.000000
45877 0.000000 0.000000 0.000000 1.000000
45878 0.000000 0.000000 0.000000 1.000000
45879 0.000000 0.000000 0.000000 1.000000
45880 0.000000 0.000000 0.000000 1.000000
45890 0.000000 0.000000 0.000000 1.000000
45891 0.000000 0.000000 0.000000 1.000000
45892 0.000000 0.000000 0.000000 1.000000
45893 0.000000 0.000000 0.000000 1.000000
45894 0.000000 0.000000 0.000000 1.000000
45900 0.000000 0.000000 0.000000 1.000000
45901 0.000000 0.000000 0.000000 1.000000
45902 0.000000 0.000000 0.000000 1.000000
46942 0.000000 0.000000 0.000000 1.000000
46943 0.000000 0.000000 0.000000 1.000000
46961 0.000000 0.000000 0.000000 1.000000
46962 0.000000 0.000000 0.000000 1.000000
46963 0.000000 0.000000 0.000000 1.000000
46978 0.000000 0.000000 0.000000 1.000000
46979 0.000000 0.000000 0.000000 1.000000
46980 0.000000 0.000000 0.000000 1.000000
46993 0.000000 0.000000 0.000000 1.000000
46994 0.000000 0.000000 0.000000 1.000000
47002 0.000000 0.000000 0.000000 1.000000
47010 0.000000 0.000000 0.000000 1.000000
47011 0.000000 0.000000 0.000000 1.000000
47012 0.000000 0.000000 0.000000 1.000000
47013 0.000000 0.000000 0.000000 1.000000
47014 0.000000 0.000000 0.000000 1.000000
47015 0.000000 0.000000 0.000000 1.000000
47026 0.000000 0.000000 0.000000 1.000000
47027 0.000000 0.000000 0.000000 1.000000
47028 0.000000 0.000000 0.000000 1.000000
47029 0.000000 0.000000 0.000000 1.000000
47030 0.000000 0.000000 0.000000 1.000000
47031 0.000000 0.000000 0.000000 1.000000
47032 0.000000 0.000000 0.000000 1.000000
47033 0.000000 0.000000 0.000000 1.000000
47039 0.000000 0.000000 0.000000 1.000000
47040 0.000000 0.000000 0.000000 1.000000
47041 0.000000 0.000000 0.000000 1.000000
47042 0.000000 0.000000 0.000000 1.000000
47043 0.000000 0.000000 0.000000 1.000000
47044 0.000000 0.000000 0.000000 1.000000
47045 0.000000 0.000000 0.000000 1.000000
47046 0.000000 0.000000 0.000000 1.000000
47050 0.000000 0.000000 0.000000 1.000000
47051 0.000000 0.000000 0.000000 1.000000
47052 0.000000 0.000000 0.000000 1.000000
47053 0.000000 0.000000 0.000000 1.000000
47054 0.000000 0.000000 0.000000 1.000000
47064 0.000000 0.000000 0.000000 1.000000
48006 0.000000 0.000000 0.000000 1.000000
48022 0.000000 0.000000 0.000000 1.000000
48046 0.000000 0.000000 0.000000 1.000000
48047 0.000000 0.000000 0.000000 1.000000
48067 0.000000 0.000000 0.000000 1.000000
48068 0.000000 0.000000 0.000000 1.000000
48069 0.000000 0.000000 0.000000 1.000000
48088 0.000000 0.000000 0.000000 1.000000
48089 0.000000 0.000000 0.000000 1.000000
48090 0.000000 0.000000 0.000000 1.000000
48106 0.000000 0.000000 0.000000 1.000000
48107 0.000000 0.000000 0.000000 1.000000
48126 0.000000 0.000000 0.000000 1.000000
48142 0.000000 0.000000 0.000000 1.000000
48157 0.000000 0.000000 0.000000 1.000000
48166 0.000000 0.000000 0.000000 1.000000
48167 0.000000 0.000000 0.000000 1.000000
48168 0.000000 0.000000 0.000000 1.000000
48169 0.000000 0.000000 0.000000 1.000000
48171 0.000000 0.000000 0.000000 1.000000
48172 0.000000 0.000000 0.000000 1.000000
48173 0.000000 0.000000 0.000000 1.000000
48174 0.000000 0.000000 0.000000 1.000000
48175 0.000000 0.000000 0.000000 1.000000
48176 0.000000 0.000000 0.000000 1.000000
48177 0.000000 0.000000 0.000000 1.000000
48178 0.000000 0.000000 0.000000 1.000000
48181 0.000000 0.000000 0.000000 1.000000
48182 0.000000 0.000000 0.000000 1.000000
48183 0.000000 0.000000 0.000000 1.000000
48184 0.000000 0.000000 0.000000 1.000000
48185 0.000000 0.000000 0.000000 1.000000
48186 0.000000 0.000000 0.000000 1.000000
48187 0.000000 0.000000 0.000000 1.000000
48188 0.000000 0.000000 0.000000 1.000000
48189 0.000000 0.000000 0.000000 1.000000
48190 0.000000 0.000000 0.000000 1.000000
48197 0.000000 0.000000 0.000000 1.000000
48198 0.000000 0.000000 0.000000 1.000000
48199 0.000000 0.000000 0.000000 1.000000
48200 0.000000 0.000000 0.000000 1.000000
48201 0.000000 0.000000 0.000000 1.000000
48202 0.000000 0.000000 0.000000 1.000000
48203 0.000000 0.000000 0.000000 1.000000
48204 0.000000 0.000000 0.000000 1.000000
48205 0.000000 0.000000 0.000000 1.000000
48209 0.000000 0.000000 0.000000 1.000000
48210 0.000000 0.000000 0.000000 1.000000
48211 0.000000 0.000000 0.000000 1.000000
48212 0.000000 0.000000 0.000000 1.000000
48213 0.000000 0.000000 0.000000 1.000000
48214 0.000000 0.000000 0.000000 1.000000
49186 0.000000 0.000000 0.000000 1.000000
49196 0.000000 0.000000 0.000000 1.000000
49212 0.000000 0.000000 0.000000 1.000000
49231 0.000000 0.000000 0.000000 1.000000
49232 0.000000 0.000000 0.000000 1.000000
49233 0.000000 0.000000 0.000000 1.000000
49234 0.000000 0.000000 0.000000 1.000000
49250 0.000000 0.000000 0.000000 1.000000
49251 0.000000 0.000000 0.000000 1.000000
49252 0.000000 0.000000 0.000000 1.000000
49253 0.000000 0.000000 0.000000 1.000000
49268 0.000000 0.000000 0.000000 1.000000
49269 0.000000 0.000000 0.000000 1.000000
49270 0.000000 0.000000 0.000000 1.000000
49271 0.000000 0.000000 0.000000 1.000000
49272 0.000000 0.000000 0.000000 1.000000
49289 0.000000 0.000000 0.000000 1.000000
49290 0.000000 0.000000 0.000000 1.000000
49291 0.000000 0.000000 0.000000 1.000000
49309 0.000000 0.000000 0.000000 1.000000
49320 0.000000 0.000000 0.000000 1.000000
49321 0.000000 0.000000 0.000000 1.000000
49325 0.000000 0.000000 0.000000 1.000000
49326 0.000000 0.000000 0.000000 1.000000
49327 0.000000 0.000000 0.000000 1.000000
49331 0.000000 0.000000 0.000000 1.000000
49332 0.000000 0.000000 0.000000 1.000000
49333 0.000000 0.000000 0.000000 1.000000
49334 0.000000 0.000000 0.000000 1.000000
49335 0.000000 0.000000 0.000000 1.000000
49342 0.000000 0.000000 0.000000 1.000000
49343 0.000000 0.000000 0.000000 1.000000
49344 0.000000 0.000000 0.000000 1.000000
49345 0.000000 0.000000 0.000000 1.000000
49346 0.000000 0.000000 0.000000 1.000000
49347 0.000000 0.000000 0.000000 1.000000
49348 0.000000 0.000000 0.000000 1.000000
49351 0.000000 0.000000 0.000000 1.000000
49352 0.000000 0.000000 0.000000 1.000000
49353 0.000000 0.000000 0.000000 1.000000
49354 0.000000 0.000000 0.000000 1.000000
49355 0.000000 0.000000 0.000000 1.000000
49356 0.000000 0.000000 0.000000 1.000000
49357 0.000000 0.000000 0.000000 1.000000
49358 0.000000 0.000000 0.000000 1.000000
49359 0.000000 0.000000 0.000000 1.000000
49360 0.000000 0.000000 0.000000 1.000000
49361 0.000000 0.000000 0.000000 1.000000
49362 0.000000 0.000000 0.000000 1.000000
49367 0.000000 0.000000 0.000000 1.000000
49368 0.000000 0.000000 0.000000 1.000000
49369 0.000000 0.000000 0.000000 1.000000
49370 0.000000 0.000000 0.000000 1.000000
49371 0.000000 0.000000 0.000000 1.000000
49372 0.000000 0.000000 0.000000 1.000000
49373 0.000000 0.000000 0.000000 1.000000
49374 0.000000 0.000000 0.000000 1.000000
49375 0.000000 0.000000 0.000000 1.000000
49376 0.000000 0.000000 0.000000 1.000000
49377 0.000000 0.000000 0.000000 1.000000
49378 0.000000 0.000000 0.000000 1.000000
49383 0.000000 0.000000 0.000000 1.000000
49384 0.000000 0.000000 0.000000 1.000000
49385 0.000000 0.000000 0.000000 1.000000
49386 0.000000 0.000000 0.000000 1.000000
49387 0.000000 0.000000 0.000000 1.000000
49388 0.000000 0.000000 0.000000 1.000000
50330 0.000000 0.000000 0.000000 1.000000
50331 0.000000 0.000000 0.000000 1.000000
50342 0.000000 0.000000 0.000000 1.000000
50343 0.000000 0.000000 0.000000 1.000000
50344 0.000000 0.000000 0.000000 1.000000
50345 0.000000 0.000000 0.000000 1.000000
50346 0.000000 0.000000 0.000000 1.000000
50357 0.000000 0.000000 0.000000 1.000000
50358 0.000000 0.000000 0.000000 1.000000
50359 0.000000 0.000000 0.000000 1.000000
50360 0.000000 0.000000 0.000000 1.000000
50361 0.000000 0.000000 0.000000 1.000000
50362 0.000000 0.000000 0.000000 1.000000
50375 0.000000 0.000000 0.000000 1.000000
50376 0.000000 0.000000 0.000000 1.000000
50377 0.000000 0.000000 0.000000 1.000000
50378 0.000000 0.000000 0.000000 1.000000
50379 0.000000 0.000000 0.000000 1.000000
50380 0.000000 0.000000 0.000000 1.000000
50381 0.000000 0.000000 0.000000 1.000000
50396 0.000000 0.000000 0.000000 1.000000
50397 0.000000 0.000000 0.000000 1.000000
50398 0.000000 0.000000 0.000000 1.000000
50399 0.000000 0.000000 0.000000 1.000000
50400 0.000000 0.000000 0.000000 1.000000
50401 0.000000 0.000000 0.000000 1.000000
50402 0.000000 0.000000 0.000000 1.000000
50403 0.000000 0.000000 0.000000 1.000000
50416 0.000000 0.000000 0.000000 1.000000
50417 0.000000 0.000000 0.000000 1.000000
50418 0.000000 0.000000 0.000000 1.000000
50419 0.000000 0.000000 0.000000 1.000000
50420 0.000000 0.000000 0.000000 1.000000
50421 0.000000 0.000000 0.000000 1.000000
50422 0.000000 0.000000 0.000000 1.000000
50423 0.000000 0.000000 0.000000 1.000000
50424 0.000000 0.000000 0.000000 1.000000
50438 0.000000 0.000000 0.000000 1.000000
50439 0.000000 0.000000 0.000000 1.000000
50440 0.000000 0.000000 0.000000 1.000000
50441 0.000000 0.000000 0.000000 1.000000
50442 0.000000 0.000000 0.000000 1.000000
50443 0.000000 0.000000 0.000000 1.000000
50444 0.000000 0.000000 0.000000 1.000000
50445 0.000000 0.000000 0.000000 1.000000
50446 0.000000 0.000000 0.000000 1.000000
50461 0.000000 0.000000 0.000000 1.000000
50462 0.000000 0.000000 0.000000 1.000000
50463 0.000000 0.000000 0.000000 1.000000
50464 0.000000 0.000000 0.000000 1.000000
50465 0.000000 0.000000 0.000000 1.000000
50466 0.000000 0.000000 0.000000 1.000000
50467 0.000000 0.000000 0.000000 1.000000
50468 0.000000 0.000000 0.000000 1.000000
50469 0.000000 0.000000 0.000000 1.000000
50487 0.000000 0.000000 0.000000 1.000000
50488 0.000000 0.000000 0.000000 1.000000
50489 0.000000 0.000000 0.000000 1.000000
50490 0.000000 0.000000 0.000000 1.000000
50491 0.000000 0.000000 0.000000 1.000000
50492 0.000000 0.000000 0.000000 1.000000
50493 0.000000 0.000000 0.000000 1.000000
50494 0.000000 0.000000 0.000000 1.000000
50495 0.000000 0.000000 0.000000 1.000000
50508 0.000000 0.000000 0.000000 1.000000
50509 0.000000 0.000000 0.000000 1.000000
50510 0.000000 0.000000 0.000000 1.000000
50511 0.000000 0.000000 0.000000 1.000000
50512 0.000000 0.000000 0.000000 1.000000
50513 0.000000 0.000000 0.000000 1.000000
50514 0.000000 0.000000 0.000000 1.000000
50515 0.000000 0.000000 0.000000 1.000000
50523 0.000000 0.000000 0.000000 1.000000
50524 0.000000 0.000000 0.000000 1.000000
50525 0.000000 0.000000 0.000000 1.000000
50526 0.000000 0.000000 0.000000 1.000000
50527 0.000000 0.000000 0.000000 1.000000
50528 0.000000 0.000000 0.000000 1.000000
50529 0.000000 0.000000 0.000000 1.000000
50533 0.000000 0.000000 0.000000 1.000000
50534 0.000000 0.000000 0.000000 1.000000
50535 0.000000 0.000000 0.000000 1.000000
50536 0.000000 0.000000 0.000000 1.000000
50537 0.000000 0.000000 0.000000 1.000000
50538 0.000000 0.000000 0.000000 1.000000
50539 0.000000 0.000000 0.000000 1.000000
50546 0.000000 0.000000 0.000000 1.000000
50547 0.000000 0.000000 0.000000 1.000000
50548 0.000000 0.000000 0.000000 1.000000
50549 0.000000 0.000000 0.000000 1.000000
50552 0.000000 0.000000 0.000000 1.000000
50553 0.000000 0.000000 0.000000 1.000000
50554 0.000000 0.000000 0.000000 1.000000
50555 0.000000 0.000000 0.000000 1.000000
50558 0.000000 0.000000 0.000000 1.000000
50559 0.000000 0.000000 0.000000 1.000000
50560 0.000000 0.000000 0.000000 1.000000
50561 0.000000 0.000000 0.000000 1.000000
50562 0.000000 0.000000 0.000000 1.000000
50563 0.000000 0.000000 0.000000 1.000000
50564 0.000000 0.000000 0.000000 1.000000
50565 0.000000 0.000000 0.000000 1.000000
50566 0.000000 0.000000 0.000000 1.000000
50567 0.000000 0.000000 0.000000 1.000000
50568 0.000000 0.000000 0.000000 1.000000
50571 0.000000 0.000000 0.000000 1.000000
50572 0.000000 0.000000 0.000000 1.000000
50573 0.000000 0.000000 0.000000 1.000000
50574 0.000000 0.000000 0.000000 1.000000
50575 0.000000 0.000000 0.000000 1.000000
50576 0.000000 0.000000 0.000000 1.000000
50577 0.000000 0.000000 0.000000 1.000000
50578 0.000000 0.000000 0.000000 1.000000
50579 0.000000 0.000000 0.000000 1.000000
50580 0.000000 0.000000 0.000000 1.000000
50581 0.000000 0.000000 0.000000 1.000000
50588 0.000000 0.000000 0.000000 1.000000
51604 0.000000 0.000000 0.000000 1.000000
51605 0.000000 0.000000 0.000000 1.000000
51613 0.000000 0.000000 0.000000 1.000000
51614 0.000000 0.000000 0.000000 1.000000
51615 0.000000 0.000000 0.000000 1.000000
51624 0.000000 0.000000 0.000000 1.000000
51625 0.000000 0.000000 0.000000 1.000000
51626 0.000000 0.000000 0.000000 1.000000
51632 0.000000 0.000000 0.000000 1.000000
51633 0.000000 0.000000 0.000000 1.000000
51642 0.000000 0.000000 0.000000 1.000000
51643 0.000000 0.000000 0.000000 1.000000
51655 0.000000 0.000000 0.000000 1.000000
51656 0.000000 0.000000 0.000000 1.000000
51670 0.000000 0.000000 0.000000 1.000000
51671 0.000000 0.000000 0.000000 1.000000
51684 0.000000 0.000000 0.000000 1.000000
51685 0.000000 0.000000 0.000000 1.000000
51692 0.000000 0.000000 0.000000 1.000000
51693 0.000000 0.000000 0.000000 1.000000
51704 0.000000 0.000000 0.000000 1.000000
51705 0.000000 0.000000 0.000000 1.000000
51706 0.000000 0.000000 0.000000 1.000000
51707 0.000000 0.000000 0.000000 1.000000
51718 0.000000 0.000000 0.000000 1.000000
51719 0.000000 0.000000 0.000000 1.000000
51720 0.000000 0.000000 0.000000 1.000000
51721 0.000000 0.000000 0.000000 1.000000
51730 0.000000 0.000000 0.000000 1.000000
51731 0.000000 0.000000 0.000000 1.000000
51732 0.000000 0.000000 0.000000 1.000000
51738 0.000000 0.000000 0.000000 1.000000
51739 0.000000 0.000000 0.000000 1.000000
51740 0.000000 0.000000 0.000000 1.000000
51741 0.000000 0.000000 0.000000 1.000000
51742 0.000000 0.000000 0.000000 1.000000
51747 0.000000 0.000000 0.000000 1.000000
51748 0.000000 0.000000 0.000000 1.000000
51749 0.000000 0.000000 0.000000 1.000000
51750 0.000000 0.000000 0.000000 1.000000
51751 0.000000 0.000000 0.000000 1.000000
51752 0.000000 0.000000 0.000000 1.000000
51754 0.000000 0.000000 0.000000 1.000000
51755 0.000000 0.000000 0.000000 1.000000
51756 0.000000 0.000000 0.000000 1.000000
51757 0.000000 0.000000 0.000000 1.000000
51758 0.000000 0.000000 0.000000 1.000000
51759 0.000000 0.000000 0.000000 1.000000
51760 0.000000 0.000000 0.000000 1.000000
51763 0.000000 0.000000 0.000000 1.000000
51764 0.000000 0.000000 0.000000 1.000000
51765 0.000000 0.000000 0.000000 1.000000
51766 0.000000 0.000000 0.000000 1.000000
51767 0.000000 0.000000 0.000000 1.000000
51768 0.000000 0.000000 0.000000 1.000000
51769 0.000000 0.000000 0.000000 1.000000
51770 0.000000 0.000000 0.000000 1.000000
51771 0.000000 0.000000 0.000000 1.000000
51772 0.000000 0.000000 0.000000 1.000000
51773 0.000000 0.000000 0.000000 1.000000
51775 0.000000 0.000000 0.000000 1.000000
51776 0.000000 0.000000 0.000000 1.000000
51777 0.000000 0.000000 0.000000 1.000000
51778 0.000000 0.000000 0.000000 1.000000
51779 0.000000 0.000000 0.000000 1.000000
51780 0.000000 0.000000 0.000000 1.000000
51781 0.000000 0.000000 0.000000 1.000000
51782 0.000000 0.000000 0.000000 1.000000
51783 0.000000 0.000000 0.000000 1.000000
51784 0.000000 0.000000 0.000000 1.000000
51790 0.000000 0.000000 0.000000 1.000000
51791 0.000000 0.000000 0.000000 1.000000
52770 0.000000 0.000000 0.000000 1.000000
52779 0.000000 0.000000 0.000000 1.000000
52780 0.000000 0.000000 0.000000 1.000000
52790 0.000000 0.000000 0.000000 1.000000
52791 0.000000 0.000000 0.000000 1.000000
52800 0.000000 0.000000 0.000000 1.000000
52801 0.000000 0.000000 0.000000 1.000000
52813 0.000000 0.000000 0.000000 1.000000
52814 0.000000 0.000000 0.000000 1.000000
52827 0.000000 0.000000 0.000000 1.000000
52828 0.000000 0.000000 0.000000 1.000000
52842 0.000000 0.000000 0.000000 1.000000
52843 0.000000 0.000000 0.000000 1.000000
52855 0.000000 0.000000 0.000000 1.000000
52864 0.000000 0.000000 0.000000 1.000000
52865 0.000000 0.000000 0.000000 1.000000
52875 0.000000 0.000000 0.000000 1.000000
52876 0.000000 0.000000 0.000000 1.000000
52886 0.000000 0.000000 0.000000 1.000000
52887 0.000000 0.000000 0.000000 1.000000
52894 0.000000 0.000000 0.000000 1.000000
52895 0.000000 0.000000 0.000000 1.000000
52896 0.000000 0.000000 0.000000 1.000000
52900 0.000000 0.000000 0.000000 1.000000
52901 0.000000 0.000000 0.000000 1.000000
52902 0.000000 0.000000 0.000000 1.000000
52905 0.000000 0.000000 0.000000 1.000000
52906 0.000000 0.000000 0.000000 1.000000
52907 0.000000 0.000000 0.000000 1.000000
52910 0.000000 0.000000 0.000000 1.000000
52911 0.000000 0.000000 0.000000 1.000000
52912 0.000000 0.000000 0.000000 1.000000
52913 0.000000 0.000000 0.000000 1.000000
52914 0.000000 0.000000 0.000000 1.000000
52915 0.000000 0.000000 0.000000 1.000000
52917 0.000000 0.000000 0.000000 1.000000
52918 0.000000 0.000000 0.000000 1.000000
52919 0.000000 0.000000 0.000000 1.000000
52922 0.000000 0.000000 0.000000 1.000000
52923 0.000000 0.000000 0.000000 1.000000
52924 0.000000 0.000000 0.000000 1.000000
52937 0.000000 0.000000 0.000000 1.000000
53908 0.000000 0.000000 0.000000 1.000000
53917 0.000000 0.000000 0.000000 1.000000
53923 0.000000 0.000000 0.000000 1.000000
53924 0.000000 0.000000 0.000000 1.000000
53933 0.000000 0.000000 0.000000 1.000000
53934 0.000000 0.000000 0.000000 1.000000
53946 0.000000 0.000000 0.000000 1.000000
53959 0.000000 0.000000 0.000000 1.000000
53960 0.000000 0.000000 0.000000 1.000000
53974 0.000000 0.000000 0.000000 1.000000
53975 0.000000 0.000000 0.000000 1.000000
53988 0.000000 0.000000 0.000000 1.000000
53989 0.000000 0.000000 0.000000 1.000000
53990 0.000000 0.000000 0.000000 1.000000
53999 0.000000 0.000000 0.000000 1.000000
54006 0.000000 0.000000 0.000000 1.000000
54012 0.000000 0.000000 0.000000 1.000000
54015 0.000000 0.000000 0.000000 1.000000
54016 0.000000 0.000000 0.000000 1.000000
54020 0.000000 0.000000 0.000000 1.000000
54023 0.000000 0.000000 0.000000 1.000000
54024 0.000000 0.000000 0.000000 1.000000
54027 0.000000 0.000000 0.000000 1.000000
54028 0.000000 0.000000 0.000000 1.000000
54032 0.000000 0.000000 0.000000 1.000000
54033 0.000000 0.000000 0.000000 1.000000
54034 0.000000 0.000000 0.000000 1.000000
54040 0.000000 0.000000 0.000000 1.000000
54041 0.000000 0.000000 0.000000 1.000000
54042 0.000000 0.000000 0.000000 1.000000
54054 0.000000 0.000000 0.000000 1.000000
54989 0.000000 0.000000 0.000000 1.000000
54990 0.000000 0.000000 0.000000 1.000000
54998 0.000000 0.000000 0.000000 1.000000
54999 0.000000 0.000000 0.000000 1.000000
55000 0.000000 0.000000 0.000000 1.000000
55008 0.000000 0.000000 0.000000 1.000000
55009 0.000000 0.000000 0.000000 1.000000
55020 0.000000 0.000000 0.000000 1.000000
55033 0.000000 0.000000 0.000000 1.000000
55034 0.000000 0.000000 0.000000 1.000000
55050 0.000000 0.000000 0.000000 1.000000
55051 0.000000 0.000000 0.000000 1.000000
55052 0.000000 0.000000 0.000000 1.000000
55069 0.000000 0.000000 0.000000 1.000000
55070 0.000000 0.000000 0.000000 1.000000
55071 0.000000 0.000000 0.000000 1.000000
55072 0.000000 0.000000 0.000000 1.000000
55073 0.000000 0.000000 0.000000 1.000000
55083 0.000000 0.000000 0.000000 1.000000
55084 0.000000 0.000000 0.000000 1.000000
55085 0.000000 0.000000 0.000000 1.000000
55086 0.000000 0.000000 0.000000 1.000000
55087 0.000000 0.000000 0.000000 1.000000
55096 0.000000 0.000000 0.000000 1.000000
55097 0.000000 0.000000 0.000000 1.000000
55103 0.000000 0.000000 0.000000 1.000000
55105 0.000000 0.000000 0.000000 1.000000
55106 0.000000 0.000000 0.000000 1.000000
55110 0.000000 0.000000 0.000000 1.000000
55112 0.000000 0.000000 0.000000 1.000000
55113 0.000000 0.000000 0.000000 1.000000
55116 0.000000 0.000000 0.000000 1.000000
55121 0.000000 0.000000 0.000000 1.000000
55122 0.000000 0.000000 0.000000 1.000000
55126 0.000000 0.000000 0.000000 1.000000
55127 0.000000 0.000000 0.000000 1.000000
55138 0.000000 0.000000 0.000000 1.000000
56169 0.000000 0.000000 0.000000 1.000000
56170 0.000000 0.000000 0.000000 1.000000
56181 0.000000 0.000000 0.000000 1.000000
56182 0.000000 0.000000 0.000000 1.000000
56193 0.000000 0.000000 0.000000 1.000000
56206 0.000000 0.000000 0.000000 1.000000
56207 0.000000 0.000000 0.000000 1.000000
56222 0.000000 0.000000 0.000000 1.000000
56223 0.000000 0.000000 0.000000 1.000000
56241 0.000000 0.000000 0.000000 1.000000
56257 0.000000 0.000000 0.000000 1.000000
56258 0.000000 0.000000 0.000000 1.000000
56259 0.000000 0.000000 0.000000 1.000000
56260 0.000000 0.000000 0.000000 1.000000
56268 0.000000 0.000000 0.000000 1.000000
56269 0.000000 0.000000 0.000000 1.000000
56270 0.000000 0.000000 0.000000 1.000000
56271 0.000000 0.000000 0.000000 1.000000
56272 0.000000 0.000000 0.000000 1.000000
56273 0.000000 0.000000 0.000000 1.000000
56275 0.000000 0.000000 0.000000 1.000000
56276 0.000000 0.000000 0.000000 1.000000
56277 0.000000 0.000000 0.000000 1.000000
56278 0.000000 0.000000 0.000000 1.000000
56279 0.000000 0.000000 0.000000 1.000000
56280 0.000000 0.000000 0.000000 1.000000
56283 0.000000 0.000000 0.000000 1.000000
56284 0.000000 0.000000 0.000000 1.000000
56288 0.000000 0.000000 0.000000 1.000000
56290 0.000000 0.000000 0.000000 1.000000
56291 0.000000 0.000000 0.000000 1.000000
56293 0.000000 0.000000 0.000000 1.000000
56298 0.000000 0.000000 0.000000 1.000000
56299 0.000000 0.000000 0.000000 1.000000
56302 0.000000 0.000000 0.000000 1.000000
56303 0.000000 0.000000 0.000000 1.000000
56314 0.000000 0.000000 0.000000 1.000000
56327 0.000000 0.000000 0.000000 1.000000
57412 0.000000 0.000000 0.000000 1.000000
57426 0.000000 0.000000 0.000000 1.000000
57427 0.000000 0.000000 0.000000 1.000000
57443 0.000000 0.000000 0.000000 1.000000
57444 0.000000 0.000000 0.000000 1.000000
57445 0.000000 0.000000 0.000000 1.000000
57463 0.000000 0.000000 0.000000 1.000000
57464 0.000000 0.000000 0.000000 1.000000
57465 0.000000 0.000000 0.000000 1.000000
57466 0.000000 0.000000 0.000000 1.000000
57483 0.000000 0.000000 0.000000 1.000000
57484 0.000000 0.000000 0.000000 1.000000
57485 0.000000 0.000000 0.000000 1.000000
57507 0.000000 0.000000 0.000000 1.000000
57508 0.000000 0.000000 0.000000 1.000000
57509 0.000000 0.000000 0.000000 1.000000
57518 0.000000 0.000000 0.000000 1.000000
57519 0.000000 0.000000 0.000000 1.000000
57520 0.000000 0.000000 0.000000 1.000000
57524 0.000000 0.000000 0.000000 1.000000
57525 0.000000 0.000000 0.000000 1.000000
57526 0.000000 0.000000 0.000000 1.000000
57527 0.000000 0.000000 0.000000 1.000000
57528 0.000000 0.000000 0.000000 1.000000
57529 0.000000 0.000000 0.000000 1.000000
57530 0.000000 0.000000 0.000000 1.000000
57534 0.000000 0.000000 0.000000 1.000000
57535 0.000000 0.000000 0.000000 1.000000
57536 0.000000 0.000000 0.000000 1.000000
57537 0.000000 0.000000 0.000000 1.000000
57538 0.000000 0.000000 0.000000 1.000000
57539 0.000000 0.000000 0.000000 1.000000
57540 0.000000 0.000000 0.000000 1.000000
57541 0.000000 0.000000 0.000000 1.000000
57544 0.000000 0.000000 0.000000 1.000000
57545 0.000000 0.000000 0.000000 1.000000
57546 0.000000 0.000000 0.000000 1.000000
57547 0.000000 0.000000 0.000000 1.000000
57548 0.000000 0.000000 0.000000 1.000000
57549 0.000000 0.000000 0.000000 1.000000
57550 0.000000 0.000000 0.000000 1.000000
57551 0.000000 0.000000 0.000000 1.000000
57552 0.000000 0.000000 0.000000 1.000000
57554 0.000000 0.000000 0.000000 1.000000
57555 0.000000 0.000000 0.000000 1.000000
57556 0.000000 0.000000 0.000000 1.000000
57557 0.000000 0.000000 0.000000 1.000000
57558 0.000000 0.000000 0.000000 1.000000
57559 0.000000 0.000000 0.000000 1.000000
57560 0.000000 0.000000 0.000000 1.000000
57561 0.000000 0.000000 0.000000 1.000000
57562 0.000000 0.000000 0.000000 1.000000
57563 0.000000 0.000000 0.000000 1.000000
57565 0.000000 0.000000 0.000000 1.000000
57566 0.000000 0.000000 0.000000 1.000000
57571 0.000000 0.000000 0.000000 1.000000
57572 0.000000 0.000000 0.000000 1.000000
57574 0.000000 0.000000 0.000000 1.000000
57575 0.000000 0.000000 0.000000 1.000000
57576 0.000000 0.000000 0.000000 1.000000
57581 0.000000 0.000000 0.000000 1.000000
57582 0.000000 0.000000 0.000000 1.000000
57595 0.000000 0.000000 0.000000 1.000000
58803 0.000000 0.000000 0.000000 1.000000
58815 0.000000 0.000000 0.000000 1.000000
58816 0.000000 0.000000 0.000000 1.000000
58830 0.000000 0.000000 0.000000 1.000000
58831 0.000000 0.000000 0.000000 1.000000
58854 0.000000 0.000000 0.000000 1.000000
58855 0.000000 0.000000 0.000000 1.000000
58856 0.000000 0.000000 0.000000 1.000000
58857 0.000000 0.000000 0.000000 1.000000
58858 0.000000 0.000000 0.000000 1.000000
58876 0.000000 0.000000 0.000000 1.000000
58877 0.000000 0.000000 0.000000 1.000000
58878 0.000000 0.000000 0.000000 1.000000
58879 0.000000 0.000000 0.000000 1.000000
58883 0.000000 0.000000 0.000000 1.000000
58884 0.000000 0.000000 0.000000 1.000000
58885 0.000000 0.000000 0.000000 1.000000
58888 0.000000 0.000000 0.000000 1.000000
58889 0.000000 0.000000 0.000000 1.000000
58890 0.000000 0.000000 0.000000 1.000000
58891 0.000000 0.000000 0.000000 1.000000
58892 0.000000 0.000000 0.000000 1.000000
58895 0.000000 0.000000 0.000000 1.000000
58896 0.000000 0.000000 0.000000 1.000000
58897 0.000000 0.000000 0.000000 1.000000
58898 0.000000 0.000000 0.000000 1.000000
58899 0.000000 0.000000 0.000000 1.000000
58900 0.000000 0.000000 0.000000 1.000000
58903 0.000000 0.000000 0.000000 1.000000
58904 0.000000 0.000000 0.000000 1.000000
58905 0.000000 0.000000 0.000000 1.000000
58906 0.000000 0.000000 0.000000 1.000000
58907 0.000000 0.000000 0.000000 1.000000
58908 0.000000 0.000000 0.000000 1.000000
58909 0.000000 0.000000 0.000000 1.000000
58910 0.000000 0.000000 0.000000 1.000000
58911 0.000000 0.000000 0.000000 1.000000
58912 0.000000 0.000000 0.000000 1.000000
58913 0.000000 0.000000 0.000000 1.000000
58917 0.000000 0.000000 0.000000 1.000000
58918 0.000000 0.000000 0.000000 1.000000
58919 0.000000 0.000000 0.000000 1.000000
58920 0.000000 0.000000 0.000000 1.000000
58921 0.000000 0.000000 0.000000 1.000000
58922 0.000000 0.000000 0.000000 1.000000
58923 0.000000 0.000000 0.000000 1.000000
58924 0.000000 0.000000 0.000000 1.000000
58925 0.000000 0.000000 0.000000 1.000000
58926 0.000000 0.000000 0.000000 1.000000
58927 0.000000 0.000000 0.000000 1.000000
58932 0.000000 0.000000 0.000000 1.000000
58933 0.000000 0.000000 0.000000 1.000000
58934 0.000000 0.000000 0.000000 1.000000
58935 0.000000 0.000000 0.000000 1.000000
58936 0.000000 0.000000 0.000000 1.000000
58938 0.000000 0.000000 0.000000 1.000000
58939 0.000000 0.000000 0.000000 1.000000
58940 0.000000 0.000000 0.000000 1.000000
58944 0.000000 0.000000 0.000000 1.000000
58945 0.000000 0.000000 0.000000 1.000000
58958 0.000000 0.000000 0.000000 1.000000
60039 0.000000 0.000000 0.000000 1.000000
60054 0.000000 0.000000 0.000000 1.000000
60055 0.000000 0.000000 0.000000 1.000000
60056 0.000000 0.000000 0.000000 1.000000
60069 0.000000 0.000000 0.000000 1.000000
60070 0.000000 0.000000 0.000000 1.000000
60071 0.000000 0.000000 0.000000 1.000000
60072 0.000000 0.000000 0.000000 1.000000
60073 0.000000 0.000000 0.000000 1.000000
60092 0.000000 0.000000 0.000000 1.000000
60093 0.000000 0.000000 0.000000 1.000000
60094 0.000000 0.000000 0.000000 1.000000
60095 0.000000 0.000000 0.000000 1.000000
60096 0.000000 0.000000 0.000000 1.000000
60097 0.000000 0.000000 0.000000 1.000000
60098 0.000000 0.000000 0.000000 1.000000
60099 0.000000 0.000000 0.000000 1.000000
60115 0.000000 0.000000 0.000000 1.000000
60116 0.000000 0.000000 0.000000 1.000000
60117 0.000000 0.000000 0.000000 1.000000
60122 0.000000 0.000000 0.000000 1.000000
60123 0.000000 0.000000 0.000000 1.000000
60124 0.000000 0.000000 0.000000 1.000000
60125 0.000000 0.000000 0.000000 1.000000
60130 0.000000 0.000000 0.000000 1.000000
60131 0.000000 0.000000 0.000000 1.000000
60132 0.000000 0.000000 0.000000 1.000000
60133 0.000000 0.000000 0.000000 1.000000
60134 0.000000 0.000000 0.000000 1.000000
60140 0.000000 0.000000 0.000000 1.000000
60141 0.000000 0.000000 0.000000 1.000000
60142 0.000000 0.000000 0.000000 1.000000
60143 0.000000 0.000000 0.000000 1.000000
60144 0.000000 0.000000 0.000000 1.000000
60152 0.000000 0.000000 0.000000 1.000000
60153 0.000000 0.000000 0.000000 1.000000
60154 0.000000 0.000000 0.000000 1.000000
60196 0.000000 0.000000 0.000000 1.000000
60197 0.000000 0.000000 0.000000 1.000000
60215 0.000000 0.000000 0.000000 1.000000
60217 0.000000 0.000000 0.000000 1.000000
60218 0.000000 0.000000 0.000000 1.000000
60219 0.000000 0.000000 0.000000 1.000000
60220 0.000000 0.000000 0.000000 1.000000
60222 0.000000 0.000000 0.000000 1.000000
60223 0.000000 0.000000 0.000000 1.000000
60224 0.000000 0.000000 0.000000 1.000000
60225 0.000000 0.000000 0.000000 1.000000
60226 0.000000 0.000000 0.000000 1.000000
60227 0.000000 0.000000 0.000000 1.000000
60228 0.000000 0.000000 0.000000 1.000000
60229 0.000000 0.000000 0.000000 1.000000
60232 0.000000 0.000000 0.000000 1.000000
60233 0.000000 0.000000 0.000000 1.000000
60234 0.000000 0.000000 0.000000 1.000000
60235 0.000000 0.000000 0.000000 1.000000
60236 0.000000 0.000000 0.000000 1.000000
60237 0.000000 0.000000 0.000000 1.000000
60238 0.000000 0.000000 0.000000 1.000000
60241 0.000000 0.000000 0.000000 1.000000
60242 0.000000 0.000000 0.000000 1.000000
60245 0.000000 0.000000 0.000000 1.000000
60246 0.000000 0.000000 0.000000 1.000000
60247 0.000000 0.000000 0.000000 1.000000
60252 0.000000 0.000000 0.000000 1.000000
60253 0.000000 0.000000 0.000000 1.000000
60254 0.000000 0.000000 0.000000 1.000000
60255 0.000000 0.000000 0.000000 1.000000
60256 0.000000 0.000000 0.000000 1.000000
60257 0.000000 0.000000 0.000000 1.000000
60258 0.000000 0.000000 0.000000 1.000000
60259 0.000000 0.000000 0.000000 1.000000
60263 0.000000 0.000000 0.000000 1.000000
60264 0.000000 0.000000 0.000000 1.000000
60265 0.000000 0.000000 0.000000 1.000000
60266 0.000000 0.000000 0.000000 1.000000
60267 0.000000 0.000000 0.000000 1.000000
60268 0.000000 0.000000 0.000000 1.000000
60269 0.000000 0.000000 0.000000 1.000000
60270 0.000000 0.000000 0.000000 1.000000
60271 0.000000 0.000000 0.000000 1.000000
60272 0.000000 0.000000 0.000000 1.000000
60273 0.000000 0.000000 0.000000 1.000000
60275 0.000000 0.000000 0.000000 1.000000
60276 0.000000 0.000000 0.000000 1.000000
60277 0.000000 0.000000 0.000000 1.000000
60278 0.000000 0.000000 0.000000 1.000000
60279 0.000000 0.000000 0.000000 1.000000
60280 0.000000 0.000000 0.000000 1.000000
60281 0.000000 0.000000 0.000000 1.000000
60282 0.000000 0.000000 0.000000 1.000000
60283 0.000000 0.000000 0.000000 1.000000
60284 0.000000 0.000000 0.000000 1.000000
60288 0.000000 0.000000 0.000000 1.000000
60289 0.000000 0.000000 0.000000 1.000000
60290 0.000000 0.000000 0.000000 1.000000
60291 0.000000 0.000000 0.000000 1.000000
60292 0.000000 0.000000 0.000000 1.000000
60301 0.000000 0.000000 0.000000 1.000000
60302 0.000000 0.000000 0.000000 1.000000
60318 0.000000 0.000000 0.000000 1.000000
60319 0.000000 0.000000 0.000000 1.000000
60320 0.000000 0.000000 0.000000 1.000000
60336 0.000000 0.000000 0.000000 1.000000
60337 0.000000 0.000000 0.000000 1.000000
61282 0.000000 0.000000 0.000000 1.000000
61283 0.000000 0.000000 0.000000 1.000000
61301 0.000000 0.000000 0.000000 1.000000
61302 0.000000 0.000000 0.000000 1.000000
61317 0.000000 0.000000 0.000000 1.000000
61318 0.000000 0.000000 0.000000 1.000000
61326 0.000000 0.000000 0.000000 1.000000
61327 0.000000 0.000000 0.000000 1.000000
61328 0.000000 0.000000 0.000000 1.000000
61329 0.000000 0.000000 0.000000 1.000000
61330 0.000000 0.000000 0.000000 1.000000
61331 0.000000 0.000000 0.000000 1.000000
61332 0.000000 0.000000 0.000000 1.000000
61333 0.000000 0.000000 0.000000 1.000000
61334 0.000000 0.000000 0.000000 1.000000
61335 0.000000 0.000000 0.000000 1.000000
61352 0.000000 0.000000 0.000000 1.000000
61353 0.000000 0.000000 0.000000 1.000000
61354 0.000000 0.000000 0.000000 1.000000
61355 0.000000 0.000000 0.000000 1.000000
61356 0.000000 0.000000 0.000000 1.000000
61357 0.000000 0.000000 0.000000 1.000000
61358 0.000000 0.000000 0.000000 1.000000
61359 0.000000 0.000000 0.000000 1.000000
61360 0.000000 0.000000 0.000000 1.000000
61361 0.000000 0.000000 0.000000 1.000000
61377 0.000000 0.000000 0.000000 1.000000
61378 0.000000 0.000000 0.000000 1.000000
61379 0.000000 0.000000 0.000000 1.000000
61380 0.000000 0.000000 0.000000 1.000000
61381 0.000000 0.000000 0.000000 1.000000
61382 0.000000 0.000000 0.000000 1.000000
61383 0.000000 0.000000 0.000000 1.000000
61384 0.000000 0.000000 0.000000 1.000000
61385 0.000000 0.000000 0.000000 1.000000
61386 0.000000 0.000000 0.000000 1.000000
61387 0.000000 0.000000 0.000000 1.000000
61392 0.000000 0.000000 0.000000 1.000000
61393 0.000000 0.000000 0.000000 1.000000
61394 0.000000 0.000000 0.000000 1.000000
61395 0.000000 0.000000 0.000000 1.000000
61396 0.000000 0.000000 0.000000 1.000000
61397 0.000000 0.000000 0.000000 1.000000
61402 0.000000 0.000000 0.000000 1.000000
61403 0.000000 0.000000 0.000000 1.000000
61404 0.000000 0.000000 0.000000 1.000000
61405 0.000000 0.000000 0.000000 1.000000
61406 0.000000 0.000000 0.000000 1.000000
61407 0.000000 0.000000 0.000000 1.000000
61408 0.000000 0.000000 0.000000 1.000000
61412 0.000000 0.000000 0.000000 1.000000
61413 0.000000 0.000000 0.000000 1.000000
61414 0.000000 0.000000 0.000000 1.000000
61415 0.000000 0.000000 0.000000 1.000000
61416 0.000000 0.000000 0.000000 1.000000
61417 0.000000 0.000000 0.000000 1.000000
61418 0.000000 0.000000 0.000000 1.000000
61419 0.000000 0.000000 0.000000 1.000000
61427 0.000000 0.000000 0.000000 1.000000
61428 0.000000 0.000000 0.000000 1.000000
61429 0.000000 0.000000 0.000000 1.000000
61430 0.000000 0.000000 0.000000 1.000000
61431 0.000000 0.000000 0.000000 1.000000
61432 0.000000 0.000000 0.000000 1.000000
61433 0.000000 0.000000 0.000000 1.000000
61434 0.000000 0.000000 0.000000 1.000000
61445 0.000000 0.000000 0.000000 1.000000
61446 0.000000 0.000000 0.000000 1.000000
61447 0.000000 0.000000 0.000000 1.000000
61448 0.000000 0.000000 0.000000 1.000000
61449 0.000000 0.000000 0.000000 1.000000
61450 0.000000 0.000000 0.000000 1.000000
61451 0.000000 0.000000 0.000000 1.000000
61465 0.000000 0.000000 0.000000 1.000000
61468 0.000000 0.000000 0.000000 1.000000
61469 0.000000 0.000000 0.000000 1.000000
61470 0.000000 0.000000 0.000000 1.000000
61471 0.000000 0.000000 0.000000 1.000000
61487 0.000000 0.000000 0.000000 1.000000
61488 0.000000 0.000000 0.000000 1.000000
61489 0.000000 0.000000 0.000000 1.000000
61490 0.000000 0.000000 0.000000 1.000000
61491 0.000000 0.000000 0.000000 1.000000
61492 0.000000 0.000000 0.000000 1.000000
61493 0.000000 0.000000 0.000000 1.000000
61494 0.000000 0.000000 0.000000 1.000000
61495 0.000000 0.000000 0.000000 1.000000
61496 0.000000 0.000000 0.000000 1.000000
61504 0.000000 0.000000 0.000000 1.000000
61505 0.000000 0.000000 0.000000 1.000000
61506 0.000000 0.000000 0.000000 1.000000
61507 0.000000 0.000000 0.000000 1.000000
61508 0.000000 0.000000 0.000000 1.000000
61509 0.000000 0.000000 0.000000 1.000000
61510 0.000000 0.000000 0.000000 1.000000
61511 0.000000 0.000000 0.000000 1.000000
61512 0.000000 0.000000 0.000000 1.000000
61513 0.000000 0.000000 0.000000 1.000000
61514 0.000000 0.000000 0.000000 1.000000
61515 0.000000 0.000000 0.000000 1.000000
61518 0.000000 0.000000 0.000000 1.000000
61519 0.000000 0.000000 0.000000 1.000000
61520 0.000000 0.000000 0.000000 1.000000
61521 0.000000 0.000000 0.000000 1.000000
61522 0.000000 0.000000 0.000000 1.000000
61523 0.000000 0.000000 0.000000 1.000000
61525 0.000000 0.000000 0.000000 1.000000
61528 0.000000 0.000000 0.000000 1.000000
61529 0.000000 0.000000 0.000000 1.000000
61535 0.000000 0.000000 0.000000 1.000000
61536 0.000000 0.000000 0.000000 1.000000
61539 0.000000 0.000000 0.000000 1.000000
61540 0.000000 0.000000 0.000000 1.000000
61541 0.000000 0.000000 0.000000 1.000000
61542 0.000000 0.000000 0.000000 1.000000
61543 0.000000 0.000000 0.000000 1.000000
61546 0.000000 0.000000 0.000000 1.000000
61547 0.000000 0.000000 0.000000 1.000000
61548 0.000000 0.000000 0.000000 1.000000
61549 0.000000 0.000000 0.000000 1.000000
61550 0.000000 0.000000 0.000000 1.000000
61551 0.000000 0.000000 0.000000 1.000000
61552 0.000000 0.000000 0.000000 1.000000
61553 0.000000 0.000000 0.000000 1.000000
61554 0.000000 0.000000 0.000000 1.000000
61555 0.000000 0.000000 0.000000 1.000000
61559 0.000000 0.000000 0.000000 1.000000
61560 0.000000 0.000000 0.000000 1.000000
61561 0.000000 0.000000 0.000000 1.000000
61562 0.000000 0.000000 0.000000 1.000000
61563 0.000000 0.000000 0.000000 1.000000
61564 0.000000 0.000000 0.000000 1.000000
61565 0.000000 0.000000 0.000000 1.000000
61566 0.000000 0.000000 0.000000 1.000000
61567 0.000000 0.000000 0.000000 1.000000
61568 0.000000 0.000000 0.000000 1.000000
61569 0.000000 0.000000 0.000000 1.000000
61570 0.000000 0.000000 0.000000 1.000000
61581 0.000000 0.000000 0.000000 1.000000
61582 0.000000 0.000000 0.000000 1.000000
61583 0.000000 0.000000 0.000000 1.000000
61584 0.000000 0.000000 0.000000 1.000000
61585 0.000000 0.000000 0.000000 1.000000
61586 0.000000 0.000000 0.000000 1.000000
61587 0.000000 0.000000 0.000000 1.000000
61588 0.000000 0.000000 0.000000 1.000000
61589 0.000000 0.000000 0.000000 1.000000
61590 0.000000 0.000000 0.000000 1.000000
61601 0.000000 0.000000 0.000000 1.000000
61602 0.000000 0.000000 0.000000 1.000000
61603 0.000000 0.000000 0.000000 1.000000
61604 0.000000 0.000000 0.000000 1.000000
61605 0.000000 0.000000 0.000000 1.000000
61606 0.000000 0.000000 0.000000 1.000000
61607 0.000000 0.000000 0.000000 1.000000
61608 0.000000 0.000000 0.000000 1.000000
61609 0.000000 0.000000 0.000000 1.000000
61610 0.000000 0.000000 0.000000 1.000000
61611 0.000000 0.000000 0.000000 1.000000
61612 0.000000 0.000000 0.000000 1.000000
61630 0.000000 0.000000 0.000000 1.000000
61631 0.000000 0.000000 0.000000 1.000000
61632 0.000000 0.000000 0.000000 1.000000
61633 0.000000 0.000000 0.000000 1.000000
61634 0.000000 0.000000 0.000000 1.000000
61635 0.000000 0.000000 0.000000 1.000000
61636 0.000000 0.000000 0.000000 1.000000
61637 0.000000 0.000000 0.000000 1.000000
61638 0.000000 0.000000 0.000000 1.000000
61639 0.000000 0.000000 0.000000 1.000000
61640 0.000000 0.000000 0.000000 1.000000
61641 0.000000 0.000000 0.000000 1.000000
61659 0.000000 0.000000 0.000000 1.000000
61660 0.000000 0.000000 0.000000 1.000000
61661 0.000000 0.000000 0.000000 1.000000
61662 0.000000 0.000000 0.000000 1.000000
61663 0.000000 0.000000 0.000000 1.000000
61664 0.000000 0.000000 0.000000 1.000000
61665 0.000000 0.000000 0.000000 1.000000
61666 0.000000 0.000000 0.000000 1.000000
61667 0.000000 0.000000 0.000000 1.000000
61668 0.000000 0.000000 0.000000 1.000000
61669 0.000000 0.000000 0.000000 1.000000
61670 0.000000 0.000000 0.000000 1.000000
61681 0.000000 0.000000 0.000000 1.000000
61682 0.000000 0.000000 0.000000 1.000000
61683 0.000000 0.000000 0.000000 1.000000
61684 0.000000 0.000000 0.000000 1.000000
61685 0.000000 0.000000 0.000000 1.000000
61686 0.000000 0.000000 0.000000 1.000000
61687 0.000000 0.000000 0.000000 1.000000
61688 0.000000 0.000000 0.000000 1.000000
61689 0.000000 0.000000 0.000000 1.000000
61690 0.000000 0.000000 0.000000 1.000000
61691 0.000000 0.000000 0.000000 1.000000
61701 0.000000 0.000000 0.000000 1.000000
61702 0.000000 0.000000 0.000000 1.000000
61703 0.000000 0.000000 0.000000 1.000000
61704 0.000000 0.000000 0.000000 1.000000
61705 0.000000 0.000000 0.000000 1.000000
61706 0.000000 0.000000 0.000000 1.000000
61707 0.000000 0.000000 0.000000 1.000000
62629 0.000000 0.000000 0.000000 1.000000
62630 0.000000 0.000000 0.000000 1.000000
62644 0.000000 0.000000 0.000000 1.000000
62645 0.000000 0.000000 0.000000 1.000000
62646 0.000000 0.000000 0.000000 1.000000
62647 0.000000 0.000000 0.000000 1.000000
62664 0.000000 0.000000 0.000000 1.000000
62665 0.000000 0.000000 0.000000 1.000000
62666 0.000000 0.000000 0.000000 1.000000
62667 0.000000 0.000000 0.000000 1.000000
62668 0.000000 0.000000 0.000000 1.000000
62669 0.000000 0.000000 0.000000 1.000000
62686 0.000000 0.000000 0.000000 1.000000
62687 0.000000 0.000000 0.000000 1.000000
62688 0.000000 0.000000 0.000000 1.000000
62700 0.000000 0.000000 0.000000 1.000000
62701 0.000000 0.000000 0.000000 1.000000
62707 0.000000 0.000000 0.000000 1.000000
62723 0.000000 0.000000 0.000000 1.000000
62724 0.000000 0.000000 0.000000 1.000000
62725 0.000000 0.000000 0.000000 1.000000
62726 0.000000 0.000000 0.000000 1.000000
62727 0.000000 0.000000 0.000000 1.000000
62728 0.000000 0.000000 0.000000 1.000000
62729 0.000000 0.000000 0.000000 1.000000
62743 0.000000 0.000000 0.000000 1.000000
62744 0.000000 0.000000 0.000000 1.000000
62745 0.000000 0.000000 0.000000 1.000000
62746 0.000000 0.000000 0.000000 1.000000
62747 0.000000 0.000000 0.000000 1.000000
62748 0.000000 0.000000 0.000000 1.000000
62749 0.000000 0.000000 0.000000 1.000000
62750 0.000000 0.000000 0.000000 1.000000
62755 0.000000 0.000000 0.000000 1.000000
62756 0.000000 0.000000 0.000000 1.000000
62757 0.000000 0.000000 0.000000 1.000000
62758 0.000000 0.000000 0.000000 1.000000
62759 0.000000 0.000000 0.000000 1.000000
62760 0.000000 0.000000 0.000000 1.000000
62761 0.000000 0.000000 0.000000 1.000000
62762 0.000000 0.000000 0.000000 1.000000
62767 0.000000 0.000000 0.000000 1.000000
62768 0.000000 0.000000 0.000000 1.000000
62769 0.000000 0.000000 0.000000 1.000000
62770 0.000000 0.000000 0.000000 1.000000
62771 0.000000 0.000000 0.000000 1.000000
62777 0.000000 0.000000 0.000000 1.000000
62778 0.000000 0.000000 0.000000 1.000000
62779 0.000000 0.000000 0.000000 1.000000
62780 0.000000 0.000000 0.000000 1.000000
62781 0.000000 0.000000 0.000000 1.000000
62791 0.000000 0.000000 0.000000 1.000000
62792 0.000000 0.000000 0.000000 1.000000
62793 0.000000 0.000000 0.000000 1.000000
62794 0.000000 0.000000 0.000000 1.000000
62795 0.000000 0.000000 0.000000 1.000000
62796 0.000000 0.000000 0.000000 1.000000
62797 0.000000 0.000000 0.000000 1.000000
62798 0.000000 0.000000 0.000000 1.000000
62812 0.000000 0.000000 0.000000 1.000000
62813 0.000000 0.000000 0.000000 1.000000
62814 0.000000 0.000000 0.000000 1.000000
62815 0.000000 0.000000 0.000000 1.000000
62816 0.000000 0.000000 0.000000 1.000000
62817 0.000000 0.000000 0.000000 1.000000
62818 0.000000 0.000000 0.000000 1.000000
62819 0.000000 0.000000 0.000000 1.000000
62820 0.000000 0.000000 0.000000 1.000000
62833 0.000000 0.000000 0.000000 1.000000
62834 0.000000 0.000000 0.000000 1.000000
62835 0.000000 0.000000 0.000000 1.000000
62836 0.000000 0.000000 0.000000 1.000000
62837 0.000000 0.000000 0.000000 1.000000
62838 0.000000 0.000000 0.000000 1.000000
62839 0.000000 0.000000 0.000000 1.000000
62840 0.000000 0.000000 0.000000 1.000000
62841 0.000000 0.000000 0.000000 1.000000
62842 0.000000 0.000000 0.000000 1.000000
62843 0.000000 0.000000 0.000000 1.000000
62844 0.000000 0.000000 0.000000 1.000000
62845 0.000000 0.000000 0.000000 1.000000
62852 0.000000 0.000000 0.000000 1.000000
62853 0.000000 0.000000 0.000000 1.000000
62854 0.000000 0.000000 0.000000 1.000000
62855 0.000000 0.000000 0.000000 1.000000
62856 0.000000 0.000000 0.000000 1.000000
62857 0.000000 0.000000 0.000000 1.000000
62858 0.000000 0.000000 0.000000 1.000000
62859 0.000000 0.000000 0.000000 1.000000
62860 0.000000 0.000000 0.000000 1.000000
62861 0.000000 0.000000 0.000000 1.000000
62862 0.000000 0.000000 0.000000 1.000000
62863 0.000000 0.000000 0.000000 1.000000
62864 0.000000 0.000000 0.000000 1.000000
62867 0.000000 0.000000 0.000000 1.000000
62869 0.000000 0.000000 0.000000 1.000000
62871 0.000000 0.000000 0.000000 1.000000
62877 0.000000 0.000000 0.000000 1.000000
62880 0.000000 0.000000 0.000000 1.000000
62883 0.000000 0.000000 0.000000 1.000000
62884 0.000000 0.000000 0.000000 1.000000
62885 0.000000 0.000000 0.000000 1.000000
62889 0.000000 0.000000 0.000000 1.000000
62890 0.000000 0.000000 0.000000 1.000000
62891 0.000000 0.000000 0.000000 1.000000
62892 0.000000 0.000000 0.000000 1.000000
62893 0.000000 0.000000 0.000000 1.000000
62904 0.000000 0.000000 0.000000 1.000000
62905 0.000000 0.000000 0.000000 1.000000
62906 0.000000 0.000000 0.000000 1.000000
62907 0.000000 0.000000 0.000000 1.000000
62908 0.000000 0.000000 0.000000 1.000000
62911 0.000000 0.000000 0.000000 1.000000
62912 0.000000 0.000000 0.000000 1.000000
62913 0.000000 0.000000 0.000000 1.000000
62914 0.000000 0.000000 0.000000 1.000000
62915 0.000000 0.000000 0.000000 1.000000
62927 0.000000 0.000000 0.000000 1.000000
62928 0.000000 0.000000 0.000000 1.000000
62929 0.000000 0.000000 0.000000 1.000000
62946 0.000000 0.000000 0.000000 1.000000
62947 0.000000 0.000000 0.000000 1.000000
62948 0.000000 0.000000 0.000000 1.000000
62949 0.000000 0.000000 0.000000 1.000000
62967 0.000000 0.000000 0.000000 1.000000
62968 0.000000 0.000000 0.000000 1.000000
62969 0.000000 0.000000 0.000000 1.000000
62970 0.000000 0.000000 0.000000 1.000000
62971 0.000000 0.000000 0.000000 1.000000
62972 0.000000 0.000000 0.000000 1.000000
62985 0.000000 0.000000 0.000000 1.000000
62986 0.000000 0.000000 0.000000 1.000000
62987 0.000000 0.000000 0.000000 1.000000
62988 0.000000 0.000000 0.000000 1.000000
62989 0.000000 0.000000 0.000000 1.000000
62990 0.000000 0.000000 0.000000 1.000000
62991 0.000000 0.000000 0.000000 1.000000
62992 0.000000 0.000000 0.000000 1.000000
62993 0.000000 0.000000 0.000000 1.000000
62994 0.000000 0.000000 0.000000 1.000000
63005 0.000000 0.000000 0.000000 1.000000
63006 0.000000 0.000000 0.000000 1.000000
63007 0.000000 0.000000 0.000000 1.000000
63008 0.000000 0.000000 0.000000 1.000000
63009 0.000000 0.000000 0.000000 1.000000
63924 0.000000 0.000000 0.000000 1.000000
63925 0.000000 0.000000 0.000000 1.000000
63926 0.000000 0.000000 0.000000 1.000000
63927 0.000000 0.000000 0.000000 1.000000
63928 0.000000 0.000000 0.000000 1.000000
63929 0.000000 0.000000 0.000000 1.000000
63944 0.000000 0.000000 0.000000 1.000000
63945 0.000000 0.000000 0.000000 1.000000
63946 0.000000 0.000000 0.000000 1.000000
63947 0.000000 0.000000 0.000000 1.000000
63948 0.000000 0.000000 0.000000 1.000000
63949 0.000000 0.000000 0.000000 1.000000
63950 0.000000 0.000000 0.000000 1.000000
63951 0.000000 0.000000 0.000000 1.000000
63963 0.000000 0.000000 0.000000 1.000000
63964 0.000000 0.000000 0.000000 1.000000
63965 0.000000 0.000000 0.000000 1.000000
63966 0.000000 0.000000 0.000000 1.000000
63967 0.000000 0.000000 0.000000 1.000000
63968 0.000000 0.000000 0.000000 1.000000
63969 0.000000 0.000000 0.000000 1.000000
63970 0.000000 0.000000 0.000000 1.000000
63971 0.000000 0.000000 0.000000 1.000000
63980 0.000000 0.000000 0.000000 1.000000
63981 0.000000 0.000000 0.000000 1.000000
63982 0.000000 0.000000 0.000000 1.000000
63983 0.000000 0.000000 0.000000 1.000000
63984 0.000000 0.000000 0.000000 1.000000
63985 0.000000 0.000000 0.000000 1.000000
63996 0.000000 0.000000 0.000000 1.000000
63997 0.000000 0.000000 0.000000 1.000000
63998 0.000000 0.000000 0.000000 1.000000
64014 0.000000 0.000000 0.000000 1.000000
64015 0.000000 0.000000 0.000000 1.000000
64016 0.000000 0.000000 0.000000 1.000000
64030 0.000000 0.000000 0.000000 1.000000
64031 0.000000 0.000000 0.000000 1.000000
64032 0.000000 0.000000 0.000000 1.000000
64033 0.000000 0.000000 0.000000 1.000000
64034 0.000000 0.000000 0.000000 1.000000
64035 0.000000 0.000000 0.000000 1.000000
64044 0.000000 0.000000 0.000000 1.000000
64045 0.000000 0.000000 0.000000 1.000000
64046 0.000000 0.000000 0.000000 1.000000
64047 0.000000 0.000000 0.000000 1.000000
64048 0.000000 0.000000 0.000000 1.000000
64049 0.000000 0.000000 0.000000 1.000000
64050 0.000000 0.000000 0.000000 1.000000
64056 0.000000 0.000000 0.000000 1.000000
64057 0.000000 0.000000 0.000000 1.000000
64058 0.000000 0.000000 0.000000 1.000000
64059 0.000000 0.000000 0.000000 1.000000
64060 0.000000 0.000000 0.000000 1.000000
64066 0.000000 0.000000 0.000000 1.000000
64067 0.000000 0.000000 0.000000 1.000000
64068 0.000000 0.000000 0.000000 1.000000
64069 0.000000 0.000000 0.000000 1.000000
64070 0.000000 0.000000 0.000000 1.000000
64082 0.000000 0.000000 0.000000 1.000000
64083 0.000000 0.000000 0.000000 1.000000
64084 0.000000 0.000000 0.000000 1.000000
64085 0.000000 0.000000 0.000000 1.000000
64086 0.000000 0.000000 0.000000 1.000000
64100 0.000000 0.000000 0.000000 1.000000
64101 0.000000 0.000000 0.000000 1.000000
64102 0.000000 0.000000 0.000000 1.000000
64103 0.000000 0.000000 0.000000 1.000000
64104 0.000000 0.000000 0.000000 1.000000
64105 0.000000 0.000000 0.000000 1.000000
64112 0.000000 0.000000 0.000000 1.000000
64113 0.000000 0.000000 0.000000 1.000000
64114 0.000000 0.000000 0.000000 1.000000
64115 0.000000 0.000000 0.000000 1.000000
64116 0.000000 0.000000 0.000000 1.000000
64119 0.000000 0.000000 0.000000 1.000000
64120 0.000000 0.000000 0.000000 1.000000
64122 0.000000 0.000000 0.000000 1.000000
64124 0.000000 0.000000 0.000000 1.000000
64130 0.000000 0.000000 0.000000 1.000000
64131 0.000000 0.000000 0.000000 1.000000
64134 0.000000 0.000000 0.000000 1.000000
64135 0.000000 0.000000 0.000000 1.000000
64139 0.000000 0.000000 0.000000 1.000000
64140 0.000000 0.000000 0.000000 1.000000
64145 0.000000 0.000000 0.000000 1.000000
64154 0.000000 0.000000 0.000000 1.000000
64156 0.000000 0.000000 0.000000 1.000000
64164 0.000000 0.000000 0.000000 1.000000
64177 0.000000 0.000000 0.000000 1.000000
64178 0.000000 0.000000 0.000000 1.000000
64193 0.000000 0.000000 0.000000 1.000000
64194 0.000000 0.000000 0.000000 1.000000
64195 0.000000 0.000000 0.000000 1.000000
64210 0.000000 0.000000 0.000000 1.000000
64211 0.000000 0.000000 0.000000 1.000000
64212 0.000000 0.000000 0.000000 1.000000
64213 0.000000 0.000000 0.000000 1.000000
64214 0.000000 0.000000 0.000000 1.000000
64230 0.000000 0.000000 0.000000 1.000000
64231 0.000000 0.000000 0.000000 1.000000
64232 0.000000 0.000000 0.000000 1.000000
64233 0.000000 0.000000 0.000000 1.000000
64234 0.000000 0.000000 0.000000 1.000000
64252 0.000000 0.000000 0.000000 1.000000
65154 0.000000 0.000000 0.000000 1.000000
65155 0.000000 0.000000 0.000000 1.000000
65166 0.000000 0.000000 0.000000 1.000000
65167 0.000000 0.000000 0.000000 1.000000
65168 0.000000 0.000000 0.000000 1.000000
65169 0.000000 0.000000 0.000000 1.000000
65170 0.000000 0.000000 0.000000 1.000000
65185 0.000000 0.000000 0.000000 1.000000
65186 0.000000 0.000000 0.000000 1.000000
65187 0.000000 0.000000 0.000000 1.000000
65188 0.000000 0.000000 0.000000 1.000000
65189 0.000000 0.000000 0.000000 1.000000
65190 0.000000 0.000000 0.000000 1.000000
65191 0.000000 0.000000 0.000000 1.000000
65192 0.000000 0.000000 0.000000 1.000000
65193 0.000000 0.000000 0.000000 1.000000
65194 0.000000 0.000000 0.000000 1.000000
65206 0.000000 0.000000 0.000000 1.000000
65207 0.000000 0.000000 0.000000 1.000000
65208 0.000000 0.000000 0.000000 1.000000
65209 0.000000 0.000000 0.000000 1.000000
65210 0.000000 0.000000 0.000000 1.000000
65211 0.000000 0.000000 0.000000 1.000000
65212 0.000000 0.000000 0.000000 1.000000
65213 0.000000 0.000000 0.000000 1.000000
65214 0.000000 0.000000 0.000000 1.000000
65215 0.000000 0.000000 0.000000 1.000000
65228 0.000000 0.000000 0.000000 1.000000
65229 0.000000 0.000000 0.000000 1.000000
65230 0.000000 0.000000 0.000000 1.000000
65231 0.000000 0.000000 0.000000 1.000000
65232 0.000000 0.000000 0.000000 1.000000
65233 0.000000 0.000000 0.000000 1.000000
65234 0.000000 0.000000 0.000000 1.000000
65252 0.000000 0.000000 0.000000 1.000000
65253 0.000000 0.000000 0.000000 1.000000
65254 0.000000 0.000000 0.000000 1.000000
65255 0.000000 0.000000 0.000000 1.000000
65256 0.000000 0.000000 0.000000 1.000000
65257 0.000000 0.000000 0.000000 1.000000
65271 0.000000 0.000000 0.000000 1.000000
65272 0.000000 0.000000 0.000000 1.000000
65273 0.000000 0.000000 0.000000 1.000000
65274 0.000000 0.000000 0.000000 1.000000
65275 0.000000 0.000000 0.000000 1.000000
65276 0.000000 0.000000 0.000000 1.000000
65277 0.000000 0.000000 0.000000 1.000000
65278 0.000000 0.000000 0.000000 1.000000
65279 0.000000 0.000000 0.000000 1.000000
65290 0.000000 0.000000 0.000000 1.000000
65291 0.000000 0.000000 0.000000 1.000000
65292 0.000000 0.000000 0.000000 1.000000
65293 0.000000 0.000000 0.000000 1.000000
65303 0.000000 0.000000 0.000000 1.000000
65304 0.000000 0.000000 0.000000 1.000000
65305 0.000000 0.000000 0.000000 1.000000
65321 0.000000 0.000000 0.000000 1.000000
65322 0.000000 0.000000 0.000000 1.000000
65323 0.000000 0.000000 0.000000 1.000000
65337 0.000000 0.000000 0.000000 1.000000
65338 0.000000 0.000000 0.000000 1.000000
65339 0.000000 0.000000 0.000000 1.000000
65340 0.000000 0.000000 0.000000 1.000000
65345 0.000000 0.000000 0.000000 1.000000
65346 0.000000 0.000000 0.000000 1.000000
65347 0.000000 0.000000 0.000000 1.000000
65348 0.000000 0.000000 0.000000 1.000000
65351 0.000000 0.000000 0.000000 1.000000
65352 0.000000 0.000000 0.000000 1.000000
65354 0.000000 0.000000 0.000000 1.000000
65355 0.000000 0.000000 0.000000 1.000000
65357 0.000000 0.000000 0.000000 1.000000
65363 0.000000 0.000000 0.000000 1.000000
65364 0.000000 0.000000 0.000000 1.000000
65366 0.000000 0.000000 0.000000 1.000000
65369 0.000000 0.000000 0.000000 1.000000
65374 0.000000 0.000000 0.000000 1.000000
65382 0.000000 0.000000 0.000000 1.000000
65384 0.000000 0.000000 0.000000 1.000000
65385 0.000000 0.000000 0.000000 1.000000
65386 0.000000 0.000000 0.000000 1.000000
65387 0.000000 0.000000 0.000000 1.000000
65388 0.000000 0.000000 0.000000 1.000000
65398 0.000000 0.000000 0.000000 1.000000
65399 0.000000 0.000000 0.000000 1.000000
65400 0.000000 0.000000 0.000000 1.000000
65401 0.000000 0.000000 0.000000 1.000000
65402 0.000000 0.000000 0.000000 1.000000
65417 0.000000 0.000000 0.000000 1.000000
65418 0.000000 0.000000 0.000000 1.000000
65419 0.000000 0.000000 0.000000 1.000000
65420 0.000000 0.000000 0.000000 1.000000
65421 0.000000 0.000000 0.000000 1.000000
65430 0.000000 0.000000 0.000000 1.000000
65431 0.000000 0.000000 0.000000 1.000000
65432 0.000000 0.000000 0.000000 1.000000
65433 0.000000 0.000000 0.000000 1.000000
65441 0.000000 0.000000 0.000000 1.000000
65442 0.000000 0.000000 0.000000 1.000000
65443 0.000000 0.000000 0.000000 1.000000
65444 0.000000 0.000000 0.000000 1.000000
65453 0.000000 0.000000 0.000000 1.000000
65454 0.000000 0.000000 0.000000 1.000000
66367 0.000000 0.000000 0.000000 1.000000
66368 0.000000 0.000000 0.000000 1.000000
66369 0.000000 0.000000 0.000000 1.000000
66370 0.000000 0.000000 0.000000 1.000000
66371 0.000000 0.000000 0.000000 1.000000
66385 0.000000 0.000000 0.000000 1.000000
66386 0.000000 0.000000 0.000000 1.000000
66387 0.000000 0.000000 0.000000 1.000000
66388 0.000000 0.000000 0.000000 1.000000
66389 0.000000 0.000000 0.000000 1.000000
66390 0.000000 0.000000 0.000000 1.000000
66404 0.000000 0.000000 0.000000 1.000000
66405 0.000000 0.000000 0.000000 1.000000
66406 0.000000 0.000000 0.000000 1.000000
66407 0.000000 0.000000 0.000000 1.000000
66408 0.000000 0.000000 0.000000 1.000000
66409 0.000000 0.000000 0.000000 1.000000
66410 0.000000 0.000000 0.000000 1.000000
66423 0.000000 0.000000 0.000000 1.000000
66424 0.000000 0.000000 0.000000 1.000000
66425 0.000000 0.000000 0.000000 1.000000
66426 0.000000 0.000000 0.000000 1.000000
66427 0.000000 0.000000 0.000000 1.000000
66428 0.000000 0.000000 0.000000 1.000000
66429 0.000000 0.000000 0.000000 1.000000
66444 0.000000 0.000000 0.000000 1.000000
66445 0.000000 0.000000 0.000000 1.000000
66446 0.000000 0.000000 0.000000 1.000000
66447 0.000000 0.000000 0.000000 1.000000
66448 0.000000 0.000000 0.000000 1.000000
66449 0.000000 0.000000 0.000000 1.000000
66450 0.000000 0.000000 0.000000 1.000000
66461 0.000000 0.000000 0.000000 1.000000
66462 0.000000 0.000000 0.000000 1.000000
66463 0.000000 0.000000 0.000000 1.000000
66464 0.000000 0.000000 0.000000 1.000000
66480 0.000000 0.000000 0.000000 1.000000
66489 0.000000 0.000000 0.000000 1.000000
66492 0.000000 0.000000 0.000000 1.000000
66494 0.000000 0.000000 0.000000 1.000000
66495 0.000000 0.000000 0.000000 1.000000
66497 0.000000 0.000000 0.000000 1.000000
66498 0.000000 0.000000 0.000000 1.000000
66500 0.000000 0.000000 0.000000 1.000000
66501 0.000000 0.000000 0.000000 1.000000
66502 0.000000 0.000000 0.000000 1.000000
66503 0.000000 0.000000 0.000000 1.000000
66504 0.000000 0.000000 0.000000 1.000000
66505 0.000000 0.000000 0.000000 1.000000
66506 0.000000 0.000000 0.000000 1.000000
66507 0.000000 0.000000 0.000000 1.000000
66515 0.000000 0.000000 0.000000 1.000000
66516 0.000000 0.000000 0.000000 1.000000
66517 0.000000 0.000000 0.000000 1.000000
66518 0.000000 0.000000 0.000000 1.000000
66519 0.000000 0.000000 0.000000 1.000000
66520 0.000000 0.000000 0.000000 1.000000
66521 0.000000 0.000000 0.000000 1.000000
66522 0.000000 0.000000 0.000000 1.000000
66523 0.000000 0.000000 0.000000 1.000000
66528 0.000000 0.000000 0.000000 1.000000
66529 0.000000 0.000000 0.000000 1.000000
66530 0.000000 0.000000 0.000000 1.000000
66531 0.000000 0.000000 0.000000 1.000000
66532 0.000000 0.000000 0.000000 1.000000
66533 0.000000 0.000000 0.000000 1.000000
66534 0.000000 0.000000 0.000000 1.000000
66540 0.000000 0.000000 0.000000 1.000000
66541 0.000000 0.000000 0.000000 1.000000
66542 0.000000 0.000000 0.000000 1.000000
66543 0.000000 0.000000 0.000000 1.000000
66544 0.000000 0.000000 0.000000 1.000000
66545 0.000000 0.000000 0.000000 1.000000
66546 0.000000 0.000000 0.000000 1.000000
66547 0.000000 0.000000 0.000000 1.000000
66557 0.000000 0.000000 0.000000 1.000000
66558 0.000000 0.000000 0.000000 1.000000
66559 0.000000 0.000000 0.000000 1.000000
66560 0.000000 0.000000 0.000000 1.000000
66561 0.000000 0.000000 0.000000 1.000000
66562 0.000000 0.000000 0.000000 1.000000
66563 0.000000 0.000000 0.000000 1.000000
66575 0.000000 0.000000 0.000000 1.000000
66576 0.000000 0.000000 0.000000 1.000000
66577 0.000000 0.000000 0.000000 1.000000
66578 0.000000 0.000000 0.000000 1.000000
66579 0.000000 0.000000 0.000000 1.000000
66580 0.000000 0.000000 0.000000 1.000000
66588 0.000000 0.000000 0.000000 1.000000
66589 0.000000 0.000000 0.000000 1.000000
66590 0.000000 0.000000 0.000000 1.000000
66591 0.000000 0.000000 0.000000 1.000000
66592 0.000000 0.000000 0.000000 1.000000
66593 0.000000 0.000000 0.000000 1.000000
66606 0.000000 0.000000 0.000000 1.000000
66607 0.000000 0.000000 0.000000 1.000000
66608 0.000000 0.000000 0.000000 1.000000
66609 0.000000 0.000000 0.000000 1.000000
66629 0.000000 0.000000 0.000000 1.000000
66643 0.000000 0.000000 0.000000 1.000000
66655 0.000000 0.000000 0.000000 1.000000
67604 0.000000 0.000000 0.000000 1.000000
67605 0.000000 0.000000 0.000000 1.000000
67622 0.000000 0.000000 0.000000 1.000000
67623 0.000000 0.000000 0.000000 1.000000
67624 0.000000 0.000000 0.000000 1.000000
67625 0.000000 0.000000 0.000000 1.000000
67626 0.000000 0.000000 0.000000 1.000000
67641 0.000000 0.000000 0.000000 1.000000
67642 0.000000 0.000000 0.000000 1.000000
67643 0.000000 0.000000 0.000000 1.000000
67644 0.000000 0.000000 0.000000 1.000000
67645 0.000000 0.000000 0.000000 1.000000
67646 0.000000 0.000000 0.000000 1.000000
67661 0.000000 0.000000 0.000000 1.000000
67662 0.000000 0.000000 0.000000 1.000000
67663 0.000000 0.000000 0.000000 1.000000
67664 0.000000 0.000000 0.000000 1.000000
67665 0.000000 0.000000 0.000000 1.000000
67666 0.000000 0.000000 0.000000 1.000000
67667 0.000000 0.000000 0.000000 1.000000
67668 0.000000 0.000000 0.000000 1.000000
67682 0.000000 0.000000 0.000000 1.000000
67683 0.000000 0.000000 0.000000 1.000000
67684 0.000000 0.000000 0.000000 1.000000
67685 0.000000 0.000000 0.000000 1.000000
67686 0.000000 0.000000 0.000000 1.000000
67697 0.000000 0.000000 0.000000 1.000000
67700 0.000000 0.000000 0.000000 1.000000
67702 0.000000 0.000000 0.000000 1.000000
67703 0.000000 0.000000 0.000000 1.000000
67705 0.000000 0.000000 0.000000 1.000000
67706 0.000000 0.000000 0.000000 1.000000
67708 0.000000 0.000000 0.000000 1.000000
67709 0.000000 0.000000 0.000000 1.000000
67710 0.000000 0.000000 0.000000 1.000000
67711 0.000000 0.000000 0.000000 1.000000
67712 0.000000 0.000000 0.000000 1.000000
67713 0.000000 0.000000 0.000000 1.000000
67714 0.000000 0.000000 0.000000 1.000000
67715 0.000000 0.000000 0.000000 1.000000
67717 0.000000 0.000000 0.000000 1.000000
67718 0.000000 0.000000 0.000000 1.000000
67719 0.000000 0.000000 0.000000 1.000000
67720 0.000000 0.000000 0.000000 1.000000
67721 0.000000 0.000000 0.000000 1.000000
67722 0.000000 0.000000 0.000000 1.000000
67723 0.000000 0.000000 0.000000 1.000000
67724 0.000000 0.000000 0.000000 1.000000
67725 0.000000 0.000000 0.000000 1.000000
67726 0.000000 0.000000 0.000000 1.000000
67727 0.000000 0.000000 0.000000 1.000000
67728 0.000000 0.000000 0.000000 1.000000
67737 0.000000 0.000000 0.000000 1.000000
67738 0.000000 0.000000 0.000000 1.000000
67739 0.000000 0.000000 0.000000 1.000000
67740 0.000000 0.000000 0.000000 1.000000
67741 0.000000 0.000000 0.000000 1.000000
67742 0.000000 0.000000 0.000000 1.000000
67747 0.000000 0.000000 0.000000 1.000000
67748 0.000000 0.000000 0.000000 1.000000
67749 0.000000 0.000000 0.000000 1.000000
67750 0.000000 0.000000 0.000000 1.000000
67757 0.000000 0.000000 0.000000 1.000000
67758 0.000000 0.000000 0.000000 1.000000
67759 0.000000 0.000000 0.000000 1.000000
67760 0.000000 0.000000 0.000000 1.000000
67769 0.000000 0.000000 0.000000 1.000000
67770 0.000000 0.000000 0.000000 1.000000
67771 0.000000 0.000000 0.000000 1.000000
67781 0.000000 0.000000 0.000000 1.000000
67782 0.000000 0.000000 0.000000 1.000000
68795 0.000000 0.000000 0.000000 1.000000
68796 0.000000 0.000000 0.000000 1.000000
68816 0.000000 0.000000 0.000000 1.000000
68817 0.000000 0.000000 0.000000 1.000000
68818 0.000000 0.000000 0.000000 1.000000
68819 0.000000 0.000000 0.000000 1.000000
68837 0.000000 0.000000 0.000000 1.000000
68838 0.000000 0.000000 0.000000 1.000000
68839 0.000000 0.000000 0.000000 1.000000
68840 0.000000 0.000000 0.000000 1.000000
68841 0.000000 0.000000 0.000000 1.000000
68842 0.000000 0.000000 0.000000 1.000000
68843 0.000000 0.000000 0.000000 1.000000
68844 0.000000 0.000000 0.000000 1.000000
68856 0.000000 0.000000 0.000000 1.000000
68857 0.000000 0.000000 0.000000 1.000000
68858 0.000000 0.000000 0.000000 1.000000
68859 0.000000 0.000000 0.000000 1.000000
68860 0.000000 0.000000 0.000000 1.000000
68861 0.000000 0.000000 0.000000 1.000000
68864 0.000000 0.000000 0.000000 1.000000
68866 0.000000 0.000000 0.000000 1.000000
68868 0.000000 0.000000 0.000000 1.000000
68869 0.000000 0.000000 0.000000 1.000000
68871 0.000000 0.000000 0.000000 1.000000
68873 0.000000 0.000000 0.000000 1.000000
68874 0.000000 0.000000 0.000000 1.000000
68875 0.000000 0.000000 0.000000 1.000000
68876 0.000000 0.000000 0.000000 1.000000
68877 0.000000 0.000000 0.000000 1.000000
68878 0.000000 0.000000 0.000000 1.000000
68879 0.000000 0.000000 0.000000 1.000000
68880 0.000000 0.000000 0.000000 1.000000
68881 0.000000 0.000000 0.000000 1.000000
68884 0.000000 0.000000 0.000000 1.000000
68885 0.000000 0.000000 0.000000 1.000000
68886 0.000000 0.000000 0.000000 1.000000
68887 0.000000 0.000000 0.000000 1.000000
68888 0.000000 0.000000 0.000000 1.000000
68889 0.000000 0.000000 0.000000 1.000000
68890 0.000000 0.000000 0.000000 1.000000
68891 0.000000 0.000000 0.000000 1.000000
68898 0.000000 0.000000 0.000000 1.000000
68899 0.000000 0.000000 0.000000 1.000000
68900 0.000000 0.000000 0.000000 1.000000
68901 0.000000 0.000000 0.000000 1.000000
68902 0.000000 0.000000 0.000000 1.000000
68906 0.000000 0.000000 0.000000 1.000000
68907 0.000000 0.000000 0.000000 1.000000
68908 0.000000 0.000000 0.000000 1.000000
68914 0.000000 0.000000 0.000000 1.000000
68915 0.000000 0.000000 0.000000 1.000000
70048 0.000000 0.000000 0.000000 1.000000
70049 0.000000 0.000000 0.000000 1.000000
70050 0.000000 0.000000 0.000000 1.000000
70068 0.000000 0.000000 0.000000 1.000000
70069 0.000000 0.000000 0.000000 1.000000
70070 0.000000 0.000000 0.000000 1.000000
70071 0.000000 0.000000 0.000000 1.000000
70072 0.000000 0.000000 0.000000 1.000000
70073 0.000000 0.000000 0.000000 1.000000
70074 0.000000 0.000000 0.000000 1.000000
70075 0.000000 0.000000 0.000000 1.000000
70076 0.000000 0.000000 0.000000 1.000000
70092 0.000000 0.000000 0.000000 1.000000
70093 0.000000 0.000000 0.000000 1.000000
70094 0.000000 0.000000 0.000000 1.000000
70102 0.000000 0.000000 0.000000 1.000000
70104 0.000000 0.000000 0.000000 1.000000
70106 0.000000 0.000000 0.000000 1.000000
70107 0.000000 0.000000 0.000000 1.000000
70109 0.000000 0.000000 0.000000 1.000000
70110 0.000000 0.000000 0.000000 1.000000
70111 0.000000 0.000000 0.000000 1.000000
70112 0.000000 0.000000 0.000000 1.000000
70113 0.000000 0.000000 0.000000 1.000000
70114 0.000000 0.000000 0.000000 1.000000
70116 0.000000 0.000000 0.000000 1.000000
70117 0.000000 0.000000 0.000000 1.000000
70118 0.000000 0.000000 0.000000 1.000000
70119 0.000000 0.000000 0.000000 1.000000
70120 0.000000 0.000000 0.000000 1.000000
70121 0.000000 0.000000 0.000000 1.000000
70122 0.000000 0.000000 0.000000 1.000000
70123 0.000000 0.000000 0.000000 1.000000
70124 0.000000 0.000000 0.000000 1.000000
70125 0.000000 0.000000 0.000000 1.000000
70130 0.000000 0.000000 0.000000 1.000000
70131 0.000000 0.000000 0.000000 1.000000
70132 0.000000 0.000000 0.000000 1.000000
70133 0.000000 0.000000 0.000000 1.000000
70134 0.000000 0.000000 0.000000 1.000000
70135 0.000000 0.000000 0.000000 1.000000
70141 0.000000 0.000000 0.000000 1.000000
71217 0.000000 0.000000 0.000000 1.000000
71218 0.000000 0.000000 0.000000 1.000000
71219 0.000000 0.000000 0.000000 1.000000
71220 0.000000 0.000000 0.000000 1.000000
71235 0.000000 0.000000 0.000000 1.000000
71236 0.000000 0.000000 0.000000 1.000000
71237 0.000000 0.000000 0.000000 1.000000
71238 0.000000 0.000000 0.000000 1.000000
71239 0.000000 0.000000 0.000000 1.000000
71240 0.000000 0.000000 0.000000 1.000000
71241 0.000000 0.000000 0.000000 1.000000
71242 0.000000 0.000000 0.000000 1.000000
71243 0.000000 0.000000 0.000000 1.000000
71261 0.000000 0.000000 0.000000 1.000000
71262 0.000000 0.000000 0.000000 1.000000
71263 0.000000 0.000000 0.000000 1.000000
71264 0.000000 0.000000 0.000000 1.000000
71265 0.000000 0.000000 0.000000 1.000000
71266 0.000000 0.000000 0.000000 1.000000
71281 0.000000 0.000000 0.000000 1.000000
71282 0.000000 0.000000 0.000000 1.000000
71283 0.000000 0.000000 0.000000 1.000000
71284 0.000000 0.000000 0.000000 1.000000
71285 0.000000 0.000000 0.000000 1.000000
71286 0.000000 0.000000 0.000000 1.000000
71293 0.000000 0.000000 0.000000 1.000000
71294 0.000000 0.000000 0.000000 1.000000
71295 0.000000 0.000000 0.000000 1.000000
71296 0.000000 0.000000 0.000000 1.000000
71297 0.000000 0.000000 0.000000 1.000000
71298 0.000000 0.000000 0.000000 1.000000
71300 0.000000 0.000000 0.000000 1.000000
71301 0.000000 0.000000 0.000000 1.000000
71302 0.000000 0.000000 0.000000 1.000000
71303 0.000000 0.000000 0.000000 1.000000
71304 0.000000 0.000000 0.000000 1.000000
71305 0.000000 0.000000 0.000000 1.000000
71307 0.000000 0.000000 0.000000 1.000000
71308 0.000000 0.000000 0.000000 1.000000
71309 0.000000 0.000000 0.000000 1.000000
71310 0.000000 0.000000 0.000000 1.000000
71311 0.000000 0.000000 0.000000 1.000000
71312 0.000000 0.000000 0.000000 1.000000
71313 0.000000 0.000000 0.000000 1.000000
71314 0.000000 0.000000 0.000000 1.000000
71315 0.000000 0.000000 0.000000 1.000000
71317 0.000000 0.000000 0.000000 1.000000
71318 0.000000 0.000000 0.000000 1.000000
71319 0.000000 0.000000 0.000000 1.000000
71320 0.000000 0.000000 0.000000 1.000000
71321 0.000000 0.000000 0.000000 1.000000
71322 0.000000 0.000000 0.000000 1.000000
71323 0.000000 0.000000 0.000000 1.000000
71324 0.000000 0.000000 0.000000 1.000000
71325 0.000000 0.000000 0.000000 1.000000
71330 0.000000 0.000000 0.000000 1.000000
71331 0.000000 0.000000 0.000000 1.000000
71332 0.000000 0.000000 0.000000 1.000000
71335 0.000000 0.000000 0.000000 1.000000
71336 0.000000 0.000000 0.000000 1.000000
72414 0.000000 0.000000 0.000000 1.000000
72415 0.000000 0.000000 0.000000 1.000000
72416 0.000000 0.000000 0.000000 1.000000
72417 0.000000 0.000000 0.000000 1.000000
72433 0.000000 0.000000 0.000000 1.000000
72434 0.000000 0.000000 0.000000 1.000000
72435 0.000000 0.000000 0.000000 1.000000
72436 0.000000 0.000000 0.000000 1.000000
72437 0.000000 0.000000 0.000000 1.000000
72438 0.000000 0.000000 0.000000 1.000000
72439 0.000000 0.000000 0.000000 1.000000
72440 0.000000 0.000000 0.000000 1.000000
72455 0.000000 0.000000 0.000000 1.000000
72456 0.000000 0.000000 0.000000 1.000000
72457 0.000000 0.000000 0.000000 1.000000
72458 0.000000 0.000000 0.000000 1.000000
72459 0.000000 0.000000 0.000000 1.000000
72460 0.000000 0.000000 0.000000 1.000000
72461 0.000000 0.000000 0.000000 1.000000
72475 0.000000 0.000000 0.000000 1.000000
72476 0.000000 0.000000 0.000000 1.000000
72477 0.000000 0.000000 0.000000 1.000000
72478 0.000000 0.000000 0.000000 1.000000
72479 0.000000 0.000000 0.000000 1.000000
72480 0.000000 0.000000 0.000000 1.000000
72481 0.000000 0.000000 0.000000 1.000000
72482 0.000000 0.000000 0.000000 1.000000
72483 0.000000 0.000000 0.000000 1.000000
72493 0.000000 0.000000 0.000000 1.000000
72494 0.000000 0.000000 0.000000 1.000000
72495 0.000000 0.000000 0.000000 1.000000
72496 0.000000 0.000000 0.000000 1.000000
72497 0.000000 0.000000 0.000000 1.000000
72498 0.000000 0.000000 0.000000 1.000000
72499 0.000000 0.000000 0.000000 1.000000
72500 0.000000 0.000000 0.000000 1.000000
72501 0.000000 0.000000 0.000000 1.000000
72502 0.000000 0.000000 0.000000 1.000000
72509 0.000000 0.000000 0.000000 1.000000
72510 0.000000 0.000000 0.000000 1.000000
72511 0.000000 0.000000 0.000000 1.000000
72512 0.000000 0.000000 0.000000 1.000000
72513 0.000000 0.000000 0.000000 1.000000
72514 0.000000 0.000000 0.000000 1.000000
72515 0.000000 0.000000 0.000000 1.000000
72516 0.000000 0.000000 0.000000 1.000000
72517 0.000000 0.000000 0.000000 1.000000
72518 0.000000 0.000000 0.000000 1.000000
72519 0.000000 0.000000 0.000000 1.000000
72520 0.000000 0.000000 0.000000 1.000000
72521 0.000000 0.000000 0.000000 1.000000
72522 0.000000 0.000000 0.000000 1.000000
72523 0.000000 0.000000 0.000000 1.000000
72525 0.000000 0.000000 0.000000 1.000000
72526 0.000000 0.000000 0.000000 1.000000
72527 0.000000 0.000000 0.000000 1.000000
72528 0.000000 0.000000 0.000000 1.000000
72529 0.000000 0.000000 0.000000 1.000000
72530 0.000000 0.000000 0.000000 1.000000
72531 0.000000 0.000000 0.000000 1.000000
72532 0.000000 0.000000 0.000000 1.000000
72533 0.000000 0.000000 0.000000 1.000000
72534 0.000000 0.000000 0.000000 1.000000
72535 0.000000 0.000000 0.000000 1.000000
72536 0.000000 0.000000 0.000000 1.000000
72537 0.000000 0.000000 0.000000 1.000000
72538 0.000000 0.000000 0.000000 1.000000
72540 0.000000 0.000000 0.000000 1.000000
72541 0.000000 0.000000 0.000000 1.000000
72542 0.000000 0.000000 0.000000 1.000000
72543 0.000000 0.000000 0.000000 1.000000
72544 0.000000 0.000000 0.000000 1.000000
72545 0.000000 0.000000 0.000000 1.000000
72550 0.000000 0.000000 0.000000 1.000000
72551 0.000000 0.000000 0.000000 1.000000
72552 0.000000 0.000000 0.000000 1.000000
72554 0.000000 0.000000 0.000000 1.000000
72555 0.000000 0.000000 0.000000 1.000000
72558 0.000000 0.000000 0.000000 1.000000
73519 0.000000 0.000000 0.000000 1.000000
73520 0.000000 0.000000 0.000000 1.000000
73521 0.000000 0.000000 0.000000 1.000000
73535 0.000000 0.000000 0.000000 1.000000
73536 0.000000 0.000000 0.000000 1.000000
73537 0.000000 0.000000 0.000000 1.000000
73538 0.000000 0.000000 0.000000 1.000000
73539 0.000000 0.000000 0.000000 1.000000
73552 0.000000 0.000000 0.000000 1.000000
73553 0.000000 0.000000 0.000000 1.000000
73554 0.000000 0.000000 0.000000 1.000000
73555 0.000000 0.000000 0.000000 1.000000
73556 0.000000 0.000000 0.000000 1.000000
73557 0.000000 0.000000 0.000000 1.000000
73572 0.000000 0.000000 0.000000 1.000000
73573 0.000000 0.000000 0.000000 1.000000
73574 0.000000 0.000000 0.000000 1.000000
73575 0.000000 0.000000 0.000000 1.000000
73576 0.000000 0.000000 0.000000 1.000000
73577 0.000000 0.000000 0.000000 1.000000
73578 0.000000 0.000000 0.000000 1.000000
73586 0.000000 0.000000 0.000000 1.000000
73587 0.000000 0.000000 0.000000 1.000000
73588 0.000000 0.000000 0.000000 1.000000
73589 0.000000 0.000000 0.000000 1.000000
73590 0.000000 0.000000 0.000000 1.000000
73591 0.000000 0.000000 0.000000 1.000000
73592 0.000000 0.000000 0.000000 1.000000
73593 0.000000 0.000000 0.000000 1.000000
73602 0.000000 0.000000 0.000000 1.000000
73603 0.000000 0.000000 0.000000 1.000000
73604 0.000000 0.000000 0.000000 1.000000
73605 0.000000 0.000000 0.000000 1.000000
73606 0.000000 0.000000 0.000000 1.000000
73607 0.000000 0.000000 0.000000 1.000000
73612 0.000000 0.000000 0.000000 1.000000
73613 0.000000 0.000000 0.000000 1.000000
73615 0.000000 0.000000 0.000000 1.000000
73616 0.000000 0.000000 0.000000 1.000000
73617 0.000000 0.000000 0.000000 1.000000
73622 0.000000 0.000000 0.000000 1.000000
73623 0.000000 0.000000 0.000000 1.000000
73624 0.000000 0.000000 0.000000 1.000000
73626 0.000000 0.000000 0.000000 1.000000
73627 0.000000 0.000000 0.000000 1.000000
73630 0.000000 0.000000 0.000000 1.000000
74630 0.000000 0.000000 0.000000 1.000000
74639 0.000000 0.000000 0.000000 1.000000
74640 0.000000 0.000000 0.000000 1.000000
74651 0.000000 0.000000 0.000000 1.000000
74652 0.000000 0.000000 0.000000 1.000000
74653 0.000000 0.000000 0.000000 1.000000
74662 0.000000 0.000000 0.000000 1.000000
74663 0.000000 0.000000 0.000000 1.000000
74668 0.000000 0.000000 0.000000 1.000000
74673 0.000000 0.000000 0.000000 1.000000
74675 0.000000 0.000000 0.000000 1.000000
75704 0.000000 0.000000 0.000000 1.000000
75716 0.000000 0.000000 0.000000 1.000000
75717 0.000000 0.000000 0.000000 1.000000
75729 0.000000 0.000000 0.000000 1.000000
75730 0.000000 0.000000 0.000000 1.000000
75738 0.000000 0.000000 0.000000 1.000000
75739 0.000000 0.000000 0.000000 1.000000
75742 0.000000 0.000000 0.000000 1.000000
75743 0.000000 0.000000 0.000000 1.000000
75748 0.000000 0.000000 0.000000 1.000000
76873 0.000000 0.000000 0.000000 1.000000
76877 0.000000 0.000000 0.000000 1.000000
76882 0.000000 0.000000 0.000000 1.000000
