#
1171
75524 0.000000 0.000000 0.000000 1.000000
75537 0.000000 0.000000 0.000000 1.000000
75563 0.000000 0.000000 0.000000 1.000000
75591 0.000000 0.000000 0.000000 1.000000
76671 0.000000 0.000000 0.000000 1.000000
76682 0.000000 0.000000 0.000000 1.000000
76683 0.000000 0.000000 0.000000 1.000000
76684 0.000000 0.000000 0.000000 1.000000
76685 0.000000 0.000000 0.000000 1.000000
76686 0.000000 0.000000 0.000000 1.000000
76695 0.000000 0.000000 0.000000 1.000000
76696 0.000000 0.000000 0.000000 1.000000
76697 0.000000 0.000000 0.000000 1.000000
76709 0.000000 0.000000 0.000000 1.000000
76710 0.000000 0.000000 0.000000 1.000000
76727 0.000000 0.000000 0.000000 1.000000
76728 0.000000 0.000000 0.000000 1.000000
76741 0.000000 0.000000 0.000000 1.000000
76742 0.000000 0.000000 0.000000 1.000000
76754 0.000000 0.000000 0.000000 1.000000
76767 0.000000 0.000000 0.000000 1.000000
76790 0.000000 0.000000 0.000000 1.000000
76812 0.000000 0.000000 0.000000 1.000000
76819 0.000000 0.000000 0.000000 1.000000
76820 0.000000 0.000000 0.000000 1.000000
77822 0.000000 0.000000 0.000000 1.000000
77823 0.000000 0.000000 0.000000 1.000000
77824 0.000000 0.000000 0.000000 1.000000
77825 0.000000 0.000000 0.000000 1.000000
77833 0.000000 0.000000 0.000000 1.000000
77834 0.000000 0.000000 0.000000 1.000000
77835 0.000000 0.000000 0.000000 1.000000
77836 0.000000 0.000000 0.000000 1.000000
77837 0.000000 0.000000 0.000000 1.000000
77845 0.000000 0.000000 0.000000 1.000000
77846 0.000000 0.000000 0.000000 1.000000
77847 0.000000 0.000000 0.000000 1.000000
77861 0.000000 0.000000 0.000000 1.000000
77862 0.000000 0.000000 0.000000 1.000000
77876 0.000000 0.000000 0.000000 1.000000
77877 0.000000 0.000000 0.000000 1.000000
77890 0.000000 0.000000 0.000000 1.000000
77891 0.000000 0.000000 0.000000 1.000000
77907 0.000000 0.000000 0.000000 1.000000
77908 0.000000 0.000000 0.000000 1.000000
77919 0.000000 0.000000 0.000000 1.000000
77932 0.000000 0.000000 0.000000 1.000000
77943 0.000000 0.000000 0.000000 1.000000
77950 0.000000 0.000000 0.000000 1.000000
77951 0.000000 0.000000 0.000000 1.000000
77957 0.000000 0.000000 0.000000 1.000000
77958 0.000000 0.000000 0.000000 1.000000
77959 0.000000 0.000000 0.000000 1.000000
77960 0.000000 0.000000 0.000000 1.000000
77964 0.000000 0.000000 0.000000 1.000000
77965 0.000000 0.000000 0.000000 1.000000
77966 0.000000 0.000000 0.000000 1.000000
77967 0.000000 0.000000 0.000000 1.000000
79018 0.000000 0.000000 0.000000 1.000000
79019 0.000000 0.000000 0.000000 1.000000
79026 0.000000 0.000000 0.000000 1.000000
79027 0.000000 0.000000 0.000000 1.000000
79028 0.000000 0.000000 0.000000 1.000000
79029 0.000000 0.000000 0.000000 1.000000
79030 0.000000 0.000000 0.000000 1.000000
79039 0.000000 0.000000 0.000000 1.000000
79040 0.000000 0.000000 0.000000 1.000000
79041 0.000000 0.000000 0.000000 1.000000
79042 0.000000 0.000000 0.000000 1.000000
79054 0.000000 0.000000 0.000000 1.000000
79055 0.000000 0.000000 0.000000 1.000000
79056 0.000000 0.000000 0.000000 1.000000
79069 0.000000 0.000000 0.000000 1.000000
79070 0.000000 0.000000 0.000000 1.000000
79084 0.000000 0.000000 0.000000 1.000000
79099 0.000000 0.000000 0.000000 1.000000
79100 0.000000 0.000000 0.000000 1.000000
79110 0.000000 0.000000 0.000000 1.000000
79111 0.000000 0.000000 0.000000 1.000000
79121 0.000000 0.000000 0.000000 1.000000
79122 0.000000 0.000000 0.000000 1.000000
79131 0.000000 0.000000 0.000000 1.000000
79132 0.000000 0.000000 0.000000 1.000000
79136 0.000000 0.000000 0.000000 1.000000
79137 0.000000 0.000000 0.000000 1.000000
79138 0.000000 0.000000 0.000000 1.000000
79142 0.000000 0.000000 0.000000 1.000000
79143 0.000000 0.000000 0.000000 1.000000
79144 0.000000 0.000000 0.000000 1.000000
79145 0.000000 0.000000 0.000000 1.000000
79146 0.000000 0.000000 0.000000 1.000000
79151 0.000000 0.000000 0.000000 1.000000
79152 0.000000 0.000000 0.000000 1.000000
79153 0.000000 0.000000 0.000000 1.000000
79154 0.000000 0.000000 0.000000 1.000000
79155 0.000000 0.000000 0.000000 1.000000
80181 0.000000 0.000000 0.000000 1.000000
80182 0.000000 0.000000 0.000000 1.000000
80183 0.000000 0.000000 0.000000 1.000000
80192 0.000000 0.000000 0.000000 1.000000
80193 0.000000 0.000000 0.000000 1.000000
80194 0.000000 0.000000 0.000000 1.000000
80195 0.000000 0.000000 0.000000 1.000000
80210 0.000000 0.000000 0.000000 1.000000
80211 0.000000 0.000000 0.000000 1.000000
80212 0.000000 0.000000 0.000000 1.000000
80223 0.000000 0.000000 0.000000 1.000000
80224 0.000000 0.000000 0.000000 1.000000
80225 0.000000 0.000000 0.000000 1.000000
80236 0.000000 0.000000 0.000000 1.000000
80237 0.000000 0.000000 0.000000 1.000000
80251 0.000000 0.000000 0.000000 1.000000
80252 0.000000 0.000000 0.000000 1.000000
80266 0.000000 0.000000 0.000000 1.000000
80279 0.000000 0.000000 0.000000 1.000000
80280 0.000000 0.000000 0.000000 1.000000
80288 0.000000 0.000000 0.000000 1.000000
80291 0.000000 0.000000 0.000000 1.000000
80292 0.000000 0.000000 0.000000 1.000000
80296 0.000000 0.000000 0.000000 1.000000
80297 0.000000 0.000000 0.000000 1.000000
80298 0.000000 0.000000 0.000000 1.000000
80303 0.000000 0.000000 0.000000 1.000000
80304 0.000000 0.000000 0.000000 1.000000
80305 0.000000 0.000000 0.000000 1.000000
80306 0.000000 0.000000 0.000000 1.000000
80311 0.000000 0.000000 0.000000 1.000000
80312 0.000000 0.000000 0.000000 1.000000
80313 0.000000 0.000000 0.000000 1.000000
80314 0.000000 0.000000 0.000000 1.000000
80315 0.000000 0.000000 0.000000 1.000000
80316 0.000000 0.000000 0.000000 1.000000
81342 0.000000 0.000000 0.000000 1.000000
81343 0.000000 0.000000 0.000000 1.000000
81344 0.000000 0.000000 0.000000 1.000000
81356 0.000000 0.000000 0.000000 1.000000
81357 0.000000 0.000000 0.000000 1.000000
81358 0.000000 0.000000 0.000000 1.000000
81371 0.000000 0.000000 0.000000 1.000000
81372 0.000000 0.000000 0.000000 1.000000
81373 0.000000 0.000000 0.000000 1.000000
81384 0.000000 0.000000 0.000000 1.000000
81385 0.000000 0.000000 0.000000 1.000000
81399 0.000000 0.000000 0.000000 1.000000
81400 0.000000 0.000000 0.000000 1.000000
81401 0.000000 0.000000 0.000000 1.000000
81413 0.000000 0.000000 0.000000 1.000000
81414 0.000000 0.000000 0.000000 1.000000
81425 0.000000 0.000000 0.000000 1.000000
81426 0.000000 0.000000 0.000000 1.000000
81427 0.000000 0.000000 0.000000 1.000000
81428 0.000000 0.000000 0.000000 1.000000
81429 0.000000 0.000000 0.000000 1.000000
81438 0.000000 0.000000 0.000000 1.000000
81439 0.000000 0.000000 0.000000 1.000000
81440 0.000000 0.000000 0.000000 1.000000
81441 0.000000 0.000000 0.000000 1.000000
81442 0.000000 0.000000 0.000000 1.000000
81443 0.000000 0.000000 0.000000 1.000000
81450 0.000000 0.000000 0.000000 1.000000
81451 0.000000 0.000000 0.000000 1.000000
81452 0.000000 0.000000 0.000000 1.000000
81453 0.000000 0.000000 0.000000 1.000000
81454 0.000000 0.000000 0.000000 1.000000
81455 0.000000 0.000000 0.000000 1.000000
81460 0.000000 0.000000 0.000000 1.000000
81461 0.000000 0.000000 0.000000 1.000000
81462 0.000000 0.000000 0.000000 1.000000
81463 0.000000 0.000000 0.000000 1.000000
81468 0.000000 0.000000 0.000000 1.000000
81469 0.000000 0.000000 0.000000 1.000000
81470 0.000000 0.000000 0.000000 1.000000
81471 0.000000 0.000000 0.000000 1.000000
81472 0.000000 0.000000 0.000000 1.000000
81473 0.000000 0.000000 0.000000 1.000000
81474 0.000000 0.000000 0.000000 1.000000
82434 0.000000 0.000000 0.000000 1.000000
82435 0.000000 0.000000 0.000000 1.000000
82446 0.000000 0.000000 0.000000 1.000000
82447 0.000000 0.000000 0.000000 1.000000
82448 0.000000 0.000000 0.000000 1.000000
82462 0.000000 0.000000 0.000000 1.000000
82463 0.000000 0.000000 0.000000 1.000000
82464 0.000000 0.000000 0.000000 1.000000
82474 0.000000 0.000000 0.000000 1.000000
82475 0.000000 0.000000 0.000000 1.000000
82491 0.000000 0.000000 0.000000 1.000000
82492 0.000000 0.000000 0.000000 1.000000
82493 0.000000 0.000000 0.000000 1.000000
82504 0.000000 0.000000 0.000000 1.000000
82505 0.000000 0.000000 0.000000 1.000000
82506 0.000000 0.000000 0.000000 1.000000
82507 0.000000 0.000000 0.000000 1.000000
82515 0.000000 0.000000 0.000000 1.000000
82516 0.000000 0.000000 0.000000 1.000000
82517 0.000000 0.000000 0.000000 1.000000
82518 0.000000 0.000000 0.000000 1.000000
82519 0.000000 0.000000 0.000000 1.000000
82520 0.000000 0.000000 0.000000 1.000000
82529 0.000000 0.000000 0.000000 1.000000
82530 0.000000 0.000000 0.000000 1.000000
82531 0.000000 0.000000 0.000000 1.000000
82532 0.000000 0.000000 0.000000 1.000000
82533 0.000000 0.000000 0.000000 1.000000
82541 0.000000 0.000000 0.000000 1.000000
82542 0.000000 0.000000 0.000000 1.000000
82543 0.000000 0.000000 0.000000 1.000000
82544 0.000000 0.000000 0.000000 1.000000
82545 0.000000 0.000000 0.000000 1.000000
82546 0.000000 0.000000 0.000000 1.000000
82547 0.000000 0.000000 0.000000 1.000000
82553 0.000000 0.000000 0.000000 1.000000
82554 0.000000 0.000000 0.000000 1.000000
82555 0.000000 0.000000 0.000000 1.000000
82556 0.000000 0.000000 0.000000 1.000000
82557 0.000000 0.000000 0.000000 1.000000
82558 0.000000 0.000000 0.000000 1.000000
82564 0.000000 0.000000 0.000000 1.000000
82565 0.000000 0.000000 0.000000 1.000000
82566 0.000000 0.000000 0.000000 1.000000
82567 0.000000 0.000000 0.000000 1.000000
82568 0.000000 0.000000 0.000000 1.000000
82569 0.000000 0.000000 0.000000 1.000000
82570 0.000000 0.000000 0.000000 1.000000
82571 0.000000 0.000000 0.000000 1.000000
82578 0.000000 0.000000 0.000000 1.000000
82579 0.000000 0.000000 0.000000 1.000000
82580 0.000000 0.000000 0.000000 1.000000
83572 0.000000 0.000000 0.000000 1.000000
83573 0.000000 0.000000 0.000000 1.000000
83574 0.000000 0.000000 0.000000 1.000000
83586 0.000000 0.000000 0.000000 1.000000
83587 0.000000 0.000000 0.000000 1.000000
83588 0.000000 0.000000 0.000000 1.000000
83589 0.000000 0.000000 0.000000 1.000000
83596 0.000000 0.000000 0.000000 1.000000
83597 0.000000 0.000000 0.000000 1.000000
83598 0.000000 0.000000 0.000000 1.000000
83608 0.000000 0.000000 0.000000 1.000000
83609 0.000000 0.000000 0.000000 1.000000
83610 0.000000 0.000000 0.000000 1.000000
83622 0.000000 0.000000 0.000000 1.000000
83623 0.000000 0.000000 0.000000 1.000000
83624 0.000000 0.000000 0.000000 1.000000
83625 0.000000 0.000000 0.000000 1.000000
83634 0.000000 0.000000 0.000000 1.000000
83635 0.000000 0.000000 0.000000 1.000000
83636 0.000000 0.000000 0.000000 1.000000
83637 0.000000 0.000000 0.000000 1.000000
83638 0.000000 0.000000 0.000000 1.000000
83646 0.000000 0.000000 0.000000 1.000000
83647 0.000000 0.000000 0.000000 1.000000
83648 0.000000 0.000000 0.000000 1.000000
83649 0.000000 0.000000 0.000000 1.000000
83650 0.000000 0.000000 0.000000 1.000000
83655 0.000000 0.000000 0.000000 1.000000
83656 0.000000 0.000000 0.000000 1.000000
83657 0.000000 0.000000 0.000000 1.000000
83658 0.000000 0.000000 0.000000 1.000000
83659 0.000000 0.000000 0.000000 1.000000
83660 0.000000 0.000000 0.000000 1.000000
83664 0.000000 0.000000 0.000000 1.000000
83665 0.000000 0.000000 0.000000 1.000000
83666 0.000000 0.000000 0.000000 1.000000
83667 0.000000 0.000000 0.000000 1.000000
83668 0.000000 0.000000 0.000000 1.000000
83669 0.000000 0.000000 0.000000 1.000000
83670 0.000000 0.000000 0.000000 1.000000
83675 0.000000 0.000000 0.000000 1.000000
83676 0.000000 0.000000 0.000000 1.000000
83677 0.000000 0.000000 0.000000 1.000000
83678 0.000000 0.000000 0.000000 1.000000
83679 0.000000 0.000000 0.000000 1.000000
83680 0.000000 0.000000 0.000000 1.000000
83681 0.000000 0.000000 0.000000 1.000000
83682 0.000000 0.000000 0.000000 1.000000
83683 0.000000 0.000000 0.000000 1.000000
83688 0.000000 0.000000 0.000000 1.000000
83689 0.000000 0.000000 0.000000 1.000000
83690 0.000000 0.000000 0.000000 1.000000
83691 0.000000 0.000000 0.000000 1.000000
83692 0.000000 0.000000 0.000000 1.000000
83693 0.000000 0.000000 0.000000 1.000000
83709 0.000000 0.000000 0.000000 1.000000
83710 0.000000 0.000000 0.000000 1.000000
83711 0.000000 0.000000 0.000000 1.000000
83712 0.000000 0.000000 0.000000 1.000000
83713 0.000000 0.000000 0.000000 1.000000
83714 0.000000 0.000000 0.000000 1.000000
84661 0.000000 0.000000 0.000000 1.000000
84662 0.000000 0.000000 0.000000 1.000000
84663 0.000000 0.000000 0.000000 1.000000
84664 0.000000 0.000000 0.000000 1.000000
84670 0.000000 0.000000 0.000000 1.000000
84671 0.000000 0.000000 0.000000 1.000000
84672 0.000000 0.000000 0.000000 1.000000
84673 0.000000 0.000000 0.000000 1.000000
84674 0.000000 0.000000 0.000000 1.000000
84682 0.000000 0.000000 0.000000 1.000000
84683 0.000000 0.000000 0.000000 1.000000
84684 0.000000 0.000000 0.000000 1.000000
84685 0.000000 0.000000 0.000000 1.000000
84686 0.000000 0.000000 0.000000 1.000000
84687 0.000000 0.000000 0.000000 1.000000
84700 0.000000 0.000000 0.000000 1.000000
84701 0.000000 0.000000 0.000000 1.000000
84702 0.000000 0.000000 0.000000 1.000000
84703 0.000000 0.000000 0.000000 1.000000
84704 0.000000 0.000000 0.000000 1.000000
84713 0.000000 0.000000 0.000000 1.000000
84714 0.000000 0.000000 0.000000 1.000000
84715 0.000000 0.000000 0.000000 1.000000
84716 0.000000 0.000000 0.000000 1.000000
84723 0.000000 0.000000 0.000000 1.000000
84724 0.000000 0.000000 0.000000 1.000000
84725 0.000000 0.000000 0.000000 1.000000
84726 0.000000 0.000000 0.000000 1.000000
84727 0.000000 0.000000 0.000000 1.000000
84734 0.000000 0.000000 0.000000 1.000000
84735 0.000000 0.000000 0.000000 1.000000
84736 0.000000 0.000000 0.000000 1.000000
84737 0.000000 0.000000 0.000000 1.000000
84738 0.000000 0.000000 0.000000 1.000000
84743 0.000000 0.000000 0.000000 1.000000
84744 0.000000 0.000000 0.000000 1.000000
84745 0.000000 0.000000 0.000000 1.000000
84746 0.000000 0.000000 0.000000 1.000000
84747 0.000000 0.000000 0.000000 1.000000
84748 0.000000 0.000000 0.000000 1.000000
84752 0.000000 0.000000 0.000000 1.000000
84753 0.000000 0.000000 0.000000 1.000000
84754 0.000000 0.000000 0.000000 1.000000
84755 0.000000 0.000000 0.000000 1.000000
84756 0.000000 0.000000 0.000000 1.000000
84757 0.000000 0.000000 0.000000 1.000000
84762 0.000000 0.000000 0.000000 1.000000
84763 0.000000 0.000000 0.000000 1.000000
84764 0.000000 0.000000 0.000000 1.000000
84765 0.000000 0.000000 0.000000 1.000000
84766 0.000000 0.000000 0.000000 1.000000
84767 0.000000 0.000000 0.000000 1.000000
84768 0.000000 0.000000 0.000000 1.000000
84769 0.000000 0.000000 0.000000 1.000000
84770 0.000000 0.000000 0.000000 1.000000
84776 0.000000 0.000000 0.000000 1.000000
84777 0.000000 0.000000 0.000000 1.000000
84778 0.000000 0.000000 0.000000 1.000000
84779 0.000000 0.000000 0.000000 1.000000
84780 0.000000 0.000000 0.000000 1.000000
84781 0.000000 0.000000 0.000000 1.000000
84782 0.000000 0.000000 0.000000 1.000000
84783 0.000000 0.000000 0.000000 1.000000
84784 0.000000 0.000000 0.000000 1.000000
84789 0.000000 0.000000 0.000000 1.000000
84790 0.000000 0.000000 0.000000 1.000000
84791 0.000000 0.000000 0.000000 1.000000
84792 0.000000 0.000000 0.000000 1.000000
84793 0.000000 0.000000 0.000000 1.000000
84794 0.000000 0.000000 0.000000 1.000000
84795 0.000000 0.000000 0.000000 1.000000
84796 0.000000 0.000000 0.000000 1.000000
84797 0.000000 0.000000 0.000000 1.000000
84804 0.000000 0.000000 0.000000 1.000000
84805 0.000000 0.000000 0.000000 1.000000
84806 0.000000 0.000000 0.000000 1.000000
84807 0.000000 0.000000 0.000000 1.000000
84808 0.000000 0.000000 0.000000 1.000000
84809 0.000000 0.000000 0.000000 1.000000
84810 0.000000 0.000000 0.000000 1.000000
84811 0.000000 0.000000 0.000000 1.000000
84815 0.000000 0.000000 0.000000 1.000000
84816 0.000000 0.000000 0.000000 1.000000
84817 0.000000 0.000000 0.000000 1.000000
84818 0.000000 0.000000 0.000000 1.000000
84819 0.000000 0.000000 0.000000 1.000000
84820 0.000000 0.000000 0.000000 1.000000
84821 0.000000 0.000000 0.000000 1.000000
84822 0.000000 0.000000 0.000000 1.000000
84823 0.000000 0.000000 0.000000 1.000000
84824 0.000000 0.000000 0.000000 1.000000
84825 0.000000 0.000000 0.000000 1.000000
84826 0.000000 0.000000 0.000000 1.000000
84827 0.000000 0.000000 0.000000 1.000000
84828 0.000000 0.000000 0.000000 1.000000
85780 0.000000 0.000000 0.000000 1.000000
85781 0.000000 0.000000 0.000000 1.000000
85786 0.000000 0.000000 0.000000 1.000000
85787 0.000000 0.000000 0.000000 1.000000
85791 0.000000 0.000000 0.000000 1.000000
85792 0.000000 0.000000 0.000000 1.000000
85793 0.000000 0.000000 0.000000 1.000000
85794 0.000000 0.000000 0.000000 1.000000
85795 0.000000 0.000000 0.000000 1.000000
85807 0.000000 0.000000 0.000000 1.000000
85808 0.000000 0.000000 0.000000 1.000000
85809 0.000000 0.000000 0.000000 1.000000
85810 0.000000 0.000000 0.000000 1.000000
85811 0.000000 0.000000 0.000000 1.000000
85812 0.000000 0.000000 0.000000 1.000000
85823 0.000000 0.000000 0.000000 1.000000
85824 0.000000 0.000000 0.000000 1.000000
85825 0.000000 0.000000 0.000000 1.000000
85826 0.000000 0.000000 0.000000 1.000000
85827 0.000000 0.000000 0.000000 1.000000
85833 0.000000 0.000000 0.000000 1.000000
85834 0.000000 0.000000 0.000000 1.000000
85835 0.000000 0.000000 0.000000 1.000000
85836 0.000000 0.000000 0.000000 1.000000
85837 0.000000 0.000000 0.000000 1.000000
85838 0.000000 0.000000 0.000000 1.000000
85839 0.000000 0.000000 0.000000 1.000000
85846 0.000000 0.000000 0.000000 1.000000
85847 0.000000 0.000000 0.000000 1.000000
85848 0.000000 0.000000 0.000000 1.000000
85849 0.000000 0.000000 0.000000 1.000000
85850 0.000000 0.000000 0.000000 1.000000
85851 0.000000 0.000000 0.000000 1.000000
85856 0.000000 0.000000 0.000000 1.000000
85857 0.000000 0.000000 0.000000 1.000000
85858 0.000000 0.000000 0.000000 1.000000
85859 0.000000 0.000000 0.000000 1.000000
85860 0.000000 0.000000 0.000000 1.000000
85861 0.000000 0.000000 0.000000 1.000000
85862 0.000000 0.000000 0.000000 1.000000
85866 0.000000 0.000000 0.000000 1.000000
85867 0.000000 0.000000 0.000000 1.000000
85868 0.000000 0.000000 0.000000 1.000000
85869 0.000000 0.000000 0.000000 1.000000
85870 0.000000 0.000000 0.000000 1.000000
85871 0.000000 0.000000 0.000000 1.000000
85876 0.000000 0.000000 0.000000 1.000000
85877 0.000000 0.000000 0.000000 1.000000
85878 0.000000 0.000000 0.000000 1.000000
85879 0.000000 0.000000 0.000000 1.000000
85880 0.000000 0.000000 0.000000 1.000000
85886 0.000000 0.000000 0.000000 1.000000
85887 0.000000 0.000000 0.000000 1.000000
85888 0.000000 0.000000 0.000000 1.000000
85889 0.000000 0.000000 0.000000 1.000000
85894 0.000000 0.000000 0.000000 1.000000
85895 0.000000 0.000000 0.000000 1.000000
85896 0.000000 0.000000 0.000000 1.000000
85897 0.000000 0.000000 0.000000 1.000000
85903 0.000000 0.000000 0.000000 1.000000
85904 0.000000 0.000000 0.000000 1.000000
85905 0.000000 0.000000 0.000000 1.000000
85906 0.000000 0.000000 0.000000 1.000000
85911 0.000000 0.000000 0.000000 1.000000
85912 0.000000 0.000000 0.000000 1.000000
85913 0.000000 0.000000 0.000000 1.000000
85914 0.000000 0.000000 0.000000 1.000000
85915 0.000000 0.000000 0.000000 1.000000
85916 0.000000 0.000000 0.000000 1.000000
85917 0.000000 0.000000 0.000000 1.000000
85918 0.000000 0.000000 0.000000 1.000000
85919 0.000000 0.000000 0.000000 1.000000
85920 0.000000 0.000000 0.000000 1.000000
85921 0.000000 0.000000 0.000000 1.000000
85922 0.000000 0.000000 0.000000 1.000000
85923 0.000000 0.000000 0.000000 1.000000
85924 0.000000 0.000000 0.000000 1.000000
85925 0.000000 0.000000 0.000000 1.000000
85926 0.000000 0.000000 0.000000 1.000000
85927 0.000000 0.000000 0.000000 1.000000
85928 0.000000 0.000000 0.000000 1.000000
85929 0.000000 0.000000 0.000000 1.000000
85930 0.000000 0.000000 0.000000 1.000000
85931 0.000000 0.000000 0.000000 1.000000
85932 0.000000 0.000000 0.000000 1.000000
85933 0.000000 0.000000 0.000000 1.000000
85934 0.000000 0.000000 0.000000 1.000000
85936 0.000000 0.000000 0.000000 1.000000
85937 0.000000 0.000000 0.000000 1.000000
85938 0.000000 0.000000 0.000000 1.000000
85939 0.000000 0.000000 0.000000 1.000000
85940 0.000000 0.000000 0.000000 1.000000
86838 0.000000 0.000000 0.000000 1.000000
86839 0.000000 0.000000 0.000000 1.000000
86849 0.000000 0.000000 0.000000 1.000000
86850 0.000000 0.000000 0.000000 1.000000
86855 0.000000 0.000000 0.000000 1.000000
86859 0.000000 0.000000 0.000000 1.000000
86870 0.000000 0.000000 0.000000 1.000000
86871 0.000000 0.000000 0.000000 1.000000
86884 0.000000 0.000000 0.000000 1.000000
86885 0.000000 0.000000 0.000000 1.000000
86895 0.000000 0.000000 0.000000 1.000000
86896 0.000000 0.000000 0.000000 1.000000
86897 0.000000 0.000000 0.000000 1.000000
86898 0.000000 0.000000 0.000000 1.000000
86899 0.000000 0.000000 0.000000 1.000000
86909 0.000000 0.000000 0.000000 1.000000
86910 0.000000 0.000000 0.000000 1.000000
86911 0.000000 0.000000 0.000000 1.000000
86912 0.000000 0.000000 0.000000 1.000000
86913 0.000000 0.000000 0.000000 1.000000
86914 0.000000 0.000000 0.000000 1.000000
86918 0.000000 0.000000 0.000000 1.000000
86919 0.000000 0.000000 0.000000 1.000000
86920 0.000000 0.000000 0.000000 1.000000
86921 0.000000 0.000000 0.000000 1.000000
86922 0.000000 0.000000 0.000000 1.000000
86923 0.000000 0.000000 0.000000 1.000000
86928 0.000000 0.000000 0.000000 1.000000
86929 0.000000 0.000000 0.000000 1.000000
86930 0.000000 0.000000 0.000000 1.000000
86931 0.000000 0.000000 0.000000 1.000000
86932 0.000000 0.000000 0.000000 1.000000
86933 0.000000 0.000000 0.000000 1.000000
86934 0.000000 0.000000 0.000000 1.000000
86939 0.000000 0.000000 0.000000 1.000000
86940 0.000000 0.000000 0.000000 1.000000
86941 0.000000 0.000000 0.000000 1.000000
86942 0.000000 0.000000 0.000000 1.000000
86943 0.000000 0.000000 0.000000 1.000000
86944 0.000000 0.000000 0.000000 1.000000
86945 0.000000 0.000000 0.000000 1.000000
86946 0.000000 0.000000 0.000000 1.000000
86951 0.000000 0.000000 0.000000 1.000000
86952 0.000000 0.000000 0.000000 1.000000
86953 0.000000 0.000000 0.000000 1.000000
86954 0.000000 0.000000 0.000000 1.000000
86955 0.000000 0.000000 0.000000 1.000000
86956 0.000000 0.000000 0.000000 1.000000
86957 0.000000 0.000000 0.000000 1.000000
86963 0.000000 0.000000 0.000000 1.000000
86964 0.000000 0.000000 0.000000 1.000000
86965 0.000000 0.000000 0.000000 1.000000
86966 0.000000 0.000000 0.000000 1.000000
86967 0.000000 0.000000 0.000000 1.000000
86973 0.000000 0.000000 0.000000 1.000000
86974 0.000000 0.000000 0.000000 1.000000
86975 0.000000 0.000000 0.000000 1.000000
86976 0.000000 0.000000 0.000000 1.000000
86977 0.000000 0.000000 0.000000 1.000000
86983 0.000000 0.000000 0.000000 1.000000
86984 0.000000 0.000000 0.000000 1.000000
86985 0.000000 0.000000 0.000000 1.000000
86986 0.000000 0.000000 0.000000 1.000000
86987 0.000000 0.000000 0.000000 1.000000
86992 0.000000 0.000000 0.000000 1.000000
86993 0.000000 0.000000 0.000000 1.000000
86994 0.000000 0.000000 0.000000 1.000000
86995 0.000000 0.000000 0.000000 1.000000
86996 0.000000 0.000000 0.000000 1.000000
86997 0.000000 0.000000 0.000000 1.000000
86998 0.000000 0.000000 0.000000 1.000000
87003 0.000000 0.000000 0.000000 1.000000
87004 0.000000 0.000000 0.000000 1.000000
87005 0.000000 0.000000 0.000000 1.000000
87006 0.000000 0.000000 0.000000 1.000000
87007 0.000000 0.000000 0.000000 1.000000
87008 0.000000 0.000000 0.000000 1.000000
87009 0.000000 0.000000 0.000000 1.000000
87010 0.000000 0.000000 0.000000 1.000000
87018 0.000000 0.000000 0.000000 1.000000
87019 0.000000 0.000000 0.000000 1.000000
87020 0.000000 0.000000 0.000000 1.000000
87021 0.000000 0.000000 0.000000 1.000000
87022 0.000000 0.000000 0.000000 1.000000
87023 0.000000 0.000000 0.000000 1.000000
87028 0.000000 0.000000 0.000000 1.000000
87858 0.000000 0.000000 0.000000 1.000000
87864 0.000000 0.000000 0.000000 1.000000
87865 0.000000 0.000000 0.000000 1.000000
87869 0.000000 0.000000 0.000000 1.000000
87870 0.000000 0.000000 0.000000 1.000000
87874 0.000000 0.000000 0.000000 1.000000
87875 0.000000 0.000000 0.000000 1.000000
87884 0.000000 0.000000 0.000000 1.000000
87885 0.000000 0.000000 0.000000 1.000000
87895 0.000000 0.000000 0.000000 1.000000
87896 0.000000 0.000000 0.000000 1.000000
87906 0.000000 0.000000 0.000000 1.000000
87907 0.000000 0.000000 0.000000 1.000000
87920 0.000000 0.000000 0.000000 1.000000
87921 0.000000 0.000000 0.000000 1.000000
87922 0.000000 0.000000 0.000000 1.000000
87929 0.000000 0.000000 0.000000 1.000000
87930 0.000000 0.000000 0.000000 1.000000
87938 0.000000 0.000000 0.000000 1.000000
87939 0.000000 0.000000 0.000000 1.000000
87940 0.000000 0.000000 0.000000 1.000000
87941 0.000000 0.000000 0.000000 1.000000
87948 0.000000 0.000000 0.000000 1.000000
87949 0.000000 0.000000 0.000000 1.000000
87950 0.000000 0.000000 0.000000 1.000000
87951 0.000000 0.000000 0.000000 1.000000
87952 0.000000 0.000000 0.000000 1.000000
87958 0.000000 0.000000 0.000000 1.000000
87959 0.000000 0.000000 0.000000 1.000000
87960 0.000000 0.000000 0.000000 1.000000
87961 0.000000 0.000000 0.000000 1.000000
87962 0.000000 0.000000 0.000000 1.000000
87963 0.000000 0.000000 0.000000 1.000000
87969 0.000000 0.000000 0.000000 1.000000
87970 0.000000 0.000000 0.000000 1.000000
87971 0.000000 0.000000 0.000000 1.000000
87972 0.000000 0.000000 0.000000 1.000000
87973 0.000000 0.000000 0.000000 1.000000
87974 0.000000 0.000000 0.000000 1.000000
87981 0.000000 0.000000 0.000000 1.000000
87982 0.000000 0.000000 0.000000 1.000000
87983 0.000000 0.000000 0.000000 1.000000
87984 0.000000 0.000000 0.000000 1.000000
87985 0.000000 0.000000 0.000000 1.000000
87986 0.000000 0.000000 0.000000 1.000000
87993 0.000000 0.000000 0.000000 1.000000
87994 0.000000 0.000000 0.000000 1.000000
87995 0.000000 0.000000 0.000000 1.000000
87996 0.000000 0.000000 0.000000 1.000000
87997 0.000000 0.000000 0.000000 1.000000
87998 0.000000 0.000000 0.000000 1.000000
88004 0.000000 0.000000 0.000000 1.000000
88005 0.000000 0.000000 0.000000 1.000000
88006 0.000000 0.000000 0.000000 1.000000
88007 0.000000 0.000000 0.000000 1.000000
88008 0.000000 0.000000 0.000000 1.000000
88009 0.000000 0.000000 0.000000 1.000000
88010 0.000000 0.000000 0.000000 1.000000
88017 0.000000 0.000000 0.000000 1.000000
88018 0.000000 0.000000 0.000000 1.000000
88019 0.000000 0.000000 0.000000 1.000000
88020 0.000000 0.000000 0.000000 1.000000
88021 0.000000 0.000000 0.000000 1.000000
88022 0.000000 0.000000 0.000000 1.000000
88023 0.000000 0.000000 0.000000 1.000000
88032 0.000000 0.000000 0.000000 1.000000
88033 0.000000 0.000000 0.000000 1.000000
88034 0.000000 0.000000 0.000000 1.000000
88035 0.000000 0.000000 0.000000 1.000000
88036 0.000000 0.000000 0.000000 1.000000
88037 0.000000 0.000000 0.000000 1.000000
88038 0.000000 0.000000 0.000000 1.000000
88043 0.000000 0.000000 0.000000 1.000000
88044 0.000000 0.000000 0.000000 1.000000
88045 0.000000 0.000000 0.000000 1.000000
88883 0.000000 0.000000 0.000000 1.000000
88884 0.000000 0.000000 0.000000 1.000000
88888 0.000000 0.000000 0.000000 1.000000
88889 0.000000 0.000000 0.000000 1.000000
88893 0.000000 0.000000 0.000000 1.000000
88897 0.000000 0.000000 0.000000 1.000000
88904 0.000000 0.000000 0.000000 1.000000
88910 0.000000 0.000000 0.000000 1.000000
88917 0.000000 0.000000 0.000000 1.000000
88918 0.000000 0.000000 0.000000 1.000000
88922 0.000000 0.000000 0.000000 1.000000
88923 0.000000 0.000000 0.000000 1.000000
88929 0.000000 0.000000 0.000000 1.000000
88930 0.000000 0.000000 0.000000 1.000000
88938 0.000000 0.000000 0.000000 1.000000
88939 0.000000 0.000000 0.000000 1.000000
88940 0.000000 0.000000 0.000000 1.000000
88949 0.000000 0.000000 0.000000 1.000000
88950 0.000000 0.000000 0.000000 1.000000
88951 0.000000 0.000000 0.000000 1.000000
88952 0.000000 0.000000 0.000000 1.000000
88959 0.000000 0.000000 0.000000 1.000000
88960 0.000000 0.000000 0.000000 1.000000
88961 0.000000 0.000000 0.000000 1.000000
88962 0.000000 0.000000 0.000000 1.000000
88963 0.000000 0.000000 0.000000 1.000000
88969 0.000000 0.000000 0.000000 1.000000
88970 0.000000 0.000000 0.000000 1.000000
88971 0.000000 0.000000 0.000000 1.000000
88972 0.000000 0.000000 0.000000 1.000000
88973 0.000000 0.000000 0.000000 1.000000
88980 0.000000 0.000000 0.000000 1.000000
88981 0.000000 0.000000 0.000000 1.000000
88982 0.000000 0.000000 0.000000 1.000000
88983 0.000000 0.000000 0.000000 1.000000
88984 0.000000 0.000000 0.000000 1.000000
88992 0.000000 0.000000 0.000000 1.000000
88993 0.000000 0.000000 0.000000 1.000000
88994 0.000000 0.000000 0.000000 1.000000
88995 0.000000 0.000000 0.000000 1.000000
88996 0.000000 0.000000 0.000000 1.000000
89004 0.000000 0.000000 0.000000 1.000000
89005 0.000000 0.000000 0.000000 1.000000
89006 0.000000 0.000000 0.000000 1.000000
89007 0.000000 0.000000 0.000000 1.000000
89008 0.000000 0.000000 0.000000 1.000000
89009 0.000000 0.000000 0.000000 1.000000
89018 0.000000 0.000000 0.000000 1.000000
89019 0.000000 0.000000 0.000000 1.000000
89020 0.000000 0.000000 0.000000 1.000000
89021 0.000000 0.000000 0.000000 1.000000
89022 0.000000 0.000000 0.000000 1.000000
89023 0.000000 0.000000 0.000000 1.000000
89028 0.000000 0.000000 0.000000 1.000000
89895 0.000000 0.000000 0.000000 1.000000
89899 0.000000 0.000000 0.000000 1.000000
89900 0.000000 0.000000 0.000000 1.000000
89907 0.000000 0.000000 0.000000 1.000000
89908 0.000000 0.000000 0.000000 1.000000
89917 0.000000 0.000000 0.000000 1.000000
89918 0.000000 0.000000 0.000000 1.000000
89925 0.000000 0.000000 0.000000 1.000000
89926 0.000000 0.000000 0.000000 1.000000
89927 0.000000 0.000000 0.000000 1.000000
89931 0.000000 0.000000 0.000000 1.000000
89932 0.000000 0.000000 0.000000 1.000000
89933 0.000000 0.000000 0.000000 1.000000
89935 0.000000 0.000000 0.000000 1.000000
89936 0.000000 0.000000 0.000000 1.000000
89937 0.000000 0.000000 0.000000 1.000000
89939 0.000000 0.000000 0.000000 1.000000
89940 0.000000 0.000000 0.000000 1.000000
89941 0.000000 0.000000 0.000000 1.000000
89948 0.000000 0.000000 0.000000 1.000000
89949 0.000000 0.000000 0.000000 1.000000
89950 0.000000 0.000000 0.000000 1.000000
89957 0.000000 0.000000 0.000000 1.000000
89958 0.000000 0.000000 0.000000 1.000000
89959 0.000000 0.000000 0.000000 1.000000
89966 0.000000 0.000000 0.000000 1.000000
89967 0.000000 0.000000 0.000000 1.000000
89968 0.000000 0.000000 0.000000 1.000000
89976 0.000000 0.000000 0.000000 1.000000
89977 0.000000 0.000000 0.000000 1.000000
89984 0.000000 0.000000 0.000000 1.000000
89985 0.000000 0.000000 0.000000 1.000000
89989 0.000000 0.000000 0.000000 1.000000
89990 0.000000 0.000000 0.000000 1.000000
89991 0.000000 0.000000 0.000000 1.000000
89992 0.000000 0.000000 0.000000 1.000000
89993 0.000000 0.000000 0.000000 1.000000
89997 0.000000 0.000000 0.000000 1.000000
89998 0.000000 0.000000 0.000000 1.000000
89999 0.000000 0.000000 0.000000 1.000000
90000 0.000000 0.000000 0.000000 1.000000
90001 0.000000 0.000000 0.000000 1.000000
90002 0.000000 0.000000 0.000000 1.000000
90003 0.000000 0.000000 0.000000 1.000000
90004 0.000000 0.000000 0.000000 1.000000
90913 0.000000 0.000000 0.000000 1.000000
90914 0.000000 0.000000 0.000000 1.000000
90917 0.000000 0.000000 0.000000 1.000000
90918 0.000000 0.000000 0.000000 1.000000
90919 0.000000 0.000000 0.000000 1.000000
90921 0.000000 0.000000 0.000000 1.000000
90922 0.000000 0.000000 0.000000 1.000000
90930 0.000000 0.000000 0.000000 1.000000
90931 0.000000 0.000000 0.000000 1.000000
90940 0.000000 0.000000 0.000000 1.000000
90941 0.000000 0.000000 0.000000 1.000000
90942 0.000000 0.000000 0.000000 1.000000
90948 0.000000 0.000000 0.000000 1.000000
90949 0.000000 0.000000 0.000000 1.000000
90952 0.000000 0.000000 0.000000 1.000000
90953 0.000000 0.000000 0.000000 1.000000
90956 0.000000 0.000000 0.000000 1.000000
90957 0.000000 0.000000 0.000000 1.000000
90958 0.000000 0.000000 0.000000 1.000000
90961 0.000000 0.000000 0.000000 1.000000
90962 0.000000 0.000000 0.000000 1.000000
90963 0.000000 0.000000 0.000000 1.000000
90965 0.000000 0.000000 0.000000 1.000000
90966 0.000000 0.000000 0.000000 1.000000
90967 0.000000 0.000000 0.000000 1.000000
90969 0.000000 0.000000 0.000000 1.000000
90970 0.000000 0.000000 0.000000 1.000000
90971 0.000000 0.000000 0.000000 1.000000
90972 0.000000 0.000000 0.000000 1.000000
90974 0.000000 0.000000 0.000000 1.000000
90975 0.000000 0.000000 0.000000 1.000000
90976 0.000000 0.000000 0.000000 1.000000
90978 0.000000 0.000000 0.000000 1.000000
90979 0.000000 0.000000 0.000000 1.000000
90980 0.000000 0.000000 0.000000 1.000000
90983 0.000000 0.000000 0.000000 1.000000
90984 0.000000 0.000000 0.000000 1.000000
90985 0.000000 0.000000 0.000000 1.000000
90986 0.000000 0.000000 0.000000 1.000000
90987 0.000000 0.000000 0.000000 1.000000
90990 0.000000 0.000000 0.000000 1.000000
90991 0.000000 0.000000 0.000000 1.000000
90992 0.000000 0.000000 0.000000 1.000000
90993 0.000000 0.000000 0.000000 1.000000
90994 0.000000 0.000000 0.000000 1.000000
90995 0.000000 0.000000 0.000000 1.000000
90996 0.000000 0.000000 0.000000 1.000000
90997 0.000000 0.000000 0.000000 1.000000
91934 0.000000 0.000000 0.000000 1.000000
91939 0.000000 0.000000 0.000000 1.000000
91940 0.000000 0.000000 0.000000 1.000000
91942 0.000000 0.000000 0.000000 1.000000
91943 0.000000 0.000000 0.000000 1.000000
91949 0.000000 0.000000 0.000000 1.000000
91950 0.000000 0.000000 0.000000 1.000000
91959 0.000000 0.000000 0.000000 1.000000
91960 0.000000 0.000000 0.000000 1.000000
91967 0.000000 0.000000 0.000000 1.000000
91968 0.000000 0.000000 0.000000 1.000000
91972 0.000000 0.000000 0.000000 1.000000
91973 0.000000 0.000000 0.000000 1.000000
91975 0.000000 0.000000 0.000000 1.000000
91976 0.000000 0.000000 0.000000 1.000000
91977 0.000000 0.000000 0.000000 1.000000
91979 0.000000 0.000000 0.000000 1.000000
91980 0.000000 0.000000 0.000000 1.000000
91982 0.000000 0.000000 0.000000 1.000000
91983 0.000000 0.000000 0.000000 1.000000
91985 0.000000 0.000000 0.000000 1.000000
91986 0.000000 0.000000 0.000000 1.000000
91987 0.000000 0.000000 0.000000 1.000000
91989 0.000000 0.000000 0.000000 1.000000
91990 0.000000 0.000000 0.000000 1.000000
91991 0.000000 0.000000 0.000000 1.000000
91993 0.000000 0.000000 0.000000 1.000000
91994 0.000000 0.000000 0.000000 1.000000
91995 0.000000 0.000000 0.000000 1.000000
91996 0.000000 0.000000 0.000000 1.000000
91999 0.000000 0.000000 0.000000 1.000000
92000 0.000000 0.000000 0.000000 1.000000
92001 0.000000 0.000000 0.000000 1.000000
92002 0.000000 0.000000 0.000000 1.000000
92003 0.000000 0.000000 0.000000 1.000000
92004 0.000000 0.000000 0.000000 1.000000
92005 0.000000 0.000000 0.000000 1.000000
92009 0.000000 0.000000 0.000000 1.000000
92010 0.000000 0.000000 0.000000 1.000000
92011 0.000000 0.000000 0.000000 1.000000
92012 0.000000 0.000000 0.000000 1.000000
92013 0.000000 0.000000 0.000000 1.000000
92014 0.000000 0.000000 0.000000 1.000000
92930 0.000000 0.000000 0.000000 1.000000
92935 0.000000 0.000000 0.000000 1.000000
92938 0.000000 0.000000 0.000000 1.000000
92945 0.000000 0.000000 0.000000 1.000000
92954 0.000000 0.000000 0.000000 1.000000
92955 0.000000 0.000000 0.000000 1.000000
92961 0.000000 0.000000 0.000000 1.000000
92966 0.000000 0.000000 0.000000 1.000000
92967 0.000000 0.000000 0.000000 1.000000
92970 0.000000 0.000000 0.000000 1.000000
92973 0.000000 0.000000 0.000000 1.000000
92976 0.000000 0.000000 0.000000 1.000000
92977 0.000000 0.000000 0.000000 1.000000
92980 0.000000 0.000000 0.000000 1.000000
92981 0.000000 0.000000 0.000000 1.000000
92982 0.000000 0.000000 0.000000 1.000000
92985 0.000000 0.000000 0.000000 1.000000
92986 0.000000 0.000000 0.000000 1.000000
92987 0.000000 0.000000 0.000000 1.000000
92988 0.000000 0.000000 0.000000 1.000000
92989 0.000000 0.000000 0.000000 1.000000
92992 0.000000 0.000000 0.000000 1.000000
92993 0.000000 0.000000 0.000000 1.000000
92994 0.000000 0.000000 0.000000 1.000000
92995 0.000000 0.000000 0.000000 1.000000
92996 0.000000 0.000000 0.000000 1.000000
93000 0.000000 0.000000 0.000000 1.000000
93001 0.000000 0.000000 0.000000 1.000000
94036 0.000000 0.000000 0.000000 1.000000
94042 0.000000 0.000000 0.000000 1.000000
94046 0.000000 0.000000 0.000000 1.000000
94047 0.000000 0.000000 0.000000 1.000000
94056 0.000000 0.000000 0.000000 1.000000
94057 0.000000 0.000000 0.000000 1.000000
94065 0.000000 0.000000 0.000000 1.000000
94066 0.000000 0.000000 0.000000 1.000000
94067 0.000000 0.000000 0.000000 1.000000
94073 0.000000 0.000000 0.000000 1.000000
94074 0.000000 0.000000 0.000000 1.000000
94075 0.000000 0.000000 0.000000 1.000000
94077 0.000000 0.000000 0.000000 1.000000
94078 0.000000 0.000000 0.000000 1.000000
94080 0.000000 0.000000 0.000000 1.000000
94081 0.000000 0.000000 0.000000 1.000000
94083 0.000000 0.000000 0.000000 1.000000
94084 0.000000 0.000000 0.000000 1.000000
94087 0.000000 0.000000 0.000000 1.000000
94088 0.000000 0.000000 0.000000 1.000000
94089 0.000000 0.000000 0.000000 1.000000
94090 0.000000 0.000000 0.000000 1.000000
94091 0.000000 0.000000 0.000000 1.000000
94094 0.000000 0.000000 0.000000 1.000000
94095 0.000000 0.000000 0.000000 1.000000
94096 0.000000 0.000000 0.000000 1.000000
94097 0.000000 0.000000 0.000000 1.000000
94098 0.000000 0.000000 0.000000 1.000000
94101 0.000000 0.000000 0.000000 1.000000
94102 0.000000 0.000000 0.000000 1.000000
94103 0.000000 0.000000 0.000000 1.000000
94104 0.000000 0.000000 0.000000 1.000000
94108 0.000000 0.000000 0.000000 1.000000
94109 0.000000 0.000000 0.000000 1.000000
94110 0.000000 0.000000 0.000000 1.000000
94114 0.000000 0.000000 0.000000 1.000000
94115 0.000000 0.000000 0.000000 1.000000
95143 0.000000 0.000000 0.000000 1.000000
95144 0.000000 0.000000 0.000000 1.000000
95145 0.000000 0.000000 0.000000 1.000000
95146 0.000000 0.000000 0.000000 1.000000
95153 0.000000 0.000000 0.000000 1.000000
95154 0.000000 0.000000 0.000000 1.000000
95155 0.000000 0.000000 0.000000 1.000000
95156 0.000000 0.000000 0.000000 1.000000
95157 0.000000 0.000000 0.000000 1.000000
95158 0.000000 0.000000 0.000000 1.000000
95169 0.000000 0.000000 0.000000 1.000000
95170 0.000000 0.000000 0.000000 1.000000
95171 0.000000 0.000000 0.000000 1.000000
95172 0.000000 0.000000 0.000000 1.000000
95173 0.000000 0.000000 0.000000 1.000000
95174 0.000000 0.000000 0.000000 1.000000
95175 0.000000 0.000000 0.000000 1.000000
95176 0.000000 0.000000 0.000000 1.000000
95187 0.000000 0.000000 0.000000 1.000000
95188 0.000000 0.000000 0.000000 1.000000
95189 0.000000 0.000000 0.000000 1.000000
95190 0.000000 0.000000 0.000000 1.000000
95191 0.000000 0.000000 0.000000 1.000000
95192 0.000000 0.000000 0.000000 1.000000
95193 0.000000 0.000000 0.000000 1.000000
95194 0.000000 0.000000 0.000000 1.000000
95202 0.000000 0.000000 0.000000 1.000000
95203 0.000000 0.000000 0.000000 1.000000
95204 0.000000 0.000000 0.000000 1.000000
95205 0.000000 0.000000 0.000000 1.000000
95206 0.000000 0.000000 0.000000 1.000000
95207 0.000000 0.000000 0.000000 1.000000
95210 0.000000 0.000000 0.000000 1.000000
95211 0.000000 0.000000 0.000000 1.000000
95214 0.000000 0.000000 0.000000 1.000000
95217 0.000000 0.000000 0.000000 1.000000
95218 0.000000 0.000000 0.000000 1.000000
95219 0.000000 0.000000 0.000000 1.000000
95220 0.000000 0.000000 0.000000 1.000000
95221 0.000000 0.000000 0.000000 1.000000
95222 0.000000 0.000000 0.000000 1.000000
95225 0.000000 0.000000 0.000000 1.000000
95226 0.000000 0.000000 0.000000 1.000000
95227 0.000000 0.000000 0.000000 1.000000
95230 0.000000 0.000000 0.000000 1.000000
95231 0.000000 0.000000 0.000000 1.000000
95234 0.000000 0.000000 0.000000 1.000000
95235 0.000000 0.000000 0.000000 1.000000
95239 0.000000 0.000000 0.000000 1.000000
96196 0.000000 0.000000 0.000000 1.000000
96210 0.000000 0.000000 0.000000 1.000000
96211 0.000000 0.000000 0.000000 1.000000
96212 0.000000 0.000000 0.000000 1.000000
96213 0.000000 0.000000 0.000000 1.000000
96214 0.000000 0.000000 0.000000 1.000000
96215 0.000000 0.000000 0.000000 1.000000
96216 0.000000 0.000000 0.000000 1.000000
96228 0.000000 0.000000 0.000000 1.000000
96229 0.000000 0.000000 0.000000 1.000000
96230 0.000000 0.000000 0.000000 1.000000
96231 0.000000 0.000000 0.000000 1.000000
96232 0.000000 0.000000 0.000000 1.000000
96233 0.000000 0.000000 0.000000 1.000000
96234 0.000000 0.000000 0.000000 1.000000
96242 0.000000 0.000000 0.000000 1.000000
96243 0.000000 0.000000 0.000000 1.000000
96244 0.000000 0.000000 0.000000 1.000000
96245 0.000000 0.000000 0.000000 1.000000
96246 0.000000 0.000000 0.000000 1.000000
96247 0.000000 0.000000 0.000000 1.000000
96248 0.000000 0.000000 0.000000 1.000000
96255 0.000000 0.000000 0.000000 1.000000
96256 0.000000 0.000000 0.000000 1.000000
96257 0.000000 0.000000 0.000000 1.000000
96258 0.000000 0.000000 0.000000 1.000000
96259 0.000000 0.000000 0.000000 1.000000
96260 0.000000 0.000000 0.000000 1.000000
96261 0.000000 0.000000 0.000000 1.000000
96262 0.000000 0.000000 0.000000 1.000000
96269 0.000000 0.000000 0.000000 1.000000
96270 0.000000 0.000000 0.000000 1.000000
96271 0.000000 0.000000 0.000000 1.000000
96272 0.000000 0.000000 0.000000 1.000000
96273 0.000000 0.000000 0.000000 1.000000
96274 0.000000 0.000000 0.000000 1.000000
96275 0.000000 0.000000 0.000000 1.000000
96276 0.000000 0.000000 0.000000 1.000000
96277 0.000000 0.000000 0.000000 1.000000
96284 0.000000 0.000000 0.000000 1.000000
96285 0.000000 0.000000 0.000000 1.000000
96286 0.000000 0.000000 0.000000 1.000000
96287 0.000000 0.000000 0.000000 1.000000
96288 0.000000 0.000000 0.000000 1.000000
96289 0.000000 0.000000 0.000000 1.000000
96290 0.000000 0.000000 0.000000 1.000000
96291 0.000000 0.000000 0.000000 1.000000
96294 0.000000 0.000000 0.000000 1.000000
96295 0.000000 0.000000 0.000000 1.000000
96296 0.000000 0.000000 0.000000 1.000000
96297 0.000000 0.000000 0.000000 1.000000
96298 0.000000 0.000000 0.000000 1.000000
96299 0.000000 0.000000 0.000000 1.000000
96300 0.000000 0.000000 0.000000 1.000000
96303 0.000000 0.000000 0.000000 1.000000
96304 0.000000 0.000000 0.000000 1.000000
96305 0.000000 0.000000 0.000000 1.000000
96306 0.000000 0.000000 0.000000 1.000000
96307 0.000000 0.000000 0.000000 1.000000
96308 0.000000 0.000000 0.000000 1.000000
96309 0.000000 0.000000 0.000000 1.000000
96312 0.000000 0.000000 0.000000 1.000000
96313 0.000000 0.000000 0.000000 1.000000
96314 0.000000 0.000000 0.000000 1.000000
96317 0.000000 0.000000 0.000000 1.000000
96318 0.000000 0.000000 0.000000 1.000000
96319 0.000000 0.000000 0.000000 1.000000
96322 0.000000 0.000000 0.000000 1.000000
96323 0.000000 0.000000 0.000000 1.000000
96324 0.000000 0.000000 0.000000 1.000000
96328 0.000000 0.000000 0.000000 1.000000
97348 0.000000 0.000000 0.000000 1.000000
97349 0.000000 0.000000 0.000000 1.000000
97350 0.000000 0.000000 0.000000 1.000000
97361 0.000000 0.000000 0.000000 1.000000
97362 0.000000 0.000000 0.000000 1.000000
97363 0.000000 0.000000 0.000000 1.000000
97364 0.000000 0.000000 0.000000 1.000000
97365 0.000000 0.000000 0.000000 1.000000
97366 0.000000 0.000000 0.000000 1.000000
97367 0.000000 0.000000 0.000000 1.000000
97378 0.000000 0.000000 0.000000 1.000000
97379 0.000000 0.000000 0.000000 1.000000
97380 0.000000 0.000000 0.000000 1.000000
97389 0.000000 0.000000 0.000000 1.000000
97390 0.000000 0.000000 0.000000 1.000000
97391 0.000000 0.000000 0.000000 1.000000
97394 0.000000 0.000000 0.000000 1.000000
97395 0.000000 0.000000 0.000000 1.000000
97396 0.000000 0.000000 0.000000 1.000000
97398 0.000000 0.000000 0.000000 1.000000
97399 0.000000 0.000000 0.000000 1.000000
97400 0.000000 0.000000 0.000000 1.000000
97406 0.000000 0.000000 0.000000 1.000000
97407 0.000000 0.000000 0.000000 1.000000
97408 0.000000 0.000000 0.000000 1.000000
97409 0.000000 0.000000 0.000000 1.000000
97410 0.000000 0.000000 0.000000 1.000000
97411 0.000000 0.000000 0.000000 1.000000
97417 0.000000 0.000000 0.000000 1.000000
97418 0.000000 0.000000 0.000000 1.000000
97419 0.000000 0.000000 0.000000 1.000000
97420 0.000000 0.000000 0.000000 1.000000
97421 0.000000 0.000000 0.000000 1.000000
97426 0.000000 0.000000 0.000000 1.000000
97427 0.000000 0.000000 0.000000 1.000000
97428 0.000000 0.000000 0.000000 1.000000
97429 0.000000 0.000000 0.000000 1.000000
97430 0.000000 0.000000 0.000000 1.000000
97433 0.000000 0.000000 0.000000 1.000000
97434 0.000000 0.000000 0.000000 1.000000
97435 0.000000 0.000000 0.000000 1.000000
97439 0.000000 0.000000 0.000000 1.000000
97440 0.000000 0.000000 0.000000 1.000000
97441 0.000000 0.000000 0.000000 1.000000
97444 0.000000 0.000000 0.000000 1.000000
97445 0.000000 0.000000 0.000000 1.000000
98444 0.000000 0.000000 0.000000 1.000000
98445 0.000000 0.000000 0.000000 1.000000
98446 0.000000 0.000000 0.000000 1.000000
98456 0.000000 0.000000 0.000000 1.000000
98457 0.000000 0.000000 0.000000 1.000000
98458 0.000000 0.000000 0.000000 1.000000
98459 0.000000 0.000000 0.000000 1.000000
98460 0.000000 0.000000 0.000000 1.000000
98461 0.000000 0.000000 0.000000 1.000000
98468 0.000000 0.000000 0.000000 1.000000
98469 0.000000 0.000000 0.000000 1.000000
98470 0.000000 0.000000 0.000000 1.000000
98477 0.000000 0.000000 0.000000 1.000000
98478 0.000000 0.000000 0.000000 1.000000
98479 0.000000 0.000000 0.000000 1.000000
98482 0.000000 0.000000 0.000000 1.000000
98483 0.000000 0.000000 0.000000 1.000000
98484 0.000000 0.000000 0.000000 1.000000
98486 0.000000 0.000000 0.000000 1.000000
98487 0.000000 0.000000 0.000000 1.000000
98488 0.000000 0.000000 0.000000 1.000000
98490 0.000000 0.000000 0.000000 1.000000
98491 0.000000 0.000000 0.000000 1.000000
98492 0.000000 0.000000 0.000000 1.000000
98493 0.000000 0.000000 0.000000 1.000000
98499 0.000000 0.000000 0.000000 1.000000
98500 0.000000 0.000000 0.000000 1.000000
98501 0.000000 0.000000 0.000000 1.000000
98502 0.000000 0.000000 0.000000 1.000000
98508 0.000000 0.000000 0.000000 1.000000
98509 0.000000 0.000000 0.000000 1.000000
98510 0.000000 0.000000 0.000000 1.000000
98511 0.000000 0.000000 0.000000 1.000000
98517 0.000000 0.000000 0.000000 1.000000
98518 0.000000 0.000000 0.000000 1.000000
98519 0.000000 0.000000 0.000000 1.000000
98524 0.000000 0.000000 0.000000 1.000000
98525 0.000000 0.000000 0.000000 1.000000
98530 0.000000 0.000000 0.000000 1.000000
99413 0.000000 0.000000 0.000000 1.000000
99414 0.000000 0.000000 0.000000 1.000000
99427 0.000000 0.000000 0.000000 1.000000
99428 0.000000 0.000000 0.000000 1.000000
99429 0.000000 0.000000 0.000000 1.000000
99430 0.000000 0.000000 0.000000 1.000000
99431 0.000000 0.000000 0.000000 1.000000
99432 0.000000 0.000000 0.000000 1.000000
99441 0.000000 0.000000 0.000000 1.000000
99442 0.000000 0.000000 0.000000 1.000000
99443 0.000000 0.000000 0.000000 1.000000
99451 0.000000 0.000000 0.000000 1.000000
99452 0.000000 0.000000 0.000000 1.000000
99453 0.000000 0.000000 0.000000 1.000000
99456 0.000000 0.000000 0.000000 1.000000
99457 0.000000 0.000000 0.000000 1.000000
99458 0.000000 0.000000 0.000000 1.000000
99461 0.000000 0.000000 0.000000 1.000000
99462 0.000000 0.000000 0.000000 1.000000
99463 0.000000 0.000000 0.000000 1.000000
99465 0.000000 0.000000 0.000000 1.000000
99466 0.000000 0.000000 0.000000 1.000000
99469 0.000000 0.000000 0.000000 1.000000
99470 0.000000 0.000000 0.000000 1.000000
99474 0.000000 0.000000 0.000000 1.000000
99475 0.000000 0.000000 0.000000 1.000000
99480 0.000000 0.000000 0.000000 1.000000
100294 0.000000 0.000000 0.000000 1.000000
100295 0.000000 0.000000 0.000000 1.000000
100296 0.000000 0.000000 0.000000 1.000000
100297 0.000000 0.000000 0.000000 1.000000
100298 0.000000 0.000000 0.000000 1.000000
100312 0.000000 0.000000 0.000000 1.000000
100313 0.000000 0.000000 0.000000 1.000000
100314 0.000000 0.000000 0.000000 1.000000
100315 0.000000 0.000000 0.000000 1.000000
100327 0.000000 0.000000 0.000000 1.000000
100328 0.000000 0.000000 0.000000 1.000000
100329 0.000000 0.000000 0.000000 1.000000
100337 0.000000 0.000000 0.000000 1.000000
100338 0.000000 0.000000 0.000000 1.000000
100341 0.000000 0.000000 0.000000 1.000000
100342 0.000000 0.000000 0.000000 1.000000
101068 0.000000 0.000000 0.000000 1.000000
101069 0.000000 0.000000 0.000000 1.000000
101070 0.000000 0.000000 0.000000 1.000000
101071 0.000000 0.000000 0.000000 1.000000
101083 0.000000 0.000000 0.000000 1.000000
101084 0.000000 0.000000 0.000000 1.000000
101085 0.000000 0.000000 0.000000 1.000000
101086 0.000000 0.000000 0.000000 1.000000
101087 0.000000 0.000000 0.000000 1.000000
101088 0.000000 0.000000 0.000000 1.000000
101089 0.000000 0.000000 0.000000 1.000000
101098 0.000000 0.000000 0.000000 1.000000
101099 0.000000 0.000000 0.000000 1.000000
101100 0.000000 0.000000 0.000000 1.000000
101111 0.000000 0.000000 0.000000 1.000000
101844 0.000000 0.000000 0.000000 1.000000
101845 0.000000 0.000000 0.000000 1.000000
101846 0.000000 0.000000 0.000000 1.000000
101847 0.000000 0.000000 0.000000 1.000000
101848 0.000000 0.000000 0.000000 1.000000
101849 0.000000 0.000000 0.000000 1.000000
101850 0.000000 0.000000 0.000000 1.000000
101859 0.000000 0.000000 0.000000 1.000000
101860 0.000000 0.000000 0.000000 1.000000
101861 0.000000 0.000000 0.000000 1.000000
102554 0.000000 0.000000 0.000000 1.000000
102555 0.000000 0.000000 0.000000 1.000000
102556 0.000000 0.000000 0.000000 1.000000
102557 0.000000 0.000000 0.000000 1.000000
102558 0.000000 0.000000 0.000000 1.000000
102571 0.000000 0.000000 0.000000 1.000000
