#
863
107724 0.000000 0.000000 0.000000 1.000000
107727 0.000000 0.000000 0.000000 1.000000
108491 0.000000 0.000000 0.000000 1.000000
108492 0.000000 0.000000 0.000000 1.000000
108494 0.000000 0.000000 0.000000 1.000000
108495 0.000000 0.000000 0.000000 1.000000
108498 0.000000 0.000000 0.000000 1.000000
108499 0.000000 0.000000 0.000000 1.000000
108507 0.000000 0.000000 0.000000 1.000000
108509 0.000000 0.000000 0.000000 1.000000
108512 0.000000 0.000000 0.000000 1.000000
108520 0.000000 0.000000 0.000000 1.000000
108521 0.000000 0.000000 0.000000 1.000000
108529 0.000000 0.000000 0.000000 1.000000
108530 0.000000 0.000000 0.000000 1.000000
108603 0.000000 0.000000 0.000000 1.000000
109237 0.000000 0.000000 0.000000 1.000000
109239 0.000000 0.000000 0.000000 1.000000
109240 0.000000 0.000000 0.000000 1.000000
109243 0.000000 0.000000 0.000000 1.000000
109244 0.000000 0.000000 0.000000 1.000000
109247 0.000000 0.000000 0.000000 1.000000
109250 0.000000 0.000000 0.000000 1.000000
109253 0.000000 0.000000 0.000000 1.000000
109255 0.000000 0.000000 0.000000 1.000000
109257 0.000000 0.000000 0.000000 1.000000
109262 0.000000 0.000000 0.000000 1.000000
109263 0.000000 0.000000 0.000000 1.000000
109271 0.000000 0.000000 0.000000 1.000000
109272 0.000000 0.000000 0.000000 1.000000
109294 0.000000 0.000000 0.000000 1.000000
109304 0.000000 0.000000 0.000000 1.000000
109305 0.000000 0.000000 0.000000 1.000000
109306 0.000000 0.000000 0.000000 1.000000
109316 0.000000 0.000000 0.000000 1.000000
109317 0.000000 0.000000 0.000000 1.000000
109318 0.000000 0.000000 0.000000 1.000000
109328 0.000000 0.000000 0.000000 1.000000
109329 0.000000 0.000000 0.000000 1.000000
109339 0.000000 0.000000 0.000000 1.000000
109977 0.000000 0.000000 0.000000 1.000000
109980 0.000000 0.000000 0.000000 1.000000
109981 0.000000 0.000000 0.000000 1.000000
109985 0.000000 0.000000 0.000000 1.000000
109986 0.000000 0.000000 0.000000 1.000000
109988 0.000000 0.000000 0.000000 1.000000
109989 0.000000 0.000000 0.000000 1.000000
109991 0.000000 0.000000 0.000000 1.000000
109994 0.000000 0.000000 0.000000 1.000000
109996 0.000000 0.000000 0.000000 1.000000
109999 0.000000 0.000000 0.000000 1.000000
110001 0.000000 0.000000 0.000000 1.000000
110003 0.000000 0.000000 0.000000 1.000000
110004 0.000000 0.000000 0.000000 1.000000
110006 0.000000 0.000000 0.000000 1.000000
110007 0.000000 0.000000 0.000000 1.000000
110008 0.000000 0.000000 0.000000 1.000000
110015 0.000000 0.000000 0.000000 1.000000
110016 0.000000 0.000000 0.000000 1.000000
110017 0.000000 0.000000 0.000000 1.000000
110018 0.000000 0.000000 0.000000 1.000000
110019 0.000000 0.000000 0.000000 1.000000
110026 0.000000 0.000000 0.000000 1.000000
110027 0.000000 0.000000 0.000000 1.000000
110032 0.000000 0.000000 0.000000 1.000000
110033 0.000000 0.000000 0.000000 1.000000
110037 0.000000 0.000000 0.000000 1.000000
110038 0.000000 0.000000 0.000000 1.000000
110046 0.000000 0.000000 0.000000 1.000000
110047 0.000000 0.000000 0.000000 1.000000
110048 0.000000 0.000000 0.000000 1.000000
110058 0.000000 0.000000 0.000000 1.000000
110059 0.000000 0.000000 0.000000 1.000000
110060 0.000000 0.000000 0.000000 1.000000
110069 0.000000 0.000000 0.000000 1.000000
110070 0.000000 0.000000 0.000000 1.000000
110071 0.000000 0.000000 0.000000 1.000000
110083 0.000000 0.000000 0.000000 1.000000
110084 0.000000 0.000000 0.000000 1.000000
110085 0.000000 0.000000 0.000000 1.000000
110086 0.000000 0.000000 0.000000 1.000000
110095 0.000000 0.000000 0.000000 1.000000
110096 0.000000 0.000000 0.000000 1.000000
110097 0.000000 0.000000 0.000000 1.000000
110098 0.000000 0.000000 0.000000 1.000000
110099 0.000000 0.000000 0.000000 1.000000
110698 0.000000 0.000000 0.000000 1.000000
110699 0.000000 0.000000 0.000000 1.000000
110702 0.000000 0.000000 0.000000 1.000000
110703 0.000000 0.000000 0.000000 1.000000
110707 0.000000 0.000000 0.000000 1.000000
110709 0.000000 0.000000 0.000000 1.000000
110710 0.000000 0.000000 0.000000 1.000000
110712 0.000000 0.000000 0.000000 1.000000
110715 0.000000 0.000000 0.000000 1.000000
110718 0.000000 0.000000 0.000000 1.000000
110721 0.000000 0.000000 0.000000 1.000000
110723 0.000000 0.000000 0.000000 1.000000
110729 0.000000 0.000000 0.000000 1.000000
110730 0.000000 0.000000 0.000000 1.000000
110735 0.000000 0.000000 0.000000 1.000000
110736 0.000000 0.000000 0.000000 1.000000
110737 0.000000 0.000000 0.000000 1.000000
110743 0.000000 0.000000 0.000000 1.000000
110744 0.000000 0.000000 0.000000 1.000000
110745 0.000000 0.000000 0.000000 1.000000
110746 0.000000 0.000000 0.000000 1.000000
110747 0.000000 0.000000 0.000000 1.000000
110748 0.000000 0.000000 0.000000 1.000000
110749 0.000000 0.000000 0.000000 1.000000
110750 0.000000 0.000000 0.000000 1.000000
110751 0.000000 0.000000 0.000000 1.000000
110760 0.000000 0.000000 0.000000 1.000000
110761 0.000000 0.000000 0.000000 1.000000
110762 0.000000 0.000000 0.000000 1.000000
110763 0.000000 0.000000 0.000000 1.000000
110764 0.000000 0.000000 0.000000 1.000000
110765 0.000000 0.000000 0.000000 1.000000
110772 0.000000 0.000000 0.000000 1.000000
110773 0.000000 0.000000 0.000000 1.000000
110774 0.000000 0.000000 0.000000 1.000000
110775 0.000000 0.000000 0.000000 1.000000
110780 0.000000 0.000000 0.000000 1.000000
110781 0.000000 0.000000 0.000000 1.000000
110793 0.000000 0.000000 0.000000 1.000000
110794 0.000000 0.000000 0.000000 1.000000
110795 0.000000 0.000000 0.000000 1.000000
110806 0.000000 0.000000 0.000000 1.000000
110807 0.000000 0.000000 0.000000 1.000000
110808 0.000000 0.000000 0.000000 1.000000
110816 0.000000 0.000000 0.000000 1.000000
110817 0.000000 0.000000 0.000000 1.000000
110818 0.000000 0.000000 0.000000 1.000000
110828 0.000000 0.000000 0.000000 1.000000
110829 0.000000 0.000000 0.000000 1.000000
110830 0.000000 0.000000 0.000000 1.000000
110831 0.000000 0.000000 0.000000 1.000000
110832 0.000000 0.000000 0.000000 1.000000
110839 0.000000 0.000000 0.000000 1.000000
110840 0.000000 0.000000 0.000000 1.000000
110841 0.000000 0.000000 0.000000 1.000000
110842 0.000000 0.000000 0.000000 1.000000
110843 0.000000 0.000000 0.000000 1.000000
111357 0.000000 0.000000 0.000000 1.000000
111358 0.000000 0.000000 0.000000 1.000000
111361 0.000000 0.000000 0.000000 1.000000
111365 0.000000 0.000000 0.000000 1.000000
111366 0.000000 0.000000 0.000000 1.000000
111368 0.000000 0.000000 0.000000 1.000000
111369 0.000000 0.000000 0.000000 1.000000
111371 0.000000 0.000000 0.000000 1.000000
111374 0.000000 0.000000 0.000000 1.000000
111377 0.000000 0.000000 0.000000 1.000000
111384 0.000000 0.000000 0.000000 1.000000
111392 0.000000 0.000000 0.000000 1.000000
111400 0.000000 0.000000 0.000000 1.000000
111401 0.000000 0.000000 0.000000 1.000000
111402 0.000000 0.000000 0.000000 1.000000
111403 0.000000 0.000000 0.000000 1.000000
111408 0.000000 0.000000 0.000000 1.000000
111409 0.000000 0.000000 0.000000 1.000000
111410 0.000000 0.000000 0.000000 1.000000
111411 0.000000 0.000000 0.000000 1.000000
111412 0.000000 0.000000 0.000000 1.000000
111413 0.000000 0.000000 0.000000 1.000000
111414 0.000000 0.000000 0.000000 1.000000
111416 0.000000 0.000000 0.000000 1.000000
111417 0.000000 0.000000 0.000000 1.000000
111418 0.000000 0.000000 0.000000 1.000000
111419 0.000000 0.000000 0.000000 1.000000
111420 0.000000 0.000000 0.000000 1.000000
111421 0.000000 0.000000 0.000000 1.000000
111422 0.000000 0.000000 0.000000 1.000000
111423 0.000000 0.000000 0.000000 1.000000
111424 0.000000 0.000000 0.000000 1.000000
111425 0.000000 0.000000 0.000000 1.000000
111426 0.000000 0.000000 0.000000 1.000000
111427 0.000000 0.000000 0.000000 1.000000
111428 0.000000 0.000000 0.000000 1.000000
111436 0.000000 0.000000 0.000000 1.000000
111437 0.000000 0.000000 0.000000 1.000000
111438 0.000000 0.000000 0.000000 1.000000
111439 0.000000 0.000000 0.000000 1.000000
111440 0.000000 0.000000 0.000000 1.000000
111441 0.000000 0.000000 0.000000 1.000000
111442 0.000000 0.000000 0.000000 1.000000
111443 0.000000 0.000000 0.000000 1.000000
111444 0.000000 0.000000 0.000000 1.000000
111451 0.000000 0.000000 0.000000 1.000000
111452 0.000000 0.000000 0.000000 1.000000
111453 0.000000 0.000000 0.000000 1.000000
111454 0.000000 0.000000 0.000000 1.000000
111455 0.000000 0.000000 0.000000 1.000000
111456 0.000000 0.000000 0.000000 1.000000
111457 0.000000 0.000000 0.000000 1.000000
111458 0.000000 0.000000 0.000000 1.000000
111468 0.000000 0.000000 0.000000 1.000000
111469 0.000000 0.000000 0.000000 1.000000
111480 0.000000 0.000000 0.000000 1.000000
111481 0.000000 0.000000 0.000000 1.000000
111482 0.000000 0.000000 0.000000 1.000000
111491 0.000000 0.000000 0.000000 1.000000
111492 0.000000 0.000000 0.000000 1.000000
111493 0.000000 0.000000 0.000000 1.000000
111494 0.000000 0.000000 0.000000 1.000000
111495 0.000000 0.000000 0.000000 1.000000
111501 0.000000 0.000000 0.000000 1.000000
111502 0.000000 0.000000 0.000000 1.000000
111503 0.000000 0.000000 0.000000 1.000000
111512 0.000000 0.000000 0.000000 1.000000
111513 0.000000 0.000000 0.000000 1.000000
111514 0.000000 0.000000 0.000000 1.000000
111515 0.000000 0.000000 0.000000 1.000000
111516 0.000000 0.000000 0.000000 1.000000
111517 0.000000 0.000000 0.000000 1.000000
111524 0.000000 0.000000 0.000000 1.000000
111525 0.000000 0.000000 0.000000 1.000000
111994 0.000000 0.000000 0.000000 1.000000
111998 0.000000 0.000000 0.000000 1.000000
111999 0.000000 0.000000 0.000000 1.000000
112001 0.000000 0.000000 0.000000 1.000000
112002 0.000000 0.000000 0.000000 1.000000
112004 0.000000 0.000000 0.000000 1.000000
112005 0.000000 0.000000 0.000000 1.000000
112007 0.000000 0.000000 0.000000 1.000000
112009 0.000000 0.000000 0.000000 1.000000
112013 0.000000 0.000000 0.000000 1.000000
112014 0.000000 0.000000 0.000000 1.000000
112017 0.000000 0.000000 0.000000 1.000000
112018 0.000000 0.000000 0.000000 1.000000
112022 0.000000 0.000000 0.000000 1.000000
112023 0.000000 0.000000 0.000000 1.000000
112025 0.000000 0.000000 0.000000 1.000000
112026 0.000000 0.000000 0.000000 1.000000
112028 0.000000 0.000000 0.000000 1.000000
112029 0.000000 0.000000 0.000000 1.000000
112034 0.000000 0.000000 0.000000 1.000000
112035 0.000000 0.000000 0.000000 1.000000
112043 0.000000 0.000000 0.000000 1.000000
112044 0.000000 0.000000 0.000000 1.000000
112055 0.000000 0.000000 0.000000 1.000000
112056 0.000000 0.000000 0.000000 1.000000
112057 0.000000 0.000000 0.000000 1.000000
112058 0.000000 0.000000 0.000000 1.000000
112065 0.000000 0.000000 0.000000 1.000000
112066 0.000000 0.000000 0.000000 1.000000
112067 0.000000 0.000000 0.000000 1.000000
112068 0.000000 0.000000 0.000000 1.000000
112069 0.000000 0.000000 0.000000 1.000000
112070 0.000000 0.000000 0.000000 1.000000
112076 0.000000 0.000000 0.000000 1.000000
112077 0.000000 0.000000 0.000000 1.000000
112078 0.000000 0.000000 0.000000 1.000000
112079 0.000000 0.000000 0.000000 1.000000
112080 0.000000 0.000000 0.000000 1.000000
112081 0.000000 0.000000 0.000000 1.000000
112082 0.000000 0.000000 0.000000 1.000000
112083 0.000000 0.000000 0.000000 1.000000
112088 0.000000 0.000000 0.000000 1.000000
112089 0.000000 0.000000 0.000000 1.000000
112090 0.000000 0.000000 0.000000 1.000000
112091 0.000000 0.000000 0.000000 1.000000
112092 0.000000 0.000000 0.000000 1.000000
112093 0.000000 0.000000 0.000000 1.000000
112094 0.000000 0.000000 0.000000 1.000000
112095 0.000000 0.000000 0.000000 1.000000
112096 0.000000 0.000000 0.000000 1.000000
112097 0.000000 0.000000 0.000000 1.000000
112098 0.000000 0.000000 0.000000 1.000000
112100 0.000000 0.000000 0.000000 1.000000
112101 0.000000 0.000000 0.000000 1.000000
112102 0.000000 0.000000 0.000000 1.000000
112103 0.000000 0.000000 0.000000 1.000000
112104 0.000000 0.000000 0.000000 1.000000
112105 0.000000 0.000000 0.000000 1.000000
112106 0.000000 0.000000 0.000000 1.000000
112107 0.000000 0.000000 0.000000 1.000000
112108 0.000000 0.000000 0.000000 1.000000
112109 0.000000 0.000000 0.000000 1.000000
112110 0.000000 0.000000 0.000000 1.000000
112111 0.000000 0.000000 0.000000 1.000000
112112 0.000000 0.000000 0.000000 1.000000
112121 0.000000 0.000000 0.000000 1.000000
112122 0.000000 0.000000 0.000000 1.000000
112123 0.000000 0.000000 0.000000 1.000000
112124 0.000000 0.000000 0.000000 1.000000
112125 0.000000 0.000000 0.000000 1.000000
112126 0.000000 0.000000 0.000000 1.000000
112127 0.000000 0.000000 0.000000 1.000000
112128 0.000000 0.000000 0.000000 1.000000
112129 0.000000 0.000000 0.000000 1.000000
112130 0.000000 0.000000 0.000000 1.000000
112140 0.000000 0.000000 0.000000 1.000000
112141 0.000000 0.000000 0.000000 1.000000
112142 0.000000 0.000000 0.000000 1.000000
112143 0.000000 0.000000 0.000000 1.000000
112144 0.000000 0.000000 0.000000 1.000000
112145 0.000000 0.000000 0.000000 1.000000
112146 0.000000 0.000000 0.000000 1.000000
112147 0.000000 0.000000 0.000000 1.000000
112148 0.000000 0.000000 0.000000 1.000000
112161 0.000000 0.000000 0.000000 1.000000
112162 0.000000 0.000000 0.000000 1.000000
112163 0.000000 0.000000 0.000000 1.000000
112164 0.000000 0.000000 0.000000 1.000000
112165 0.000000 0.000000 0.000000 1.000000
112166 0.000000 0.000000 0.000000 1.000000
112175 0.000000 0.000000 0.000000 1.000000
112176 0.000000 0.000000 0.000000 1.000000
112177 0.000000 0.000000 0.000000 1.000000
112178 0.000000 0.000000 0.000000 1.000000
112187 0.000000 0.000000 0.000000 1.000000
112188 0.000000 0.000000 0.000000 1.000000
112189 0.000000 0.000000 0.000000 1.000000
112190 0.000000 0.000000 0.000000 1.000000
112196 0.000000 0.000000 0.000000 1.000000
112197 0.000000 0.000000 0.000000 1.000000
112198 0.000000 0.000000 0.000000 1.000000
112205 0.000000 0.000000 0.000000 1.000000
112206 0.000000 0.000000 0.000000 1.000000
112207 0.000000 0.000000 0.000000 1.000000
112208 0.000000 0.000000 0.000000 1.000000
112209 0.000000 0.000000 0.000000 1.000000
112210 0.000000 0.000000 0.000000 1.000000
112649 0.000000 0.000000 0.000000 1.000000
112655 0.000000 0.000000 0.000000 1.000000
112659 0.000000 0.000000 0.000000 1.000000
112661 0.000000 0.000000 0.000000 1.000000
112663 0.000000 0.000000 0.000000 1.000000
112665 0.000000 0.000000 0.000000 1.000000
112667 0.000000 0.000000 0.000000 1.000000
112671 0.000000 0.000000 0.000000 1.000000
112675 0.000000 0.000000 0.000000 1.000000
112679 0.000000 0.000000 0.000000 1.000000
112680 0.000000 0.000000 0.000000 1.000000
112682 0.000000 0.000000 0.000000 1.000000
112683 0.000000 0.000000 0.000000 1.000000
112685 0.000000 0.000000 0.000000 1.000000
112686 0.000000 0.000000 0.000000 1.000000
112695 0.000000 0.000000 0.000000 1.000000
112696 0.000000 0.000000 0.000000 1.000000
112708 0.000000 0.000000 0.000000 1.000000
112709 0.000000 0.000000 0.000000 1.000000
112710 0.000000 0.000000 0.000000 1.000000
112711 0.000000 0.000000 0.000000 1.000000
112719 0.000000 0.000000 0.000000 1.000000
112720 0.000000 0.000000 0.000000 1.000000
112721 0.000000 0.000000 0.000000 1.000000
112722 0.000000 0.000000 0.000000 1.000000
112723 0.000000 0.000000 0.000000 1.000000
112724 0.000000 0.000000 0.000000 1.000000
112725 0.000000 0.000000 0.000000 1.000000
112730 0.000000 0.000000 0.000000 1.000000
112731 0.000000 0.000000 0.000000 1.000000
112732 0.000000 0.000000 0.000000 1.000000
112733 0.000000 0.000000 0.000000 1.000000
112734 0.000000 0.000000 0.000000 1.000000
112735 0.000000 0.000000 0.000000 1.000000
112736 0.000000 0.000000 0.000000 1.000000
112742 0.000000 0.000000 0.000000 1.000000
112743 0.000000 0.000000 0.000000 1.000000
112744 0.000000 0.000000 0.000000 1.000000
112745 0.000000 0.000000 0.000000 1.000000
112746 0.000000 0.000000 0.000000 1.000000
112747 0.000000 0.000000 0.000000 1.000000
112748 0.000000 0.000000 0.000000 1.000000
112749 0.000000 0.000000 0.000000 1.000000
112750 0.000000 0.000000 0.000000 1.000000
112755 0.000000 0.000000 0.000000 1.000000
112756 0.000000 0.000000 0.000000 1.000000
112757 0.000000 0.000000 0.000000 1.000000
112758 0.000000 0.000000 0.000000 1.000000
112759 0.000000 0.000000 0.000000 1.000000
112760 0.000000 0.000000 0.000000 1.000000
112761 0.000000 0.000000 0.000000 1.000000
112762 0.000000 0.000000 0.000000 1.000000
112763 0.000000 0.000000 0.000000 1.000000
112766 0.000000 0.000000 0.000000 1.000000
112767 0.000000 0.000000 0.000000 1.000000
112768 0.000000 0.000000 0.000000 1.000000
112769 0.000000 0.000000 0.000000 1.000000
112770 0.000000 0.000000 0.000000 1.000000
112771 0.000000 0.000000 0.000000 1.000000
112779 0.000000 0.000000 0.000000 1.000000
112780 0.000000 0.000000 0.000000 1.000000
112781 0.000000 0.000000 0.000000 1.000000
112782 0.000000 0.000000 0.000000 1.000000
112783 0.000000 0.000000 0.000000 1.000000
112784 0.000000 0.000000 0.000000 1.000000
112785 0.000000 0.000000 0.000000 1.000000
112786 0.000000 0.000000 0.000000 1.000000
112798 0.000000 0.000000 0.000000 1.000000
112799 0.000000 0.000000 0.000000 1.000000
112800 0.000000 0.000000 0.000000 1.000000
112801 0.000000 0.000000 0.000000 1.000000
112802 0.000000 0.000000 0.000000 1.000000
112803 0.000000 0.000000 0.000000 1.000000
112804 0.000000 0.000000 0.000000 1.000000
112805 0.000000 0.000000 0.000000 1.000000
112817 0.000000 0.000000 0.000000 1.000000
112818 0.000000 0.000000 0.000000 1.000000
112819 0.000000 0.000000 0.000000 1.000000
112820 0.000000 0.000000 0.000000 1.000000
112821 0.000000 0.000000 0.000000 1.000000
112822 0.000000 0.000000 0.000000 1.000000
112823 0.000000 0.000000 0.000000 1.000000
112824 0.000000 0.000000 0.000000 1.000000
112833 0.000000 0.000000 0.000000 1.000000
112834 0.000000 0.000000 0.000000 1.000000
112835 0.000000 0.000000 0.000000 1.000000
112836 0.000000 0.000000 0.000000 1.000000
112843 0.000000 0.000000 0.000000 1.000000
112844 0.000000 0.000000 0.000000 1.000000
112845 0.000000 0.000000 0.000000 1.000000
112846 0.000000 0.000000 0.000000 1.000000
112853 0.000000 0.000000 0.000000 1.000000
112854 0.000000 0.000000 0.000000 1.000000
112855 0.000000 0.000000 0.000000 1.000000
112856 0.000000 0.000000 0.000000 1.000000
112857 0.000000 0.000000 0.000000 1.000000
112864 0.000000 0.000000 0.000000 1.000000
112865 0.000000 0.000000 0.000000 1.000000
112866 0.000000 0.000000 0.000000 1.000000
112867 0.000000 0.000000 0.000000 1.000000
112868 0.000000 0.000000 0.000000 1.000000
113303 0.000000 0.000000 0.000000 1.000000
113309 0.000000 0.000000 0.000000 1.000000
113314 0.000000 0.000000 0.000000 1.000000
113319 0.000000 0.000000 0.000000 1.000000
113321 0.000000 0.000000 0.000000 1.000000
113324 0.000000 0.000000 0.000000 1.000000
113327 0.000000 0.000000 0.000000 1.000000
113330 0.000000 0.000000 0.000000 1.000000
113336 0.000000 0.000000 0.000000 1.000000
113341 0.000000 0.000000 0.000000 1.000000
113344 0.000000 0.000000 0.000000 1.000000
113345 0.000000 0.000000 0.000000 1.000000
113347 0.000000 0.000000 0.000000 1.000000
113348 0.000000 0.000000 0.000000 1.000000
113350 0.000000 0.000000 0.000000 1.000000
113351 0.000000 0.000000 0.000000 1.000000
113352 0.000000 0.000000 0.000000 1.000000
113363 0.000000 0.000000 0.000000 1.000000
113364 0.000000 0.000000 0.000000 1.000000
113365 0.000000 0.000000 0.000000 1.000000
113366 0.000000 0.000000 0.000000 1.000000
113367 0.000000 0.000000 0.000000 1.000000
113375 0.000000 0.000000 0.000000 1.000000
113376 0.000000 0.000000 0.000000 1.000000
113377 0.000000 0.000000 0.000000 1.000000
113378 0.000000 0.000000 0.000000 1.000000
113379 0.000000 0.000000 0.000000 1.000000
113380 0.000000 0.000000 0.000000 1.000000
113381 0.000000 0.000000 0.000000 1.000000
113382 0.000000 0.000000 0.000000 1.000000
113383 0.000000 0.000000 0.000000 1.000000
113384 0.000000 0.000000 0.000000 1.000000
113385 0.000000 0.000000 0.000000 1.000000
113391 0.000000 0.000000 0.000000 1.000000
113392 0.000000 0.000000 0.000000 1.000000
113393 0.000000 0.000000 0.000000 1.000000
113394 0.000000 0.000000 0.000000 1.000000
113395 0.000000 0.000000 0.000000 1.000000
113396 0.000000 0.000000 0.000000 1.000000
113397 0.000000 0.000000 0.000000 1.000000
113398 0.000000 0.000000 0.000000 1.000000
113399 0.000000 0.000000 0.000000 1.000000
113405 0.000000 0.000000 0.000000 1.000000
113406 0.000000 0.000000 0.000000 1.000000
113407 0.000000 0.000000 0.000000 1.000000
113408 0.000000 0.000000 0.000000 1.000000
113409 0.000000 0.000000 0.000000 1.000000
113410 0.000000 0.000000 0.000000 1.000000
113411 0.000000 0.000000 0.000000 1.000000
113418 0.000000 0.000000 0.000000 1.000000
113419 0.000000 0.000000 0.000000 1.000000
113420 0.000000 0.000000 0.000000 1.000000
113421 0.000000 0.000000 0.000000 1.000000
113422 0.000000 0.000000 0.000000 1.000000
113423 0.000000 0.000000 0.000000 1.000000
113427 0.000000 0.000000 0.000000 1.000000
113428 0.000000 0.000000 0.000000 1.000000
113431 0.000000 0.000000 0.000000 1.000000
113432 0.000000 0.000000 0.000000 1.000000
113440 0.000000 0.000000 0.000000 1.000000
113441 0.000000 0.000000 0.000000 1.000000
113442 0.000000 0.000000 0.000000 1.000000
113443 0.000000 0.000000 0.000000 1.000000
113444 0.000000 0.000000 0.000000 1.000000
113445 0.000000 0.000000 0.000000 1.000000
113458 0.000000 0.000000 0.000000 1.000000
113459 0.000000 0.000000 0.000000 1.000000
113460 0.000000 0.000000 0.000000 1.000000
113461 0.000000 0.000000 0.000000 1.000000
113462 0.000000 0.000000 0.000000 1.000000
113463 0.000000 0.000000 0.000000 1.000000
113464 0.000000 0.000000 0.000000 1.000000
113477 0.000000 0.000000 0.000000 1.000000
113478 0.000000 0.000000 0.000000 1.000000
113479 0.000000 0.000000 0.000000 1.000000
113480 0.000000 0.000000 0.000000 1.000000
113481 0.000000 0.000000 0.000000 1.000000
113482 0.000000 0.000000 0.000000 1.000000
113483 0.000000 0.000000 0.000000 1.000000
113484 0.000000 0.000000 0.000000 1.000000
113485 0.000000 0.000000 0.000000 1.000000
113486 0.000000 0.000000 0.000000 1.000000
113487 0.000000 0.000000 0.000000 1.000000
113488 0.000000 0.000000 0.000000 1.000000
113497 0.000000 0.000000 0.000000 1.000000
113498 0.000000 0.000000 0.000000 1.000000
113499 0.000000 0.000000 0.000000 1.000000
113500 0.000000 0.000000 0.000000 1.000000
113501 0.000000 0.000000 0.000000 1.000000
113502 0.000000 0.000000 0.000000 1.000000
113503 0.000000 0.000000 0.000000 1.000000
113504 0.000000 0.000000 0.000000 1.000000
113505 0.000000 0.000000 0.000000 1.000000
113510 0.000000 0.000000 0.000000 1.000000
113511 0.000000 0.000000 0.000000 1.000000
113512 0.000000 0.000000 0.000000 1.000000
113513 0.000000 0.000000 0.000000 1.000000
113514 0.000000 0.000000 0.000000 1.000000
113515 0.000000 0.000000 0.000000 1.000000
113522 0.000000 0.000000 0.000000 1.000000
113523 0.000000 0.000000 0.000000 1.000000
113524 0.000000 0.000000 0.000000 1.000000
113525 0.000000 0.000000 0.000000 1.000000
113526 0.000000 0.000000 0.000000 1.000000
113527 0.000000 0.000000 0.000000 1.000000
113534 0.000000 0.000000 0.000000 1.000000
113535 0.000000 0.000000 0.000000 1.000000
113536 0.000000 0.000000 0.000000 1.000000
113537 0.000000 0.000000 0.000000 1.000000
113538 0.000000 0.000000 0.000000 1.000000
113997 0.000000 0.000000 0.000000 1.000000
114004 0.000000 0.000000 0.000000 1.000000
114011 0.000000 0.000000 0.000000 1.000000
114018 0.000000 0.000000 0.000000 1.000000
114024 0.000000 0.000000 0.000000 1.000000
114028 0.000000 0.000000 0.000000 1.000000
114031 0.000000 0.000000 0.000000 1.000000
114034 0.000000 0.000000 0.000000 1.000000
114041 0.000000 0.000000 0.000000 1.000000
114045 0.000000 0.000000 0.000000 1.000000
114046 0.000000 0.000000 0.000000 1.000000
114048 0.000000 0.000000 0.000000 1.000000
114049 0.000000 0.000000 0.000000 1.000000
114050 0.000000 0.000000 0.000000 1.000000
114052 0.000000 0.000000 0.000000 1.000000
114053 0.000000 0.000000 0.000000 1.000000
114054 0.000000 0.000000 0.000000 1.000000
114060 0.000000 0.000000 0.000000 1.000000
114061 0.000000 0.000000 0.000000 1.000000
114062 0.000000 0.000000 0.000000 1.000000
114063 0.000000 0.000000 0.000000 1.000000
114076 0.000000 0.000000 0.000000 1.000000
114077 0.000000 0.000000 0.000000 1.000000
114078 0.000000 0.000000 0.000000 1.000000
114079 0.000000 0.000000 0.000000 1.000000
114080 0.000000 0.000000 0.000000 1.000000
114081 0.000000 0.000000 0.000000 1.000000
114082 0.000000 0.000000 0.000000 1.000000
114083 0.000000 0.000000 0.000000 1.000000
114091 0.000000 0.000000 0.000000 1.000000
114092 0.000000 0.000000 0.000000 1.000000
114093 0.000000 0.000000 0.000000 1.000000
114094 0.000000 0.000000 0.000000 1.000000
114095 0.000000 0.000000 0.000000 1.000000
114096 0.000000 0.000000 0.000000 1.000000
114111 0.000000 0.000000 0.000000 1.000000
114114 0.000000 0.000000 0.000000 1.000000
114115 0.000000 0.000000 0.000000 1.000000
114122 0.000000 0.000000 0.000000 1.000000
114123 0.000000 0.000000 0.000000 1.000000
114134 0.000000 0.000000 0.000000 1.000000
114135 0.000000 0.000000 0.000000 1.000000
114146 0.000000 0.000000 0.000000 1.000000
114147 0.000000 0.000000 0.000000 1.000000
114159 0.000000 0.000000 0.000000 1.000000
114160 0.000000 0.000000 0.000000 1.000000
114161 0.000000 0.000000 0.000000 1.000000
114162 0.000000 0.000000 0.000000 1.000000
114163 0.000000 0.000000 0.000000 1.000000
114164 0.000000 0.000000 0.000000 1.000000
114171 0.000000 0.000000 0.000000 1.000000
114172 0.000000 0.000000 0.000000 1.000000
114173 0.000000 0.000000 0.000000 1.000000
114174 0.000000 0.000000 0.000000 1.000000
114175 0.000000 0.000000 0.000000 1.000000
114176 0.000000 0.000000 0.000000 1.000000
114177 0.000000 0.000000 0.000000 1.000000
114183 0.000000 0.000000 0.000000 1.000000
114184 0.000000 0.000000 0.000000 1.000000
114185 0.000000 0.000000 0.000000 1.000000
114186 0.000000 0.000000 0.000000 1.000000
114187 0.000000 0.000000 0.000000 1.000000
114188 0.000000 0.000000 0.000000 1.000000
114194 0.000000 0.000000 0.000000 1.000000
114195 0.000000 0.000000 0.000000 1.000000
114196 0.000000 0.000000 0.000000 1.000000
114197 0.000000 0.000000 0.000000 1.000000
114198 0.000000 0.000000 0.000000 1.000000
114205 0.000000 0.000000 0.000000 1.000000
114206 0.000000 0.000000 0.000000 1.000000
114207 0.000000 0.000000 0.000000 1.000000
114208 0.000000 0.000000 0.000000 1.000000
114649 0.000000 0.000000 0.000000 1.000000
114650 0.000000 0.000000 0.000000 1.000000
114662 0.000000 0.000000 0.000000 1.000000
114670 0.000000 0.000000 0.000000 1.000000
114680 0.000000 0.000000 0.000000 1.000000
114689 0.000000 0.000000 0.000000 1.000000
114696 0.000000 0.000000 0.000000 1.000000
114698 0.000000 0.000000 0.000000 1.000000
114700 0.000000 0.000000 0.000000 1.000000
114708 0.000000 0.000000 0.000000 1.000000
114709 0.000000 0.000000 0.000000 1.000000
114714 0.000000 0.000000 0.000000 1.000000
114715 0.000000 0.000000 0.000000 1.000000
114719 0.000000 0.000000 0.000000 1.000000
114720 0.000000 0.000000 0.000000 1.000000
114728 0.000000 0.000000 0.000000 1.000000
114729 0.000000 0.000000 0.000000 1.000000
114730 0.000000 0.000000 0.000000 1.000000
114737 0.000000 0.000000 0.000000 1.000000
114738 0.000000 0.000000 0.000000 1.000000
114739 0.000000 0.000000 0.000000 1.000000
114740 0.000000 0.000000 0.000000 1.000000
114741 0.000000 0.000000 0.000000 1.000000
114742 0.000000 0.000000 0.000000 1.000000
114743 0.000000 0.000000 0.000000 1.000000
114744 0.000000 0.000000 0.000000 1.000000
114756 0.000000 0.000000 0.000000 1.000000
114757 0.000000 0.000000 0.000000 1.000000
114758 0.000000 0.000000 0.000000 1.000000
114759 0.000000 0.000000 0.000000 1.000000
114760 0.000000 0.000000 0.000000 1.000000
114761 0.000000 0.000000 0.000000 1.000000
114791 0.000000 0.000000 0.000000 1.000000
114802 0.000000 0.000000 0.000000 1.000000
114803 0.000000 0.000000 0.000000 1.000000
114813 0.000000 0.000000 0.000000 1.000000
114814 0.000000 0.000000 0.000000 1.000000
114820 0.000000 0.000000 0.000000 1.000000
114821 0.000000 0.000000 0.000000 1.000000
114822 0.000000 0.000000 0.000000 1.000000
114823 0.000000 0.000000 0.000000 1.000000
114833 0.000000 0.000000 0.000000 1.000000
114834 0.000000 0.000000 0.000000 1.000000
114835 0.000000 0.000000 0.000000 1.000000
114836 0.000000 0.000000 0.000000 1.000000
114837 0.000000 0.000000 0.000000 1.000000
114843 0.000000 0.000000 0.000000 1.000000
114844 0.000000 0.000000 0.000000 1.000000
114845 0.000000 0.000000 0.000000 1.000000
114846 0.000000 0.000000 0.000000 1.000000
114847 0.000000 0.000000 0.000000 1.000000
114848 0.000000 0.000000 0.000000 1.000000
114849 0.000000 0.000000 0.000000 1.000000
114850 0.000000 0.000000 0.000000 1.000000
114857 0.000000 0.000000 0.000000 1.000000
114858 0.000000 0.000000 0.000000 1.000000
114859 0.000000 0.000000 0.000000 1.000000
114860 0.000000 0.000000 0.000000 1.000000
114861 0.000000 0.000000 0.000000 1.000000
114868 0.000000 0.000000 0.000000 1.000000
114869 0.000000 0.000000 0.000000 1.000000
114870 0.000000 0.000000 0.000000 1.000000
114871 0.000000 0.000000 0.000000 1.000000
114872 0.000000 0.000000 0.000000 1.000000
114873 0.000000 0.000000 0.000000 1.000000
114879 0.000000 0.000000 0.000000 1.000000
114880 0.000000 0.000000 0.000000 1.000000
114881 0.000000 0.000000 0.000000 1.000000
114882 0.000000 0.000000 0.000000 1.000000
115345 0.000000 0.000000 0.000000 1.000000
115355 0.000000 0.000000 0.000000 1.000000
115356 0.000000 0.000000 0.000000 1.000000
115364 0.000000 0.000000 0.000000 1.000000
115365 0.000000 0.000000 0.000000 1.000000
115375 0.000000 0.000000 0.000000 1.000000
115376 0.000000 0.000000 0.000000 1.000000
115385 0.000000 0.000000 0.000000 1.000000
115386 0.000000 0.000000 0.000000 1.000000
115393 0.000000 0.000000 0.000000 1.000000
115394 0.000000 0.000000 0.000000 1.000000
115396 0.000000 0.000000 0.000000 1.000000
115397 0.000000 0.000000 0.000000 1.000000
115405 0.000000 0.000000 0.000000 1.000000
115406 0.000000 0.000000 0.000000 1.000000
115415 0.000000 0.000000 0.000000 1.000000
115416 0.000000 0.000000 0.000000 1.000000
115417 0.000000 0.000000 0.000000 1.000000
115425 0.000000 0.000000 0.000000 1.000000
115426 0.000000 0.000000 0.000000 1.000000
115427 0.000000 0.000000 0.000000 1.000000
115435 0.000000 0.000000 0.000000 1.000000
115436 0.000000 0.000000 0.000000 1.000000
115437 0.000000 0.000000 0.000000 1.000000
115438 0.000000 0.000000 0.000000 1.000000
115449 0.000000 0.000000 0.000000 1.000000
115450 0.000000 0.000000 0.000000 1.000000
115451 0.000000 0.000000 0.000000 1.000000
115452 0.000000 0.000000 0.000000 1.000000
115453 0.000000 0.000000 0.000000 1.000000
115454 0.000000 0.000000 0.000000 1.000000
115459 0.000000 0.000000 0.000000 1.000000
115460 0.000000 0.000000 0.000000 1.000000
115461 0.000000 0.000000 0.000000 1.000000
115462 0.000000 0.000000 0.000000 1.000000
115463 0.000000 0.000000 0.000000 1.000000
115464 0.000000 0.000000 0.000000 1.000000
115465 0.000000 0.000000 0.000000 1.000000
115511 0.000000 0.000000 0.000000 1.000000
115512 0.000000 0.000000 0.000000 1.000000
115529 0.000000 0.000000 0.000000 1.000000
115530 0.000000 0.000000 0.000000 1.000000
115531 0.000000 0.000000 0.000000 1.000000
115542 0.000000 0.000000 0.000000 1.000000
115543 0.000000 0.000000 0.000000 1.000000
115544 0.000000 0.000000 0.000000 1.000000
115553 0.000000 0.000000 0.000000 1.000000
115554 0.000000 0.000000 0.000000 1.000000
115555 0.000000 0.000000 0.000000 1.000000
115556 0.000000 0.000000 0.000000 1.000000
115557 0.000000 0.000000 0.000000 1.000000
115558 0.000000 0.000000 0.000000 1.000000
115559 0.000000 0.000000 0.000000 1.000000
115568 0.000000 0.000000 0.000000 1.000000
115569 0.000000 0.000000 0.000000 1.000000
115570 0.000000 0.000000 0.000000 1.000000
115571 0.000000 0.000000 0.000000 1.000000
115572 0.000000 0.000000 0.000000 1.000000
115573 0.000000 0.000000 0.000000 1.000000
115574 0.000000 0.000000 0.000000 1.000000
115583 0.000000 0.000000 0.000000 1.000000
115584 0.000000 0.000000 0.000000 1.000000
115585 0.000000 0.000000 0.000000 1.000000
115586 0.000000 0.000000 0.000000 1.000000
115587 0.000000 0.000000 0.000000 1.000000
115588 0.000000 0.000000 0.000000 1.000000
115589 0.000000 0.000000 0.000000 1.000000
115590 0.000000 0.000000 0.000000 1.000000
115598 0.000000 0.000000 0.000000 1.000000
115599 0.000000 0.000000 0.000000 1.000000
115600 0.000000 0.000000 0.000000 1.000000
115601 0.000000 0.000000 0.000000 1.000000
115602 0.000000 0.000000 0.000000 1.000000
115603 0.000000 0.000000 0.000000 1.000000
115604 0.000000 0.000000 0.000000 1.000000
115605 0.000000 0.000000 0.000000 1.000000
115611 0.000000 0.000000 0.000000 1.000000
115612 0.000000 0.000000 0.000000 1.000000
115613 0.000000 0.000000 0.000000 1.000000
115614 0.000000 0.000000 0.000000 1.000000
115615 0.000000 0.000000 0.000000 1.000000
115616 0.000000 0.000000 0.000000 1.000000
116110 0.000000 0.000000 0.000000 1.000000
116119 0.000000 0.000000 0.000000 1.000000
116125 0.000000 0.000000 0.000000 1.000000
116134 0.000000 0.000000 0.000000 1.000000
116135 0.000000 0.000000 0.000000 1.000000
116146 0.000000 0.000000 0.000000 1.000000
116147 0.000000 0.000000 0.000000 1.000000
116148 0.000000 0.000000 0.000000 1.000000
116158 0.000000 0.000000 0.000000 1.000000
116159 0.000000 0.000000 0.000000 1.000000
116160 0.000000 0.000000 0.000000 1.000000
116161 0.000000 0.000000 0.000000 1.000000
116172 0.000000 0.000000 0.000000 1.000000
116173 0.000000 0.000000 0.000000 1.000000
116174 0.000000 0.000000 0.000000 1.000000
116181 0.000000 0.000000 0.000000 1.000000
116182 0.000000 0.000000 0.000000 1.000000
116183 0.000000 0.000000 0.000000 1.000000
116184 0.000000 0.000000 0.000000 1.000000
116192 0.000000 0.000000 0.000000 1.000000
116193 0.000000 0.000000 0.000000 1.000000
116194 0.000000 0.000000 0.000000 1.000000
116195 0.000000 0.000000 0.000000 1.000000
116283 0.000000 0.000000 0.000000 1.000000
116284 0.000000 0.000000 0.000000 1.000000
116285 0.000000 0.000000 0.000000 1.000000
116286 0.000000 0.000000 0.000000 1.000000
116287 0.000000 0.000000 0.000000 1.000000
116293 0.000000 0.000000 0.000000 1.000000
116294 0.000000 0.000000 0.000000 1.000000
116295 0.000000 0.000000 0.000000 1.000000
116296 0.000000 0.000000 0.000000 1.000000
116297 0.000000 0.000000 0.000000 1.000000
116301 0.000000 0.000000 0.000000 1.000000
116302 0.000000 0.000000 0.000000 1.000000
116303 0.000000 0.000000 0.000000 1.000000
116304 0.000000 0.000000 0.000000 1.000000
116305 0.000000 0.000000 0.000000 1.000000
116312 0.000000 0.000000 0.000000 1.000000
116313 0.000000 0.000000 0.000000 1.000000
116314 0.000000 0.000000 0.000000 1.000000
116315 0.000000 0.000000 0.000000 1.000000
116316 0.000000 0.000000 0.000000 1.000000
116317 0.000000 0.000000 0.000000 1.000000
116326 0.000000 0.000000 0.000000 1.000000
116327 0.000000 0.000000 0.000000 1.000000
116328 0.000000 0.000000 0.000000 1.000000
116329 0.000000 0.000000 0.000000 1.000000
116330 0.000000 0.000000 0.000000 1.000000
116331 0.000000 0.000000 0.000000 1.000000
116332 0.000000 0.000000 0.000000 1.000000
116340 0.000000 0.000000 0.000000 1.000000
116341 0.000000 0.000000 0.000000 1.000000
116342 0.000000 0.000000 0.000000 1.000000
116343 0.000000 0.000000 0.000000 1.000000
116344 0.000000 0.000000 0.000000 1.000000
116345 0.000000 0.000000 0.000000 1.000000
116880 0.000000 0.000000 0.000000 1.000000
116881 0.000000 0.000000 0.000000 1.000000
116887 0.000000 0.000000 0.000000 1.000000
117000 0.000000 0.000000 0.000000 1.000000
117001 0.000000 0.000000 0.000000 1.000000
117002 0.000000 0.000000 0.000000 1.000000
117004 0.000000 0.000000 0.000000 1.000000
117005 0.000000 0.000000 0.000000 1.000000
117009 0.000000 0.000000 0.000000 1.000000
117010 0.000000 0.000000 0.000000 1.000000
117011 0.000000 0.000000 0.000000 1.000000
117012 0.000000 0.000000 0.000000 1.000000
117013 0.000000 0.000000 0.000000 1.000000
117017 0.000000 0.000000 0.000000 1.000000
117018 0.000000 0.000000 0.000000 1.000000
117019 0.000000 0.000000 0.000000 1.000000
117020 0.000000 0.000000 0.000000 1.000000
117021 0.000000 0.000000 0.000000 1.000000
117026 0.000000 0.000000 0.000000 1.000000
117027 0.000000 0.000000 0.000000 1.000000
117028 0.000000 0.000000 0.000000 1.000000
117029 0.000000 0.000000 0.000000 1.000000
117030 0.000000 0.000000 0.000000 1.000000
117040 0.000000 0.000000 0.000000 1.000000
117041 0.000000 0.000000 0.000000 1.000000
117042 0.000000 0.000000 0.000000 1.000000
117043 0.000000 0.000000 0.000000 1.000000
117044 0.000000 0.000000 0.000000 1.000000
117053 0.000000 0.000000 0.000000 1.000000
117054 0.000000 0.000000 0.000000 1.000000
117055 0.000000 0.000000 0.000000 1.000000
117702 0.000000 0.000000 0.000000 1.000000
117703 0.000000 0.000000 0.000000 1.000000
117704 0.000000 0.000000 0.000000 1.000000
117711 0.000000 0.000000 0.000000 1.000000
117712 0.000000 0.000000 0.000000 1.000000
117713 0.000000 0.000000 0.000000 1.000000
117716 0.000000 0.000000 0.000000 1.000000
117717 0.000000 0.000000 0.000000 1.000000
117718 0.000000 0.000000 0.000000 1.000000
117719 0.000000 0.000000 0.000000 1.000000
117723 0.000000 0.000000 0.000000 1.000000
117724 0.000000 0.000000 0.000000 1.000000
117725 0.000000 0.000000 0.000000 1.000000
117726 0.000000 0.000000 0.000000 1.000000
117734 0.000000 0.000000 0.000000 1.000000
117735 0.000000 0.000000 0.000000 1.000000
117736 0.000000 0.000000 0.000000 1.000000
