#
993
114779 0.000000 0.000000 0.000000 1.000000
114780 0.000000 0.000000 0.000000 1.000000
114789 0.000000 0.000000 0.000000 1.000000
114790 0.000000 0.000000 0.000000 1.000000
114792 0.000000 0.000000 0.000000 1.000000
114804 0.000000 0.000000 0.000000 1.000000
114815 0.000000 0.000000 0.000000 1.000000
115486 0.000000 0.000000 0.000000 1.000000
115487 0.000000 0.000000 0.000000 1.000000
115488 0.000000 0.000000 0.000000 1.000000
115494 0.000000 0.000000 0.000000 1.000000
115495 0.000000 0.000000 0.000000 1.000000
115496 0.000000 0.000000 0.000000 1.000000
115497 0.000000 0.000000 0.000000 1.000000
115498 0.000000 0.000000 0.000000 1.000000
115499 0.000000 0.000000 0.000000 1.000000
115500 0.000000 0.000000 0.000000 1.000000
115501 0.000000 0.000000 0.000000 1.000000
115503 0.000000 0.000000 0.000000 1.000000
115505 0.000000 0.000000 0.000000 1.000000
115513 0.000000 0.000000 0.000000 1.000000
115514 0.000000 0.000000 0.000000 1.000000
115515 0.000000 0.000000 0.000000 1.000000
115516 0.000000 0.000000 0.000000 1.000000
115517 0.000000 0.000000 0.000000 1.000000
115518 0.000000 0.000000 0.000000 1.000000
115519 0.000000 0.000000 0.000000 1.000000
115520 0.000000 0.000000 0.000000 1.000000
115521 0.000000 0.000000 0.000000 1.000000
115522 0.000000 0.000000 0.000000 1.000000
115524 0.000000 0.000000 0.000000 1.000000
115532 0.000000 0.000000 0.000000 1.000000
115533 0.000000 0.000000 0.000000 1.000000
115534 0.000000 0.000000 0.000000 1.000000
115535 0.000000 0.000000 0.000000 1.000000
115536 0.000000 0.000000 0.000000 1.000000
115537 0.000000 0.000000 0.000000 1.000000
115538 0.000000 0.000000 0.000000 1.000000
115545 0.000000 0.000000 0.000000 1.000000
115546 0.000000 0.000000 0.000000 1.000000
115547 0.000000 0.000000 0.000000 1.000000
115548 0.000000 0.000000 0.000000 1.000000
115549 0.000000 0.000000 0.000000 1.000000
116225 0.000000 0.000000 0.000000 1.000000
116226 0.000000 0.000000 0.000000 1.000000
116227 0.000000 0.000000 0.000000 1.000000
116228 0.000000 0.000000 0.000000 1.000000
116229 0.000000 0.000000 0.000000 1.000000
116230 0.000000 0.000000 0.000000 1.000000
116231 0.000000 0.000000 0.000000 1.000000
116232 0.000000 0.000000 0.000000 1.000000
116233 0.000000 0.000000 0.000000 1.000000
116234 0.000000 0.000000 0.000000 1.000000
116243 0.000000 0.000000 0.000000 1.000000
116244 0.000000 0.000000 0.000000 1.000000
116245 0.000000 0.000000 0.000000 1.000000
116246 0.000000 0.000000 0.000000 1.000000
116247 0.000000 0.000000 0.000000 1.000000
116248 0.000000 0.000000 0.000000 1.000000
116249 0.000000 0.000000 0.000000 1.000000
116250 0.000000 0.000000 0.000000 1.000000
116251 0.000000 0.000000 0.000000 1.000000
116252 0.000000 0.000000 0.000000 1.000000
116253 0.000000 0.000000 0.000000 1.000000
116254 0.000000 0.000000 0.000000 1.000000
116255 0.000000 0.000000 0.000000 1.000000
116256 0.000000 0.000000 0.000000 1.000000
116257 0.000000 0.000000 0.000000 1.000000
116266 0.000000 0.000000 0.000000 1.000000
116267 0.000000 0.000000 0.000000 1.000000
116268 0.000000 0.000000 0.000000 1.000000
116269 0.000000 0.000000 0.000000 1.000000
116270 0.000000 0.000000 0.000000 1.000000
116271 0.000000 0.000000 0.000000 1.000000
116272 0.000000 0.000000 0.000000 1.000000
116273 0.000000 0.000000 0.000000 1.000000
116274 0.000000 0.000000 0.000000 1.000000
116275 0.000000 0.000000 0.000000 1.000000
116276 0.000000 0.000000 0.000000 1.000000
116288 0.000000 0.000000 0.000000 1.000000
116289 0.000000 0.000000 0.000000 1.000000
116290 0.000000 0.000000 0.000000 1.000000
116299 0.000000 0.000000 0.000000 1.000000
116306 0.000000 0.000000 0.000000 1.000000
116318 0.000000 0.000000 0.000000 1.000000
116333 0.000000 0.000000 0.000000 1.000000
116334 0.000000 0.000000 0.000000 1.000000
116346 0.000000 0.000000 0.000000 1.000000
116352 0.000000 0.000000 0.000000 1.000000
116928 0.000000 0.000000 0.000000 1.000000
116929 0.000000 0.000000 0.000000 1.000000
116930 0.000000 0.000000 0.000000 1.000000
116931 0.000000 0.000000 0.000000 1.000000
116932 0.000000 0.000000 0.000000 1.000000
116933 0.000000 0.000000 0.000000 1.000000
116939 0.000000 0.000000 0.000000 1.000000
116940 0.000000 0.000000 0.000000 1.000000
116941 0.000000 0.000000 0.000000 1.000000
116942 0.000000 0.000000 0.000000 1.000000
116943 0.000000 0.000000 0.000000 1.000000
116944 0.000000 0.000000 0.000000 1.000000
116945 0.000000 0.000000 0.000000 1.000000
116946 0.000000 0.000000 0.000000 1.000000
116947 0.000000 0.000000 0.000000 1.000000
116948 0.000000 0.000000 0.000000 1.000000
116949 0.000000 0.000000 0.000000 1.000000
116950 0.000000 0.000000 0.000000 1.000000
116951 0.000000 0.000000 0.000000 1.000000
116952 0.000000 0.000000 0.000000 1.000000
116953 0.000000 0.000000 0.000000 1.000000
116954 0.000000 0.000000 0.000000 1.000000
116962 0.000000 0.000000 0.000000 1.000000
116963 0.000000 0.000000 0.000000 1.000000
116964 0.000000 0.000000 0.000000 1.000000
116965 0.000000 0.000000 0.000000 1.000000
116966 0.000000 0.000000 0.000000 1.000000
116967 0.000000 0.000000 0.000000 1.000000
116968 0.000000 0.000000 0.000000 1.000000
116969 0.000000 0.000000 0.000000 1.000000
116970 0.000000 0.000000 0.000000 1.000000
116971 0.000000 0.000000 0.000000 1.000000
116972 0.000000 0.000000 0.000000 1.000000
116973 0.000000 0.000000 0.000000 1.000000
116974 0.000000 0.000000 0.000000 1.000000
116975 0.000000 0.000000 0.000000 1.000000
116983 0.000000 0.000000 0.000000 1.000000
116984 0.000000 0.000000 0.000000 1.000000
116985 0.000000 0.000000 0.000000 1.000000
116986 0.000000 0.000000 0.000000 1.000000
116987 0.000000 0.000000 0.000000 1.000000
116988 0.000000 0.000000 0.000000 1.000000
116989 0.000000 0.000000 0.000000 1.000000
116990 0.000000 0.000000 0.000000 1.000000
116991 0.000000 0.000000 0.000000 1.000000
117003 0.000000 0.000000 0.000000 1.000000
117006 0.000000 0.000000 0.000000 1.000000
117014 0.000000 0.000000 0.000000 1.000000
117015 0.000000 0.000000 0.000000 1.000000
117022 0.000000 0.000000 0.000000 1.000000
117023 0.000000 0.000000 0.000000 1.000000
117031 0.000000 0.000000 0.000000 1.000000
117032 0.000000 0.000000 0.000000 1.000000
117045 0.000000 0.000000 0.000000 1.000000
117046 0.000000 0.000000 0.000000 1.000000
117056 0.000000 0.000000 0.000000 1.000000
117063 0.000000 0.000000 0.000000 1.000000
117064 0.000000 0.000000 0.000000 1.000000
117631 0.000000 0.000000 0.000000 1.000000
117632 0.000000 0.000000 0.000000 1.000000
117633 0.000000 0.000000 0.000000 1.000000
117634 0.000000 0.000000 0.000000 1.000000
117635 0.000000 0.000000 0.000000 1.000000
117636 0.000000 0.000000 0.000000 1.000000
117637 0.000000 0.000000 0.000000 1.000000
117638 0.000000 0.000000 0.000000 1.000000
117639 0.000000 0.000000 0.000000 1.000000
117640 0.000000 0.000000 0.000000 1.000000
117641 0.000000 0.000000 0.000000 1.000000
117642 0.000000 0.000000 0.000000 1.000000
117643 0.000000 0.000000 0.000000 1.000000
117644 0.000000 0.000000 0.000000 1.000000
117645 0.000000 0.000000 0.000000 1.000000
117646 0.000000 0.000000 0.000000 1.000000
117647 0.000000 0.000000 0.000000 1.000000
117651 0.000000 0.000000 0.000000 1.000000
117652 0.000000 0.000000 0.000000 1.000000
117653 0.000000 0.000000 0.000000 1.000000
117654 0.000000 0.000000 0.000000 1.000000
117655 0.000000 0.000000 0.000000 1.000000
117656 0.000000 0.000000 0.000000 1.000000
117657 0.000000 0.000000 0.000000 1.000000
117658 0.000000 0.000000 0.000000 1.000000
117659 0.000000 0.000000 0.000000 1.000000
117660 0.000000 0.000000 0.000000 1.000000
117661 0.000000 0.000000 0.000000 1.000000
117662 0.000000 0.000000 0.000000 1.000000
117663 0.000000 0.000000 0.000000 1.000000
117664 0.000000 0.000000 0.000000 1.000000
117665 0.000000 0.000000 0.000000 1.000000
117666 0.000000 0.000000 0.000000 1.000000
117667 0.000000 0.000000 0.000000 1.000000
117675 0.000000 0.000000 0.000000 1.000000
117676 0.000000 0.000000 0.000000 1.000000
117677 0.000000 0.000000 0.000000 1.000000
117678 0.000000 0.000000 0.000000 1.000000
117679 0.000000 0.000000 0.000000 1.000000
117680 0.000000 0.000000 0.000000 1.000000
117681 0.000000 0.000000 0.000000 1.000000
117688 0.000000 0.000000 0.000000 1.000000
117689 0.000000 0.000000 0.000000 1.000000
117690 0.000000 0.000000 0.000000 1.000000
117691 0.000000 0.000000 0.000000 1.000000
117692 0.000000 0.000000 0.000000 1.000000
117693 0.000000 0.000000 0.000000 1.000000
117705 0.000000 0.000000 0.000000 1.000000
117714 0.000000 0.000000 0.000000 1.000000
117720 0.000000 0.000000 0.000000 1.000000
117727 0.000000 0.000000 0.000000 1.000000
117737 0.000000 0.000000 0.000000 1.000000
117743 0.000000 0.000000 0.000000 1.000000
117749 0.000000 0.000000 0.000000 1.000000
117750 0.000000 0.000000 0.000000 1.000000
117754 0.000000 0.000000 0.000000 1.000000
118281 0.000000 0.000000 0.000000 1.000000
118282 0.000000 0.000000 0.000000 1.000000
118283 0.000000 0.000000 0.000000 1.000000
118284 0.000000 0.000000 0.000000 1.000000
118285 0.000000 0.000000 0.000000 1.000000
118286 0.000000 0.000000 0.000000 1.000000
118287 0.000000 0.000000 0.000000 1.000000
118288 0.000000 0.000000 0.000000 1.000000
118289 0.000000 0.000000 0.000000 1.000000
118296 0.000000 0.000000 0.000000 1.000000
118297 0.000000 0.000000 0.000000 1.000000
118298 0.000000 0.000000 0.000000 1.000000
118299 0.000000 0.000000 0.000000 1.000000
118300 0.000000 0.000000 0.000000 1.000000
118301 0.000000 0.000000 0.000000 1.000000
118302 0.000000 0.000000 0.000000 1.000000
118303 0.000000 0.000000 0.000000 1.000000
118304 0.000000 0.000000 0.000000 1.000000
118305 0.000000 0.000000 0.000000 1.000000
118306 0.000000 0.000000 0.000000 1.000000
118307 0.000000 0.000000 0.000000 1.000000
118308 0.000000 0.000000 0.000000 1.000000
118309 0.000000 0.000000 0.000000 1.000000
118310 0.000000 0.000000 0.000000 1.000000
118311 0.000000 0.000000 0.000000 1.000000
118312 0.000000 0.000000 0.000000 1.000000
118313 0.000000 0.000000 0.000000 1.000000
118319 0.000000 0.000000 0.000000 1.000000
118320 0.000000 0.000000 0.000000 1.000000
118321 0.000000 0.000000 0.000000 1.000000
118322 0.000000 0.000000 0.000000 1.000000
118323 0.000000 0.000000 0.000000 1.000000
118331 0.000000 0.000000 0.000000 1.000000
118332 0.000000 0.000000 0.000000 1.000000
118341 0.000000 0.000000 0.000000 1.000000
118342 0.000000 0.000000 0.000000 1.000000
118352 0.000000 0.000000 0.000000 1.000000
118353 0.000000 0.000000 0.000000 1.000000
118361 0.000000 0.000000 0.000000 1.000000
118364 0.000000 0.000000 0.000000 1.000000
118367 0.000000 0.000000 0.000000 1.000000
118368 0.000000 0.000000 0.000000 1.000000
118374 0.000000 0.000000 0.000000 1.000000
118375 0.000000 0.000000 0.000000 1.000000
118382 0.000000 0.000000 0.000000 1.000000
118388 0.000000 0.000000 0.000000 1.000000
118389 0.000000 0.000000 0.000000 1.000000
118393 0.000000 0.000000 0.000000 1.000000
118878 0.000000 0.000000 0.000000 1.000000
118879 0.000000 0.000000 0.000000 1.000000
118880 0.000000 0.000000 0.000000 1.000000
118881 0.000000 0.000000 0.000000 1.000000
118882 0.000000 0.000000 0.000000 1.000000
118883 0.000000 0.000000 0.000000 1.000000
118884 0.000000 0.000000 0.000000 1.000000
118885 0.000000 0.000000 0.000000 1.000000
118890 0.000000 0.000000 0.000000 1.000000
118891 0.000000 0.000000 0.000000 1.000000
118892 0.000000 0.000000 0.000000 1.000000
118893 0.000000 0.000000 0.000000 1.000000
118894 0.000000 0.000000 0.000000 1.000000
118895 0.000000 0.000000 0.000000 1.000000
118896 0.000000 0.000000 0.000000 1.000000
118897 0.000000 0.000000 0.000000 1.000000
118898 0.000000 0.000000 0.000000 1.000000
118899 0.000000 0.000000 0.000000 1.000000
118900 0.000000 0.000000 0.000000 1.000000
118909 0.000000 0.000000 0.000000 1.000000
118910 0.000000 0.000000 0.000000 1.000000
118911 0.000000 0.000000 0.000000 1.000000
118912 0.000000 0.000000 0.000000 1.000000
118913 0.000000 0.000000 0.000000 1.000000
118914 0.000000 0.000000 0.000000 1.000000
118915 0.000000 0.000000 0.000000 1.000000
118916 0.000000 0.000000 0.000000 1.000000
118917 0.000000 0.000000 0.000000 1.000000
118918 0.000000 0.000000 0.000000 1.000000
118925 0.000000 0.000000 0.000000 1.000000
118926 0.000000 0.000000 0.000000 1.000000
118933 0.000000 0.000000 0.000000 1.000000
118934 0.000000 0.000000 0.000000 1.000000
118944 0.000000 0.000000 0.000000 1.000000
118945 0.000000 0.000000 0.000000 1.000000
118953 0.000000 0.000000 0.000000 1.000000
118954 0.000000 0.000000 0.000000 1.000000
118961 0.000000 0.000000 0.000000 1.000000
118962 0.000000 0.000000 0.000000 1.000000
118967 0.000000 0.000000 0.000000 1.000000
118968 0.000000 0.000000 0.000000 1.000000
118970 0.000000 0.000000 0.000000 1.000000
118971 0.000000 0.000000 0.000000 1.000000
118974 0.000000 0.000000 0.000000 1.000000
118975 0.000000 0.000000 0.000000 1.000000
118978 0.000000 0.000000 0.000000 1.000000
118979 0.000000 0.000000 0.000000 1.000000
118980 0.000000 0.000000 0.000000 1.000000
118982 0.000000 0.000000 0.000000 1.000000
118983 0.000000 0.000000 0.000000 1.000000
118984 0.000000 0.000000 0.000000 1.000000
118985 0.000000 0.000000 0.000000 1.000000
118989 0.000000 0.000000 0.000000 1.000000
118990 0.000000 0.000000 0.000000 1.000000
118994 0.000000 0.000000 0.000000 1.000000
118995 0.000000 0.000000 0.000000 1.000000
119001 0.000000 0.000000 0.000000 1.000000
119431 0.000000 0.000000 0.000000 1.000000
119432 0.000000 0.000000 0.000000 1.000000
119433 0.000000 0.000000 0.000000 1.000000
119434 0.000000 0.000000 0.000000 1.000000
119435 0.000000 0.000000 0.000000 1.000000
119444 0.000000 0.000000 0.000000 1.000000
119445 0.000000 0.000000 0.000000 1.000000
119446 0.000000 0.000000 0.000000 1.000000
119447 0.000000 0.000000 0.000000 1.000000
119448 0.000000 0.000000 0.000000 1.000000
119449 0.000000 0.000000 0.000000 1.000000
119450 0.000000 0.000000 0.000000 1.000000
119451 0.000000 0.000000 0.000000 1.000000
119452 0.000000 0.000000 0.000000 1.000000
119456 0.000000 0.000000 0.000000 1.000000
119457 0.000000 0.000000 0.000000 1.000000
119458 0.000000 0.000000 0.000000 1.000000
119459 0.000000 0.000000 0.000000 1.000000
119460 0.000000 0.000000 0.000000 1.000000
119470 0.000000 0.000000 0.000000 1.000000
119471 0.000000 0.000000 0.000000 1.000000
119472 0.000000 0.000000 0.000000 1.000000
119473 0.000000 0.000000 0.000000 1.000000
119474 0.000000 0.000000 0.000000 1.000000
119475 0.000000 0.000000 0.000000 1.000000
119476 0.000000 0.000000 0.000000 1.000000
119477 0.000000 0.000000 0.000000 1.000000
119485 0.000000 0.000000 0.000000 1.000000
119486 0.000000 0.000000 0.000000 1.000000
119487 0.000000 0.000000 0.000000 1.000000
119495 0.000000 0.000000 0.000000 1.000000
119496 0.000000 0.000000 0.000000 1.000000
119505 0.000000 0.000000 0.000000 1.000000
119506 0.000000 0.000000 0.000000 1.000000
119513 0.000000 0.000000 0.000000 1.000000
119514 0.000000 0.000000 0.000000 1.000000
119522 0.000000 0.000000 0.000000 1.000000
119529 0.000000 0.000000 0.000000 1.000000
119532 0.000000 0.000000 0.000000 1.000000
119535 0.000000 0.000000 0.000000 1.000000
119536 0.000000 0.000000 0.000000 1.000000
119537 0.000000 0.000000 0.000000 1.000000
119538 0.000000 0.000000 0.000000 1.000000
119539 0.000000 0.000000 0.000000 1.000000
119540 0.000000 0.000000 0.000000 1.000000
119542 0.000000 0.000000 0.000000 1.000000
119543 0.000000 0.000000 0.000000 1.000000
119544 0.000000 0.000000 0.000000 1.000000
119545 0.000000 0.000000 0.000000 1.000000
119550 0.000000 0.000000 0.000000 1.000000
119551 0.000000 0.000000 0.000000 1.000000
119552 0.000000 0.000000 0.000000 1.000000
119556 0.000000 0.000000 0.000000 1.000000
119557 0.000000 0.000000 0.000000 1.000000
119558 0.000000 0.000000 0.000000 1.000000
119563 0.000000 0.000000 0.000000 1.000000
119573 0.000000 0.000000 0.000000 1.000000
119574 0.000000 0.000000 0.000000 1.000000
119579 0.000000 0.000000 0.000000 1.000000
119580 0.000000 0.000000 0.000000 1.000000
120068 0.000000 0.000000 0.000000 1.000000
120069 0.000000 0.000000 0.000000 1.000000
120070 0.000000 0.000000 0.000000 1.000000
120071 0.000000 0.000000 0.000000 1.000000
120072 0.000000 0.000000 0.000000 1.000000
120073 0.000000 0.000000 0.000000 1.000000
120081 0.000000 0.000000 0.000000 1.000000
120082 0.000000 0.000000 0.000000 1.000000
120083 0.000000 0.000000 0.000000 1.000000
120084 0.000000 0.000000 0.000000 1.000000
120085 0.000000 0.000000 0.000000 1.000000
120086 0.000000 0.000000 0.000000 1.000000
120087 0.000000 0.000000 0.000000 1.000000
120092 0.000000 0.000000 0.000000 1.000000
120093 0.000000 0.000000 0.000000 1.000000
120094 0.000000 0.000000 0.000000 1.000000
120095 0.000000 0.000000 0.000000 1.000000
120105 0.000000 0.000000 0.000000 1.000000
120106 0.000000 0.000000 0.000000 1.000000
120107 0.000000 0.000000 0.000000 1.000000
120108 0.000000 0.000000 0.000000 1.000000
120109 0.000000 0.000000 0.000000 1.000000
120110 0.000000 0.000000 0.000000 1.000000
120111 0.000000 0.000000 0.000000 1.000000
120117 0.000000 0.000000 0.000000 1.000000
120118 0.000000 0.000000 0.000000 1.000000
120119 0.000000 0.000000 0.000000 1.000000
120120 0.000000 0.000000 0.000000 1.000000
120121 0.000000 0.000000 0.000000 1.000000
120129 0.000000 0.000000 0.000000 1.000000
120130 0.000000 0.000000 0.000000 1.000000
120140 0.000000 0.000000 0.000000 1.000000
120148 0.000000 0.000000 0.000000 1.000000
120149 0.000000 0.000000 0.000000 1.000000
120155 0.000000 0.000000 0.000000 1.000000
120156 0.000000 0.000000 0.000000 1.000000
120164 0.000000 0.000000 0.000000 1.000000
120168 0.000000 0.000000 0.000000 1.000000
120169 0.000000 0.000000 0.000000 1.000000
120172 0.000000 0.000000 0.000000 1.000000
120173 0.000000 0.000000 0.000000 1.000000
120174 0.000000 0.000000 0.000000 1.000000
120175 0.000000 0.000000 0.000000 1.000000
120176 0.000000 0.000000 0.000000 1.000000
120179 0.000000 0.000000 0.000000 1.000000
120180 0.000000 0.000000 0.000000 1.000000
120181 0.000000 0.000000 0.000000 1.000000
120182 0.000000 0.000000 0.000000 1.000000
120183 0.000000 0.000000 0.000000 1.000000
120187 0.000000 0.000000 0.000000 1.000000
120188 0.000000 0.000000 0.000000 1.000000
120189 0.000000 0.000000 0.000000 1.000000
120190 0.000000 0.000000 0.000000 1.000000
120194 0.000000 0.000000 0.000000 1.000000
120195 0.000000 0.000000 0.000000 1.000000
120196 0.000000 0.000000 0.000000 1.000000
120197 0.000000 0.000000 0.000000 1.000000
120198 0.000000 0.000000 0.000000 1.000000
120203 0.000000 0.000000 0.000000 1.000000
120204 0.000000 0.000000 0.000000 1.000000
120205 0.000000 0.000000 0.000000 1.000000
120206 0.000000 0.000000 0.000000 1.000000
120207 0.000000 0.000000 0.000000 1.000000
120212 0.000000 0.000000 0.000000 1.000000
120213 0.000000 0.000000 0.000000 1.000000
120214 0.000000 0.000000 0.000000 1.000000
120215 0.000000 0.000000 0.000000 1.000000
120219 0.000000 0.000000 0.000000 1.000000
120220 0.000000 0.000000 0.000000 1.000000
120719 0.000000 0.000000 0.000000 1.000000
120720 0.000000 0.000000 0.000000 1.000000
120721 0.000000 0.000000 0.000000 1.000000
120722 0.000000 0.000000 0.000000 1.000000
120723 0.000000 0.000000 0.000000 1.000000
120724 0.000000 0.000000 0.000000 1.000000
120731 0.000000 0.000000 0.000000 1.000000
120732 0.000000 0.000000 0.000000 1.000000
120733 0.000000 0.000000 0.000000 1.000000
120734 0.000000 0.000000 0.000000 1.000000
120735 0.000000 0.000000 0.000000 1.000000
120736 0.000000 0.000000 0.000000 1.000000
120745 0.000000 0.000000 0.000000 1.000000
120746 0.000000 0.000000 0.000000 1.000000
120758 0.000000 0.000000 0.000000 1.000000
120759 0.000000 0.000000 0.000000 1.000000
120760 0.000000 0.000000 0.000000 1.000000
120761 0.000000 0.000000 0.000000 1.000000
120762 0.000000 0.000000 0.000000 1.000000
120770 0.000000 0.000000 0.000000 1.000000
120771 0.000000 0.000000 0.000000 1.000000
120772 0.000000 0.000000 0.000000 1.000000
120773 0.000000 0.000000 0.000000 1.000000
120774 0.000000 0.000000 0.000000 1.000000
120775 0.000000 0.000000 0.000000 1.000000
120776 0.000000 0.000000 0.000000 1.000000
120783 0.000000 0.000000 0.000000 1.000000
120784 0.000000 0.000000 0.000000 1.000000
120785 0.000000 0.000000 0.000000 1.000000
120794 0.000000 0.000000 0.000000 1.000000
120795 0.000000 0.000000 0.000000 1.000000
120801 0.000000 0.000000 0.000000 1.000000
120807 0.000000 0.000000 0.000000 1.000000
120808 0.000000 0.000000 0.000000 1.000000
120809 0.000000 0.000000 0.000000 1.000000
120818 0.000000 0.000000 0.000000 1.000000
120819 0.000000 0.000000 0.000000 1.000000
120824 0.000000 0.000000 0.000000 1.000000
120825 0.000000 0.000000 0.000000 1.000000
120826 0.000000 0.000000 0.000000 1.000000
120829 0.000000 0.000000 0.000000 1.000000
120830 0.000000 0.000000 0.000000 1.000000
120831 0.000000 0.000000 0.000000 1.000000
120832 0.000000 0.000000 0.000000 1.000000
120833 0.000000 0.000000 0.000000 1.000000
120834 0.000000 0.000000 0.000000 1.000000
120837 0.000000 0.000000 0.000000 1.000000
120838 0.000000 0.000000 0.000000 1.000000
120839 0.000000 0.000000 0.000000 1.000000
120840 0.000000 0.000000 0.000000 1.000000
120841 0.000000 0.000000 0.000000 1.000000
120842 0.000000 0.000000 0.000000 1.000000
120845 0.000000 0.000000 0.000000 1.000000
120846 0.000000 0.000000 0.000000 1.000000
120847 0.000000 0.000000 0.000000 1.000000
120852 0.000000 0.000000 0.000000 1.000000
120853 0.000000 0.000000 0.000000 1.000000
120854 0.000000 0.000000 0.000000 1.000000
120855 0.000000 0.000000 0.000000 1.000000
120860 0.000000 0.000000 0.000000 1.000000
120861 0.000000 0.000000 0.000000 1.000000
120862 0.000000 0.000000 0.000000 1.000000
120867 0.000000 0.000000 0.000000 1.000000
120868 0.000000 0.000000 0.000000 1.000000
120869 0.000000 0.000000 0.000000 1.000000
120870 0.000000 0.000000 0.000000 1.000000
120874 0.000000 0.000000 0.000000 1.000000
120875 0.000000 0.000000 0.000000 1.000000
120876 0.000000 0.000000 0.000000 1.000000
121389 0.000000 0.000000 0.000000 1.000000
121390 0.000000 0.000000 0.000000 1.000000
121391 0.000000 0.000000 0.000000 1.000000
121392 0.000000 0.000000 0.000000 1.000000
121393 0.000000 0.000000 0.000000 1.000000
121394 0.000000 0.000000 0.000000 1.000000
121399 0.000000 0.000000 0.000000 1.000000
121400 0.000000 0.000000 0.000000 1.000000
121401 0.000000 0.000000 0.000000 1.000000
121402 0.000000 0.000000 0.000000 1.000000
121403 0.000000 0.000000 0.000000 1.000000
121404 0.000000 0.000000 0.000000 1.000000
121413 0.000000 0.000000 0.000000 1.000000
121414 0.000000 0.000000 0.000000 1.000000
121415 0.000000 0.000000 0.000000 1.000000
121416 0.000000 0.000000 0.000000 1.000000
121425 0.000000 0.000000 0.000000 1.000000
121426 0.000000 0.000000 0.000000 1.000000
121427 0.000000 0.000000 0.000000 1.000000
121428 0.000000 0.000000 0.000000 1.000000
121437 0.000000 0.000000 0.000000 1.000000
121438 0.000000 0.000000 0.000000 1.000000
121439 0.000000 0.000000 0.000000 1.000000
121440 0.000000 0.000000 0.000000 1.000000
121441 0.000000 0.000000 0.000000 1.000000
121442 0.000000 0.000000 0.000000 1.000000
121443 0.000000 0.000000 0.000000 1.000000
121451 0.000000 0.000000 0.000000 1.000000
121452 0.000000 0.000000 0.000000 1.000000
121453 0.000000 0.000000 0.000000 1.000000
121454 0.000000 0.000000 0.000000 1.000000
121455 0.000000 0.000000 0.000000 1.000000
121456 0.000000 0.000000 0.000000 1.000000
121465 0.000000 0.000000 0.000000 1.000000
121466 0.000000 0.000000 0.000000 1.000000
121467 0.000000 0.000000 0.000000 1.000000
121474 0.000000 0.000000 0.000000 1.000000
121475 0.000000 0.000000 0.000000 1.000000
121476 0.000000 0.000000 0.000000 1.000000
121482 0.000000 0.000000 0.000000 1.000000
121483 0.000000 0.000000 0.000000 1.000000
121484 0.000000 0.000000 0.000000 1.000000
121485 0.000000 0.000000 0.000000 1.000000
121495 0.000000 0.000000 0.000000 1.000000
121496 0.000000 0.000000 0.000000 1.000000
121502 0.000000 0.000000 0.000000 1.000000
121503 0.000000 0.000000 0.000000 1.000000
121504 0.000000 0.000000 0.000000 1.000000
121506 0.000000 0.000000 0.000000 1.000000
121507 0.000000 0.000000 0.000000 1.000000
121508 0.000000 0.000000 0.000000 1.000000
121509 0.000000 0.000000 0.000000 1.000000
121510 0.000000 0.000000 0.000000 1.000000
121511 0.000000 0.000000 0.000000 1.000000
121514 0.000000 0.000000 0.000000 1.000000
121515 0.000000 0.000000 0.000000 1.000000
121516 0.000000 0.000000 0.000000 1.000000
121517 0.000000 0.000000 0.000000 1.000000
121518 0.000000 0.000000 0.000000 1.000000
121519 0.000000 0.000000 0.000000 1.000000
121520 0.000000 0.000000 0.000000 1.000000
121524 0.000000 0.000000 0.000000 1.000000
121525 0.000000 0.000000 0.000000 1.000000
121526 0.000000 0.000000 0.000000 1.000000
121532 0.000000 0.000000 0.000000 1.000000
121533 0.000000 0.000000 0.000000 1.000000
121534 0.000000 0.000000 0.000000 1.000000
121535 0.000000 0.000000 0.000000 1.000000
121540 0.000000 0.000000 0.000000 1.000000
121541 0.000000 0.000000 0.000000 1.000000
121542 0.000000 0.000000 0.000000 1.000000
121547 0.000000 0.000000 0.000000 1.000000
121548 0.000000 0.000000 0.000000 1.000000
121549 0.000000 0.000000 0.000000 1.000000
121550 0.000000 0.000000 0.000000 1.000000
121554 0.000000 0.000000 0.000000 1.000000
121555 0.000000 0.000000 0.000000 1.000000
121556 0.000000 0.000000 0.000000 1.000000
122055 0.000000 0.000000 0.000000 1.000000
122056 0.000000 0.000000 0.000000 1.000000
122057 0.000000 0.000000 0.000000 1.000000
122058 0.000000 0.000000 0.000000 1.000000
122059 0.000000 0.000000 0.000000 1.000000
122060 0.000000 0.000000 0.000000 1.000000
122069 0.000000 0.000000 0.000000 1.000000
122070 0.000000 0.000000 0.000000 1.000000
122071 0.000000 0.000000 0.000000 1.000000
122072 0.000000 0.000000 0.000000 1.000000
122073 0.000000 0.000000 0.000000 1.000000
122085 0.000000 0.000000 0.000000 1.000000
122086 0.000000 0.000000 0.000000 1.000000
122087 0.000000 0.000000 0.000000 1.000000
122096 0.000000 0.000000 0.000000 1.000000
122097 0.000000 0.000000 0.000000 1.000000
122107 0.000000 0.000000 0.000000 1.000000
122108 0.000000 0.000000 0.000000 1.000000
122109 0.000000 0.000000 0.000000 1.000000
122110 0.000000 0.000000 0.000000 1.000000
122111 0.000000 0.000000 0.000000 1.000000
122112 0.000000 0.000000 0.000000 1.000000
122113 0.000000 0.000000 0.000000 1.000000
122122 0.000000 0.000000 0.000000 1.000000
122123 0.000000 0.000000 0.000000 1.000000
122124 0.000000 0.000000 0.000000 1.000000
122125 0.000000 0.000000 0.000000 1.000000
122126 0.000000 0.000000 0.000000 1.000000
122127 0.000000 0.000000 0.000000 1.000000
122134 0.000000 0.000000 0.000000 1.000000
122135 0.000000 0.000000 0.000000 1.000000
122136 0.000000 0.000000 0.000000 1.000000
122137 0.000000 0.000000 0.000000 1.000000
122138 0.000000 0.000000 0.000000 1.000000
122139 0.000000 0.000000 0.000000 1.000000
122147 0.000000 0.000000 0.000000 1.000000
122148 0.000000 0.000000 0.000000 1.000000
122149 0.000000 0.000000 0.000000 1.000000
122157 0.000000 0.000000 0.000000 1.000000
122158 0.000000 0.000000 0.000000 1.000000
122169 0.000000 0.000000 0.000000 1.000000
122170 0.000000 0.000000 0.000000 1.000000
122177 0.000000 0.000000 0.000000 1.000000
122178 0.000000 0.000000 0.000000 1.000000
122180 0.000000 0.000000 0.000000 1.000000
122181 0.000000 0.000000 0.000000 1.000000
122182 0.000000 0.000000 0.000000 1.000000
122183 0.000000 0.000000 0.000000 1.000000
122186 0.000000 0.000000 0.000000 1.000000
122187 0.000000 0.000000 0.000000 1.000000
122188 0.000000 0.000000 0.000000 1.000000
122189 0.000000 0.000000 0.000000 1.000000
122190 0.000000 0.000000 0.000000 1.000000
122191 0.000000 0.000000 0.000000 1.000000
122192 0.000000 0.000000 0.000000 1.000000
122196 0.000000 0.000000 0.000000 1.000000
122197 0.000000 0.000000 0.000000 1.000000
122198 0.000000 0.000000 0.000000 1.000000
122203 0.000000 0.000000 0.000000 1.000000
122204 0.000000 0.000000 0.000000 1.000000
122205 0.000000 0.000000 0.000000 1.000000
122210 0.000000 0.000000 0.000000 1.000000
122211 0.000000 0.000000 0.000000 1.000000
122212 0.000000 0.000000 0.000000 1.000000
122216 0.000000 0.000000 0.000000 1.000000
122217 0.000000 0.000000 0.000000 1.000000
122218 0.000000 0.000000 0.000000 1.000000
122219 0.000000 0.000000 0.000000 1.000000
122223 0.000000 0.000000 0.000000 1.000000
122224 0.000000 0.000000 0.000000 1.000000
122225 0.000000 0.000000 0.000000 1.000000
122643 0.000000 0.000000 0.000000 1.000000
122644 0.000000 0.000000 0.000000 1.000000
122645 0.000000 0.000000 0.000000 1.000000
122646 0.000000 0.000000 0.000000 1.000000
122647 0.000000 0.000000 0.000000 1.000000
122657 0.000000 0.000000 0.000000 1.000000
122658 0.000000 0.000000 0.000000 1.000000
122659 0.000000 0.000000 0.000000 1.000000
122660 0.000000 0.000000 0.000000 1.000000
122661 0.000000 0.000000 0.000000 1.000000
122662 0.000000 0.000000 0.000000 1.000000
122663 0.000000 0.000000 0.000000 1.000000
122664 0.000000 0.000000 0.000000 1.000000
122674 0.000000 0.000000 0.000000 1.000000
122675 0.000000 0.000000 0.000000 1.000000
122676 0.000000 0.000000 0.000000 1.000000
122684 0.000000 0.000000 0.000000 1.000000
122694 0.000000 0.000000 0.000000 1.000000
122695 0.000000 0.000000 0.000000 1.000000
122696 0.000000 0.000000 0.000000 1.000000
122697 0.000000 0.000000 0.000000 1.000000
122698 0.000000 0.000000 0.000000 1.000000
122699 0.000000 0.000000 0.000000 1.000000
122700 0.000000 0.000000 0.000000 1.000000
122708 0.000000 0.000000 0.000000 1.000000
122709 0.000000 0.000000 0.000000 1.000000
122710 0.000000 0.000000 0.000000 1.000000
122711 0.000000 0.000000 0.000000 1.000000
122712 0.000000 0.000000 0.000000 1.000000
122713 0.000000 0.000000 0.000000 1.000000
122720 0.000000 0.000000 0.000000 1.000000
122721 0.000000 0.000000 0.000000 1.000000
122722 0.000000 0.000000 0.000000 1.000000
122723 0.000000 0.000000 0.000000 1.000000
122724 0.000000 0.000000 0.000000 1.000000
122725 0.000000 0.000000 0.000000 1.000000
122733 0.000000 0.000000 0.000000 1.000000
122734 0.000000 0.000000 0.000000 1.000000
122742 0.000000 0.000000 0.000000 1.000000
122743 0.000000 0.000000 0.000000 1.000000
122753 0.000000 0.000000 0.000000 1.000000
122754 0.000000 0.000000 0.000000 1.000000
122761 0.000000 0.000000 0.000000 1.000000
122762 0.000000 0.000000 0.000000 1.000000
122764 0.000000 0.000000 0.000000 1.000000
122765 0.000000 0.000000 0.000000 1.000000
122768 0.000000 0.000000 0.000000 1.000000
122769 0.000000 0.000000 0.000000 1.000000
122770 0.000000 0.000000 0.000000 1.000000
122771 0.000000 0.000000 0.000000 1.000000
122772 0.000000 0.000000 0.000000 1.000000
122773 0.000000 0.000000 0.000000 1.000000
122777 0.000000 0.000000 0.000000 1.000000
122778 0.000000 0.000000 0.000000 1.000000
122779 0.000000 0.000000 0.000000 1.000000
122784 0.000000 0.000000 0.000000 1.000000
122785 0.000000 0.000000 0.000000 1.000000
122786 0.000000 0.000000 0.000000 1.000000
122787 0.000000 0.000000 0.000000 1.000000
122792 0.000000 0.000000 0.000000 1.000000
122793 0.000000 0.000000 0.000000 1.000000
122794 0.000000 0.000000 0.000000 1.000000
122795 0.000000 0.000000 0.000000 1.000000
122796 0.000000 0.000000 0.000000 1.000000
122799 0.000000 0.000000 0.000000 1.000000
122800 0.000000 0.000000 0.000000 1.000000
122801 0.000000 0.000000 0.000000 1.000000
122802 0.000000 0.000000 0.000000 1.000000
122806 0.000000 0.000000 0.000000 1.000000
122807 0.000000 0.000000 0.000000 1.000000
122808 0.000000 0.000000 0.000000 1.000000
123145 0.000000 0.000000 0.000000 1.000000
123146 0.000000 0.000000 0.000000 1.000000
123147 0.000000 0.000000 0.000000 1.000000
123148 0.000000 0.000000 0.000000 1.000000
123149 0.000000 0.000000 0.000000 1.000000
123150 0.000000 0.000000 0.000000 1.000000
123151 0.000000 0.000000 0.000000 1.000000
123158 0.000000 0.000000 0.000000 1.000000
123159 0.000000 0.000000 0.000000 1.000000
123160 0.000000 0.000000 0.000000 1.000000
123161 0.000000 0.000000 0.000000 1.000000
123162 0.000000 0.000000 0.000000 1.000000
123163 0.000000 0.000000 0.000000 1.000000
123175 0.000000 0.000000 0.000000 1.000000
123185 0.000000 0.000000 0.000000 1.000000
123186 0.000000 0.000000 0.000000 1.000000
123187 0.000000 0.000000 0.000000 1.000000
123188 0.000000 0.000000 0.000000 1.000000
123189 0.000000 0.000000 0.000000 1.000000
123190 0.000000 0.000000 0.000000 1.000000
123191 0.000000 0.000000 0.000000 1.000000
123199 0.000000 0.000000 0.000000 1.000000
123200 0.000000 0.000000 0.000000 1.000000
123201 0.000000 0.000000 0.000000 1.000000
123202 0.000000 0.000000 0.000000 1.000000
123203 0.000000 0.000000 0.000000 1.000000
123204 0.000000 0.000000 0.000000 1.000000
123205 0.000000 0.000000 0.000000 1.000000
123214 0.000000 0.000000 0.000000 1.000000
123215 0.000000 0.000000 0.000000 1.000000
123216 0.000000 0.000000 0.000000 1.000000
123217 0.000000 0.000000 0.000000 1.000000
123218 0.000000 0.000000 0.000000 1.000000
123219 0.000000 0.000000 0.000000 1.000000
123220 0.000000 0.000000 0.000000 1.000000
123227 0.000000 0.000000 0.000000 1.000000
123228 0.000000 0.000000 0.000000 1.000000
123237 0.000000 0.000000 0.000000 1.000000
123238 0.000000 0.000000 0.000000 1.000000
123247 0.000000 0.000000 0.000000 1.000000
123248 0.000000 0.000000 0.000000 1.000000
123253 0.000000 0.000000 0.000000 1.000000
123254 0.000000 0.000000 0.000000 1.000000
123256 0.000000 0.000000 0.000000 1.000000
123259 0.000000 0.000000 0.000000 1.000000
123260 0.000000 0.000000 0.000000 1.000000
123261 0.000000 0.000000 0.000000 1.000000
123262 0.000000 0.000000 0.000000 1.000000
123263 0.000000 0.000000 0.000000 1.000000
123264 0.000000 0.000000 0.000000 1.000000
123265 0.000000 0.000000 0.000000 1.000000
123268 0.000000 0.000000 0.000000 1.000000
123269 0.000000 0.000000 0.000000 1.000000
123270 0.000000 0.000000 0.000000 1.000000
123271 0.000000 0.000000 0.000000 1.000000
123275 0.000000 0.000000 0.000000 1.000000
123276 0.000000 0.000000 0.000000 1.000000
123277 0.000000 0.000000 0.000000 1.000000
123282 0.000000 0.000000 0.000000 1.000000
123283 0.000000 0.000000 0.000000 1.000000
123284 0.000000 0.000000 0.000000 1.000000
123285 0.000000 0.000000 0.000000 1.000000
123289 0.000000 0.000000 0.000000 1.000000
123290 0.000000 0.000000 0.000000 1.000000
123294 0.000000 0.000000 0.000000 1.000000
123295 0.000000 0.000000 0.000000 1.000000
123296 0.000000 0.000000 0.000000 1.000000
123625 0.000000 0.000000 0.000000 1.000000
123626 0.000000 0.000000 0.000000 1.000000
123627 0.000000 0.000000 0.000000 1.000000
123628 0.000000 0.000000 0.000000 1.000000
123636 0.000000 0.000000 0.000000 1.000000
123637 0.000000 0.000000 0.000000 1.000000
123638 0.000000 0.000000 0.000000 1.000000
123639 0.000000 0.000000 0.000000 1.000000
123640 0.000000 0.000000 0.000000 1.000000
123641 0.000000 0.000000 0.000000 1.000000
123653 0.000000 0.000000 0.000000 1.000000
123654 0.000000 0.000000 0.000000 1.000000
123655 0.000000 0.000000 0.000000 1.000000
123663 0.000000 0.000000 0.000000 1.000000
123664 0.000000 0.000000 0.000000 1.000000
123665 0.000000 0.000000 0.000000 1.000000
123666 0.000000 0.000000 0.000000 1.000000
123667 0.000000 0.000000 0.000000 1.000000
123668 0.000000 0.000000 0.000000 1.000000
123669 0.000000 0.000000 0.000000 1.000000
123670 0.000000 0.000000 0.000000 1.000000
123671 0.000000 0.000000 0.000000 1.000000
123680 0.000000 0.000000 0.000000 1.000000
123681 0.000000 0.000000 0.000000 1.000000
123682 0.000000 0.000000 0.000000 1.000000
123683 0.000000 0.000000 0.000000 1.000000
123684 0.000000 0.000000 0.000000 1.000000
123685 0.000000 0.000000 0.000000 1.000000
123693 0.000000 0.000000 0.000000 1.000000
123694 0.000000 0.000000 0.000000 1.000000
123695 0.000000 0.000000 0.000000 1.000000
123696 0.000000 0.000000 0.000000 1.000000
123697 0.000000 0.000000 0.000000 1.000000
123698 0.000000 0.000000 0.000000 1.000000
123709 0.000000 0.000000 0.000000 1.000000
123710 0.000000 0.000000 0.000000 1.000000
123720 0.000000 0.000000 0.000000 1.000000
123721 0.000000 0.000000 0.000000 1.000000
123729 0.000000 0.000000 0.000000 1.000000
123730 0.000000 0.000000 0.000000 1.000000
123732 0.000000 0.000000 0.000000 1.000000
123734 0.000000 0.000000 0.000000 1.000000
123737 0.000000 0.000000 0.000000 1.000000
123738 0.000000 0.000000 0.000000 1.000000
123739 0.000000 0.000000 0.000000 1.000000
123740 0.000000 0.000000 0.000000 1.000000
123745 0.000000 0.000000 0.000000 1.000000
123746 0.000000 0.000000 0.000000 1.000000
123747 0.000000 0.000000 0.000000 1.000000
123753 0.000000 0.000000 0.000000 1.000000
123754 0.000000 0.000000 0.000000 1.000000
123755 0.000000 0.000000 0.000000 1.000000
123760 0.000000 0.000000 0.000000 1.000000
123761 0.000000 0.000000 0.000000 1.000000
123762 0.000000 0.000000 0.000000 1.000000
123763 0.000000 0.000000 0.000000 1.000000
123767 0.000000 0.000000 0.000000 1.000000
123768 0.000000 0.000000 0.000000 1.000000
123769 0.000000 0.000000 0.000000 1.000000
123773 0.000000 0.000000 0.000000 1.000000
123774 0.000000 0.000000 0.000000 1.000000
123775 0.000000 0.000000 0.000000 1.000000
124125 0.000000 0.000000 0.000000 1.000000
124126 0.000000 0.000000 0.000000 1.000000
124127 0.000000 0.000000 0.000000 1.000000
124128 0.000000 0.000000 0.000000 1.000000
124138 0.000000 0.000000 0.000000 1.000000
124139 0.000000 0.000000 0.000000 1.000000
124140 0.000000 0.000000 0.000000 1.000000
124141 0.000000 0.000000 0.000000 1.000000
124142 0.000000 0.000000 0.000000 1.000000
124151 0.000000 0.000000 0.000000 1.000000
124152 0.000000 0.000000 0.000000 1.000000
124153 0.000000 0.000000 0.000000 1.000000
124154 0.000000 0.000000 0.000000 1.000000
124155 0.000000 0.000000 0.000000 1.000000
124156 0.000000 0.000000 0.000000 1.000000
124157 0.000000 0.000000 0.000000 1.000000
124158 0.000000 0.000000 0.000000 1.000000
124159 0.000000 0.000000 0.000000 1.000000
124171 0.000000 0.000000 0.000000 1.000000
124172 0.000000 0.000000 0.000000 1.000000
124173 0.000000 0.000000 0.000000 1.000000
124174 0.000000 0.000000 0.000000 1.000000
124175 0.000000 0.000000 0.000000 1.000000
124176 0.000000 0.000000 0.000000 1.000000
124177 0.000000 0.000000 0.000000 1.000000
124178 0.000000 0.000000 0.000000 1.000000
124190 0.000000 0.000000 0.000000 1.000000
124191 0.000000 0.000000 0.000000 1.000000
124192 0.000000 0.000000 0.000000 1.000000
124193 0.000000 0.000000 0.000000 1.000000
124194 0.000000 0.000000 0.000000 1.000000
124195 0.000000 0.000000 0.000000 1.000000
124196 0.000000 0.000000 0.000000 1.000000
124209 0.000000 0.000000 0.000000 1.000000
124210 0.000000 0.000000 0.000000 1.000000
124219 0.000000 0.000000 0.000000 1.000000
124220 0.000000 0.000000 0.000000 1.000000
124226 0.000000 0.000000 0.000000 1.000000
124227 0.000000 0.000000 0.000000 1.000000
124229 0.000000 0.000000 0.000000 1.000000
124231 0.000000 0.000000 0.000000 1.000000
124235 0.000000 0.000000 0.000000 1.000000
124237 0.000000 0.000000 0.000000 1.000000
124244 0.000000 0.000000 0.000000 1.000000
124245 0.000000 0.000000 0.000000 1.000000
124253 0.000000 0.000000 0.000000 1.000000
124254 0.000000 0.000000 0.000000 1.000000
124260 0.000000 0.000000 0.000000 1.000000
124261 0.000000 0.000000 0.000000 1.000000
124262 0.000000 0.000000 0.000000 1.000000
124263 0.000000 0.000000 0.000000 1.000000
124268 0.000000 0.000000 0.000000 1.000000
124269 0.000000 0.000000 0.000000 1.000000
124270 0.000000 0.000000 0.000000 1.000000
124274 0.000000 0.000000 0.000000 1.000000
124275 0.000000 0.000000 0.000000 1.000000
124630 0.000000 0.000000 0.000000 1.000000
124631 0.000000 0.000000 0.000000 1.000000
124632 0.000000 0.000000 0.000000 1.000000
124645 0.000000 0.000000 0.000000 1.000000
124646 0.000000 0.000000 0.000000 1.000000
124647 0.000000 0.000000 0.000000 1.000000
124648 0.000000 0.000000 0.000000 1.000000
124649 0.000000 0.000000 0.000000 1.000000
124650 0.000000 0.000000 0.000000 1.000000
124666 0.000000 0.000000 0.000000 1.000000
124667 0.000000 0.000000 0.000000 1.000000
124668 0.000000 0.000000 0.000000 1.000000
124669 0.000000 0.000000 0.000000 1.000000
124670 0.000000 0.000000 0.000000 1.000000
124671 0.000000 0.000000 0.000000 1.000000
124672 0.000000 0.000000 0.000000 1.000000
124673 0.000000 0.000000 0.000000 1.000000
124674 0.000000 0.000000 0.000000 1.000000
124688 0.000000 0.000000 0.000000 1.000000
124689 0.000000 0.000000 0.000000 1.000000
124690 0.000000 0.000000 0.000000 1.000000
124704 0.000000 0.000000 0.000000 1.000000
124710 0.000000 0.000000 0.000000 1.000000
124711 0.000000 0.000000 0.000000 1.000000
124714 0.000000 0.000000 0.000000 1.000000
124750 0.000000 0.000000 0.000000 1.000000
124751 0.000000 0.000000 0.000000 1.000000
125213 0.000000 0.000000 0.000000 1.000000
125214 0.000000 0.000000 0.000000 1.000000
125215 0.000000 0.000000 0.000000 1.000000
125228 0.000000 0.000000 0.000000 1.000000
125229 0.000000 0.000000 0.000000 1.000000
125230 0.000000 0.000000 0.000000 1.000000
125231 0.000000 0.000000 0.000000 1.000000
125232 0.000000 0.000000 0.000000 1.000000
125233 0.000000 0.000000 0.000000 1.000000
125234 0.000000 0.000000 0.000000 1.000000
125253 0.000000 0.000000 0.000000 1.000000
125254 0.000000 0.000000 0.000000 1.000000
125255 0.000000 0.000000 0.000000 1.000000
125256 0.000000 0.000000 0.000000 1.000000
125257 0.000000 0.000000 0.000000 1.000000
125258 0.000000 0.000000 0.000000 1.000000
125259 0.000000 0.000000 0.000000 1.000000
125260 0.000000 0.000000 0.000000 1.000000
125261 0.000000 0.000000 0.000000 1.000000
125262 0.000000 0.000000 0.000000 1.000000
125787 0.000000 0.000000 0.000000 1.000000
125788 0.000000 0.000000 0.000000 1.000000
125789 0.000000 0.000000 0.000000 1.000000
125803 0.000000 0.000000 0.000000 1.000000
125804 0.000000 0.000000 0.000000 1.000000
125805 0.000000 0.000000 0.000000 1.000000
125806 0.000000 0.000000 0.000000 1.000000
125807 0.000000 0.000000 0.000000 1.000000
125824 0.000000 0.000000 0.000000 1.000000
125825 0.000000 0.000000 0.000000 1.000000
125826 0.000000 0.000000 0.000000 1.000000
125827 0.000000 0.000000 0.000000 1.000000
125828 0.000000 0.000000 0.000000 1.000000
125829 0.000000 0.000000 0.000000 1.000000
125845 0.000000 0.000000 0.000000 1.000000
125846 0.000000 0.000000 0.000000 1.000000
126318 0.000000 0.000000 0.000000 1.000000
126319 0.000000 0.000000 0.000000 1.000000
126320 0.000000 0.000000 0.000000 1.000000
126321 0.000000 0.000000 0.000000 1.000000
126331 0.000000 0.000000 0.000000 1.000000
126332 0.000000 0.000000 0.000000 1.000000
126333 0.000000 0.000000 0.000000 1.000000
126334 0.000000 0.000000 0.000000 1.000000
126349 0.000000 0.000000 0.000000 1.000000
126350 0.000000 0.000000 0.000000 1.000000
126370 0.000000 0.000000 0.000000 1.000000
126804 0.000000 0.000000 0.000000 1.000000
126805 0.000000 0.000000 0.000000 1.000000
126821 0.000000 0.000000 0.000000 1.000000
126822 0.000000 0.000000 0.000000 1.000000
126823 0.000000 0.000000 0.000000 1.000000
127338 0.000000 0.000000 0.000000 1.000000
127339 0.000000 0.000000 0.000000 1.000000
127833 0.000000 0.000000 0.000000 1.000000
