#
789
107030 0.000000 0.000000 0.000000 1.000000
107814 0.000000 0.000000 0.000000 1.000000
107815 0.000000 0.000000 0.000000 1.000000
107824 0.000000 0.000000 0.000000 1.000000
107825 0.000000 0.000000 0.000000 1.000000
107826 0.000000 0.000000 0.000000 1.000000
107827 0.000000 0.000000 0.000000 1.000000
107832 0.000000 0.000000 0.000000 1.000000
107833 0.000000 0.000000 0.000000 1.000000
107834 0.000000 0.000000 0.000000 1.000000
108591 0.000000 0.000000 0.000000 1.000000
108600 0.000000 0.000000 0.000000 1.000000
108601 0.000000 0.000000 0.000000 1.000000
108602 0.000000 0.000000 0.000000 1.000000
108611 0.000000 0.000000 0.000000 1.000000
108612 0.000000 0.000000 0.000000 1.000000
108613 0.000000 0.000000 0.000000 1.000000
108614 0.000000 0.000000 0.000000 1.000000
108615 0.000000 0.000000 0.000000 1.000000
108616 0.000000 0.000000 0.000000 1.000000
109324 0.000000 0.000000 0.000000 1.000000
109325 0.000000 0.000000 0.000000 1.000000
109326 0.000000 0.000000 0.000000 1.000000
109327 0.000000 0.000000 0.000000 1.000000
109336 0.000000 0.000000 0.000000 1.000000
109337 0.000000 0.000000 0.000000 1.000000
109338 0.000000 0.000000 0.000000 1.000000
109346 0.000000 0.000000 0.000000 1.000000
109347 0.000000 0.000000 0.000000 1.000000
109348 0.000000 0.000000 0.000000 1.000000
109351 0.000000 0.000000 0.000000 1.000000
109352 0.000000 0.000000 0.000000 1.000000
109353 0.000000 0.000000 0.000000 1.000000
109354 0.000000 0.000000 0.000000 1.000000
109355 0.000000 0.000000 0.000000 1.000000
109356 0.000000 0.000000 0.000000 1.000000
110080 0.000000 0.000000 0.000000 1.000000
110081 0.000000 0.000000 0.000000 1.000000
110082 0.000000 0.000000 0.000000 1.000000
110091 0.000000 0.000000 0.000000 1.000000
110092 0.000000 0.000000 0.000000 1.000000
110093 0.000000 0.000000 0.000000 1.000000
110094 0.000000 0.000000 0.000000 1.000000
110103 0.000000 0.000000 0.000000 1.000000
110104 0.000000 0.000000 0.000000 1.000000
110105 0.000000 0.000000 0.000000 1.000000
110106 0.000000 0.000000 0.000000 1.000000
110109 0.000000 0.000000 0.000000 1.000000
110110 0.000000 0.000000 0.000000 1.000000
110111 0.000000 0.000000 0.000000 1.000000
110112 0.000000 0.000000 0.000000 1.000000
110113 0.000000 0.000000 0.000000 1.000000
110114 0.000000 0.000000 0.000000 1.000000
110825 0.000000 0.000000 0.000000 1.000000
110826 0.000000 0.000000 0.000000 1.000000
110827 0.000000 0.000000 0.000000 1.000000
110836 0.000000 0.000000 0.000000 1.000000
110837 0.000000 0.000000 0.000000 1.000000
110838 0.000000 0.000000 0.000000 1.000000
110848 0.000000 0.000000 0.000000 1.000000
110849 0.000000 0.000000 0.000000 1.000000
110850 0.000000 0.000000 0.000000 1.000000
110854 0.000000 0.000000 0.000000 1.000000
110855 0.000000 0.000000 0.000000 1.000000
110856 0.000000 0.000000 0.000000 1.000000
110857 0.000000 0.000000 0.000000 1.000000
110858 0.000000 0.000000 0.000000 1.000000
110859 0.000000 0.000000 0.000000 1.000000
110860 0.000000 0.000000 0.000000 1.000000
110861 0.000000 0.000000 0.000000 1.000000
111509 0.000000 0.000000 0.000000 1.000000
111510 0.000000 0.000000 0.000000 1.000000
111511 0.000000 0.000000 0.000000 1.000000
111521 0.000000 0.000000 0.000000 1.000000
111522 0.000000 0.000000 0.000000 1.000000
111523 0.000000 0.000000 0.000000 1.000000
111530 0.000000 0.000000 0.000000 1.000000
111531 0.000000 0.000000 0.000000 1.000000
111532 0.000000 0.000000 0.000000 1.000000
111537 0.000000 0.000000 0.000000 1.000000
111538 0.000000 0.000000 0.000000 1.000000
111539 0.000000 0.000000 0.000000 1.000000
111540 0.000000 0.000000 0.000000 1.000000
111541 0.000000 0.000000 0.000000 1.000000
111542 0.000000 0.000000 0.000000 1.000000
111543 0.000000 0.000000 0.000000 1.000000
111544 0.000000 0.000000 0.000000 1.000000
111545 0.000000 0.000000 0.000000 1.000000
111546 0.000000 0.000000 0.000000 1.000000
111547 0.000000 0.000000 0.000000 1.000000
112185 0.000000 0.000000 0.000000 1.000000
112193 0.000000 0.000000 0.000000 1.000000
112194 0.000000 0.000000 0.000000 1.000000
112195 0.000000 0.000000 0.000000 1.000000
112202 0.000000 0.000000 0.000000 1.000000
112203 0.000000 0.000000 0.000000 1.000000
112204 0.000000 0.000000 0.000000 1.000000
112214 0.000000 0.000000 0.000000 1.000000
112215 0.000000 0.000000 0.000000 1.000000
112216 0.000000 0.000000 0.000000 1.000000
112221 0.000000 0.000000 0.000000 1.000000
112222 0.000000 0.000000 0.000000 1.000000
112223 0.000000 0.000000 0.000000 1.000000
112228 0.000000 0.000000 0.000000 1.000000
112229 0.000000 0.000000 0.000000 1.000000
112230 0.000000 0.000000 0.000000 1.000000
112231 0.000000 0.000000 0.000000 1.000000
112232 0.000000 0.000000 0.000000 1.000000
112233 0.000000 0.000000 0.000000 1.000000
112234 0.000000 0.000000 0.000000 1.000000
112235 0.000000 0.000000 0.000000 1.000000
112236 0.000000 0.000000 0.000000 1.000000
112237 0.000000 0.000000 0.000000 1.000000
112841 0.000000 0.000000 0.000000 1.000000
112850 0.000000 0.000000 0.000000 1.000000
112851 0.000000 0.000000 0.000000 1.000000
112852 0.000000 0.000000 0.000000 1.000000
112861 0.000000 0.000000 0.000000 1.000000
112862 0.000000 0.000000 0.000000 1.000000
112863 0.000000 0.000000 0.000000 1.000000
112871 0.000000 0.000000 0.000000 1.000000
112872 0.000000 0.000000 0.000000 1.000000
112873 0.000000 0.000000 0.000000 1.000000
112874 0.000000 0.000000 0.000000 1.000000
112879 0.000000 0.000000 0.000000 1.000000
112880 0.000000 0.000000 0.000000 1.000000
112881 0.000000 0.000000 0.000000 1.000000
112886 0.000000 0.000000 0.000000 1.000000
112887 0.000000 0.000000 0.000000 1.000000
112888 0.000000 0.000000 0.000000 1.000000
112889 0.000000 0.000000 0.000000 1.000000
112890 0.000000 0.000000 0.000000 1.000000
112891 0.000000 0.000000 0.000000 1.000000
112892 0.000000 0.000000 0.000000 1.000000
112893 0.000000 0.000000 0.000000 1.000000
112894 0.000000 0.000000 0.000000 1.000000
112895 0.000000 0.000000 0.000000 1.000000
113475 0.000000 0.000000 0.000000 1.000000
113494 0.000000 0.000000 0.000000 1.000000
113508 0.000000 0.000000 0.000000 1.000000
113519 0.000000 0.000000 0.000000 1.000000
113520 0.000000 0.000000 0.000000 1.000000
113521 0.000000 0.000000 0.000000 1.000000
113532 0.000000 0.000000 0.000000 1.000000
113533 0.000000 0.000000 0.000000 1.000000
113541 0.000000 0.000000 0.000000 1.000000
113542 0.000000 0.000000 0.000000 1.000000
113543 0.000000 0.000000 0.000000 1.000000
113544 0.000000 0.000000 0.000000 1.000000
113548 0.000000 0.000000 0.000000 1.000000
113549 0.000000 0.000000 0.000000 1.000000
113550 0.000000 0.000000 0.000000 1.000000
113551 0.000000 0.000000 0.000000 1.000000
113555 0.000000 0.000000 0.000000 1.000000
113556 0.000000 0.000000 0.000000 1.000000
113557 0.000000 0.000000 0.000000 1.000000
113558 0.000000 0.000000 0.000000 1.000000
113559 0.000000 0.000000 0.000000 1.000000
113560 0.000000 0.000000 0.000000 1.000000
113561 0.000000 0.000000 0.000000 1.000000
113562 0.000000 0.000000 0.000000 1.000000
113563 0.000000 0.000000 0.000000 1.000000
113564 0.000000 0.000000 0.000000 1.000000
113565 0.000000 0.000000 0.000000 1.000000
113566 0.000000 0.000000 0.000000 1.000000
114097 0.000000 0.000000 0.000000 1.000000
114101 0.000000 0.000000 0.000000 1.000000
114104 0.000000 0.000000 0.000000 1.000000
114112 0.000000 0.000000 0.000000 1.000000
114119 0.000000 0.000000 0.000000 1.000000
114120 0.000000 0.000000 0.000000 1.000000
114121 0.000000 0.000000 0.000000 1.000000
114132 0.000000 0.000000 0.000000 1.000000
114133 0.000000 0.000000 0.000000 1.000000
114145 0.000000 0.000000 0.000000 1.000000
114157 0.000000 0.000000 0.000000 1.000000
114158 0.000000 0.000000 0.000000 1.000000
114168 0.000000 0.000000 0.000000 1.000000
114169 0.000000 0.000000 0.000000 1.000000
114170 0.000000 0.000000 0.000000 1.000000
114180 0.000000 0.000000 0.000000 1.000000
114181 0.000000 0.000000 0.000000 1.000000
114182 0.000000 0.000000 0.000000 1.000000
114191 0.000000 0.000000 0.000000 1.000000
114192 0.000000 0.000000 0.000000 1.000000
114193 0.000000 0.000000 0.000000 1.000000
114203 0.000000 0.000000 0.000000 1.000000
114204 0.000000 0.000000 0.000000 1.000000
114213 0.000000 0.000000 0.000000 1.000000
114214 0.000000 0.000000 0.000000 1.000000
114215 0.000000 0.000000 0.000000 1.000000
114216 0.000000 0.000000 0.000000 1.000000
114220 0.000000 0.000000 0.000000 1.000000
114221 0.000000 0.000000 0.000000 1.000000
114222 0.000000 0.000000 0.000000 1.000000
114223 0.000000 0.000000 0.000000 1.000000
114227 0.000000 0.000000 0.000000 1.000000
114228 0.000000 0.000000 0.000000 1.000000
114229 0.000000 0.000000 0.000000 1.000000
114230 0.000000 0.000000 0.000000 1.000000
114231 0.000000 0.000000 0.000000 1.000000
114232 0.000000 0.000000 0.000000 1.000000
114233 0.000000 0.000000 0.000000 1.000000
114234 0.000000 0.000000 0.000000 1.000000
114235 0.000000 0.000000 0.000000 1.000000
114236 0.000000 0.000000 0.000000 1.000000
114237 0.000000 0.000000 0.000000 1.000000
114238 0.000000 0.000000 0.000000 1.000000
114767 0.000000 0.000000 0.000000 1.000000
114770 0.000000 0.000000 0.000000 1.000000
114772 0.000000 0.000000 0.000000 1.000000
114784 0.000000 0.000000 0.000000 1.000000
114799 0.000000 0.000000 0.000000 1.000000
114800 0.000000 0.000000 0.000000 1.000000
114801 0.000000 0.000000 0.000000 1.000000
114811 0.000000 0.000000 0.000000 1.000000
114812 0.000000 0.000000 0.000000 1.000000
114819 0.000000 0.000000 0.000000 1.000000
114831 0.000000 0.000000 0.000000 1.000000
114832 0.000000 0.000000 0.000000 1.000000
114841 0.000000 0.000000 0.000000 1.000000
114842 0.000000 0.000000 0.000000 1.000000
114853 0.000000 0.000000 0.000000 1.000000
114854 0.000000 0.000000 0.000000 1.000000
114855 0.000000 0.000000 0.000000 1.000000
114856 0.000000 0.000000 0.000000 1.000000
114864 0.000000 0.000000 0.000000 1.000000
114865 0.000000 0.000000 0.000000 1.000000
114866 0.000000 0.000000 0.000000 1.000000
114867 0.000000 0.000000 0.000000 1.000000
114876 0.000000 0.000000 0.000000 1.000000
114877 0.000000 0.000000 0.000000 1.000000
114878 0.000000 0.000000 0.000000 1.000000
114887 0.000000 0.000000 0.000000 1.000000
114888 0.000000 0.000000 0.000000 1.000000
114889 0.000000 0.000000 0.000000 1.000000
114890 0.000000 0.000000 0.000000 1.000000
114894 0.000000 0.000000 0.000000 1.000000
114895 0.000000 0.000000 0.000000 1.000000
114896 0.000000 0.000000 0.000000 1.000000
114900 0.000000 0.000000 0.000000 1.000000
114901 0.000000 0.000000 0.000000 1.000000
114902 0.000000 0.000000 0.000000 1.000000
114903 0.000000 0.000000 0.000000 1.000000
114904 0.000000 0.000000 0.000000 1.000000
114905 0.000000 0.000000 0.000000 1.000000
114906 0.000000 0.000000 0.000000 1.000000
114907 0.000000 0.000000 0.000000 1.000000
114908 0.000000 0.000000 0.000000 1.000000
114909 0.000000 0.000000 0.000000 1.000000
114910 0.000000 0.000000 0.000000 1.000000
114911 0.000000 0.000000 0.000000 1.000000
114912 0.000000 0.000000 0.000000 1.000000
115481 0.000000 0.000000 0.000000 1.000000
115484 0.000000 0.000000 0.000000 1.000000
115489 0.000000 0.000000 0.000000 1.000000
115506 0.000000 0.000000 0.000000 1.000000
115526 0.000000 0.000000 0.000000 1.000000
115527 0.000000 0.000000 0.000000 1.000000
115528 0.000000 0.000000 0.000000 1.000000
115540 0.000000 0.000000 0.000000 1.000000
115541 0.000000 0.000000 0.000000 1.000000
115552 0.000000 0.000000 0.000000 1.000000
115565 0.000000 0.000000 0.000000 1.000000
115566 0.000000 0.000000 0.000000 1.000000
115567 0.000000 0.000000 0.000000 1.000000
115581 0.000000 0.000000 0.000000 1.000000
115582 0.000000 0.000000 0.000000 1.000000
115594 0.000000 0.000000 0.000000 1.000000
115595 0.000000 0.000000 0.000000 1.000000
115596 0.000000 0.000000 0.000000 1.000000
115597 0.000000 0.000000 0.000000 1.000000
115608 0.000000 0.000000 0.000000 1.000000
115609 0.000000 0.000000 0.000000 1.000000
115610 0.000000 0.000000 0.000000 1.000000
115619 0.000000 0.000000 0.000000 1.000000
115620 0.000000 0.000000 0.000000 1.000000
115621 0.000000 0.000000 0.000000 1.000000
115626 0.000000 0.000000 0.000000 1.000000
115627 0.000000 0.000000 0.000000 1.000000
115628 0.000000 0.000000 0.000000 1.000000
115629 0.000000 0.000000 0.000000 1.000000
115634 0.000000 0.000000 0.000000 1.000000
115635 0.000000 0.000000 0.000000 1.000000
115636 0.000000 0.000000 0.000000 1.000000
115640 0.000000 0.000000 0.000000 1.000000
115641 0.000000 0.000000 0.000000 1.000000
115642 0.000000 0.000000 0.000000 1.000000
115643 0.000000 0.000000 0.000000 1.000000
115644 0.000000 0.000000 0.000000 1.000000
115645 0.000000 0.000000 0.000000 1.000000
115646 0.000000 0.000000 0.000000 1.000000
115647 0.000000 0.000000 0.000000 1.000000
115648 0.000000 0.000000 0.000000 1.000000
115649 0.000000 0.000000 0.000000 1.000000
115650 0.000000 0.000000 0.000000 1.000000
115651 0.000000 0.000000 0.000000 1.000000
116216 0.000000 0.000000 0.000000 1.000000
116217 0.000000 0.000000 0.000000 1.000000
116221 0.000000 0.000000 0.000000 1.000000
116222 0.000000 0.000000 0.000000 1.000000
116235 0.000000 0.000000 0.000000 1.000000
116236 0.000000 0.000000 0.000000 1.000000
116258 0.000000 0.000000 0.000000 1.000000
116259 0.000000 0.000000 0.000000 1.000000
116277 0.000000 0.000000 0.000000 1.000000
116278 0.000000 0.000000 0.000000 1.000000
116279 0.000000 0.000000 0.000000 1.000000
116291 0.000000 0.000000 0.000000 1.000000
116292 0.000000 0.000000 0.000000 1.000000
116300 0.000000 0.000000 0.000000 1.000000
116310 0.000000 0.000000 0.000000 1.000000
116311 0.000000 0.000000 0.000000 1.000000
116323 0.000000 0.000000 0.000000 1.000000
116324 0.000000 0.000000 0.000000 1.000000
116325 0.000000 0.000000 0.000000 1.000000
116337 0.000000 0.000000 0.000000 1.000000
116338 0.000000 0.000000 0.000000 1.000000
116339 0.000000 0.000000 0.000000 1.000000
116349 0.000000 0.000000 0.000000 1.000000
116350 0.000000 0.000000 0.000000 1.000000
116351 0.000000 0.000000 0.000000 1.000000
116356 0.000000 0.000000 0.000000 1.000000
116357 0.000000 0.000000 0.000000 1.000000
116358 0.000000 0.000000 0.000000 1.000000
116363 0.000000 0.000000 0.000000 1.000000
116364 0.000000 0.000000 0.000000 1.000000
116365 0.000000 0.000000 0.000000 1.000000
116366 0.000000 0.000000 0.000000 1.000000
116371 0.000000 0.000000 0.000000 1.000000
116372 0.000000 0.000000 0.000000 1.000000
116373 0.000000 0.000000 0.000000 1.000000
116374 0.000000 0.000000 0.000000 1.000000
116378 0.000000 0.000000 0.000000 1.000000
116379 0.000000 0.000000 0.000000 1.000000
116380 0.000000 0.000000 0.000000 1.000000
116381 0.000000 0.000000 0.000000 1.000000
116382 0.000000 0.000000 0.000000 1.000000
116383 0.000000 0.000000 0.000000 1.000000
116384 0.000000 0.000000 0.000000 1.000000
116385 0.000000 0.000000 0.000000 1.000000
116386 0.000000 0.000000 0.000000 1.000000
116387 0.000000 0.000000 0.000000 1.000000
116388 0.000000 0.000000 0.000000 1.000000
116389 0.000000 0.000000 0.000000 1.000000
116916 0.000000 0.000000 0.000000 1.000000
116922 0.000000 0.000000 0.000000 1.000000
116923 0.000000 0.000000 0.000000 1.000000
116934 0.000000 0.000000 0.000000 1.000000
116955 0.000000 0.000000 0.000000 1.000000
116976 0.000000 0.000000 0.000000 1.000000
116977 0.000000 0.000000 0.000000 1.000000
116992 0.000000 0.000000 0.000000 1.000000
116993 0.000000 0.000000 0.000000 1.000000
116994 0.000000 0.000000 0.000000 1.000000
117007 0.000000 0.000000 0.000000 1.000000
117008 0.000000 0.000000 0.000000 1.000000
117016 0.000000 0.000000 0.000000 1.000000
117024 0.000000 0.000000 0.000000 1.000000
117025 0.000000 0.000000 0.000000 1.000000
117038 0.000000 0.000000 0.000000 1.000000
117039 0.000000 0.000000 0.000000 1.000000
117050 0.000000 0.000000 0.000000 1.000000
117051 0.000000 0.000000 0.000000 1.000000
117052 0.000000 0.000000 0.000000 1.000000
117059 0.000000 0.000000 0.000000 1.000000
117060 0.000000 0.000000 0.000000 1.000000
117061 0.000000 0.000000 0.000000 1.000000
117062 0.000000 0.000000 0.000000 1.000000
117067 0.000000 0.000000 0.000000 1.000000
117068 0.000000 0.000000 0.000000 1.000000
117069 0.000000 0.000000 0.000000 1.000000
117073 0.000000 0.000000 0.000000 1.000000
117074 0.000000 0.000000 0.000000 1.000000
117075 0.000000 0.000000 0.000000 1.000000
117076 0.000000 0.000000 0.000000 1.000000
117080 0.000000 0.000000 0.000000 1.000000
117081 0.000000 0.000000 0.000000 1.000000
117082 0.000000 0.000000 0.000000 1.000000
117083 0.000000 0.000000 0.000000 1.000000
117087 0.000000 0.000000 0.000000 1.000000
117088 0.000000 0.000000 0.000000 1.000000
117089 0.000000 0.000000 0.000000 1.000000
117090 0.000000 0.000000 0.000000 1.000000
117091 0.000000 0.000000 0.000000 1.000000
117092 0.000000 0.000000 0.000000 1.000000
117093 0.000000 0.000000 0.000000 1.000000
117094 0.000000 0.000000 0.000000 1.000000
117095 0.000000 0.000000 0.000000 1.000000
117096 0.000000 0.000000 0.000000 1.000000
117097 0.000000 0.000000 0.000000 1.000000
117098 0.000000 0.000000 0.000000 1.000000
117610 0.000000 0.000000 0.000000 1.000000
117622 0.000000 0.000000 0.000000 1.000000
117623 0.000000 0.000000 0.000000 1.000000
117626 0.000000 0.000000 0.000000 1.000000
117648 0.000000 0.000000 0.000000 1.000000
117668 0.000000 0.000000 0.000000 1.000000
117682 0.000000 0.000000 0.000000 1.000000
117683 0.000000 0.000000 0.000000 1.000000
117694 0.000000 0.000000 0.000000 1.000000
117695 0.000000 0.000000 0.000000 1.000000
117696 0.000000 0.000000 0.000000 1.000000
117706 0.000000 0.000000 0.000000 1.000000
117707 0.000000 0.000000 0.000000 1.000000
117715 0.000000 0.000000 0.000000 1.000000
117721 0.000000 0.000000 0.000000 1.000000
117722 0.000000 0.000000 0.000000 1.000000
117732 0.000000 0.000000 0.000000 1.000000
117733 0.000000 0.000000 0.000000 1.000000
117742 0.000000 0.000000 0.000000 1.000000
117745 0.000000 0.000000 0.000000 1.000000
117746 0.000000 0.000000 0.000000 1.000000
117747 0.000000 0.000000 0.000000 1.000000
117748 0.000000 0.000000 0.000000 1.000000
117752 0.000000 0.000000 0.000000 1.000000
117753 0.000000 0.000000 0.000000 1.000000
117757 0.000000 0.000000 0.000000 1.000000
117758 0.000000 0.000000 0.000000 1.000000
117759 0.000000 0.000000 0.000000 1.000000
117760 0.000000 0.000000 0.000000 1.000000
117765 0.000000 0.000000 0.000000 1.000000
117766 0.000000 0.000000 0.000000 1.000000
117767 0.000000 0.000000 0.000000 1.000000
117768 0.000000 0.000000 0.000000 1.000000
117773 0.000000 0.000000 0.000000 1.000000
117774 0.000000 0.000000 0.000000 1.000000
117775 0.000000 0.000000 0.000000 1.000000
117776 0.000000 0.000000 0.000000 1.000000
117777 0.000000 0.000000 0.000000 1.000000
117778 0.000000 0.000000 0.000000 1.000000
117779 0.000000 0.000000 0.000000 1.000000
117780 0.000000 0.000000 0.000000 1.000000
117781 0.000000 0.000000 0.000000 1.000000
117782 0.000000 0.000000 0.000000 1.000000
117783 0.000000 0.000000 0.000000 1.000000
117784 0.000000 0.000000 0.000000 1.000000
117785 0.000000 0.000000 0.000000 1.000000
117786 0.000000 0.000000 0.000000 1.000000
117787 0.000000 0.000000 0.000000 1.000000
118278 0.000000 0.000000 0.000000 1.000000
118290 0.000000 0.000000 0.000000 1.000000
118291 0.000000 0.000000 0.000000 1.000000
118314 0.000000 0.000000 0.000000 1.000000
118315 0.000000 0.000000 0.000000 1.000000
118324 0.000000 0.000000 0.000000 1.000000
118325 0.000000 0.000000 0.000000 1.000000
118333 0.000000 0.000000 0.000000 1.000000
118334 0.000000 0.000000 0.000000 1.000000
118335 0.000000 0.000000 0.000000 1.000000
118343 0.000000 0.000000 0.000000 1.000000
118344 0.000000 0.000000 0.000000 1.000000
118345 0.000000 0.000000 0.000000 1.000000
118346 0.000000 0.000000 0.000000 1.000000
118354 0.000000 0.000000 0.000000 1.000000
118355 0.000000 0.000000 0.000000 1.000000
118362 0.000000 0.000000 0.000000 1.000000
118363 0.000000 0.000000 0.000000 1.000000
118365 0.000000 0.000000 0.000000 1.000000
118366 0.000000 0.000000 0.000000 1.000000
118372 0.000000 0.000000 0.000000 1.000000
118373 0.000000 0.000000 0.000000 1.000000
118380 0.000000 0.000000 0.000000 1.000000
118381 0.000000 0.000000 0.000000 1.000000
118384 0.000000 0.000000 0.000000 1.000000
118385 0.000000 0.000000 0.000000 1.000000
118386 0.000000 0.000000 0.000000 1.000000
118387 0.000000 0.000000 0.000000 1.000000
118391 0.000000 0.000000 0.000000 1.000000
118392 0.000000 0.000000 0.000000 1.000000
118396 0.000000 0.000000 0.000000 1.000000
118397 0.000000 0.000000 0.000000 1.000000
118398 0.000000 0.000000 0.000000 1.000000
118399 0.000000 0.000000 0.000000 1.000000
118404 0.000000 0.000000 0.000000 1.000000
118405 0.000000 0.000000 0.000000 1.000000
118406 0.000000 0.000000 0.000000 1.000000
118411 0.000000 0.000000 0.000000 1.000000
118412 0.000000 0.000000 0.000000 1.000000
118413 0.000000 0.000000 0.000000 1.000000
118414 0.000000 0.000000 0.000000 1.000000
118415 0.000000 0.000000 0.000000 1.000000
118416 0.000000 0.000000 0.000000 1.000000
118417 0.000000 0.000000 0.000000 1.000000
118418 0.000000 0.000000 0.000000 1.000000
118419 0.000000 0.000000 0.000000 1.000000
118420 0.000000 0.000000 0.000000 1.000000
118421 0.000000 0.000000 0.000000 1.000000
118422 0.000000 0.000000 0.000000 1.000000
118423 0.000000 0.000000 0.000000 1.000000
118424 0.000000 0.000000 0.000000 1.000000
118425 0.000000 0.000000 0.000000 1.000000
118426 0.000000 0.000000 0.000000 1.000000
118427 0.000000 0.000000 0.000000 1.000000
118927 0.000000 0.000000 0.000000 1.000000
118928 0.000000 0.000000 0.000000 1.000000
118935 0.000000 0.000000 0.000000 1.000000
118936 0.000000 0.000000 0.000000 1.000000
118937 0.000000 0.000000 0.000000 1.000000
118938 0.000000 0.000000 0.000000 1.000000
118946 0.000000 0.000000 0.000000 1.000000
118947 0.000000 0.000000 0.000000 1.000000
118948 0.000000 0.000000 0.000000 1.000000
118955 0.000000 0.000000 0.000000 1.000000
118963 0.000000 0.000000 0.000000 1.000000
118964 0.000000 0.000000 0.000000 1.000000
118969 0.000000 0.000000 0.000000 1.000000
118972 0.000000 0.000000 0.000000 1.000000
118973 0.000000 0.000000 0.000000 1.000000
118981 0.000000 0.000000 0.000000 1.000000
118986 0.000000 0.000000 0.000000 1.000000
118987 0.000000 0.000000 0.000000 1.000000
118988 0.000000 0.000000 0.000000 1.000000
118992 0.000000 0.000000 0.000000 1.000000
118993 0.000000 0.000000 0.000000 1.000000
118997 0.000000 0.000000 0.000000 1.000000
118998 0.000000 0.000000 0.000000 1.000000
118999 0.000000 0.000000 0.000000 1.000000
119000 0.000000 0.000000 0.000000 1.000000
119005 0.000000 0.000000 0.000000 1.000000
119006 0.000000 0.000000 0.000000 1.000000
119007 0.000000 0.000000 0.000000 1.000000
119012 0.000000 0.000000 0.000000 1.000000
119013 0.000000 0.000000 0.000000 1.000000
119014 0.000000 0.000000 0.000000 1.000000
119015 0.000000 0.000000 0.000000 1.000000
119016 0.000000 0.000000 0.000000 1.000000
119017 0.000000 0.000000 0.000000 1.000000
119018 0.000000 0.000000 0.000000 1.000000
119019 0.000000 0.000000 0.000000 1.000000
119020 0.000000 0.000000 0.000000 1.000000
119021 0.000000 0.000000 0.000000 1.000000
119022 0.000000 0.000000 0.000000 1.000000
119023 0.000000 0.000000 0.000000 1.000000
119024 0.000000 0.000000 0.000000 1.000000
119025 0.000000 0.000000 0.000000 1.000000
119026 0.000000 0.000000 0.000000 1.000000
119489 0.000000 0.000000 0.000000 1.000000
119490 0.000000 0.000000 0.000000 1.000000
119497 0.000000 0.000000 0.000000 1.000000
119498 0.000000 0.000000 0.000000 1.000000
119499 0.000000 0.000000 0.000000 1.000000
119500 0.000000 0.000000 0.000000 1.000000
119507 0.000000 0.000000 0.000000 1.000000
119508 0.000000 0.000000 0.000000 1.000000
119515 0.000000 0.000000 0.000000 1.000000
119523 0.000000 0.000000 0.000000 1.000000
119524 0.000000 0.000000 0.000000 1.000000
119530 0.000000 0.000000 0.000000 1.000000
119531 0.000000 0.000000 0.000000 1.000000
119533 0.000000 0.000000 0.000000 1.000000
119534 0.000000 0.000000 0.000000 1.000000
119541 0.000000 0.000000 0.000000 1.000000
119546 0.000000 0.000000 0.000000 1.000000
119547 0.000000 0.000000 0.000000 1.000000
119548 0.000000 0.000000 0.000000 1.000000
119549 0.000000 0.000000 0.000000 1.000000
119553 0.000000 0.000000 0.000000 1.000000
119554 0.000000 0.000000 0.000000 1.000000
119555 0.000000 0.000000 0.000000 1.000000
119559 0.000000 0.000000 0.000000 1.000000
119560 0.000000 0.000000 0.000000 1.000000
119561 0.000000 0.000000 0.000000 1.000000
119562 0.000000 0.000000 0.000000 1.000000
119567 0.000000 0.000000 0.000000 1.000000
119568 0.000000 0.000000 0.000000 1.000000
119569 0.000000 0.000000 0.000000 1.000000
119570 0.000000 0.000000 0.000000 1.000000
119575 0.000000 0.000000 0.000000 1.000000
119576 0.000000 0.000000 0.000000 1.000000
119577 0.000000 0.000000 0.000000 1.000000
119578 0.000000 0.000000 0.000000 1.000000
119581 0.000000 0.000000 0.000000 1.000000
119582 0.000000 0.000000 0.000000 1.000000
119583 0.000000 0.000000 0.000000 1.000000
119584 0.000000 0.000000 0.000000 1.000000
119585 0.000000 0.000000 0.000000 1.000000
119586 0.000000 0.000000 0.000000 1.000000
119587 0.000000 0.000000 0.000000 1.000000
119588 0.000000 0.000000 0.000000 1.000000
119589 0.000000 0.000000 0.000000 1.000000
119590 0.000000 0.000000 0.000000 1.000000
119591 0.000000 0.000000 0.000000 1.000000
119592 0.000000 0.000000 0.000000 1.000000
120123 0.000000 0.000000 0.000000 1.000000
120124 0.000000 0.000000 0.000000 1.000000
120131 0.000000 0.000000 0.000000 1.000000
120132 0.000000 0.000000 0.000000 1.000000
120133 0.000000 0.000000 0.000000 1.000000
120134 0.000000 0.000000 0.000000 1.000000
120141 0.000000 0.000000 0.000000 1.000000
120142 0.000000 0.000000 0.000000 1.000000
120150 0.000000 0.000000 0.000000 1.000000
120157 0.000000 0.000000 0.000000 1.000000
120158 0.000000 0.000000 0.000000 1.000000
120159 0.000000 0.000000 0.000000 1.000000
120165 0.000000 0.000000 0.000000 1.000000
120166 0.000000 0.000000 0.000000 1.000000
120167 0.000000 0.000000 0.000000 1.000000
120170 0.000000 0.000000 0.000000 1.000000
120171 0.000000 0.000000 0.000000 1.000000
120177 0.000000 0.000000 0.000000 1.000000
120178 0.000000 0.000000 0.000000 1.000000
120184 0.000000 0.000000 0.000000 1.000000
120185 0.000000 0.000000 0.000000 1.000000
120186 0.000000 0.000000 0.000000 1.000000
120191 0.000000 0.000000 0.000000 1.000000
120192 0.000000 0.000000 0.000000 1.000000
120193 0.000000 0.000000 0.000000 1.000000
120199 0.000000 0.000000 0.000000 1.000000
120200 0.000000 0.000000 0.000000 1.000000
120201 0.000000 0.000000 0.000000 1.000000
120202 0.000000 0.000000 0.000000 1.000000
120208 0.000000 0.000000 0.000000 1.000000
120209 0.000000 0.000000 0.000000 1.000000
120210 0.000000 0.000000 0.000000 1.000000
120211 0.000000 0.000000 0.000000 1.000000
120216 0.000000 0.000000 0.000000 1.000000
120217 0.000000 0.000000 0.000000 1.000000
120218 0.000000 0.000000 0.000000 1.000000
120221 0.000000 0.000000 0.000000 1.000000
120222 0.000000 0.000000 0.000000 1.000000
120223 0.000000 0.000000 0.000000 1.000000
120224 0.000000 0.000000 0.000000 1.000000
120225 0.000000 0.000000 0.000000 1.000000
120226 0.000000 0.000000 0.000000 1.000000
120227 0.000000 0.000000 0.000000 1.000000
120228 0.000000 0.000000 0.000000 1.000000
120229 0.000000 0.000000 0.000000 1.000000
120230 0.000000 0.000000 0.000000 1.000000
120231 0.000000 0.000000 0.000000 1.000000
120786 0.000000 0.000000 0.000000 1.000000
120787 0.000000 0.000000 0.000000 1.000000
120788 0.000000 0.000000 0.000000 1.000000
120789 0.000000 0.000000 0.000000 1.000000
120796 0.000000 0.000000 0.000000 1.000000
120802 0.000000 0.000000 0.000000 1.000000
120803 0.000000 0.000000 0.000000 1.000000
120810 0.000000 0.000000 0.000000 1.000000
120811 0.000000 0.000000 0.000000 1.000000
120812 0.000000 0.000000 0.000000 1.000000
120820 0.000000 0.000000 0.000000 1.000000
120821 0.000000 0.000000 0.000000 1.000000
120827 0.000000 0.000000 0.000000 1.000000
120828 0.000000 0.000000 0.000000 1.000000
120835 0.000000 0.000000 0.000000 1.000000
120836 0.000000 0.000000 0.000000 1.000000
120843 0.000000 0.000000 0.000000 1.000000
120844 0.000000 0.000000 0.000000 1.000000
120848 0.000000 0.000000 0.000000 1.000000
120849 0.000000 0.000000 0.000000 1.000000
120850 0.000000 0.000000 0.000000 1.000000
120851 0.000000 0.000000 0.000000 1.000000
120856 0.000000 0.000000 0.000000 1.000000
120857 0.000000 0.000000 0.000000 1.000000
120858 0.000000 0.000000 0.000000 1.000000
120859 0.000000 0.000000 0.000000 1.000000
120863 0.000000 0.000000 0.000000 1.000000
120864 0.000000 0.000000 0.000000 1.000000
120865 0.000000 0.000000 0.000000 1.000000
120866 0.000000 0.000000 0.000000 1.000000
120871 0.000000 0.000000 0.000000 1.000000
120872 0.000000 0.000000 0.000000 1.000000
120873 0.000000 0.000000 0.000000 1.000000
120877 0.000000 0.000000 0.000000 1.000000
120878 0.000000 0.000000 0.000000 1.000000
120879 0.000000 0.000000 0.000000 1.000000
120880 0.000000 0.000000 0.000000 1.000000
120881 0.000000 0.000000 0.000000 1.000000
120882 0.000000 0.000000 0.000000 1.000000
120883 0.000000 0.000000 0.000000 1.000000
120884 0.000000 0.000000 0.000000 1.000000
120885 0.000000 0.000000 0.000000 1.000000
120886 0.000000 0.000000 0.000000 1.000000
120887 0.000000 0.000000 0.000000 1.000000
121457 0.000000 0.000000 0.000000 1.000000
121487 0.000000 0.000000 0.000000 1.000000
121488 0.000000 0.000000 0.000000 1.000000
121497 0.000000 0.000000 0.000000 1.000000
121498 0.000000 0.000000 0.000000 1.000000
121505 0.000000 0.000000 0.000000 1.000000
121512 0.000000 0.000000 0.000000 1.000000
121513 0.000000 0.000000 0.000000 1.000000
121521 0.000000 0.000000 0.000000 1.000000
121522 0.000000 0.000000 0.000000 1.000000
121523 0.000000 0.000000 0.000000 1.000000
121527 0.000000 0.000000 0.000000 1.000000
121528 0.000000 0.000000 0.000000 1.000000
121529 0.000000 0.000000 0.000000 1.000000
121530 0.000000 0.000000 0.000000 1.000000
121531 0.000000 0.000000 0.000000 1.000000
121536 0.000000 0.000000 0.000000 1.000000
121537 0.000000 0.000000 0.000000 1.000000
121538 0.000000 0.000000 0.000000 1.000000
121539 0.000000 0.000000 0.000000 1.000000
121543 0.000000 0.000000 0.000000 1.000000
121544 0.000000 0.000000 0.000000 1.000000
121545 0.000000 0.000000 0.000000 1.000000
121546 0.000000 0.000000 0.000000 1.000000
121551 0.000000 0.000000 0.000000 1.000000
121552 0.000000 0.000000 0.000000 1.000000
121553 0.000000 0.000000 0.000000 1.000000
121557 0.000000 0.000000 0.000000 1.000000
121558 0.000000 0.000000 0.000000 1.000000
121559 0.000000 0.000000 0.000000 1.000000
121560 0.000000 0.000000 0.000000 1.000000
121561 0.000000 0.000000 0.000000 1.000000
121562 0.000000 0.000000 0.000000 1.000000
121563 0.000000 0.000000 0.000000 1.000000
121564 0.000000 0.000000 0.000000 1.000000
121565 0.000000 0.000000 0.000000 1.000000
121566 0.000000 0.000000 0.000000 1.000000
121567 0.000000 0.000000 0.000000 1.000000
121568 0.000000 0.000000 0.000000 1.000000
122185 0.000000 0.000000 0.000000 1.000000
122193 0.000000 0.000000 0.000000 1.000000
122194 0.000000 0.000000 0.000000 1.000000
122195 0.000000 0.000000 0.000000 1.000000
122199 0.000000 0.000000 0.000000 1.000000
122200 0.000000 0.000000 0.000000 1.000000
122201 0.000000 0.000000 0.000000 1.000000
122202 0.000000 0.000000 0.000000 1.000000
122206 0.000000 0.000000 0.000000 1.000000
122207 0.000000 0.000000 0.000000 1.000000
122208 0.000000 0.000000 0.000000 1.000000
122209 0.000000 0.000000 0.000000 1.000000
122213 0.000000 0.000000 0.000000 1.000000
122214 0.000000 0.000000 0.000000 1.000000
122215 0.000000 0.000000 0.000000 1.000000
122220 0.000000 0.000000 0.000000 1.000000
122221 0.000000 0.000000 0.000000 1.000000
122222 0.000000 0.000000 0.000000 1.000000
122226 0.000000 0.000000 0.000000 1.000000
122227 0.000000 0.000000 0.000000 1.000000
122228 0.000000 0.000000 0.000000 1.000000
122229 0.000000 0.000000 0.000000 1.000000
122230 0.000000 0.000000 0.000000 1.000000
122231 0.000000 0.000000 0.000000 1.000000
122232 0.000000 0.000000 0.000000 1.000000
122233 0.000000 0.000000 0.000000 1.000000
122234 0.000000 0.000000 0.000000 1.000000
122235 0.000000 0.000000 0.000000 1.000000
122774 0.000000 0.000000 0.000000 1.000000
122780 0.000000 0.000000 0.000000 1.000000
122781 0.000000 0.000000 0.000000 1.000000
122788 0.000000 0.000000 0.000000 1.000000
122789 0.000000 0.000000 0.000000 1.000000
122791 0.000000 0.000000 0.000000 1.000000
122797 0.000000 0.000000 0.000000 1.000000
122798 0.000000 0.000000 0.000000 1.000000
122803 0.000000 0.000000 0.000000 1.000000
122804 0.000000 0.000000 0.000000 1.000000
122805 0.000000 0.000000 0.000000 1.000000
122809 0.000000 0.000000 0.000000 1.000000
122810 0.000000 0.000000 0.000000 1.000000
122811 0.000000 0.000000 0.000000 1.000000
122812 0.000000 0.000000 0.000000 1.000000
122813 0.000000 0.000000 0.000000 1.000000
122814 0.000000 0.000000 0.000000 1.000000
122815 0.000000 0.000000 0.000000 1.000000
122816 0.000000 0.000000 0.000000 1.000000
122817 0.000000 0.000000 0.000000 1.000000
122818 0.000000 0.000000 0.000000 1.000000
123272 0.000000 0.000000 0.000000 1.000000
123278 0.000000 0.000000 0.000000 1.000000
123279 0.000000 0.000000 0.000000 1.000000
123286 0.000000 0.000000 0.000000 1.000000
123287 0.000000 0.000000 0.000000 1.000000
123291 0.000000 0.000000 0.000000 1.000000
123292 0.000000 0.000000 0.000000 1.000000
123293 0.000000 0.000000 0.000000 1.000000
123297 0.000000 0.000000 0.000000 1.000000
123298 0.000000 0.000000 0.000000 1.000000
123299 0.000000 0.000000 0.000000 1.000000
123300 0.000000 0.000000 0.000000 1.000000
123301 0.000000 0.000000 0.000000 1.000000
123302 0.000000 0.000000 0.000000 1.000000
123303 0.000000 0.000000 0.000000 1.000000
123748 0.000000 0.000000 0.000000 1.000000
123749 0.000000 0.000000 0.000000 1.000000
123756 0.000000 0.000000 0.000000 1.000000
123757 0.000000 0.000000 0.000000 1.000000
123765 0.000000 0.000000 0.000000 1.000000
123776 0.000000 0.000000 0.000000 1.000000
123778 0.000000 0.000000 0.000000 1.000000
123779 0.000000 0.000000 0.000000 1.000000
123780 0.000000 0.000000 0.000000 1.000000
124248 0.000000 0.000000 0.000000 1.000000
124249 0.000000 0.000000 0.000000 1.000000
