#
1469
23276 0.000000 0.000000 0.000000 1.000000
24191 0.000000 0.000000 0.000000 1.000000
24204 0.000000 0.000000 0.000000 1.000000
24205 0.000000 0.000000 0.000000 1.000000
24219 0.000000 0.000000 0.000000 1.000000
24220 0.000000 0.000000 0.000000 1.000000
24221 0.000000 0.000000 0.000000 1.000000
24237 0.000000 0.000000 0.000000 1.000000
24238 0.000000 0.000000 0.000000 1.000000
24239 0.000000 0.000000 0.000000 1.000000
25101 0.000000 0.000000 0.000000 1.000000
25102 0.000000 0.000000 0.000000 1.000000
25103 0.000000 0.000000 0.000000 1.000000
25122 0.000000 0.000000 0.000000 1.000000
25123 0.000000 0.000000 0.000000 1.000000
25134 0.000000 0.000000 0.000000 1.000000
25135 0.000000 0.000000 0.000000 1.000000
25138 0.000000 0.000000 0.000000 1.000000
25139 0.000000 0.000000 0.000000 1.000000
25140 0.000000 0.000000 0.000000 1.000000
25150 0.000000 0.000000 0.000000 1.000000
25151 0.000000 0.000000 0.000000 1.000000
25909 0.000000 0.000000 0.000000 1.000000
25910 0.000000 0.000000 0.000000 1.000000
25911 0.000000 0.000000 0.000000 1.000000
25912 0.000000 0.000000 0.000000 1.000000
25928 0.000000 0.000000 0.000000 1.000000
25929 0.000000 0.000000 0.000000 1.000000
25935 0.000000 0.000000 0.000000 1.000000
25936 0.000000 0.000000 0.000000 1.000000
25939 0.000000 0.000000 0.000000 1.000000
25940 0.000000 0.000000 0.000000 1.000000
25941 0.000000 0.000000 0.000000 1.000000
25942 0.000000 0.000000 0.000000 1.000000
25946 0.000000 0.000000 0.000000 1.000000
25947 0.000000 0.000000 0.000000 1.000000
25948 0.000000 0.000000 0.000000 1.000000
25949 0.000000 0.000000 0.000000 1.000000
25950 0.000000 0.000000 0.000000 1.000000
25951 0.000000 0.000000 0.000000 1.000000
26701 0.000000 0.000000 0.000000 1.000000
26702 0.000000 0.000000 0.000000 1.000000
26703 0.000000 0.000000 0.000000 1.000000
26704 0.000000 0.000000 0.000000 1.000000
26712 0.000000 0.000000 0.000000 1.000000
26713 0.000000 0.000000 0.000000 1.000000
26714 0.000000 0.000000 0.000000 1.000000
26716 0.000000 0.000000 0.000000 1.000000
26717 0.000000 0.000000 0.000000 1.000000
26720 0.000000 0.000000 0.000000 1.000000
26721 0.000000 0.000000 0.000000 1.000000
26725 0.000000 0.000000 0.000000 1.000000
26726 0.000000 0.000000 0.000000 1.000000
26727 0.000000 0.000000 0.000000 1.000000
26728 0.000000 0.000000 0.000000 1.000000
26729 0.000000 0.000000 0.000000 1.000000
26730 0.000000 0.000000 0.000000 1.000000
26731 0.000000 0.000000 0.000000 1.000000
26732 0.000000 0.000000 0.000000 1.000000
26733 0.000000 0.000000 0.000000 1.000000
26744 0.000000 0.000000 0.000000 1.000000
26745 0.000000 0.000000 0.000000 1.000000
26746 0.000000 0.000000 0.000000 1.000000
27524 0.000000 0.000000 0.000000 1.000000
27525 0.000000 0.000000 0.000000 1.000000
27526 0.000000 0.000000 0.000000 1.000000
27534 0.000000 0.000000 0.000000 1.000000
27535 0.000000 0.000000 0.000000 1.000000
27536 0.000000 0.000000 0.000000 1.000000
27537 0.000000 0.000000 0.000000 1.000000
27538 0.000000 0.000000 0.000000 1.000000
27541 0.000000 0.000000 0.000000 1.000000
27542 0.000000 0.000000 0.000000 1.000000
27543 0.000000 0.000000 0.000000 1.000000
27546 0.000000 0.000000 0.000000 1.000000
27548 0.000000 0.000000 0.000000 1.000000
27549 0.000000 0.000000 0.000000 1.000000
27550 0.000000 0.000000 0.000000 1.000000
27551 0.000000 0.000000 0.000000 1.000000
27552 0.000000 0.000000 0.000000 1.000000
27553 0.000000 0.000000 0.000000 1.000000
27554 0.000000 0.000000 0.000000 1.000000
27555 0.000000 0.000000 0.000000 1.000000
27556 0.000000 0.000000 0.000000 1.000000
27566 0.000000 0.000000 0.000000 1.000000
27567 0.000000 0.000000 0.000000 1.000000
27568 0.000000 0.000000 0.000000 1.000000
27569 0.000000 0.000000 0.000000 1.000000
27570 0.000000 0.000000 0.000000 1.000000
27571 0.000000 0.000000 0.000000 1.000000
27572 0.000000 0.000000 0.000000 1.000000
27573 0.000000 0.000000 0.000000 1.000000
27574 0.000000 0.000000 0.000000 1.000000
27575 0.000000 0.000000 0.000000 1.000000
27581 0.000000 0.000000 0.000000 1.000000
27582 0.000000 0.000000 0.000000 1.000000
27583 0.000000 0.000000 0.000000 1.000000
27584 0.000000 0.000000 0.000000 1.000000
27585 0.000000 0.000000 0.000000 1.000000
28418 0.000000 0.000000 0.000000 1.000000
28431 0.000000 0.000000 0.000000 1.000000
28432 0.000000 0.000000 0.000000 1.000000
28433 0.000000 0.000000 0.000000 1.000000
28434 0.000000 0.000000 0.000000 1.000000
28443 0.000000 0.000000 0.000000 1.000000
28444 0.000000 0.000000 0.000000 1.000000
28445 0.000000 0.000000 0.000000 1.000000
28446 0.000000 0.000000 0.000000 1.000000
28447 0.000000 0.000000 0.000000 1.000000
28448 0.000000 0.000000 0.000000 1.000000
28451 0.000000 0.000000 0.000000 1.000000
28452 0.000000 0.000000 0.000000 1.000000
28453 0.000000 0.000000 0.000000 1.000000
28454 0.000000 0.000000 0.000000 1.000000
28457 0.000000 0.000000 0.000000 1.000000
28458 0.000000 0.000000 0.000000 1.000000
28459 0.000000 0.000000 0.000000 1.000000
28460 0.000000 0.000000 0.000000 1.000000
28461 0.000000 0.000000 0.000000 1.000000
28462 0.000000 0.000000 0.000000 1.000000
28463 0.000000 0.000000 0.000000 1.000000
28469 0.000000 0.000000 0.000000 1.000000
28470 0.000000 0.000000 0.000000 1.000000
28471 0.000000 0.000000 0.000000 1.000000
28472 0.000000 0.000000 0.000000 1.000000
28473 0.000000 0.000000 0.000000 1.000000
28474 0.000000 0.000000 0.000000 1.000000
28475 0.000000 0.000000 0.000000 1.000000
28476 0.000000 0.000000 0.000000 1.000000
28477 0.000000 0.000000 0.000000 1.000000
28478 0.000000 0.000000 0.000000 1.000000
28479 0.000000 0.000000 0.000000 1.000000
28480 0.000000 0.000000 0.000000 1.000000
28488 0.000000 0.000000 0.000000 1.000000
28489 0.000000 0.000000 0.000000 1.000000
28490 0.000000 0.000000 0.000000 1.000000
28491 0.000000 0.000000 0.000000 1.000000
28492 0.000000 0.000000 0.000000 1.000000
28493 0.000000 0.000000 0.000000 1.000000
28494 0.000000 0.000000 0.000000 1.000000
28495 0.000000 0.000000 0.000000 1.000000
28496 0.000000 0.000000 0.000000 1.000000
28497 0.000000 0.000000 0.000000 1.000000
28498 0.000000 0.000000 0.000000 1.000000
28503 0.000000 0.000000 0.000000 1.000000
28504 0.000000 0.000000 0.000000 1.000000
28505 0.000000 0.000000 0.000000 1.000000
28506 0.000000 0.000000 0.000000 1.000000
28507 0.000000 0.000000 0.000000 1.000000
28508 0.000000 0.000000 0.000000 1.000000
28557 0.000000 0.000000 0.000000 1.000000
28558 0.000000 0.000000 0.000000 1.000000
28569 0.000000 0.000000 0.000000 1.000000
28570 0.000000 0.000000 0.000000 1.000000
29433 0.000000 0.000000 0.000000 1.000000
29434 0.000000 0.000000 0.000000 1.000000
29450 0.000000 0.000000 0.000000 1.000000
29451 0.000000 0.000000 0.000000 1.000000
29452 0.000000 0.000000 0.000000 1.000000
29453 0.000000 0.000000 0.000000 1.000000
29463 0.000000 0.000000 0.000000 1.000000
29464 0.000000 0.000000 0.000000 1.000000
29465 0.000000 0.000000 0.000000 1.000000
29466 0.000000 0.000000 0.000000 1.000000
29467 0.000000 0.000000 0.000000 1.000000
29468 0.000000 0.000000 0.000000 1.000000
29473 0.000000 0.000000 0.000000 1.000000
29474 0.000000 0.000000 0.000000 1.000000
29475 0.000000 0.000000 0.000000 1.000000
29476 0.000000 0.000000 0.000000 1.000000
29477 0.000000 0.000000 0.000000 1.000000
29478 0.000000 0.000000 0.000000 1.000000
29480 0.000000 0.000000 0.000000 1.000000
29481 0.000000 0.000000 0.000000 1.000000
29482 0.000000 0.000000 0.000000 1.000000
29483 0.000000 0.000000 0.000000 1.000000
29484 0.000000 0.000000 0.000000 1.000000
29485 0.000000 0.000000 0.000000 1.000000
29486 0.000000 0.000000 0.000000 1.000000
29487 0.000000 0.000000 0.000000 1.000000
29488 0.000000 0.000000 0.000000 1.000000
29494 0.000000 0.000000 0.000000 1.000000
29495 0.000000 0.000000 0.000000 1.000000
29496 0.000000 0.000000 0.000000 1.000000
29497 0.000000 0.000000 0.000000 1.000000
29498 0.000000 0.000000 0.000000 1.000000
29499 0.000000 0.000000 0.000000 1.000000
29500 0.000000 0.000000 0.000000 1.000000
29501 0.000000 0.000000 0.000000 1.000000
29502 0.000000 0.000000 0.000000 1.000000
29503 0.000000 0.000000 0.000000 1.000000
29504 0.000000 0.000000 0.000000 1.000000
29505 0.000000 0.000000 0.000000 1.000000
29511 0.000000 0.000000 0.000000 1.000000
29512 0.000000 0.000000 0.000000 1.000000
29513 0.000000 0.000000 0.000000 1.000000
29514 0.000000 0.000000 0.000000 1.000000
29515 0.000000 0.000000 0.000000 1.000000
29516 0.000000 0.000000 0.000000 1.000000
29517 0.000000 0.000000 0.000000 1.000000
29518 0.000000 0.000000 0.000000 1.000000
29519 0.000000 0.000000 0.000000 1.000000
29520 0.000000 0.000000 0.000000 1.000000
29521 0.000000 0.000000 0.000000 1.000000
29522 0.000000 0.000000 0.000000 1.000000
29526 0.000000 0.000000 0.000000 1.000000
29527 0.000000 0.000000 0.000000 1.000000
29528 0.000000 0.000000 0.000000 1.000000
29529 0.000000 0.000000 0.000000 1.000000
29530 0.000000 0.000000 0.000000 1.000000
29546 0.000000 0.000000 0.000000 1.000000
29547 0.000000 0.000000 0.000000 1.000000
29556 0.000000 0.000000 0.000000 1.000000
29557 0.000000 0.000000 0.000000 1.000000
29558 0.000000 0.000000 0.000000 1.000000
29559 0.000000 0.000000 0.000000 1.000000
29569 0.000000 0.000000 0.000000 1.000000
29570 0.000000 0.000000 0.000000 1.000000
29571 0.000000 0.000000 0.000000 1.000000
29572 0.000000 0.000000 0.000000 1.000000
29573 0.000000 0.000000 0.000000 1.000000
29580 0.000000 0.000000 0.000000 1.000000
29581 0.000000 0.000000 0.000000 1.000000
29582 0.000000 0.000000 0.000000 1.000000
29583 0.000000 0.000000 0.000000 1.000000
29584 0.000000 0.000000 0.000000 1.000000
29585 0.000000 0.000000 0.000000 1.000000
29592 0.000000 0.000000 0.000000 1.000000
29593 0.000000 0.000000 0.000000 1.000000
29594 0.000000 0.000000 0.000000 1.000000
29595 0.000000 0.000000 0.000000 1.000000
29596 0.000000 0.000000 0.000000 1.000000
29597 0.000000 0.000000 0.000000 1.000000
30503 0.000000 0.000000 0.000000 1.000000
30504 0.000000 0.000000 0.000000 1.000000
30519 0.000000 0.000000 0.000000 1.000000
30520 0.000000 0.000000 0.000000 1.000000
30521 0.000000 0.000000 0.000000 1.000000
30522 0.000000 0.000000 0.000000 1.000000
30535 0.000000 0.000000 0.000000 1.000000
30536 0.000000 0.000000 0.000000 1.000000
30537 0.000000 0.000000 0.000000 1.000000
30538 0.000000 0.000000 0.000000 1.000000
30539 0.000000 0.000000 0.000000 1.000000
30540 0.000000 0.000000 0.000000 1.000000
30546 0.000000 0.000000 0.000000 1.000000
30547 0.000000 0.000000 0.000000 1.000000
30548 0.000000 0.000000 0.000000 1.000000
30549 0.000000 0.000000 0.000000 1.000000
30550 0.000000 0.000000 0.000000 1.000000
30551 0.000000 0.000000 0.000000 1.000000
30552 0.000000 0.000000 0.000000 1.000000
30553 0.000000 0.000000 0.000000 1.000000
30554 0.000000 0.000000 0.000000 1.000000
30557 0.000000 0.000000 0.000000 1.000000
30558 0.000000 0.000000 0.000000 1.000000
30559 0.000000 0.000000 0.000000 1.000000
30560 0.000000 0.000000 0.000000 1.000000
30561 0.000000 0.000000 0.000000 1.000000
30562 0.000000 0.000000 0.000000 1.000000
30563 0.000000 0.000000 0.000000 1.000000
30564 0.000000 0.000000 0.000000 1.000000
30565 0.000000 0.000000 0.000000 1.000000
30566 0.000000 0.000000 0.000000 1.000000
30567 0.000000 0.000000 0.000000 1.000000
30575 0.000000 0.000000 0.000000 1.000000
30576 0.000000 0.000000 0.000000 1.000000
30577 0.000000 0.000000 0.000000 1.000000
30578 0.000000 0.000000 0.000000 1.000000
30579 0.000000 0.000000 0.000000 1.000000
30580 0.000000 0.000000 0.000000 1.000000
30581 0.000000 0.000000 0.000000 1.000000
30582 0.000000 0.000000 0.000000 1.000000
30583 0.000000 0.000000 0.000000 1.000000
30584 0.000000 0.000000 0.000000 1.000000
30592 0.000000 0.000000 0.000000 1.000000
30593 0.000000 0.000000 0.000000 1.000000
30594 0.000000 0.000000 0.000000 1.000000
30595 0.000000 0.000000 0.000000 1.000000
30596 0.000000 0.000000 0.000000 1.000000
30597 0.000000 0.000000 0.000000 1.000000
30598 0.000000 0.000000 0.000000 1.000000
30599 0.000000 0.000000 0.000000 1.000000
30600 0.000000 0.000000 0.000000 1.000000
30601 0.000000 0.000000 0.000000 1.000000
30602 0.000000 0.000000 0.000000 1.000000
30603 0.000000 0.000000 0.000000 1.000000
30604 0.000000 0.000000 0.000000 1.000000
30611 0.000000 0.000000 0.000000 1.000000
30612 0.000000 0.000000 0.000000 1.000000
30613 0.000000 0.000000 0.000000 1.000000
30614 0.000000 0.000000 0.000000 1.000000
30615 0.000000 0.000000 0.000000 1.000000
30616 0.000000 0.000000 0.000000 1.000000
30617 0.000000 0.000000 0.000000 1.000000
30618 0.000000 0.000000 0.000000 1.000000
30619 0.000000 0.000000 0.000000 1.000000
30620 0.000000 0.000000 0.000000 1.000000
30629 0.000000 0.000000 0.000000 1.000000
30630 0.000000 0.000000 0.000000 1.000000
30631 0.000000 0.000000 0.000000 1.000000
30632 0.000000 0.000000 0.000000 1.000000
30641 0.000000 0.000000 0.000000 1.000000
30642 0.000000 0.000000 0.000000 1.000000
30643 0.000000 0.000000 0.000000 1.000000
30644 0.000000 0.000000 0.000000 1.000000
30653 0.000000 0.000000 0.000000 1.000000
30654 0.000000 0.000000 0.000000 1.000000
30655 0.000000 0.000000 0.000000 1.000000
30656 0.000000 0.000000 0.000000 1.000000
30657 0.000000 0.000000 0.000000 1.000000
30658 0.000000 0.000000 0.000000 1.000000
30659 0.000000 0.000000 0.000000 1.000000
30660 0.000000 0.000000 0.000000 1.000000
30666 0.000000 0.000000 0.000000 1.000000
30667 0.000000 0.000000 0.000000 1.000000
30668 0.000000 0.000000 0.000000 1.000000
30669 0.000000 0.000000 0.000000 1.000000
30670 0.000000 0.000000 0.000000 1.000000
30671 0.000000 0.000000 0.000000 1.000000
30678 0.000000 0.000000 0.000000 1.000000
30679 0.000000 0.000000 0.000000 1.000000
30680 0.000000 0.000000 0.000000 1.000000
30681 0.000000 0.000000 0.000000 1.000000
30682 0.000000 0.000000 0.000000 1.000000
30683 0.000000 0.000000 0.000000 1.000000
30684 0.000000 0.000000 0.000000 1.000000
30689 0.000000 0.000000 0.000000 1.000000
30690 0.000000 0.000000 0.000000 1.000000
30691 0.000000 0.000000 0.000000 1.000000
30692 0.000000 0.000000 0.000000 1.000000
30693 0.000000 0.000000 0.000000 1.000000
30694 0.000000 0.000000 0.000000 1.000000
30695 0.000000 0.000000 0.000000 1.000000
30703 0.000000 0.000000 0.000000 1.000000
30704 0.000000 0.000000 0.000000 1.000000
31623 0.000000 0.000000 0.000000 1.000000
31634 0.000000 0.000000 0.000000 1.000000
31642 0.000000 0.000000 0.000000 1.000000
31643 0.000000 0.000000 0.000000 1.000000
31644 0.000000 0.000000 0.000000 1.000000
31645 0.000000 0.000000 0.000000 1.000000
31646 0.000000 0.000000 0.000000 1.000000
31647 0.000000 0.000000 0.000000 1.000000
31648 0.000000 0.000000 0.000000 1.000000
31649 0.000000 0.000000 0.000000 1.000000
31650 0.000000 0.000000 0.000000 1.000000
31656 0.000000 0.000000 0.000000 1.000000
31657 0.000000 0.000000 0.000000 1.000000
31658 0.000000 0.000000 0.000000 1.000000
31659 0.000000 0.000000 0.000000 1.000000
31660 0.000000 0.000000 0.000000 1.000000
31661 0.000000 0.000000 0.000000 1.000000
31662 0.000000 0.000000 0.000000 1.000000
31663 0.000000 0.000000 0.000000 1.000000
31664 0.000000 0.000000 0.000000 1.000000
31671 0.000000 0.000000 0.000000 1.000000
31672 0.000000 0.000000 0.000000 1.000000
31673 0.000000 0.000000 0.000000 1.000000
31674 0.000000 0.000000 0.000000 1.000000
31675 0.000000 0.000000 0.000000 1.000000
31676 0.000000 0.000000 0.000000 1.000000
31677 0.000000 0.000000 0.000000 1.000000
31684 0.000000 0.000000 0.000000 1.000000
31685 0.000000 0.000000 0.000000 1.000000
31686 0.000000 0.000000 0.000000 1.000000
31687 0.000000 0.000000 0.000000 1.000000
31688 0.000000 0.000000 0.000000 1.000000
31689 0.000000 0.000000 0.000000 1.000000
31690 0.000000 0.000000 0.000000 1.000000
31691 0.000000 0.000000 0.000000 1.000000
31692 0.000000 0.000000 0.000000 1.000000
31693 0.000000 0.000000 0.000000 1.000000
31694 0.000000 0.000000 0.000000 1.000000
31695 0.000000 0.000000 0.000000 1.000000
31702 0.000000 0.000000 0.000000 1.000000
31703 0.000000 0.000000 0.000000 1.000000
31704 0.000000 0.000000 0.000000 1.000000
31705 0.000000 0.000000 0.000000 1.000000
31706 0.000000 0.000000 0.000000 1.000000
31707 0.000000 0.000000 0.000000 1.000000
31708 0.000000 0.000000 0.000000 1.000000
31709 0.000000 0.000000 0.000000 1.000000
31710 0.000000 0.000000 0.000000 1.000000
31718 0.000000 0.000000 0.000000 1.000000
31719 0.000000 0.000000 0.000000 1.000000
31720 0.000000 0.000000 0.000000 1.000000
31721 0.000000 0.000000 0.000000 1.000000
31726 0.000000 0.000000 0.000000 1.000000
31727 0.000000 0.000000 0.000000 1.000000
31728 0.000000 0.000000 0.000000 1.000000
31729 0.000000 0.000000 0.000000 1.000000
31730 0.000000 0.000000 0.000000 1.000000
31731 0.000000 0.000000 0.000000 1.000000
31732 0.000000 0.000000 0.000000 1.000000
31733 0.000000 0.000000 0.000000 1.000000
31734 0.000000 0.000000 0.000000 1.000000
31741 0.000000 0.000000 0.000000 1.000000
31742 0.000000 0.000000 0.000000 1.000000
31743 0.000000 0.000000 0.000000 1.000000
31744 0.000000 0.000000 0.000000 1.000000
31745 0.000000 0.000000 0.000000 1.000000
31754 0.000000 0.000000 0.000000 1.000000
31755 0.000000 0.000000 0.000000 1.000000
31761 0.000000 0.000000 0.000000 1.000000
31762 0.000000 0.000000 0.000000 1.000000
31763 0.000000 0.000000 0.000000 1.000000
31764 0.000000 0.000000 0.000000 1.000000
31765 0.000000 0.000000 0.000000 1.000000
31773 0.000000 0.000000 0.000000 1.000000
31774 0.000000 0.000000 0.000000 1.000000
31775 0.000000 0.000000 0.000000 1.000000
31776 0.000000 0.000000 0.000000 1.000000
31777 0.000000 0.000000 0.000000 1.000000
31778 0.000000 0.000000 0.000000 1.000000
31785 0.000000 0.000000 0.000000 1.000000
31786 0.000000 0.000000 0.000000 1.000000
31787 0.000000 0.000000 0.000000 1.000000
31788 0.000000 0.000000 0.000000 1.000000
31789 0.000000 0.000000 0.000000 1.000000
31803 0.000000 0.000000 0.000000 1.000000
32693 0.000000 0.000000 0.000000 1.000000
32694 0.000000 0.000000 0.000000 1.000000
32695 0.000000 0.000000 0.000000 1.000000
32696 0.000000 0.000000 0.000000 1.000000
32697 0.000000 0.000000 0.000000 1.000000
32709 0.000000 0.000000 0.000000 1.000000
32710 0.000000 0.000000 0.000000 1.000000
32711 0.000000 0.000000 0.000000 1.000000
32712 0.000000 0.000000 0.000000 1.000000
32713 0.000000 0.000000 0.000000 1.000000
32714 0.000000 0.000000 0.000000 1.000000
32715 0.000000 0.000000 0.000000 1.000000
32726 0.000000 0.000000 0.000000 1.000000
32727 0.000000 0.000000 0.000000 1.000000
32742 0.000000 0.000000 0.000000 1.000000
32743 0.000000 0.000000 0.000000 1.000000
32744 0.000000 0.000000 0.000000 1.000000
32757 0.000000 0.000000 0.000000 1.000000
32758 0.000000 0.000000 0.000000 1.000000
32759 0.000000 0.000000 0.000000 1.000000
32760 0.000000 0.000000 0.000000 1.000000
32761 0.000000 0.000000 0.000000 1.000000
32762 0.000000 0.000000 0.000000 1.000000
32763 0.000000 0.000000 0.000000 1.000000
32770 0.000000 0.000000 0.000000 1.000000
32771 0.000000 0.000000 0.000000 1.000000
32772 0.000000 0.000000 0.000000 1.000000
32773 0.000000 0.000000 0.000000 1.000000
32774 0.000000 0.000000 0.000000 1.000000
32775 0.000000 0.000000 0.000000 1.000000
32776 0.000000 0.000000 0.000000 1.000000
32777 0.000000 0.000000 0.000000 1.000000
32778 0.000000 0.000000 0.000000 1.000000
32779 0.000000 0.000000 0.000000 1.000000
32780 0.000000 0.000000 0.000000 1.000000
32783 0.000000 0.000000 0.000000 1.000000
32784 0.000000 0.000000 0.000000 1.000000
32785 0.000000 0.000000 0.000000 1.000000
32786 0.000000 0.000000 0.000000 1.000000
32787 0.000000 0.000000 0.000000 1.000000
32788 0.000000 0.000000 0.000000 1.000000
32789 0.000000 0.000000 0.000000 1.000000
32790 0.000000 0.000000 0.000000 1.000000
32791 0.000000 0.000000 0.000000 1.000000
32792 0.000000 0.000000 0.000000 1.000000
32793 0.000000 0.000000 0.000000 1.000000
32800 0.000000 0.000000 0.000000 1.000000
32801 0.000000 0.000000 0.000000 1.000000
32809 0.000000 0.000000 0.000000 1.000000
32810 0.000000 0.000000 0.000000 1.000000
32822 0.000000 0.000000 0.000000 1.000000
32823 0.000000 0.000000 0.000000 1.000000
32824 0.000000 0.000000 0.000000 1.000000
32836 0.000000 0.000000 0.000000 1.000000
32837 0.000000 0.000000 0.000000 1.000000
32838 0.000000 0.000000 0.000000 1.000000
32839 0.000000 0.000000 0.000000 1.000000
32840 0.000000 0.000000 0.000000 1.000000
32855 0.000000 0.000000 0.000000 1.000000
32856 0.000000 0.000000 0.000000 1.000000
32857 0.000000 0.000000 0.000000 1.000000
32858 0.000000 0.000000 0.000000 1.000000
32881 0.000000 0.000000 0.000000 1.000000
32882 0.000000 0.000000 0.000000 1.000000
32898 0.000000 0.000000 0.000000 1.000000
33729 0.000000 0.000000 0.000000 1.000000
33730 0.000000 0.000000 0.000000 1.000000
33731 0.000000 0.000000 0.000000 1.000000
33732 0.000000 0.000000 0.000000 1.000000
33733 0.000000 0.000000 0.000000 1.000000
33748 0.000000 0.000000 0.000000 1.000000
33749 0.000000 0.000000 0.000000 1.000000
33750 0.000000 0.000000 0.000000 1.000000
33751 0.000000 0.000000 0.000000 1.000000
33752 0.000000 0.000000 0.000000 1.000000
33753 0.000000 0.000000 0.000000 1.000000
33754 0.000000 0.000000 0.000000 1.000000
33755 0.000000 0.000000 0.000000 1.000000
33756 0.000000 0.000000 0.000000 1.000000
33757 0.000000 0.000000 0.000000 1.000000
33758 0.000000 0.000000 0.000000 1.000000
33770 0.000000 0.000000 0.000000 1.000000
33771 0.000000 0.000000 0.000000 1.000000
33772 0.000000 0.000000 0.000000 1.000000
33773 0.000000 0.000000 0.000000 1.000000
33774 0.000000 0.000000 0.000000 1.000000
33775 0.000000 0.000000 0.000000 1.000000
33776 0.000000 0.000000 0.000000 1.000000
33777 0.000000 0.000000 0.000000 1.000000
33791 0.000000 0.000000 0.000000 1.000000
33792 0.000000 0.000000 0.000000 1.000000
33793 0.000000 0.000000 0.000000 1.000000
33794 0.000000 0.000000 0.000000 1.000000
33795 0.000000 0.000000 0.000000 1.000000
33796 0.000000 0.000000 0.000000 1.000000
33797 0.000000 0.000000 0.000000 1.000000
33798 0.000000 0.000000 0.000000 1.000000
33817 0.000000 0.000000 0.000000 1.000000
33818 0.000000 0.000000 0.000000 1.000000
33819 0.000000 0.000000 0.000000 1.000000
33820 0.000000 0.000000 0.000000 1.000000
33821 0.000000 0.000000 0.000000 1.000000
33832 0.000000 0.000000 0.000000 1.000000
33833 0.000000 0.000000 0.000000 1.000000
33834 0.000000 0.000000 0.000000 1.000000
33835 0.000000 0.000000 0.000000 1.000000
33836 0.000000 0.000000 0.000000 1.000000
33840 0.000000 0.000000 0.000000 1.000000
33841 0.000000 0.000000 0.000000 1.000000
33842 0.000000 0.000000 0.000000 1.000000
33845 0.000000 0.000000 0.000000 1.000000
33847 0.000000 0.000000 0.000000 1.000000
33851 0.000000 0.000000 0.000000 1.000000
33859 0.000000 0.000000 0.000000 1.000000
33860 0.000000 0.000000 0.000000 1.000000
33868 0.000000 0.000000 0.000000 1.000000
33869 0.000000 0.000000 0.000000 1.000000
33870 0.000000 0.000000 0.000000 1.000000
33876 0.000000 0.000000 0.000000 1.000000
33877 0.000000 0.000000 0.000000 1.000000
33878 0.000000 0.000000 0.000000 1.000000
33879 0.000000 0.000000 0.000000 1.000000
33880 0.000000 0.000000 0.000000 1.000000
33881 0.000000 0.000000 0.000000 1.000000
33891 0.000000 0.000000 0.000000 1.000000
33892 0.000000 0.000000 0.000000 1.000000
33893 0.000000 0.000000 0.000000 1.000000
33905 0.000000 0.000000 0.000000 1.000000
33906 0.000000 0.000000 0.000000 1.000000
34743 0.000000 0.000000 0.000000 1.000000
34744 0.000000 0.000000 0.000000 1.000000
34759 0.000000 0.000000 0.000000 1.000000
34760 0.000000 0.000000 0.000000 1.000000
34761 0.000000 0.000000 0.000000 1.000000
34762 0.000000 0.000000 0.000000 1.000000
34763 0.000000 0.000000 0.000000 1.000000
34764 0.000000 0.000000 0.000000 1.000000
34765 0.000000 0.000000 0.000000 1.000000
34766 0.000000 0.000000 0.000000 1.000000
34767 0.000000 0.000000 0.000000 1.000000
34779 0.000000 0.000000 0.000000 1.000000
34780 0.000000 0.000000 0.000000 1.000000
34781 0.000000 0.000000 0.000000 1.000000
34782 0.000000 0.000000 0.000000 1.000000
34783 0.000000 0.000000 0.000000 1.000000
34784 0.000000 0.000000 0.000000 1.000000
34785 0.000000 0.000000 0.000000 1.000000
34786 0.000000 0.000000 0.000000 1.000000
34787 0.000000 0.000000 0.000000 1.000000
34788 0.000000 0.000000 0.000000 1.000000
34789 0.000000 0.000000 0.000000 1.000000
34797 0.000000 0.000000 0.000000 1.000000
34798 0.000000 0.000000 0.000000 1.000000
34799 0.000000 0.000000 0.000000 1.000000
34800 0.000000 0.000000 0.000000 1.000000
34801 0.000000 0.000000 0.000000 1.000000
34802 0.000000 0.000000 0.000000 1.000000
34803 0.000000 0.000000 0.000000 1.000000
34804 0.000000 0.000000 0.000000 1.000000
34805 0.000000 0.000000 0.000000 1.000000
34806 0.000000 0.000000 0.000000 1.000000
34807 0.000000 0.000000 0.000000 1.000000
34808 0.000000 0.000000 0.000000 1.000000
34809 0.000000 0.000000 0.000000 1.000000
34810 0.000000 0.000000 0.000000 1.000000
34811 0.000000 0.000000 0.000000 1.000000
34828 0.000000 0.000000 0.000000 1.000000
34829 0.000000 0.000000 0.000000 1.000000
34830 0.000000 0.000000 0.000000 1.000000
34831 0.000000 0.000000 0.000000 1.000000
34832 0.000000 0.000000 0.000000 1.000000
34833 0.000000 0.000000 0.000000 1.000000
34834 0.000000 0.000000 0.000000 1.000000
34835 0.000000 0.000000 0.000000 1.000000
34836 0.000000 0.000000 0.000000 1.000000
34837 0.000000 0.000000 0.000000 1.000000
34838 0.000000 0.000000 0.000000 1.000000
34839 0.000000 0.000000 0.000000 1.000000
34840 0.000000 0.000000 0.000000 1.000000
34851 0.000000 0.000000 0.000000 1.000000
34852 0.000000 0.000000 0.000000 1.000000
34853 0.000000 0.000000 0.000000 1.000000
34854 0.000000 0.000000 0.000000 1.000000
34855 0.000000 0.000000 0.000000 1.000000
34856 0.000000 0.000000 0.000000 1.000000
34857 0.000000 0.000000 0.000000 1.000000
34858 0.000000 0.000000 0.000000 1.000000
34859 0.000000 0.000000 0.000000 1.000000
34860 0.000000 0.000000 0.000000 1.000000
34863 0.000000 0.000000 0.000000 1.000000
34864 0.000000 0.000000 0.000000 1.000000
34865 0.000000 0.000000 0.000000 1.000000
34866 0.000000 0.000000 0.000000 1.000000
34867 0.000000 0.000000 0.000000 1.000000
34868 0.000000 0.000000 0.000000 1.000000
34869 0.000000 0.000000 0.000000 1.000000
34872 0.000000 0.000000 0.000000 1.000000
34873 0.000000 0.000000 0.000000 1.000000
34874 0.000000 0.000000 0.000000 1.000000
34875 0.000000 0.000000 0.000000 1.000000
34877 0.000000 0.000000 0.000000 1.000000
34878 0.000000 0.000000 0.000000 1.000000
34879 0.000000 0.000000 0.000000 1.000000
34880 0.000000 0.000000 0.000000 1.000000
34881 0.000000 0.000000 0.000000 1.000000
34887 0.000000 0.000000 0.000000 1.000000
34888 0.000000 0.000000 0.000000 1.000000
34889 0.000000 0.000000 0.000000 1.000000
34890 0.000000 0.000000 0.000000 1.000000
34891 0.000000 0.000000 0.000000 1.000000
34896 0.000000 0.000000 0.000000 1.000000
34897 0.000000 0.000000 0.000000 1.000000
34898 0.000000 0.000000 0.000000 1.000000
34899 0.000000 0.000000 0.000000 1.000000
34902 0.000000 0.000000 0.000000 1.000000
34908 0.000000 0.000000 0.000000 1.000000
34909 0.000000 0.000000 0.000000 1.000000
34910 0.000000 0.000000 0.000000 1.000000
34911 0.000000 0.000000 0.000000 1.000000
34918 0.000000 0.000000 0.000000 1.000000
34919 0.000000 0.000000 0.000000 1.000000
34920 0.000000 0.000000 0.000000 1.000000
34921 0.000000 0.000000 0.000000 1.000000
34922 0.000000 0.000000 0.000000 1.000000
34923 0.000000 0.000000 0.000000 1.000000
34936 0.000000 0.000000 0.000000 1.000000
34937 0.000000 0.000000 0.000000 1.000000
34944 0.000000 0.000000 0.000000 1.000000
34945 0.000000 0.000000 0.000000 1.000000
34948 0.000000 0.000000 0.000000 1.000000
34949 0.000000 0.000000 0.000000 1.000000
35660 0.000000 0.000000 0.000000 1.000000
35661 0.000000 0.000000 0.000000 1.000000
35662 0.000000 0.000000 0.000000 1.000000
35663 0.000000 0.000000 0.000000 1.000000
35671 0.000000 0.000000 0.000000 1.000000
35672 0.000000 0.000000 0.000000 1.000000
35673 0.000000 0.000000 0.000000 1.000000
35674 0.000000 0.000000 0.000000 1.000000
35675 0.000000 0.000000 0.000000 1.000000
35676 0.000000 0.000000 0.000000 1.000000
35677 0.000000 0.000000 0.000000 1.000000
35694 0.000000 0.000000 0.000000 1.000000
35695 0.000000 0.000000 0.000000 1.000000
35696 0.000000 0.000000 0.000000 1.000000
35697 0.000000 0.000000 0.000000 1.000000
35698 0.000000 0.000000 0.000000 1.000000
35699 0.000000 0.000000 0.000000 1.000000
35700 0.000000 0.000000 0.000000 1.000000
35701 0.000000 0.000000 0.000000 1.000000
35702 0.000000 0.000000 0.000000 1.000000
35715 0.000000 0.000000 0.000000 1.000000
35716 0.000000 0.000000 0.000000 1.000000
35717 0.000000 0.000000 0.000000 1.000000
35718 0.000000 0.000000 0.000000 1.000000
35719 0.000000 0.000000 0.000000 1.000000
35720 0.000000 0.000000 0.000000 1.000000
35721 0.000000 0.000000 0.000000 1.000000
35722 0.000000 0.000000 0.000000 1.000000
35723 0.000000 0.000000 0.000000 1.000000
35724 0.000000 0.000000 0.000000 1.000000
35725 0.000000 0.000000 0.000000 1.000000
35726 0.000000 0.000000 0.000000 1.000000
35732 0.000000 0.000000 0.000000 1.000000
35733 0.000000 0.000000 0.000000 1.000000
35734 0.000000 0.000000 0.000000 1.000000
35735 0.000000 0.000000 0.000000 1.000000
35736 0.000000 0.000000 0.000000 1.000000
35737 0.000000 0.000000 0.000000 1.000000
35738 0.000000 0.000000 0.000000 1.000000
35739 0.000000 0.000000 0.000000 1.000000
35740 0.000000 0.000000 0.000000 1.000000
35741 0.000000 0.000000 0.000000 1.000000
35742 0.000000 0.000000 0.000000 1.000000
35743 0.000000 0.000000 0.000000 1.000000
35748 0.000000 0.000000 0.000000 1.000000
35749 0.000000 0.000000 0.000000 1.000000
35750 0.000000 0.000000 0.000000 1.000000
35751 0.000000 0.000000 0.000000 1.000000
35752 0.000000 0.000000 0.000000 1.000000
35753 0.000000 0.000000 0.000000 1.000000
35754 0.000000 0.000000 0.000000 1.000000
35755 0.000000 0.000000 0.000000 1.000000
35761 0.000000 0.000000 0.000000 1.000000
35762 0.000000 0.000000 0.000000 1.000000
35763 0.000000 0.000000 0.000000 1.000000
35764 0.000000 0.000000 0.000000 1.000000
35770 0.000000 0.000000 0.000000 1.000000
35771 0.000000 0.000000 0.000000 1.000000
35772 0.000000 0.000000 0.000000 1.000000
35774 0.000000 0.000000 0.000000 1.000000
35775 0.000000 0.000000 0.000000 1.000000
35776 0.000000 0.000000 0.000000 1.000000
35777 0.000000 0.000000 0.000000 1.000000
35778 0.000000 0.000000 0.000000 1.000000
35779 0.000000 0.000000 0.000000 1.000000
35782 0.000000 0.000000 0.000000 1.000000
35783 0.000000 0.000000 0.000000 1.000000
35784 0.000000 0.000000 0.000000 1.000000
35785 0.000000 0.000000 0.000000 1.000000
35786 0.000000 0.000000 0.000000 1.000000
35791 0.000000 0.000000 0.000000 1.000000
35798 0.000000 0.000000 0.000000 1.000000
35799 0.000000 0.000000 0.000000 1.000000
35800 0.000000 0.000000 0.000000 1.000000
35801 0.000000 0.000000 0.000000 1.000000
35802 0.000000 0.000000 0.000000 1.000000
35803 0.000000 0.000000 0.000000 1.000000
35804 0.000000 0.000000 0.000000 1.000000
35816 0.000000 0.000000 0.000000 1.000000
35817 0.000000 0.000000 0.000000 1.000000
35818 0.000000 0.000000 0.000000 1.000000
35819 0.000000 0.000000 0.000000 1.000000
35820 0.000000 0.000000 0.000000 1.000000
35821 0.000000 0.000000 0.000000 1.000000
35822 0.000000 0.000000 0.000000 1.000000
35823 0.000000 0.000000 0.000000 1.000000
35834 0.000000 0.000000 0.000000 1.000000
35835 0.000000 0.000000 0.000000 1.000000
35841 0.000000 0.000000 0.000000 1.000000
35842 0.000000 0.000000 0.000000 1.000000
36550 0.000000 0.000000 0.000000 1.000000
36551 0.000000 0.000000 0.000000 1.000000
36565 0.000000 0.000000 0.000000 1.000000
36566 0.000000 0.000000 0.000000 1.000000
36567 0.000000 0.000000 0.000000 1.000000
36568 0.000000 0.000000 0.000000 1.000000
36588 0.000000 0.000000 0.000000 1.000000
36589 0.000000 0.000000 0.000000 1.000000
36590 0.000000 0.000000 0.000000 1.000000
36600 0.000000 0.000000 0.000000 1.000000
36601 0.000000 0.000000 0.000000 1.000000
36602 0.000000 0.000000 0.000000 1.000000
36603 0.000000 0.000000 0.000000 1.000000
36604 0.000000 0.000000 0.000000 1.000000
36610 0.000000 0.000000 0.000000 1.000000
36611 0.000000 0.000000 0.000000 1.000000
36612 0.000000 0.000000 0.000000 1.000000
36613 0.000000 0.000000 0.000000 1.000000
36614 0.000000 0.000000 0.000000 1.000000
36615 0.000000 0.000000 0.000000 1.000000
36620 0.000000 0.000000 0.000000 1.000000
36621 0.000000 0.000000 0.000000 1.000000
36622 0.000000 0.000000 0.000000 1.000000
36623 0.000000 0.000000 0.000000 1.000000
36624 0.000000 0.000000 0.000000 1.000000
36625 0.000000 0.000000 0.000000 1.000000
36629 0.000000 0.000000 0.000000 1.000000
36630 0.000000 0.000000 0.000000 1.000000
36631 0.000000 0.000000 0.000000 1.000000
36632 0.000000 0.000000 0.000000 1.000000
36636 0.000000 0.000000 0.000000 1.000000
36637 0.000000 0.000000 0.000000 1.000000
36638 0.000000 0.000000 0.000000 1.000000
36641 0.000000 0.000000 0.000000 1.000000
36642 0.000000 0.000000 0.000000 1.000000
36643 0.000000 0.000000 0.000000 1.000000
36644 0.000000 0.000000 0.000000 1.000000
36645 0.000000 0.000000 0.000000 1.000000
36646 0.000000 0.000000 0.000000 1.000000
36648 0.000000 0.000000 0.000000 1.000000
36649 0.000000 0.000000 0.000000 1.000000
36650 0.000000 0.000000 0.000000 1.000000
36651 0.000000 0.000000 0.000000 1.000000
36652 0.000000 0.000000 0.000000 1.000000
36657 0.000000 0.000000 0.000000 1.000000
36658 0.000000 0.000000 0.000000 1.000000
36665 0.000000 0.000000 0.000000 1.000000
36666 0.000000 0.000000 0.000000 1.000000
36667 0.000000 0.000000 0.000000 1.000000
36668 0.000000 0.000000 0.000000 1.000000
36669 0.000000 0.000000 0.000000 1.000000
36670 0.000000 0.000000 0.000000 1.000000
36671 0.000000 0.000000 0.000000 1.000000
36672 0.000000 0.000000 0.000000 1.000000
36683 0.000000 0.000000 0.000000 1.000000
36684 0.000000 0.000000 0.000000 1.000000
36685 0.000000 0.000000 0.000000 1.000000
36686 0.000000 0.000000 0.000000 1.000000
36687 0.000000 0.000000 0.000000 1.000000
36688 0.000000 0.000000 0.000000 1.000000
36689 0.000000 0.000000 0.000000 1.000000
36690 0.000000 0.000000 0.000000 1.000000
36691 0.000000 0.000000 0.000000 1.000000
36692 0.000000 0.000000 0.000000 1.000000
36702 0.000000 0.000000 0.000000 1.000000
36703 0.000000 0.000000 0.000000 1.000000
36704 0.000000 0.000000 0.000000 1.000000
36705 0.000000 0.000000 0.000000 1.000000
37458 0.000000 0.000000 0.000000 1.000000
37459 0.000000 0.000000 0.000000 1.000000
37462 0.000000 0.000000 0.000000 1.000000
37463 0.000000 0.000000 0.000000 1.000000
37464 0.000000 0.000000 0.000000 1.000000
37478 0.000000 0.000000 0.000000 1.000000
37494 0.000000 0.000000 0.000000 1.000000
37495 0.000000 0.000000 0.000000 1.000000
37496 0.000000 0.000000 0.000000 1.000000
37503 0.000000 0.000000 0.000000 1.000000
37504 0.000000 0.000000 0.000000 1.000000
37505 0.000000 0.000000 0.000000 1.000000
37508 0.000000 0.000000 0.000000 1.000000
37509 0.000000 0.000000 0.000000 1.000000
37510 0.000000 0.000000 0.000000 1.000000
37511 0.000000 0.000000 0.000000 1.000000
37514 0.000000 0.000000 0.000000 1.000000
37515 0.000000 0.000000 0.000000 1.000000
37516 0.000000 0.000000 0.000000 1.000000
37517 0.000000 0.000000 0.000000 1.000000
37518 0.000000 0.000000 0.000000 1.000000
37522 0.000000 0.000000 0.000000 1.000000
37523 0.000000 0.000000 0.000000 1.000000
37524 0.000000 0.000000 0.000000 1.000000
37525 0.000000 0.000000 0.000000 1.000000
37529 0.000000 0.000000 0.000000 1.000000
37530 0.000000 0.000000 0.000000 1.000000
37531 0.000000 0.000000 0.000000 1.000000
37532 0.000000 0.000000 0.000000 1.000000
37535 0.000000 0.000000 0.000000 1.000000
37536 0.000000 0.000000 0.000000 1.000000
37537 0.000000 0.000000 0.000000 1.000000
37538 0.000000 0.000000 0.000000 1.000000
37539 0.000000 0.000000 0.000000 1.000000
37540 0.000000 0.000000 0.000000 1.000000
37543 0.000000 0.000000 0.000000 1.000000
37544 0.000000 0.000000 0.000000 1.000000
37545 0.000000 0.000000 0.000000 1.000000
37546 0.000000 0.000000 0.000000 1.000000
37547 0.000000 0.000000 0.000000 1.000000
37550 0.000000 0.000000 0.000000 1.000000
37551 0.000000 0.000000 0.000000 1.000000
37552 0.000000 0.000000 0.000000 1.000000
37553 0.000000 0.000000 0.000000 1.000000
37559 0.000000 0.000000 0.000000 1.000000
37560 0.000000 0.000000 0.000000 1.000000
37561 0.000000 0.000000 0.000000 1.000000
37562 0.000000 0.000000 0.000000 1.000000
37563 0.000000 0.000000 0.000000 1.000000
37564 0.000000 0.000000 0.000000 1.000000
37565 0.000000 0.000000 0.000000 1.000000
37566 0.000000 0.000000 0.000000 1.000000
37567 0.000000 0.000000 0.000000 1.000000
37568 0.000000 0.000000 0.000000 1.000000
37577 0.000000 0.000000 0.000000 1.000000
37578 0.000000 0.000000 0.000000 1.000000
37579 0.000000 0.000000 0.000000 1.000000
37580 0.000000 0.000000 0.000000 1.000000
37581 0.000000 0.000000 0.000000 1.000000
37582 0.000000 0.000000 0.000000 1.000000
37583 0.000000 0.000000 0.000000 1.000000
37598 0.000000 0.000000 0.000000 1.000000
37599 0.000000 0.000000 0.000000 1.000000
37600 0.000000 0.000000 0.000000 1.000000
37612 0.000000 0.000000 0.000000 1.000000
38397 0.000000 0.000000 0.000000 1.000000
38398 0.000000 0.000000 0.000000 1.000000
38408 0.000000 0.000000 0.000000 1.000000
38409 0.000000 0.000000 0.000000 1.000000
38412 0.000000 0.000000 0.000000 1.000000
38413 0.000000 0.000000 0.000000 1.000000
38416 0.000000 0.000000 0.000000 1.000000
38417 0.000000 0.000000 0.000000 1.000000
38419 0.000000 0.000000 0.000000 1.000000
38420 0.000000 0.000000 0.000000 1.000000
38422 0.000000 0.000000 0.000000 1.000000
38423 0.000000 0.000000 0.000000 1.000000
38437 0.000000 0.000000 0.000000 1.000000
38438 0.000000 0.000000 0.000000 1.000000
38453 0.000000 0.000000 0.000000 1.000000
38454 0.000000 0.000000 0.000000 1.000000
38461 0.000000 0.000000 0.000000 1.000000
38462 0.000000 0.000000 0.000000 1.000000
38466 0.000000 0.000000 0.000000 1.000000
38467 0.000000 0.000000 0.000000 1.000000
38468 0.000000 0.000000 0.000000 1.000000
38469 0.000000 0.000000 0.000000 1.000000
38472 0.000000 0.000000 0.000000 1.000000
38473 0.000000 0.000000 0.000000 1.000000
38474 0.000000 0.000000 0.000000 1.000000
38475 0.000000 0.000000 0.000000 1.000000
38479 0.000000 0.000000 0.000000 1.000000
38480 0.000000 0.000000 0.000000 1.000000
38481 0.000000 0.000000 0.000000 1.000000
38482 0.000000 0.000000 0.000000 1.000000
38486 0.000000 0.000000 0.000000 1.000000
38487 0.000000 0.000000 0.000000 1.000000
38488 0.000000 0.000000 0.000000 1.000000
38489 0.000000 0.000000 0.000000 1.000000
38492 0.000000 0.000000 0.000000 1.000000
38493 0.000000 0.000000 0.000000 1.000000
38494 0.000000 0.000000 0.000000 1.000000
38495 0.000000 0.000000 0.000000 1.000000
38496 0.000000 0.000000 0.000000 1.000000
38498 0.000000 0.000000 0.000000 1.000000
38499 0.000000 0.000000 0.000000 1.000000
38500 0.000000 0.000000 0.000000 1.000000
38504 0.000000 0.000000 0.000000 1.000000
38505 0.000000 0.000000 0.000000 1.000000
38506 0.000000 0.000000 0.000000 1.000000
38507 0.000000 0.000000 0.000000 1.000000
38508 0.000000 0.000000 0.000000 1.000000
38509 0.000000 0.000000 0.000000 1.000000
38510 0.000000 0.000000 0.000000 1.000000
38516 0.000000 0.000000 0.000000 1.000000
38517 0.000000 0.000000 0.000000 1.000000
38518 0.000000 0.000000 0.000000 1.000000
38519 0.000000 0.000000 0.000000 1.000000
38520 0.000000 0.000000 0.000000 1.000000
38521 0.000000 0.000000 0.000000 1.000000
38522 0.000000 0.000000 0.000000 1.000000
38523 0.000000 0.000000 0.000000 1.000000
38524 0.000000 0.000000 0.000000 1.000000
38525 0.000000 0.000000 0.000000 1.000000
38539 0.000000 0.000000 0.000000 1.000000
38540 0.000000 0.000000 0.000000 1.000000
38541 0.000000 0.000000 0.000000 1.000000
38542 0.000000 0.000000 0.000000 1.000000
38557 0.000000 0.000000 0.000000 1.000000
38569 0.000000 0.000000 0.000000 1.000000
39367 0.000000 0.000000 0.000000 1.000000
39368 0.000000 0.000000 0.000000 1.000000
39369 0.000000 0.000000 0.000000 1.000000
39372 0.000000 0.000000 0.000000 1.000000
39373 0.000000 0.000000 0.000000 1.000000
39374 0.000000 0.000000 0.000000 1.000000
39375 0.000000 0.000000 0.000000 1.000000
39378 0.000000 0.000000 0.000000 1.000000
39379 0.000000 0.000000 0.000000 1.000000
39380 0.000000 0.000000 0.000000 1.000000
39381 0.000000 0.000000 0.000000 1.000000
39384 0.000000 0.000000 0.000000 1.000000
39385 0.000000 0.000000 0.000000 1.000000
39386 0.000000 0.000000 0.000000 1.000000
39389 0.000000 0.000000 0.000000 1.000000
39390 0.000000 0.000000 0.000000 1.000000
39391 0.000000 0.000000 0.000000 1.000000
39401 0.000000 0.000000 0.000000 1.000000
39402 0.000000 0.000000 0.000000 1.000000
39403 0.000000 0.000000 0.000000 1.000000
39415 0.000000 0.000000 0.000000 1.000000
39416 0.000000 0.000000 0.000000 1.000000
39426 0.000000 0.000000 0.000000 1.000000
39427 0.000000 0.000000 0.000000 1.000000
39435 0.000000 0.000000 0.000000 1.000000
39436 0.000000 0.000000 0.000000 1.000000
39437 0.000000 0.000000 0.000000 1.000000
39444 0.000000 0.000000 0.000000 1.000000
39445 0.000000 0.000000 0.000000 1.000000
39446 0.000000 0.000000 0.000000 1.000000
39447 0.000000 0.000000 0.000000 1.000000
39452 0.000000 0.000000 0.000000 1.000000
39453 0.000000 0.000000 0.000000 1.000000
39454 0.000000 0.000000 0.000000 1.000000
39455 0.000000 0.000000 0.000000 1.000000
39456 0.000000 0.000000 0.000000 1.000000
39459 0.000000 0.000000 0.000000 1.000000
39460 0.000000 0.000000 0.000000 1.000000
39461 0.000000 0.000000 0.000000 1.000000
39462 0.000000 0.000000 0.000000 1.000000
39463 0.000000 0.000000 0.000000 1.000000
39466 0.000000 0.000000 0.000000 1.000000
39467 0.000000 0.000000 0.000000 1.000000
39468 0.000000 0.000000 0.000000 1.000000
39469 0.000000 0.000000 0.000000 1.000000
39472 0.000000 0.000000 0.000000 1.000000
39473 0.000000 0.000000 0.000000 1.000000
39476 0.000000 0.000000 0.000000 1.000000
39477 0.000000 0.000000 0.000000 1.000000
39478 0.000000 0.000000 0.000000 1.000000
39479 0.000000 0.000000 0.000000 1.000000
39480 0.000000 0.000000 0.000000 1.000000
39481 0.000000 0.000000 0.000000 1.000000
39482 0.000000 0.000000 0.000000 1.000000
39483 0.000000 0.000000 0.000000 1.000000
39484 0.000000 0.000000 0.000000 1.000000
39485 0.000000 0.000000 0.000000 1.000000
39496 0.000000 0.000000 0.000000 1.000000
39497 0.000000 0.000000 0.000000 1.000000
39498 0.000000 0.000000 0.000000 1.000000
39499 0.000000 0.000000 0.000000 1.000000
39514 0.000000 0.000000 0.000000 1.000000
39524 0.000000 0.000000 0.000000 1.000000
40377 0.000000 0.000000 0.000000 1.000000
40378 0.000000 0.000000 0.000000 1.000000
40381 0.000000 0.000000 0.000000 1.000000
40382 0.000000 0.000000 0.000000 1.000000
40383 0.000000 0.000000 0.000000 1.000000
40385 0.000000 0.000000 0.000000 1.000000
40386 0.000000 0.000000 0.000000 1.000000
40388 0.000000 0.000000 0.000000 1.000000
40389 0.000000 0.000000 0.000000 1.000000
40393 0.000000 0.000000 0.000000 1.000000
40394 0.000000 0.000000 0.000000 1.000000
40400 0.000000 0.000000 0.000000 1.000000
40401 0.000000 0.000000 0.000000 1.000000
40402 0.000000 0.000000 0.000000 1.000000
40410 0.000000 0.000000 0.000000 1.000000
40411 0.000000 0.000000 0.000000 1.000000
40412 0.000000 0.000000 0.000000 1.000000
40420 0.000000 0.000000 0.000000 1.000000
40421 0.000000 0.000000 0.000000 1.000000
40430 0.000000 0.000000 0.000000 1.000000
40437 0.000000 0.000000 0.000000 1.000000
40438 0.000000 0.000000 0.000000 1.000000
40439 0.000000 0.000000 0.000000 1.000000
40444 0.000000 0.000000 0.000000 1.000000
40445 0.000000 0.000000 0.000000 1.000000
40446 0.000000 0.000000 0.000000 1.000000
40449 0.000000 0.000000 0.000000 1.000000
40450 0.000000 0.000000 0.000000 1.000000
40451 0.000000 0.000000 0.000000 1.000000
40452 0.000000 0.000000 0.000000 1.000000
40455 0.000000 0.000000 0.000000 1.000000
40456 0.000000 0.000000 0.000000 1.000000
40459 0.000000 0.000000 0.000000 1.000000
40460 0.000000 0.000000 0.000000 1.000000
40461 0.000000 0.000000 0.000000 1.000000
40462 0.000000 0.000000 0.000000 1.000000
40463 0.000000 0.000000 0.000000 1.000000
40464 0.000000 0.000000 0.000000 1.000000
40465 0.000000 0.000000 0.000000 1.000000
40466 0.000000 0.000000 0.000000 1.000000
40467 0.000000 0.000000 0.000000 1.000000
40474 0.000000 0.000000 0.000000 1.000000
40475 0.000000 0.000000 0.000000 1.000000
40476 0.000000 0.000000 0.000000 1.000000
40477 0.000000 0.000000 0.000000 1.000000
40478 0.000000 0.000000 0.000000 1.000000
40494 0.000000 0.000000 0.000000 1.000000
40505 0.000000 0.000000 0.000000 1.000000
40511 0.000000 0.000000 0.000000 1.000000
40512 0.000000 0.000000 0.000000 1.000000
41379 0.000000 0.000000 0.000000 1.000000
41380 0.000000 0.000000 0.000000 1.000000
41390 0.000000 0.000000 0.000000 1.000000
41391 0.000000 0.000000 0.000000 1.000000
41392 0.000000 0.000000 0.000000 1.000000
41396 0.000000 0.000000 0.000000 1.000000
41397 0.000000 0.000000 0.000000 1.000000
41398 0.000000 0.000000 0.000000 1.000000
41402 0.000000 0.000000 0.000000 1.000000
41403 0.000000 0.000000 0.000000 1.000000
41404 0.000000 0.000000 0.000000 1.000000
41407 0.000000 0.000000 0.000000 1.000000
41408 0.000000 0.000000 0.000000 1.000000
41409 0.000000 0.000000 0.000000 1.000000
41410 0.000000 0.000000 0.000000 1.000000
41411 0.000000 0.000000 0.000000 1.000000
41412 0.000000 0.000000 0.000000 1.000000
41413 0.000000 0.000000 0.000000 1.000000
41414 0.000000 0.000000 0.000000 1.000000
41420 0.000000 0.000000 0.000000 1.000000
41421 0.000000 0.000000 0.000000 1.000000
41422 0.000000 0.000000 0.000000 1.000000
41423 0.000000 0.000000 0.000000 1.000000
41424 0.000000 0.000000 0.000000 1.000000
41425 0.000000 0.000000 0.000000 1.000000
41426 0.000000 0.000000 0.000000 1.000000
41440 0.000000 0.000000 0.000000 1.000000
41441 0.000000 0.000000 0.000000 1.000000
41453 0.000000 0.000000 0.000000 1.000000
41454 0.000000 0.000000 0.000000 1.000000
41462 0.000000 0.000000 0.000000 1.000000
41463 0.000000 0.000000 0.000000 1.000000
41471 0.000000 0.000000 0.000000 1.000000
42307 0.000000 0.000000 0.000000 1.000000
42320 0.000000 0.000000 0.000000 1.000000
42321 0.000000 0.000000 0.000000 1.000000
42322 0.000000 0.000000 0.000000 1.000000
42335 0.000000 0.000000 0.000000 1.000000
42336 0.000000 0.000000 0.000000 1.000000
42337 0.000000 0.000000 0.000000 1.000000
42347 0.000000 0.000000 0.000000 1.000000
42348 0.000000 0.000000 0.000000 1.000000
42349 0.000000 0.000000 0.000000 1.000000
42357 0.000000 0.000000 0.000000 1.000000
42358 0.000000 0.000000 0.000000 1.000000
42359 0.000000 0.000000 0.000000 1.000000
42362 0.000000 0.000000 0.000000 1.000000
42363 0.000000 0.000000 0.000000 1.000000
42364 0.000000 0.000000 0.000000 1.000000
42365 0.000000 0.000000 0.000000 1.000000
42366 0.000000 0.000000 0.000000 1.000000
42367 0.000000 0.000000 0.000000 1.000000
42370 0.000000 0.000000 0.000000 1.000000
42371 0.000000 0.000000 0.000000 1.000000
42372 0.000000 0.000000 0.000000 1.000000
42373 0.000000 0.000000 0.000000 1.000000
42374 0.000000 0.000000 0.000000 1.000000
42375 0.000000 0.000000 0.000000 1.000000
42376 0.000000 0.000000 0.000000 1.000000
42377 0.000000 0.000000 0.000000 1.000000
42390 0.000000 0.000000 0.000000 1.000000
42391 0.000000 0.000000 0.000000 1.000000
42402 0.000000 0.000000 0.000000 1.000000
42408 0.000000 0.000000 0.000000 1.000000
42414 0.000000 0.000000 0.000000 1.000000
42421 0.000000 0.000000 0.000000 1.000000
42445 0.000000 0.000000 0.000000 1.000000
43321 0.000000 0.000000 0.000000 1.000000
43322 0.000000 0.000000 0.000000 1.000000
43323 0.000000 0.000000 0.000000 1.000000
43339 0.000000 0.000000 0.000000 1.000000
43340 0.000000 0.000000 0.000000 1.000000
43341 0.000000 0.000000 0.000000 1.000000
43342 0.000000 0.000000 0.000000 1.000000
43353 0.000000 0.000000 0.000000 1.000000
43354 0.000000 0.000000 0.000000 1.000000
43355 0.000000 0.000000 0.000000 1.000000
43356 0.000000 0.000000 0.000000 1.000000
43357 0.000000 0.000000 0.000000 1.000000
43369 0.000000 0.000000 0.000000 1.000000
43370 0.000000 0.000000 0.000000 1.000000
43371 0.000000 0.000000 0.000000 1.000000
43372 0.000000 0.000000 0.000000 1.000000
43373 0.000000 0.000000 0.000000 1.000000
43374 0.000000 0.000000 0.000000 1.000000
43385 0.000000 0.000000 0.000000 1.000000
43386 0.000000 0.000000 0.000000 1.000000
43387 0.000000 0.000000 0.000000 1.000000
43388 0.000000 0.000000 0.000000 1.000000
43389 0.000000 0.000000 0.000000 1.000000
43400 0.000000 0.000000 0.000000 1.000000
43401 0.000000 0.000000 0.000000 1.000000
43402 0.000000 0.000000 0.000000 1.000000
43403 0.000000 0.000000 0.000000 1.000000
43414 0.000000 0.000000 0.000000 1.000000
43415 0.000000 0.000000 0.000000 1.000000
43416 0.000000 0.000000 0.000000 1.000000
43423 0.000000 0.000000 0.000000 1.000000
43424 0.000000 0.000000 0.000000 1.000000
43427 0.000000 0.000000 0.000000 1.000000
43428 0.000000 0.000000 0.000000 1.000000
43429 0.000000 0.000000 0.000000 1.000000
43430 0.000000 0.000000 0.000000 1.000000
43431 0.000000 0.000000 0.000000 1.000000
43432 0.000000 0.000000 0.000000 1.000000
43433 0.000000 0.000000 0.000000 1.000000
43445 0.000000 0.000000 0.000000 1.000000
43446 0.000000 0.000000 0.000000 1.000000
43447 0.000000 0.000000 0.000000 1.000000
43462 0.000000 0.000000 0.000000 1.000000
43463 0.000000 0.000000 0.000000 1.000000
43470 0.000000 0.000000 0.000000 1.000000
43471 0.000000 0.000000 0.000000 1.000000
43476 0.000000 0.000000 0.000000 1.000000
43477 0.000000 0.000000 0.000000 1.000000
43478 0.000000 0.000000 0.000000 1.000000
43484 0.000000 0.000000 0.000000 1.000000
43485 0.000000 0.000000 0.000000 1.000000
43508 0.000000 0.000000 0.000000 1.000000
43509 0.000000 0.000000 0.000000 1.000000
43510 0.000000 0.000000 0.000000 1.000000
43520 0.000000 0.000000 0.000000 1.000000
43521 0.000000 0.000000 0.000000 1.000000
43535 0.000000 0.000000 0.000000 1.000000
44333 0.000000 0.000000 0.000000 1.000000
44334 0.000000 0.000000 0.000000 1.000000
44360 0.000000 0.000000 0.000000 1.000000
44361 0.000000 0.000000 0.000000 1.000000
44362 0.000000 0.000000 0.000000 1.000000
44382 0.000000 0.000000 0.000000 1.000000
44383 0.000000 0.000000 0.000000 1.000000
44396 0.000000 0.000000 0.000000 1.000000
44397 0.000000 0.000000 0.000000 1.000000
44398 0.000000 0.000000 0.000000 1.000000
44408 0.000000 0.000000 0.000000 1.000000
44409 0.000000 0.000000 0.000000 1.000000
44410 0.000000 0.000000 0.000000 1.000000
44411 0.000000 0.000000 0.000000 1.000000
44421 0.000000 0.000000 0.000000 1.000000
44422 0.000000 0.000000 0.000000 1.000000
44423 0.000000 0.000000 0.000000 1.000000
44424 0.000000 0.000000 0.000000 1.000000
44435 0.000000 0.000000 0.000000 1.000000
44436 0.000000 0.000000 0.000000 1.000000
44437 0.000000 0.000000 0.000000 1.000000
44438 0.000000 0.000000 0.000000 1.000000
44448 0.000000 0.000000 0.000000 1.000000
44449 0.000000 0.000000 0.000000 1.000000
44450 0.000000 0.000000 0.000000 1.000000
44451 0.000000 0.000000 0.000000 1.000000
44456 0.000000 0.000000 0.000000 1.000000
44457 0.000000 0.000000 0.000000 1.000000
44458 0.000000 0.000000 0.000000 1.000000
44459 0.000000 0.000000 0.000000 1.000000
44460 0.000000 0.000000 0.000000 1.000000
44461 0.000000 0.000000 0.000000 1.000000
44462 0.000000 0.000000 0.000000 1.000000
44463 0.000000 0.000000 0.000000 1.000000
44472 0.000000 0.000000 0.000000 1.000000
44473 0.000000 0.000000 0.000000 1.000000
44474 0.000000 0.000000 0.000000 1.000000
44489 0.000000 0.000000 0.000000 1.000000
44490 0.000000 0.000000 0.000000 1.000000
44497 0.000000 0.000000 0.000000 1.000000
44498 0.000000 0.000000 0.000000 1.000000
44503 0.000000 0.000000 0.000000 1.000000
44504 0.000000 0.000000 0.000000 1.000000
44509 0.000000 0.000000 0.000000 1.000000
44510 0.000000 0.000000 0.000000 1.000000
44515 0.000000 0.000000 0.000000 1.000000
44516 0.000000 0.000000 0.000000 1.000000
44517 0.000000 0.000000 0.000000 1.000000
44525 0.000000 0.000000 0.000000 1.000000
44526 0.000000 0.000000 0.000000 1.000000
44527 0.000000 0.000000 0.000000 1.000000
44528 0.000000 0.000000 0.000000 1.000000
44540 0.000000 0.000000 0.000000 1.000000
44541 0.000000 0.000000 0.000000 1.000000
44542 0.000000 0.000000 0.000000 1.000000
44556 0.000000 0.000000 0.000000 1.000000
44557 0.000000 0.000000 0.000000 1.000000
45420 0.000000 0.000000 0.000000 1.000000
45421 0.000000 0.000000 0.000000 1.000000
45445 0.000000 0.000000 0.000000 1.000000
45446 0.000000 0.000000 0.000000 1.000000
45447 0.000000 0.000000 0.000000 1.000000
45448 0.000000 0.000000 0.000000 1.000000
45475 0.000000 0.000000 0.000000 1.000000
45476 0.000000 0.000000 0.000000 1.000000
45507 0.000000 0.000000 0.000000 1.000000
45508 0.000000 0.000000 0.000000 1.000000
45525 0.000000 0.000000 0.000000 1.000000
45548 0.000000 0.000000 0.000000 1.000000
45549 0.000000 0.000000 0.000000 1.000000
45558 0.000000 0.000000 0.000000 1.000000
45559 0.000000 0.000000 0.000000 1.000000
45560 0.000000 0.000000 0.000000 1.000000
45561 0.000000 0.000000 0.000000 1.000000
45562 0.000000 0.000000 0.000000 1.000000
45563 0.000000 0.000000 0.000000 1.000000
45564 0.000000 0.000000 0.000000 1.000000
45565 0.000000 0.000000 0.000000 1.000000
45569 0.000000 0.000000 0.000000 1.000000
45570 0.000000 0.000000 0.000000 1.000000
45571 0.000000 0.000000 0.000000 1.000000
45586 0.000000 0.000000 0.000000 1.000000
45601 0.000000 0.000000 0.000000 1.000000
45607 0.000000 0.000000 0.000000 1.000000
45608 0.000000 0.000000 0.000000 1.000000
45614 0.000000 0.000000 0.000000 1.000000
45615 0.000000 0.000000 0.000000 1.000000
45616 0.000000 0.000000 0.000000 1.000000
45622 0.000000 0.000000 0.000000 1.000000
45623 0.000000 0.000000 0.000000 1.000000
45624 0.000000 0.000000 0.000000 1.000000
45627 0.000000 0.000000 0.000000 1.000000
45628 0.000000 0.000000 0.000000 1.000000
45629 0.000000 0.000000 0.000000 1.000000
45638 0.000000 0.000000 0.000000 1.000000
45639 0.000000 0.000000 0.000000 1.000000
45641 0.000000 0.000000 0.000000 1.000000
45642 0.000000 0.000000 0.000000 1.000000
45655 0.000000 0.000000 0.000000 1.000000
45659 0.000000 0.000000 0.000000 1.000000
45675 0.000000 0.000000 0.000000 1.000000
45691 0.000000 0.000000 0.000000 1.000000
45692 0.000000 0.000000 0.000000 1.000000
46588 0.000000 0.000000 0.000000 1.000000
46589 0.000000 0.000000 0.000000 1.000000
46590 0.000000 0.000000 0.000000 1.000000
46704 0.000000 0.000000 0.000000 1.000000
46705 0.000000 0.000000 0.000000 1.000000
46706 0.000000 0.000000 0.000000 1.000000
46707 0.000000 0.000000 0.000000 1.000000
46708 0.000000 0.000000 0.000000 1.000000
46709 0.000000 0.000000 0.000000 1.000000
46710 0.000000 0.000000 0.000000 1.000000
46717 0.000000 0.000000 0.000000 1.000000
46718 0.000000 0.000000 0.000000 1.000000
46719 0.000000 0.000000 0.000000 1.000000
46720 0.000000 0.000000 0.000000 1.000000
46728 0.000000 0.000000 0.000000 1.000000
46729 0.000000 0.000000 0.000000 1.000000
46745 0.000000 0.000000 0.000000 1.000000
46746 0.000000 0.000000 0.000000 1.000000
46760 0.000000 0.000000 0.000000 1.000000
46761 0.000000 0.000000 0.000000 1.000000
46762 0.000000 0.000000 0.000000 1.000000
46768 0.000000 0.000000 0.000000 1.000000
46769 0.000000 0.000000 0.000000 1.000000
46774 0.000000 0.000000 0.000000 1.000000
46775 0.000000 0.000000 0.000000 1.000000
46777 0.000000 0.000000 0.000000 1.000000
46778 0.000000 0.000000 0.000000 1.000000
46779 0.000000 0.000000 0.000000 1.000000
46780 0.000000 0.000000 0.000000 1.000000
46784 0.000000 0.000000 0.000000 1.000000
46785 0.000000 0.000000 0.000000 1.000000
46786 0.000000 0.000000 0.000000 1.000000
46798 0.000000 0.000000 0.000000 1.000000
46799 0.000000 0.000000 0.000000 1.000000
46800 0.000000 0.000000 0.000000 1.000000
46801 0.000000 0.000000 0.000000 1.000000
46802 0.000000 0.000000 0.000000 1.000000
46814 0.000000 0.000000 0.000000 1.000000
46815 0.000000 0.000000 0.000000 1.000000
46816 0.000000 0.000000 0.000000 1.000000
46817 0.000000 0.000000 0.000000 1.000000
46818 0.000000 0.000000 0.000000 1.000000
46831 0.000000 0.000000 0.000000 1.000000
46832 0.000000 0.000000 0.000000 1.000000
46833 0.000000 0.000000 0.000000 1.000000
47764 0.000000 0.000000 0.000000 1.000000
47765 0.000000 0.000000 0.000000 1.000000
47781 0.000000 0.000000 0.000000 1.000000
47782 0.000000 0.000000 0.000000 1.000000
47783 0.000000 0.000000 0.000000 1.000000
47784 0.000000 0.000000 0.000000 1.000000
47785 0.000000 0.000000 0.000000 1.000000
47786 0.000000 0.000000 0.000000 1.000000
47797 0.000000 0.000000 0.000000 1.000000
47798 0.000000 0.000000 0.000000 1.000000
47799 0.000000 0.000000 0.000000 1.000000
47800 0.000000 0.000000 0.000000 1.000000
47808 0.000000 0.000000 0.000000 1.000000
47809 0.000000 0.000000 0.000000 1.000000
47817 0.000000 0.000000 0.000000 1.000000
47818 0.000000 0.000000 0.000000 1.000000
47836 0.000000 0.000000 0.000000 1.000000
47837 0.000000 0.000000 0.000000 1.000000
47850 0.000000 0.000000 0.000000 1.000000
47855 0.000000 0.000000 0.000000 1.000000
47856 0.000000 0.000000 0.000000 1.000000
47857 0.000000 0.000000 0.000000 1.000000
47859 0.000000 0.000000 0.000000 1.000000
47860 0.000000 0.000000 0.000000 1.000000
47861 0.000000 0.000000 0.000000 1.000000
47862 0.000000 0.000000 0.000000 1.000000
47867 0.000000 0.000000 0.000000 1.000000
47868 0.000000 0.000000 0.000000 1.000000
47878 0.000000 0.000000 0.000000 1.000000
47879 0.000000 0.000000 0.000000 1.000000
47880 0.000000 0.000000 0.000000 1.000000
47881 0.000000 0.000000 0.000000 1.000000
47893 0.000000 0.000000 0.000000 1.000000
47894 0.000000 0.000000 0.000000 1.000000
47895 0.000000 0.000000 0.000000 1.000000
47896 0.000000 0.000000 0.000000 1.000000
48843 0.000000 0.000000 0.000000 1.000000
48856 0.000000 0.000000 0.000000 1.000000
48857 0.000000 0.000000 0.000000 1.000000
48858 0.000000 0.000000 0.000000 1.000000
48859 0.000000 0.000000 0.000000 1.000000
48871 0.000000 0.000000 0.000000 1.000000
48872 0.000000 0.000000 0.000000 1.000000
48873 0.000000 0.000000 0.000000 1.000000
48874 0.000000 0.000000 0.000000 1.000000
48888 0.000000 0.000000 0.000000 1.000000
48889 0.000000 0.000000 0.000000 1.000000
48897 0.000000 0.000000 0.000000 1.000000
48912 0.000000 0.000000 0.000000 1.000000
48933 0.000000 0.000000 0.000000 1.000000
48934 0.000000 0.000000 0.000000 1.000000
48946 0.000000 0.000000 0.000000 1.000000
48947 0.000000 0.000000 0.000000 1.000000
48948 0.000000 0.000000 0.000000 1.000000
48949 0.000000 0.000000 0.000000 1.000000
48950 0.000000 0.000000 0.000000 1.000000
48952 0.000000 0.000000 0.000000 1.000000
48953 0.000000 0.000000 0.000000 1.000000
48954 0.000000 0.000000 0.000000 1.000000
48960 0.000000 0.000000 0.000000 1.000000
48961 0.000000 0.000000 0.000000 1.000000
48962 0.000000 0.000000 0.000000 1.000000
48971 0.000000 0.000000 0.000000 1.000000
48972 0.000000 0.000000 0.000000 1.000000
48973 0.000000 0.000000 0.000000 1.000000
48974 0.000000 0.000000 0.000000 1.000000
48975 0.000000 0.000000 0.000000 1.000000
48976 0.000000 0.000000 0.000000 1.000000
48987 0.000000 0.000000 0.000000 1.000000
48988 0.000000 0.000000 0.000000 1.000000
48989 0.000000 0.000000 0.000000 1.000000
48990 0.000000 0.000000 0.000000 1.000000
49813 0.000000 0.000000 0.000000 1.000000
49814 0.000000 0.000000 0.000000 1.000000
49834 0.000000 0.000000 0.000000 1.000000
49835 0.000000 0.000000 0.000000 1.000000
49849 0.000000 0.000000 0.000000 1.000000
49850 0.000000 0.000000 0.000000 1.000000
49861 0.000000 0.000000 0.000000 1.000000
49862 0.000000 0.000000 0.000000 1.000000
49863 0.000000 0.000000 0.000000 1.000000
49878 0.000000 0.000000 0.000000 1.000000
49879 0.000000 0.000000 0.000000 1.000000
49893 0.000000 0.000000 0.000000 1.000000
49894 0.000000 0.000000 0.000000 1.000000
49901 0.000000 0.000000 0.000000 1.000000
49902 0.000000 0.000000 0.000000 1.000000
49918 0.000000 0.000000 0.000000 1.000000
49919 0.000000 0.000000 0.000000 1.000000
49920 0.000000 0.000000 0.000000 1.000000
49941 0.000000 0.000000 0.000000 1.000000
49942 0.000000 0.000000 0.000000 1.000000
49943 0.000000 0.000000 0.000000 1.000000
49944 0.000000 0.000000 0.000000 1.000000
49955 0.000000 0.000000 0.000000 1.000000
49956 0.000000 0.000000 0.000000 1.000000
49962 0.000000 0.000000 0.000000 1.000000
49963 0.000000 0.000000 0.000000 1.000000
49964 0.000000 0.000000 0.000000 1.000000
49965 0.000000 0.000000 0.000000 1.000000
49966 0.000000 0.000000 0.000000 1.000000
49972 0.000000 0.000000 0.000000 1.000000
49973 0.000000 0.000000 0.000000 1.000000
49974 0.000000 0.000000 0.000000 1.000000
49975 0.000000 0.000000 0.000000 1.000000
49976 0.000000 0.000000 0.000000 1.000000
50873 0.000000 0.000000 0.000000 1.000000
50893 0.000000 0.000000 0.000000 1.000000
50904 0.000000 0.000000 0.000000 1.000000
50905 0.000000 0.000000 0.000000 1.000000
50918 0.000000 0.000000 0.000000 1.000000
50919 0.000000 0.000000 0.000000 1.000000
50920 0.000000 0.000000 0.000000 1.000000
50930 0.000000 0.000000 0.000000 1.000000
50931 0.000000 0.000000 0.000000 1.000000
50946 0.000000 0.000000 0.000000 1.000000
50947 0.000000 0.000000 0.000000 1.000000
50959 0.000000 0.000000 0.000000 1.000000
50960 0.000000 0.000000 0.000000 1.000000
50967 0.000000 0.000000 0.000000 1.000000
50968 0.000000 0.000000 0.000000 1.000000
50969 0.000000 0.000000 0.000000 1.000000
50970 0.000000 0.000000 0.000000 1.000000
50989 0.000000 0.000000 0.000000 1.000000
50990 0.000000 0.000000 0.000000 1.000000
51034 0.000000 0.000000 0.000000 1.000000
51035 0.000000 0.000000 0.000000 1.000000
51036 0.000000 0.000000 0.000000 1.000000
51040 0.000000 0.000000 0.000000 1.000000
51041 0.000000 0.000000 0.000000 1.000000
51042 0.000000 0.000000 0.000000 1.000000
52251 0.000000 0.000000 0.000000 1.000000
52268 0.000000 0.000000 0.000000 1.000000
52269 0.000000 0.000000 0.000000 1.000000
52270 0.000000 0.000000 0.000000 1.000000
52280 0.000000 0.000000 0.000000 1.000000
52281 0.000000 0.000000 0.000000 1.000000
52282 0.000000 0.000000 0.000000 1.000000
52292 0.000000 0.000000 0.000000 1.000000
52307 0.000000 0.000000 0.000000 1.000000
52321 0.000000 0.000000 0.000000 1.000000
53699 0.000000 0.000000 0.000000 1.000000
53700 0.000000 0.000000 0.000000 1.000000
53717 0.000000 0.000000 0.000000 1.000000
