#
1636
52649 0.000000 0.000000 0.000000 1.000000
52664 0.000000 0.000000 0.000000 1.000000
52665 0.000000 0.000000 0.000000 1.000000
52666 0.000000 0.000000 0.000000 1.000000
54104 0.000000 0.000000 0.000000 1.000000
54121 0.000000 0.000000 0.000000 1.000000
54122 0.000000 0.000000 0.000000 1.000000
54141 0.000000 0.000000 0.000000 1.000000
54142 0.000000 0.000000 0.000000 1.000000
54143 0.000000 0.000000 0.000000 1.000000
54144 0.000000 0.000000 0.000000 1.000000
54161 0.000000 0.000000 0.000000 1.000000
54162 0.000000 0.000000 0.000000 1.000000
54163 0.000000 0.000000 0.000000 1.000000
54164 0.000000 0.000000 0.000000 1.000000
55471 0.000000 0.000000 0.000000 1.000000
55481 0.000000 0.000000 0.000000 1.000000
55482 0.000000 0.000000 0.000000 1.000000
55493 0.000000 0.000000 0.000000 1.000000
55494 0.000000 0.000000 0.000000 1.000000
55505 0.000000 0.000000 0.000000 1.000000
55506 0.000000 0.000000 0.000000 1.000000
55507 0.000000 0.000000 0.000000 1.000000
55508 0.000000 0.000000 0.000000 1.000000
55520 0.000000 0.000000 0.000000 1.000000
55521 0.000000 0.000000 0.000000 1.000000
55522 0.000000 0.000000 0.000000 1.000000
55523 0.000000 0.000000 0.000000 1.000000
55534 0.000000 0.000000 0.000000 1.000000
55535 0.000000 0.000000 0.000000 1.000000
55536 0.000000 0.000000 0.000000 1.000000
55537 0.000000 0.000000 0.000000 1.000000
55544 0.000000 0.000000 0.000000 1.000000
55545 0.000000 0.000000 0.000000 1.000000
55546 0.000000 0.000000 0.000000 1.000000
55554 0.000000 0.000000 0.000000 1.000000
55555 0.000000 0.000000 0.000000 1.000000
55556 0.000000 0.000000 0.000000 1.000000
56640 0.000000 0.000000 0.000000 1.000000
56641 0.000000 0.000000 0.000000 1.000000
56651 0.000000 0.000000 0.000000 1.000000
56652 0.000000 0.000000 0.000000 1.000000
56662 0.000000 0.000000 0.000000 1.000000
56663 0.000000 0.000000 0.000000 1.000000
56671 0.000000 0.000000 0.000000 1.000000
56672 0.000000 0.000000 0.000000 1.000000
56681 0.000000 0.000000 0.000000 1.000000
56682 0.000000 0.000000 0.000000 1.000000
56691 0.000000 0.000000 0.000000 1.000000
56692 0.000000 0.000000 0.000000 1.000000
56703 0.000000 0.000000 0.000000 1.000000
56704 0.000000 0.000000 0.000000 1.000000
56705 0.000000 0.000000 0.000000 1.000000
56706 0.000000 0.000000 0.000000 1.000000
56707 0.000000 0.000000 0.000000 1.000000
56720 0.000000 0.000000 0.000000 1.000000
56721 0.000000 0.000000 0.000000 1.000000
56722 0.000000 0.000000 0.000000 1.000000
56733 0.000000 0.000000 0.000000 1.000000
56734 0.000000 0.000000 0.000000 1.000000
56735 0.000000 0.000000 0.000000 1.000000
56736 0.000000 0.000000 0.000000 1.000000
56746 0.000000 0.000000 0.000000 1.000000
56747 0.000000 0.000000 0.000000 1.000000
56748 0.000000 0.000000 0.000000 1.000000
56749 0.000000 0.000000 0.000000 1.000000
56758 0.000000 0.000000 0.000000 1.000000
56759 0.000000 0.000000 0.000000 1.000000
57726 0.000000 0.000000 0.000000 1.000000
57736 0.000000 0.000000 0.000000 1.000000
57737 0.000000 0.000000 0.000000 1.000000
57747 0.000000 0.000000 0.000000 1.000000
57748 0.000000 0.000000 0.000000 1.000000
57760 0.000000 0.000000 0.000000 1.000000
57761 0.000000 0.000000 0.000000 1.000000
57771 0.000000 0.000000 0.000000 1.000000
57772 0.000000 0.000000 0.000000 1.000000
57784 0.000000 0.000000 0.000000 1.000000
57785 0.000000 0.000000 0.000000 1.000000
57802 0.000000 0.000000 0.000000 1.000000
57803 0.000000 0.000000 0.000000 1.000000
57819 0.000000 0.000000 0.000000 1.000000
57835 0.000000 0.000000 0.000000 1.000000
57836 0.000000 0.000000 0.000000 1.000000
57837 0.000000 0.000000 0.000000 1.000000
57853 0.000000 0.000000 0.000000 1.000000
57854 0.000000 0.000000 0.000000 1.000000
57855 0.000000 0.000000 0.000000 1.000000
57867 0.000000 0.000000 0.000000 1.000000
57868 0.000000 0.000000 0.000000 1.000000
57879 0.000000 0.000000 0.000000 1.000000
57880 0.000000 0.000000 0.000000 1.000000
57881 0.000000 0.000000 0.000000 1.000000
57882 0.000000 0.000000 0.000000 1.000000
57883 0.000000 0.000000 0.000000 1.000000
57892 0.000000 0.000000 0.000000 1.000000
57893 0.000000 0.000000 0.000000 1.000000
57894 0.000000 0.000000 0.000000 1.000000
57895 0.000000 0.000000 0.000000 1.000000
57896 0.000000 0.000000 0.000000 1.000000
57904 0.000000 0.000000 0.000000 1.000000
57905 0.000000 0.000000 0.000000 1.000000
57906 0.000000 0.000000 0.000000 1.000000
57907 0.000000 0.000000 0.000000 1.000000
57908 0.000000 0.000000 0.000000 1.000000
57918 0.000000 0.000000 0.000000 1.000000
57919 0.000000 0.000000 0.000000 1.000000
57920 0.000000 0.000000 0.000000 1.000000
57921 0.000000 0.000000 0.000000 1.000000
57922 0.000000 0.000000 0.000000 1.000000
57932 0.000000 0.000000 0.000000 1.000000
57933 0.000000 0.000000 0.000000 1.000000
58849 0.000000 0.000000 0.000000 1.000000
58870 0.000000 0.000000 0.000000 1.000000
58871 0.000000 0.000000 0.000000 1.000000
58895 0.000000 0.000000 0.000000 1.000000
58896 0.000000 0.000000 0.000000 1.000000
58919 0.000000 0.000000 0.000000 1.000000
58920 0.000000 0.000000 0.000000 1.000000
58938 0.000000 0.000000 0.000000 1.000000
58957 0.000000 0.000000 0.000000 1.000000
58958 0.000000 0.000000 0.000000 1.000000
58976 0.000000 0.000000 0.000000 1.000000
58977 0.000000 0.000000 0.000000 1.000000
58992 0.000000 0.000000 0.000000 1.000000
58993 0.000000 0.000000 0.000000 1.000000
59008 0.000000 0.000000 0.000000 1.000000
59009 0.000000 0.000000 0.000000 1.000000
59010 0.000000 0.000000 0.000000 1.000000
59027 0.000000 0.000000 0.000000 1.000000
59028 0.000000 0.000000 0.000000 1.000000
59029 0.000000 0.000000 0.000000 1.000000
59047 0.000000 0.000000 0.000000 1.000000
59066 0.000000 0.000000 0.000000 1.000000
59067 0.000000 0.000000 0.000000 1.000000
59085 0.000000 0.000000 0.000000 1.000000
59086 0.000000 0.000000 0.000000 1.000000
59087 0.000000 0.000000 0.000000 1.000000
59103 0.000000 0.000000 0.000000 1.000000
59104 0.000000 0.000000 0.000000 1.000000
59105 0.000000 0.000000 0.000000 1.000000
59118 0.000000 0.000000 0.000000 1.000000
59119 0.000000 0.000000 0.000000 1.000000
59120 0.000000 0.000000 0.000000 1.000000
59121 0.000000 0.000000 0.000000 1.000000
59122 0.000000 0.000000 0.000000 1.000000
59129 0.000000 0.000000 0.000000 1.000000
59130 0.000000 0.000000 0.000000 1.000000
59131 0.000000 0.000000 0.000000 1.000000
59132 0.000000 0.000000 0.000000 1.000000
59133 0.000000 0.000000 0.000000 1.000000
59141 0.000000 0.000000 0.000000 1.000000
59142 0.000000 0.000000 0.000000 1.000000
59143 0.000000 0.000000 0.000000 1.000000
59144 0.000000 0.000000 0.000000 1.000000
59988 0.000000 0.000000 0.000000 1.000000
59989 0.000000 0.000000 0.000000 1.000000
60000 0.000000 0.000000 0.000000 1.000000
60001 0.000000 0.000000 0.000000 1.000000
60002 0.000000 0.000000 0.000000 1.000000
60011 0.000000 0.000000 0.000000 1.000000
60012 0.000000 0.000000 0.000000 1.000000
60013 0.000000 0.000000 0.000000 1.000000
60022 0.000000 0.000000 0.000000 1.000000
60023 0.000000 0.000000 0.000000 1.000000
60024 0.000000 0.000000 0.000000 1.000000
60032 0.000000 0.000000 0.000000 1.000000
60033 0.000000 0.000000 0.000000 1.000000
60043 0.000000 0.000000 0.000000 1.000000
60044 0.000000 0.000000 0.000000 1.000000
60055 0.000000 0.000000 0.000000 1.000000
60056 0.000000 0.000000 0.000000 1.000000
60064 0.000000 0.000000 0.000000 1.000000
60065 0.000000 0.000000 0.000000 1.000000
60073 0.000000 0.000000 0.000000 1.000000
60074 0.000000 0.000000 0.000000 1.000000
60083 0.000000 0.000000 0.000000 1.000000
60084 0.000000 0.000000 0.000000 1.000000
60085 0.000000 0.000000 0.000000 1.000000
60092 0.000000 0.000000 0.000000 1.000000
60093 0.000000 0.000000 0.000000 1.000000
60102 0.000000 0.000000 0.000000 1.000000
60103 0.000000 0.000000 0.000000 1.000000
60104 0.000000 0.000000 0.000000 1.000000
60112 0.000000 0.000000 0.000000 1.000000
60113 0.000000 0.000000 0.000000 1.000000
60122 0.000000 0.000000 0.000000 1.000000
60123 0.000000 0.000000 0.000000 1.000000
60124 0.000000 0.000000 0.000000 1.000000
60136 0.000000 0.000000 0.000000 1.000000
60137 0.000000 0.000000 0.000000 1.000000
60138 0.000000 0.000000 0.000000 1.000000
60153 0.000000 0.000000 0.000000 1.000000
60154 0.000000 0.000000 0.000000 1.000000
60155 0.000000 0.000000 0.000000 1.000000
60172 0.000000 0.000000 0.000000 1.000000
60173 0.000000 0.000000 0.000000 1.000000
60174 0.000000 0.000000 0.000000 1.000000
60191 0.000000 0.000000 0.000000 1.000000
60192 0.000000 0.000000 0.000000 1.000000
60193 0.000000 0.000000 0.000000 1.000000
60194 0.000000 0.000000 0.000000 1.000000
60208 0.000000 0.000000 0.000000 1.000000
60209 0.000000 0.000000 0.000000 1.000000
60210 0.000000 0.000000 0.000000 1.000000
60211 0.000000 0.000000 0.000000 1.000000
60212 0.000000 0.000000 0.000000 1.000000
60213 0.000000 0.000000 0.000000 1.000000
60222 0.000000 0.000000 0.000000 1.000000
60223 0.000000 0.000000 0.000000 1.000000
60224 0.000000 0.000000 0.000000 1.000000
60225 0.000000 0.000000 0.000000 1.000000
60226 0.000000 0.000000 0.000000 1.000000
60227 0.000000 0.000000 0.000000 1.000000
60240 0.000000 0.000000 0.000000 1.000000
60241 0.000000 0.000000 0.000000 1.000000
60242 0.000000 0.000000 0.000000 1.000000
60243 0.000000 0.000000 0.000000 1.000000
60244 0.000000 0.000000 0.000000 1.000000
60258 0.000000 0.000000 0.000000 1.000000
60259 0.000000 0.000000 0.000000 1.000000
60260 0.000000 0.000000 0.000000 1.000000
60261 0.000000 0.000000 0.000000 1.000000
60262 0.000000 0.000000 0.000000 1.000000
61041 0.000000 0.000000 0.000000 1.000000
61042 0.000000 0.000000 0.000000 1.000000
61045 0.000000 0.000000 0.000000 1.000000
61046 0.000000 0.000000 0.000000 1.000000
61047 0.000000 0.000000 0.000000 1.000000
61049 0.000000 0.000000 0.000000 1.000000
61050 0.000000 0.000000 0.000000 1.000000
61051 0.000000 0.000000 0.000000 1.000000
61054 0.000000 0.000000 0.000000 1.000000
61055 0.000000 0.000000 0.000000 1.000000
61056 0.000000 0.000000 0.000000 1.000000
61059 0.000000 0.000000 0.000000 1.000000
61060 0.000000 0.000000 0.000000 1.000000
61061 0.000000 0.000000 0.000000 1.000000
61063 0.000000 0.000000 0.000000 1.000000
61064 0.000000 0.000000 0.000000 1.000000
61065 0.000000 0.000000 0.000000 1.000000
61070 0.000000 0.000000 0.000000 1.000000
61071 0.000000 0.000000 0.000000 1.000000
61080 0.000000 0.000000 0.000000 1.000000
61081 0.000000 0.000000 0.000000 1.000000
61088 0.000000 0.000000 0.000000 1.000000
61089 0.000000 0.000000 0.000000 1.000000
61096 0.000000 0.000000 0.000000 1.000000
61097 0.000000 0.000000 0.000000 1.000000
61098 0.000000 0.000000 0.000000 1.000000
61106 0.000000 0.000000 0.000000 1.000000
61107 0.000000 0.000000 0.000000 1.000000
61114 0.000000 0.000000 0.000000 1.000000
61115 0.000000 0.000000 0.000000 1.000000
61123 0.000000 0.000000 0.000000 1.000000
61124 0.000000 0.000000 0.000000 1.000000
61125 0.000000 0.000000 0.000000 1.000000
61132 0.000000 0.000000 0.000000 1.000000
61133 0.000000 0.000000 0.000000 1.000000
61134 0.000000 0.000000 0.000000 1.000000
61141 0.000000 0.000000 0.000000 1.000000
61142 0.000000 0.000000 0.000000 1.000000
61143 0.000000 0.000000 0.000000 1.000000
61152 0.000000 0.000000 0.000000 1.000000
61153 0.000000 0.000000 0.000000 1.000000
61154 0.000000 0.000000 0.000000 1.000000
61162 0.000000 0.000000 0.000000 1.000000
61163 0.000000 0.000000 0.000000 1.000000
61164 0.000000 0.000000 0.000000 1.000000
61173 0.000000 0.000000 0.000000 1.000000
61174 0.000000 0.000000 0.000000 1.000000
61184 0.000000 0.000000 0.000000 1.000000
61185 0.000000 0.000000 0.000000 1.000000
61196 0.000000 0.000000 0.000000 1.000000
61197 0.000000 0.000000 0.000000 1.000000
61198 0.000000 0.000000 0.000000 1.000000
61199 0.000000 0.000000 0.000000 1.000000
61200 0.000000 0.000000 0.000000 1.000000
61201 0.000000 0.000000 0.000000 1.000000
61210 0.000000 0.000000 0.000000 1.000000
61211 0.000000 0.000000 0.000000 1.000000
61212 0.000000 0.000000 0.000000 1.000000
61213 0.000000 0.000000 0.000000 1.000000
61214 0.000000 0.000000 0.000000 1.000000
61228 0.000000 0.000000 0.000000 1.000000
61229 0.000000 0.000000 0.000000 1.000000
61230 0.000000 0.000000 0.000000 1.000000
61231 0.000000 0.000000 0.000000 1.000000
61232 0.000000 0.000000 0.000000 1.000000
61245 0.000000 0.000000 0.000000 1.000000
61246 0.000000 0.000000 0.000000 1.000000
61247 0.000000 0.000000 0.000000 1.000000
61248 0.000000 0.000000 0.000000 1.000000
61249 0.000000 0.000000 0.000000 1.000000
61250 0.000000 0.000000 0.000000 1.000000
61251 0.000000 0.000000 0.000000 1.000000
61264 0.000000 0.000000 0.000000 1.000000
61265 0.000000 0.000000 0.000000 1.000000
61266 0.000000 0.000000 0.000000 1.000000
61267 0.000000 0.000000 0.000000 1.000000
61268 0.000000 0.000000 0.000000 1.000000
61269 0.000000 0.000000 0.000000 1.000000
61270 0.000000 0.000000 0.000000 1.000000
62075 0.000000 0.000000 0.000000 1.000000
62076 0.000000 0.000000 0.000000 1.000000
62077 0.000000 0.000000 0.000000 1.000000
62081 0.000000 0.000000 0.000000 1.000000
62082 0.000000 0.000000 0.000000 1.000000
62083 0.000000 0.000000 0.000000 1.000000
62084 0.000000 0.000000 0.000000 1.000000
62086 0.000000 0.000000 0.000000 1.000000
62087 0.000000 0.000000 0.000000 1.000000
62088 0.000000 0.000000 0.000000 1.000000
62091 0.000000 0.000000 0.000000 1.000000
62092 0.000000 0.000000 0.000000 1.000000
62093 0.000000 0.000000 0.000000 1.000000
62094 0.000000 0.000000 0.000000 1.000000
62097 0.000000 0.000000 0.000000 1.000000
62098 0.000000 0.000000 0.000000 1.000000
62099 0.000000 0.000000 0.000000 1.000000
62101 0.000000 0.000000 0.000000 1.000000
62102 0.000000 0.000000 0.000000 1.000000
62105 0.000000 0.000000 0.000000 1.000000
62106 0.000000 0.000000 0.000000 1.000000
62107 0.000000 0.000000 0.000000 1.000000
62110 0.000000 0.000000 0.000000 1.000000
62111 0.000000 0.000000 0.000000 1.000000
62112 0.000000 0.000000 0.000000 1.000000
62118 0.000000 0.000000 0.000000 1.000000
62119 0.000000 0.000000 0.000000 1.000000
62120 0.000000 0.000000 0.000000 1.000000
62127 0.000000 0.000000 0.000000 1.000000
62128 0.000000 0.000000 0.000000 1.000000
62129 0.000000 0.000000 0.000000 1.000000
62136 0.000000 0.000000 0.000000 1.000000
62137 0.000000 0.000000 0.000000 1.000000
62138 0.000000 0.000000 0.000000 1.000000
62146 0.000000 0.000000 0.000000 1.000000
62147 0.000000 0.000000 0.000000 1.000000
62148 0.000000 0.000000 0.000000 1.000000
62155 0.000000 0.000000 0.000000 1.000000
62156 0.000000 0.000000 0.000000 1.000000
62157 0.000000 0.000000 0.000000 1.000000
62164 0.000000 0.000000 0.000000 1.000000
62165 0.000000 0.000000 0.000000 1.000000
62166 0.000000 0.000000 0.000000 1.000000
62167 0.000000 0.000000 0.000000 1.000000
62175 0.000000 0.000000 0.000000 1.000000
62176 0.000000 0.000000 0.000000 1.000000
62177 0.000000 0.000000 0.000000 1.000000
62178 0.000000 0.000000 0.000000 1.000000
62179 0.000000 0.000000 0.000000 1.000000
62187 0.000000 0.000000 0.000000 1.000000
62188 0.000000 0.000000 0.000000 1.000000
62189 0.000000 0.000000 0.000000 1.000000
62190 0.000000 0.000000 0.000000 1.000000
62198 0.000000 0.000000 0.000000 1.000000
62199 0.000000 0.000000 0.000000 1.000000
62200 0.000000 0.000000 0.000000 1.000000
62208 0.000000 0.000000 0.000000 1.000000
62209 0.000000 0.000000 0.000000 1.000000
62210 0.000000 0.000000 0.000000 1.000000
62219 0.000000 0.000000 0.000000 1.000000
62220 0.000000 0.000000 0.000000 1.000000
62228 0.000000 0.000000 0.000000 1.000000
62229 0.000000 0.000000 0.000000 1.000000
62230 0.000000 0.000000 0.000000 1.000000
62239 0.000000 0.000000 0.000000 1.000000
62240 0.000000 0.000000 0.000000 1.000000
62241 0.000000 0.000000 0.000000 1.000000
62242 0.000000 0.000000 0.000000 1.000000
62250 0.000000 0.000000 0.000000 1.000000
62251 0.000000 0.000000 0.000000 1.000000
62252 0.000000 0.000000 0.000000 1.000000
62264 0.000000 0.000000 0.000000 1.000000
62265 0.000000 0.000000 0.000000 1.000000
62266 0.000000 0.000000 0.000000 1.000000
62267 0.000000 0.000000 0.000000 1.000000
62275 0.000000 0.000000 0.000000 1.000000
62276 0.000000 0.000000 0.000000 1.000000
62278 0.000000 0.000000 0.000000 1.000000
62279 0.000000 0.000000 0.000000 1.000000
62280 0.000000 0.000000 0.000000 1.000000
62281 0.000000 0.000000 0.000000 1.000000
62291 0.000000 0.000000 0.000000 1.000000
62292 0.000000 0.000000 0.000000 1.000000
62293 0.000000 0.000000 0.000000 1.000000
62294 0.000000 0.000000 0.000000 1.000000
62295 0.000000 0.000000 0.000000 1.000000
62296 0.000000 0.000000 0.000000 1.000000
62297 0.000000 0.000000 0.000000 1.000000
62298 0.000000 0.000000 0.000000 1.000000
62299 0.000000 0.000000 0.000000 1.000000
62310 0.000000 0.000000 0.000000 1.000000
62311 0.000000 0.000000 0.000000 1.000000
62312 0.000000 0.000000 0.000000 1.000000
62313 0.000000 0.000000 0.000000 1.000000
63153 0.000000 0.000000 0.000000 1.000000
63159 0.000000 0.000000 0.000000 1.000000
63160 0.000000 0.000000 0.000000 1.000000
63161 0.000000 0.000000 0.000000 1.000000
63165 0.000000 0.000000 0.000000 1.000000
63166 0.000000 0.000000 0.000000 1.000000
63167 0.000000 0.000000 0.000000 1.000000
63170 0.000000 0.000000 0.000000 1.000000
63171 0.000000 0.000000 0.000000 1.000000
63172 0.000000 0.000000 0.000000 1.000000
63173 0.000000 0.000000 0.000000 1.000000
63176 0.000000 0.000000 0.000000 1.000000
63177 0.000000 0.000000 0.000000 1.000000
63178 0.000000 0.000000 0.000000 1.000000
63179 0.000000 0.000000 0.000000 1.000000
63181 0.000000 0.000000 0.000000 1.000000
63182 0.000000 0.000000 0.000000 1.000000
63183 0.000000 0.000000 0.000000 1.000000
63184 0.000000 0.000000 0.000000 1.000000
63185 0.000000 0.000000 0.000000 1.000000
63188 0.000000 0.000000 0.000000 1.000000
63189 0.000000 0.000000 0.000000 1.000000
63190 0.000000 0.000000 0.000000 1.000000
63191 0.000000 0.000000 0.000000 1.000000
63192 0.000000 0.000000 0.000000 1.000000
63193 0.000000 0.000000 0.000000 1.000000
63196 0.000000 0.000000 0.000000 1.000000
63197 0.000000 0.000000 0.000000 1.000000
63198 0.000000 0.000000 0.000000 1.000000
63199 0.000000 0.000000 0.000000 1.000000
63200 0.000000 0.000000 0.000000 1.000000
63201 0.000000 0.000000 0.000000 1.000000
63202 0.000000 0.000000 0.000000 1.000000
63204 0.000000 0.000000 0.000000 1.000000
63205 0.000000 0.000000 0.000000 1.000000
63206 0.000000 0.000000 0.000000 1.000000
63207 0.000000 0.000000 0.000000 1.000000
63208 0.000000 0.000000 0.000000 1.000000
63209 0.000000 0.000000 0.000000 1.000000
63210 0.000000 0.000000 0.000000 1.000000
63211 0.000000 0.000000 0.000000 1.000000
63213 0.000000 0.000000 0.000000 1.000000
63214 0.000000 0.000000 0.000000 1.000000
63215 0.000000 0.000000 0.000000 1.000000
63216 0.000000 0.000000 0.000000 1.000000
63217 0.000000 0.000000 0.000000 1.000000
63218 0.000000 0.000000 0.000000 1.000000
63219 0.000000 0.000000 0.000000 1.000000
63220 0.000000 0.000000 0.000000 1.000000
63221 0.000000 0.000000 0.000000 1.000000
63227 0.000000 0.000000 0.000000 1.000000
63228 0.000000 0.000000 0.000000 1.000000
63229 0.000000 0.000000 0.000000 1.000000
63230 0.000000 0.000000 0.000000 1.000000
63231 0.000000 0.000000 0.000000 1.000000
63232 0.000000 0.000000 0.000000 1.000000
63233 0.000000 0.000000 0.000000 1.000000
63234 0.000000 0.000000 0.000000 1.000000
63235 0.000000 0.000000 0.000000 1.000000
63242 0.000000 0.000000 0.000000 1.000000
63243 0.000000 0.000000 0.000000 1.000000
63244 0.000000 0.000000 0.000000 1.000000
63245 0.000000 0.000000 0.000000 1.000000
63246 0.000000 0.000000 0.000000 1.000000
63247 0.000000 0.000000 0.000000 1.000000
63248 0.000000 0.000000 0.000000 1.000000
63249 0.000000 0.000000 0.000000 1.000000
63250 0.000000 0.000000 0.000000 1.000000
63258 0.000000 0.000000 0.000000 1.000000
63259 0.000000 0.000000 0.000000 1.000000
63260 0.000000 0.000000 0.000000 1.000000
63261 0.000000 0.000000 0.000000 1.000000
63262 0.000000 0.000000 0.000000 1.000000
63263 0.000000 0.000000 0.000000 1.000000
63264 0.000000 0.000000 0.000000 1.000000
63265 0.000000 0.000000 0.000000 1.000000
63272 0.000000 0.000000 0.000000 1.000000
63273 0.000000 0.000000 0.000000 1.000000
63274 0.000000 0.000000 0.000000 1.000000
63275 0.000000 0.000000 0.000000 1.000000
63276 0.000000 0.000000 0.000000 1.000000
63277 0.000000 0.000000 0.000000 1.000000
63278 0.000000 0.000000 0.000000 1.000000
63285 0.000000 0.000000 0.000000 1.000000
63286 0.000000 0.000000 0.000000 1.000000
63287 0.000000 0.000000 0.000000 1.000000
63288 0.000000 0.000000 0.000000 1.000000
63289 0.000000 0.000000 0.000000 1.000000
63290 0.000000 0.000000 0.000000 1.000000
63291 0.000000 0.000000 0.000000 1.000000
63298 0.000000 0.000000 0.000000 1.000000
63299 0.000000 0.000000 0.000000 1.000000
63300 0.000000 0.000000 0.000000 1.000000
63301 0.000000 0.000000 0.000000 1.000000
63302 0.000000 0.000000 0.000000 1.000000
63310 0.000000 0.000000 0.000000 1.000000
63311 0.000000 0.000000 0.000000 1.000000
63312 0.000000 0.000000 0.000000 1.000000
63320 0.000000 0.000000 0.000000 1.000000
63321 0.000000 0.000000 0.000000 1.000000
63329 0.000000 0.000000 0.000000 1.000000
63330 0.000000 0.000000 0.000000 1.000000
63338 0.000000 0.000000 0.000000 1.000000
63339 0.000000 0.000000 0.000000 1.000000
63348 0.000000 0.000000 0.000000 1.000000
63349 0.000000 0.000000 0.000000 1.000000
63358 0.000000 0.000000 0.000000 1.000000
63359 0.000000 0.000000 0.000000 1.000000
63360 0.000000 0.000000 0.000000 1.000000
63367 0.000000 0.000000 0.000000 1.000000
63368 0.000000 0.000000 0.000000 1.000000
63380 0.000000 0.000000 0.000000 1.000000
63381 0.000000 0.000000 0.000000 1.000000
63382 0.000000 0.000000 0.000000 1.000000
63393 0.000000 0.000000 0.000000 1.000000
63394 0.000000 0.000000 0.000000 1.000000
63395 0.000000 0.000000 0.000000 1.000000
63396 0.000000 0.000000 0.000000 1.000000
63397 0.000000 0.000000 0.000000 1.000000
63398 0.000000 0.000000 0.000000 1.000000
63399 0.000000 0.000000 0.000000 1.000000
63400 0.000000 0.000000 0.000000 1.000000
63401 0.000000 0.000000 0.000000 1.000000
63402 0.000000 0.000000 0.000000 1.000000
63411 0.000000 0.000000 0.000000 1.000000
63412 0.000000 0.000000 0.000000 1.000000
63413 0.000000 0.000000 0.000000 1.000000
63414 0.000000 0.000000 0.000000 1.000000
63415 0.000000 0.000000 0.000000 1.000000
63416 0.000000 0.000000 0.000000 1.000000
63417 0.000000 0.000000 0.000000 1.000000
63418 0.000000 0.000000 0.000000 1.000000
63419 0.000000 0.000000 0.000000 1.000000
63420 0.000000 0.000000 0.000000 1.000000
63432 0.000000 0.000000 0.000000 1.000000
63433 0.000000 0.000000 0.000000 1.000000
63434 0.000000 0.000000 0.000000 1.000000
63435 0.000000 0.000000 0.000000 1.000000
63436 0.000000 0.000000 0.000000 1.000000
64272 0.000000 0.000000 0.000000 1.000000
64276 0.000000 0.000000 0.000000 1.000000
64277 0.000000 0.000000 0.000000 1.000000
64278 0.000000 0.000000 0.000000 1.000000
64282 0.000000 0.000000 0.000000 1.000000
64283 0.000000 0.000000 0.000000 1.000000
64284 0.000000 0.000000 0.000000 1.000000
64285 0.000000 0.000000 0.000000 1.000000
64287 0.000000 0.000000 0.000000 1.000000
64288 0.000000 0.000000 0.000000 1.000000
64289 0.000000 0.000000 0.000000 1.000000
64290 0.000000 0.000000 0.000000 1.000000
64291 0.000000 0.000000 0.000000 1.000000
64292 0.000000 0.000000 0.000000 1.000000
64294 0.000000 0.000000 0.000000 1.000000
64295 0.000000 0.000000 0.000000 1.000000
64296 0.000000 0.000000 0.000000 1.000000
64297 0.000000 0.000000 0.000000 1.000000
64298 0.000000 0.000000 0.000000 1.000000
64299 0.000000 0.000000 0.000000 1.000000
64300 0.000000 0.000000 0.000000 1.000000
64301 0.000000 0.000000 0.000000 1.000000
64302 0.000000 0.000000 0.000000 1.000000
64303 0.000000 0.000000 0.000000 1.000000
64304 0.000000 0.000000 0.000000 1.000000
64307 0.000000 0.000000 0.000000 1.000000
64308 0.000000 0.000000 0.000000 1.000000
64309 0.000000 0.000000 0.000000 1.000000
64310 0.000000 0.000000 0.000000 1.000000
64311 0.000000 0.000000 0.000000 1.000000
64312 0.000000 0.000000 0.000000 1.000000
64313 0.000000 0.000000 0.000000 1.000000
64314 0.000000 0.000000 0.000000 1.000000
64315 0.000000 0.000000 0.000000 1.000000
64318 0.000000 0.000000 0.000000 1.000000
64319 0.000000 0.000000 0.000000 1.000000
64320 0.000000 0.000000 0.000000 1.000000
64321 0.000000 0.000000 0.000000 1.000000
64322 0.000000 0.000000 0.000000 1.000000
64323 0.000000 0.000000 0.000000 1.000000
64324 0.000000 0.000000 0.000000 1.000000
64325 0.000000 0.000000 0.000000 1.000000
64327 0.000000 0.000000 0.000000 1.000000
64328 0.000000 0.000000 0.000000 1.000000
64329 0.000000 0.000000 0.000000 1.000000
64330 0.000000 0.000000 0.000000 1.000000
64331 0.000000 0.000000 0.000000 1.000000
64332 0.000000 0.000000 0.000000 1.000000
64333 0.000000 0.000000 0.000000 1.000000
64334 0.000000 0.000000 0.000000 1.000000
64336 0.000000 0.000000 0.000000 1.000000
64337 0.000000 0.000000 0.000000 1.000000
64338 0.000000 0.000000 0.000000 1.000000
64339 0.000000 0.000000 0.000000 1.000000
64340 0.000000 0.000000 0.000000 1.000000
64341 0.000000 0.000000 0.000000 1.000000
64342 0.000000 0.000000 0.000000 1.000000
64343 0.000000 0.000000 0.000000 1.000000
64344 0.000000 0.000000 0.000000 1.000000
64345 0.000000 0.000000 0.000000 1.000000
64350 0.000000 0.000000 0.000000 1.000000
64351 0.000000 0.000000 0.000000 1.000000
64352 0.000000 0.000000 0.000000 1.000000
64353 0.000000 0.000000 0.000000 1.000000
64354 0.000000 0.000000 0.000000 1.000000
64355 0.000000 0.000000 0.000000 1.000000
64356 0.000000 0.000000 0.000000 1.000000
64357 0.000000 0.000000 0.000000 1.000000
64358 0.000000 0.000000 0.000000 1.000000
64364 0.000000 0.000000 0.000000 1.000000
64365 0.000000 0.000000 0.000000 1.000000
64366 0.000000 0.000000 0.000000 1.000000
64367 0.000000 0.000000 0.000000 1.000000
64368 0.000000 0.000000 0.000000 1.000000
64369 0.000000 0.000000 0.000000 1.000000
64370 0.000000 0.000000 0.000000 1.000000
64371 0.000000 0.000000 0.000000 1.000000
64372 0.000000 0.000000 0.000000 1.000000
64373 0.000000 0.000000 0.000000 1.000000
64374 0.000000 0.000000 0.000000 1.000000
64382 0.000000 0.000000 0.000000 1.000000
64383 0.000000 0.000000 0.000000 1.000000
64384 0.000000 0.000000 0.000000 1.000000
64385 0.000000 0.000000 0.000000 1.000000
64386 0.000000 0.000000 0.000000 1.000000
64387 0.000000 0.000000 0.000000 1.000000
64388 0.000000 0.000000 0.000000 1.000000
64389 0.000000 0.000000 0.000000 1.000000
64390 0.000000 0.000000 0.000000 1.000000
64391 0.000000 0.000000 0.000000 1.000000
64397 0.000000 0.000000 0.000000 1.000000
64398 0.000000 0.000000 0.000000 1.000000
64399 0.000000 0.000000 0.000000 1.000000
64400 0.000000 0.000000 0.000000 1.000000
64401 0.000000 0.000000 0.000000 1.000000
64402 0.000000 0.000000 0.000000 1.000000
64403 0.000000 0.000000 0.000000 1.000000
64404 0.000000 0.000000 0.000000 1.000000
64405 0.000000 0.000000 0.000000 1.000000
64412 0.000000 0.000000 0.000000 1.000000
64413 0.000000 0.000000 0.000000 1.000000
64414 0.000000 0.000000 0.000000 1.000000
64415 0.000000 0.000000 0.000000 1.000000
64416 0.000000 0.000000 0.000000 1.000000
64417 0.000000 0.000000 0.000000 1.000000
64418 0.000000 0.000000 0.000000 1.000000
64419 0.000000 0.000000 0.000000 1.000000
64425 0.000000 0.000000 0.000000 1.000000
64426 0.000000 0.000000 0.000000 1.000000
64427 0.000000 0.000000 0.000000 1.000000
64428 0.000000 0.000000 0.000000 1.000000
64429 0.000000 0.000000 0.000000 1.000000
64430 0.000000 0.000000 0.000000 1.000000
64431 0.000000 0.000000 0.000000 1.000000
64432 0.000000 0.000000 0.000000 1.000000
64433 0.000000 0.000000 0.000000 1.000000
64438 0.000000 0.000000 0.000000 1.000000
64439 0.000000 0.000000 0.000000 1.000000
64440 0.000000 0.000000 0.000000 1.000000
64441 0.000000 0.000000 0.000000 1.000000
64442 0.000000 0.000000 0.000000 1.000000
64443 0.000000 0.000000 0.000000 1.000000
64444 0.000000 0.000000 0.000000 1.000000
64445 0.000000 0.000000 0.000000 1.000000
64446 0.000000 0.000000 0.000000 1.000000
64452 0.000000 0.000000 0.000000 1.000000
64453 0.000000 0.000000 0.000000 1.000000
64454 0.000000 0.000000 0.000000 1.000000
64455 0.000000 0.000000 0.000000 1.000000
64456 0.000000 0.000000 0.000000 1.000000
64457 0.000000 0.000000 0.000000 1.000000
64458 0.000000 0.000000 0.000000 1.000000
64459 0.000000 0.000000 0.000000 1.000000
64460 0.000000 0.000000 0.000000 1.000000
64467 0.000000 0.000000 0.000000 1.000000
64468 0.000000 0.000000 0.000000 1.000000
64469 0.000000 0.000000 0.000000 1.000000
64470 0.000000 0.000000 0.000000 1.000000
64471 0.000000 0.000000 0.000000 1.000000
64472 0.000000 0.000000 0.000000 1.000000
64473 0.000000 0.000000 0.000000 1.000000
64474 0.000000 0.000000 0.000000 1.000000
64475 0.000000 0.000000 0.000000 1.000000
64483 0.000000 0.000000 0.000000 1.000000
64484 0.000000 0.000000 0.000000 1.000000
64485 0.000000 0.000000 0.000000 1.000000
64486 0.000000 0.000000 0.000000 1.000000
64487 0.000000 0.000000 0.000000 1.000000
64488 0.000000 0.000000 0.000000 1.000000
64489 0.000000 0.000000 0.000000 1.000000
64490 0.000000 0.000000 0.000000 1.000000
64491 0.000000 0.000000 0.000000 1.000000
64499 0.000000 0.000000 0.000000 1.000000
64500 0.000000 0.000000 0.000000 1.000000
64501 0.000000 0.000000 0.000000 1.000000
64502 0.000000 0.000000 0.000000 1.000000
64503 0.000000 0.000000 0.000000 1.000000
64504 0.000000 0.000000 0.000000 1.000000
64505 0.000000 0.000000 0.000000 1.000000
64506 0.000000 0.000000 0.000000 1.000000
64507 0.000000 0.000000 0.000000 1.000000
64515 0.000000 0.000000 0.000000 1.000000
64516 0.000000 0.000000 0.000000 1.000000
64517 0.000000 0.000000 0.000000 1.000000
64518 0.000000 0.000000 0.000000 1.000000
64519 0.000000 0.000000 0.000000 1.000000
64520 0.000000 0.000000 0.000000 1.000000
64521 0.000000 0.000000 0.000000 1.000000
64522 0.000000 0.000000 0.000000 1.000000
64523 0.000000 0.000000 0.000000 1.000000
64524 0.000000 0.000000 0.000000 1.000000
64531 0.000000 0.000000 0.000000 1.000000
64532 0.000000 0.000000 0.000000 1.000000
64533 0.000000 0.000000 0.000000 1.000000
64534 0.000000 0.000000 0.000000 1.000000
64535 0.000000 0.000000 0.000000 1.000000
64536 0.000000 0.000000 0.000000 1.000000
64537 0.000000 0.000000 0.000000 1.000000
64538 0.000000 0.000000 0.000000 1.000000
64539 0.000000 0.000000 0.000000 1.000000
64540 0.000000 0.000000 0.000000 1.000000
64548 0.000000 0.000000 0.000000 1.000000
64549 0.000000 0.000000 0.000000 1.000000
64550 0.000000 0.000000 0.000000 1.000000
64551 0.000000 0.000000 0.000000 1.000000
64552 0.000000 0.000000 0.000000 1.000000
64553 0.000000 0.000000 0.000000 1.000000
64554 0.000000 0.000000 0.000000 1.000000
64555 0.000000 0.000000 0.000000 1.000000
64556 0.000000 0.000000 0.000000 1.000000
64557 0.000000 0.000000 0.000000 1.000000
64558 0.000000 0.000000 0.000000 1.000000
64571 0.000000 0.000000 0.000000 1.000000
64572 0.000000 0.000000 0.000000 1.000000
64573 0.000000 0.000000 0.000000 1.000000
64574 0.000000 0.000000 0.000000 1.000000
64575 0.000000 0.000000 0.000000 1.000000
64576 0.000000 0.000000 0.000000 1.000000
64577 0.000000 0.000000 0.000000 1.000000
64578 0.000000 0.000000 0.000000 1.000000
64579 0.000000 0.000000 0.000000 1.000000
64587 0.000000 0.000000 0.000000 1.000000
64588 0.000000 0.000000 0.000000 1.000000
64589 0.000000 0.000000 0.000000 1.000000
64590 0.000000 0.000000 0.000000 1.000000
64591 0.000000 0.000000 0.000000 1.000000
64592 0.000000 0.000000 0.000000 1.000000
64593 0.000000 0.000000 0.000000 1.000000
64604 0.000000 0.000000 0.000000 1.000000
64605 0.000000 0.000000 0.000000 1.000000
64606 0.000000 0.000000 0.000000 1.000000
64607 0.000000 0.000000 0.000000 1.000000
65578 0.000000 0.000000 0.000000 1.000000
65579 0.000000 0.000000 0.000000 1.000000
65580 0.000000 0.000000 0.000000 1.000000
65581 0.000000 0.000000 0.000000 1.000000
65582 0.000000 0.000000 0.000000 1.000000
65583 0.000000 0.000000 0.000000 1.000000
65584 0.000000 0.000000 0.000000 1.000000
65585 0.000000 0.000000 0.000000 1.000000
65586 0.000000 0.000000 0.000000 1.000000
65591 0.000000 0.000000 0.000000 1.000000
65592 0.000000 0.000000 0.000000 1.000000
65593 0.000000 0.000000 0.000000 1.000000
65594 0.000000 0.000000 0.000000 1.000000
65595 0.000000 0.000000 0.000000 1.000000
65596 0.000000 0.000000 0.000000 1.000000
65597 0.000000 0.000000 0.000000 1.000000
65598 0.000000 0.000000 0.000000 1.000000
65599 0.000000 0.000000 0.000000 1.000000
65600 0.000000 0.000000 0.000000 1.000000
65601 0.000000 0.000000 0.000000 1.000000
65602 0.000000 0.000000 0.000000 1.000000
65604 0.000000 0.000000 0.000000 1.000000
65605 0.000000 0.000000 0.000000 1.000000
65606 0.000000 0.000000 0.000000 1.000000
65607 0.000000 0.000000 0.000000 1.000000
65608 0.000000 0.000000 0.000000 1.000000
65609 0.000000 0.000000 0.000000 1.000000
65610 0.000000 0.000000 0.000000 1.000000
65611 0.000000 0.000000 0.000000 1.000000
65612 0.000000 0.000000 0.000000 1.000000
65613 0.000000 0.000000 0.000000 1.000000
65614 0.000000 0.000000 0.000000 1.000000
65615 0.000000 0.000000 0.000000 1.000000
65617 0.000000 0.000000 0.000000 1.000000
65618 0.000000 0.000000 0.000000 1.000000
65619 0.000000 0.000000 0.000000 1.000000
65620 0.000000 0.000000 0.000000 1.000000
65621 0.000000 0.000000 0.000000 1.000000
65622 0.000000 0.000000 0.000000 1.000000
65623 0.000000 0.000000 0.000000 1.000000
65624 0.000000 0.000000 0.000000 1.000000
65627 0.000000 0.000000 0.000000 1.000000
65628 0.000000 0.000000 0.000000 1.000000
65629 0.000000 0.000000 0.000000 1.000000
65630 0.000000 0.000000 0.000000 1.000000
65631 0.000000 0.000000 0.000000 1.000000
65632 0.000000 0.000000 0.000000 1.000000
65633 0.000000 0.000000 0.000000 1.000000
65634 0.000000 0.000000 0.000000 1.000000
65635 0.000000 0.000000 0.000000 1.000000
65636 0.000000 0.000000 0.000000 1.000000
65639 0.000000 0.000000 0.000000 1.000000
65640 0.000000 0.000000 0.000000 1.000000
65641 0.000000 0.000000 0.000000 1.000000
65642 0.000000 0.000000 0.000000 1.000000
65643 0.000000 0.000000 0.000000 1.000000
65644 0.000000 0.000000 0.000000 1.000000
65645 0.000000 0.000000 0.000000 1.000000
65646 0.000000 0.000000 0.000000 1.000000
65647 0.000000 0.000000 0.000000 1.000000
65648 0.000000 0.000000 0.000000 1.000000
65649 0.000000 0.000000 0.000000 1.000000
65652 0.000000 0.000000 0.000000 1.000000
65653 0.000000 0.000000 0.000000 1.000000
65654 0.000000 0.000000 0.000000 1.000000
65655 0.000000 0.000000 0.000000 1.000000
65656 0.000000 0.000000 0.000000 1.000000
65657 0.000000 0.000000 0.000000 1.000000
65658 0.000000 0.000000 0.000000 1.000000
65659 0.000000 0.000000 0.000000 1.000000
65660 0.000000 0.000000 0.000000 1.000000
65661 0.000000 0.000000 0.000000 1.000000
65662 0.000000 0.000000 0.000000 1.000000
65663 0.000000 0.000000 0.000000 1.000000
65664 0.000000 0.000000 0.000000 1.000000
65670 0.000000 0.000000 0.000000 1.000000
65671 0.000000 0.000000 0.000000 1.000000
65672 0.000000 0.000000 0.000000 1.000000
65673 0.000000 0.000000 0.000000 1.000000
65674 0.000000 0.000000 0.000000 1.000000
65675 0.000000 0.000000 0.000000 1.000000
65676 0.000000 0.000000 0.000000 1.000000
65677 0.000000 0.000000 0.000000 1.000000
65678 0.000000 0.000000 0.000000 1.000000
65679 0.000000 0.000000 0.000000 1.000000
65685 0.000000 0.000000 0.000000 1.000000
65686 0.000000 0.000000 0.000000 1.000000
65687 0.000000 0.000000 0.000000 1.000000
65688 0.000000 0.000000 0.000000 1.000000
65689 0.000000 0.000000 0.000000 1.000000
65690 0.000000 0.000000 0.000000 1.000000
65691 0.000000 0.000000 0.000000 1.000000
65692 0.000000 0.000000 0.000000 1.000000
65693 0.000000 0.000000 0.000000 1.000000
65694 0.000000 0.000000 0.000000 1.000000
65701 0.000000 0.000000 0.000000 1.000000
65702 0.000000 0.000000 0.000000 1.000000
65703 0.000000 0.000000 0.000000 1.000000
65704 0.000000 0.000000 0.000000 1.000000
65705 0.000000 0.000000 0.000000 1.000000
65706 0.000000 0.000000 0.000000 1.000000
65707 0.000000 0.000000 0.000000 1.000000
65708 0.000000 0.000000 0.000000 1.000000
65709 0.000000 0.000000 0.000000 1.000000
65710 0.000000 0.000000 0.000000 1.000000
65717 0.000000 0.000000 0.000000 1.000000
65718 0.000000 0.000000 0.000000 1.000000
65719 0.000000 0.000000 0.000000 1.000000
65720 0.000000 0.000000 0.000000 1.000000
65721 0.000000 0.000000 0.000000 1.000000
65722 0.000000 0.000000 0.000000 1.000000
65723 0.000000 0.000000 0.000000 1.000000
65724 0.000000 0.000000 0.000000 1.000000
65725 0.000000 0.000000 0.000000 1.000000
65726 0.000000 0.000000 0.000000 1.000000
65727 0.000000 0.000000 0.000000 1.000000
65732 0.000000 0.000000 0.000000 1.000000
65733 0.000000 0.000000 0.000000 1.000000
65734 0.000000 0.000000 0.000000 1.000000
65735 0.000000 0.000000 0.000000 1.000000
65736 0.000000 0.000000 0.000000 1.000000
65737 0.000000 0.000000 0.000000 1.000000
65738 0.000000 0.000000 0.000000 1.000000
65739 0.000000 0.000000 0.000000 1.000000
65740 0.000000 0.000000 0.000000 1.000000
65741 0.000000 0.000000 0.000000 1.000000
65746 0.000000 0.000000 0.000000 1.000000
65747 0.000000 0.000000 0.000000 1.000000
65748 0.000000 0.000000 0.000000 1.000000
65749 0.000000 0.000000 0.000000 1.000000
65750 0.000000 0.000000 0.000000 1.000000
65751 0.000000 0.000000 0.000000 1.000000
65752 0.000000 0.000000 0.000000 1.000000
65753 0.000000 0.000000 0.000000 1.000000
65754 0.000000 0.000000 0.000000 1.000000
65761 0.000000 0.000000 0.000000 1.000000
65762 0.000000 0.000000 0.000000 1.000000
65763 0.000000 0.000000 0.000000 1.000000
65764 0.000000 0.000000 0.000000 1.000000
65765 0.000000 0.000000 0.000000 1.000000
65766 0.000000 0.000000 0.000000 1.000000
65767 0.000000 0.000000 0.000000 1.000000
65768 0.000000 0.000000 0.000000 1.000000
65774 0.000000 0.000000 0.000000 1.000000
65775 0.000000 0.000000 0.000000 1.000000
65776 0.000000 0.000000 0.000000 1.000000
65777 0.000000 0.000000 0.000000 1.000000
65778 0.000000 0.000000 0.000000 1.000000
65779 0.000000 0.000000 0.000000 1.000000
65780 0.000000 0.000000 0.000000 1.000000
65781 0.000000 0.000000 0.000000 1.000000
65782 0.000000 0.000000 0.000000 1.000000
65789 0.000000 0.000000 0.000000 1.000000
65790 0.000000 0.000000 0.000000 1.000000
65791 0.000000 0.000000 0.000000 1.000000
65792 0.000000 0.000000 0.000000 1.000000
65793 0.000000 0.000000 0.000000 1.000000
65794 0.000000 0.000000 0.000000 1.000000
65795 0.000000 0.000000 0.000000 1.000000
65796 0.000000 0.000000 0.000000 1.000000
65797 0.000000 0.000000 0.000000 1.000000
65803 0.000000 0.000000 0.000000 1.000000
65804 0.000000 0.000000 0.000000 1.000000
65805 0.000000 0.000000 0.000000 1.000000
65806 0.000000 0.000000 0.000000 1.000000
65807 0.000000 0.000000 0.000000 1.000000
65808 0.000000 0.000000 0.000000 1.000000
65809 0.000000 0.000000 0.000000 1.000000
65810 0.000000 0.000000 0.000000 1.000000
65811 0.000000 0.000000 0.000000 1.000000
65817 0.000000 0.000000 0.000000 1.000000
65818 0.000000 0.000000 0.000000 1.000000
65819 0.000000 0.000000 0.000000 1.000000
65820 0.000000 0.000000 0.000000 1.000000
65821 0.000000 0.000000 0.000000 1.000000
65822 0.000000 0.000000 0.000000 1.000000
65823 0.000000 0.000000 0.000000 1.000000
65824 0.000000 0.000000 0.000000 1.000000
65825 0.000000 0.000000 0.000000 1.000000
65826 0.000000 0.000000 0.000000 1.000000
65827 0.000000 0.000000 0.000000 1.000000
65828 0.000000 0.000000 0.000000 1.000000
65834 0.000000 0.000000 0.000000 1.000000
65835 0.000000 0.000000 0.000000 1.000000
65836 0.000000 0.000000 0.000000 1.000000
65837 0.000000 0.000000 0.000000 1.000000
65838 0.000000 0.000000 0.000000 1.000000
65839 0.000000 0.000000 0.000000 1.000000
65840 0.000000 0.000000 0.000000 1.000000
65841 0.000000 0.000000 0.000000 1.000000
65842 0.000000 0.000000 0.000000 1.000000
65843 0.000000 0.000000 0.000000 1.000000
65844 0.000000 0.000000 0.000000 1.000000
65850 0.000000 0.000000 0.000000 1.000000
65851 0.000000 0.000000 0.000000 1.000000
65852 0.000000 0.000000 0.000000 1.000000
65853 0.000000 0.000000 0.000000 1.000000
65854 0.000000 0.000000 0.000000 1.000000
65855 0.000000 0.000000 0.000000 1.000000
65856 0.000000 0.000000 0.000000 1.000000
65857 0.000000 0.000000 0.000000 1.000000
65858 0.000000 0.000000 0.000000 1.000000
65865 0.000000 0.000000 0.000000 1.000000
65866 0.000000 0.000000 0.000000 1.000000
65867 0.000000 0.000000 0.000000 1.000000
65868 0.000000 0.000000 0.000000 1.000000
65869 0.000000 0.000000 0.000000 1.000000
65870 0.000000 0.000000 0.000000 1.000000
65883 0.000000 0.000000 0.000000 1.000000
65884 0.000000 0.000000 0.000000 1.000000
65893 0.000000 0.000000 0.000000 1.000000
65894 0.000000 0.000000 0.000000 1.000000
65895 0.000000 0.000000 0.000000 1.000000
65896 0.000000 0.000000 0.000000 1.000000
66821 0.000000 0.000000 0.000000 1.000000
66822 0.000000 0.000000 0.000000 1.000000
66823 0.000000 0.000000 0.000000 1.000000
66832 0.000000 0.000000 0.000000 1.000000
66833 0.000000 0.000000 0.000000 1.000000
66834 0.000000 0.000000 0.000000 1.000000
66835 0.000000 0.000000 0.000000 1.000000
66836 0.000000 0.000000 0.000000 1.000000
66837 0.000000 0.000000 0.000000 1.000000
66838 0.000000 0.000000 0.000000 1.000000
66839 0.000000 0.000000 0.000000 1.000000
66840 0.000000 0.000000 0.000000 1.000000
66844 0.000000 0.000000 0.000000 1.000000
66845 0.000000 0.000000 0.000000 1.000000
66846 0.000000 0.000000 0.000000 1.000000
66847 0.000000 0.000000 0.000000 1.000000
66848 0.000000 0.000000 0.000000 1.000000
66849 0.000000 0.000000 0.000000 1.000000
66850 0.000000 0.000000 0.000000 1.000000
66851 0.000000 0.000000 0.000000 1.000000
66852 0.000000 0.000000 0.000000 1.000000
66853 0.000000 0.000000 0.000000 1.000000
66854 0.000000 0.000000 0.000000 1.000000
66856 0.000000 0.000000 0.000000 1.000000
66857 0.000000 0.000000 0.000000 1.000000
66858 0.000000 0.000000 0.000000 1.000000
66859 0.000000 0.000000 0.000000 1.000000
66861 0.000000 0.000000 0.000000 1.000000
66862 0.000000 0.000000 0.000000 1.000000
66863 0.000000 0.000000 0.000000 1.000000
66864 0.000000 0.000000 0.000000 1.000000
66866 0.000000 0.000000 0.000000 1.000000
66867 0.000000 0.000000 0.000000 1.000000
66868 0.000000 0.000000 0.000000 1.000000
66869 0.000000 0.000000 0.000000 1.000000
66871 0.000000 0.000000 0.000000 1.000000
66872 0.000000 0.000000 0.000000 1.000000
66873 0.000000 0.000000 0.000000 1.000000
66874 0.000000 0.000000 0.000000 1.000000
66876 0.000000 0.000000 0.000000 1.000000
66877 0.000000 0.000000 0.000000 1.000000
66878 0.000000 0.000000 0.000000 1.000000
66880 0.000000 0.000000 0.000000 1.000000
66881 0.000000 0.000000 0.000000 1.000000
66882 0.000000 0.000000 0.000000 1.000000
66885 0.000000 0.000000 0.000000 1.000000
66886 0.000000 0.000000 0.000000 1.000000
66893 0.000000 0.000000 0.000000 1.000000
66894 0.000000 0.000000 0.000000 1.000000
66899 0.000000 0.000000 0.000000 1.000000
66900 0.000000 0.000000 0.000000 1.000000
66901 0.000000 0.000000 0.000000 1.000000
66902 0.000000 0.000000 0.000000 1.000000
66903 0.000000 0.000000 0.000000 1.000000
66910 0.000000 0.000000 0.000000 1.000000
66911 0.000000 0.000000 0.000000 1.000000
66912 0.000000 0.000000 0.000000 1.000000
66913 0.000000 0.000000 0.000000 1.000000
66914 0.000000 0.000000 0.000000 1.000000
66915 0.000000 0.000000 0.000000 1.000000
66921 0.000000 0.000000 0.000000 1.000000
66922 0.000000 0.000000 0.000000 1.000000
66923 0.000000 0.000000 0.000000 1.000000
66924 0.000000 0.000000 0.000000 1.000000
66925 0.000000 0.000000 0.000000 1.000000
66926 0.000000 0.000000 0.000000 1.000000
66927 0.000000 0.000000 0.000000 1.000000
66932 0.000000 0.000000 0.000000 1.000000
66933 0.000000 0.000000 0.000000 1.000000
66934 0.000000 0.000000 0.000000 1.000000
66935 0.000000 0.000000 0.000000 1.000000
66936 0.000000 0.000000 0.000000 1.000000
66937 0.000000 0.000000 0.000000 1.000000
66938 0.000000 0.000000 0.000000 1.000000
66946 0.000000 0.000000 0.000000 1.000000
66947 0.000000 0.000000 0.000000 1.000000
66948 0.000000 0.000000 0.000000 1.000000
66949 0.000000 0.000000 0.000000 1.000000
66950 0.000000 0.000000 0.000000 1.000000
66951 0.000000 0.000000 0.000000 1.000000
66952 0.000000 0.000000 0.000000 1.000000
66958 0.000000 0.000000 0.000000 1.000000
66959 0.000000 0.000000 0.000000 1.000000
66960 0.000000 0.000000 0.000000 1.000000
66961 0.000000 0.000000 0.000000 1.000000
66962 0.000000 0.000000 0.000000 1.000000
66963 0.000000 0.000000 0.000000 1.000000
66964 0.000000 0.000000 0.000000 1.000000
66971 0.000000 0.000000 0.000000 1.000000
66972 0.000000 0.000000 0.000000 1.000000
66973 0.000000 0.000000 0.000000 1.000000
66974 0.000000 0.000000 0.000000 1.000000
66975 0.000000 0.000000 0.000000 1.000000
66982 0.000000 0.000000 0.000000 1.000000
66983 0.000000 0.000000 0.000000 1.000000
66984 0.000000 0.000000 0.000000 1.000000
66985 0.000000 0.000000 0.000000 1.000000
66986 0.000000 0.000000 0.000000 1.000000
66992 0.000000 0.000000 0.000000 1.000000
66993 0.000000 0.000000 0.000000 1.000000
66994 0.000000 0.000000 0.000000 1.000000
66995 0.000000 0.000000 0.000000 1.000000
66996 0.000000 0.000000 0.000000 1.000000
66997 0.000000 0.000000 0.000000 1.000000
67004 0.000000 0.000000 0.000000 1.000000
67005 0.000000 0.000000 0.000000 1.000000
67006 0.000000 0.000000 0.000000 1.000000
67007 0.000000 0.000000 0.000000 1.000000
67013 0.000000 0.000000 0.000000 1.000000
67018 0.000000 0.000000 0.000000 1.000000
67029 0.000000 0.000000 0.000000 1.000000
67039 0.000000 0.000000 0.000000 1.000000
67040 0.000000 0.000000 0.000000 1.000000
67041 0.000000 0.000000 0.000000 1.000000
68028 0.000000 0.000000 0.000000 1.000000
68029 0.000000 0.000000 0.000000 1.000000
68030 0.000000 0.000000 0.000000 1.000000
68031 0.000000 0.000000 0.000000 1.000000
68032 0.000000 0.000000 0.000000 1.000000
68038 0.000000 0.000000 0.000000 1.000000
68039 0.000000 0.000000 0.000000 1.000000
68040 0.000000 0.000000 0.000000 1.000000
68041 0.000000 0.000000 0.000000 1.000000
68042 0.000000 0.000000 0.000000 1.000000
68044 0.000000 0.000000 0.000000 1.000000
68045 0.000000 0.000000 0.000000 1.000000
68046 0.000000 0.000000 0.000000 1.000000
68047 0.000000 0.000000 0.000000 1.000000
68049 0.000000 0.000000 0.000000 1.000000
68050 0.000000 0.000000 0.000000 1.000000
68051 0.000000 0.000000 0.000000 1.000000
68053 0.000000 0.000000 0.000000 1.000000
68054 0.000000 0.000000 0.000000 1.000000
68055 0.000000 0.000000 0.000000 1.000000
68057 0.000000 0.000000 0.000000 1.000000
68058 0.000000 0.000000 0.000000 1.000000
68059 0.000000 0.000000 0.000000 1.000000
68061 0.000000 0.000000 0.000000 1.000000
68062 0.000000 0.000000 0.000000 1.000000
68063 0.000000 0.000000 0.000000 1.000000
68065 0.000000 0.000000 0.000000 1.000000
68066 0.000000 0.000000 0.000000 1.000000
68068 0.000000 0.000000 0.000000 1.000000
68069 0.000000 0.000000 0.000000 1.000000
68070 0.000000 0.000000 0.000000 1.000000
68072 0.000000 0.000000 0.000000 1.000000
68073 0.000000 0.000000 0.000000 1.000000
68080 0.000000 0.000000 0.000000 1.000000
68081 0.000000 0.000000 0.000000 1.000000
68088 0.000000 0.000000 0.000000 1.000000
68089 0.000000 0.000000 0.000000 1.000000
68096 0.000000 0.000000 0.000000 1.000000
68097 0.000000 0.000000 0.000000 1.000000
68103 0.000000 0.000000 0.000000 1.000000
68104 0.000000 0.000000 0.000000 1.000000
68109 0.000000 0.000000 0.000000 1.000000
68115 0.000000 0.000000 0.000000 1.000000
68120 0.000000 0.000000 0.000000 1.000000
68121 0.000000 0.000000 0.000000 1.000000
68127 0.000000 0.000000 0.000000 1.000000
68128 0.000000 0.000000 0.000000 1.000000
68135 0.000000 0.000000 0.000000 1.000000
68141 0.000000 0.000000 0.000000 1.000000
68142 0.000000 0.000000 0.000000 1.000000
68148 0.000000 0.000000 0.000000 1.000000
68149 0.000000 0.000000 0.000000 1.000000
68150 0.000000 0.000000 0.000000 1.000000
68156 0.000000 0.000000 0.000000 1.000000
68157 0.000000 0.000000 0.000000 1.000000
68163 0.000000 0.000000 0.000000 1.000000
68164 0.000000 0.000000 0.000000 1.000000
68174 0.000000 0.000000 0.000000 1.000000
68175 0.000000 0.000000 0.000000 1.000000
68184 0.000000 0.000000 0.000000 1.000000
68185 0.000000 0.000000 0.000000 1.000000
68186 0.000000 0.000000 0.000000 1.000000
68187 0.000000 0.000000 0.000000 1.000000
69104 0.000000 0.000000 0.000000 1.000000
69105 0.000000 0.000000 0.000000 1.000000
69106 0.000000 0.000000 0.000000 1.000000
69107 0.000000 0.000000 0.000000 1.000000
69108 0.000000 0.000000 0.000000 1.000000
69109 0.000000 0.000000 0.000000 1.000000
69111 0.000000 0.000000 0.000000 1.000000
69112 0.000000 0.000000 0.000000 1.000000
69113 0.000000 0.000000 0.000000 1.000000
69114 0.000000 0.000000 0.000000 1.000000
69116 0.000000 0.000000 0.000000 1.000000
69117 0.000000 0.000000 0.000000 1.000000
69118 0.000000 0.000000 0.000000 1.000000
69121 0.000000 0.000000 0.000000 1.000000
69122 0.000000 0.000000 0.000000 1.000000
69123 0.000000 0.000000 0.000000 1.000000
69126 0.000000 0.000000 0.000000 1.000000
69127 0.000000 0.000000 0.000000 1.000000
69128 0.000000 0.000000 0.000000 1.000000
69131 0.000000 0.000000 0.000000 1.000000
69132 0.000000 0.000000 0.000000 1.000000
69133 0.000000 0.000000 0.000000 1.000000
69136 0.000000 0.000000 0.000000 1.000000
69137 0.000000 0.000000 0.000000 1.000000
69140 0.000000 0.000000 0.000000 1.000000
69141 0.000000 0.000000 0.000000 1.000000
69144 0.000000 0.000000 0.000000 1.000000
69145 0.000000 0.000000 0.000000 1.000000
69147 0.000000 0.000000 0.000000 1.000000
69148 0.000000 0.000000 0.000000 1.000000
69153 0.000000 0.000000 0.000000 1.000000
69154 0.000000 0.000000 0.000000 1.000000
69161 0.000000 0.000000 0.000000 1.000000
69162 0.000000 0.000000 0.000000 1.000000
69169 0.000000 0.000000 0.000000 1.000000
69170 0.000000 0.000000 0.000000 1.000000
69176 0.000000 0.000000 0.000000 1.000000
69177 0.000000 0.000000 0.000000 1.000000
69182 0.000000 0.000000 0.000000 1.000000
69183 0.000000 0.000000 0.000000 1.000000
69190 0.000000 0.000000 0.000000 1.000000
69197 0.000000 0.000000 0.000000 1.000000
69198 0.000000 0.000000 0.000000 1.000000
69204 0.000000 0.000000 0.000000 1.000000
69205 0.000000 0.000000 0.000000 1.000000
69210 0.000000 0.000000 0.000000 1.000000
69211 0.000000 0.000000 0.000000 1.000000
69218 0.000000 0.000000 0.000000 1.000000
69219 0.000000 0.000000 0.000000 1.000000
69220 0.000000 0.000000 0.000000 1.000000
69226 0.000000 0.000000 0.000000 1.000000
69227 0.000000 0.000000 0.000000 1.000000
69228 0.000000 0.000000 0.000000 1.000000
69234 0.000000 0.000000 0.000000 1.000000
69235 0.000000 0.000000 0.000000 1.000000
69242 0.000000 0.000000 0.000000 1.000000
69243 0.000000 0.000000 0.000000 1.000000
69254 0.000000 0.000000 0.000000 1.000000
69255 0.000000 0.000000 0.000000 1.000000
69266 0.000000 0.000000 0.000000 1.000000
69267 0.000000 0.000000 0.000000 1.000000
70130 0.000000 0.000000 0.000000 1.000000
70131 0.000000 0.000000 0.000000 1.000000
70135 0.000000 0.000000 0.000000 1.000000
70136 0.000000 0.000000 0.000000 1.000000
70137 0.000000 0.000000 0.000000 1.000000
70138 0.000000 0.000000 0.000000 1.000000
70141 0.000000 0.000000 0.000000 1.000000
70142 0.000000 0.000000 0.000000 1.000000
70143 0.000000 0.000000 0.000000 1.000000
70146 0.000000 0.000000 0.000000 1.000000
70147 0.000000 0.000000 0.000000 1.000000
70148 0.000000 0.000000 0.000000 1.000000
70150 0.000000 0.000000 0.000000 1.000000
70151 0.000000 0.000000 0.000000 1.000000
70153 0.000000 0.000000 0.000000 1.000000
70154 0.000000 0.000000 0.000000 1.000000
70156 0.000000 0.000000 0.000000 1.000000
70157 0.000000 0.000000 0.000000 1.000000
70159 0.000000 0.000000 0.000000 1.000000
70160 0.000000 0.000000 0.000000 1.000000
70161 0.000000 0.000000 0.000000 1.000000
70164 0.000000 0.000000 0.000000 1.000000
70165 0.000000 0.000000 0.000000 1.000000
70167 0.000000 0.000000 0.000000 1.000000
70168 0.000000 0.000000 0.000000 1.000000
70169 0.000000 0.000000 0.000000 1.000000
70171 0.000000 0.000000 0.000000 1.000000
70172 0.000000 0.000000 0.000000 1.000000
70178 0.000000 0.000000 0.000000 1.000000
70179 0.000000 0.000000 0.000000 1.000000
70186 0.000000 0.000000 0.000000 1.000000
70192 0.000000 0.000000 0.000000 1.000000
70197 0.000000 0.000000 0.000000 1.000000
70198 0.000000 0.000000 0.000000 1.000000
70204 0.000000 0.000000 0.000000 1.000000
70205 0.000000 0.000000 0.000000 1.000000
70211 0.000000 0.000000 0.000000 1.000000
70212 0.000000 0.000000 0.000000 1.000000
70218 0.000000 0.000000 0.000000 1.000000
70219 0.000000 0.000000 0.000000 1.000000
70224 0.000000 0.000000 0.000000 1.000000
70225 0.000000 0.000000 0.000000 1.000000
70226 0.000000 0.000000 0.000000 1.000000
70234 0.000000 0.000000 0.000000 1.000000
70235 0.000000 0.000000 0.000000 1.000000
70236 0.000000 0.000000 0.000000 1.000000
70243 0.000000 0.000000 0.000000 1.000000
70244 0.000000 0.000000 0.000000 1.000000
70250 0.000000 0.000000 0.000000 1.000000
70257 0.000000 0.000000 0.000000 1.000000
70266 0.000000 0.000000 0.000000 1.000000
71172 0.000000 0.000000 0.000000 1.000000
71174 0.000000 0.000000 0.000000 1.000000
71177 0.000000 0.000000 0.000000 1.000000
71178 0.000000 0.000000 0.000000 1.000000
71179 0.000000 0.000000 0.000000 1.000000
71180 0.000000 0.000000 0.000000 1.000000
71182 0.000000 0.000000 0.000000 1.000000
71183 0.000000 0.000000 0.000000 1.000000
71184 0.000000 0.000000 0.000000 1.000000
71186 0.000000 0.000000 0.000000 1.000000
71187 0.000000 0.000000 0.000000 1.000000
71188 0.000000 0.000000 0.000000 1.000000
71190 0.000000 0.000000 0.000000 1.000000
71191 0.000000 0.000000 0.000000 1.000000
71193 0.000000 0.000000 0.000000 1.000000
71194 0.000000 0.000000 0.000000 1.000000
71196 0.000000 0.000000 0.000000 1.000000
71197 0.000000 0.000000 0.000000 1.000000
71200 0.000000 0.000000 0.000000 1.000000
71201 0.000000 0.000000 0.000000 1.000000
71204 0.000000 0.000000 0.000000 1.000000
71205 0.000000 0.000000 0.000000 1.000000
71207 0.000000 0.000000 0.000000 1.000000
71210 0.000000 0.000000 0.000000 1.000000
71211 0.000000 0.000000 0.000000 1.000000
71218 0.000000 0.000000 0.000000 1.000000
71219 0.000000 0.000000 0.000000 1.000000
71227 0.000000 0.000000 0.000000 1.000000
71228 0.000000 0.000000 0.000000 1.000000
71234 0.000000 0.000000 0.000000 1.000000
71239 0.000000 0.000000 0.000000 1.000000
71240 0.000000 0.000000 0.000000 1.000000
71241 0.000000 0.000000 0.000000 1.000000
71247 0.000000 0.000000 0.000000 1.000000
71248 0.000000 0.000000 0.000000 1.000000
71254 0.000000 0.000000 0.000000 1.000000
71255 0.000000 0.000000 0.000000 1.000000
71261 0.000000 0.000000 0.000000 1.000000
71262 0.000000 0.000000 0.000000 1.000000
71269 0.000000 0.000000 0.000000 1.000000
71270 0.000000 0.000000 0.000000 1.000000
71277 0.000000 0.000000 0.000000 1.000000
71284 0.000000 0.000000 0.000000 1.000000
71295 0.000000 0.000000 0.000000 1.000000
71296 0.000000 0.000000 0.000000 1.000000
71308 0.000000 0.000000 0.000000 1.000000
72291 0.000000 0.000000 0.000000 1.000000
72292 0.000000 0.000000 0.000000 1.000000
72293 0.000000 0.000000 0.000000 1.000000
72306 0.000000 0.000000 0.000000 1.000000
72307 0.000000 0.000000 0.000000 1.000000
72308 0.000000 0.000000 0.000000 1.000000
72309 0.000000 0.000000 0.000000 1.000000
72318 0.000000 0.000000 0.000000 1.000000
72319 0.000000 0.000000 0.000000 1.000000
72320 0.000000 0.000000 0.000000 1.000000
72328 0.000000 0.000000 0.000000 1.000000
72329 0.000000 0.000000 0.000000 1.000000
72330 0.000000 0.000000 0.000000 1.000000
72336 0.000000 0.000000 0.000000 1.000000
72337 0.000000 0.000000 0.000000 1.000000
72339 0.000000 0.000000 0.000000 1.000000
72340 0.000000 0.000000 0.000000 1.000000
72341 0.000000 0.000000 0.000000 1.000000
72343 0.000000 0.000000 0.000000 1.000000
72344 0.000000 0.000000 0.000000 1.000000
72347 0.000000 0.000000 0.000000 1.000000
72349 0.000000 0.000000 0.000000 1.000000
72351 0.000000 0.000000 0.000000 1.000000
72356 0.000000 0.000000 0.000000 1.000000
72364 0.000000 0.000000 0.000000 1.000000
72365 0.000000 0.000000 0.000000 1.000000
72372 0.000000 0.000000 0.000000 1.000000
72378 0.000000 0.000000 0.000000 1.000000
72379 0.000000 0.000000 0.000000 1.000000
72380 0.000000 0.000000 0.000000 1.000000
72387 0.000000 0.000000 0.000000 1.000000
72388 0.000000 0.000000 0.000000 1.000000
72394 0.000000 0.000000 0.000000 1.000000
72395 0.000000 0.000000 0.000000 1.000000
72402 0.000000 0.000000 0.000000 1.000000
72412 0.000000 0.000000 0.000000 1.000000
72422 0.000000 0.000000 0.000000 1.000000
72431 0.000000 0.000000 0.000000 1.000000
72441 0.000000 0.000000 0.000000 1.000000
73366 0.000000 0.000000 0.000000 1.000000
73367 0.000000 0.000000 0.000000 1.000000
73381 0.000000 0.000000 0.000000 1.000000
73382 0.000000 0.000000 0.000000 1.000000
73383 0.000000 0.000000 0.000000 1.000000
73384 0.000000 0.000000 0.000000 1.000000
73398 0.000000 0.000000 0.000000 1.000000
73399 0.000000 0.000000 0.000000 1.000000
73400 0.000000 0.000000 0.000000 1.000000
73415 0.000000 0.000000 0.000000 1.000000
73416 0.000000 0.000000 0.000000 1.000000
73417 0.000000 0.000000 0.000000 1.000000
73431 0.000000 0.000000 0.000000 1.000000
73432 0.000000 0.000000 0.000000 1.000000
73433 0.000000 0.000000 0.000000 1.000000
73446 0.000000 0.000000 0.000000 1.000000
73447 0.000000 0.000000 0.000000 1.000000
73448 0.000000 0.000000 0.000000 1.000000
73449 0.000000 0.000000 0.000000 1.000000
73460 0.000000 0.000000 0.000000 1.000000
73461 0.000000 0.000000 0.000000 1.000000
73470 0.000000 0.000000 0.000000 1.000000
73478 0.000000 0.000000 0.000000 1.000000
73485 0.000000 0.000000 0.000000 1.000000
73493 0.000000 0.000000 0.000000 1.000000
73494 0.000000 0.000000 0.000000 1.000000
73506 0.000000 0.000000 0.000000 1.000000
73507 0.000000 0.000000 0.000000 1.000000
73518 0.000000 0.000000 0.000000 1.000000
73528 0.000000 0.000000 0.000000 1.000000
73529 0.000000 0.000000 0.000000 1.000000
73537 0.000000 0.000000 0.000000 1.000000
73538 0.000000 0.000000 0.000000 1.000000
73544 0.000000 0.000000 0.000000 1.000000
74505 0.000000 0.000000 0.000000 1.000000
74506 0.000000 0.000000 0.000000 1.000000
74519 0.000000 0.000000 0.000000 1.000000
74520 0.000000 0.000000 0.000000 1.000000
74521 0.000000 0.000000 0.000000 1.000000
74522 0.000000 0.000000 0.000000 1.000000
74523 0.000000 0.000000 0.000000 1.000000
74536 0.000000 0.000000 0.000000 1.000000
74537 0.000000 0.000000 0.000000 1.000000
74548 0.000000 0.000000 0.000000 1.000000
74549 0.000000 0.000000 0.000000 1.000000
74563 0.000000 0.000000 0.000000 1.000000
74564 0.000000 0.000000 0.000000 1.000000
74565 0.000000 0.000000 0.000000 1.000000
74578 0.000000 0.000000 0.000000 1.000000
74579 0.000000 0.000000 0.000000 1.000000
74589 0.000000 0.000000 0.000000 1.000000
74596 0.000000 0.000000 0.000000 1.000000
74603 0.000000 0.000000 0.000000 1.000000
74612 0.000000 0.000000 0.000000 1.000000
74613 0.000000 0.000000 0.000000 1.000000
74623 0.000000 0.000000 0.000000 1.000000
74637 0.000000 0.000000 0.000000 1.000000
74655 0.000000 0.000000 0.000000 1.000000
74656 0.000000 0.000000 0.000000 1.000000
74671 0.000000 0.000000 0.000000 1.000000
74672 0.000000 0.000000 0.000000 1.000000
74688 0.000000 0.000000 0.000000 1.000000
75699 0.000000 0.000000 0.000000 1.000000
75700 0.000000 0.000000 0.000000 1.000000
75701 0.000000 0.000000 0.000000 1.000000
75702 0.000000 0.000000 0.000000 1.000000
75703 0.000000 0.000000 0.000000 1.000000
75704 0.000000 0.000000 0.000000 1.000000
75712 0.000000 0.000000 0.000000 1.000000
75713 0.000000 0.000000 0.000000 1.000000
75714 0.000000 0.000000 0.000000 1.000000
75715 0.000000 0.000000 0.000000 1.000000
75716 0.000000 0.000000 0.000000 1.000000
75725 0.000000 0.000000 0.000000 1.000000
75726 0.000000 0.000000 0.000000 1.000000
75727 0.000000 0.000000 0.000000 1.000000
75728 0.000000 0.000000 0.000000 1.000000
75738 0.000000 0.000000 0.000000 1.000000
75739 0.000000 0.000000 0.000000 1.000000
75740 0.000000 0.000000 0.000000 1.000000
75741 0.000000 0.000000 0.000000 1.000000
75751 0.000000 0.000000 0.000000 1.000000
75752 0.000000 0.000000 0.000000 1.000000
75753 0.000000 0.000000 0.000000 1.000000
75764 0.000000 0.000000 0.000000 1.000000
75774 0.000000 0.000000 0.000000 1.000000
75781 0.000000 0.000000 0.000000 1.000000
75789 0.000000 0.000000 0.000000 1.000000
75790 0.000000 0.000000 0.000000 1.000000
75799 0.000000 0.000000 0.000000 1.000000
75807 0.000000 0.000000 0.000000 1.000000
75808 0.000000 0.000000 0.000000 1.000000
75819 0.000000 0.000000 0.000000 1.000000
75820 0.000000 0.000000 0.000000 1.000000
76862 0.000000 0.000000 0.000000 1.000000
76863 0.000000 0.000000 0.000000 1.000000
76864 0.000000 0.000000 0.000000 1.000000
76865 0.000000 0.000000 0.000000 1.000000
76873 0.000000 0.000000 0.000000 1.000000
76874 0.000000 0.000000 0.000000 1.000000
76875 0.000000 0.000000 0.000000 1.000000
76876 0.000000 0.000000 0.000000 1.000000
76877 0.000000 0.000000 0.000000 1.000000
76886 0.000000 0.000000 0.000000 1.000000
76887 0.000000 0.000000 0.000000 1.000000
76888 0.000000 0.000000 0.000000 1.000000
76899 0.000000 0.000000 0.000000 1.000000
76900 0.000000 0.000000 0.000000 1.000000
76901 0.000000 0.000000 0.000000 1.000000
76902 0.000000 0.000000 0.000000 1.000000
76914 0.000000 0.000000 0.000000 1.000000
76915 0.000000 0.000000 0.000000 1.000000
76916 0.000000 0.000000 0.000000 1.000000
76931 0.000000 0.000000 0.000000 1.000000
76932 0.000000 0.000000 0.000000 1.000000
76945 0.000000 0.000000 0.000000 1.000000
76954 0.000000 0.000000 0.000000 1.000000
76963 0.000000 0.000000 0.000000 1.000000
76964 0.000000 0.000000 0.000000 1.000000
76973 0.000000 0.000000 0.000000 1.000000
76981 0.000000 0.000000 0.000000 1.000000
76982 0.000000 0.000000 0.000000 1.000000
76992 0.000000 0.000000 0.000000 1.000000
78022 0.000000 0.000000 0.000000 1.000000
78023 0.000000 0.000000 0.000000 1.000000
78024 0.000000 0.000000 0.000000 1.000000
78025 0.000000 0.000000 0.000000 1.000000
78026 0.000000 0.000000 0.000000 1.000000
78035 0.000000 0.000000 0.000000 1.000000
78036 0.000000 0.000000 0.000000 1.000000
78037 0.000000 0.000000 0.000000 1.000000
78038 0.000000 0.000000 0.000000 1.000000
78039 0.000000 0.000000 0.000000 1.000000
78040 0.000000 0.000000 0.000000 1.000000
78050 0.000000 0.000000 0.000000 1.000000
78051 0.000000 0.000000 0.000000 1.000000
78052 0.000000 0.000000 0.000000 1.000000
78053 0.000000 0.000000 0.000000 1.000000
78054 0.000000 0.000000 0.000000 1.000000
78055 0.000000 0.000000 0.000000 1.000000
78063 0.000000 0.000000 0.000000 1.000000
78064 0.000000 0.000000 0.000000 1.000000
78065 0.000000 0.000000 0.000000 1.000000
78066 0.000000 0.000000 0.000000 1.000000
78067 0.000000 0.000000 0.000000 1.000000
78077 0.000000 0.000000 0.000000 1.000000
78078 0.000000 0.000000 0.000000 1.000000
78079 0.000000 0.000000 0.000000 1.000000
78080 0.000000 0.000000 0.000000 1.000000
78094 0.000000 0.000000 0.000000 1.000000
78107 0.000000 0.000000 0.000000 1.000000
78115 0.000000 0.000000 0.000000 1.000000
78116 0.000000 0.000000 0.000000 1.000000
78124 0.000000 0.000000 0.000000 1.000000
79192 0.000000 0.000000 0.000000 1.000000
79193 0.000000 0.000000 0.000000 1.000000
79201 0.000000 0.000000 0.000000 1.000000
79202 0.000000 0.000000 0.000000 1.000000
79203 0.000000 0.000000 0.000000 1.000000
79204 0.000000 0.000000 0.000000 1.000000
79214 0.000000 0.000000 0.000000 1.000000
79215 0.000000 0.000000 0.000000 1.000000
79216 0.000000 0.000000 0.000000 1.000000
79217 0.000000 0.000000 0.000000 1.000000
79218 0.000000 0.000000 0.000000 1.000000
79219 0.000000 0.000000 0.000000 1.000000
79228 0.000000 0.000000 0.000000 1.000000
79229 0.000000 0.000000 0.000000 1.000000
79230 0.000000 0.000000 0.000000 1.000000
79231 0.000000 0.000000 0.000000 1.000000
79232 0.000000 0.000000 0.000000 1.000000
79242 0.000000 0.000000 0.000000 1.000000
79243 0.000000 0.000000 0.000000 1.000000
79244 0.000000 0.000000 0.000000 1.000000
79245 0.000000 0.000000 0.000000 1.000000
79257 0.000000 0.000000 0.000000 1.000000
79258 0.000000 0.000000 0.000000 1.000000
79259 0.000000 0.000000 0.000000 1.000000
79270 0.000000 0.000000 0.000000 1.000000
79271 0.000000 0.000000 0.000000 1.000000
79272 0.000000 0.000000 0.000000 1.000000
79277 0.000000 0.000000 0.000000 1.000000
80356 0.000000 0.000000 0.000000 1.000000
80357 0.000000 0.000000 0.000000 1.000000
80365 0.000000 0.000000 0.000000 1.000000
80366 0.000000 0.000000 0.000000 1.000000
80367 0.000000 0.000000 0.000000 1.000000
80368 0.000000 0.000000 0.000000 1.000000
80369 0.000000 0.000000 0.000000 1.000000
80379 0.000000 0.000000 0.000000 1.000000
80380 0.000000 0.000000 0.000000 1.000000
80381 0.000000 0.000000 0.000000 1.000000
80382 0.000000 0.000000 0.000000 1.000000
80383 0.000000 0.000000 0.000000 1.000000
80384 0.000000 0.000000 0.000000 1.000000
80385 0.000000 0.000000 0.000000 1.000000
80395 0.000000 0.000000 0.000000 1.000000
80396 0.000000 0.000000 0.000000 1.000000
80397 0.000000 0.000000 0.000000 1.000000
80398 0.000000 0.000000 0.000000 1.000000
80399 0.000000 0.000000 0.000000 1.000000
80410 0.000000 0.000000 0.000000 1.000000
80411 0.000000 0.000000 0.000000 1.000000
80412 0.000000 0.000000 0.000000 1.000000
80413 0.000000 0.000000 0.000000 1.000000
80425 0.000000 0.000000 0.000000 1.000000
80426 0.000000 0.000000 0.000000 1.000000
80427 0.000000 0.000000 0.000000 1.000000
80434 0.000000 0.000000 0.000000 1.000000
80435 0.000000 0.000000 0.000000 1.000000
80444 0.000000 0.000000 0.000000 1.000000
81521 0.000000 0.000000 0.000000 1.000000
81522 0.000000 0.000000 0.000000 1.000000
81523 0.000000 0.000000 0.000000 1.000000
81532 0.000000 0.000000 0.000000 1.000000
81533 0.000000 0.000000 0.000000 1.000000
81534 0.000000 0.000000 0.000000 1.000000
81535 0.000000 0.000000 0.000000 1.000000
81536 0.000000 0.000000 0.000000 1.000000
81537 0.000000 0.000000 0.000000 1.000000
81547 0.000000 0.000000 0.000000 1.000000
81548 0.000000 0.000000 0.000000 1.000000
81549 0.000000 0.000000 0.000000 1.000000
81550 0.000000 0.000000 0.000000 1.000000
81551 0.000000 0.000000 0.000000 1.000000
81562 0.000000 0.000000 0.000000 1.000000
81563 0.000000 0.000000 0.000000 1.000000
81564 0.000000 0.000000 0.000000 1.000000
81565 0.000000 0.000000 0.000000 1.000000
81576 0.000000 0.000000 0.000000 1.000000
81577 0.000000 0.000000 0.000000 1.000000
81578 0.000000 0.000000 0.000000 1.000000
81584 0.000000 0.000000 0.000000 1.000000
81592 0.000000 0.000000 0.000000 1.000000
82631 0.000000 0.000000 0.000000 1.000000
82632 0.000000 0.000000 0.000000 1.000000
82633 0.000000 0.000000 0.000000 1.000000
82634 0.000000 0.000000 0.000000 1.000000
82645 0.000000 0.000000 0.000000 1.000000
82646 0.000000 0.000000 0.000000 1.000000
82647 0.000000 0.000000 0.000000 1.000000
82648 0.000000 0.000000 0.000000 1.000000
82649 0.000000 0.000000 0.000000 1.000000
82650 0.000000 0.000000 0.000000 1.000000
82663 0.000000 0.000000 0.000000 1.000000
82664 0.000000 0.000000 0.000000 1.000000
82665 0.000000 0.000000 0.000000 1.000000
82666 0.000000 0.000000 0.000000 1.000000
82667 0.000000 0.000000 0.000000 1.000000
82668 0.000000 0.000000 0.000000 1.000000
82678 0.000000 0.000000 0.000000 1.000000
82679 0.000000 0.000000 0.000000 1.000000
82680 0.000000 0.000000 0.000000 1.000000
82681 0.000000 0.000000 0.000000 1.000000
82687 0.000000 0.000000 0.000000 1.000000
82688 0.000000 0.000000 0.000000 1.000000
82696 0.000000 0.000000 0.000000 1.000000
83768 0.000000 0.000000 0.000000 1.000000
83769 0.000000 0.000000 0.000000 1.000000
83770 0.000000 0.000000 0.000000 1.000000
83771 0.000000 0.000000 0.000000 1.000000
83785 0.000000 0.000000 0.000000 1.000000
83786 0.000000 0.000000 0.000000 1.000000
83787 0.000000 0.000000 0.000000 1.000000
83788 0.000000 0.000000 0.000000 1.000000
83789 0.000000 0.000000 0.000000 1.000000
83790 0.000000 0.000000 0.000000 1.000000
83791 0.000000 0.000000 0.000000 1.000000
83797 0.000000 0.000000 0.000000 1.000000
83798 0.000000 0.000000 0.000000 1.000000
83799 0.000000 0.000000 0.000000 1.000000
83800 0.000000 0.000000 0.000000 1.000000
83801 0.000000 0.000000 0.000000 1.000000
83809 0.000000 0.000000 0.000000 1.000000
83810 0.000000 0.000000 0.000000 1.000000
83811 0.000000 0.000000 0.000000 1.000000
83819 0.000000 0.000000 0.000000 1.000000
83820 0.000000 0.000000 0.000000 1.000000
83821 0.000000 0.000000 0.000000 1.000000
83829 0.000000 0.000000 0.000000 1.000000
83830 0.000000 0.000000 0.000000 1.000000
84905 0.000000 0.000000 0.000000 1.000000
84906 0.000000 0.000000 0.000000 1.000000
84907 0.000000 0.000000 0.000000 1.000000
84908 0.000000 0.000000 0.000000 1.000000
84909 0.000000 0.000000 0.000000 1.000000
84916 0.000000 0.000000 0.000000 1.000000
84917 0.000000 0.000000 0.000000 1.000000
84918 0.000000 0.000000 0.000000 1.000000
84919 0.000000 0.000000 0.000000 1.000000
84920 0.000000 0.000000 0.000000 1.000000
84921 0.000000 0.000000 0.000000 1.000000
84929 0.000000 0.000000 0.000000 1.000000
84930 0.000000 0.000000 0.000000 1.000000
84931 0.000000 0.000000 0.000000 1.000000
84932 0.000000 0.000000 0.000000 1.000000
84933 0.000000 0.000000 0.000000 1.000000
84942 0.000000 0.000000 0.000000 1.000000
86024 0.000000 0.000000 0.000000 1.000000
86025 0.000000 0.000000 0.000000 1.000000
