#
1502
11174 0.000000 0.000000 0.000000 1.000000
11185 0.000000 0.000000 0.000000 1.000000
11186 0.000000 0.000000 0.000000 1.000000
11192 0.000000 0.000000 0.000000 1.000000
11193 0.000000 0.000000 0.000000 1.000000
11194 0.000000 0.000000 0.000000 1.000000
11200 0.000000 0.000000 0.000000 1.000000
11201 0.000000 0.000000 0.000000 1.000000
11202 0.000000 0.000000 0.000000 1.000000
11897 0.000000 0.000000 0.000000 1.000000
11907 0.000000 0.000000 0.000000 1.000000
11908 0.000000 0.000000 0.000000 1.000000
11918 0.000000 0.000000 0.000000 1.000000
11919 0.000000 0.000000 0.000000 1.000000
11923 0.000000 0.000000 0.000000 1.000000
11924 0.000000 0.000000 0.000000 1.000000
11925 0.000000 0.000000 0.000000 1.000000
11926 0.000000 0.000000 0.000000 1.000000
11927 0.000000 0.000000 0.000000 1.000000
11928 0.000000 0.000000 0.000000 1.000000
11929 0.000000 0.000000 0.000000 1.000000
11933 0.000000 0.000000 0.000000 1.000000
11934 0.000000 0.000000 0.000000 1.000000
11935 0.000000 0.000000 0.000000 1.000000
11936 0.000000 0.000000 0.000000 1.000000
11937 0.000000 0.000000 0.000000 1.000000
11942 0.000000 0.000000 0.000000 1.000000
11943 0.000000 0.000000 0.000000 1.000000
11944 0.000000 0.000000 0.000000 1.000000
11945 0.000000 0.000000 0.000000 1.000000
11951 0.000000 0.000000 0.000000 1.000000
11952 0.000000 0.000000 0.000000 1.000000
11953 0.000000 0.000000 0.000000 1.000000
12660 0.000000 0.000000 0.000000 1.000000
12669 0.000000 0.000000 0.000000 1.000000
12681 0.000000 0.000000 0.000000 1.000000
12686 0.000000 0.000000 0.000000 1.000000
12687 0.000000 0.000000 0.000000 1.000000
12688 0.000000 0.000000 0.000000 1.000000
12689 0.000000 0.000000 0.000000 1.000000
12690 0.000000 0.000000 0.000000 1.000000
12691 0.000000 0.000000 0.000000 1.000000
12692 0.000000 0.000000 0.000000 1.000000
12698 0.000000 0.000000 0.000000 1.000000
12699 0.000000 0.000000 0.000000 1.000000
12700 0.000000 0.000000 0.000000 1.000000
12701 0.000000 0.000000 0.000000 1.000000
12702 0.000000 0.000000 0.000000 1.000000
12703 0.000000 0.000000 0.000000 1.000000
12710 0.000000 0.000000 0.000000 1.000000
12711 0.000000 0.000000 0.000000 1.000000
12712 0.000000 0.000000 0.000000 1.000000
12713 0.000000 0.000000 0.000000 1.000000
12714 0.000000 0.000000 0.000000 1.000000
12722 0.000000 0.000000 0.000000 1.000000
12723 0.000000 0.000000 0.000000 1.000000
12724 0.000000 0.000000 0.000000 1.000000
12725 0.000000 0.000000 0.000000 1.000000
12733 0.000000 0.000000 0.000000 1.000000
12734 0.000000 0.000000 0.000000 1.000000
12735 0.000000 0.000000 0.000000 1.000000
13453 0.000000 0.000000 0.000000 1.000000
13457 0.000000 0.000000 0.000000 1.000000
13468 0.000000 0.000000 0.000000 1.000000
13480 0.000000 0.000000 0.000000 1.000000
13481 0.000000 0.000000 0.000000 1.000000
13482 0.000000 0.000000 0.000000 1.000000
13483 0.000000 0.000000 0.000000 1.000000
13484 0.000000 0.000000 0.000000 1.000000
13492 0.000000 0.000000 0.000000 1.000000
13493 0.000000 0.000000 0.000000 1.000000
13494 0.000000 0.000000 0.000000 1.000000
13495 0.000000 0.000000 0.000000 1.000000
13496 0.000000 0.000000 0.000000 1.000000
13497 0.000000 0.000000 0.000000 1.000000
13498 0.000000 0.000000 0.000000 1.000000
13505 0.000000 0.000000 0.000000 1.000000
13506 0.000000 0.000000 0.000000 1.000000
13507 0.000000 0.000000 0.000000 1.000000
13508 0.000000 0.000000 0.000000 1.000000
13509 0.000000 0.000000 0.000000 1.000000
13510 0.000000 0.000000 0.000000 1.000000
13517 0.000000 0.000000 0.000000 1.000000
13518 0.000000 0.000000 0.000000 1.000000
13519 0.000000 0.000000 0.000000 1.000000
13520 0.000000 0.000000 0.000000 1.000000
13521 0.000000 0.000000 0.000000 1.000000
13529 0.000000 0.000000 0.000000 1.000000
13530 0.000000 0.000000 0.000000 1.000000
13531 0.000000 0.000000 0.000000 1.000000
13532 0.000000 0.000000 0.000000 1.000000
13533 0.000000 0.000000 0.000000 1.000000
13542 0.000000 0.000000 0.000000 1.000000
13543 0.000000 0.000000 0.000000 1.000000
13544 0.000000 0.000000 0.000000 1.000000
13545 0.000000 0.000000 0.000000 1.000000
13553 0.000000 0.000000 0.000000 1.000000
13554 0.000000 0.000000 0.000000 1.000000
14222 0.000000 0.000000 0.000000 1.000000
14236 0.000000 0.000000 0.000000 1.000000
14247 0.000000 0.000000 0.000000 1.000000
14253 0.000000 0.000000 0.000000 1.000000
14263 0.000000 0.000000 0.000000 1.000000
14264 0.000000 0.000000 0.000000 1.000000
14265 0.000000 0.000000 0.000000 1.000000
14273 0.000000 0.000000 0.000000 1.000000
14274 0.000000 0.000000 0.000000 1.000000
14275 0.000000 0.000000 0.000000 1.000000
14276 0.000000 0.000000 0.000000 1.000000
14277 0.000000 0.000000 0.000000 1.000000
14278 0.000000 0.000000 0.000000 1.000000
14279 0.000000 0.000000 0.000000 1.000000
14280 0.000000 0.000000 0.000000 1.000000
14281 0.000000 0.000000 0.000000 1.000000
14288 0.000000 0.000000 0.000000 1.000000
14289 0.000000 0.000000 0.000000 1.000000
14290 0.000000 0.000000 0.000000 1.000000
14291 0.000000 0.000000 0.000000 1.000000
14292 0.000000 0.000000 0.000000 1.000000
14293 0.000000 0.000000 0.000000 1.000000
14294 0.000000 0.000000 0.000000 1.000000
14295 0.000000 0.000000 0.000000 1.000000
14296 0.000000 0.000000 0.000000 1.000000
14297 0.000000 0.000000 0.000000 1.000000
14298 0.000000 0.000000 0.000000 1.000000
14299 0.000000 0.000000 0.000000 1.000000
14300 0.000000 0.000000 0.000000 1.000000
14307 0.000000 0.000000 0.000000 1.000000
14308 0.000000 0.000000 0.000000 1.000000
14309 0.000000 0.000000 0.000000 1.000000
14310 0.000000 0.000000 0.000000 1.000000
14311 0.000000 0.000000 0.000000 1.000000
14312 0.000000 0.000000 0.000000 1.000000
14313 0.000000 0.000000 0.000000 1.000000
14319 0.000000 0.000000 0.000000 1.000000
14320 0.000000 0.000000 0.000000 1.000000
14321 0.000000 0.000000 0.000000 1.000000
14322 0.000000 0.000000 0.000000 1.000000
14323 0.000000 0.000000 0.000000 1.000000
14329 0.000000 0.000000 0.000000 1.000000
14330 0.000000 0.000000 0.000000 1.000000
14331 0.000000 0.000000 0.000000 1.000000
14332 0.000000 0.000000 0.000000 1.000000
14333 0.000000 0.000000 0.000000 1.000000
14334 0.000000 0.000000 0.000000 1.000000
14341 0.000000 0.000000 0.000000 1.000000
14342 0.000000 0.000000 0.000000 1.000000
14343 0.000000 0.000000 0.000000 1.000000
14344 0.000000 0.000000 0.000000 1.000000
14345 0.000000 0.000000 0.000000 1.000000
14357 0.000000 0.000000 0.000000 1.000000
14358 0.000000 0.000000 0.000000 1.000000
14359 0.000000 0.000000 0.000000 1.000000
14360 0.000000 0.000000 0.000000 1.000000
14373 0.000000 0.000000 0.000000 1.000000
14374 0.000000 0.000000 0.000000 1.000000
15013 0.000000 0.000000 0.000000 1.000000
15029 0.000000 0.000000 0.000000 1.000000
15043 0.000000 0.000000 0.000000 1.000000
15054 0.000000 0.000000 0.000000 1.000000
15062 0.000000 0.000000 0.000000 1.000000
15063 0.000000 0.000000 0.000000 1.000000
15069 0.000000 0.000000 0.000000 1.000000
15070 0.000000 0.000000 0.000000 1.000000
15076 0.000000 0.000000 0.000000 1.000000
15077 0.000000 0.000000 0.000000 1.000000
15078 0.000000 0.000000 0.000000 1.000000
15079 0.000000 0.000000 0.000000 1.000000
15080 0.000000 0.000000 0.000000 1.000000
15081 0.000000 0.000000 0.000000 1.000000
15082 0.000000 0.000000 0.000000 1.000000
15083 0.000000 0.000000 0.000000 1.000000
15084 0.000000 0.000000 0.000000 1.000000
15085 0.000000 0.000000 0.000000 1.000000
15092 0.000000 0.000000 0.000000 1.000000
15093 0.000000 0.000000 0.000000 1.000000
15094 0.000000 0.000000 0.000000 1.000000
15095 0.000000 0.000000 0.000000 1.000000
15096 0.000000 0.000000 0.000000 1.000000
15097 0.000000 0.000000 0.000000 1.000000
15098 0.000000 0.000000 0.000000 1.000000
15099 0.000000 0.000000 0.000000 1.000000
15100 0.000000 0.000000 0.000000 1.000000
15101 0.000000 0.000000 0.000000 1.000000
15102 0.000000 0.000000 0.000000 1.000000
15103 0.000000 0.000000 0.000000 1.000000
15104 0.000000 0.000000 0.000000 1.000000
15109 0.000000 0.000000 0.000000 1.000000
15110 0.000000 0.000000 0.000000 1.000000
15111 0.000000 0.000000 0.000000 1.000000
15112 0.000000 0.000000 0.000000 1.000000
15113 0.000000 0.000000 0.000000 1.000000
15114 0.000000 0.000000 0.000000 1.000000
15120 0.000000 0.000000 0.000000 1.000000
15121 0.000000 0.000000 0.000000 1.000000
15122 0.000000 0.000000 0.000000 1.000000
15123 0.000000 0.000000 0.000000 1.000000
15124 0.000000 0.000000 0.000000 1.000000
15125 0.000000 0.000000 0.000000 1.000000
15132 0.000000 0.000000 0.000000 1.000000
15133 0.000000 0.000000 0.000000 1.000000
15134 0.000000 0.000000 0.000000 1.000000
15135 0.000000 0.000000 0.000000 1.000000
15144 0.000000 0.000000 0.000000 1.000000
15145 0.000000 0.000000 0.000000 1.000000
15146 0.000000 0.000000 0.000000 1.000000
15147 0.000000 0.000000 0.000000 1.000000
15156 0.000000 0.000000 0.000000 1.000000
15157 0.000000 0.000000 0.000000 1.000000
15158 0.000000 0.000000 0.000000 1.000000
15159 0.000000 0.000000 0.000000 1.000000
15167 0.000000 0.000000 0.000000 1.000000
15168 0.000000 0.000000 0.000000 1.000000
15788 0.000000 0.000000 0.000000 1.000000
15789 0.000000 0.000000 0.000000 1.000000
15803 0.000000 0.000000 0.000000 1.000000
15819 0.000000 0.000000 0.000000 1.000000
15833 0.000000 0.000000 0.000000 1.000000
15845 0.000000 0.000000 0.000000 1.000000
15846 0.000000 0.000000 0.000000 1.000000
15855 0.000000 0.000000 0.000000 1.000000
15856 0.000000 0.000000 0.000000 1.000000
15863 0.000000 0.000000 0.000000 1.000000
15864 0.000000 0.000000 0.000000 1.000000
15865 0.000000 0.000000 0.000000 1.000000
15866 0.000000 0.000000 0.000000 1.000000
15867 0.000000 0.000000 0.000000 1.000000
15868 0.000000 0.000000 0.000000 1.000000
15869 0.000000 0.000000 0.000000 1.000000
15876 0.000000 0.000000 0.000000 1.000000
15877 0.000000 0.000000 0.000000 1.000000
15878 0.000000 0.000000 0.000000 1.000000
15879 0.000000 0.000000 0.000000 1.000000
15880 0.000000 0.000000 0.000000 1.000000
15881 0.000000 0.000000 0.000000 1.000000
15882 0.000000 0.000000 0.000000 1.000000
15883 0.000000 0.000000 0.000000 1.000000
15884 0.000000 0.000000 0.000000 1.000000
15885 0.000000 0.000000 0.000000 1.000000
15886 0.000000 0.000000 0.000000 1.000000
15887 0.000000 0.000000 0.000000 1.000000
15893 0.000000 0.000000 0.000000 1.000000
15894 0.000000 0.000000 0.000000 1.000000
15895 0.000000 0.000000 0.000000 1.000000
15896 0.000000 0.000000 0.000000 1.000000
15897 0.000000 0.000000 0.000000 1.000000
15898 0.000000 0.000000 0.000000 1.000000
15899 0.000000 0.000000 0.000000 1.000000
15900 0.000000 0.000000 0.000000 1.000000
15901 0.000000 0.000000 0.000000 1.000000
15902 0.000000 0.000000 0.000000 1.000000
15908 0.000000 0.000000 0.000000 1.000000
15909 0.000000 0.000000 0.000000 1.000000
15910 0.000000 0.000000 0.000000 1.000000
15911 0.000000 0.000000 0.000000 1.000000
15912 0.000000 0.000000 0.000000 1.000000
15913 0.000000 0.000000 0.000000 1.000000
15914 0.000000 0.000000 0.000000 1.000000
15921 0.000000 0.000000 0.000000 1.000000
15922 0.000000 0.000000 0.000000 1.000000
15923 0.000000 0.000000 0.000000 1.000000
15924 0.000000 0.000000 0.000000 1.000000
15925 0.000000 0.000000 0.000000 1.000000
15934 0.000000 0.000000 0.000000 1.000000
15935 0.000000 0.000000 0.000000 1.000000
15936 0.000000 0.000000 0.000000 1.000000
15945 0.000000 0.000000 0.000000 1.000000
15946 0.000000 0.000000 0.000000 1.000000
15947 0.000000 0.000000 0.000000 1.000000
15948 0.000000 0.000000 0.000000 1.000000
15955 0.000000 0.000000 0.000000 1.000000
15956 0.000000 0.000000 0.000000 1.000000
15957 0.000000 0.000000 0.000000 1.000000
15965 0.000000 0.000000 0.000000 1.000000
15966 0.000000 0.000000 0.000000 1.000000
15967 0.000000 0.000000 0.000000 1.000000
16580 0.000000 0.000000 0.000000 1.000000
16598 0.000000 0.000000 0.000000 1.000000
16609 0.000000 0.000000 0.000000 1.000000
16622 0.000000 0.000000 0.000000 1.000000
16636 0.000000 0.000000 0.000000 1.000000
16648 0.000000 0.000000 0.000000 1.000000
16649 0.000000 0.000000 0.000000 1.000000
16659 0.000000 0.000000 0.000000 1.000000
16666 0.000000 0.000000 0.000000 1.000000
16667 0.000000 0.000000 0.000000 1.000000
16674 0.000000 0.000000 0.000000 1.000000
16675 0.000000 0.000000 0.000000 1.000000
16676 0.000000 0.000000 0.000000 1.000000
16677 0.000000 0.000000 0.000000 1.000000
16678 0.000000 0.000000 0.000000 1.000000
16679 0.000000 0.000000 0.000000 1.000000
16685 0.000000 0.000000 0.000000 1.000000
16686 0.000000 0.000000 0.000000 1.000000
16687 0.000000 0.000000 0.000000 1.000000
16688 0.000000 0.000000 0.000000 1.000000
16689 0.000000 0.000000 0.000000 1.000000
16690 0.000000 0.000000 0.000000 1.000000
16691 0.000000 0.000000 0.000000 1.000000
16692 0.000000 0.000000 0.000000 1.000000
16693 0.000000 0.000000 0.000000 1.000000
16694 0.000000 0.000000 0.000000 1.000000
16695 0.000000 0.000000 0.000000 1.000000
16701 0.000000 0.000000 0.000000 1.000000
16702 0.000000 0.000000 0.000000 1.000000
16703 0.000000 0.000000 0.000000 1.000000
16704 0.000000 0.000000 0.000000 1.000000
16705 0.000000 0.000000 0.000000 1.000000
16706 0.000000 0.000000 0.000000 1.000000
16707 0.000000 0.000000 0.000000 1.000000
16708 0.000000 0.000000 0.000000 1.000000
16709 0.000000 0.000000 0.000000 1.000000
16710 0.000000 0.000000 0.000000 1.000000
16714 0.000000 0.000000 0.000000 1.000000
16715 0.000000 0.000000 0.000000 1.000000
16717 0.000000 0.000000 0.000000 1.000000
16718 0.000000 0.000000 0.000000 1.000000
16719 0.000000 0.000000 0.000000 1.000000
16720 0.000000 0.000000 0.000000 1.000000
16728 0.000000 0.000000 0.000000 1.000000
16729 0.000000 0.000000 0.000000 1.000000
16730 0.000000 0.000000 0.000000 1.000000
16731 0.000000 0.000000 0.000000 1.000000
16739 0.000000 0.000000 0.000000 1.000000
16740 0.000000 0.000000 0.000000 1.000000
16741 0.000000 0.000000 0.000000 1.000000
16742 0.000000 0.000000 0.000000 1.000000
16751 0.000000 0.000000 0.000000 1.000000
16752 0.000000 0.000000 0.000000 1.000000
16753 0.000000 0.000000 0.000000 1.000000
17377 0.000000 0.000000 0.000000 1.000000
17387 0.000000 0.000000 0.000000 1.000000
17404 0.000000 0.000000 0.000000 1.000000
17421 0.000000 0.000000 0.000000 1.000000
17436 0.000000 0.000000 0.000000 1.000000
17450 0.000000 0.000000 0.000000 1.000000
17461 0.000000 0.000000 0.000000 1.000000
17462 0.000000 0.000000 0.000000 1.000000
17474 0.000000 0.000000 0.000000 1.000000
17486 0.000000 0.000000 0.000000 1.000000
17487 0.000000 0.000000 0.000000 1.000000
17499 0.000000 0.000000 0.000000 1.000000
17500 0.000000 0.000000 0.000000 1.000000
17507 0.000000 0.000000 0.000000 1.000000
17510 0.000000 0.000000 0.000000 1.000000
17512 0.000000 0.000000 0.000000 1.000000
17513 0.000000 0.000000 0.000000 1.000000
17521 0.000000 0.000000 0.000000 1.000000
17527 0.000000 0.000000 0.000000 1.000000
17528 0.000000 0.000000 0.000000 1.000000
17529 0.000000 0.000000 0.000000 1.000000
17542 0.000000 0.000000 0.000000 1.000000
17543 0.000000 0.000000 0.000000 1.000000
17544 0.000000 0.000000 0.000000 1.000000
17555 0.000000 0.000000 0.000000 1.000000
17556 0.000000 0.000000 0.000000 1.000000
17557 0.000000 0.000000 0.000000 1.000000
17558 0.000000 0.000000 0.000000 1.000000
17565 0.000000 0.000000 0.000000 1.000000
17566 0.000000 0.000000 0.000000 1.000000
18233 0.000000 0.000000 0.000000 1.000000
18240 0.000000 0.000000 0.000000 1.000000
18246 0.000000 0.000000 0.000000 1.000000
18252 0.000000 0.000000 0.000000 1.000000
18262 0.000000 0.000000 0.000000 1.000000
18274 0.000000 0.000000 0.000000 1.000000
18296 0.000000 0.000000 0.000000 1.000000
18315 0.000000 0.000000 0.000000 1.000000
18333 0.000000 0.000000 0.000000 1.000000
18334 0.000000 0.000000 0.000000 1.000000
18347 0.000000 0.000000 0.000000 1.000000
18348 0.000000 0.000000 0.000000 1.000000
18355 0.000000 0.000000 0.000000 1.000000
18363 0.000000 0.000000 0.000000 1.000000
18375 0.000000 0.000000 0.000000 1.000000
18376 0.000000 0.000000 0.000000 1.000000
18389 0.000000 0.000000 0.000000 1.000000
18390 0.000000 0.000000 0.000000 1.000000
18405 0.000000 0.000000 0.000000 1.000000
18406 0.000000 0.000000 0.000000 1.000000
18421 0.000000 0.000000 0.000000 1.000000
18432 0.000000 0.000000 0.000000 1.000000
18433 0.000000 0.000000 0.000000 1.000000
18434 0.000000 0.000000 0.000000 1.000000
18444 0.000000 0.000000 0.000000 1.000000
18445 0.000000 0.000000 0.000000 1.000000
19123 0.000000 0.000000 0.000000 1.000000
19130 0.000000 0.000000 0.000000 1.000000
19131 0.000000 0.000000 0.000000 1.000000
19138 0.000000 0.000000 0.000000 1.000000
19139 0.000000 0.000000 0.000000 1.000000
19145 0.000000 0.000000 0.000000 1.000000
19151 0.000000 0.000000 0.000000 1.000000
19161 0.000000 0.000000 0.000000 1.000000
19172 0.000000 0.000000 0.000000 1.000000
19173 0.000000 0.000000 0.000000 1.000000
19192 0.000000 0.000000 0.000000 1.000000
19193 0.000000 0.000000 0.000000 1.000000
19214 0.000000 0.000000 0.000000 1.000000
19215 0.000000 0.000000 0.000000 1.000000
19235 0.000000 0.000000 0.000000 1.000000
19236 0.000000 0.000000 0.000000 1.000000
19250 0.000000 0.000000 0.000000 1.000000
19255 0.000000 0.000000 0.000000 1.000000
19261 0.000000 0.000000 0.000000 1.000000
19262 0.000000 0.000000 0.000000 1.000000
19271 0.000000 0.000000 0.000000 1.000000
19272 0.000000 0.000000 0.000000 1.000000
19284 0.000000 0.000000 0.000000 1.000000
19299 0.000000 0.000000 0.000000 1.000000
19300 0.000000 0.000000 0.000000 1.000000
19317 0.000000 0.000000 0.000000 1.000000
19332 0.000000 0.000000 0.000000 1.000000
19333 0.000000 0.000000 0.000000 1.000000
19345 0.000000 0.000000 0.000000 1.000000
20054 0.000000 0.000000 0.000000 1.000000
20055 0.000000 0.000000 0.000000 1.000000
20056 0.000000 0.000000 0.000000 1.000000
20064 0.000000 0.000000 0.000000 1.000000
20065 0.000000 0.000000 0.000000 1.000000
20066 0.000000 0.000000 0.000000 1.000000
20070 0.000000 0.000000 0.000000 1.000000
20071 0.000000 0.000000 0.000000 1.000000
20072 0.000000 0.000000 0.000000 1.000000
20073 0.000000 0.000000 0.000000 1.000000
20078 0.000000 0.000000 0.000000 1.000000
20079 0.000000 0.000000 0.000000 1.000000
20080 0.000000 0.000000 0.000000 1.000000
20081 0.000000 0.000000 0.000000 1.000000
20088 0.000000 0.000000 0.000000 1.000000
20089 0.000000 0.000000 0.000000 1.000000
20101 0.000000 0.000000 0.000000 1.000000
20102 0.000000 0.000000 0.000000 1.000000
20114 0.000000 0.000000 0.000000 1.000000
20115 0.000000 0.000000 0.000000 1.000000
20127 0.000000 0.000000 0.000000 1.000000
20143 0.000000 0.000000 0.000000 1.000000
20160 0.000000 0.000000 0.000000 1.000000
20177 0.000000 0.000000 0.000000 1.000000
20188 0.000000 0.000000 0.000000 1.000000
20195 0.000000 0.000000 0.000000 1.000000
20196 0.000000 0.000000 0.000000 1.000000
20202 0.000000 0.000000 0.000000 1.000000
20211 0.000000 0.000000 0.000000 1.000000
20212 0.000000 0.000000 0.000000 1.000000
20224 0.000000 0.000000 0.000000 1.000000
20225 0.000000 0.000000 0.000000 1.000000
20242 0.000000 0.000000 0.000000 1.000000
20260 0.000000 0.000000 0.000000 1.000000
20261 0.000000 0.000000 0.000000 1.000000
20986 0.000000 0.000000 0.000000 1.000000
20987 0.000000 0.000000 0.000000 1.000000
20997 0.000000 0.000000 0.000000 1.000000
20998 0.000000 0.000000 0.000000 1.000000
21003 0.000000 0.000000 0.000000 1.000000
21004 0.000000 0.000000 0.000000 1.000000
21009 0.000000 0.000000 0.000000 1.000000
21010 0.000000 0.000000 0.000000 1.000000
21011 0.000000 0.000000 0.000000 1.000000
21020 0.000000 0.000000 0.000000 1.000000
21021 0.000000 0.000000 0.000000 1.000000
21032 0.000000 0.000000 0.000000 1.000000
21033 0.000000 0.000000 0.000000 1.000000
21044 0.000000 0.000000 0.000000 1.000000
21045 0.000000 0.000000 0.000000 1.000000
21056 0.000000 0.000000 0.000000 1.000000
21057 0.000000 0.000000 0.000000 1.000000
21071 0.000000 0.000000 0.000000 1.000000
21072 0.000000 0.000000 0.000000 1.000000
21088 0.000000 0.000000 0.000000 1.000000
21089 0.000000 0.000000 0.000000 1.000000
21103 0.000000 0.000000 0.000000 1.000000
21104 0.000000 0.000000 0.000000 1.000000
21116 0.000000 0.000000 0.000000 1.000000
21117 0.000000 0.000000 0.000000 1.000000
21130 0.000000 0.000000 0.000000 1.000000
21131 0.000000 0.000000 0.000000 1.000000
21139 0.000000 0.000000 0.000000 1.000000
21145 0.000000 0.000000 0.000000 1.000000
21146 0.000000 0.000000 0.000000 1.000000
21153 0.000000 0.000000 0.000000 1.000000
21163 0.000000 0.000000 0.000000 1.000000
21181 0.000000 0.000000 0.000000 1.000000
21182 0.000000 0.000000 0.000000 1.000000
21871 0.000000 0.000000 0.000000 1.000000
21881 0.000000 0.000000 0.000000 1.000000
21882 0.000000 0.000000 0.000000 1.000000
21892 0.000000 0.000000 0.000000 1.000000
21893 0.000000 0.000000 0.000000 1.000000
21903 0.000000 0.000000 0.000000 1.000000
21904 0.000000 0.000000 0.000000 1.000000
21905 0.000000 0.000000 0.000000 1.000000
21912 0.000000 0.000000 0.000000 1.000000
21913 0.000000 0.000000 0.000000 1.000000
21914 0.000000 0.000000 0.000000 1.000000
21926 0.000000 0.000000 0.000000 1.000000
21927 0.000000 0.000000 0.000000 1.000000
21928 0.000000 0.000000 0.000000 1.000000
21941 0.000000 0.000000 0.000000 1.000000
21942 0.000000 0.000000 0.000000 1.000000
21953 0.000000 0.000000 0.000000 1.000000
21954 0.000000 0.000000 0.000000 1.000000
21965 0.000000 0.000000 0.000000 1.000000
21966 0.000000 0.000000 0.000000 1.000000
21977 0.000000 0.000000 0.000000 1.000000
21978 0.000000 0.000000 0.000000 1.000000
21979 0.000000 0.000000 0.000000 1.000000
21995 0.000000 0.000000 0.000000 1.000000
21996 0.000000 0.000000 0.000000 1.000000
21997 0.000000 0.000000 0.000000 1.000000
22009 0.000000 0.000000 0.000000 1.000000
22010 0.000000 0.000000 0.000000 1.000000
22011 0.000000 0.000000 0.000000 1.000000
22023 0.000000 0.000000 0.000000 1.000000
22024 0.000000 0.000000 0.000000 1.000000
22025 0.000000 0.000000 0.000000 1.000000
22026 0.000000 0.000000 0.000000 1.000000
22038 0.000000 0.000000 0.000000 1.000000
22039 0.000000 0.000000 0.000000 1.000000
22040 0.000000 0.000000 0.000000 1.000000
22041 0.000000 0.000000 0.000000 1.000000
22055 0.000000 0.000000 0.000000 1.000000
22056 0.000000 0.000000 0.000000 1.000000
22057 0.000000 0.000000 0.000000 1.000000
22063 0.000000 0.000000 0.000000 1.000000
22064 0.000000 0.000000 0.000000 1.000000
22069 0.000000 0.000000 0.000000 1.000000
22070 0.000000 0.000000 0.000000 1.000000
22075 0.000000 0.000000 0.000000 1.000000
22087 0.000000 0.000000 0.000000 1.000000
22786 0.000000 0.000000 0.000000 1.000000
22797 0.000000 0.000000 0.000000 1.000000
22808 0.000000 0.000000 0.000000 1.000000
22819 0.000000 0.000000 0.000000 1.000000
22820 0.000000 0.000000 0.000000 1.000000
22832 0.000000 0.000000 0.000000 1.000000
22833 0.000000 0.000000 0.000000 1.000000
22845 0.000000 0.000000 0.000000 1.000000
22846 0.000000 0.000000 0.000000 1.000000
22847 0.000000 0.000000 0.000000 1.000000
22857 0.000000 0.000000 0.000000 1.000000
22858 0.000000 0.000000 0.000000 1.000000
22859 0.000000 0.000000 0.000000 1.000000
22860 0.000000 0.000000 0.000000 1.000000
22869 0.000000 0.000000 0.000000 1.000000
22870 0.000000 0.000000 0.000000 1.000000
22871 0.000000 0.000000 0.000000 1.000000
22872 0.000000 0.000000 0.000000 1.000000
22883 0.000000 0.000000 0.000000 1.000000
22884 0.000000 0.000000 0.000000 1.000000
22894 0.000000 0.000000 0.000000 1.000000
22895 0.000000 0.000000 0.000000 1.000000
22910 0.000000 0.000000 0.000000 1.000000
22922 0.000000 0.000000 0.000000 1.000000
22923 0.000000 0.000000 0.000000 1.000000
22934 0.000000 0.000000 0.000000 1.000000
22935 0.000000 0.000000 0.000000 1.000000
22936 0.000000 0.000000 0.000000 1.000000
22946 0.000000 0.000000 0.000000 1.000000
22947 0.000000 0.000000 0.000000 1.000000
22948 0.000000 0.000000 0.000000 1.000000
22949 0.000000 0.000000 0.000000 1.000000
22963 0.000000 0.000000 0.000000 1.000000
22964 0.000000 0.000000 0.000000 1.000000
22965 0.000000 0.000000 0.000000 1.000000
22966 0.000000 0.000000 0.000000 1.000000
22976 0.000000 0.000000 0.000000 1.000000
22977 0.000000 0.000000 0.000000 1.000000
22978 0.000000 0.000000 0.000000 1.000000
22979 0.000000 0.000000 0.000000 1.000000
22988 0.000000 0.000000 0.000000 1.000000
22989 0.000000 0.000000 0.000000 1.000000
22990 0.000000 0.000000 0.000000 1.000000
22999 0.000000 0.000000 0.000000 1.000000
23011 0.000000 0.000000 0.000000 1.000000
23709 0.000000 0.000000 0.000000 1.000000
23710 0.000000 0.000000 0.000000 1.000000
23722 0.000000 0.000000 0.000000 1.000000
23723 0.000000 0.000000 0.000000 1.000000
23734 0.000000 0.000000 0.000000 1.000000
23743 0.000000 0.000000 0.000000 1.000000
23744 0.000000 0.000000 0.000000 1.000000
23759 0.000000 0.000000 0.000000 1.000000
23760 0.000000 0.000000 0.000000 1.000000
23776 0.000000 0.000000 0.000000 1.000000
23777 0.000000 0.000000 0.000000 1.000000
23791 0.000000 0.000000 0.000000 1.000000
23804 0.000000 0.000000 0.000000 1.000000
23805 0.000000 0.000000 0.000000 1.000000
23817 0.000000 0.000000 0.000000 1.000000
23818 0.000000 0.000000 0.000000 1.000000
23827 0.000000 0.000000 0.000000 1.000000
23828 0.000000 0.000000 0.000000 1.000000
23838 0.000000 0.000000 0.000000 1.000000
23839 0.000000 0.000000 0.000000 1.000000
23851 0.000000 0.000000 0.000000 1.000000
23852 0.000000 0.000000 0.000000 1.000000
23863 0.000000 0.000000 0.000000 1.000000
23876 0.000000 0.000000 0.000000 1.000000
23877 0.000000 0.000000 0.000000 1.000000
23878 0.000000 0.000000 0.000000 1.000000
23891 0.000000 0.000000 0.000000 1.000000
23892 0.000000 0.000000 0.000000 1.000000
23893 0.000000 0.000000 0.000000 1.000000
23904 0.000000 0.000000 0.000000 1.000000
23905 0.000000 0.000000 0.000000 1.000000
23906 0.000000 0.000000 0.000000 1.000000
23907 0.000000 0.000000 0.000000 1.000000
23917 0.000000 0.000000 0.000000 1.000000
23918 0.000000 0.000000 0.000000 1.000000
23919 0.000000 0.000000 0.000000 1.000000
23920 0.000000 0.000000 0.000000 1.000000
23921 0.000000 0.000000 0.000000 1.000000
23928 0.000000 0.000000 0.000000 1.000000
23929 0.000000 0.000000 0.000000 1.000000
23930 0.000000 0.000000 0.000000 1.000000
24598 0.000000 0.000000 0.000000 1.000000
24602 0.000000 0.000000 0.000000 1.000000
24634 0.000000 0.000000 0.000000 1.000000
24643 0.000000 0.000000 0.000000 1.000000
24644 0.000000 0.000000 0.000000 1.000000
24645 0.000000 0.000000 0.000000 1.000000
24656 0.000000 0.000000 0.000000 1.000000
24657 0.000000 0.000000 0.000000 1.000000
24666 0.000000 0.000000 0.000000 1.000000
24667 0.000000 0.000000 0.000000 1.000000
24679 0.000000 0.000000 0.000000 1.000000
24692 0.000000 0.000000 0.000000 1.000000
24693 0.000000 0.000000 0.000000 1.000000
24707 0.000000 0.000000 0.000000 1.000000
24708 0.000000 0.000000 0.000000 1.000000
24720 0.000000 0.000000 0.000000 1.000000
24721 0.000000 0.000000 0.000000 1.000000
24730 0.000000 0.000000 0.000000 1.000000
24731 0.000000 0.000000 0.000000 1.000000
24743 0.000000 0.000000 0.000000 1.000000
24744 0.000000 0.000000 0.000000 1.000000
24757 0.000000 0.000000 0.000000 1.000000
24758 0.000000 0.000000 0.000000 1.000000
24771 0.000000 0.000000 0.000000 1.000000
24772 0.000000 0.000000 0.000000 1.000000
24785 0.000000 0.000000 0.000000 1.000000
24786 0.000000 0.000000 0.000000 1.000000
24802 0.000000 0.000000 0.000000 1.000000
24803 0.000000 0.000000 0.000000 1.000000
24819 0.000000 0.000000 0.000000 1.000000
24820 0.000000 0.000000 0.000000 1.000000
24821 0.000000 0.000000 0.000000 1.000000
24832 0.000000 0.000000 0.000000 1.000000
24833 0.000000 0.000000 0.000000 1.000000
24834 0.000000 0.000000 0.000000 1.000000
24838 0.000000 0.000000 0.000000 1.000000
24839 0.000000 0.000000 0.000000 1.000000
24840 0.000000 0.000000 0.000000 1.000000
24841 0.000000 0.000000 0.000000 1.000000
24842 0.000000 0.000000 0.000000 1.000000
24846 0.000000 0.000000 0.000000 1.000000
24847 0.000000 0.000000 0.000000 1.000000
24848 0.000000 0.000000 0.000000 1.000000
24849 0.000000 0.000000 0.000000 1.000000
24850 0.000000 0.000000 0.000000 1.000000
24851 0.000000 0.000000 0.000000 1.000000
24858 0.000000 0.000000 0.000000 1.000000
24859 0.000000 0.000000 0.000000 1.000000
25473 0.000000 0.000000 0.000000 1.000000
25474 0.000000 0.000000 0.000000 1.000000
25477 0.000000 0.000000 0.000000 1.000000
25478 0.000000 0.000000 0.000000 1.000000
25479 0.000000 0.000000 0.000000 1.000000
25480 0.000000 0.000000 0.000000 1.000000
25481 0.000000 0.000000 0.000000 1.000000
25482 0.000000 0.000000 0.000000 1.000000
25485 0.000000 0.000000 0.000000 1.000000
25486 0.000000 0.000000 0.000000 1.000000
25489 0.000000 0.000000 0.000000 1.000000
25490 0.000000 0.000000 0.000000 1.000000
25518 0.000000 0.000000 0.000000 1.000000
25528 0.000000 0.000000 0.000000 1.000000
25536 0.000000 0.000000 0.000000 1.000000
25537 0.000000 0.000000 0.000000 1.000000
25545 0.000000 0.000000 0.000000 1.000000
25546 0.000000 0.000000 0.000000 1.000000
25556 0.000000 0.000000 0.000000 1.000000
25557 0.000000 0.000000 0.000000 1.000000
25566 0.000000 0.000000 0.000000 1.000000
25567 0.000000 0.000000 0.000000 1.000000
25579 0.000000 0.000000 0.000000 1.000000
25580 0.000000 0.000000 0.000000 1.000000
25581 0.000000 0.000000 0.000000 1.000000
25591 0.000000 0.000000 0.000000 1.000000
25592 0.000000 0.000000 0.000000 1.000000
25604 0.000000 0.000000 0.000000 1.000000
25615 0.000000 0.000000 0.000000 1.000000
25626 0.000000 0.000000 0.000000 1.000000
25637 0.000000 0.000000 0.000000 1.000000
25650 0.000000 0.000000 0.000000 1.000000
25663 0.000000 0.000000 0.000000 1.000000
25675 0.000000 0.000000 0.000000 1.000000
25683 0.000000 0.000000 0.000000 1.000000
25684 0.000000 0.000000 0.000000 1.000000
25694 0.000000 0.000000 0.000000 1.000000
25695 0.000000 0.000000 0.000000 1.000000
25702 0.000000 0.000000 0.000000 1.000000
25703 0.000000 0.000000 0.000000 1.000000
25707 0.000000 0.000000 0.000000 1.000000
25708 0.000000 0.000000 0.000000 1.000000
25709 0.000000 0.000000 0.000000 1.000000
25710 0.000000 0.000000 0.000000 1.000000
25714 0.000000 0.000000 0.000000 1.000000
25715 0.000000 0.000000 0.000000 1.000000
25716 0.000000 0.000000 0.000000 1.000000
26268 0.000000 0.000000 0.000000 1.000000
26269 0.000000 0.000000 0.000000 1.000000
26273 0.000000 0.000000 0.000000 1.000000
26274 0.000000 0.000000 0.000000 1.000000
26275 0.000000 0.000000 0.000000 1.000000
26276 0.000000 0.000000 0.000000 1.000000
26277 0.000000 0.000000 0.000000 1.000000
26278 0.000000 0.000000 0.000000 1.000000
26279 0.000000 0.000000 0.000000 1.000000
26282 0.000000 0.000000 0.000000 1.000000
26283 0.000000 0.000000 0.000000 1.000000
26284 0.000000 0.000000 0.000000 1.000000
26285 0.000000 0.000000 0.000000 1.000000
26286 0.000000 0.000000 0.000000 1.000000
26290 0.000000 0.000000 0.000000 1.000000
26291 0.000000 0.000000 0.000000 1.000000
26292 0.000000 0.000000 0.000000 1.000000
26293 0.000000 0.000000 0.000000 1.000000
26296 0.000000 0.000000 0.000000 1.000000
26297 0.000000 0.000000 0.000000 1.000000
26300 0.000000 0.000000 0.000000 1.000000
26301 0.000000 0.000000 0.000000 1.000000
26304 0.000000 0.000000 0.000000 1.000000
26312 0.000000 0.000000 0.000000 1.000000
26325 0.000000 0.000000 0.000000 1.000000
26326 0.000000 0.000000 0.000000 1.000000
26336 0.000000 0.000000 0.000000 1.000000
26337 0.000000 0.000000 0.000000 1.000000
26344 0.000000 0.000000 0.000000 1.000000
26345 0.000000 0.000000 0.000000 1.000000
26351 0.000000 0.000000 0.000000 1.000000
26352 0.000000 0.000000 0.000000 1.000000
26362 0.000000 0.000000 0.000000 1.000000
26363 0.000000 0.000000 0.000000 1.000000
26374 0.000000 0.000000 0.000000 1.000000
26386 0.000000 0.000000 0.000000 1.000000
26387 0.000000 0.000000 0.000000 1.000000
26396 0.000000 0.000000 0.000000 1.000000
26397 0.000000 0.000000 0.000000 1.000000
26409 0.000000 0.000000 0.000000 1.000000
26410 0.000000 0.000000 0.000000 1.000000
26421 0.000000 0.000000 0.000000 1.000000
26422 0.000000 0.000000 0.000000 1.000000
26432 0.000000 0.000000 0.000000 1.000000
26433 0.000000 0.000000 0.000000 1.000000
26442 0.000000 0.000000 0.000000 1.000000
26443 0.000000 0.000000 0.000000 1.000000
26452 0.000000 0.000000 0.000000 1.000000
26453 0.000000 0.000000 0.000000 1.000000
26462 0.000000 0.000000 0.000000 1.000000
26463 0.000000 0.000000 0.000000 1.000000
26471 0.000000 0.000000 0.000000 1.000000
26472 0.000000 0.000000 0.000000 1.000000
26477 0.000000 0.000000 0.000000 1.000000
26478 0.000000 0.000000 0.000000 1.000000
26486 0.000000 0.000000 0.000000 1.000000
26487 0.000000 0.000000 0.000000 1.000000
26488 0.000000 0.000000 0.000000 1.000000
26496 0.000000 0.000000 0.000000 1.000000
26497 0.000000 0.000000 0.000000 1.000000
26499 0.000000 0.000000 0.000000 1.000000
26500 0.000000 0.000000 0.000000 1.000000
26501 0.000000 0.000000 0.000000 1.000000
26504 0.000000 0.000000 0.000000 1.000000
26505 0.000000 0.000000 0.000000 1.000000
26506 0.000000 0.000000 0.000000 1.000000
26507 0.000000 0.000000 0.000000 1.000000
26511 0.000000 0.000000 0.000000 1.000000
26512 0.000000 0.000000 0.000000 1.000000
27066 0.000000 0.000000 0.000000 1.000000
27071 0.000000 0.000000 0.000000 1.000000
27072 0.000000 0.000000 0.000000 1.000000
27073 0.000000 0.000000 0.000000 1.000000
27074 0.000000 0.000000 0.000000 1.000000
27075 0.000000 0.000000 0.000000 1.000000
27076 0.000000 0.000000 0.000000 1.000000
27079 0.000000 0.000000 0.000000 1.000000
27080 0.000000 0.000000 0.000000 1.000000
27081 0.000000 0.000000 0.000000 1.000000
27082 0.000000 0.000000 0.000000 1.000000
27083 0.000000 0.000000 0.000000 1.000000
27084 0.000000 0.000000 0.000000 1.000000
27085 0.000000 0.000000 0.000000 1.000000
27086 0.000000 0.000000 0.000000 1.000000
27089 0.000000 0.000000 0.000000 1.000000
27090 0.000000 0.000000 0.000000 1.000000
27091 0.000000 0.000000 0.000000 1.000000
27092 0.000000 0.000000 0.000000 1.000000
27093 0.000000 0.000000 0.000000 1.000000
27094 0.000000 0.000000 0.000000 1.000000
27097 0.000000 0.000000 0.000000 1.000000
27098 0.000000 0.000000 0.000000 1.000000
27099 0.000000 0.000000 0.000000 1.000000
27100 0.000000 0.000000 0.000000 1.000000
27101 0.000000 0.000000 0.000000 1.000000
27104 0.000000 0.000000 0.000000 1.000000
27105 0.000000 0.000000 0.000000 1.000000
27106 0.000000 0.000000 0.000000 1.000000
27107 0.000000 0.000000 0.000000 1.000000
27108 0.000000 0.000000 0.000000 1.000000
27109 0.000000 0.000000 0.000000 1.000000
27112 0.000000 0.000000 0.000000 1.000000
27113 0.000000 0.000000 0.000000 1.000000
27115 0.000000 0.000000 0.000000 1.000000
27116 0.000000 0.000000 0.000000 1.000000
27129 0.000000 0.000000 0.000000 1.000000
27130 0.000000 0.000000 0.000000 1.000000
27141 0.000000 0.000000 0.000000 1.000000
27142 0.000000 0.000000 0.000000 1.000000
27149 0.000000 0.000000 0.000000 1.000000
27150 0.000000 0.000000 0.000000 1.000000
27159 0.000000 0.000000 0.000000 1.000000
27170 0.000000 0.000000 0.000000 1.000000
27181 0.000000 0.000000 0.000000 1.000000
27192 0.000000 0.000000 0.000000 1.000000
27201 0.000000 0.000000 0.000000 1.000000
27212 0.000000 0.000000 0.000000 1.000000
27222 0.000000 0.000000 0.000000 1.000000
27235 0.000000 0.000000 0.000000 1.000000
27248 0.000000 0.000000 0.000000 1.000000
27263 0.000000 0.000000 0.000000 1.000000
27274 0.000000 0.000000 0.000000 1.000000
27279 0.000000 0.000000 0.000000 1.000000
27284 0.000000 0.000000 0.000000 1.000000
27291 0.000000 0.000000 0.000000 1.000000
27292 0.000000 0.000000 0.000000 1.000000
27302 0.000000 0.000000 0.000000 1.000000
27303 0.000000 0.000000 0.000000 1.000000
27311 0.000000 0.000000 0.000000 1.000000
27312 0.000000 0.000000 0.000000 1.000000
27313 0.000000 0.000000 0.000000 1.000000
27315 0.000000 0.000000 0.000000 1.000000
27316 0.000000 0.000000 0.000000 1.000000
27317 0.000000 0.000000 0.000000 1.000000
27319 0.000000 0.000000 0.000000 1.000000
27320 0.000000 0.000000 0.000000 1.000000
27324 0.000000 0.000000 0.000000 1.000000
27325 0.000000 0.000000 0.000000 1.000000
27924 0.000000 0.000000 0.000000 1.000000
27935 0.000000 0.000000 0.000000 1.000000
27936 0.000000 0.000000 0.000000 1.000000
27937 0.000000 0.000000 0.000000 1.000000
27941 0.000000 0.000000 0.000000 1.000000
27942 0.000000 0.000000 0.000000 1.000000
27943 0.000000 0.000000 0.000000 1.000000
27944 0.000000 0.000000 0.000000 1.000000
27945 0.000000 0.000000 0.000000 1.000000
27946 0.000000 0.000000 0.000000 1.000000
27949 0.000000 0.000000 0.000000 1.000000
27950 0.000000 0.000000 0.000000 1.000000
27951 0.000000 0.000000 0.000000 1.000000
27952 0.000000 0.000000 0.000000 1.000000
27953 0.000000 0.000000 0.000000 1.000000
27954 0.000000 0.000000 0.000000 1.000000
27955 0.000000 0.000000 0.000000 1.000000
27958 0.000000 0.000000 0.000000 1.000000
27959 0.000000 0.000000 0.000000 1.000000
27960 0.000000 0.000000 0.000000 1.000000
27961 0.000000 0.000000 0.000000 1.000000
27962 0.000000 0.000000 0.000000 1.000000
27965 0.000000 0.000000 0.000000 1.000000
27966 0.000000 0.000000 0.000000 1.000000
27967 0.000000 0.000000 0.000000 1.000000
27968 0.000000 0.000000 0.000000 1.000000
27969 0.000000 0.000000 0.000000 1.000000
27972 0.000000 0.000000 0.000000 1.000000
27973 0.000000 0.000000 0.000000 1.000000
27974 0.000000 0.000000 0.000000 1.000000
27975 0.000000 0.000000 0.000000 1.000000
27978 0.000000 0.000000 0.000000 1.000000
27979 0.000000 0.000000 0.000000 1.000000
27988 0.000000 0.000000 0.000000 1.000000
27989 0.000000 0.000000 0.000000 1.000000
28002 0.000000 0.000000 0.000000 1.000000
28013 0.000000 0.000000 0.000000 1.000000
28014 0.000000 0.000000 0.000000 1.000000
28023 0.000000 0.000000 0.000000 1.000000
28035 0.000000 0.000000 0.000000 1.000000
28050 0.000000 0.000000 0.000000 1.000000
28051 0.000000 0.000000 0.000000 1.000000
28064 0.000000 0.000000 0.000000 1.000000
28065 0.000000 0.000000 0.000000 1.000000
28078 0.000000 0.000000 0.000000 1.000000
28079 0.000000 0.000000 0.000000 1.000000
28094 0.000000 0.000000 0.000000 1.000000
28095 0.000000 0.000000 0.000000 1.000000
28110 0.000000 0.000000 0.000000 1.000000
28127 0.000000 0.000000 0.000000 1.000000
28142 0.000000 0.000000 0.000000 1.000000
28159 0.000000 0.000000 0.000000 1.000000
28172 0.000000 0.000000 0.000000 1.000000
28181 0.000000 0.000000 0.000000 1.000000
28191 0.000000 0.000000 0.000000 1.000000
28202 0.000000 0.000000 0.000000 1.000000
28214 0.000000 0.000000 0.000000 1.000000
28228 0.000000 0.000000 0.000000 1.000000
28229 0.000000 0.000000 0.000000 1.000000
28239 0.000000 0.000000 0.000000 1.000000
28240 0.000000 0.000000 0.000000 1.000000
28246 0.000000 0.000000 0.000000 1.000000
28247 0.000000 0.000000 0.000000 1.000000
28248 0.000000 0.000000 0.000000 1.000000
28253 0.000000 0.000000 0.000000 1.000000
28254 0.000000 0.000000 0.000000 1.000000
28868 0.000000 0.000000 0.000000 1.000000
28880 0.000000 0.000000 0.000000 1.000000
28888 0.000000 0.000000 0.000000 1.000000
28889 0.000000 0.000000 0.000000 1.000000
28890 0.000000 0.000000 0.000000 1.000000
28891 0.000000 0.000000 0.000000 1.000000
28892 0.000000 0.000000 0.000000 1.000000
28896 0.000000 0.000000 0.000000 1.000000
28897 0.000000 0.000000 0.000000 1.000000
28898 0.000000 0.000000 0.000000 1.000000
28899 0.000000 0.000000 0.000000 1.000000
28900 0.000000 0.000000 0.000000 1.000000
28901 0.000000 0.000000 0.000000 1.000000
28904 0.000000 0.000000 0.000000 1.000000
28905 0.000000 0.000000 0.000000 1.000000
28906 0.000000 0.000000 0.000000 1.000000
28907 0.000000 0.000000 0.000000 1.000000
28908 0.000000 0.000000 0.000000 1.000000
28910 0.000000 0.000000 0.000000 1.000000
28911 0.000000 0.000000 0.000000 1.000000
28912 0.000000 0.000000 0.000000 1.000000
28913 0.000000 0.000000 0.000000 1.000000
28914 0.000000 0.000000 0.000000 1.000000
28915 0.000000 0.000000 0.000000 1.000000
28918 0.000000 0.000000 0.000000 1.000000
28919 0.000000 0.000000 0.000000 1.000000
28920 0.000000 0.000000 0.000000 1.000000
28921 0.000000 0.000000 0.000000 1.000000
28922 0.000000 0.000000 0.000000 1.000000
28925 0.000000 0.000000 0.000000 1.000000
28926 0.000000 0.000000 0.000000 1.000000
28927 0.000000 0.000000 0.000000 1.000000
28928 0.000000 0.000000 0.000000 1.000000
28934 0.000000 0.000000 0.000000 1.000000
28935 0.000000 0.000000 0.000000 1.000000
28936 0.000000 0.000000 0.000000 1.000000
28937 0.000000 0.000000 0.000000 1.000000
28948 0.000000 0.000000 0.000000 1.000000
28949 0.000000 0.000000 0.000000 1.000000
28950 0.000000 0.000000 0.000000 1.000000
28951 0.000000 0.000000 0.000000 1.000000
28963 0.000000 0.000000 0.000000 1.000000
28964 0.000000 0.000000 0.000000 1.000000
28965 0.000000 0.000000 0.000000 1.000000
28966 0.000000 0.000000 0.000000 1.000000
28980 0.000000 0.000000 0.000000 1.000000
28981 0.000000 0.000000 0.000000 1.000000
28982 0.000000 0.000000 0.000000 1.000000
28992 0.000000 0.000000 0.000000 1.000000
28993 0.000000 0.000000 0.000000 1.000000
28994 0.000000 0.000000 0.000000 1.000000
28995 0.000000 0.000000 0.000000 1.000000
29006 0.000000 0.000000 0.000000 1.000000
29007 0.000000 0.000000 0.000000 1.000000
29008 0.000000 0.000000 0.000000 1.000000
29009 0.000000 0.000000 0.000000 1.000000
29021 0.000000 0.000000 0.000000 1.000000
29022 0.000000 0.000000 0.000000 1.000000
29023 0.000000 0.000000 0.000000 1.000000
29036 0.000000 0.000000 0.000000 1.000000
29037 0.000000 0.000000 0.000000 1.000000
29038 0.000000 0.000000 0.000000 1.000000
29054 0.000000 0.000000 0.000000 1.000000
29055 0.000000 0.000000 0.000000 1.000000
29056 0.000000 0.000000 0.000000 1.000000
29057 0.000000 0.000000 0.000000 1.000000
29070 0.000000 0.000000 0.000000 1.000000
29071 0.000000 0.000000 0.000000 1.000000
29072 0.000000 0.000000 0.000000 1.000000
29082 0.000000 0.000000 0.000000 1.000000
29083 0.000000 0.000000 0.000000 1.000000
29084 0.000000 0.000000 0.000000 1.000000
29085 0.000000 0.000000 0.000000 1.000000
29096 0.000000 0.000000 0.000000 1.000000
29097 0.000000 0.000000 0.000000 1.000000
29098 0.000000 0.000000 0.000000 1.000000
29099 0.000000 0.000000 0.000000 1.000000
29100 0.000000 0.000000 0.000000 1.000000
29101 0.000000 0.000000 0.000000 1.000000
29102 0.000000 0.000000 0.000000 1.000000
29112 0.000000 0.000000 0.000000 1.000000
29113 0.000000 0.000000 0.000000 1.000000
29114 0.000000 0.000000 0.000000 1.000000
29115 0.000000 0.000000 0.000000 1.000000
29116 0.000000 0.000000 0.000000 1.000000
29117 0.000000 0.000000 0.000000 1.000000
29118 0.000000 0.000000 0.000000 1.000000
29129 0.000000 0.000000 0.000000 1.000000
29130 0.000000 0.000000 0.000000 1.000000
29131 0.000000 0.000000 0.000000 1.000000
29132 0.000000 0.000000 0.000000 1.000000
29133 0.000000 0.000000 0.000000 1.000000
29134 0.000000 0.000000 0.000000 1.000000
29146 0.000000 0.000000 0.000000 1.000000
29147 0.000000 0.000000 0.000000 1.000000
29148 0.000000 0.000000 0.000000 1.000000
29149 0.000000 0.000000 0.000000 1.000000
29150 0.000000 0.000000 0.000000 1.000000
29151 0.000000 0.000000 0.000000 1.000000
29161 0.000000 0.000000 0.000000 1.000000
29162 0.000000 0.000000 0.000000 1.000000
29163 0.000000 0.000000 0.000000 1.000000
29164 0.000000 0.000000 0.000000 1.000000
29165 0.000000 0.000000 0.000000 1.000000
29177 0.000000 0.000000 0.000000 1.000000
29178 0.000000 0.000000 0.000000 1.000000
29179 0.000000 0.000000 0.000000 1.000000
29180 0.000000 0.000000 0.000000 1.000000
29181 0.000000 0.000000 0.000000 1.000000
29194 0.000000 0.000000 0.000000 1.000000
29195 0.000000 0.000000 0.000000 1.000000
29196 0.000000 0.000000 0.000000 1.000000
29197 0.000000 0.000000 0.000000 1.000000
29198 0.000000 0.000000 0.000000 1.000000
29212 0.000000 0.000000 0.000000 1.000000
29213 0.000000 0.000000 0.000000 1.000000
29214 0.000000 0.000000 0.000000 1.000000
29215 0.000000 0.000000 0.000000 1.000000
29216 0.000000 0.000000 0.000000 1.000000
29230 0.000000 0.000000 0.000000 1.000000
29231 0.000000 0.000000 0.000000 1.000000
29241 0.000000 0.000000 0.000000 1.000000
29242 0.000000 0.000000 0.000000 1.000000
29243 0.000000 0.000000 0.000000 1.000000
29250 0.000000 0.000000 0.000000 1.000000
29251 0.000000 0.000000 0.000000 1.000000
29259 0.000000 0.000000 0.000000 1.000000
29920 0.000000 0.000000 0.000000 1.000000
29921 0.000000 0.000000 0.000000 1.000000
29922 0.000000 0.000000 0.000000 1.000000
29928 0.000000 0.000000 0.000000 1.000000
29929 0.000000 0.000000 0.000000 1.000000
29930 0.000000 0.000000 0.000000 1.000000
29931 0.000000 0.000000 0.000000 1.000000
29932 0.000000 0.000000 0.000000 1.000000
29933 0.000000 0.000000 0.000000 1.000000
29935 0.000000 0.000000 0.000000 1.000000
29940 0.000000 0.000000 0.000000 1.000000
29941 0.000000 0.000000 0.000000 1.000000
29942 0.000000 0.000000 0.000000 1.000000
29943 0.000000 0.000000 0.000000 1.000000
29944 0.000000 0.000000 0.000000 1.000000
29945 0.000000 0.000000 0.000000 1.000000
29946 0.000000 0.000000 0.000000 1.000000
29947 0.000000 0.000000 0.000000 1.000000
29951 0.000000 0.000000 0.000000 1.000000
29952 0.000000 0.000000 0.000000 1.000000
29953 0.000000 0.000000 0.000000 1.000000
29954 0.000000 0.000000 0.000000 1.000000
29955 0.000000 0.000000 0.000000 1.000000
29958 0.000000 0.000000 0.000000 1.000000
29959 0.000000 0.000000 0.000000 1.000000
29960 0.000000 0.000000 0.000000 1.000000
29961 0.000000 0.000000 0.000000 1.000000
29962 0.000000 0.000000 0.000000 1.000000
29965 0.000000 0.000000 0.000000 1.000000
29966 0.000000 0.000000 0.000000 1.000000
29967 0.000000 0.000000 0.000000 1.000000
29968 0.000000 0.000000 0.000000 1.000000
29969 0.000000 0.000000 0.000000 1.000000
29972 0.000000 0.000000 0.000000 1.000000
29973 0.000000 0.000000 0.000000 1.000000
29974 0.000000 0.000000 0.000000 1.000000
29975 0.000000 0.000000 0.000000 1.000000
29976 0.000000 0.000000 0.000000 1.000000
29985 0.000000 0.000000 0.000000 1.000000
29986 0.000000 0.000000 0.000000 1.000000
29987 0.000000 0.000000 0.000000 1.000000
29988 0.000000 0.000000 0.000000 1.000000
29989 0.000000 0.000000 0.000000 1.000000
30000 0.000000 0.000000 0.000000 1.000000
30001 0.000000 0.000000 0.000000 1.000000
30002 0.000000 0.000000 0.000000 1.000000
30003 0.000000 0.000000 0.000000 1.000000
30019 0.000000 0.000000 0.000000 1.000000
30020 0.000000 0.000000 0.000000 1.000000
30021 0.000000 0.000000 0.000000 1.000000
30022 0.000000 0.000000 0.000000 1.000000
30039 0.000000 0.000000 0.000000 1.000000
30040 0.000000 0.000000 0.000000 1.000000
30041 0.000000 0.000000 0.000000 1.000000
30042 0.000000 0.000000 0.000000 1.000000
30043 0.000000 0.000000 0.000000 1.000000
30057 0.000000 0.000000 0.000000 1.000000
30058 0.000000 0.000000 0.000000 1.000000
30059 0.000000 0.000000 0.000000 1.000000
30060 0.000000 0.000000 0.000000 1.000000
30072 0.000000 0.000000 0.000000 1.000000
30073 0.000000 0.000000 0.000000 1.000000
30074 0.000000 0.000000 0.000000 1.000000
30075 0.000000 0.000000 0.000000 1.000000
30085 0.000000 0.000000 0.000000 1.000000
30086 0.000000 0.000000 0.000000 1.000000
30087 0.000000 0.000000 0.000000 1.000000
30088 0.000000 0.000000 0.000000 1.000000
30089 0.000000 0.000000 0.000000 1.000000
30098 0.000000 0.000000 0.000000 1.000000
30099 0.000000 0.000000 0.000000 1.000000
30100 0.000000 0.000000 0.000000 1.000000
30101 0.000000 0.000000 0.000000 1.000000
30102 0.000000 0.000000 0.000000 1.000000
30103 0.000000 0.000000 0.000000 1.000000
30104 0.000000 0.000000 0.000000 1.000000
30105 0.000000 0.000000 0.000000 1.000000
30113 0.000000 0.000000 0.000000 1.000000
30114 0.000000 0.000000 0.000000 1.000000
30115 0.000000 0.000000 0.000000 1.000000
30116 0.000000 0.000000 0.000000 1.000000
30117 0.000000 0.000000 0.000000 1.000000
30118 0.000000 0.000000 0.000000 1.000000
30119 0.000000 0.000000 0.000000 1.000000
30120 0.000000 0.000000 0.000000 1.000000
30125 0.000000 0.000000 0.000000 1.000000
30126 0.000000 0.000000 0.000000 1.000000
30127 0.000000 0.000000 0.000000 1.000000
30128 0.000000 0.000000 0.000000 1.000000
30129 0.000000 0.000000 0.000000 1.000000
30130 0.000000 0.000000 0.000000 1.000000
30131 0.000000 0.000000 0.000000 1.000000
30138 0.000000 0.000000 0.000000 1.000000
30139 0.000000 0.000000 0.000000 1.000000
30140 0.000000 0.000000 0.000000 1.000000
30141 0.000000 0.000000 0.000000 1.000000
30142 0.000000 0.000000 0.000000 1.000000
30143 0.000000 0.000000 0.000000 1.000000
30149 0.000000 0.000000 0.000000 1.000000
30150 0.000000 0.000000 0.000000 1.000000
30151 0.000000 0.000000 0.000000 1.000000
30152 0.000000 0.000000 0.000000 1.000000
30160 0.000000 0.000000 0.000000 1.000000
30161 0.000000 0.000000 0.000000 1.000000
30171 0.000000 0.000000 0.000000 1.000000
30172 0.000000 0.000000 0.000000 1.000000
30173 0.000000 0.000000 0.000000 1.000000
30183 0.000000 0.000000 0.000000 1.000000
30184 0.000000 0.000000 0.000000 1.000000
30198 0.000000 0.000000 0.000000 1.000000
30199 0.000000 0.000000 0.000000 1.000000
30214 0.000000 0.000000 0.000000 1.000000
30215 0.000000 0.000000 0.000000 1.000000
30231 0.000000 0.000000 0.000000 1.000000
30232 0.000000 0.000000 0.000000 1.000000
30233 0.000000 0.000000 0.000000 1.000000
30234 0.000000 0.000000 0.000000 1.000000
30252 0.000000 0.000000 0.000000 1.000000
30253 0.000000 0.000000 0.000000 1.000000
30254 0.000000 0.000000 0.000000 1.000000
30255 0.000000 0.000000 0.000000 1.000000
30272 0.000000 0.000000 0.000000 1.000000
30273 0.000000 0.000000 0.000000 1.000000
30274 0.000000 0.000000 0.000000 1.000000
30282 0.000000 0.000000 0.000000 1.000000
30283 0.000000 0.000000 0.000000 1.000000
30289 0.000000 0.000000 0.000000 1.000000
30290 0.000000 0.000000 0.000000 1.000000
31059 0.000000 0.000000 0.000000 1.000000
31065 0.000000 0.000000 0.000000 1.000000
31066 0.000000 0.000000 0.000000 1.000000
31067 0.000000 0.000000 0.000000 1.000000
31068 0.000000 0.000000 0.000000 1.000000
31069 0.000000 0.000000 0.000000 1.000000
31070 0.000000 0.000000 0.000000 1.000000
31074 0.000000 0.000000 0.000000 1.000000
31075 0.000000 0.000000 0.000000 1.000000
31076 0.000000 0.000000 0.000000 1.000000
31077 0.000000 0.000000 0.000000 1.000000
31078 0.000000 0.000000 0.000000 1.000000
31079 0.000000 0.000000 0.000000 1.000000
31080 0.000000 0.000000 0.000000 1.000000
31081 0.000000 0.000000 0.000000 1.000000
31084 0.000000 0.000000 0.000000 1.000000
31085 0.000000 0.000000 0.000000 1.000000
31086 0.000000 0.000000 0.000000 1.000000
31087 0.000000 0.000000 0.000000 1.000000
31088 0.000000 0.000000 0.000000 1.000000
31089 0.000000 0.000000 0.000000 1.000000
31092 0.000000 0.000000 0.000000 1.000000
31093 0.000000 0.000000 0.000000 1.000000
31094 0.000000 0.000000 0.000000 1.000000
31095 0.000000 0.000000 0.000000 1.000000
31098 0.000000 0.000000 0.000000 1.000000
31099 0.000000 0.000000 0.000000 1.000000
31100 0.000000 0.000000 0.000000 1.000000
31101 0.000000 0.000000 0.000000 1.000000
31102 0.000000 0.000000 0.000000 1.000000
31107 0.000000 0.000000 0.000000 1.000000
31108 0.000000 0.000000 0.000000 1.000000
31109 0.000000 0.000000 0.000000 1.000000
31110 0.000000 0.000000 0.000000 1.000000
31119 0.000000 0.000000 0.000000 1.000000
31120 0.000000 0.000000 0.000000 1.000000
31121 0.000000 0.000000 0.000000 1.000000
31122 0.000000 0.000000 0.000000 1.000000
31140 0.000000 0.000000 0.000000 1.000000
31141 0.000000 0.000000 0.000000 1.000000
31142 0.000000 0.000000 0.000000 1.000000
31143 0.000000 0.000000 0.000000 1.000000
31162 0.000000 0.000000 0.000000 1.000000
31163 0.000000 0.000000 0.000000 1.000000
31164 0.000000 0.000000 0.000000 1.000000
31165 0.000000 0.000000 0.000000 1.000000
31166 0.000000 0.000000 0.000000 1.000000
31183 0.000000 0.000000 0.000000 1.000000
31184 0.000000 0.000000 0.000000 1.000000
31185 0.000000 0.000000 0.000000 1.000000
31186 0.000000 0.000000 0.000000 1.000000
31187 0.000000 0.000000 0.000000 1.000000
31188 0.000000 0.000000 0.000000 1.000000
31189 0.000000 0.000000 0.000000 1.000000
31200 0.000000 0.000000 0.000000 1.000000
31201 0.000000 0.000000 0.000000 1.000000
31202 0.000000 0.000000 0.000000 1.000000
31203 0.000000 0.000000 0.000000 1.000000
31204 0.000000 0.000000 0.000000 1.000000
31205 0.000000 0.000000 0.000000 1.000000
31206 0.000000 0.000000 0.000000 1.000000
31207 0.000000 0.000000 0.000000 1.000000
31208 0.000000 0.000000 0.000000 1.000000
31214 0.000000 0.000000 0.000000 1.000000
31215 0.000000 0.000000 0.000000 1.000000
31216 0.000000 0.000000 0.000000 1.000000
31217 0.000000 0.000000 0.000000 1.000000
31218 0.000000 0.000000 0.000000 1.000000
31219 0.000000 0.000000 0.000000 1.000000
31220 0.000000 0.000000 0.000000 1.000000
31221 0.000000 0.000000 0.000000 1.000000
31222 0.000000 0.000000 0.000000 1.000000
31229 0.000000 0.000000 0.000000 1.000000
31230 0.000000 0.000000 0.000000 1.000000
31231 0.000000 0.000000 0.000000 1.000000
31232 0.000000 0.000000 0.000000 1.000000
31233 0.000000 0.000000 0.000000 1.000000
31234 0.000000 0.000000 0.000000 1.000000
31235 0.000000 0.000000 0.000000 1.000000
31236 0.000000 0.000000 0.000000 1.000000
31244 0.000000 0.000000 0.000000 1.000000
31245 0.000000 0.000000 0.000000 1.000000
31246 0.000000 0.000000 0.000000 1.000000
31247 0.000000 0.000000 0.000000 1.000000
31248 0.000000 0.000000 0.000000 1.000000
31255 0.000000 0.000000 0.000000 1.000000
31256 0.000000 0.000000 0.000000 1.000000
31257 0.000000 0.000000 0.000000 1.000000
31264 0.000000 0.000000 0.000000 1.000000
31271 0.000000 0.000000 0.000000 1.000000
31277 0.000000 0.000000 0.000000 1.000000
31278 0.000000 0.000000 0.000000 1.000000
31284 0.000000 0.000000 0.000000 1.000000
31285 0.000000 0.000000 0.000000 1.000000
31292 0.000000 0.000000 0.000000 1.000000
31293 0.000000 0.000000 0.000000 1.000000
31301 0.000000 0.000000 0.000000 1.000000
31302 0.000000 0.000000 0.000000 1.000000
31303 0.000000 0.000000 0.000000 1.000000
31304 0.000000 0.000000 0.000000 1.000000
31305 0.000000 0.000000 0.000000 1.000000
31312 0.000000 0.000000 0.000000 1.000000
31313 0.000000 0.000000 0.000000 1.000000
31314 0.000000 0.000000 0.000000 1.000000
31315 0.000000 0.000000 0.000000 1.000000
31316 0.000000 0.000000 0.000000 1.000000
31324 0.000000 0.000000 0.000000 1.000000
31325 0.000000 0.000000 0.000000 1.000000
31326 0.000000 0.000000 0.000000 1.000000
31327 0.000000 0.000000 0.000000 1.000000
31340 0.000000 0.000000 0.000000 1.000000
31341 0.000000 0.000000 0.000000 1.000000
31342 0.000000 0.000000 0.000000 1.000000
31360 0.000000 0.000000 0.000000 1.000000
31361 0.000000 0.000000 0.000000 1.000000
31379 0.000000 0.000000 0.000000 1.000000
32172 0.000000 0.000000 0.000000 1.000000
32173 0.000000 0.000000 0.000000 1.000000
32174 0.000000 0.000000 0.000000 1.000000
32175 0.000000 0.000000 0.000000 1.000000
32176 0.000000 0.000000 0.000000 1.000000
32180 0.000000 0.000000 0.000000 1.000000
32181 0.000000 0.000000 0.000000 1.000000
32182 0.000000 0.000000 0.000000 1.000000
32183 0.000000 0.000000 0.000000 1.000000
32184 0.000000 0.000000 0.000000 1.000000
32185 0.000000 0.000000 0.000000 1.000000
32186 0.000000 0.000000 0.000000 1.000000
32189 0.000000 0.000000 0.000000 1.000000
32190 0.000000 0.000000 0.000000 1.000000
32191 0.000000 0.000000 0.000000 1.000000
32192 0.000000 0.000000 0.000000 1.000000
32193 0.000000 0.000000 0.000000 1.000000
32196 0.000000 0.000000 0.000000 1.000000
32197 0.000000 0.000000 0.000000 1.000000
32198 0.000000 0.000000 0.000000 1.000000
32199 0.000000 0.000000 0.000000 1.000000
32200 0.000000 0.000000 0.000000 1.000000
32201 0.000000 0.000000 0.000000 1.000000
32203 0.000000 0.000000 0.000000 1.000000
32204 0.000000 0.000000 0.000000 1.000000
32205 0.000000 0.000000 0.000000 1.000000
32206 0.000000 0.000000 0.000000 1.000000
32207 0.000000 0.000000 0.000000 1.000000
32208 0.000000 0.000000 0.000000 1.000000
32214 0.000000 0.000000 0.000000 1.000000
32215 0.000000 0.000000 0.000000 1.000000
32216 0.000000 0.000000 0.000000 1.000000
32217 0.000000 0.000000 0.000000 1.000000
32218 0.000000 0.000000 0.000000 1.000000
32219 0.000000 0.000000 0.000000 1.000000
32220 0.000000 0.000000 0.000000 1.000000
32233 0.000000 0.000000 0.000000 1.000000
32234 0.000000 0.000000 0.000000 1.000000
32235 0.000000 0.000000 0.000000 1.000000
32236 0.000000 0.000000 0.000000 1.000000
32237 0.000000 0.000000 0.000000 1.000000
32238 0.000000 0.000000 0.000000 1.000000
32254 0.000000 0.000000 0.000000 1.000000
32255 0.000000 0.000000 0.000000 1.000000
32256 0.000000 0.000000 0.000000 1.000000
32257 0.000000 0.000000 0.000000 1.000000
32258 0.000000 0.000000 0.000000 1.000000
32259 0.000000 0.000000 0.000000 1.000000
32260 0.000000 0.000000 0.000000 1.000000
32275 0.000000 0.000000 0.000000 1.000000
32276 0.000000 0.000000 0.000000 1.000000
32277 0.000000 0.000000 0.000000 1.000000
32278 0.000000 0.000000 0.000000 1.000000
32279 0.000000 0.000000 0.000000 1.000000
32280 0.000000 0.000000 0.000000 1.000000
32281 0.000000 0.000000 0.000000 1.000000
32282 0.000000 0.000000 0.000000 1.000000
32294 0.000000 0.000000 0.000000 1.000000
32295 0.000000 0.000000 0.000000 1.000000
32296 0.000000 0.000000 0.000000 1.000000
32297 0.000000 0.000000 0.000000 1.000000
32298 0.000000 0.000000 0.000000 1.000000
32299 0.000000 0.000000 0.000000 1.000000
32309 0.000000 0.000000 0.000000 1.000000
32310 0.000000 0.000000 0.000000 1.000000
32311 0.000000 0.000000 0.000000 1.000000
32312 0.000000 0.000000 0.000000 1.000000
32319 0.000000 0.000000 0.000000 1.000000
32320 0.000000 0.000000 0.000000 1.000000
32321 0.000000 0.000000 0.000000 1.000000
32322 0.000000 0.000000 0.000000 1.000000
32329 0.000000 0.000000 0.000000 1.000000
32330 0.000000 0.000000 0.000000 1.000000
32336 0.000000 0.000000 0.000000 1.000000
32337 0.000000 0.000000 0.000000 1.000000
32343 0.000000 0.000000 0.000000 1.000000
32344 0.000000 0.000000 0.000000 1.000000
32350 0.000000 0.000000 0.000000 1.000000
32351 0.000000 0.000000 0.000000 1.000000
32356 0.000000 0.000000 0.000000 1.000000
32357 0.000000 0.000000 0.000000 1.000000
32365 0.000000 0.000000 0.000000 1.000000
32366 0.000000 0.000000 0.000000 1.000000
32374 0.000000 0.000000 0.000000 1.000000
32375 0.000000 0.000000 0.000000 1.000000
32376 0.000000 0.000000 0.000000 1.000000
32377 0.000000 0.000000 0.000000 1.000000
32386 0.000000 0.000000 0.000000 1.000000
32387 0.000000 0.000000 0.000000 1.000000
32388 0.000000 0.000000 0.000000 1.000000
32389 0.000000 0.000000 0.000000 1.000000
33212 0.000000 0.000000 0.000000 1.000000
33216 0.000000 0.000000 0.000000 1.000000
33221 0.000000 0.000000 0.000000 1.000000
33222 0.000000 0.000000 0.000000 1.000000
33223 0.000000 0.000000 0.000000 1.000000
33224 0.000000 0.000000 0.000000 1.000000
33230 0.000000 0.000000 0.000000 1.000000
33231 0.000000 0.000000 0.000000 1.000000
33232 0.000000 0.000000 0.000000 1.000000
33233 0.000000 0.000000 0.000000 1.000000
33238 0.000000 0.000000 0.000000 1.000000
33239 0.000000 0.000000 0.000000 1.000000
33240 0.000000 0.000000 0.000000 1.000000
33241 0.000000 0.000000 0.000000 1.000000
33245 0.000000 0.000000 0.000000 1.000000
33246 0.000000 0.000000 0.000000 1.000000
33247 0.000000 0.000000 0.000000 1.000000
33248 0.000000 0.000000 0.000000 1.000000
33249 0.000000 0.000000 0.000000 1.000000
33254 0.000000 0.000000 0.000000 1.000000
33255 0.000000 0.000000 0.000000 1.000000
33256 0.000000 0.000000 0.000000 1.000000
33257 0.000000 0.000000 0.000000 1.000000
33259 0.000000 0.000000 0.000000 1.000000
33267 0.000000 0.000000 0.000000 1.000000
33268 0.000000 0.000000 0.000000 1.000000
33269 0.000000 0.000000 0.000000 1.000000
33282 0.000000 0.000000 0.000000 1.000000
33283 0.000000 0.000000 0.000000 1.000000
33284 0.000000 0.000000 0.000000 1.000000
33299 0.000000 0.000000 0.000000 1.000000
33300 0.000000 0.000000 0.000000 1.000000
33315 0.000000 0.000000 0.000000 1.000000
33316 0.000000 0.000000 0.000000 1.000000
33331 0.000000 0.000000 0.000000 1.000000
33332 0.000000 0.000000 0.000000 1.000000
33339 0.000000 0.000000 0.000000 1.000000
33340 0.000000 0.000000 0.000000 1.000000
33346 0.000000 0.000000 0.000000 1.000000
33352 0.000000 0.000000 0.000000 1.000000
33353 0.000000 0.000000 0.000000 1.000000
33354 0.000000 0.000000 0.000000 1.000000
33362 0.000000 0.000000 0.000000 1.000000
33363 0.000000 0.000000 0.000000 1.000000
33364 0.000000 0.000000 0.000000 1.000000
33365 0.000000 0.000000 0.000000 1.000000
33366 0.000000 0.000000 0.000000 1.000000
33374 0.000000 0.000000 0.000000 1.000000
33375 0.000000 0.000000 0.000000 1.000000
33376 0.000000 0.000000 0.000000 1.000000
33377 0.000000 0.000000 0.000000 1.000000
33385 0.000000 0.000000 0.000000 1.000000
33386 0.000000 0.000000 0.000000 1.000000
33387 0.000000 0.000000 0.000000 1.000000
33388 0.000000 0.000000 0.000000 1.000000
33389 0.000000 0.000000 0.000000 1.000000
33398 0.000000 0.000000 0.000000 1.000000
33399 0.000000 0.000000 0.000000 1.000000
33400 0.000000 0.000000 0.000000 1.000000
33401 0.000000 0.000000 0.000000 1.000000
33402 0.000000 0.000000 0.000000 1.000000
33410 0.000000 0.000000 0.000000 1.000000
33411 0.000000 0.000000 0.000000 1.000000
33412 0.000000 0.000000 0.000000 1.000000
33413 0.000000 0.000000 0.000000 1.000000
33422 0.000000 0.000000 0.000000 1.000000
33423 0.000000 0.000000 0.000000 1.000000
34286 0.000000 0.000000 0.000000 1.000000
34294 0.000000 0.000000 0.000000 1.000000
34295 0.000000 0.000000 0.000000 1.000000
34309 0.000000 0.000000 0.000000 1.000000
34322 0.000000 0.000000 0.000000 1.000000
34323 0.000000 0.000000 0.000000 1.000000
34331 0.000000 0.000000 0.000000 1.000000
34332 0.000000 0.000000 0.000000 1.000000
34333 0.000000 0.000000 0.000000 1.000000
34334 0.000000 0.000000 0.000000 1.000000
34340 0.000000 0.000000 0.000000 1.000000
34341 0.000000 0.000000 0.000000 1.000000
34342 0.000000 0.000000 0.000000 1.000000
34343 0.000000 0.000000 0.000000 1.000000
34344 0.000000 0.000000 0.000000 1.000000
34351 0.000000 0.000000 0.000000 1.000000
34352 0.000000 0.000000 0.000000 1.000000
34353 0.000000 0.000000 0.000000 1.000000
34354 0.000000 0.000000 0.000000 1.000000
34355 0.000000 0.000000 0.000000 1.000000
34364 0.000000 0.000000 0.000000 1.000000
34365 0.000000 0.000000 0.000000 1.000000
34366 0.000000 0.000000 0.000000 1.000000
34367 0.000000 0.000000 0.000000 1.000000
34377 0.000000 0.000000 0.000000 1.000000
34378 0.000000 0.000000 0.000000 1.000000
34379 0.000000 0.000000 0.000000 1.000000
34380 0.000000 0.000000 0.000000 1.000000
34389 0.000000 0.000000 0.000000 1.000000
34390 0.000000 0.000000 0.000000 1.000000
34401 0.000000 0.000000 0.000000 1.000000
35305 0.000000 0.000000 0.000000 1.000000
35317 0.000000 0.000000 0.000000 1.000000
35318 0.000000 0.000000 0.000000 1.000000
35319 0.000000 0.000000 0.000000 1.000000
35331 0.000000 0.000000 0.000000 1.000000
35332 0.000000 0.000000 0.000000 1.000000
35333 0.000000 0.000000 0.000000 1.000000
35334 0.000000 0.000000 0.000000 1.000000
35344 0.000000 0.000000 0.000000 1.000000
35345 0.000000 0.000000 0.000000 1.000000
35346 0.000000 0.000000 0.000000 1.000000
35355 0.000000 0.000000 0.000000 1.000000
35356 0.000000 0.000000 0.000000 1.000000
35357 0.000000 0.000000 0.000000 1.000000
35369 0.000000 0.000000 0.000000 1.000000
36212 0.000000 0.000000 0.000000 1.000000
36213 0.000000 0.000000 0.000000 1.000000
36225 0.000000 0.000000 0.000000 1.000000
36226 0.000000 0.000000 0.000000 1.000000
36227 0.000000 0.000000 0.000000 1.000000
36240 0.000000 0.000000 0.000000 1.000000
36241 0.000000 0.000000 0.000000 1.000000
36254 0.000000 0.000000 0.000000 1.000000
37103 0.000000 0.000000 0.000000 1.000000
37114 0.000000 0.000000 0.000000 1.000000
37115 0.000000 0.000000 0.000000 1.000000
37116 0.000000 0.000000 0.000000 1.000000
