#
1070
16524 0.000000 0.000000 0.000000 1.000000
16525 0.000000 0.000000 0.000000 1.000000
16526 0.000000 0.000000 0.000000 1.000000
16527 0.000000 0.000000 0.000000 1.000000
16528 0.000000 0.000000 0.000000 1.000000
16529 0.000000 0.000000 0.000000 1.000000
16530 0.000000 0.000000 0.000000 1.000000
16531 0.000000 0.000000 0.000000 1.000000
16532 0.000000 0.000000 0.000000 1.000000
16533 0.000000 0.000000 0.000000 1.000000
16534 0.000000 0.000000 0.000000 1.000000
16535 0.000000 0.000000 0.000000 1.000000
16536 0.000000 0.000000 0.000000 1.000000
17312 0.000000 0.000000 0.000000 1.000000
17313 0.000000 0.000000 0.000000 1.000000
17314 0.000000 0.000000 0.000000 1.000000
17315 0.000000 0.000000 0.000000 1.000000
17316 0.000000 0.000000 0.000000 1.000000
17317 0.000000 0.000000 0.000000 1.000000
17318 0.000000 0.000000 0.000000 1.000000
17319 0.000000 0.000000 0.000000 1.000000
17320 0.000000 0.000000 0.000000 1.000000
17321 0.000000 0.000000 0.000000 1.000000
17322 0.000000 0.000000 0.000000 1.000000
17323 0.000000 0.000000 0.000000 1.000000
17324 0.000000 0.000000 0.000000 1.000000
17325 0.000000 0.000000 0.000000 1.000000
17326 0.000000 0.000000 0.000000 1.000000
17327 0.000000 0.000000 0.000000 1.000000
17328 0.000000 0.000000 0.000000 1.000000
17329 0.000000 0.000000 0.000000 1.000000
17330 0.000000 0.000000 0.000000 1.000000
17331 0.000000 0.000000 0.000000 1.000000
17332 0.000000 0.000000 0.000000 1.000000
17333 0.000000 0.000000 0.000000 1.000000
17334 0.000000 0.000000 0.000000 1.000000
17335 0.000000 0.000000 0.000000 1.000000
17336 0.000000 0.000000 0.000000 1.000000
17337 0.000000 0.000000 0.000000 1.000000
17338 0.000000 0.000000 0.000000 1.000000
17339 0.000000 0.000000 0.000000 1.000000
17340 0.000000 0.000000 0.000000 1.000000
17341 0.000000 0.000000 0.000000 1.000000
17342 0.000000 0.000000 0.000000 1.000000
17343 0.000000 0.000000 0.000000 1.000000
17344 0.000000 0.000000 0.000000 1.000000
17348 0.000000 0.000000 0.000000 1.000000
17349 0.000000 0.000000 0.000000 1.000000
18170 0.000000 0.000000 0.000000 1.000000
18171 0.000000 0.000000 0.000000 1.000000
18172 0.000000 0.000000 0.000000 1.000000
18173 0.000000 0.000000 0.000000 1.000000
18174 0.000000 0.000000 0.000000 1.000000
18175 0.000000 0.000000 0.000000 1.000000
18176 0.000000 0.000000 0.000000 1.000000
18177 0.000000 0.000000 0.000000 1.000000
18178 0.000000 0.000000 0.000000 1.000000
18179 0.000000 0.000000 0.000000 1.000000
18180 0.000000 0.000000 0.000000 1.000000
18181 0.000000 0.000000 0.000000 1.000000
18182 0.000000 0.000000 0.000000 1.000000
18183 0.000000 0.000000 0.000000 1.000000
18184 0.000000 0.000000 0.000000 1.000000
18185 0.000000 0.000000 0.000000 1.000000
18186 0.000000 0.000000 0.000000 1.000000
18187 0.000000 0.000000 0.000000 1.000000
18188 0.000000 0.000000 0.000000 1.000000
18189 0.000000 0.000000 0.000000 1.000000
18190 0.000000 0.000000 0.000000 1.000000
18191 0.000000 0.000000 0.000000 1.000000
18192 0.000000 0.000000 0.000000 1.000000
18193 0.000000 0.000000 0.000000 1.000000
18194 0.000000 0.000000 0.000000 1.000000
18195 0.000000 0.000000 0.000000 1.000000
18196 0.000000 0.000000 0.000000 1.000000
18197 0.000000 0.000000 0.000000 1.000000
18198 0.000000 0.000000 0.000000 1.000000
18199 0.000000 0.000000 0.000000 1.000000
18200 0.000000 0.000000 0.000000 1.000000
18201 0.000000 0.000000 0.000000 1.000000
18202 0.000000 0.000000 0.000000 1.000000
18203 0.000000 0.000000 0.000000 1.000000
18204 0.000000 0.000000 0.000000 1.000000
18205 0.000000 0.000000 0.000000 1.000000
18206 0.000000 0.000000 0.000000 1.000000
18207 0.000000 0.000000 0.000000 1.000000
18208 0.000000 0.000000 0.000000 1.000000
18209 0.000000 0.000000 0.000000 1.000000
18210 0.000000 0.000000 0.000000 1.000000
18211 0.000000 0.000000 0.000000 1.000000
18212 0.000000 0.000000 0.000000 1.000000
18213 0.000000 0.000000 0.000000 1.000000
18214 0.000000 0.000000 0.000000 1.000000
18215 0.000000 0.000000 0.000000 1.000000
18216 0.000000 0.000000 0.000000 1.000000
18217 0.000000 0.000000 0.000000 1.000000
18218 0.000000 0.000000 0.000000 1.000000
18219 0.000000 0.000000 0.000000 1.000000
18223 0.000000 0.000000 0.000000 1.000000
18224 0.000000 0.000000 0.000000 1.000000
18225 0.000000 0.000000 0.000000 1.000000
18231 0.000000 0.000000 0.000000 1.000000
18232 0.000000 0.000000 0.000000 1.000000
18237 0.000000 0.000000 0.000000 1.000000
19059 0.000000 0.000000 0.000000 1.000000
19060 0.000000 0.000000 0.000000 1.000000
19061 0.000000 0.000000 0.000000 1.000000
19062 0.000000 0.000000 0.000000 1.000000
19063 0.000000 0.000000 0.000000 1.000000
19064 0.000000 0.000000 0.000000 1.000000
19065 0.000000 0.000000 0.000000 1.000000
19066 0.000000 0.000000 0.000000 1.000000
19067 0.000000 0.000000 0.000000 1.000000
19068 0.000000 0.000000 0.000000 1.000000
19069 0.000000 0.000000 0.000000 1.000000
19070 0.000000 0.000000 0.000000 1.000000
19071 0.000000 0.000000 0.000000 1.000000
19072 0.000000 0.000000 0.000000 1.000000
19073 0.000000 0.000000 0.000000 1.000000
19074 0.000000 0.000000 0.000000 1.000000
19075 0.000000 0.000000 0.000000 1.000000
19076 0.000000 0.000000 0.000000 1.000000
19077 0.000000 0.000000 0.000000 1.000000
19078 0.000000 0.000000 0.000000 1.000000
19079 0.000000 0.000000 0.000000 1.000000
19080 0.000000 0.000000 0.000000 1.000000
19081 0.000000 0.000000 0.000000 1.000000
19082 0.000000 0.000000 0.000000 1.000000
19083 0.000000 0.000000 0.000000 1.000000
19084 0.000000 0.000000 0.000000 1.000000
19085 0.000000 0.000000 0.000000 1.000000
19086 0.000000 0.000000 0.000000 1.000000
19087 0.000000 0.000000 0.000000 1.000000
19088 0.000000 0.000000 0.000000 1.000000
19089 0.000000 0.000000 0.000000 1.000000
19090 0.000000 0.000000 0.000000 1.000000
19091 0.000000 0.000000 0.000000 1.000000
19092 0.000000 0.000000 0.000000 1.000000
19093 0.000000 0.000000 0.000000 1.000000
19094 0.000000 0.000000 0.000000 1.000000
19095 0.000000 0.000000 0.000000 1.000000
19096 0.000000 0.000000 0.000000 1.000000
19097 0.000000 0.000000 0.000000 1.000000
19098 0.000000 0.000000 0.000000 1.000000
19099 0.000000 0.000000 0.000000 1.000000
19100 0.000000 0.000000 0.000000 1.000000
19101 0.000000 0.000000 0.000000 1.000000
19102 0.000000 0.000000 0.000000 1.000000
19103 0.000000 0.000000 0.000000 1.000000
19104 0.000000 0.000000 0.000000 1.000000
19105 0.000000 0.000000 0.000000 1.000000
19106 0.000000 0.000000 0.000000 1.000000
19107 0.000000 0.000000 0.000000 1.000000
19108 0.000000 0.000000 0.000000 1.000000
19109 0.000000 0.000000 0.000000 1.000000
19110 0.000000 0.000000 0.000000 1.000000
19111 0.000000 0.000000 0.000000 1.000000
19112 0.000000 0.000000 0.000000 1.000000
19113 0.000000 0.000000 0.000000 1.000000
19116 0.000000 0.000000 0.000000 1.000000
19117 0.000000 0.000000 0.000000 1.000000
19118 0.000000 0.000000 0.000000 1.000000
19119 0.000000 0.000000 0.000000 1.000000
19120 0.000000 0.000000 0.000000 1.000000
19128 0.000000 0.000000 0.000000 1.000000
19129 0.000000 0.000000 0.000000 1.000000
19135 0.000000 0.000000 0.000000 1.000000
19136 0.000000 0.000000 0.000000 1.000000
19142 0.000000 0.000000 0.000000 1.000000
19983 0.000000 0.000000 0.000000 1.000000
19984 0.000000 0.000000 0.000000 1.000000
19985 0.000000 0.000000 0.000000 1.000000
19986 0.000000 0.000000 0.000000 1.000000
19987 0.000000 0.000000 0.000000 1.000000
19988 0.000000 0.000000 0.000000 1.000000
19989 0.000000 0.000000 0.000000 1.000000
19990 0.000000 0.000000 0.000000 1.000000
19991 0.000000 0.000000 0.000000 1.000000
19992 0.000000 0.000000 0.000000 1.000000
19993 0.000000 0.000000 0.000000 1.000000
19994 0.000000 0.000000 0.000000 1.000000
19995 0.000000 0.000000 0.000000 1.000000
19996 0.000000 0.000000 0.000000 1.000000
19997 0.000000 0.000000 0.000000 1.000000
19998 0.000000 0.000000 0.000000 1.000000
19999 0.000000 0.000000 0.000000 1.000000
20000 0.000000 0.000000 0.000000 1.000000
20001 0.000000 0.000000 0.000000 1.000000
20002 0.000000 0.000000 0.000000 1.000000
20003 0.000000 0.000000 0.000000 1.000000
20004 0.000000 0.000000 0.000000 1.000000
20005 0.000000 0.000000 0.000000 1.000000
20006 0.000000 0.000000 0.000000 1.000000
20007 0.000000 0.000000 0.000000 1.000000
20008 0.000000 0.000000 0.000000 1.000000
20009 0.000000 0.000000 0.000000 1.000000
20010 0.000000 0.000000 0.000000 1.000000
20011 0.000000 0.000000 0.000000 1.000000
20012 0.000000 0.000000 0.000000 1.000000
20013 0.000000 0.000000 0.000000 1.000000
20014 0.000000 0.000000 0.000000 1.000000
20015 0.000000 0.000000 0.000000 1.000000
20016 0.000000 0.000000 0.000000 1.000000
20017 0.000000 0.000000 0.000000 1.000000
20018 0.000000 0.000000 0.000000 1.000000
20019 0.000000 0.000000 0.000000 1.000000
20020 0.000000 0.000000 0.000000 1.000000
20021 0.000000 0.000000 0.000000 1.000000
20022 0.000000 0.000000 0.000000 1.000000
20023 0.000000 0.000000 0.000000 1.000000
20024 0.000000 0.000000 0.000000 1.000000
20025 0.000000 0.000000 0.000000 1.000000
20026 0.000000 0.000000 0.000000 1.000000
20027 0.000000 0.000000 0.000000 1.000000
20028 0.000000 0.000000 0.000000 1.000000
20029 0.000000 0.000000 0.000000 1.000000
20030 0.000000 0.000000 0.000000 1.000000
20031 0.000000 0.000000 0.000000 1.000000
20032 0.000000 0.000000 0.000000 1.000000
20033 0.000000 0.000000 0.000000 1.000000
20034 0.000000 0.000000 0.000000 1.000000
20035 0.000000 0.000000 0.000000 1.000000
20036 0.000000 0.000000 0.000000 1.000000
20037 0.000000 0.000000 0.000000 1.000000
20038 0.000000 0.000000 0.000000 1.000000
20039 0.000000 0.000000 0.000000 1.000000
20040 0.000000 0.000000 0.000000 1.000000
20041 0.000000 0.000000 0.000000 1.000000
20045 0.000000 0.000000 0.000000 1.000000
20046 0.000000 0.000000 0.000000 1.000000
20047 0.000000 0.000000 0.000000 1.000000
20048 0.000000 0.000000 0.000000 1.000000
20049 0.000000 0.000000 0.000000 1.000000
20050 0.000000 0.000000 0.000000 1.000000
20051 0.000000 0.000000 0.000000 1.000000
20052 0.000000 0.000000 0.000000 1.000000
20053 0.000000 0.000000 0.000000 1.000000
20060 0.000000 0.000000 0.000000 1.000000
20061 0.000000 0.000000 0.000000 1.000000
20062 0.000000 0.000000 0.000000 1.000000
20063 0.000000 0.000000 0.000000 1.000000
20069 0.000000 0.000000 0.000000 1.000000
20076 0.000000 0.000000 0.000000 1.000000
20077 0.000000 0.000000 0.000000 1.000000
20085 0.000000 0.000000 0.000000 1.000000
20911 0.000000 0.000000 0.000000 1.000000
20912 0.000000 0.000000 0.000000 1.000000
20913 0.000000 0.000000 0.000000 1.000000
20914 0.000000 0.000000 0.000000 1.000000
20915 0.000000 0.000000 0.000000 1.000000
20916 0.000000 0.000000 0.000000 1.000000
20917 0.000000 0.000000 0.000000 1.000000
20918 0.000000 0.000000 0.000000 1.000000
20919 0.000000 0.000000 0.000000 1.000000
20920 0.000000 0.000000 0.000000 1.000000
20921 0.000000 0.000000 0.000000 1.000000
20922 0.000000 0.000000 0.000000 1.000000
20923 0.000000 0.000000 0.000000 1.000000
20924 0.000000 0.000000 0.000000 1.000000
20925 0.000000 0.000000 0.000000 1.000000
20926 0.000000 0.000000 0.000000 1.000000
20927 0.000000 0.000000 0.000000 1.000000
20928 0.000000 0.000000 0.000000 1.000000
20929 0.000000 0.000000 0.000000 1.000000
20930 0.000000 0.000000 0.000000 1.000000
20931 0.000000 0.000000 0.000000 1.000000
20932 0.000000 0.000000 0.000000 1.000000
20933 0.000000 0.000000 0.000000 1.000000
20934 0.000000 0.000000 0.000000 1.000000
20935 0.000000 0.000000 0.000000 1.000000
20936 0.000000 0.000000 0.000000 1.000000
20937 0.000000 0.000000 0.000000 1.000000
20938 0.000000 0.000000 0.000000 1.000000
20939 0.000000 0.000000 0.000000 1.000000
20940 0.000000 0.000000 0.000000 1.000000
20941 0.000000 0.000000 0.000000 1.000000
20942 0.000000 0.000000 0.000000 1.000000
20943 0.000000 0.000000 0.000000 1.000000
20944 0.000000 0.000000 0.000000 1.000000
20945 0.000000 0.000000 0.000000 1.000000
20946 0.000000 0.000000 0.000000 1.000000
20947 0.000000 0.000000 0.000000 1.000000
20948 0.000000 0.000000 0.000000 1.000000
20949 0.000000 0.000000 0.000000 1.000000
20950 0.000000 0.000000 0.000000 1.000000
20951 0.000000 0.000000 0.000000 1.000000
20952 0.000000 0.000000 0.000000 1.000000
20953 0.000000 0.000000 0.000000 1.000000
20954 0.000000 0.000000 0.000000 1.000000
20955 0.000000 0.000000 0.000000 1.000000
20956 0.000000 0.000000 0.000000 1.000000
20957 0.000000 0.000000 0.000000 1.000000
20958 0.000000 0.000000 0.000000 1.000000
20959 0.000000 0.000000 0.000000 1.000000
20960 0.000000 0.000000 0.000000 1.000000
20964 0.000000 0.000000 0.000000 1.000000
20965 0.000000 0.000000 0.000000 1.000000
20966 0.000000 0.000000 0.000000 1.000000
20967 0.000000 0.000000 0.000000 1.000000
20968 0.000000 0.000000 0.000000 1.000000
20969 0.000000 0.000000 0.000000 1.000000
20970 0.000000 0.000000 0.000000 1.000000
20971 0.000000 0.000000 0.000000 1.000000
20972 0.000000 0.000000 0.000000 1.000000
20980 0.000000 0.000000 0.000000 1.000000
20981 0.000000 0.000000 0.000000 1.000000
20982 0.000000 0.000000 0.000000 1.000000
20983 0.000000 0.000000 0.000000 1.000000
20984 0.000000 0.000000 0.000000 1.000000
20985 0.000000 0.000000 0.000000 1.000000
20993 0.000000 0.000000 0.000000 1.000000
20994 0.000000 0.000000 0.000000 1.000000
20995 0.000000 0.000000 0.000000 1.000000
20996 0.000000 0.000000 0.000000 1.000000
21002 0.000000 0.000000 0.000000 1.000000
21008 0.000000 0.000000 0.000000 1.000000
21809 0.000000 0.000000 0.000000 1.000000
21810 0.000000 0.000000 0.000000 1.000000
21811 0.000000 0.000000 0.000000 1.000000
21812 0.000000 0.000000 0.000000 1.000000
21813 0.000000 0.000000 0.000000 1.000000
21814 0.000000 0.000000 0.000000 1.000000
21815 0.000000 0.000000 0.000000 1.000000
21816 0.000000 0.000000 0.000000 1.000000
21817 0.000000 0.000000 0.000000 1.000000
21818 0.000000 0.000000 0.000000 1.000000
21819 0.000000 0.000000 0.000000 1.000000
21820 0.000000 0.000000 0.000000 1.000000
21821 0.000000 0.000000 0.000000 1.000000
21822 0.000000 0.000000 0.000000 1.000000
21823 0.000000 0.000000 0.000000 1.000000
21824 0.000000 0.000000 0.000000 1.000000
21825 0.000000 0.000000 0.000000 1.000000
21826 0.000000 0.000000 0.000000 1.000000
21827 0.000000 0.000000 0.000000 1.000000
21828 0.000000 0.000000 0.000000 1.000000
21829 0.000000 0.000000 0.000000 1.000000
21830 0.000000 0.000000 0.000000 1.000000
21831 0.000000 0.000000 0.000000 1.000000
21832 0.000000 0.000000 0.000000 1.000000
21833 0.000000 0.000000 0.000000 1.000000
21834 0.000000 0.000000 0.000000 1.000000
21835 0.000000 0.000000 0.000000 1.000000
21836 0.000000 0.000000 0.000000 1.000000
21837 0.000000 0.000000 0.000000 1.000000
21838 0.000000 0.000000 0.000000 1.000000
21839 0.000000 0.000000 0.000000 1.000000
21840 0.000000 0.000000 0.000000 1.000000
21841 0.000000 0.000000 0.000000 1.000000
21842 0.000000 0.000000 0.000000 1.000000
21843 0.000000 0.000000 0.000000 1.000000
21844 0.000000 0.000000 0.000000 1.000000
21845 0.000000 0.000000 0.000000 1.000000
21846 0.000000 0.000000 0.000000 1.000000
21847 0.000000 0.000000 0.000000 1.000000
21848 0.000000 0.000000 0.000000 1.000000
21849 0.000000 0.000000 0.000000 1.000000
21850 0.000000 0.000000 0.000000 1.000000
21851 0.000000 0.000000 0.000000 1.000000
21854 0.000000 0.000000 0.000000 1.000000
21855 0.000000 0.000000 0.000000 1.000000
21856 0.000000 0.000000 0.000000 1.000000
21857 0.000000 0.000000 0.000000 1.000000
21858 0.000000 0.000000 0.000000 1.000000
21865 0.000000 0.000000 0.000000 1.000000
21866 0.000000 0.000000 0.000000 1.000000
21867 0.000000 0.000000 0.000000 1.000000
21868 0.000000 0.000000 0.000000 1.000000
21869 0.000000 0.000000 0.000000 1.000000
21870 0.000000 0.000000 0.000000 1.000000
21878 0.000000 0.000000 0.000000 1.000000
21879 0.000000 0.000000 0.000000 1.000000
21880 0.000000 0.000000 0.000000 1.000000
21890 0.000000 0.000000 0.000000 1.000000
21891 0.000000 0.000000 0.000000 1.000000
21901 0.000000 0.000000 0.000000 1.000000
21902 0.000000 0.000000 0.000000 1.000000
21910 0.000000 0.000000 0.000000 1.000000
21911 0.000000 0.000000 0.000000 1.000000
21925 0.000000 0.000000 0.000000 1.000000
22717 0.000000 0.000000 0.000000 1.000000
22718 0.000000 0.000000 0.000000 1.000000
22719 0.000000 0.000000 0.000000 1.000000
22721 0.000000 0.000000 0.000000 1.000000
22722 0.000000 0.000000 0.000000 1.000000
22723 0.000000 0.000000 0.000000 1.000000
22724 0.000000 0.000000 0.000000 1.000000
22725 0.000000 0.000000 0.000000 1.000000
22726 0.000000 0.000000 0.000000 1.000000
22727 0.000000 0.000000 0.000000 1.000000
22728 0.000000 0.000000 0.000000 1.000000
22730 0.000000 0.000000 0.000000 1.000000
22731 0.000000 0.000000 0.000000 1.000000
22732 0.000000 0.000000 0.000000 1.000000
22733 0.000000 0.000000 0.000000 1.000000
22734 0.000000 0.000000 0.000000 1.000000
22735 0.000000 0.000000 0.000000 1.000000
22736 0.000000 0.000000 0.000000 1.000000
22737 0.000000 0.000000 0.000000 1.000000
22738 0.000000 0.000000 0.000000 1.000000
22739 0.000000 0.000000 0.000000 1.000000
22740 0.000000 0.000000 0.000000 1.000000
22741 0.000000 0.000000 0.000000 1.000000
22742 0.000000 0.000000 0.000000 1.000000
22743 0.000000 0.000000 0.000000 1.000000
22744 0.000000 0.000000 0.000000 1.000000
22745 0.000000 0.000000 0.000000 1.000000
22746 0.000000 0.000000 0.000000 1.000000
22747 0.000000 0.000000 0.000000 1.000000
22748 0.000000 0.000000 0.000000 1.000000
22749 0.000000 0.000000 0.000000 1.000000
22750 0.000000 0.000000 0.000000 1.000000
22751 0.000000 0.000000 0.000000 1.000000
22752 0.000000 0.000000 0.000000 1.000000
22753 0.000000 0.000000 0.000000 1.000000
22754 0.000000 0.000000 0.000000 1.000000
22755 0.000000 0.000000 0.000000 1.000000
22756 0.000000 0.000000 0.000000 1.000000
22757 0.000000 0.000000 0.000000 1.000000
22758 0.000000 0.000000 0.000000 1.000000
22759 0.000000 0.000000 0.000000 1.000000
22760 0.000000 0.000000 0.000000 1.000000
22761 0.000000 0.000000 0.000000 1.000000
22762 0.000000 0.000000 0.000000 1.000000
22763 0.000000 0.000000 0.000000 1.000000
22765 0.000000 0.000000 0.000000 1.000000
22766 0.000000 0.000000 0.000000 1.000000
22767 0.000000 0.000000 0.000000 1.000000
22768 0.000000 0.000000 0.000000 1.000000
22769 0.000000 0.000000 0.000000 1.000000
22773 0.000000 0.000000 0.000000 1.000000
22774 0.000000 0.000000 0.000000 1.000000
22775 0.000000 0.000000 0.000000 1.000000
22782 0.000000 0.000000 0.000000 1.000000
22783 0.000000 0.000000 0.000000 1.000000
22784 0.000000 0.000000 0.000000 1.000000
22785 0.000000 0.000000 0.000000 1.000000
22793 0.000000 0.000000 0.000000 1.000000
22794 0.000000 0.000000 0.000000 1.000000
22795 0.000000 0.000000 0.000000 1.000000
22796 0.000000 0.000000 0.000000 1.000000
22805 0.000000 0.000000 0.000000 1.000000
22806 0.000000 0.000000 0.000000 1.000000
22807 0.000000 0.000000 0.000000 1.000000
22817 0.000000 0.000000 0.000000 1.000000
22818 0.000000 0.000000 0.000000 1.000000
22830 0.000000 0.000000 0.000000 1.000000
22831 0.000000 0.000000 0.000000 1.000000
23634 0.000000 0.000000 0.000000 1.000000
23635 0.000000 0.000000 0.000000 1.000000
23636 0.000000 0.000000 0.000000 1.000000
23640 0.000000 0.000000 0.000000 1.000000
23641 0.000000 0.000000 0.000000 1.000000
23642 0.000000 0.000000 0.000000 1.000000
23643 0.000000 0.000000 0.000000 1.000000
23644 0.000000 0.000000 0.000000 1.000000
23645 0.000000 0.000000 0.000000 1.000000
23646 0.000000 0.000000 0.000000 1.000000
23647 0.000000 0.000000 0.000000 1.000000
23648 0.000000 0.000000 0.000000 1.000000
23652 0.000000 0.000000 0.000000 1.000000
23653 0.000000 0.000000 0.000000 1.000000
23654 0.000000 0.000000 0.000000 1.000000
23655 0.000000 0.000000 0.000000 1.000000
23656 0.000000 0.000000 0.000000 1.000000
23657 0.000000 0.000000 0.000000 1.000000
23660 0.000000 0.000000 0.000000 1.000000
23661 0.000000 0.000000 0.000000 1.000000
23662 0.000000 0.000000 0.000000 1.000000
23663 0.000000 0.000000 0.000000 1.000000
23664 0.000000 0.000000 0.000000 1.000000
23665 0.000000 0.000000 0.000000 1.000000
23666 0.000000 0.000000 0.000000 1.000000
23667 0.000000 0.000000 0.000000 1.000000
23668 0.000000 0.000000 0.000000 1.000000
23669 0.000000 0.000000 0.000000 1.000000
23670 0.000000 0.000000 0.000000 1.000000
23671 0.000000 0.000000 0.000000 1.000000
23672 0.000000 0.000000 0.000000 1.000000
23674 0.000000 0.000000 0.000000 1.000000
23678 0.000000 0.000000 0.000000 1.000000
23679 0.000000 0.000000 0.000000 1.000000
23680 0.000000 0.000000 0.000000 1.000000
23685 0.000000 0.000000 0.000000 1.000000
23686 0.000000 0.000000 0.000000 1.000000
23691 0.000000 0.000000 0.000000 1.000000
23697 0.000000 0.000000 0.000000 1.000000
23698 0.000000 0.000000 0.000000 1.000000
23705 0.000000 0.000000 0.000000 1.000000
23706 0.000000 0.000000 0.000000 1.000000
23707 0.000000 0.000000 0.000000 1.000000
23708 0.000000 0.000000 0.000000 1.000000
23716 0.000000 0.000000 0.000000 1.000000
23717 0.000000 0.000000 0.000000 1.000000
23718 0.000000 0.000000 0.000000 1.000000
23719 0.000000 0.000000 0.000000 1.000000
23720 0.000000 0.000000 0.000000 1.000000
23721 0.000000 0.000000 0.000000 1.000000
23729 0.000000 0.000000 0.000000 1.000000
23730 0.000000 0.000000 0.000000 1.000000
23731 0.000000 0.000000 0.000000 1.000000
23732 0.000000 0.000000 0.000000 1.000000
23733 0.000000 0.000000 0.000000 1.000000
23741 0.000000 0.000000 0.000000 1.000000
23742 0.000000 0.000000 0.000000 1.000000
23758 0.000000 0.000000 0.000000 1.000000
24563 0.000000 0.000000 0.000000 1.000000
24564 0.000000 0.000000 0.000000 1.000000
24565 0.000000 0.000000 0.000000 1.000000
24569 0.000000 0.000000 0.000000 1.000000
24570 0.000000 0.000000 0.000000 1.000000
24571 0.000000 0.000000 0.000000 1.000000
24572 0.000000 0.000000 0.000000 1.000000
24573 0.000000 0.000000 0.000000 1.000000
24574 0.000000 0.000000 0.000000 1.000000
24575 0.000000 0.000000 0.000000 1.000000
24576 0.000000 0.000000 0.000000 1.000000
24577 0.000000 0.000000 0.000000 1.000000
24578 0.000000 0.000000 0.000000 1.000000
24579 0.000000 0.000000 0.000000 1.000000
24583 0.000000 0.000000 0.000000 1.000000
24584 0.000000 0.000000 0.000000 1.000000
24590 0.000000 0.000000 0.000000 1.000000
24591 0.000000 0.000000 0.000000 1.000000
24592 0.000000 0.000000 0.000000 1.000000
24593 0.000000 0.000000 0.000000 1.000000
24594 0.000000 0.000000 0.000000 1.000000
24595 0.000000 0.000000 0.000000 1.000000
24596 0.000000 0.000000 0.000000 1.000000
24597 0.000000 0.000000 0.000000 1.000000
24599 0.000000 0.000000 0.000000 1.000000
24600 0.000000 0.000000 0.000000 1.000000
24601 0.000000 0.000000 0.000000 1.000000
24604 0.000000 0.000000 0.000000 1.000000
24607 0.000000 0.000000 0.000000 1.000000
24608 0.000000 0.000000 0.000000 1.000000
24612 0.000000 0.000000 0.000000 1.000000
24617 0.000000 0.000000 0.000000 1.000000
24623 0.000000 0.000000 0.000000 1.000000
24624 0.000000 0.000000 0.000000 1.000000
24630 0.000000 0.000000 0.000000 1.000000
24631 0.000000 0.000000 0.000000 1.000000
24632 0.000000 0.000000 0.000000 1.000000
24633 0.000000 0.000000 0.000000 1.000000
24640 0.000000 0.000000 0.000000 1.000000
24641 0.000000 0.000000 0.000000 1.000000
24642 0.000000 0.000000 0.000000 1.000000
24652 0.000000 0.000000 0.000000 1.000000
24653 0.000000 0.000000 0.000000 1.000000
24654 0.000000 0.000000 0.000000 1.000000
24655 0.000000 0.000000 0.000000 1.000000
24662 0.000000 0.000000 0.000000 1.000000
24663 0.000000 0.000000 0.000000 1.000000
24664 0.000000 0.000000 0.000000 1.000000
24665 0.000000 0.000000 0.000000 1.000000
24678 0.000000 0.000000 0.000000 1.000000
25443 0.000000 0.000000 0.000000 1.000000
25444 0.000000 0.000000 0.000000 1.000000
25445 0.000000 0.000000 0.000000 1.000000
25446 0.000000 0.000000 0.000000 1.000000
25447 0.000000 0.000000 0.000000 1.000000
25452 0.000000 0.000000 0.000000 1.000000
25453 0.000000 0.000000 0.000000 1.000000
25454 0.000000 0.000000 0.000000 1.000000
25455 0.000000 0.000000 0.000000 1.000000
25456 0.000000 0.000000 0.000000 1.000000
25457 0.000000 0.000000 0.000000 1.000000
25458 0.000000 0.000000 0.000000 1.000000
25459 0.000000 0.000000 0.000000 1.000000
25460 0.000000 0.000000 0.000000 1.000000
25461 0.000000 0.000000 0.000000 1.000000
25462 0.000000 0.000000 0.000000 1.000000
25463 0.000000 0.000000 0.000000 1.000000
25467 0.000000 0.000000 0.000000 1.000000
25468 0.000000 0.000000 0.000000 1.000000
25469 0.000000 0.000000 0.000000 1.000000
25475 0.000000 0.000000 0.000000 1.000000
25476 0.000000 0.000000 0.000000 1.000000
25483 0.000000 0.000000 0.000000 1.000000
25484 0.000000 0.000000 0.000000 1.000000
25492 0.000000 0.000000 0.000000 1.000000
25494 0.000000 0.000000 0.000000 1.000000
25495 0.000000 0.000000 0.000000 1.000000
25499 0.000000 0.000000 0.000000 1.000000
25506 0.000000 0.000000 0.000000 1.000000
25516 0.000000 0.000000 0.000000 1.000000
25517 0.000000 0.000000 0.000000 1.000000
25526 0.000000 0.000000 0.000000 1.000000
25527 0.000000 0.000000 0.000000 1.000000
25533 0.000000 0.000000 0.000000 1.000000
25534 0.000000 0.000000 0.000000 1.000000
25535 0.000000 0.000000 0.000000 1.000000
26231 0.000000 0.000000 0.000000 1.000000
26232 0.000000 0.000000 0.000000 1.000000
26233 0.000000 0.000000 0.000000 1.000000
26234 0.000000 0.000000 0.000000 1.000000
26235 0.000000 0.000000 0.000000 1.000000
26236 0.000000 0.000000 0.000000 1.000000
26237 0.000000 0.000000 0.000000 1.000000
26242 0.000000 0.000000 0.000000 1.000000
26243 0.000000 0.000000 0.000000 1.000000
26244 0.000000 0.000000 0.000000 1.000000
26245 0.000000 0.000000 0.000000 1.000000
26246 0.000000 0.000000 0.000000 1.000000
26247 0.000000 0.000000 0.000000 1.000000
26248 0.000000 0.000000 0.000000 1.000000
26249 0.000000 0.000000 0.000000 1.000000
26250 0.000000 0.000000 0.000000 1.000000
26251 0.000000 0.000000 0.000000 1.000000
26252 0.000000 0.000000 0.000000 1.000000
26258 0.000000 0.000000 0.000000 1.000000
26259 0.000000 0.000000 0.000000 1.000000
26260 0.000000 0.000000 0.000000 1.000000
26261 0.000000 0.000000 0.000000 1.000000
26262 0.000000 0.000000 0.000000 1.000000
26265 0.000000 0.000000 0.000000 1.000000
26270 0.000000 0.000000 0.000000 1.000000
26271 0.000000 0.000000 0.000000 1.000000
26272 0.000000 0.000000 0.000000 1.000000
26281 0.000000 0.000000 0.000000 1.000000
26311 0.000000 0.000000 0.000000 1.000000
26324 0.000000 0.000000 0.000000 1.000000
27031 0.000000 0.000000 0.000000 1.000000
27032 0.000000 0.000000 0.000000 1.000000
27033 0.000000 0.000000 0.000000 1.000000
27034 0.000000 0.000000 0.000000 1.000000
27035 0.000000 0.000000 0.000000 1.000000
27037 0.000000 0.000000 0.000000 1.000000
27038 0.000000 0.000000 0.000000 1.000000
27039 0.000000 0.000000 0.000000 1.000000
27040 0.000000 0.000000 0.000000 1.000000
27041 0.000000 0.000000 0.000000 1.000000
27042 0.000000 0.000000 0.000000 1.000000
27045 0.000000 0.000000 0.000000 1.000000
27046 0.000000 0.000000 0.000000 1.000000
27047 0.000000 0.000000 0.000000 1.000000
27055 0.000000 0.000000 0.000000 1.000000
27056 0.000000 0.000000 0.000000 1.000000
27057 0.000000 0.000000 0.000000 1.000000
27067 0.000000 0.000000 0.000000 1.000000
27068 0.000000 0.000000 0.000000 1.000000
27069 0.000000 0.000000 0.000000 1.000000
27070 0.000000 0.000000 0.000000 1.000000
27077 0.000000 0.000000 0.000000 1.000000
27078 0.000000 0.000000 0.000000 1.000000
27884 0.000000 0.000000 0.000000 1.000000
27885 0.000000 0.000000 0.000000 1.000000
27888 0.000000 0.000000 0.000000 1.000000
27889 0.000000 0.000000 0.000000 1.000000
27890 0.000000 0.000000 0.000000 1.000000
27891 0.000000 0.000000 0.000000 1.000000
27892 0.000000 0.000000 0.000000 1.000000
27893 0.000000 0.000000 0.000000 1.000000
27896 0.000000 0.000000 0.000000 1.000000
27897 0.000000 0.000000 0.000000 1.000000
27898 0.000000 0.000000 0.000000 1.000000
27901 0.000000 0.000000 0.000000 1.000000
27902 0.000000 0.000000 0.000000 1.000000
27903 0.000000 0.000000 0.000000 1.000000
27911 0.000000 0.000000 0.000000 1.000000
27912 0.000000 0.000000 0.000000 1.000000
27913 0.000000 0.000000 0.000000 1.000000
27925 0.000000 0.000000 0.000000 1.000000
27926 0.000000 0.000000 0.000000 1.000000
27927 0.000000 0.000000 0.000000 1.000000
27928 0.000000 0.000000 0.000000 1.000000
27938 0.000000 0.000000 0.000000 1.000000
27939 0.000000 0.000000 0.000000 1.000000
27940 0.000000 0.000000 0.000000 1.000000
27947 0.000000 0.000000 0.000000 1.000000
28829 0.000000 0.000000 0.000000 1.000000
28835 0.000000 0.000000 0.000000 1.000000
28836 0.000000 0.000000 0.000000 1.000000
28837 0.000000 0.000000 0.000000 1.000000
28838 0.000000 0.000000 0.000000 1.000000
28839 0.000000 0.000000 0.000000 1.000000
28840 0.000000 0.000000 0.000000 1.000000
28843 0.000000 0.000000 0.000000 1.000000
28844 0.000000 0.000000 0.000000 1.000000
28845 0.000000 0.000000 0.000000 1.000000
28848 0.000000 0.000000 0.000000 1.000000
28849 0.000000 0.000000 0.000000 1.000000
28850 0.000000 0.000000 0.000000 1.000000
28857 0.000000 0.000000 0.000000 1.000000
28858 0.000000 0.000000 0.000000 1.000000
28859 0.000000 0.000000 0.000000 1.000000
28860 0.000000 0.000000 0.000000 1.000000
28869 0.000000 0.000000 0.000000 1.000000
28870 0.000000 0.000000 0.000000 1.000000
28871 0.000000 0.000000 0.000000 1.000000
28872 0.000000 0.000000 0.000000 1.000000
28881 0.000000 0.000000 0.000000 1.000000
28882 0.000000 0.000000 0.000000 1.000000
28883 0.000000 0.000000 0.000000 1.000000
28884 0.000000 0.000000 0.000000 1.000000
28893 0.000000 0.000000 0.000000 1.000000
28894 0.000000 0.000000 0.000000 1.000000
29854 0.000000 0.000000 0.000000 1.000000
29855 0.000000 0.000000 0.000000 1.000000
29863 0.000000 0.000000 0.000000 1.000000
29864 0.000000 0.000000 0.000000 1.000000
29865 0.000000 0.000000 0.000000 1.000000
29866 0.000000 0.000000 0.000000 1.000000
29867 0.000000 0.000000 0.000000 1.000000
29868 0.000000 0.000000 0.000000 1.000000
29874 0.000000 0.000000 0.000000 1.000000
29875 0.000000 0.000000 0.000000 1.000000
29876 0.000000 0.000000 0.000000 1.000000
29877 0.000000 0.000000 0.000000 1.000000
29880 0.000000 0.000000 0.000000 1.000000
29881 0.000000 0.000000 0.000000 1.000000
29882 0.000000 0.000000 0.000000 1.000000
29889 0.000000 0.000000 0.000000 1.000000
29890 0.000000 0.000000 0.000000 1.000000
29891 0.000000 0.000000 0.000000 1.000000
29892 0.000000 0.000000 0.000000 1.000000
29899 0.000000 0.000000 0.000000 1.000000
29900 0.000000 0.000000 0.000000 1.000000
29901 0.000000 0.000000 0.000000 1.000000
29910 0.000000 0.000000 0.000000 1.000000
29911 0.000000 0.000000 0.000000 1.000000
29912 0.000000 0.000000 0.000000 1.000000
29913 0.000000 0.000000 0.000000 1.000000
29924 0.000000 0.000000 0.000000 1.000000
29925 0.000000 0.000000 0.000000 1.000000
29926 0.000000 0.000000 0.000000 1.000000
29936 0.000000 0.000000 0.000000 1.000000
30977 0.000000 0.000000 0.000000 1.000000
30978 0.000000 0.000000 0.000000 1.000000
30979 0.000000 0.000000 0.000000 1.000000
30988 0.000000 0.000000 0.000000 1.000000
30989 0.000000 0.000000 0.000000 1.000000
30990 0.000000 0.000000 0.000000 1.000000
30991 0.000000 0.000000 0.000000 1.000000
30992 0.000000 0.000000 0.000000 1.000000
30993 0.000000 0.000000 0.000000 1.000000
31002 0.000000 0.000000 0.000000 1.000000
31003 0.000000 0.000000 0.000000 1.000000
31004 0.000000 0.000000 0.000000 1.000000
31005 0.000000 0.000000 0.000000 1.000000
31011 0.000000 0.000000 0.000000 1.000000
31012 0.000000 0.000000 0.000000 1.000000
31013 0.000000 0.000000 0.000000 1.000000
31023 0.000000 0.000000 0.000000 1.000000
31024 0.000000 0.000000 0.000000 1.000000
31025 0.000000 0.000000 0.000000 1.000000
31026 0.000000 0.000000 0.000000 1.000000
31033 0.000000 0.000000 0.000000 1.000000
31034 0.000000 0.000000 0.000000 1.000000
31035 0.000000 0.000000 0.000000 1.000000
31043 0.000000 0.000000 0.000000 1.000000
31044 0.000000 0.000000 0.000000 1.000000
31045 0.000000 0.000000 0.000000 1.000000
31046 0.000000 0.000000 0.000000 1.000000
31055 0.000000 0.000000 0.000000 1.000000
31056 0.000000 0.000000 0.000000 1.000000
31057 0.000000 0.000000 0.000000 1.000000
31058 0.000000 0.000000 0.000000 1.000000
31061 0.000000 0.000000 0.000000 1.000000
31062 0.000000 0.000000 0.000000 1.000000
32080 0.000000 0.000000 0.000000 1.000000
32081 0.000000 0.000000 0.000000 1.000000
32082 0.000000 0.000000 0.000000 1.000000
32083 0.000000 0.000000 0.000000 1.000000
32089 0.000000 0.000000 0.000000 1.000000
32090 0.000000 0.000000 0.000000 1.000000
32091 0.000000 0.000000 0.000000 1.000000
32092 0.000000 0.000000 0.000000 1.000000
32093 0.000000 0.000000 0.000000 1.000000
32094 0.000000 0.000000 0.000000 1.000000
32103 0.000000 0.000000 0.000000 1.000000
32104 0.000000 0.000000 0.000000 1.000000
32105 0.000000 0.000000 0.000000 1.000000
32106 0.000000 0.000000 0.000000 1.000000
32119 0.000000 0.000000 0.000000 1.000000
32120 0.000000 0.000000 0.000000 1.000000
32121 0.000000 0.000000 0.000000 1.000000
32134 0.000000 0.000000 0.000000 1.000000
32135 0.000000 0.000000 0.000000 1.000000
32136 0.000000 0.000000 0.000000 1.000000
32137 0.000000 0.000000 0.000000 1.000000
32143 0.000000 0.000000 0.000000 1.000000
32144 0.000000 0.000000 0.000000 1.000000
32151 0.000000 0.000000 0.000000 1.000000
32152 0.000000 0.000000 0.000000 1.000000
32159 0.000000 0.000000 0.000000 1.000000
32160 0.000000 0.000000 0.000000 1.000000
32161 0.000000 0.000000 0.000000 1.000000
32163 0.000000 0.000000 0.000000 1.000000
33107 0.000000 0.000000 0.000000 1.000000
33108 0.000000 0.000000 0.000000 1.000000
33109 0.000000 0.000000 0.000000 1.000000
33110 0.000000 0.000000 0.000000 1.000000
33118 0.000000 0.000000 0.000000 1.000000
33119 0.000000 0.000000 0.000000 1.000000
33120 0.000000 0.000000 0.000000 1.000000
33121 0.000000 0.000000 0.000000 1.000000
33122 0.000000 0.000000 0.000000 1.000000
33135 0.000000 0.000000 0.000000 1.000000
33136 0.000000 0.000000 0.000000 1.000000
33137 0.000000 0.000000 0.000000 1.000000
33150 0.000000 0.000000 0.000000 1.000000
33151 0.000000 0.000000 0.000000 1.000000
33152 0.000000 0.000000 0.000000 1.000000
33167 0.000000 0.000000 0.000000 1.000000
33168 0.000000 0.000000 0.000000 1.000000
33169 0.000000 0.000000 0.000000 1.000000
33170 0.000000 0.000000 0.000000 1.000000
33171 0.000000 0.000000 0.000000 1.000000
33185 0.000000 0.000000 0.000000 1.000000
33186 0.000000 0.000000 0.000000 1.000000
33187 0.000000 0.000000 0.000000 1.000000
33188 0.000000 0.000000 0.000000 1.000000
33198 0.000000 0.000000 0.000000 1.000000
33199 0.000000 0.000000 0.000000 1.000000
33205 0.000000 0.000000 0.000000 1.000000
33206 0.000000 0.000000 0.000000 1.000000
33207 0.000000 0.000000 0.000000 1.000000
33209 0.000000 0.000000 0.000000 1.000000
34120 0.000000 0.000000 0.000000 1.000000
34121 0.000000 0.000000 0.000000 1.000000
34122 0.000000 0.000000 0.000000 1.000000
34123 0.000000 0.000000 0.000000 1.000000
34133 0.000000 0.000000 0.000000 1.000000
34134 0.000000 0.000000 0.000000 1.000000
34135 0.000000 0.000000 0.000000 1.000000
34136 0.000000 0.000000 0.000000 1.000000
34137 0.000000 0.000000 0.000000 1.000000
34151 0.000000 0.000000 0.000000 1.000000
34152 0.000000 0.000000 0.000000 1.000000
34153 0.000000 0.000000 0.000000 1.000000
34154 0.000000 0.000000 0.000000 1.000000
34168 0.000000 0.000000 0.000000 1.000000
34169 0.000000 0.000000 0.000000 1.000000
34170 0.000000 0.000000 0.000000 1.000000
34183 0.000000 0.000000 0.000000 1.000000
34184 0.000000 0.000000 0.000000 1.000000
34185 0.000000 0.000000 0.000000 1.000000
34186 0.000000 0.000000 0.000000 1.000000
34201 0.000000 0.000000 0.000000 1.000000
34202 0.000000 0.000000 0.000000 1.000000
34203 0.000000 0.000000 0.000000 1.000000
34204 0.000000 0.000000 0.000000 1.000000
34205 0.000000 0.000000 0.000000 1.000000
34206 0.000000 0.000000 0.000000 1.000000
34218 0.000000 0.000000 0.000000 1.000000
34219 0.000000 0.000000 0.000000 1.000000
34220 0.000000 0.000000 0.000000 1.000000
34221 0.000000 0.000000 0.000000 1.000000
34227 0.000000 0.000000 0.000000 1.000000
34228 0.000000 0.000000 0.000000 1.000000
34229 0.000000 0.000000 0.000000 1.000000
34232 0.000000 0.000000 0.000000 1.000000
34233 0.000000 0.000000 0.000000 1.000000
35155 0.000000 0.000000 0.000000 1.000000
35156 0.000000 0.000000 0.000000 1.000000
35157 0.000000 0.000000 0.000000 1.000000
35164 0.000000 0.000000 0.000000 1.000000
35165 0.000000 0.000000 0.000000 1.000000
35166 0.000000 0.000000 0.000000 1.000000
35167 0.000000 0.000000 0.000000 1.000000
35168 0.000000 0.000000 0.000000 1.000000
35174 0.000000 0.000000 0.000000 1.000000
35175 0.000000 0.000000 0.000000 1.000000
35176 0.000000 0.000000 0.000000 1.000000
35177 0.000000 0.000000 0.000000 1.000000
35187 0.000000 0.000000 0.000000 1.000000
35188 0.000000 0.000000 0.000000 1.000000
35189 0.000000 0.000000 0.000000 1.000000
35199 0.000000 0.000000 0.000000 1.000000
35200 0.000000 0.000000 0.000000 1.000000
35209 0.000000 0.000000 0.000000 1.000000
35210 0.000000 0.000000 0.000000 1.000000
35211 0.000000 0.000000 0.000000 1.000000
35212 0.000000 0.000000 0.000000 1.000000
35220 0.000000 0.000000 0.000000 1.000000
35221 0.000000 0.000000 0.000000 1.000000
35222 0.000000 0.000000 0.000000 1.000000
35223 0.000000 0.000000 0.000000 1.000000
35224 0.000000 0.000000 0.000000 1.000000
35233 0.000000 0.000000 0.000000 1.000000
35234 0.000000 0.000000 0.000000 1.000000
35235 0.000000 0.000000 0.000000 1.000000
35236 0.000000 0.000000 0.000000 1.000000
35237 0.000000 0.000000 0.000000 1.000000
35244 0.000000 0.000000 0.000000 1.000000
35245 0.000000 0.000000 0.000000 1.000000
35246 0.000000 0.000000 0.000000 1.000000
35247 0.000000 0.000000 0.000000 1.000000
35249 0.000000 0.000000 0.000000 1.000000
35250 0.000000 0.000000 0.000000 1.000000
36056 0.000000 0.000000 0.000000 1.000000
36057 0.000000 0.000000 0.000000 1.000000
36058 0.000000 0.000000 0.000000 1.000000
36059 0.000000 0.000000 0.000000 1.000000
36060 0.000000 0.000000 0.000000 1.000000
36067 0.000000 0.000000 0.000000 1.000000
36068 0.000000 0.000000 0.000000 1.000000
36069 0.000000 0.000000 0.000000 1.000000
36070 0.000000 0.000000 0.000000 1.000000
36078 0.000000 0.000000 0.000000 1.000000
36079 0.000000 0.000000 0.000000 1.000000
36085 0.000000 0.000000 0.000000 1.000000
36093 0.000000 0.000000 0.000000 1.000000
36094 0.000000 0.000000 0.000000 1.000000
36102 0.000000 0.000000 0.000000 1.000000
36103 0.000000 0.000000 0.000000 1.000000
36104 0.000000 0.000000 0.000000 1.000000
36114 0.000000 0.000000 0.000000 1.000000
36115 0.000000 0.000000 0.000000 1.000000
36116 0.000000 0.000000 0.000000 1.000000
36117 0.000000 0.000000 0.000000 1.000000
36118 0.000000 0.000000 0.000000 1.000000
36129 0.000000 0.000000 0.000000 1.000000
36130 0.000000 0.000000 0.000000 1.000000
36131 0.000000 0.000000 0.000000 1.000000
36132 0.000000 0.000000 0.000000 1.000000
36133 0.000000 0.000000 0.000000 1.000000
36136 0.000000 0.000000 0.000000 1.000000
36137 0.000000 0.000000 0.000000 1.000000
36138 0.000000 0.000000 0.000000 1.000000
36139 0.000000 0.000000 0.000000 1.000000
36140 0.000000 0.000000 0.000000 1.000000
36142 0.000000 0.000000 0.000000 1.000000
36143 0.000000 0.000000 0.000000 1.000000
36144 0.000000 0.000000 0.000000 1.000000
36147 0.000000 0.000000 0.000000 1.000000
36929 0.000000 0.000000 0.000000 1.000000
36930 0.000000 0.000000 0.000000 1.000000
36931 0.000000 0.000000 0.000000 1.000000
36932 0.000000 0.000000 0.000000 1.000000
36933 0.000000 0.000000 0.000000 1.000000
36934 0.000000 0.000000 0.000000 1.000000
36940 0.000000 0.000000 0.000000 1.000000
36941 0.000000 0.000000 0.000000 1.000000
36942 0.000000 0.000000 0.000000 1.000000
36943 0.000000 0.000000 0.000000 1.000000
36952 0.000000 0.000000 0.000000 1.000000
36953 0.000000 0.000000 0.000000 1.000000
36961 0.000000 0.000000 0.000000 1.000000
36969 0.000000 0.000000 0.000000 1.000000
36978 0.000000 0.000000 0.000000 1.000000
36990 0.000000 0.000000 0.000000 1.000000
36991 0.000000 0.000000 0.000000 1.000000
37007 0.000000 0.000000 0.000000 1.000000
37008 0.000000 0.000000 0.000000 1.000000
37009 0.000000 0.000000 0.000000 1.000000
37021 0.000000 0.000000 0.000000 1.000000
37022 0.000000 0.000000 0.000000 1.000000
37023 0.000000 0.000000 0.000000 1.000000
37024 0.000000 0.000000 0.000000 1.000000
37030 0.000000 0.000000 0.000000 1.000000
37031 0.000000 0.000000 0.000000 1.000000
37032 0.000000 0.000000 0.000000 1.000000
37033 0.000000 0.000000 0.000000 1.000000
37824 0.000000 0.000000 0.000000 1.000000
37825 0.000000 0.000000 0.000000 1.000000
37826 0.000000 0.000000 0.000000 1.000000
37827 0.000000 0.000000 0.000000 1.000000
37828 0.000000 0.000000 0.000000 1.000000
37829 0.000000 0.000000 0.000000 1.000000
37836 0.000000 0.000000 0.000000 1.000000
37837 0.000000 0.000000 0.000000 1.000000
37838 0.000000 0.000000 0.000000 1.000000
37839 0.000000 0.000000 0.000000 1.000000
37849 0.000000 0.000000 0.000000 1.000000
37859 0.000000 0.000000 0.000000 1.000000
37869 0.000000 0.000000 0.000000 1.000000
37880 0.000000 0.000000 0.000000 1.000000
37890 0.000000 0.000000 0.000000 1.000000
37902 0.000000 0.000000 0.000000 1.000000
37903 0.000000 0.000000 0.000000 1.000000
37916 0.000000 0.000000 0.000000 1.000000
37917 0.000000 0.000000 0.000000 1.000000
37918 0.000000 0.000000 0.000000 1.000000
37932 0.000000 0.000000 0.000000 1.000000
37933 0.000000 0.000000 0.000000 1.000000
37934 0.000000 0.000000 0.000000 1.000000
37935 0.000000 0.000000 0.000000 1.000000
37946 0.000000 0.000000 0.000000 1.000000
38791 0.000000 0.000000 0.000000 1.000000
38792 0.000000 0.000000 0.000000 1.000000
38796 0.000000 0.000000 0.000000 1.000000
38801 0.000000 0.000000 0.000000 1.000000
38802 0.000000 0.000000 0.000000 1.000000
38810 0.000000 0.000000 0.000000 1.000000
38817 0.000000 0.000000 0.000000 1.000000
38825 0.000000 0.000000 0.000000 1.000000
38835 0.000000 0.000000 0.000000 1.000000
38846 0.000000 0.000000 0.000000 1.000000
38856 0.000000 0.000000 0.000000 1.000000
38857 0.000000 0.000000 0.000000 1.000000
38858 0.000000 0.000000 0.000000 1.000000
38859 0.000000 0.000000 0.000000 1.000000
38872 0.000000 0.000000 0.000000 1.000000
38873 0.000000 0.000000 0.000000 1.000000
38874 0.000000 0.000000 0.000000 1.000000
38875 0.000000 0.000000 0.000000 1.000000
38888 0.000000 0.000000 0.000000 1.000000
38889 0.000000 0.000000 0.000000 1.000000
38890 0.000000 0.000000 0.000000 1.000000
38902 0.000000 0.000000 0.000000 1.000000
38903 0.000000 0.000000 0.000000 1.000000
38904 0.000000 0.000000 0.000000 1.000000
38905 0.000000 0.000000 0.000000 1.000000
38915 0.000000 0.000000 0.000000 1.000000
38916 0.000000 0.000000 0.000000 1.000000
39738 0.000000 0.000000 0.000000 1.000000
39745 0.000000 0.000000 0.000000 1.000000
39752 0.000000 0.000000 0.000000 1.000000
39761 0.000000 0.000000 0.000000 1.000000
39762 0.000000 0.000000 0.000000 1.000000
39772 0.000000 0.000000 0.000000 1.000000
39773 0.000000 0.000000 0.000000 1.000000
39774 0.000000 0.000000 0.000000 1.000000
39775 0.000000 0.000000 0.000000 1.000000
39786 0.000000 0.000000 0.000000 1.000000
39787 0.000000 0.000000 0.000000 1.000000
39788 0.000000 0.000000 0.000000 1.000000
39789 0.000000 0.000000 0.000000 1.000000
39790 0.000000 0.000000 0.000000 1.000000
39798 0.000000 0.000000 0.000000 1.000000
39799 0.000000 0.000000 0.000000 1.000000
39800 0.000000 0.000000 0.000000 1.000000
39801 0.000000 0.000000 0.000000 1.000000
39802 0.000000 0.000000 0.000000 1.000000
39812 0.000000 0.000000 0.000000 1.000000
39813 0.000000 0.000000 0.000000 1.000000
39814 0.000000 0.000000 0.000000 1.000000
39815 0.000000 0.000000 0.000000 1.000000
39816 0.000000 0.000000 0.000000 1.000000
39827 0.000000 0.000000 0.000000 1.000000
39828 0.000000 0.000000 0.000000 1.000000
39829 0.000000 0.000000 0.000000 1.000000
39830 0.000000 0.000000 0.000000 1.000000
39831 0.000000 0.000000 0.000000 1.000000
39844 0.000000 0.000000 0.000000 1.000000
39845 0.000000 0.000000 0.000000 1.000000
39846 0.000000 0.000000 0.000000 1.000000
39847 0.000000 0.000000 0.000000 1.000000
39854 0.000000 0.000000 0.000000 1.000000
39855 0.000000 0.000000 0.000000 1.000000
39856 0.000000 0.000000 0.000000 1.000000
39857 0.000000 0.000000 0.000000 1.000000
39866 0.000000 0.000000 0.000000 1.000000
40725 0.000000 0.000000 0.000000 1.000000
40729 0.000000 0.000000 0.000000 1.000000
40730 0.000000 0.000000 0.000000 1.000000
40739 0.000000 0.000000 0.000000 1.000000
40740 0.000000 0.000000 0.000000 1.000000
40741 0.000000 0.000000 0.000000 1.000000
40750 0.000000 0.000000 0.000000 1.000000
40751 0.000000 0.000000 0.000000 1.000000
40752 0.000000 0.000000 0.000000 1.000000
40753 0.000000 0.000000 0.000000 1.000000
40762 0.000000 0.000000 0.000000 1.000000
40763 0.000000 0.000000 0.000000 1.000000
40764 0.000000 0.000000 0.000000 1.000000
40765 0.000000 0.000000 0.000000 1.000000
40774 0.000000 0.000000 0.000000 1.000000
40775 0.000000 0.000000 0.000000 1.000000
40776 0.000000 0.000000 0.000000 1.000000
40784 0.000000 0.000000 0.000000 1.000000
40785 0.000000 0.000000 0.000000 1.000000
40786 0.000000 0.000000 0.000000 1.000000
40795 0.000000 0.000000 0.000000 1.000000
40796 0.000000 0.000000 0.000000 1.000000
40797 0.000000 0.000000 0.000000 1.000000
41678 0.000000 0.000000 0.000000 1.000000
41689 0.000000 0.000000 0.000000 1.000000
