#
1554
50496 0.000000 0.000000 0.000000 1.000000
50497 0.000000 0.000000 0.000000 1.000000
50498 0.000000 0.000000 0.000000 1.000000
50502 0.000000 0.000000 0.000000 1.000000
50503 0.000000 0.000000 0.000000 1.000000
50504 0.000000 0.000000 0.000000 1.000000
50505 0.000000 0.000000 0.000000 1.000000
50512 0.000000 0.000000 0.000000 1.000000
50513 0.000000 0.000000 0.000000 1.000000
50514 0.000000 0.000000 0.000000 1.000000
50515 0.000000 0.000000 0.000000 1.000000
50519 0.000000 0.000000 0.000000 1.000000
50520 0.000000 0.000000 0.000000 1.000000
50524 0.000000 0.000000 0.000000 1.000000
50525 0.000000 0.000000 0.000000 1.000000
50526 0.000000 0.000000 0.000000 1.000000
50527 0.000000 0.000000 0.000000 1.000000
50533 0.000000 0.000000 0.000000 1.000000
50534 0.000000 0.000000 0.000000 1.000000
50535 0.000000 0.000000 0.000000 1.000000
50536 0.000000 0.000000 0.000000 1.000000
50537 0.000000 0.000000 0.000000 1.000000
50538 0.000000 0.000000 0.000000 1.000000
50539 0.000000 0.000000 0.000000 1.000000
50550 0.000000 0.000000 0.000000 1.000000
50551 0.000000 0.000000 0.000000 1.000000
50552 0.000000 0.000000 0.000000 1.000000
50553 0.000000 0.000000 0.000000 1.000000
50554 0.000000 0.000000 0.000000 1.000000
50555 0.000000 0.000000 0.000000 1.000000
50556 0.000000 0.000000 0.000000 1.000000
50557 0.000000 0.000000 0.000000 1.000000
50558 0.000000 0.000000 0.000000 1.000000
50565 0.000000 0.000000 0.000000 1.000000
50566 0.000000 0.000000 0.000000 1.000000
50567 0.000000 0.000000 0.000000 1.000000
50568 0.000000 0.000000 0.000000 1.000000
50569 0.000000 0.000000 0.000000 1.000000
50570 0.000000 0.000000 0.000000 1.000000
50571 0.000000 0.000000 0.000000 1.000000
50572 0.000000 0.000000 0.000000 1.000000
50573 0.000000 0.000000 0.000000 1.000000
50574 0.000000 0.000000 0.000000 1.000000
50575 0.000000 0.000000 0.000000 1.000000
50579 0.000000 0.000000 0.000000 1.000000
50580 0.000000 0.000000 0.000000 1.000000
50581 0.000000 0.000000 0.000000 1.000000
50582 0.000000 0.000000 0.000000 1.000000
50583 0.000000 0.000000 0.000000 1.000000
50584 0.000000 0.000000 0.000000 1.000000
50585 0.000000 0.000000 0.000000 1.000000
50586 0.000000 0.000000 0.000000 1.000000
50587 0.000000 0.000000 0.000000 1.000000
50588 0.000000 0.000000 0.000000 1.000000
50589 0.000000 0.000000 0.000000 1.000000
50590 0.000000 0.000000 0.000000 1.000000
50594 0.000000 0.000000 0.000000 1.000000
50595 0.000000 0.000000 0.000000 1.000000
50596 0.000000 0.000000 0.000000 1.000000
50597 0.000000 0.000000 0.000000 1.000000
50598 0.000000 0.000000 0.000000 1.000000
50599 0.000000 0.000000 0.000000 1.000000
50600 0.000000 0.000000 0.000000 1.000000
50601 0.000000 0.000000 0.000000 1.000000
50602 0.000000 0.000000 0.000000 1.000000
50603 0.000000 0.000000 0.000000 1.000000
50607 0.000000 0.000000 0.000000 1.000000
50608 0.000000 0.000000 0.000000 1.000000
50609 0.000000 0.000000 0.000000 1.000000
50610 0.000000 0.000000 0.000000 1.000000
50611 0.000000 0.000000 0.000000 1.000000
50612 0.000000 0.000000 0.000000 1.000000
50613 0.000000 0.000000 0.000000 1.000000
50614 0.000000 0.000000 0.000000 1.000000
50615 0.000000 0.000000 0.000000 1.000000
50619 0.000000 0.000000 0.000000 1.000000
50620 0.000000 0.000000 0.000000 1.000000
50621 0.000000 0.000000 0.000000 1.000000
50622 0.000000 0.000000 0.000000 1.000000
50623 0.000000 0.000000 0.000000 1.000000
50624 0.000000 0.000000 0.000000 1.000000
50625 0.000000 0.000000 0.000000 1.000000
50626 0.000000 0.000000 0.000000 1.000000
50631 0.000000 0.000000 0.000000 1.000000
50632 0.000000 0.000000 0.000000 1.000000
50633 0.000000 0.000000 0.000000 1.000000
50634 0.000000 0.000000 0.000000 1.000000
50635 0.000000 0.000000 0.000000 1.000000
50636 0.000000 0.000000 0.000000 1.000000
50641 0.000000 0.000000 0.000000 1.000000
50642 0.000000 0.000000 0.000000 1.000000
50643 0.000000 0.000000 0.000000 1.000000
50644 0.000000 0.000000 0.000000 1.000000
51678 0.000000 0.000000 0.000000 1.000000
51679 0.000000 0.000000 0.000000 1.000000
51680 0.000000 0.000000 0.000000 1.000000
51681 0.000000 0.000000 0.000000 1.000000
51682 0.000000 0.000000 0.000000 1.000000
51683 0.000000 0.000000 0.000000 1.000000
51689 0.000000 0.000000 0.000000 1.000000
51690 0.000000 0.000000 0.000000 1.000000
51691 0.000000 0.000000 0.000000 1.000000
51692 0.000000 0.000000 0.000000 1.000000
51693 0.000000 0.000000 0.000000 1.000000
51694 0.000000 0.000000 0.000000 1.000000
51695 0.000000 0.000000 0.000000 1.000000
51696 0.000000 0.000000 0.000000 1.000000
51704 0.000000 0.000000 0.000000 1.000000
51705 0.000000 0.000000 0.000000 1.000000
51706 0.000000 0.000000 0.000000 1.000000
51707 0.000000 0.000000 0.000000 1.000000
51708 0.000000 0.000000 0.000000 1.000000
51709 0.000000 0.000000 0.000000 1.000000
51710 0.000000 0.000000 0.000000 1.000000
51711 0.000000 0.000000 0.000000 1.000000
51717 0.000000 0.000000 0.000000 1.000000
51718 0.000000 0.000000 0.000000 1.000000
51719 0.000000 0.000000 0.000000 1.000000
51720 0.000000 0.000000 0.000000 1.000000
51721 0.000000 0.000000 0.000000 1.000000
51722 0.000000 0.000000 0.000000 1.000000
51723 0.000000 0.000000 0.000000 1.000000
51724 0.000000 0.000000 0.000000 1.000000
51725 0.000000 0.000000 0.000000 1.000000
51726 0.000000 0.000000 0.000000 1.000000
51734 0.000000 0.000000 0.000000 1.000000
51735 0.000000 0.000000 0.000000 1.000000
51736 0.000000 0.000000 0.000000 1.000000
51737 0.000000 0.000000 0.000000 1.000000
51738 0.000000 0.000000 0.000000 1.000000
51739 0.000000 0.000000 0.000000 1.000000
51740 0.000000 0.000000 0.000000 1.000000
51741 0.000000 0.000000 0.000000 1.000000
51742 0.000000 0.000000 0.000000 1.000000
51743 0.000000 0.000000 0.000000 1.000000
51752 0.000000 0.000000 0.000000 1.000000
51753 0.000000 0.000000 0.000000 1.000000
51754 0.000000 0.000000 0.000000 1.000000
51755 0.000000 0.000000 0.000000 1.000000
51756 0.000000 0.000000 0.000000 1.000000
51757 0.000000 0.000000 0.000000 1.000000
51758 0.000000 0.000000 0.000000 1.000000
51759 0.000000 0.000000 0.000000 1.000000
51760 0.000000 0.000000 0.000000 1.000000
51761 0.000000 0.000000 0.000000 1.000000
51762 0.000000 0.000000 0.000000 1.000000
51763 0.000000 0.000000 0.000000 1.000000
51764 0.000000 0.000000 0.000000 1.000000
51765 0.000000 0.000000 0.000000 1.000000
51766 0.000000 0.000000 0.000000 1.000000
51770 0.000000 0.000000 0.000000 1.000000
51771 0.000000 0.000000 0.000000 1.000000
51772 0.000000 0.000000 0.000000 1.000000
51773 0.000000 0.000000 0.000000 1.000000
51774 0.000000 0.000000 0.000000 1.000000
51775 0.000000 0.000000 0.000000 1.000000
51776 0.000000 0.000000 0.000000 1.000000
51777 0.000000 0.000000 0.000000 1.000000
51778 0.000000 0.000000 0.000000 1.000000
51779 0.000000 0.000000 0.000000 1.000000
51780 0.000000 0.000000 0.000000 1.000000
51781 0.000000 0.000000 0.000000 1.000000
51782 0.000000 0.000000 0.000000 1.000000
51783 0.000000 0.000000 0.000000 1.000000
51784 0.000000 0.000000 0.000000 1.000000
51785 0.000000 0.000000 0.000000 1.000000
51786 0.000000 0.000000 0.000000 1.000000
51792 0.000000 0.000000 0.000000 1.000000
51793 0.000000 0.000000 0.000000 1.000000
51794 0.000000 0.000000 0.000000 1.000000
51795 0.000000 0.000000 0.000000 1.000000
51796 0.000000 0.000000 0.000000 1.000000
51797 0.000000 0.000000 0.000000 1.000000
51798 0.000000 0.000000 0.000000 1.000000
51799 0.000000 0.000000 0.000000 1.000000
51800 0.000000 0.000000 0.000000 1.000000
51801 0.000000 0.000000 0.000000 1.000000
51802 0.000000 0.000000 0.000000 1.000000
51803 0.000000 0.000000 0.000000 1.000000
51804 0.000000 0.000000 0.000000 1.000000
51805 0.000000 0.000000 0.000000 1.000000
51806 0.000000 0.000000 0.000000 1.000000
51807 0.000000 0.000000 0.000000 1.000000
51808 0.000000 0.000000 0.000000 1.000000
51809 0.000000 0.000000 0.000000 1.000000
51810 0.000000 0.000000 0.000000 1.000000
51817 0.000000 0.000000 0.000000 1.000000
51818 0.000000 0.000000 0.000000 1.000000
51819 0.000000 0.000000 0.000000 1.000000
51820 0.000000 0.000000 0.000000 1.000000
51821 0.000000 0.000000 0.000000 1.000000
51822 0.000000 0.000000 0.000000 1.000000
51823 0.000000 0.000000 0.000000 1.000000
51824 0.000000 0.000000 0.000000 1.000000
51825 0.000000 0.000000 0.000000 1.000000
51826 0.000000 0.000000 0.000000 1.000000
51827 0.000000 0.000000 0.000000 1.000000
51828 0.000000 0.000000 0.000000 1.000000
51829 0.000000 0.000000 0.000000 1.000000
51830 0.000000 0.000000 0.000000 1.000000
51831 0.000000 0.000000 0.000000 1.000000
51832 0.000000 0.000000 0.000000 1.000000
51833 0.000000 0.000000 0.000000 1.000000
51834 0.000000 0.000000 0.000000 1.000000
51835 0.000000 0.000000 0.000000 1.000000
51846 0.000000 0.000000 0.000000 1.000000
51847 0.000000 0.000000 0.000000 1.000000
51848 0.000000 0.000000 0.000000 1.000000
51849 0.000000 0.000000 0.000000 1.000000
51850 0.000000 0.000000 0.000000 1.000000
51851 0.000000 0.000000 0.000000 1.000000
51852 0.000000 0.000000 0.000000 1.000000
51853 0.000000 0.000000 0.000000 1.000000
51854 0.000000 0.000000 0.000000 1.000000
51855 0.000000 0.000000 0.000000 1.000000
51856 0.000000 0.000000 0.000000 1.000000
51857 0.000000 0.000000 0.000000 1.000000
51858 0.000000 0.000000 0.000000 1.000000
51859 0.000000 0.000000 0.000000 1.000000
51860 0.000000 0.000000 0.000000 1.000000
51861 0.000000 0.000000 0.000000 1.000000
51864 0.000000 0.000000 0.000000 1.000000
51865 0.000000 0.000000 0.000000 1.000000
51866 0.000000 0.000000 0.000000 1.000000
51867 0.000000 0.000000 0.000000 1.000000
51868 0.000000 0.000000 0.000000 1.000000
51869 0.000000 0.000000 0.000000 1.000000
51870 0.000000 0.000000 0.000000 1.000000
51871 0.000000 0.000000 0.000000 1.000000
51872 0.000000 0.000000 0.000000 1.000000
51873 0.000000 0.000000 0.000000 1.000000
51874 0.000000 0.000000 0.000000 1.000000
51875 0.000000 0.000000 0.000000 1.000000
51876 0.000000 0.000000 0.000000 1.000000
51877 0.000000 0.000000 0.000000 1.000000
51878 0.000000 0.000000 0.000000 1.000000
51879 0.000000 0.000000 0.000000 1.000000
51882 0.000000 0.000000 0.000000 1.000000
51883 0.000000 0.000000 0.000000 1.000000
51884 0.000000 0.000000 0.000000 1.000000
51885 0.000000 0.000000 0.000000 1.000000
51886 0.000000 0.000000 0.000000 1.000000
51887 0.000000 0.000000 0.000000 1.000000
51888 0.000000 0.000000 0.000000 1.000000
51889 0.000000 0.000000 0.000000 1.000000
51890 0.000000 0.000000 0.000000 1.000000
51891 0.000000 0.000000 0.000000 1.000000
51892 0.000000 0.000000 0.000000 1.000000
51893 0.000000 0.000000 0.000000 1.000000
51894 0.000000 0.000000 0.000000 1.000000
51897 0.000000 0.000000 0.000000 1.000000
51898 0.000000 0.000000 0.000000 1.000000
51904 0.000000 0.000000 0.000000 1.000000
51905 0.000000 0.000000 0.000000 1.000000
51906 0.000000 0.000000 0.000000 1.000000
51907 0.000000 0.000000 0.000000 1.000000
51908 0.000000 0.000000 0.000000 1.000000
51909 0.000000 0.000000 0.000000 1.000000
51910 0.000000 0.000000 0.000000 1.000000
51921 0.000000 0.000000 0.000000 1.000000
51922 0.000000 0.000000 0.000000 1.000000
51923 0.000000 0.000000 0.000000 1.000000
51924 0.000000 0.000000 0.000000 1.000000
51925 0.000000 0.000000 0.000000 1.000000
51926 0.000000 0.000000 0.000000 1.000000
51927 0.000000 0.000000 0.000000 1.000000
51941 0.000000 0.000000 0.000000 1.000000
51942 0.000000 0.000000 0.000000 1.000000
51943 0.000000 0.000000 0.000000 1.000000
51956 0.000000 0.000000 0.000000 1.000000
51957 0.000000 0.000000 0.000000 1.000000
51958 0.000000 0.000000 0.000000 1.000000
51959 0.000000 0.000000 0.000000 1.000000
51976 0.000000 0.000000 0.000000 1.000000
51977 0.000000 0.000000 0.000000 1.000000
51978 0.000000 0.000000 0.000000 1.000000
51979 0.000000 0.000000 0.000000 1.000000
51980 0.000000 0.000000 0.000000 1.000000
51997 0.000000 0.000000 0.000000 1.000000
51998 0.000000 0.000000 0.000000 1.000000
51999 0.000000 0.000000 0.000000 1.000000
52013 0.000000 0.000000 0.000000 1.000000
53093 0.000000 0.000000 0.000000 1.000000
53104 0.000000 0.000000 0.000000 1.000000
53105 0.000000 0.000000 0.000000 1.000000
53106 0.000000 0.000000 0.000000 1.000000
53107 0.000000 0.000000 0.000000 1.000000
53108 0.000000 0.000000 0.000000 1.000000
53118 0.000000 0.000000 0.000000 1.000000
53119 0.000000 0.000000 0.000000 1.000000
53120 0.000000 0.000000 0.000000 1.000000
53121 0.000000 0.000000 0.000000 1.000000
53122 0.000000 0.000000 0.000000 1.000000
53123 0.000000 0.000000 0.000000 1.000000
53124 0.000000 0.000000 0.000000 1.000000
53133 0.000000 0.000000 0.000000 1.000000
53134 0.000000 0.000000 0.000000 1.000000
53135 0.000000 0.000000 0.000000 1.000000
53136 0.000000 0.000000 0.000000 1.000000
53137 0.000000 0.000000 0.000000 1.000000
53145 0.000000 0.000000 0.000000 1.000000
53146 0.000000 0.000000 0.000000 1.000000
53147 0.000000 0.000000 0.000000 1.000000
53148 0.000000 0.000000 0.000000 1.000000
53155 0.000000 0.000000 0.000000 1.000000
53156 0.000000 0.000000 0.000000 1.000000
53157 0.000000 0.000000 0.000000 1.000000
53158 0.000000 0.000000 0.000000 1.000000
53168 0.000000 0.000000 0.000000 1.000000
53169 0.000000 0.000000 0.000000 1.000000
53170 0.000000 0.000000 0.000000 1.000000
53171 0.000000 0.000000 0.000000 1.000000
53178 0.000000 0.000000 0.000000 1.000000
53179 0.000000 0.000000 0.000000 1.000000
53180 0.000000 0.000000 0.000000 1.000000
53181 0.000000 0.000000 0.000000 1.000000
53182 0.000000 0.000000 0.000000 1.000000
53183 0.000000 0.000000 0.000000 1.000000
53190 0.000000 0.000000 0.000000 1.000000
53191 0.000000 0.000000 0.000000 1.000000
53192 0.000000 0.000000 0.000000 1.000000
53193 0.000000 0.000000 0.000000 1.000000
53201 0.000000 0.000000 0.000000 1.000000
53202 0.000000 0.000000 0.000000 1.000000
53203 0.000000 0.000000 0.000000 1.000000
53204 0.000000 0.000000 0.000000 1.000000
53214 0.000000 0.000000 0.000000 1.000000
53215 0.000000 0.000000 0.000000 1.000000
53216 0.000000 0.000000 0.000000 1.000000
53228 0.000000 0.000000 0.000000 1.000000
53229 0.000000 0.000000 0.000000 1.000000
53230 0.000000 0.000000 0.000000 1.000000
53236 0.000000 0.000000 0.000000 1.000000
53237 0.000000 0.000000 0.000000 1.000000
53238 0.000000 0.000000 0.000000 1.000000
53239 0.000000 0.000000 0.000000 1.000000
53240 0.000000 0.000000 0.000000 1.000000
53241 0.000000 0.000000 0.000000 1.000000
53242 0.000000 0.000000 0.000000 1.000000
53247 0.000000 0.000000 0.000000 1.000000
53248 0.000000 0.000000 0.000000 1.000000
53249 0.000000 0.000000 0.000000 1.000000
53250 0.000000 0.000000 0.000000 1.000000
53251 0.000000 0.000000 0.000000 1.000000
53252 0.000000 0.000000 0.000000 1.000000
53253 0.000000 0.000000 0.000000 1.000000
53254 0.000000 0.000000 0.000000 1.000000
53255 0.000000 0.000000 0.000000 1.000000
53258 0.000000 0.000000 0.000000 1.000000
53259 0.000000 0.000000 0.000000 1.000000
53260 0.000000 0.000000 0.000000 1.000000
53261 0.000000 0.000000 0.000000 1.000000
53262 0.000000 0.000000 0.000000 1.000000
53263 0.000000 0.000000 0.000000 1.000000
53265 0.000000 0.000000 0.000000 1.000000
53266 0.000000 0.000000 0.000000 1.000000
53267 0.000000 0.000000 0.000000 1.000000
53275 0.000000 0.000000 0.000000 1.000000
53276 0.000000 0.000000 0.000000 1.000000
53277 0.000000 0.000000 0.000000 1.000000
53287 0.000000 0.000000 0.000000 1.000000
53288 0.000000 0.000000 0.000000 1.000000
53299 0.000000 0.000000 0.000000 1.000000
53300 0.000000 0.000000 0.000000 1.000000
53316 0.000000 0.000000 0.000000 1.000000
53317 0.000000 0.000000 0.000000 1.000000
53318 0.000000 0.000000 0.000000 1.000000
53336 0.000000 0.000000 0.000000 1.000000
53337 0.000000 0.000000 0.000000 1.000000
53338 0.000000 0.000000 0.000000 1.000000
53362 0.000000 0.000000 0.000000 1.000000
53363 0.000000 0.000000 0.000000 1.000000
54559 0.000000 0.000000 0.000000 1.000000
54560 0.000000 0.000000 0.000000 1.000000
54561 0.000000 0.000000 0.000000 1.000000
54575 0.000000 0.000000 0.000000 1.000000
54576 0.000000 0.000000 0.000000 1.000000
54577 0.000000 0.000000 0.000000 1.000000
54578 0.000000 0.000000 0.000000 1.000000
54579 0.000000 0.000000 0.000000 1.000000
54586 0.000000 0.000000 0.000000 1.000000
54587 0.000000 0.000000 0.000000 1.000000
54588 0.000000 0.000000 0.000000 1.000000
54595 0.000000 0.000000 0.000000 1.000000
54596 0.000000 0.000000 0.000000 1.000000
54597 0.000000 0.000000 0.000000 1.000000
54603 0.000000 0.000000 0.000000 1.000000
54604 0.000000 0.000000 0.000000 1.000000
54605 0.000000 0.000000 0.000000 1.000000
54611 0.000000 0.000000 0.000000 1.000000
54612 0.000000 0.000000 0.000000 1.000000
54613 0.000000 0.000000 0.000000 1.000000
54621 0.000000 0.000000 0.000000 1.000000
54622 0.000000 0.000000 0.000000 1.000000
54623 0.000000 0.000000 0.000000 1.000000
54629 0.000000 0.000000 0.000000 1.000000
54630 0.000000 0.000000 0.000000 1.000000
54631 0.000000 0.000000 0.000000 1.000000
54632 0.000000 0.000000 0.000000 1.000000
54639 0.000000 0.000000 0.000000 1.000000
54640 0.000000 0.000000 0.000000 1.000000
54641 0.000000 0.000000 0.000000 1.000000
54642 0.000000 0.000000 0.000000 1.000000
54650 0.000000 0.000000 0.000000 1.000000
54651 0.000000 0.000000 0.000000 1.000000
54652 0.000000 0.000000 0.000000 1.000000
54661 0.000000 0.000000 0.000000 1.000000
54662 0.000000 0.000000 0.000000 1.000000
54671 0.000000 0.000000 0.000000 1.000000
54672 0.000000 0.000000 0.000000 1.000000
54676 0.000000 0.000000 0.000000 1.000000
54677 0.000000 0.000000 0.000000 1.000000
54683 0.000000 0.000000 0.000000 1.000000
54684 0.000000 0.000000 0.000000 1.000000
54685 0.000000 0.000000 0.000000 1.000000
54692 0.000000 0.000000 0.000000 1.000000
54694 0.000000 0.000000 0.000000 1.000000
54695 0.000000 0.000000 0.000000 1.000000
54696 0.000000 0.000000 0.000000 1.000000
54704 0.000000 0.000000 0.000000 1.000000
54705 0.000000 0.000000 0.000000 1.000000
54706 0.000000 0.000000 0.000000 1.000000
54713 0.000000 0.000000 0.000000 1.000000
54714 0.000000 0.000000 0.000000 1.000000
54722 0.000000 0.000000 0.000000 1.000000
54723 0.000000 0.000000 0.000000 1.000000
54735 0.000000 0.000000 0.000000 1.000000
54736 0.000000 0.000000 0.000000 1.000000
54737 0.000000 0.000000 0.000000 1.000000
54746 0.000000 0.000000 0.000000 1.000000
54747 0.000000 0.000000 0.000000 1.000000
54762 0.000000 0.000000 0.000000 1.000000
54763 0.000000 0.000000 0.000000 1.000000
55888 0.000000 0.000000 0.000000 1.000000
55894 0.000000 0.000000 0.000000 1.000000
55895 0.000000 0.000000 0.000000 1.000000
55899 0.000000 0.000000 0.000000 1.000000
55900 0.000000 0.000000 0.000000 1.000000
55903 0.000000 0.000000 0.000000 1.000000
55904 0.000000 0.000000 0.000000 1.000000
55906 0.000000 0.000000 0.000000 1.000000
55907 0.000000 0.000000 0.000000 1.000000
55910 0.000000 0.000000 0.000000 1.000000
55911 0.000000 0.000000 0.000000 1.000000
55916 0.000000 0.000000 0.000000 1.000000
55917 0.000000 0.000000 0.000000 1.000000
55918 0.000000 0.000000 0.000000 1.000000
55921 0.000000 0.000000 0.000000 1.000000
55922 0.000000 0.000000 0.000000 1.000000
55923 0.000000 0.000000 0.000000 1.000000
55926 0.000000 0.000000 0.000000 1.000000
55927 0.000000 0.000000 0.000000 1.000000
55928 0.000000 0.000000 0.000000 1.000000
55932 0.000000 0.000000 0.000000 1.000000
55933 0.000000 0.000000 0.000000 1.000000
55939 0.000000 0.000000 0.000000 1.000000
55945 0.000000 0.000000 0.000000 1.000000
55946 0.000000 0.000000 0.000000 1.000000
55948 0.000000 0.000000 0.000000 1.000000
55949 0.000000 0.000000 0.000000 1.000000
55951 0.000000 0.000000 0.000000 1.000000
55952 0.000000 0.000000 0.000000 1.000000
55953 0.000000 0.000000 0.000000 1.000000
55954 0.000000 0.000000 0.000000 1.000000
55955 0.000000 0.000000 0.000000 1.000000
55956 0.000000 0.000000 0.000000 1.000000
55961 0.000000 0.000000 0.000000 1.000000
55962 0.000000 0.000000 0.000000 1.000000
55963 0.000000 0.000000 0.000000 1.000000
55969 0.000000 0.000000 0.000000 1.000000
55970 0.000000 0.000000 0.000000 1.000000
55976 0.000000 0.000000 0.000000 1.000000
55982 0.000000 0.000000 0.000000 1.000000
55989 0.000000 0.000000 0.000000 1.000000
55990 0.000000 0.000000 0.000000 1.000000
55992 0.000000 0.000000 0.000000 1.000000
55993 0.000000 0.000000 0.000000 1.000000
55995 0.000000 0.000000 0.000000 1.000000
55996 0.000000 0.000000 0.000000 1.000000
57056 0.000000 0.000000 0.000000 1.000000
57057 0.000000 0.000000 0.000000 1.000000
57059 0.000000 0.000000 0.000000 1.000000
57060 0.000000 0.000000 0.000000 1.000000
57063 0.000000 0.000000 0.000000 1.000000
57064 0.000000 0.000000 0.000000 1.000000
57067 0.000000 0.000000 0.000000 1.000000
57068 0.000000 0.000000 0.000000 1.000000
57071 0.000000 0.000000 0.000000 1.000000
57072 0.000000 0.000000 0.000000 1.000000
57077 0.000000 0.000000 0.000000 1.000000
57078 0.000000 0.000000 0.000000 1.000000
57079 0.000000 0.000000 0.000000 1.000000
57081 0.000000 0.000000 0.000000 1.000000
57082 0.000000 0.000000 0.000000 1.000000
57085 0.000000 0.000000 0.000000 1.000000
57086 0.000000 0.000000 0.000000 1.000000
57087 0.000000 0.000000 0.000000 1.000000
57091 0.000000 0.000000 0.000000 1.000000
57092 0.000000 0.000000 0.000000 1.000000
57093 0.000000 0.000000 0.000000 1.000000
57101 0.000000 0.000000 0.000000 1.000000
57102 0.000000 0.000000 0.000000 1.000000
57107 0.000000 0.000000 0.000000 1.000000
57108 0.000000 0.000000 0.000000 1.000000
57110 0.000000 0.000000 0.000000 1.000000
57111 0.000000 0.000000 0.000000 1.000000
57112 0.000000 0.000000 0.000000 1.000000
57113 0.000000 0.000000 0.000000 1.000000
57114 0.000000 0.000000 0.000000 1.000000
57115 0.000000 0.000000 0.000000 1.000000
57116 0.000000 0.000000 0.000000 1.000000
57118 0.000000 0.000000 0.000000 1.000000
57119 0.000000 0.000000 0.000000 1.000000
57120 0.000000 0.000000 0.000000 1.000000
57121 0.000000 0.000000 0.000000 1.000000
57122 0.000000 0.000000 0.000000 1.000000
57123 0.000000 0.000000 0.000000 1.000000
57124 0.000000 0.000000 0.000000 1.000000
57126 0.000000 0.000000 0.000000 1.000000
57127 0.000000 0.000000 0.000000 1.000000
57129 0.000000 0.000000 0.000000 1.000000
57130 0.000000 0.000000 0.000000 1.000000
57132 0.000000 0.000000 0.000000 1.000000
57133 0.000000 0.000000 0.000000 1.000000
57135 0.000000 0.000000 0.000000 1.000000
57136 0.000000 0.000000 0.000000 1.000000
57140 0.000000 0.000000 0.000000 1.000000
57143 0.000000 0.000000 0.000000 1.000000
58152 0.000000 0.000000 0.000000 1.000000
58156 0.000000 0.000000 0.000000 1.000000
58157 0.000000 0.000000 0.000000 1.000000
58159 0.000000 0.000000 0.000000 1.000000
58160 0.000000 0.000000 0.000000 1.000000
58161 0.000000 0.000000 0.000000 1.000000
58163 0.000000 0.000000 0.000000 1.000000
58164 0.000000 0.000000 0.000000 1.000000
58166 0.000000 0.000000 0.000000 1.000000
58167 0.000000 0.000000 0.000000 1.000000
58169 0.000000 0.000000 0.000000 1.000000
58170 0.000000 0.000000 0.000000 1.000000
58175 0.000000 0.000000 0.000000 1.000000
58176 0.000000 0.000000 0.000000 1.000000
58177 0.000000 0.000000 0.000000 1.000000
58179 0.000000 0.000000 0.000000 1.000000
58180 0.000000 0.000000 0.000000 1.000000
58184 0.000000 0.000000 0.000000 1.000000
58185 0.000000 0.000000 0.000000 1.000000
58190 0.000000 0.000000 0.000000 1.000000
58191 0.000000 0.000000 0.000000 1.000000
58200 0.000000 0.000000 0.000000 1.000000
58201 0.000000 0.000000 0.000000 1.000000
58202 0.000000 0.000000 0.000000 1.000000
58205 0.000000 0.000000 0.000000 1.000000
58206 0.000000 0.000000 0.000000 1.000000
58207 0.000000 0.000000 0.000000 1.000000
58208 0.000000 0.000000 0.000000 1.000000
58209 0.000000 0.000000 0.000000 1.000000
58211 0.000000 0.000000 0.000000 1.000000
58212 0.000000 0.000000 0.000000 1.000000
58213 0.000000 0.000000 0.000000 1.000000
58214 0.000000 0.000000 0.000000 1.000000
58215 0.000000 0.000000 0.000000 1.000000
58216 0.000000 0.000000 0.000000 1.000000
58217 0.000000 0.000000 0.000000 1.000000
58218 0.000000 0.000000 0.000000 1.000000
58219 0.000000 0.000000 0.000000 1.000000
58221 0.000000 0.000000 0.000000 1.000000
58222 0.000000 0.000000 0.000000 1.000000
58223 0.000000 0.000000 0.000000 1.000000
58224 0.000000 0.000000 0.000000 1.000000
58225 0.000000 0.000000 0.000000 1.000000
58226 0.000000 0.000000 0.000000 1.000000
58227 0.000000 0.000000 0.000000 1.000000
58229 0.000000 0.000000 0.000000 1.000000
58230 0.000000 0.000000 0.000000 1.000000
58232 0.000000 0.000000 0.000000 1.000000
58233 0.000000 0.000000 0.000000 1.000000
58235 0.000000 0.000000 0.000000 1.000000
58238 0.000000 0.000000 0.000000 1.000000
58239 0.000000 0.000000 0.000000 1.000000
58244 0.000000 0.000000 0.000000 1.000000
59352 0.000000 0.000000 0.000000 1.000000
59355 0.000000 0.000000 0.000000 1.000000
59356 0.000000 0.000000 0.000000 1.000000
59357 0.000000 0.000000 0.000000 1.000000
59359 0.000000 0.000000 0.000000 1.000000
59360 0.000000 0.000000 0.000000 1.000000
59361 0.000000 0.000000 0.000000 1.000000
59362 0.000000 0.000000 0.000000 1.000000
59364 0.000000 0.000000 0.000000 1.000000
59365 0.000000 0.000000 0.000000 1.000000
59366 0.000000 0.000000 0.000000 1.000000
59368 0.000000 0.000000 0.000000 1.000000
59369 0.000000 0.000000 0.000000 1.000000
59374 0.000000 0.000000 0.000000 1.000000
59375 0.000000 0.000000 0.000000 1.000000
59376 0.000000 0.000000 0.000000 1.000000
59379 0.000000 0.000000 0.000000 1.000000
59380 0.000000 0.000000 0.000000 1.000000
59384 0.000000 0.000000 0.000000 1.000000
59385 0.000000 0.000000 0.000000 1.000000
59386 0.000000 0.000000 0.000000 1.000000
59391 0.000000 0.000000 0.000000 1.000000
59392 0.000000 0.000000 0.000000 1.000000
59400 0.000000 0.000000 0.000000 1.000000
59401 0.000000 0.000000 0.000000 1.000000
59403 0.000000 0.000000 0.000000 1.000000
59404 0.000000 0.000000 0.000000 1.000000
59405 0.000000 0.000000 0.000000 1.000000
59406 0.000000 0.000000 0.000000 1.000000
59407 0.000000 0.000000 0.000000 1.000000
59408 0.000000 0.000000 0.000000 1.000000
59409 0.000000 0.000000 0.000000 1.000000
59411 0.000000 0.000000 0.000000 1.000000
59412 0.000000 0.000000 0.000000 1.000000
59413 0.000000 0.000000 0.000000 1.000000
59414 0.000000 0.000000 0.000000 1.000000
59415 0.000000 0.000000 0.000000 1.000000
59416 0.000000 0.000000 0.000000 1.000000
59417 0.000000 0.000000 0.000000 1.000000
59418 0.000000 0.000000 0.000000 1.000000
59419 0.000000 0.000000 0.000000 1.000000
59420 0.000000 0.000000 0.000000 1.000000
59421 0.000000 0.000000 0.000000 1.000000
59423 0.000000 0.000000 0.000000 1.000000
59424 0.000000 0.000000 0.000000 1.000000
59425 0.000000 0.000000 0.000000 1.000000
59426 0.000000 0.000000 0.000000 1.000000
59427 0.000000 0.000000 0.000000 1.000000
59428 0.000000 0.000000 0.000000 1.000000
59429 0.000000 0.000000 0.000000 1.000000
59430 0.000000 0.000000 0.000000 1.000000
59431 0.000000 0.000000 0.000000 1.000000
59433 0.000000 0.000000 0.000000 1.000000
60419 0.000000 0.000000 0.000000 1.000000
60420 0.000000 0.000000 0.000000 1.000000
60422 0.000000 0.000000 0.000000 1.000000
60423 0.000000 0.000000 0.000000 1.000000
60424 0.000000 0.000000 0.000000 1.000000
60425 0.000000 0.000000 0.000000 1.000000
60427 0.000000 0.000000 0.000000 1.000000
60428 0.000000 0.000000 0.000000 1.000000
60429 0.000000 0.000000 0.000000 1.000000
60430 0.000000 0.000000 0.000000 1.000000
60431 0.000000 0.000000 0.000000 1.000000
60433 0.000000 0.000000 0.000000 1.000000
60434 0.000000 0.000000 0.000000 1.000000
60435 0.000000 0.000000 0.000000 1.000000
60436 0.000000 0.000000 0.000000 1.000000
60441 0.000000 0.000000 0.000000 1.000000
60442 0.000000 0.000000 0.000000 1.000000
60443 0.000000 0.000000 0.000000 1.000000
60444 0.000000 0.000000 0.000000 1.000000
60447 0.000000 0.000000 0.000000 1.000000
60448 0.000000 0.000000 0.000000 1.000000
60451 0.000000 0.000000 0.000000 1.000000
60452 0.000000 0.000000 0.000000 1.000000
60457 0.000000 0.000000 0.000000 1.000000
60458 0.000000 0.000000 0.000000 1.000000
60465 0.000000 0.000000 0.000000 1.000000
60466 0.000000 0.000000 0.000000 1.000000
60468 0.000000 0.000000 0.000000 1.000000
60469 0.000000 0.000000 0.000000 1.000000
60470 0.000000 0.000000 0.000000 1.000000
60471 0.000000 0.000000 0.000000 1.000000
60472 0.000000 0.000000 0.000000 1.000000
60473 0.000000 0.000000 0.000000 1.000000
60474 0.000000 0.000000 0.000000 1.000000
60475 0.000000 0.000000 0.000000 1.000000
60477 0.000000 0.000000 0.000000 1.000000
60478 0.000000 0.000000 0.000000 1.000000
60479 0.000000 0.000000 0.000000 1.000000
60480 0.000000 0.000000 0.000000 1.000000
60481 0.000000 0.000000 0.000000 1.000000
60482 0.000000 0.000000 0.000000 1.000000
60483 0.000000 0.000000 0.000000 1.000000
60484 0.000000 0.000000 0.000000 1.000000
60485 0.000000 0.000000 0.000000 1.000000
60486 0.000000 0.000000 0.000000 1.000000
60487 0.000000 0.000000 0.000000 1.000000
60489 0.000000 0.000000 0.000000 1.000000
60490 0.000000 0.000000 0.000000 1.000000
60491 0.000000 0.000000 0.000000 1.000000
60492 0.000000 0.000000 0.000000 1.000000
60493 0.000000 0.000000 0.000000 1.000000
60494 0.000000 0.000000 0.000000 1.000000
60495 0.000000 0.000000 0.000000 1.000000
60496 0.000000 0.000000 0.000000 1.000000
60497 0.000000 0.000000 0.000000 1.000000
61437 0.000000 0.000000 0.000000 1.000000
61438 0.000000 0.000000 0.000000 1.000000
61442 0.000000 0.000000 0.000000 1.000000
61443 0.000000 0.000000 0.000000 1.000000
61444 0.000000 0.000000 0.000000 1.000000
61445 0.000000 0.000000 0.000000 1.000000
61446 0.000000 0.000000 0.000000 1.000000
61449 0.000000 0.000000 0.000000 1.000000
61450 0.000000 0.000000 0.000000 1.000000
61451 0.000000 0.000000 0.000000 1.000000
61452 0.000000 0.000000 0.000000 1.000000
61453 0.000000 0.000000 0.000000 1.000000
61454 0.000000 0.000000 0.000000 1.000000
61455 0.000000 0.000000 0.000000 1.000000
61460 0.000000 0.000000 0.000000 1.000000
61461 0.000000 0.000000 0.000000 1.000000
61462 0.000000 0.000000 0.000000 1.000000
61463 0.000000 0.000000 0.000000 1.000000
61466 0.000000 0.000000 0.000000 1.000000
61467 0.000000 0.000000 0.000000 1.000000
61468 0.000000 0.000000 0.000000 1.000000
61471 0.000000 0.000000 0.000000 1.000000
61472 0.000000 0.000000 0.000000 1.000000
61477 0.000000 0.000000 0.000000 1.000000
61478 0.000000 0.000000 0.000000 1.000000
61485 0.000000 0.000000 0.000000 1.000000
61486 0.000000 0.000000 0.000000 1.000000
61487 0.000000 0.000000 0.000000 1.000000
61488 0.000000 0.000000 0.000000 1.000000
61489 0.000000 0.000000 0.000000 1.000000
61491 0.000000 0.000000 0.000000 1.000000
61492 0.000000 0.000000 0.000000 1.000000
61493 0.000000 0.000000 0.000000 1.000000
61494 0.000000 0.000000 0.000000 1.000000
61495 0.000000 0.000000 0.000000 1.000000
61496 0.000000 0.000000 0.000000 1.000000
61497 0.000000 0.000000 0.000000 1.000000
61498 0.000000 0.000000 0.000000 1.000000
61499 0.000000 0.000000 0.000000 1.000000
61500 0.000000 0.000000 0.000000 1.000000
61502 0.000000 0.000000 0.000000 1.000000
61503 0.000000 0.000000 0.000000 1.000000
61504 0.000000 0.000000 0.000000 1.000000
61505 0.000000 0.000000 0.000000 1.000000
61506 0.000000 0.000000 0.000000 1.000000
61507 0.000000 0.000000 0.000000 1.000000
61508 0.000000 0.000000 0.000000 1.000000
61509 0.000000 0.000000 0.000000 1.000000
61510 0.000000 0.000000 0.000000 1.000000
61511 0.000000 0.000000 0.000000 1.000000
61512 0.000000 0.000000 0.000000 1.000000
61514 0.000000 0.000000 0.000000 1.000000
61515 0.000000 0.000000 0.000000 1.000000
61516 0.000000 0.000000 0.000000 1.000000
61517 0.000000 0.000000 0.000000 1.000000
61518 0.000000 0.000000 0.000000 1.000000
61519 0.000000 0.000000 0.000000 1.000000
61520 0.000000 0.000000 0.000000 1.000000
61521 0.000000 0.000000 0.000000 1.000000
61522 0.000000 0.000000 0.000000 1.000000
61526 0.000000 0.000000 0.000000 1.000000
61527 0.000000 0.000000 0.000000 1.000000
61528 0.000000 0.000000 0.000000 1.000000
61529 0.000000 0.000000 0.000000 1.000000
62469 0.000000 0.000000 0.000000 1.000000
62474 0.000000 0.000000 0.000000 1.000000
62475 0.000000 0.000000 0.000000 1.000000
62476 0.000000 0.000000 0.000000 1.000000
62477 0.000000 0.000000 0.000000 1.000000
62478 0.000000 0.000000 0.000000 1.000000
62479 0.000000 0.000000 0.000000 1.000000
62480 0.000000 0.000000 0.000000 1.000000
62485 0.000000 0.000000 0.000000 1.000000
62486 0.000000 0.000000 0.000000 1.000000
62487 0.000000 0.000000 0.000000 1.000000
62488 0.000000 0.000000 0.000000 1.000000
62489 0.000000 0.000000 0.000000 1.000000
62490 0.000000 0.000000 0.000000 1.000000
62491 0.000000 0.000000 0.000000 1.000000
62492 0.000000 0.000000 0.000000 1.000000
62495 0.000000 0.000000 0.000000 1.000000
62496 0.000000 0.000000 0.000000 1.000000
62497 0.000000 0.000000 0.000000 1.000000
62498 0.000000 0.000000 0.000000 1.000000
62499 0.000000 0.000000 0.000000 1.000000
62503 0.000000 0.000000 0.000000 1.000000
62504 0.000000 0.000000 0.000000 1.000000
62510 0.000000 0.000000 0.000000 1.000000
62511 0.000000 0.000000 0.000000 1.000000
62518 0.000000 0.000000 0.000000 1.000000
62519 0.000000 0.000000 0.000000 1.000000
62520 0.000000 0.000000 0.000000 1.000000
62521 0.000000 0.000000 0.000000 1.000000
62522 0.000000 0.000000 0.000000 1.000000
62523 0.000000 0.000000 0.000000 1.000000
62524 0.000000 0.000000 0.000000 1.000000
62526 0.000000 0.000000 0.000000 1.000000
62527 0.000000 0.000000 0.000000 1.000000
62528 0.000000 0.000000 0.000000 1.000000
62529 0.000000 0.000000 0.000000 1.000000
62530 0.000000 0.000000 0.000000 1.000000
62531 0.000000 0.000000 0.000000 1.000000
62532 0.000000 0.000000 0.000000 1.000000
62533 0.000000 0.000000 0.000000 1.000000
62534 0.000000 0.000000 0.000000 1.000000
62535 0.000000 0.000000 0.000000 1.000000
62537 0.000000 0.000000 0.000000 1.000000
62538 0.000000 0.000000 0.000000 1.000000
62539 0.000000 0.000000 0.000000 1.000000
62540 0.000000 0.000000 0.000000 1.000000
62541 0.000000 0.000000 0.000000 1.000000
62542 0.000000 0.000000 0.000000 1.000000
62543 0.000000 0.000000 0.000000 1.000000
62544 0.000000 0.000000 0.000000 1.000000
62545 0.000000 0.000000 0.000000 1.000000
62546 0.000000 0.000000 0.000000 1.000000
62547 0.000000 0.000000 0.000000 1.000000
62548 0.000000 0.000000 0.000000 1.000000
62550 0.000000 0.000000 0.000000 1.000000
62551 0.000000 0.000000 0.000000 1.000000
62552 0.000000 0.000000 0.000000 1.000000
62553 0.000000 0.000000 0.000000 1.000000
62554 0.000000 0.000000 0.000000 1.000000
62555 0.000000 0.000000 0.000000 1.000000
62556 0.000000 0.000000 0.000000 1.000000
62561 0.000000 0.000000 0.000000 1.000000
62562 0.000000 0.000000 0.000000 1.000000
62563 0.000000 0.000000 0.000000 1.000000
62564 0.000000 0.000000 0.000000 1.000000
62565 0.000000 0.000000 0.000000 1.000000
62566 0.000000 0.000000 0.000000 1.000000
62570 0.000000 0.000000 0.000000 1.000000
62571 0.000000 0.000000 0.000000 1.000000
62572 0.000000 0.000000 0.000000 1.000000
63593 0.000000 0.000000 0.000000 1.000000
63594 0.000000 0.000000 0.000000 1.000000
63600 0.000000 0.000000 0.000000 1.000000
63601 0.000000 0.000000 0.000000 1.000000
63602 0.000000 0.000000 0.000000 1.000000
63603 0.000000 0.000000 0.000000 1.000000
63604 0.000000 0.000000 0.000000 1.000000
63605 0.000000 0.000000 0.000000 1.000000
63607 0.000000 0.000000 0.000000 1.000000
63608 0.000000 0.000000 0.000000 1.000000
63609 0.000000 0.000000 0.000000 1.000000
63610 0.000000 0.000000 0.000000 1.000000
63611 0.000000 0.000000 0.000000 1.000000
63612 0.000000 0.000000 0.000000 1.000000
63613 0.000000 0.000000 0.000000 1.000000
63614 0.000000 0.000000 0.000000 1.000000
63615 0.000000 0.000000 0.000000 1.000000
63616 0.000000 0.000000 0.000000 1.000000
63620 0.000000 0.000000 0.000000 1.000000
63621 0.000000 0.000000 0.000000 1.000000
63622 0.000000 0.000000 0.000000 1.000000
63623 0.000000 0.000000 0.000000 1.000000
63624 0.000000 0.000000 0.000000 1.000000
63630 0.000000 0.000000 0.000000 1.000000
63631 0.000000 0.000000 0.000000 1.000000
63637 0.000000 0.000000 0.000000 1.000000
63638 0.000000 0.000000 0.000000 1.000000
63639 0.000000 0.000000 0.000000 1.000000
63640 0.000000 0.000000 0.000000 1.000000
63641 0.000000 0.000000 0.000000 1.000000
63642 0.000000 0.000000 0.000000 1.000000
63643 0.000000 0.000000 0.000000 1.000000
63644 0.000000 0.000000 0.000000 1.000000
63646 0.000000 0.000000 0.000000 1.000000
63647 0.000000 0.000000 0.000000 1.000000
63648 0.000000 0.000000 0.000000 1.000000
63649 0.000000 0.000000 0.000000 1.000000
63650 0.000000 0.000000 0.000000 1.000000
63651 0.000000 0.000000 0.000000 1.000000
63652 0.000000 0.000000 0.000000 1.000000
63653 0.000000 0.000000 0.000000 1.000000
63654 0.000000 0.000000 0.000000 1.000000
63655 0.000000 0.000000 0.000000 1.000000
63657 0.000000 0.000000 0.000000 1.000000
63658 0.000000 0.000000 0.000000 1.000000
63659 0.000000 0.000000 0.000000 1.000000
63660 0.000000 0.000000 0.000000 1.000000
63661 0.000000 0.000000 0.000000 1.000000
63662 0.000000 0.000000 0.000000 1.000000
63663 0.000000 0.000000 0.000000 1.000000
63664 0.000000 0.000000 0.000000 1.000000
63665 0.000000 0.000000 0.000000 1.000000
63666 0.000000 0.000000 0.000000 1.000000
63667 0.000000 0.000000 0.000000 1.000000
63669 0.000000 0.000000 0.000000 1.000000
63670 0.000000 0.000000 0.000000 1.000000
63671 0.000000 0.000000 0.000000 1.000000
63672 0.000000 0.000000 0.000000 1.000000
63673 0.000000 0.000000 0.000000 1.000000
63674 0.000000 0.000000 0.000000 1.000000
63678 0.000000 0.000000 0.000000 1.000000
63679 0.000000 0.000000 0.000000 1.000000
63680 0.000000 0.000000 0.000000 1.000000
63681 0.000000 0.000000 0.000000 1.000000
63682 0.000000 0.000000 0.000000 1.000000
63683 0.000000 0.000000 0.000000 1.000000
63688 0.000000 0.000000 0.000000 1.000000
63689 0.000000 0.000000 0.000000 1.000000
63690 0.000000 0.000000 0.000000 1.000000
63691 0.000000 0.000000 0.000000 1.000000
63692 0.000000 0.000000 0.000000 1.000000
64810 0.000000 0.000000 0.000000 1.000000
64817 0.000000 0.000000 0.000000 1.000000
64818 0.000000 0.000000 0.000000 1.000000
64819 0.000000 0.000000 0.000000 1.000000
64820 0.000000 0.000000 0.000000 1.000000
64821 0.000000 0.000000 0.000000 1.000000
64822 0.000000 0.000000 0.000000 1.000000
64827 0.000000 0.000000 0.000000 1.000000
64828 0.000000 0.000000 0.000000 1.000000
64829 0.000000 0.000000 0.000000 1.000000
64830 0.000000 0.000000 0.000000 1.000000
64831 0.000000 0.000000 0.000000 1.000000
64832 0.000000 0.000000 0.000000 1.000000
64833 0.000000 0.000000 0.000000 1.000000
64834 0.000000 0.000000 0.000000 1.000000
64835 0.000000 0.000000 0.000000 1.000000
64836 0.000000 0.000000 0.000000 1.000000
64842 0.000000 0.000000 0.000000 1.000000
64843 0.000000 0.000000 0.000000 1.000000
64844 0.000000 0.000000 0.000000 1.000000
64845 0.000000 0.000000 0.000000 1.000000
64846 0.000000 0.000000 0.000000 1.000000
64847 0.000000 0.000000 0.000000 1.000000
64848 0.000000 0.000000 0.000000 1.000000
64849 0.000000 0.000000 0.000000 1.000000
64850 0.000000 0.000000 0.000000 1.000000
64855 0.000000 0.000000 0.000000 1.000000
64856 0.000000 0.000000 0.000000 1.000000
64857 0.000000 0.000000 0.000000 1.000000
64858 0.000000 0.000000 0.000000 1.000000
64859 0.000000 0.000000 0.000000 1.000000
64860 0.000000 0.000000 0.000000 1.000000
64861 0.000000 0.000000 0.000000 1.000000
64862 0.000000 0.000000 0.000000 1.000000
64863 0.000000 0.000000 0.000000 1.000000
64865 0.000000 0.000000 0.000000 1.000000
64866 0.000000 0.000000 0.000000 1.000000
64867 0.000000 0.000000 0.000000 1.000000
64868 0.000000 0.000000 0.000000 1.000000
64869 0.000000 0.000000 0.000000 1.000000
64870 0.000000 0.000000 0.000000 1.000000
64871 0.000000 0.000000 0.000000 1.000000
64872 0.000000 0.000000 0.000000 1.000000
64873 0.000000 0.000000 0.000000 1.000000
64875 0.000000 0.000000 0.000000 1.000000
64876 0.000000 0.000000 0.000000 1.000000
64877 0.000000 0.000000 0.000000 1.000000
64878 0.000000 0.000000 0.000000 1.000000
64879 0.000000 0.000000 0.000000 1.000000
64880 0.000000 0.000000 0.000000 1.000000
64881 0.000000 0.000000 0.000000 1.000000
64882 0.000000 0.000000 0.000000 1.000000
64884 0.000000 0.000000 0.000000 1.000000
64885 0.000000 0.000000 0.000000 1.000000
64886 0.000000 0.000000 0.000000 1.000000
64887 0.000000 0.000000 0.000000 1.000000
64888 0.000000 0.000000 0.000000 1.000000
64889 0.000000 0.000000 0.000000 1.000000
64890 0.000000 0.000000 0.000000 1.000000
64894 0.000000 0.000000 0.000000 1.000000
64895 0.000000 0.000000 0.000000 1.000000
64896 0.000000 0.000000 0.000000 1.000000
64897 0.000000 0.000000 0.000000 1.000000
64902 0.000000 0.000000 0.000000 1.000000
64903 0.000000 0.000000 0.000000 1.000000
64904 0.000000 0.000000 0.000000 1.000000
64905 0.000000 0.000000 0.000000 1.000000
64906 0.000000 0.000000 0.000000 1.000000
64912 0.000000 0.000000 0.000000 1.000000
64913 0.000000 0.000000 0.000000 1.000000
66096 0.000000 0.000000 0.000000 1.000000
66097 0.000000 0.000000 0.000000 1.000000
66098 0.000000 0.000000 0.000000 1.000000
66099 0.000000 0.000000 0.000000 1.000000
66106 0.000000 0.000000 0.000000 1.000000
66107 0.000000 0.000000 0.000000 1.000000
66108 0.000000 0.000000 0.000000 1.000000
66109 0.000000 0.000000 0.000000 1.000000
66110 0.000000 0.000000 0.000000 1.000000
66111 0.000000 0.000000 0.000000 1.000000
66112 0.000000 0.000000 0.000000 1.000000
66113 0.000000 0.000000 0.000000 1.000000
66114 0.000000 0.000000 0.000000 1.000000
66115 0.000000 0.000000 0.000000 1.000000
66116 0.000000 0.000000 0.000000 1.000000
66117 0.000000 0.000000 0.000000 1.000000
66118 0.000000 0.000000 0.000000 1.000000
66119 0.000000 0.000000 0.000000 1.000000
66120 0.000000 0.000000 0.000000 1.000000
66125 0.000000 0.000000 0.000000 1.000000
66126 0.000000 0.000000 0.000000 1.000000
66127 0.000000 0.000000 0.000000 1.000000
66128 0.000000 0.000000 0.000000 1.000000
66129 0.000000 0.000000 0.000000 1.000000
66130 0.000000 0.000000 0.000000 1.000000
66131 0.000000 0.000000 0.000000 1.000000
66132 0.000000 0.000000 0.000000 1.000000
66133 0.000000 0.000000 0.000000 1.000000
66134 0.000000 0.000000 0.000000 1.000000
66135 0.000000 0.000000 0.000000 1.000000
66136 0.000000 0.000000 0.000000 1.000000
66137 0.000000 0.000000 0.000000 1.000000
66138 0.000000 0.000000 0.000000 1.000000
66139 0.000000 0.000000 0.000000 1.000000
66140 0.000000 0.000000 0.000000 1.000000
66141 0.000000 0.000000 0.000000 1.000000
66142 0.000000 0.000000 0.000000 1.000000
66143 0.000000 0.000000 0.000000 1.000000
66144 0.000000 0.000000 0.000000 1.000000
66146 0.000000 0.000000 0.000000 1.000000
66147 0.000000 0.000000 0.000000 1.000000
66148 0.000000 0.000000 0.000000 1.000000
66149 0.000000 0.000000 0.000000 1.000000
66150 0.000000 0.000000 0.000000 1.000000
66151 0.000000 0.000000 0.000000 1.000000
66152 0.000000 0.000000 0.000000 1.000000
66153 0.000000 0.000000 0.000000 1.000000
66154 0.000000 0.000000 0.000000 1.000000
66155 0.000000 0.000000 0.000000 1.000000
66156 0.000000 0.000000 0.000000 1.000000
66157 0.000000 0.000000 0.000000 1.000000
66158 0.000000 0.000000 0.000000 1.000000
66159 0.000000 0.000000 0.000000 1.000000
66160 0.000000 0.000000 0.000000 1.000000
66162 0.000000 0.000000 0.000000 1.000000
66163 0.000000 0.000000 0.000000 1.000000
66164 0.000000 0.000000 0.000000 1.000000
66165 0.000000 0.000000 0.000000 1.000000
66166 0.000000 0.000000 0.000000 1.000000
66167 0.000000 0.000000 0.000000 1.000000
66168 0.000000 0.000000 0.000000 1.000000
66169 0.000000 0.000000 0.000000 1.000000
66170 0.000000 0.000000 0.000000 1.000000
66172 0.000000 0.000000 0.000000 1.000000
66173 0.000000 0.000000 0.000000 1.000000
66174 0.000000 0.000000 0.000000 1.000000
66175 0.000000 0.000000 0.000000 1.000000
66176 0.000000 0.000000 0.000000 1.000000
66177 0.000000 0.000000 0.000000 1.000000
66182 0.000000 0.000000 0.000000 1.000000
66183 0.000000 0.000000 0.000000 1.000000
66184 0.000000 0.000000 0.000000 1.000000
66185 0.000000 0.000000 0.000000 1.000000
66186 0.000000 0.000000 0.000000 1.000000
66191 0.000000 0.000000 0.000000 1.000000
66192 0.000000 0.000000 0.000000 1.000000
66193 0.000000 0.000000 0.000000 1.000000
66194 0.000000 0.000000 0.000000 1.000000
66195 0.000000 0.000000 0.000000 1.000000
66196 0.000000 0.000000 0.000000 1.000000
66197 0.000000 0.000000 0.000000 1.000000
66198 0.000000 0.000000 0.000000 1.000000
66205 0.000000 0.000000 0.000000 1.000000
66206 0.000000 0.000000 0.000000 1.000000
66207 0.000000 0.000000 0.000000 1.000000
66208 0.000000 0.000000 0.000000 1.000000
66209 0.000000 0.000000 0.000000 1.000000
66210 0.000000 0.000000 0.000000 1.000000
66211 0.000000 0.000000 0.000000 1.000000
67212 0.000000 0.000000 0.000000 1.000000
67213 0.000000 0.000000 0.000000 1.000000
67219 0.000000 0.000000 0.000000 1.000000
67220 0.000000 0.000000 0.000000 1.000000
67221 0.000000 0.000000 0.000000 1.000000
67222 0.000000 0.000000 0.000000 1.000000
67223 0.000000 0.000000 0.000000 1.000000
67224 0.000000 0.000000 0.000000 1.000000
67225 0.000000 0.000000 0.000000 1.000000
67226 0.000000 0.000000 0.000000 1.000000
67227 0.000000 0.000000 0.000000 1.000000
67228 0.000000 0.000000 0.000000 1.000000
67229 0.000000 0.000000 0.000000 1.000000
67230 0.000000 0.000000 0.000000 1.000000
67231 0.000000 0.000000 0.000000 1.000000
67232 0.000000 0.000000 0.000000 1.000000
67233 0.000000 0.000000 0.000000 1.000000
67236 0.000000 0.000000 0.000000 1.000000
67237 0.000000 0.000000 0.000000 1.000000
67238 0.000000 0.000000 0.000000 1.000000
67239 0.000000 0.000000 0.000000 1.000000
67240 0.000000 0.000000 0.000000 1.000000
67241 0.000000 0.000000 0.000000 1.000000
67242 0.000000 0.000000 0.000000 1.000000
67243 0.000000 0.000000 0.000000 1.000000
67244 0.000000 0.000000 0.000000 1.000000
67245 0.000000 0.000000 0.000000 1.000000
67246 0.000000 0.000000 0.000000 1.000000
67247 0.000000 0.000000 0.000000 1.000000
67248 0.000000 0.000000 0.000000 1.000000
67249 0.000000 0.000000 0.000000 1.000000
67250 0.000000 0.000000 0.000000 1.000000
67251 0.000000 0.000000 0.000000 1.000000
67252 0.000000 0.000000 0.000000 1.000000
67253 0.000000 0.000000 0.000000 1.000000
67254 0.000000 0.000000 0.000000 1.000000
67255 0.000000 0.000000 0.000000 1.000000
67256 0.000000 0.000000 0.000000 1.000000
67258 0.000000 0.000000 0.000000 1.000000
67259 0.000000 0.000000 0.000000 1.000000
67260 0.000000 0.000000 0.000000 1.000000
67261 0.000000 0.000000 0.000000 1.000000
67262 0.000000 0.000000 0.000000 1.000000
67263 0.000000 0.000000 0.000000 1.000000
67264 0.000000 0.000000 0.000000 1.000000
67265 0.000000 0.000000 0.000000 1.000000
67266 0.000000 0.000000 0.000000 1.000000
67267 0.000000 0.000000 0.000000 1.000000
67268 0.000000 0.000000 0.000000 1.000000
67269 0.000000 0.000000 0.000000 1.000000
67270 0.000000 0.000000 0.000000 1.000000
67271 0.000000 0.000000 0.000000 1.000000
67272 0.000000 0.000000 0.000000 1.000000
67273 0.000000 0.000000 0.000000 1.000000
67274 0.000000 0.000000 0.000000 1.000000
67275 0.000000 0.000000 0.000000 1.000000
67277 0.000000 0.000000 0.000000 1.000000
67278 0.000000 0.000000 0.000000 1.000000
67279 0.000000 0.000000 0.000000 1.000000
67280 0.000000 0.000000 0.000000 1.000000
67281 0.000000 0.000000 0.000000 1.000000
67282 0.000000 0.000000 0.000000 1.000000
67283 0.000000 0.000000 0.000000 1.000000
67284 0.000000 0.000000 0.000000 1.000000
67285 0.000000 0.000000 0.000000 1.000000
67286 0.000000 0.000000 0.000000 1.000000
67287 0.000000 0.000000 0.000000 1.000000
67288 0.000000 0.000000 0.000000 1.000000
67289 0.000000 0.000000 0.000000 1.000000
67294 0.000000 0.000000 0.000000 1.000000
67295 0.000000 0.000000 0.000000 1.000000
67296 0.000000 0.000000 0.000000 1.000000
67297 0.000000 0.000000 0.000000 1.000000
67298 0.000000 0.000000 0.000000 1.000000
67299 0.000000 0.000000 0.000000 1.000000
67300 0.000000 0.000000 0.000000 1.000000
67301 0.000000 0.000000 0.000000 1.000000
67302 0.000000 0.000000 0.000000 1.000000
67303 0.000000 0.000000 0.000000 1.000000
67310 0.000000 0.000000 0.000000 1.000000
67311 0.000000 0.000000 0.000000 1.000000
67312 0.000000 0.000000 0.000000 1.000000
67313 0.000000 0.000000 0.000000 1.000000
67314 0.000000 0.000000 0.000000 1.000000
67315 0.000000 0.000000 0.000000 1.000000
67316 0.000000 0.000000 0.000000 1.000000
67317 0.000000 0.000000 0.000000 1.000000
67324 0.000000 0.000000 0.000000 1.000000
67325 0.000000 0.000000 0.000000 1.000000
67326 0.000000 0.000000 0.000000 1.000000
67327 0.000000 0.000000 0.000000 1.000000
67328 0.000000 0.000000 0.000000 1.000000
67329 0.000000 0.000000 0.000000 1.000000
67330 0.000000 0.000000 0.000000 1.000000
67331 0.000000 0.000000 0.000000 1.000000
68402 0.000000 0.000000 0.000000 1.000000
68405 0.000000 0.000000 0.000000 1.000000
68406 0.000000 0.000000 0.000000 1.000000
68407 0.000000 0.000000 0.000000 1.000000
68408 0.000000 0.000000 0.000000 1.000000
68409 0.000000 0.000000 0.000000 1.000000
68410 0.000000 0.000000 0.000000 1.000000
68411 0.000000 0.000000 0.000000 1.000000
68412 0.000000 0.000000 0.000000 1.000000
68414 0.000000 0.000000 0.000000 1.000000
68415 0.000000 0.000000 0.000000 1.000000
68416 0.000000 0.000000 0.000000 1.000000
68417 0.000000 0.000000 0.000000 1.000000
68418 0.000000 0.000000 0.000000 1.000000
68419 0.000000 0.000000 0.000000 1.000000
68420 0.000000 0.000000 0.000000 1.000000
68421 0.000000 0.000000 0.000000 1.000000
68422 0.000000 0.000000 0.000000 1.000000
68423 0.000000 0.000000 0.000000 1.000000
68424 0.000000 0.000000 0.000000 1.000000
68425 0.000000 0.000000 0.000000 1.000000
68426 0.000000 0.000000 0.000000 1.000000
68427 0.000000 0.000000 0.000000 1.000000
68428 0.000000 0.000000 0.000000 1.000000
68429 0.000000 0.000000 0.000000 1.000000
68431 0.000000 0.000000 0.000000 1.000000
68432 0.000000 0.000000 0.000000 1.000000
68433 0.000000 0.000000 0.000000 1.000000
68434 0.000000 0.000000 0.000000 1.000000
68435 0.000000 0.000000 0.000000 1.000000
68436 0.000000 0.000000 0.000000 1.000000
68437 0.000000 0.000000 0.000000 1.000000
68438 0.000000 0.000000 0.000000 1.000000
68439 0.000000 0.000000 0.000000 1.000000
68440 0.000000 0.000000 0.000000 1.000000
68441 0.000000 0.000000 0.000000 1.000000
68442 0.000000 0.000000 0.000000 1.000000
68443 0.000000 0.000000 0.000000 1.000000
68444 0.000000 0.000000 0.000000 1.000000
68445 0.000000 0.000000 0.000000 1.000000
68450 0.000000 0.000000 0.000000 1.000000
68451 0.000000 0.000000 0.000000 1.000000
68452 0.000000 0.000000 0.000000 1.000000
68453 0.000000 0.000000 0.000000 1.000000
68454 0.000000 0.000000 0.000000 1.000000
68455 0.000000 0.000000 0.000000 1.000000
68456 0.000000 0.000000 0.000000 1.000000
68457 0.000000 0.000000 0.000000 1.000000
68458 0.000000 0.000000 0.000000 1.000000
68459 0.000000 0.000000 0.000000 1.000000
68460 0.000000 0.000000 0.000000 1.000000
68461 0.000000 0.000000 0.000000 1.000000
68462 0.000000 0.000000 0.000000 1.000000
68463 0.000000 0.000000 0.000000 1.000000
68464 0.000000 0.000000 0.000000 1.000000
68465 0.000000 0.000000 0.000000 1.000000
68473 0.000000 0.000000 0.000000 1.000000
68474 0.000000 0.000000 0.000000 1.000000
68475 0.000000 0.000000 0.000000 1.000000
68476 0.000000 0.000000 0.000000 1.000000
68477 0.000000 0.000000 0.000000 1.000000
68478 0.000000 0.000000 0.000000 1.000000
68479 0.000000 0.000000 0.000000 1.000000
68480 0.000000 0.000000 0.000000 1.000000
68481 0.000000 0.000000 0.000000 1.000000
68482 0.000000 0.000000 0.000000 1.000000
68483 0.000000 0.000000 0.000000 1.000000
68484 0.000000 0.000000 0.000000 1.000000
68485 0.000000 0.000000 0.000000 1.000000
68486 0.000000 0.000000 0.000000 1.000000
68487 0.000000 0.000000 0.000000 1.000000
68493 0.000000 0.000000 0.000000 1.000000
68494 0.000000 0.000000 0.000000 1.000000
68495 0.000000 0.000000 0.000000 1.000000
68496 0.000000 0.000000 0.000000 1.000000
68497 0.000000 0.000000 0.000000 1.000000
68498 0.000000 0.000000 0.000000 1.000000
69471 0.000000 0.000000 0.000000 1.000000
69472 0.000000 0.000000 0.000000 1.000000
69477 0.000000 0.000000 0.000000 1.000000
69478 0.000000 0.000000 0.000000 1.000000
69481 0.000000 0.000000 0.000000 1.000000
69482 0.000000 0.000000 0.000000 1.000000
69483 0.000000 0.000000 0.000000 1.000000
69484 0.000000 0.000000 0.000000 1.000000
69486 0.000000 0.000000 0.000000 1.000000
69487 0.000000 0.000000 0.000000 1.000000
69488 0.000000 0.000000 0.000000 1.000000
69489 0.000000 0.000000 0.000000 1.000000
69490 0.000000 0.000000 0.000000 1.000000
69491 0.000000 0.000000 0.000000 1.000000
69492 0.000000 0.000000 0.000000 1.000000
69493 0.000000 0.000000 0.000000 1.000000
69494 0.000000 0.000000 0.000000 1.000000
69495 0.000000 0.000000 0.000000 1.000000
69496 0.000000 0.000000 0.000000 1.000000
69497 0.000000 0.000000 0.000000 1.000000
69498 0.000000 0.000000 0.000000 1.000000
69499 0.000000 0.000000 0.000000 1.000000
69500 0.000000 0.000000 0.000000 1.000000
69501 0.000000 0.000000 0.000000 1.000000
69503 0.000000 0.000000 0.000000 1.000000
69504 0.000000 0.000000 0.000000 1.000000
69505 0.000000 0.000000 0.000000 1.000000
69506 0.000000 0.000000 0.000000 1.000000
69507 0.000000 0.000000 0.000000 1.000000
69508 0.000000 0.000000 0.000000 1.000000
69509 0.000000 0.000000 0.000000 1.000000
69510 0.000000 0.000000 0.000000 1.000000
69511 0.000000 0.000000 0.000000 1.000000
69512 0.000000 0.000000 0.000000 1.000000
69513 0.000000 0.000000 0.000000 1.000000
69514 0.000000 0.000000 0.000000 1.000000
69515 0.000000 0.000000 0.000000 1.000000
69516 0.000000 0.000000 0.000000 1.000000
69517 0.000000 0.000000 0.000000 1.000000
69518 0.000000 0.000000 0.000000 1.000000
69519 0.000000 0.000000 0.000000 1.000000
69525 0.000000 0.000000 0.000000 1.000000
69526 0.000000 0.000000 0.000000 1.000000
69527 0.000000 0.000000 0.000000 1.000000
69528 0.000000 0.000000 0.000000 1.000000
69529 0.000000 0.000000 0.000000 1.000000
69530 0.000000 0.000000 0.000000 1.000000
69531 0.000000 0.000000 0.000000 1.000000
69532 0.000000 0.000000 0.000000 1.000000
69533 0.000000 0.000000 0.000000 1.000000
69534 0.000000 0.000000 0.000000 1.000000
69535 0.000000 0.000000 0.000000 1.000000
69536 0.000000 0.000000 0.000000 1.000000
69537 0.000000 0.000000 0.000000 1.000000
69538 0.000000 0.000000 0.000000 1.000000
69546 0.000000 0.000000 0.000000 1.000000
69547 0.000000 0.000000 0.000000 1.000000
69548 0.000000 0.000000 0.000000 1.000000
69549 0.000000 0.000000 0.000000 1.000000
69550 0.000000 0.000000 0.000000 1.000000
69551 0.000000 0.000000 0.000000 1.000000
69552 0.000000 0.000000 0.000000 1.000000
69553 0.000000 0.000000 0.000000 1.000000
69554 0.000000 0.000000 0.000000 1.000000
69560 0.000000 0.000000 0.000000 1.000000
69561 0.000000 0.000000 0.000000 1.000000
70485 0.000000 0.000000 0.000000 1.000000
70490 0.000000 0.000000 0.000000 1.000000
70491 0.000000 0.000000 0.000000 1.000000
70494 0.000000 0.000000 0.000000 1.000000
70495 0.000000 0.000000 0.000000 1.000000
70496 0.000000 0.000000 0.000000 1.000000
70497 0.000000 0.000000 0.000000 1.000000
70498 0.000000 0.000000 0.000000 1.000000
70499 0.000000 0.000000 0.000000 1.000000
70501 0.000000 0.000000 0.000000 1.000000
70502 0.000000 0.000000 0.000000 1.000000
70503 0.000000 0.000000 0.000000 1.000000
70504 0.000000 0.000000 0.000000 1.000000
70505 0.000000 0.000000 0.000000 1.000000
70506 0.000000 0.000000 0.000000 1.000000
70507 0.000000 0.000000 0.000000 1.000000
70508 0.000000 0.000000 0.000000 1.000000
70509 0.000000 0.000000 0.000000 1.000000
70510 0.000000 0.000000 0.000000 1.000000
70511 0.000000 0.000000 0.000000 1.000000
70512 0.000000 0.000000 0.000000 1.000000
70513 0.000000 0.000000 0.000000 1.000000
70514 0.000000 0.000000 0.000000 1.000000
70515 0.000000 0.000000 0.000000 1.000000
70516 0.000000 0.000000 0.000000 1.000000
70522 0.000000 0.000000 0.000000 1.000000
70523 0.000000 0.000000 0.000000 1.000000
70524 0.000000 0.000000 0.000000 1.000000
70525 0.000000 0.000000 0.000000 1.000000
70526 0.000000 0.000000 0.000000 1.000000
70527 0.000000 0.000000 0.000000 1.000000
70528 0.000000 0.000000 0.000000 1.000000
70529 0.000000 0.000000 0.000000 1.000000
70530 0.000000 0.000000 0.000000 1.000000
70531 0.000000 0.000000 0.000000 1.000000
70532 0.000000 0.000000 0.000000 1.000000
70533 0.000000 0.000000 0.000000 1.000000
70534 0.000000 0.000000 0.000000 1.000000
70535 0.000000 0.000000 0.000000 1.000000
70536 0.000000 0.000000 0.000000 1.000000
70537 0.000000 0.000000 0.000000 1.000000
70543 0.000000 0.000000 0.000000 1.000000
70544 0.000000 0.000000 0.000000 1.000000
70545 0.000000 0.000000 0.000000 1.000000
70546 0.000000 0.000000 0.000000 1.000000
70547 0.000000 0.000000 0.000000 1.000000
70548 0.000000 0.000000 0.000000 1.000000
70549 0.000000 0.000000 0.000000 1.000000
70550 0.000000 0.000000 0.000000 1.000000
70551 0.000000 0.000000 0.000000 1.000000
70556 0.000000 0.000000 0.000000 1.000000
70557 0.000000 0.000000 0.000000 1.000000
70558 0.000000 0.000000 0.000000 1.000000
70559 0.000000 0.000000 0.000000 1.000000
71550 0.000000 0.000000 0.000000 1.000000
71551 0.000000 0.000000 0.000000 1.000000
71554 0.000000 0.000000 0.000000 1.000000
71555 0.000000 0.000000 0.000000 1.000000
71556 0.000000 0.000000 0.000000 1.000000
71559 0.000000 0.000000 0.000000 1.000000
71560 0.000000 0.000000 0.000000 1.000000
71561 0.000000 0.000000 0.000000 1.000000
71562 0.000000 0.000000 0.000000 1.000000
71563 0.000000 0.000000 0.000000 1.000000
71564 0.000000 0.000000 0.000000 1.000000
71566 0.000000 0.000000 0.000000 1.000000
71567 0.000000 0.000000 0.000000 1.000000
71568 0.000000 0.000000 0.000000 1.000000
71569 0.000000 0.000000 0.000000 1.000000
71570 0.000000 0.000000 0.000000 1.000000
71571 0.000000 0.000000 0.000000 1.000000
71572 0.000000 0.000000 0.000000 1.000000
71573 0.000000 0.000000 0.000000 1.000000
71574 0.000000 0.000000 0.000000 1.000000
71575 0.000000 0.000000 0.000000 1.000000
71576 0.000000 0.000000 0.000000 1.000000
71577 0.000000 0.000000 0.000000 1.000000
71578 0.000000 0.000000 0.000000 1.000000
71584 0.000000 0.000000 0.000000 1.000000
71585 0.000000 0.000000 0.000000 1.000000
71586 0.000000 0.000000 0.000000 1.000000
71587 0.000000 0.000000 0.000000 1.000000
71588 0.000000 0.000000 0.000000 1.000000
71589 0.000000 0.000000 0.000000 1.000000
71590 0.000000 0.000000 0.000000 1.000000
71591 0.000000 0.000000 0.000000 1.000000
71592 0.000000 0.000000 0.000000 1.000000
71593 0.000000 0.000000 0.000000 1.000000
71594 0.000000 0.000000 0.000000 1.000000
71595 0.000000 0.000000 0.000000 1.000000
71596 0.000000 0.000000 0.000000 1.000000
71597 0.000000 0.000000 0.000000 1.000000
71601 0.000000 0.000000 0.000000 1.000000
71602 0.000000 0.000000 0.000000 1.000000
71605 0.000000 0.000000 0.000000 1.000000
71606 0.000000 0.000000 0.000000 1.000000
71607 0.000000 0.000000 0.000000 1.000000
71608 0.000000 0.000000 0.000000 1.000000
71609 0.000000 0.000000 0.000000 1.000000
71610 0.000000 0.000000 0.000000 1.000000
71614 0.000000 0.000000 0.000000 1.000000
71615 0.000000 0.000000 0.000000 1.000000
71616 0.000000 0.000000 0.000000 1.000000
71617 0.000000 0.000000 0.000000 1.000000
71618 0.000000 0.000000 0.000000 1.000000
71619 0.000000 0.000000 0.000000 1.000000
71620 0.000000 0.000000 0.000000 1.000000
71621 0.000000 0.000000 0.000000 1.000000
71625 0.000000 0.000000 0.000000 1.000000
71626 0.000000 0.000000 0.000000 1.000000
72672 0.000000 0.000000 0.000000 1.000000
72673 0.000000 0.000000 0.000000 1.000000
72674 0.000000 0.000000 0.000000 1.000000
72677 0.000000 0.000000 0.000000 1.000000
72678 0.000000 0.000000 0.000000 1.000000
72679 0.000000 0.000000 0.000000 1.000000
72680 0.000000 0.000000 0.000000 1.000000
72681 0.000000 0.000000 0.000000 1.000000
72682 0.000000 0.000000 0.000000 1.000000
72683 0.000000 0.000000 0.000000 1.000000
72685 0.000000 0.000000 0.000000 1.000000
72686 0.000000 0.000000 0.000000 1.000000
72687 0.000000 0.000000 0.000000 1.000000
72688 0.000000 0.000000 0.000000 1.000000
72689 0.000000 0.000000 0.000000 1.000000
72690 0.000000 0.000000 0.000000 1.000000
72691 0.000000 0.000000 0.000000 1.000000
72692 0.000000 0.000000 0.000000 1.000000
72693 0.000000 0.000000 0.000000 1.000000
72694 0.000000 0.000000 0.000000 1.000000
72695 0.000000 0.000000 0.000000 1.000000
72696 0.000000 0.000000 0.000000 1.000000
72697 0.000000 0.000000 0.000000 1.000000
72698 0.000000 0.000000 0.000000 1.000000
72699 0.000000 0.000000 0.000000 1.000000
72700 0.000000 0.000000 0.000000 1.000000
72706 0.000000 0.000000 0.000000 1.000000
72707 0.000000 0.000000 0.000000 1.000000
72708 0.000000 0.000000 0.000000 1.000000
72709 0.000000 0.000000 0.000000 1.000000
72710 0.000000 0.000000 0.000000 1.000000
72711 0.000000 0.000000 0.000000 1.000000
72712 0.000000 0.000000 0.000000 1.000000
72713 0.000000 0.000000 0.000000 1.000000
72714 0.000000 0.000000 0.000000 1.000000
72715 0.000000 0.000000 0.000000 1.000000
72716 0.000000 0.000000 0.000000 1.000000
72717 0.000000 0.000000 0.000000 1.000000
72721 0.000000 0.000000 0.000000 1.000000
72722 0.000000 0.000000 0.000000 1.000000
72725 0.000000 0.000000 0.000000 1.000000
72726 0.000000 0.000000 0.000000 1.000000
72727 0.000000 0.000000 0.000000 1.000000
72728 0.000000 0.000000 0.000000 1.000000
72729 0.000000 0.000000 0.000000 1.000000
72730 0.000000 0.000000 0.000000 1.000000
72734 0.000000 0.000000 0.000000 1.000000
72735 0.000000 0.000000 0.000000 1.000000
72737 0.000000 0.000000 0.000000 1.000000
72738 0.000000 0.000000 0.000000 1.000000
72739 0.000000 0.000000 0.000000 1.000000
72740 0.000000 0.000000 0.000000 1.000000
72741 0.000000 0.000000 0.000000 1.000000
72745 0.000000 0.000000 0.000000 1.000000
72746 0.000000 0.000000 0.000000 1.000000
72747 0.000000 0.000000 0.000000 1.000000
72748 0.000000 0.000000 0.000000 1.000000
72752 0.000000 0.000000 0.000000 1.000000
72753 0.000000 0.000000 0.000000 1.000000
72754 0.000000 0.000000 0.000000 1.000000
73816 0.000000 0.000000 0.000000 1.000000
73820 0.000000 0.000000 0.000000 1.000000
73821 0.000000 0.000000 0.000000 1.000000
73827 0.000000 0.000000 0.000000 1.000000
73828 0.000000 0.000000 0.000000 1.000000
73829 0.000000 0.000000 0.000000 1.000000
73831 0.000000 0.000000 0.000000 1.000000
73832 0.000000 0.000000 0.000000 1.000000
73833 0.000000 0.000000 0.000000 1.000000
73834 0.000000 0.000000 0.000000 1.000000
73835 0.000000 0.000000 0.000000 1.000000
73836 0.000000 0.000000 0.000000 1.000000
73837 0.000000 0.000000 0.000000 1.000000
73838 0.000000 0.000000 0.000000 1.000000
73847 0.000000 0.000000 0.000000 1.000000
73848 0.000000 0.000000 0.000000 1.000000
73849 0.000000 0.000000 0.000000 1.000000
73850 0.000000 0.000000 0.000000 1.000000
73851 0.000000 0.000000 0.000000 1.000000
73852 0.000000 0.000000 0.000000 1.000000
73853 0.000000 0.000000 0.000000 1.000000
73854 0.000000 0.000000 0.000000 1.000000
73855 0.000000 0.000000 0.000000 1.000000
73856 0.000000 0.000000 0.000000 1.000000
73857 0.000000 0.000000 0.000000 1.000000
73858 0.000000 0.000000 0.000000 1.000000
73859 0.000000 0.000000 0.000000 1.000000
73860 0.000000 0.000000 0.000000 1.000000
73861 0.000000 0.000000 0.000000 1.000000
73866 0.000000 0.000000 0.000000 1.000000
73867 0.000000 0.000000 0.000000 1.000000
73870 0.000000 0.000000 0.000000 1.000000
73871 0.000000 0.000000 0.000000 1.000000
73872 0.000000 0.000000 0.000000 1.000000
73873 0.000000 0.000000 0.000000 1.000000
73874 0.000000 0.000000 0.000000 1.000000
73875 0.000000 0.000000 0.000000 1.000000
73879 0.000000 0.000000 0.000000 1.000000
73882 0.000000 0.000000 0.000000 1.000000
73883 0.000000 0.000000 0.000000 1.000000
73884 0.000000 0.000000 0.000000 1.000000
73885 0.000000 0.000000 0.000000 1.000000
73889 0.000000 0.000000 0.000000 1.000000
73890 0.000000 0.000000 0.000000 1.000000
73891 0.000000 0.000000 0.000000 1.000000
73892 0.000000 0.000000 0.000000 1.000000
73897 0.000000 0.000000 0.000000 1.000000
73898 0.000000 0.000000 0.000000 1.000000
73899 0.000000 0.000000 0.000000 1.000000
73900 0.000000 0.000000 0.000000 1.000000
73907 0.000000 0.000000 0.000000 1.000000
73908 0.000000 0.000000 0.000000 1.000000
75015 0.000000 0.000000 0.000000 1.000000
75016 0.000000 0.000000 0.000000 1.000000
75017 0.000000 0.000000 0.000000 1.000000
75018 0.000000 0.000000 0.000000 1.000000
75030 0.000000 0.000000 0.000000 1.000000
75031 0.000000 0.000000 0.000000 1.000000
75032 0.000000 0.000000 0.000000 1.000000
75033 0.000000 0.000000 0.000000 1.000000
75034 0.000000 0.000000 0.000000 1.000000
75035 0.000000 0.000000 0.000000 1.000000
75036 0.000000 0.000000 0.000000 1.000000
75037 0.000000 0.000000 0.000000 1.000000
75038 0.000000 0.000000 0.000000 1.000000
75039 0.000000 0.000000 0.000000 1.000000
75040 0.000000 0.000000 0.000000 1.000000
75051 0.000000 0.000000 0.000000 1.000000
75052 0.000000 0.000000 0.000000 1.000000
75053 0.000000 0.000000 0.000000 1.000000
75054 0.000000 0.000000 0.000000 1.000000
75056 0.000000 0.000000 0.000000 1.000000
75057 0.000000 0.000000 0.000000 1.000000
75060 0.000000 0.000000 0.000000 1.000000
75068 0.000000 0.000000 0.000000 1.000000
75069 0.000000 0.000000 0.000000 1.000000
75071 0.000000 0.000000 0.000000 1.000000
75072 0.000000 0.000000 0.000000 1.000000
75078 0.000000 0.000000 0.000000 1.000000
75079 0.000000 0.000000 0.000000 1.000000
75085 0.000000 0.000000 0.000000 1.000000
75086 0.000000 0.000000 0.000000 1.000000
75087 0.000000 0.000000 0.000000 1.000000
75093 0.000000 0.000000 0.000000 1.000000
75094 0.000000 0.000000 0.000000 1.000000
76178 0.000000 0.000000 0.000000 1.000000
76179 0.000000 0.000000 0.000000 1.000000
76194 0.000000 0.000000 0.000000 1.000000
76195 0.000000 0.000000 0.000000 1.000000
76203 0.000000 0.000000 0.000000 1.000000
76204 0.000000 0.000000 0.000000 1.000000
76257 0.000000 0.000000 0.000000 1.000000
76258 0.000000 0.000000 0.000000 1.000000
