#
1527
92311 0.000000 0.000000 0.000000 1.000000
92312 0.000000 0.000000 0.000000 1.000000
92328 0.000000 0.000000 0.000000 1.000000
93330 0.000000 0.000000 0.000000 1.000000
93347 0.000000 0.000000 0.000000 1.000000
93348 0.000000 0.000000 0.000000 1.000000
93357 0.000000 0.000000 0.000000 1.000000
93358 0.000000 0.000000 0.000000 1.000000
93366 0.000000 0.000000 0.000000 1.000000
94320 0.000000 0.000000 0.000000 1.000000
94331 0.000000 0.000000 0.000000 1.000000
94349 0.000000 0.000000 0.000000 1.000000
94350 0.000000 0.000000 0.000000 1.000000
94374 0.000000 0.000000 0.000000 1.000000
94390 0.000000 0.000000 0.000000 1.000000
94398 0.000000 0.000000 0.000000 1.000000
94407 0.000000 0.000000 0.000000 1.000000
94408 0.000000 0.000000 0.000000 1.000000
94415 0.000000 0.000000 0.000000 1.000000
95382 0.000000 0.000000 0.000000 1.000000
95383 0.000000 0.000000 0.000000 1.000000
95390 0.000000 0.000000 0.000000 1.000000
95391 0.000000 0.000000 0.000000 1.000000
95392 0.000000 0.000000 0.000000 1.000000
95399 0.000000 0.000000 0.000000 1.000000
95400 0.000000 0.000000 0.000000 1.000000
95401 0.000000 0.000000 0.000000 1.000000
95406 0.000000 0.000000 0.000000 1.000000
95407 0.000000 0.000000 0.000000 1.000000
95408 0.000000 0.000000 0.000000 1.000000
95416 0.000000 0.000000 0.000000 1.000000
95417 0.000000 0.000000 0.000000 1.000000
95424 0.000000 0.000000 0.000000 1.000000
95425 0.000000 0.000000 0.000000 1.000000
95436 0.000000 0.000000 0.000000 1.000000
95437 0.000000 0.000000 0.000000 1.000000
95438 0.000000 0.000000 0.000000 1.000000
95447 0.000000 0.000000 0.000000 1.000000
95448 0.000000 0.000000 0.000000 1.000000
95449 0.000000 0.000000 0.000000 1.000000
95453 0.000000 0.000000 0.000000 1.000000
95454 0.000000 0.000000 0.000000 1.000000
95456 0.000000 0.000000 0.000000 1.000000
95457 0.000000 0.000000 0.000000 1.000000
95465 0.000000 0.000000 0.000000 1.000000
95466 0.000000 0.000000 0.000000 1.000000
95475 0.000000 0.000000 0.000000 1.000000
95481 0.000000 0.000000 0.000000 1.000000
95487 0.000000 0.000000 0.000000 1.000000
95493 0.000000 0.000000 0.000000 1.000000
95494 0.000000 0.000000 0.000000 1.000000
95501 0.000000 0.000000 0.000000 1.000000
95502 0.000000 0.000000 0.000000 1.000000
96465 0.000000 0.000000 0.000000 1.000000
96476 0.000000 0.000000 0.000000 1.000000
96484 0.000000 0.000000 0.000000 1.000000
96485 0.000000 0.000000 0.000000 1.000000
96491 0.000000 0.000000 0.000000 1.000000
96492 0.000000 0.000000 0.000000 1.000000
96497 0.000000 0.000000 0.000000 1.000000
96498 0.000000 0.000000 0.000000 1.000000
96499 0.000000 0.000000 0.000000 1.000000
96505 0.000000 0.000000 0.000000 1.000000
96506 0.000000 0.000000 0.000000 1.000000
96507 0.000000 0.000000 0.000000 1.000000
96508 0.000000 0.000000 0.000000 1.000000
96515 0.000000 0.000000 0.000000 1.000000
96516 0.000000 0.000000 0.000000 1.000000
96517 0.000000 0.000000 0.000000 1.000000
96525 0.000000 0.000000 0.000000 1.000000
96526 0.000000 0.000000 0.000000 1.000000
96536 0.000000 0.000000 0.000000 1.000000
96537 0.000000 0.000000 0.000000 1.000000
96538 0.000000 0.000000 0.000000 1.000000
96539 0.000000 0.000000 0.000000 1.000000
96550 0.000000 0.000000 0.000000 1.000000
96551 0.000000 0.000000 0.000000 1.000000
96552 0.000000 0.000000 0.000000 1.000000
96553 0.000000 0.000000 0.000000 1.000000
96562 0.000000 0.000000 0.000000 1.000000
96563 0.000000 0.000000 0.000000 1.000000
96572 0.000000 0.000000 0.000000 1.000000
96573 0.000000 0.000000 0.000000 1.000000
96577 0.000000 0.000000 0.000000 1.000000
96578 0.000000 0.000000 0.000000 1.000000
96582 0.000000 0.000000 0.000000 1.000000
96583 0.000000 0.000000 0.000000 1.000000
96586 0.000000 0.000000 0.000000 1.000000
96589 0.000000 0.000000 0.000000 1.000000
96594 0.000000 0.000000 0.000000 1.000000
96595 0.000000 0.000000 0.000000 1.000000
96600 0.000000 0.000000 0.000000 1.000000
97579 0.000000 0.000000 0.000000 1.000000
97589 0.000000 0.000000 0.000000 1.000000
97590 0.000000 0.000000 0.000000 1.000000
97600 0.000000 0.000000 0.000000 1.000000
97612 0.000000 0.000000 0.000000 1.000000
97626 0.000000 0.000000 0.000000 1.000000
97627 0.000000 0.000000 0.000000 1.000000
97641 0.000000 0.000000 0.000000 1.000000
97642 0.000000 0.000000 0.000000 1.000000
97655 0.000000 0.000000 0.000000 1.000000
97667 0.000000 0.000000 0.000000 1.000000
97668 0.000000 0.000000 0.000000 1.000000
97681 0.000000 0.000000 0.000000 1.000000
97682 0.000000 0.000000 0.000000 1.000000
97683 0.000000 0.000000 0.000000 1.000000
97684 0.000000 0.000000 0.000000 1.000000
97697 0.000000 0.000000 0.000000 1.000000
97698 0.000000 0.000000 0.000000 1.000000
97699 0.000000 0.000000 0.000000 1.000000
97700 0.000000 0.000000 0.000000 1.000000
97714 0.000000 0.000000 0.000000 1.000000
97715 0.000000 0.000000 0.000000 1.000000
97730 0.000000 0.000000 0.000000 1.000000
97731 0.000000 0.000000 0.000000 1.000000
97732 0.000000 0.000000 0.000000 1.000000
97737 0.000000 0.000000 0.000000 1.000000
97738 0.000000 0.000000 0.000000 1.000000
97739 0.000000 0.000000 0.000000 1.000000
97740 0.000000 0.000000 0.000000 1.000000
97743 0.000000 0.000000 0.000000 1.000000
97744 0.000000 0.000000 0.000000 1.000000
97748 0.000000 0.000000 0.000000 1.000000
97749 0.000000 0.000000 0.000000 1.000000
97752 0.000000 0.000000 0.000000 1.000000
97753 0.000000 0.000000 0.000000 1.000000
97756 0.000000 0.000000 0.000000 1.000000
97757 0.000000 0.000000 0.000000 1.000000
97760 0.000000 0.000000 0.000000 1.000000
97762 0.000000 0.000000 0.000000 1.000000
97763 0.000000 0.000000 0.000000 1.000000
97765 0.000000 0.000000 0.000000 1.000000
97771 0.000000 0.000000 0.000000 1.000000
97781 0.000000 0.000000 0.000000 1.000000
98656 0.000000 0.000000 0.000000 1.000000
98657 0.000000 0.000000 0.000000 1.000000
98663 0.000000 0.000000 0.000000 1.000000
98664 0.000000 0.000000 0.000000 1.000000
98671 0.000000 0.000000 0.000000 1.000000
98672 0.000000 0.000000 0.000000 1.000000
98679 0.000000 0.000000 0.000000 1.000000
98687 0.000000 0.000000 0.000000 1.000000
98693 0.000000 0.000000 0.000000 1.000000
98694 0.000000 0.000000 0.000000 1.000000
98701 0.000000 0.000000 0.000000 1.000000
98702 0.000000 0.000000 0.000000 1.000000
98711 0.000000 0.000000 0.000000 1.000000
98720 0.000000 0.000000 0.000000 1.000000
98729 0.000000 0.000000 0.000000 1.000000
98730 0.000000 0.000000 0.000000 1.000000
98731 0.000000 0.000000 0.000000 1.000000
98732 0.000000 0.000000 0.000000 1.000000
98741 0.000000 0.000000 0.000000 1.000000
98742 0.000000 0.000000 0.000000 1.000000
98743 0.000000 0.000000 0.000000 1.000000
98744 0.000000 0.000000 0.000000 1.000000
98754 0.000000 0.000000 0.000000 1.000000
98755 0.000000 0.000000 0.000000 1.000000
98756 0.000000 0.000000 0.000000 1.000000
98761 0.000000 0.000000 0.000000 1.000000
98762 0.000000 0.000000 0.000000 1.000000
98763 0.000000 0.000000 0.000000 1.000000
98765 0.000000 0.000000 0.000000 1.000000
98766 0.000000 0.000000 0.000000 1.000000
98767 0.000000 0.000000 0.000000 1.000000
98770 0.000000 0.000000 0.000000 1.000000
98771 0.000000 0.000000 0.000000 1.000000
98772 0.000000 0.000000 0.000000 1.000000
98774 0.000000 0.000000 0.000000 1.000000
98775 0.000000 0.000000 0.000000 1.000000
98778 0.000000 0.000000 0.000000 1.000000
98779 0.000000 0.000000 0.000000 1.000000
98782 0.000000 0.000000 0.000000 1.000000
98783 0.000000 0.000000 0.000000 1.000000
98785 0.000000 0.000000 0.000000 1.000000
98786 0.000000 0.000000 0.000000 1.000000
98788 0.000000 0.000000 0.000000 1.000000
98790 0.000000 0.000000 0.000000 1.000000
98791 0.000000 0.000000 0.000000 1.000000
99584 0.000000 0.000000 0.000000 1.000000
99595 0.000000 0.000000 0.000000 1.000000
99603 0.000000 0.000000 0.000000 1.000000
99604 0.000000 0.000000 0.000000 1.000000
99611 0.000000 0.000000 0.000000 1.000000
99618 0.000000 0.000000 0.000000 1.000000
99619 0.000000 0.000000 0.000000 1.000000
99625 0.000000 0.000000 0.000000 1.000000
99626 0.000000 0.000000 0.000000 1.000000
99632 0.000000 0.000000 0.000000 1.000000
99637 0.000000 0.000000 0.000000 1.000000
99642 0.000000 0.000000 0.000000 1.000000
99643 0.000000 0.000000 0.000000 1.000000
99650 0.000000 0.000000 0.000000 1.000000
99651 0.000000 0.000000 0.000000 1.000000
99657 0.000000 0.000000 0.000000 1.000000
99658 0.000000 0.000000 0.000000 1.000000
99662 0.000000 0.000000 0.000000 1.000000
99669 0.000000 0.000000 0.000000 1.000000
99677 0.000000 0.000000 0.000000 1.000000
99678 0.000000 0.000000 0.000000 1.000000
99679 0.000000 0.000000 0.000000 1.000000
99685 0.000000 0.000000 0.000000 1.000000
99686 0.000000 0.000000 0.000000 1.000000
99687 0.000000 0.000000 0.000000 1.000000
99689 0.000000 0.000000 0.000000 1.000000
99690 0.000000 0.000000 0.000000 1.000000
99693 0.000000 0.000000 0.000000 1.000000
99694 0.000000 0.000000 0.000000 1.000000
99695 0.000000 0.000000 0.000000 1.000000
99698 0.000000 0.000000 0.000000 1.000000
99699 0.000000 0.000000 0.000000 1.000000
99700 0.000000 0.000000 0.000000 1.000000
99702 0.000000 0.000000 0.000000 1.000000
99703 0.000000 0.000000 0.000000 1.000000
99706 0.000000 0.000000 0.000000 1.000000
99709 0.000000 0.000000 0.000000 1.000000
99712 0.000000 0.000000 0.000000 1.000000
99715 0.000000 0.000000 0.000000 1.000000
99716 0.000000 0.000000 0.000000 1.000000
100448 0.000000 0.000000 0.000000 1.000000
100457 0.000000 0.000000 0.000000 1.000000
100464 0.000000 0.000000 0.000000 1.000000
100465 0.000000 0.000000 0.000000 1.000000
100471 0.000000 0.000000 0.000000 1.000000
100472 0.000000 0.000000 0.000000 1.000000
100478 0.000000 0.000000 0.000000 1.000000
100479 0.000000 0.000000 0.000000 1.000000
100484 0.000000 0.000000 0.000000 1.000000
100485 0.000000 0.000000 0.000000 1.000000
100486 0.000000 0.000000 0.000000 1.000000
100491 0.000000 0.000000 0.000000 1.000000
100492 0.000000 0.000000 0.000000 1.000000
100497 0.000000 0.000000 0.000000 1.000000
100498 0.000000 0.000000 0.000000 1.000000
100502 0.000000 0.000000 0.000000 1.000000
100503 0.000000 0.000000 0.000000 1.000000
100508 0.000000 0.000000 0.000000 1.000000
100513 0.000000 0.000000 0.000000 1.000000
100514 0.000000 0.000000 0.000000 1.000000
100518 0.000000 0.000000 0.000000 1.000000
100525 0.000000 0.000000 0.000000 1.000000
100534 0.000000 0.000000 0.000000 1.000000
100541 0.000000 0.000000 0.000000 1.000000
100542 0.000000 0.000000 0.000000 1.000000
100543 0.000000 0.000000 0.000000 1.000000
100546 0.000000 0.000000 0.000000 1.000000
100547 0.000000 0.000000 0.000000 1.000000
100548 0.000000 0.000000 0.000000 1.000000
100551 0.000000 0.000000 0.000000 1.000000
100552 0.000000 0.000000 0.000000 1.000000
100556 0.000000 0.000000 0.000000 1.000000
100557 0.000000 0.000000 0.000000 1.000000
100558 0.000000 0.000000 0.000000 1.000000
100561 0.000000 0.000000 0.000000 1.000000
100562 0.000000 0.000000 0.000000 1.000000
100563 0.000000 0.000000 0.000000 1.000000
100564 0.000000 0.000000 0.000000 1.000000
100567 0.000000 0.000000 0.000000 1.000000
100568 0.000000 0.000000 0.000000 1.000000
100569 0.000000 0.000000 0.000000 1.000000
100572 0.000000 0.000000 0.000000 1.000000
100573 0.000000 0.000000 0.000000 1.000000
100576 0.000000 0.000000 0.000000 1.000000
100577 0.000000 0.000000 0.000000 1.000000
100580 0.000000 0.000000 0.000000 1.000000
100581 0.000000 0.000000 0.000000 1.000000
100584 0.000000 0.000000 0.000000 1.000000
101205 0.000000 0.000000 0.000000 1.000000
101215 0.000000 0.000000 0.000000 1.000000
101216 0.000000 0.000000 0.000000 1.000000
101217 0.000000 0.000000 0.000000 1.000000
101228 0.000000 0.000000 0.000000 1.000000
101229 0.000000 0.000000 0.000000 1.000000
101230 0.000000 0.000000 0.000000 1.000000
101238 0.000000 0.000000 0.000000 1.000000
101239 0.000000 0.000000 0.000000 1.000000
101240 0.000000 0.000000 0.000000 1.000000
101248 0.000000 0.000000 0.000000 1.000000
101249 0.000000 0.000000 0.000000 1.000000
101250 0.000000 0.000000 0.000000 1.000000
101257 0.000000 0.000000 0.000000 1.000000
101258 0.000000 0.000000 0.000000 1.000000
101264 0.000000 0.000000 0.000000 1.000000
101265 0.000000 0.000000 0.000000 1.000000
101266 0.000000 0.000000 0.000000 1.000000
101272 0.000000 0.000000 0.000000 1.000000
101273 0.000000 0.000000 0.000000 1.000000
101279 0.000000 0.000000 0.000000 1.000000
101280 0.000000 0.000000 0.000000 1.000000
101285 0.000000 0.000000 0.000000 1.000000
101286 0.000000 0.000000 0.000000 1.000000
101292 0.000000 0.000000 0.000000 1.000000
101293 0.000000 0.000000 0.000000 1.000000
101300 0.000000 0.000000 0.000000 1.000000
101301 0.000000 0.000000 0.000000 1.000000
101306 0.000000 0.000000 0.000000 1.000000
101307 0.000000 0.000000 0.000000 1.000000
101313 0.000000 0.000000 0.000000 1.000000
101322 0.000000 0.000000 0.000000 1.000000
101330 0.000000 0.000000 0.000000 1.000000
101333 0.000000 0.000000 0.000000 1.000000
101334 0.000000 0.000000 0.000000 1.000000
101335 0.000000 0.000000 0.000000 1.000000
101336 0.000000 0.000000 0.000000 1.000000
101338 0.000000 0.000000 0.000000 1.000000
101339 0.000000 0.000000 0.000000 1.000000
101340 0.000000 0.000000 0.000000 1.000000
101341 0.000000 0.000000 0.000000 1.000000
101344 0.000000 0.000000 0.000000 1.000000
101345 0.000000 0.000000 0.000000 1.000000
101346 0.000000 0.000000 0.000000 1.000000
101349 0.000000 0.000000 0.000000 1.000000
101350 0.000000 0.000000 0.000000 1.000000
101353 0.000000 0.000000 0.000000 1.000000
101354 0.000000 0.000000 0.000000 1.000000
101355 0.000000 0.000000 0.000000 1.000000
101359 0.000000 0.000000 0.000000 1.000000
101360 0.000000 0.000000 0.000000 1.000000
101361 0.000000 0.000000 0.000000 1.000000
101367 0.000000 0.000000 0.000000 1.000000
101368 0.000000 0.000000 0.000000 1.000000
101369 0.000000 0.000000 0.000000 1.000000
101377 0.000000 0.000000 0.000000 1.000000
101378 0.000000 0.000000 0.000000 1.000000
101379 0.000000 0.000000 0.000000 1.000000
101387 0.000000 0.000000 0.000000 1.000000
101938 0.000000 0.000000 0.000000 1.000000
101948 0.000000 0.000000 0.000000 1.000000
101949 0.000000 0.000000 0.000000 1.000000
101960 0.000000 0.000000 0.000000 1.000000
101961 0.000000 0.000000 0.000000 1.000000
101972 0.000000 0.000000 0.000000 1.000000
101973 0.000000 0.000000 0.000000 1.000000
101981 0.000000 0.000000 0.000000 1.000000
101982 0.000000 0.000000 0.000000 1.000000
101989 0.000000 0.000000 0.000000 1.000000
101990 0.000000 0.000000 0.000000 1.000000
101999 0.000000 0.000000 0.000000 1.000000
102000 0.000000 0.000000 0.000000 1.000000
102009 0.000000 0.000000 0.000000 1.000000
102010 0.000000 0.000000 0.000000 1.000000
102019 0.000000 0.000000 0.000000 1.000000
102020 0.000000 0.000000 0.000000 1.000000
102028 0.000000 0.000000 0.000000 1.000000
102029 0.000000 0.000000 0.000000 1.000000
102036 0.000000 0.000000 0.000000 1.000000
102037 0.000000 0.000000 0.000000 1.000000
102042 0.000000 0.000000 0.000000 1.000000
102043 0.000000 0.000000 0.000000 1.000000
102050 0.000000 0.000000 0.000000 1.000000
102051 0.000000 0.000000 0.000000 1.000000
102057 0.000000 0.000000 0.000000 1.000000
102058 0.000000 0.000000 0.000000 1.000000
102064 0.000000 0.000000 0.000000 1.000000
102065 0.000000 0.000000 0.000000 1.000000
102073 0.000000 0.000000 0.000000 1.000000
102081 0.000000 0.000000 0.000000 1.000000
102084 0.000000 0.000000 0.000000 1.000000
102085 0.000000 0.000000 0.000000 1.000000
102088 0.000000 0.000000 0.000000 1.000000
102089 0.000000 0.000000 0.000000 1.000000
102092 0.000000 0.000000 0.000000 1.000000
102093 0.000000 0.000000 0.000000 1.000000
102094 0.000000 0.000000 0.000000 1.000000
102095 0.000000 0.000000 0.000000 1.000000
102099 0.000000 0.000000 0.000000 1.000000
102100 0.000000 0.000000 0.000000 1.000000
102101 0.000000 0.000000 0.000000 1.000000
102102 0.000000 0.000000 0.000000 1.000000
102108 0.000000 0.000000 0.000000 1.000000
102109 0.000000 0.000000 0.000000 1.000000
102110 0.000000 0.000000 0.000000 1.000000
102111 0.000000 0.000000 0.000000 1.000000
102117 0.000000 0.000000 0.000000 1.000000
102118 0.000000 0.000000 0.000000 1.000000
102119 0.000000 0.000000 0.000000 1.000000
102124 0.000000 0.000000 0.000000 1.000000
102125 0.000000 0.000000 0.000000 1.000000
102126 0.000000 0.000000 0.000000 1.000000
102132 0.000000 0.000000 0.000000 1.000000
102133 0.000000 0.000000 0.000000 1.000000
102134 0.000000 0.000000 0.000000 1.000000
102135 0.000000 0.000000 0.000000 1.000000
102648 0.000000 0.000000 0.000000 1.000000
102649 0.000000 0.000000 0.000000 1.000000
102660 0.000000 0.000000 0.000000 1.000000
102661 0.000000 0.000000 0.000000 1.000000
102670 0.000000 0.000000 0.000000 1.000000
102671 0.000000 0.000000 0.000000 1.000000
102682 0.000000 0.000000 0.000000 1.000000
102691 0.000000 0.000000 0.000000 1.000000
102692 0.000000 0.000000 0.000000 1.000000
102700 0.000000 0.000000 0.000000 1.000000
102701 0.000000 0.000000 0.000000 1.000000
102707 0.000000 0.000000 0.000000 1.000000
102708 0.000000 0.000000 0.000000 1.000000
102716 0.000000 0.000000 0.000000 1.000000
102717 0.000000 0.000000 0.000000 1.000000
102726 0.000000 0.000000 0.000000 1.000000
102727 0.000000 0.000000 0.000000 1.000000
102728 0.000000 0.000000 0.000000 1.000000
102736 0.000000 0.000000 0.000000 1.000000
102737 0.000000 0.000000 0.000000 1.000000
102745 0.000000 0.000000 0.000000 1.000000
102746 0.000000 0.000000 0.000000 1.000000
102754 0.000000 0.000000 0.000000 1.000000
102755 0.000000 0.000000 0.000000 1.000000
102763 0.000000 0.000000 0.000000 1.000000
102764 0.000000 0.000000 0.000000 1.000000
102772 0.000000 0.000000 0.000000 1.000000
102781 0.000000 0.000000 0.000000 1.000000
102782 0.000000 0.000000 0.000000 1.000000
102791 0.000000 0.000000 0.000000 1.000000
102792 0.000000 0.000000 0.000000 1.000000
102802 0.000000 0.000000 0.000000 1.000000
102806 0.000000 0.000000 0.000000 1.000000
102807 0.000000 0.000000 0.000000 1.000000
102811 0.000000 0.000000 0.000000 1.000000
102815 0.000000 0.000000 0.000000 1.000000
102820 0.000000 0.000000 0.000000 1.000000
102821 0.000000 0.000000 0.000000 1.000000
102822 0.000000 0.000000 0.000000 1.000000
102823 0.000000 0.000000 0.000000 1.000000
102834 0.000000 0.000000 0.000000 1.000000
102835 0.000000 0.000000 0.000000 1.000000
102836 0.000000 0.000000 0.000000 1.000000
102837 0.000000 0.000000 0.000000 1.000000
102838 0.000000 0.000000 0.000000 1.000000
102847 0.000000 0.000000 0.000000 1.000000
102848 0.000000 0.000000 0.000000 1.000000
102849 0.000000 0.000000 0.000000 1.000000
102850 0.000000 0.000000 0.000000 1.000000
102851 0.000000 0.000000 0.000000 1.000000
102859 0.000000 0.000000 0.000000 1.000000
102860 0.000000 0.000000 0.000000 1.000000
102861 0.000000 0.000000 0.000000 1.000000
102862 0.000000 0.000000 0.000000 1.000000
102870 0.000000 0.000000 0.000000 1.000000
102871 0.000000 0.000000 0.000000 1.000000
103367 0.000000 0.000000 0.000000 1.000000
103373 0.000000 0.000000 0.000000 1.000000
103374 0.000000 0.000000 0.000000 1.000000
103381 0.000000 0.000000 0.000000 1.000000
103382 0.000000 0.000000 0.000000 1.000000
103388 0.000000 0.000000 0.000000 1.000000
103389 0.000000 0.000000 0.000000 1.000000
103400 0.000000 0.000000 0.000000 1.000000
103412 0.000000 0.000000 0.000000 1.000000
103413 0.000000 0.000000 0.000000 1.000000
103424 0.000000 0.000000 0.000000 1.000000
103425 0.000000 0.000000 0.000000 1.000000
103431 0.000000 0.000000 0.000000 1.000000
103440 0.000000 0.000000 0.000000 1.000000
103441 0.000000 0.000000 0.000000 1.000000
103449 0.000000 0.000000 0.000000 1.000000
103450 0.000000 0.000000 0.000000 1.000000
103457 0.000000 0.000000 0.000000 1.000000
103463 0.000000 0.000000 0.000000 1.000000
103464 0.000000 0.000000 0.000000 1.000000
103473 0.000000 0.000000 0.000000 1.000000
103474 0.000000 0.000000 0.000000 1.000000
103482 0.000000 0.000000 0.000000 1.000000
103483 0.000000 0.000000 0.000000 1.000000
103492 0.000000 0.000000 0.000000 1.000000
103493 0.000000 0.000000 0.000000 1.000000
103501 0.000000 0.000000 0.000000 1.000000
103502 0.000000 0.000000 0.000000 1.000000
103503 0.000000 0.000000 0.000000 1.000000
103512 0.000000 0.000000 0.000000 1.000000
103513 0.000000 0.000000 0.000000 1.000000
103523 0.000000 0.000000 0.000000 1.000000
103535 0.000000 0.000000 0.000000 1.000000
103536 0.000000 0.000000 0.000000 1.000000
103547 0.000000 0.000000 0.000000 1.000000
103548 0.000000 0.000000 0.000000 1.000000
103555 0.000000 0.000000 0.000000 1.000000
103556 0.000000 0.000000 0.000000 1.000000
103564 0.000000 0.000000 0.000000 1.000000
103565 0.000000 0.000000 0.000000 1.000000
103576 0.000000 0.000000 0.000000 1.000000
103587 0.000000 0.000000 0.000000 1.000000
103597 0.000000 0.000000 0.000000 1.000000
103601 0.000000 0.000000 0.000000 1.000000
103602 0.000000 0.000000 0.000000 1.000000
103607 0.000000 0.000000 0.000000 1.000000
103608 0.000000 0.000000 0.000000 1.000000
103609 0.000000 0.000000 0.000000 1.000000
103610 0.000000 0.000000 0.000000 1.000000
103611 0.000000 0.000000 0.000000 1.000000
103616 0.000000 0.000000 0.000000 1.000000
103617 0.000000 0.000000 0.000000 1.000000
103618 0.000000 0.000000 0.000000 1.000000
103619 0.000000 0.000000 0.000000 1.000000
103620 0.000000 0.000000 0.000000 1.000000
104113 0.000000 0.000000 0.000000 1.000000
104114 0.000000 0.000000 0.000000 1.000000
104115 0.000000 0.000000 0.000000 1.000000
104121 0.000000 0.000000 0.000000 1.000000
104122 0.000000 0.000000 0.000000 1.000000
104128 0.000000 0.000000 0.000000 1.000000
104129 0.000000 0.000000 0.000000 1.000000
104135 0.000000 0.000000 0.000000 1.000000
104136 0.000000 0.000000 0.000000 1.000000
104137 0.000000 0.000000 0.000000 1.000000
104143 0.000000 0.000000 0.000000 1.000000
104144 0.000000 0.000000 0.000000 1.000000
104151 0.000000 0.000000 0.000000 1.000000
104163 0.000000 0.000000 0.000000 1.000000
104173 0.000000 0.000000 0.000000 1.000000
104174 0.000000 0.000000 0.000000 1.000000
104181 0.000000 0.000000 0.000000 1.000000
104189 0.000000 0.000000 0.000000 1.000000
104198 0.000000 0.000000 0.000000 1.000000
104199 0.000000 0.000000 0.000000 1.000000
104207 0.000000 0.000000 0.000000 1.000000
104213 0.000000 0.000000 0.000000 1.000000
104214 0.000000 0.000000 0.000000 1.000000
104220 0.000000 0.000000 0.000000 1.000000
104228 0.000000 0.000000 0.000000 1.000000
104229 0.000000 0.000000 0.000000 1.000000
104240 0.000000 0.000000 0.000000 1.000000
104250 0.000000 0.000000 0.000000 1.000000
104251 0.000000 0.000000 0.000000 1.000000
104261 0.000000 0.000000 0.000000 1.000000
104262 0.000000 0.000000 0.000000 1.000000
104272 0.000000 0.000000 0.000000 1.000000
104283 0.000000 0.000000 0.000000 1.000000
104288 0.000000 0.000000 0.000000 1.000000
104289 0.000000 0.000000 0.000000 1.000000
104293 0.000000 0.000000 0.000000 1.000000
104294 0.000000 0.000000 0.000000 1.000000
104301 0.000000 0.000000 0.000000 1.000000
104302 0.000000 0.000000 0.000000 1.000000
104310 0.000000 0.000000 0.000000 1.000000
104311 0.000000 0.000000 0.000000 1.000000
104317 0.000000 0.000000 0.000000 1.000000
104323 0.000000 0.000000 0.000000 1.000000
104327 0.000000 0.000000 0.000000 1.000000
104330 0.000000 0.000000 0.000000 1.000000
104334 0.000000 0.000000 0.000000 1.000000
104335 0.000000 0.000000 0.000000 1.000000
104336 0.000000 0.000000 0.000000 1.000000
104337 0.000000 0.000000 0.000000 1.000000
104338 0.000000 0.000000 0.000000 1.000000
104343 0.000000 0.000000 0.000000 1.000000
104344 0.000000 0.000000 0.000000 1.000000
104345 0.000000 0.000000 0.000000 1.000000
104346 0.000000 0.000000 0.000000 1.000000
104347 0.000000 0.000000 0.000000 1.000000
104355 0.000000 0.000000 0.000000 1.000000
104356 0.000000 0.000000 0.000000 1.000000
104357 0.000000 0.000000 0.000000 1.000000
104358 0.000000 0.000000 0.000000 1.000000
104817 0.000000 0.000000 0.000000 1.000000
104819 0.000000 0.000000 0.000000 1.000000
104820 0.000000 0.000000 0.000000 1.000000
104826 0.000000 0.000000 0.000000 1.000000
104827 0.000000 0.000000 0.000000 1.000000
104828 0.000000 0.000000 0.000000 1.000000
104829 0.000000 0.000000 0.000000 1.000000
104830 0.000000 0.000000 0.000000 1.000000
104838 0.000000 0.000000 0.000000 1.000000
104839 0.000000 0.000000 0.000000 1.000000
104840 0.000000 0.000000 0.000000 1.000000
104841 0.000000 0.000000 0.000000 1.000000
104848 0.000000 0.000000 0.000000 1.000000
104849 0.000000 0.000000 0.000000 1.000000
104850 0.000000 0.000000 0.000000 1.000000
104855 0.000000 0.000000 0.000000 1.000000
104856 0.000000 0.000000 0.000000 1.000000
104857 0.000000 0.000000 0.000000 1.000000
104862 0.000000 0.000000 0.000000 1.000000
104863 0.000000 0.000000 0.000000 1.000000
104864 0.000000 0.000000 0.000000 1.000000
104871 0.000000 0.000000 0.000000 1.000000
104872 0.000000 0.000000 0.000000 1.000000
104884 0.000000 0.000000 0.000000 1.000000
104885 0.000000 0.000000 0.000000 1.000000
104893 0.000000 0.000000 0.000000 1.000000
104894 0.000000 0.000000 0.000000 1.000000
104900 0.000000 0.000000 0.000000 1.000000
104907 0.000000 0.000000 0.000000 1.000000
104915 0.000000 0.000000 0.000000 1.000000
104916 0.000000 0.000000 0.000000 1.000000
104925 0.000000 0.000000 0.000000 1.000000
104935 0.000000 0.000000 0.000000 1.000000
104936 0.000000 0.000000 0.000000 1.000000
104945 0.000000 0.000000 0.000000 1.000000
104946 0.000000 0.000000 0.000000 1.000000
104955 0.000000 0.000000 0.000000 1.000000
104956 0.000000 0.000000 0.000000 1.000000
104965 0.000000 0.000000 0.000000 1.000000
104966 0.000000 0.000000 0.000000 1.000000
104975 0.000000 0.000000 0.000000 1.000000
104976 0.000000 0.000000 0.000000 1.000000
104977 0.000000 0.000000 0.000000 1.000000
104987 0.000000 0.000000 0.000000 1.000000
104988 0.000000 0.000000 0.000000 1.000000
105000 0.000000 0.000000 0.000000 1.000000
105001 0.000000 0.000000 0.000000 1.000000
105011 0.000000 0.000000 0.000000 1.000000
105017 0.000000 0.000000 0.000000 1.000000
105026 0.000000 0.000000 0.000000 1.000000
105027 0.000000 0.000000 0.000000 1.000000
105037 0.000000 0.000000 0.000000 1.000000
105041 0.000000 0.000000 0.000000 1.000000
105042 0.000000 0.000000 0.000000 1.000000
105044 0.000000 0.000000 0.000000 1.000000
105047 0.000000 0.000000 0.000000 1.000000
105051 0.000000 0.000000 0.000000 1.000000
105054 0.000000 0.000000 0.000000 1.000000
105057 0.000000 0.000000 0.000000 1.000000
105060 0.000000 0.000000 0.000000 1.000000
105061 0.000000 0.000000 0.000000 1.000000
105070 0.000000 0.000000 0.000000 1.000000
105071 0.000000 0.000000 0.000000 1.000000
105072 0.000000 0.000000 0.000000 1.000000
105073 0.000000 0.000000 0.000000 1.000000
105074 0.000000 0.000000 0.000000 1.000000
105084 0.000000 0.000000 0.000000 1.000000
105085 0.000000 0.000000 0.000000 1.000000
105086 0.000000 0.000000 0.000000 1.000000
105087 0.000000 0.000000 0.000000 1.000000
105096 0.000000 0.000000 0.000000 1.000000
105097 0.000000 0.000000 0.000000 1.000000
105098 0.000000 0.000000 0.000000 1.000000
105577 0.000000 0.000000 0.000000 1.000000
105578 0.000000 0.000000 0.000000 1.000000
105582 0.000000 0.000000 0.000000 1.000000
105583 0.000000 0.000000 0.000000 1.000000
105584 0.000000 0.000000 0.000000 1.000000
105591 0.000000 0.000000 0.000000 1.000000
105592 0.000000 0.000000 0.000000 1.000000
105593 0.000000 0.000000 0.000000 1.000000
105594 0.000000 0.000000 0.000000 1.000000
105601 0.000000 0.000000 0.000000 1.000000
105602 0.000000 0.000000 0.000000 1.000000
105603 0.000000 0.000000 0.000000 1.000000
105604 0.000000 0.000000 0.000000 1.000000
105609 0.000000 0.000000 0.000000 1.000000
105610 0.000000 0.000000 0.000000 1.000000
105611 0.000000 0.000000 0.000000 1.000000
105617 0.000000 0.000000 0.000000 1.000000
105618 0.000000 0.000000 0.000000 1.000000
105619 0.000000 0.000000 0.000000 1.000000
105625 0.000000 0.000000 0.000000 1.000000
105626 0.000000 0.000000 0.000000 1.000000
105627 0.000000 0.000000 0.000000 1.000000
105628 0.000000 0.000000 0.000000 1.000000
105629 0.000000 0.000000 0.000000 1.000000
105638 0.000000 0.000000 0.000000 1.000000
105639 0.000000 0.000000 0.000000 1.000000
105640 0.000000 0.000000 0.000000 1.000000
105645 0.000000 0.000000 0.000000 1.000000
105651 0.000000 0.000000 0.000000 1.000000
105658 0.000000 0.000000 0.000000 1.000000
105666 0.000000 0.000000 0.000000 1.000000
105667 0.000000 0.000000 0.000000 1.000000
105678 0.000000 0.000000 0.000000 1.000000
105690 0.000000 0.000000 0.000000 1.000000
105701 0.000000 0.000000 0.000000 1.000000
105702 0.000000 0.000000 0.000000 1.000000
105711 0.000000 0.000000 0.000000 1.000000
105712 0.000000 0.000000 0.000000 1.000000
105720 0.000000 0.000000 0.000000 1.000000
105721 0.000000 0.000000 0.000000 1.000000
105729 0.000000 0.000000 0.000000 1.000000
105730 0.000000 0.000000 0.000000 1.000000
105731 0.000000 0.000000 0.000000 1.000000
105732 0.000000 0.000000 0.000000 1.000000
105742 0.000000 0.000000 0.000000 1.000000
105743 0.000000 0.000000 0.000000 1.000000
105755 0.000000 0.000000 0.000000 1.000000
105756 0.000000 0.000000 0.000000 1.000000
105764 0.000000 0.000000 0.000000 1.000000
105765 0.000000 0.000000 0.000000 1.000000
105774 0.000000 0.000000 0.000000 1.000000
105775 0.000000 0.000000 0.000000 1.000000
105784 0.000000 0.000000 0.000000 1.000000
105785 0.000000 0.000000 0.000000 1.000000
105794 0.000000 0.000000 0.000000 1.000000
105801 0.000000 0.000000 0.000000 1.000000
105802 0.000000 0.000000 0.000000 1.000000
105807 0.000000 0.000000 0.000000 1.000000
105808 0.000000 0.000000 0.000000 1.000000
105811 0.000000 0.000000 0.000000 1.000000
105814 0.000000 0.000000 0.000000 1.000000
105818 0.000000 0.000000 0.000000 1.000000
105821 0.000000 0.000000 0.000000 1.000000
105823 0.000000 0.000000 0.000000 1.000000
105827 0.000000 0.000000 0.000000 1.000000
105836 0.000000 0.000000 0.000000 1.000000
105837 0.000000 0.000000 0.000000 1.000000
105838 0.000000 0.000000 0.000000 1.000000
105839 0.000000 0.000000 0.000000 1.000000
105847 0.000000 0.000000 0.000000 1.000000
105848 0.000000 0.000000 0.000000 1.000000
105849 0.000000 0.000000 0.000000 1.000000
105850 0.000000 0.000000 0.000000 1.000000
105855 0.000000 0.000000 0.000000 1.000000
105856 0.000000 0.000000 0.000000 1.000000
106366 0.000000 0.000000 0.000000 1.000000
106367 0.000000 0.000000 0.000000 1.000000
106368 0.000000 0.000000 0.000000 1.000000
106376 0.000000 0.000000 0.000000 1.000000
106377 0.000000 0.000000 0.000000 1.000000
106378 0.000000 0.000000 0.000000 1.000000
106379 0.000000 0.000000 0.000000 1.000000
106384 0.000000 0.000000 0.000000 1.000000
106385 0.000000 0.000000 0.000000 1.000000
106386 0.000000 0.000000 0.000000 1.000000
106387 0.000000 0.000000 0.000000 1.000000
106393 0.000000 0.000000 0.000000 1.000000
106394 0.000000 0.000000 0.000000 1.000000
106395 0.000000 0.000000 0.000000 1.000000
106396 0.000000 0.000000 0.000000 1.000000
106397 0.000000 0.000000 0.000000 1.000000
106398 0.000000 0.000000 0.000000 1.000000
106402 0.000000 0.000000 0.000000 1.000000
106403 0.000000 0.000000 0.000000 1.000000
106404 0.000000 0.000000 0.000000 1.000000
106405 0.000000 0.000000 0.000000 1.000000
106406 0.000000 0.000000 0.000000 1.000000
106410 0.000000 0.000000 0.000000 1.000000
106411 0.000000 0.000000 0.000000 1.000000
106416 0.000000 0.000000 0.000000 1.000000
106421 0.000000 0.000000 0.000000 1.000000
106428 0.000000 0.000000 0.000000 1.000000
106434 0.000000 0.000000 0.000000 1.000000
106435 0.000000 0.000000 0.000000 1.000000
106443 0.000000 0.000000 0.000000 1.000000
106444 0.000000 0.000000 0.000000 1.000000
106455 0.000000 0.000000 0.000000 1.000000
106464 0.000000 0.000000 0.000000 1.000000
106475 0.000000 0.000000 0.000000 1.000000
106490 0.000000 0.000000 0.000000 1.000000
106506 0.000000 0.000000 0.000000 1.000000
106507 0.000000 0.000000 0.000000 1.000000
106508 0.000000 0.000000 0.000000 1.000000
106526 0.000000 0.000000 0.000000 1.000000
106527 0.000000 0.000000 0.000000 1.000000
106528 0.000000 0.000000 0.000000 1.000000
106529 0.000000 0.000000 0.000000 1.000000
106544 0.000000 0.000000 0.000000 1.000000
106545 0.000000 0.000000 0.000000 1.000000
106546 0.000000 0.000000 0.000000 1.000000
106555 0.000000 0.000000 0.000000 1.000000
106556 0.000000 0.000000 0.000000 1.000000
106564 0.000000 0.000000 0.000000 1.000000
106565 0.000000 0.000000 0.000000 1.000000
106572 0.000000 0.000000 0.000000 1.000000
106573 0.000000 0.000000 0.000000 1.000000
106574 0.000000 0.000000 0.000000 1.000000
106581 0.000000 0.000000 0.000000 1.000000
106582 0.000000 0.000000 0.000000 1.000000
106590 0.000000 0.000000 0.000000 1.000000
106596 0.000000 0.000000 0.000000 1.000000
106597 0.000000 0.000000 0.000000 1.000000
106600 0.000000 0.000000 0.000000 1.000000
106601 0.000000 0.000000 0.000000 1.000000
106603 0.000000 0.000000 0.000000 1.000000
106607 0.000000 0.000000 0.000000 1.000000
106610 0.000000 0.000000 0.000000 1.000000
106612 0.000000 0.000000 0.000000 1.000000
106615 0.000000 0.000000 0.000000 1.000000
106621 0.000000 0.000000 0.000000 1.000000
106629 0.000000 0.000000 0.000000 1.000000
106630 0.000000 0.000000 0.000000 1.000000
106635 0.000000 0.000000 0.000000 1.000000
106636 0.000000 0.000000 0.000000 1.000000
107129 0.000000 0.000000 0.000000 1.000000
107130 0.000000 0.000000 0.000000 1.000000
107138 0.000000 0.000000 0.000000 1.000000
107139 0.000000 0.000000 0.000000 1.000000
107140 0.000000 0.000000 0.000000 1.000000
107146 0.000000 0.000000 0.000000 1.000000
107147 0.000000 0.000000 0.000000 1.000000
107148 0.000000 0.000000 0.000000 1.000000
107149 0.000000 0.000000 0.000000 1.000000
107150 0.000000 0.000000 0.000000 1.000000
107151 0.000000 0.000000 0.000000 1.000000
107152 0.000000 0.000000 0.000000 1.000000
107156 0.000000 0.000000 0.000000 1.000000
107157 0.000000 0.000000 0.000000 1.000000
107158 0.000000 0.000000 0.000000 1.000000
107159 0.000000 0.000000 0.000000 1.000000
107160 0.000000 0.000000 0.000000 1.000000
107161 0.000000 0.000000 0.000000 1.000000
107164 0.000000 0.000000 0.000000 1.000000
107165 0.000000 0.000000 0.000000 1.000000
107166 0.000000 0.000000 0.000000 1.000000
107167 0.000000 0.000000 0.000000 1.000000
107169 0.000000 0.000000 0.000000 1.000000
107172 0.000000 0.000000 0.000000 1.000000
107178 0.000000 0.000000 0.000000 1.000000
107186 0.000000 0.000000 0.000000 1.000000
107194 0.000000 0.000000 0.000000 1.000000
107199 0.000000 0.000000 0.000000 1.000000
107200 0.000000 0.000000 0.000000 1.000000
107211 0.000000 0.000000 0.000000 1.000000
107212 0.000000 0.000000 0.000000 1.000000
107225 0.000000 0.000000 0.000000 1.000000
107226 0.000000 0.000000 0.000000 1.000000
107239 0.000000 0.000000 0.000000 1.000000
107240 0.000000 0.000000 0.000000 1.000000
107255 0.000000 0.000000 0.000000 1.000000
107256 0.000000 0.000000 0.000000 1.000000
107266 0.000000 0.000000 0.000000 1.000000
107267 0.000000 0.000000 0.000000 1.000000
107283 0.000000 0.000000 0.000000 1.000000
107284 0.000000 0.000000 0.000000 1.000000
107298 0.000000 0.000000 0.000000 1.000000
107299 0.000000 0.000000 0.000000 1.000000
107300 0.000000 0.000000 0.000000 1.000000
107315 0.000000 0.000000 0.000000 1.000000
107316 0.000000 0.000000 0.000000 1.000000
107317 0.000000 0.000000 0.000000 1.000000
107328 0.000000 0.000000 0.000000 1.000000
107329 0.000000 0.000000 0.000000 1.000000
107340 0.000000 0.000000 0.000000 1.000000
107341 0.000000 0.000000 0.000000 1.000000
107353 0.000000 0.000000 0.000000 1.000000
107354 0.000000 0.000000 0.000000 1.000000
107367 0.000000 0.000000 0.000000 1.000000
107368 0.000000 0.000000 0.000000 1.000000
107381 0.000000 0.000000 0.000000 1.000000
107388 0.000000 0.000000 0.000000 1.000000
107389 0.000000 0.000000 0.000000 1.000000
107392 0.000000 0.000000 0.000000 1.000000
107393 0.000000 0.000000 0.000000 1.000000
107397 0.000000 0.000000 0.000000 1.000000
107398 0.000000 0.000000 0.000000 1.000000
107401 0.000000 0.000000 0.000000 1.000000
107403 0.000000 0.000000 0.000000 1.000000
107407 0.000000 0.000000 0.000000 1.000000
107414 0.000000 0.000000 0.000000 1.000000
107424 0.000000 0.000000 0.000000 1.000000
107429 0.000000 0.000000 0.000000 1.000000
107430 0.000000 0.000000 0.000000 1.000000
107436 0.000000 0.000000 0.000000 1.000000
107914 0.000000 0.000000 0.000000 1.000000
107915 0.000000 0.000000 0.000000 1.000000
107916 0.000000 0.000000 0.000000 1.000000
107917 0.000000 0.000000 0.000000 1.000000
107918 0.000000 0.000000 0.000000 1.000000
107919 0.000000 0.000000 0.000000 1.000000
107928 0.000000 0.000000 0.000000 1.000000
107929 0.000000 0.000000 0.000000 1.000000
107930 0.000000 0.000000 0.000000 1.000000
107931 0.000000 0.000000 0.000000 1.000000
107932 0.000000 0.000000 0.000000 1.000000
107933 0.000000 0.000000 0.000000 1.000000
107934 0.000000 0.000000 0.000000 1.000000
107941 0.000000 0.000000 0.000000 1.000000
107942 0.000000 0.000000 0.000000 1.000000
107943 0.000000 0.000000 0.000000 1.000000
107947 0.000000 0.000000 0.000000 1.000000
107949 0.000000 0.000000 0.000000 1.000000
107951 0.000000 0.000000 0.000000 1.000000
107954 0.000000 0.000000 0.000000 1.000000
107961 0.000000 0.000000 0.000000 1.000000
107971 0.000000 0.000000 0.000000 1.000000
107978 0.000000 0.000000 0.000000 1.000000
107986 0.000000 0.000000 0.000000 1.000000
107996 0.000000 0.000000 0.000000 1.000000
108004 0.000000 0.000000 0.000000 1.000000
108014 0.000000 0.000000 0.000000 1.000000
108024 0.000000 0.000000 0.000000 1.000000
108025 0.000000 0.000000 0.000000 1.000000
108035 0.000000 0.000000 0.000000 1.000000
108036 0.000000 0.000000 0.000000 1.000000
108044 0.000000 0.000000 0.000000 1.000000
108045 0.000000 0.000000 0.000000 1.000000
108057 0.000000 0.000000 0.000000 1.000000
108058 0.000000 0.000000 0.000000 1.000000
108059 0.000000 0.000000 0.000000 1.000000
108074 0.000000 0.000000 0.000000 1.000000
108075 0.000000 0.000000 0.000000 1.000000
108076 0.000000 0.000000 0.000000 1.000000
108090 0.000000 0.000000 0.000000 1.000000
108091 0.000000 0.000000 0.000000 1.000000
108092 0.000000 0.000000 0.000000 1.000000
108107 0.000000 0.000000 0.000000 1.000000
108108 0.000000 0.000000 0.000000 1.000000
108124 0.000000 0.000000 0.000000 1.000000
108125 0.000000 0.000000 0.000000 1.000000
108144 0.000000 0.000000 0.000000 1.000000
108145 0.000000 0.000000 0.000000 1.000000
108166 0.000000 0.000000 0.000000 1.000000
108180 0.000000 0.000000 0.000000 1.000000
108188 0.000000 0.000000 0.000000 1.000000
108189 0.000000 0.000000 0.000000 1.000000
108192 0.000000 0.000000 0.000000 1.000000
108193 0.000000 0.000000 0.000000 1.000000
108196 0.000000 0.000000 0.000000 1.000000
108199 0.000000 0.000000 0.000000 1.000000
108202 0.000000 0.000000 0.000000 1.000000
108203 0.000000 0.000000 0.000000 1.000000
108213 0.000000 0.000000 0.000000 1.000000
108214 0.000000 0.000000 0.000000 1.000000
108221 0.000000 0.000000 0.000000 1.000000
108227 0.000000 0.000000 0.000000 1.000000
108671 0.000000 0.000000 0.000000 1.000000
108672 0.000000 0.000000 0.000000 1.000000
108673 0.000000 0.000000 0.000000 1.000000
108674 0.000000 0.000000 0.000000 1.000000
108675 0.000000 0.000000 0.000000 1.000000
108676 0.000000 0.000000 0.000000 1.000000
108677 0.000000 0.000000 0.000000 1.000000
108684 0.000000 0.000000 0.000000 1.000000
108685 0.000000 0.000000 0.000000 1.000000
108686 0.000000 0.000000 0.000000 1.000000
108687 0.000000 0.000000 0.000000 1.000000
108688 0.000000 0.000000 0.000000 1.000000
108689 0.000000 0.000000 0.000000 1.000000
108699 0.000000 0.000000 0.000000 1.000000
108700 0.000000 0.000000 0.000000 1.000000
108707 0.000000 0.000000 0.000000 1.000000
108708 0.000000 0.000000 0.000000 1.000000
108714 0.000000 0.000000 0.000000 1.000000
108715 0.000000 0.000000 0.000000 1.000000
108716 0.000000 0.000000 0.000000 1.000000
108720 0.000000 0.000000 0.000000 1.000000
108721 0.000000 0.000000 0.000000 1.000000
108724 0.000000 0.000000 0.000000 1.000000
108730 0.000000 0.000000 0.000000 1.000000
108738 0.000000 0.000000 0.000000 1.000000
108747 0.000000 0.000000 0.000000 1.000000
108755 0.000000 0.000000 0.000000 1.000000
108760 0.000000 0.000000 0.000000 1.000000
108765 0.000000 0.000000 0.000000 1.000000
108771 0.000000 0.000000 0.000000 1.000000
108779 0.000000 0.000000 0.000000 1.000000
108786 0.000000 0.000000 0.000000 1.000000
108787 0.000000 0.000000 0.000000 1.000000
108793 0.000000 0.000000 0.000000 1.000000
108794 0.000000 0.000000 0.000000 1.000000
108802 0.000000 0.000000 0.000000 1.000000
108803 0.000000 0.000000 0.000000 1.000000
108804 0.000000 0.000000 0.000000 1.000000
108812 0.000000 0.000000 0.000000 1.000000
108813 0.000000 0.000000 0.000000 1.000000
108814 0.000000 0.000000 0.000000 1.000000
108821 0.000000 0.000000 0.000000 1.000000
108822 0.000000 0.000000 0.000000 1.000000
108823 0.000000 0.000000 0.000000 1.000000
108824 0.000000 0.000000 0.000000 1.000000
108831 0.000000 0.000000 0.000000 1.000000
108832 0.000000 0.000000 0.000000 1.000000
108833 0.000000 0.000000 0.000000 1.000000
108841 0.000000 0.000000 0.000000 1.000000
108842 0.000000 0.000000 0.000000 1.000000
108848 0.000000 0.000000 0.000000 1.000000
108849 0.000000 0.000000 0.000000 1.000000
108864 0.000000 0.000000 0.000000 1.000000
108865 0.000000 0.000000 0.000000 1.000000
108883 0.000000 0.000000 0.000000 1.000000
108884 0.000000 0.000000 0.000000 1.000000
108900 0.000000 0.000000 0.000000 1.000000
108906 0.000000 0.000000 0.000000 1.000000
108907 0.000000 0.000000 0.000000 1.000000
108910 0.000000 0.000000 0.000000 1.000000
108911 0.000000 0.000000 0.000000 1.000000
108914 0.000000 0.000000 0.000000 1.000000
108915 0.000000 0.000000 0.000000 1.000000
108918 0.000000 0.000000 0.000000 1.000000
108919 0.000000 0.000000 0.000000 1.000000
108927 0.000000 0.000000 0.000000 1.000000
108928 0.000000 0.000000 0.000000 1.000000
108938 0.000000 0.000000 0.000000 1.000000
108939 0.000000 0.000000 0.000000 1.000000
108945 0.000000 0.000000 0.000000 1.000000
108946 0.000000 0.000000 0.000000 1.000000
109396 0.000000 0.000000 0.000000 1.000000
109397 0.000000 0.000000 0.000000 1.000000
109398 0.000000 0.000000 0.000000 1.000000
109399 0.000000 0.000000 0.000000 1.000000
109400 0.000000 0.000000 0.000000 1.000000
109401 0.000000 0.000000 0.000000 1.000000
109402 0.000000 0.000000 0.000000 1.000000
109403 0.000000 0.000000 0.000000 1.000000
109404 0.000000 0.000000 0.000000 1.000000
109405 0.000000 0.000000 0.000000 1.000000
109406 0.000000 0.000000 0.000000 1.000000
109407 0.000000 0.000000 0.000000 1.000000
109408 0.000000 0.000000 0.000000 1.000000
109409 0.000000 0.000000 0.000000 1.000000
109416 0.000000 0.000000 0.000000 1.000000
109417 0.000000 0.000000 0.000000 1.000000
109418 0.000000 0.000000 0.000000 1.000000
109419 0.000000 0.000000 0.000000 1.000000
109426 0.000000 0.000000 0.000000 1.000000
109427 0.000000 0.000000 0.000000 1.000000
109428 0.000000 0.000000 0.000000 1.000000
109429 0.000000 0.000000 0.000000 1.000000
109430 0.000000 0.000000 0.000000 1.000000
109432 0.000000 0.000000 0.000000 1.000000
109433 0.000000 0.000000 0.000000 1.000000
109435 0.000000 0.000000 0.000000 1.000000
109436 0.000000 0.000000 0.000000 1.000000
109437 0.000000 0.000000 0.000000 1.000000
109438 0.000000 0.000000 0.000000 1.000000
109439 0.000000 0.000000 0.000000 1.000000
109440 0.000000 0.000000 0.000000 1.000000
109441 0.000000 0.000000 0.000000 1.000000
109442 0.000000 0.000000 0.000000 1.000000
109443 0.000000 0.000000 0.000000 1.000000
109444 0.000000 0.000000 0.000000 1.000000
109445 0.000000 0.000000 0.000000 1.000000
109446 0.000000 0.000000 0.000000 1.000000
109447 0.000000 0.000000 0.000000 1.000000
109448 0.000000 0.000000 0.000000 1.000000
109449 0.000000 0.000000 0.000000 1.000000
109450 0.000000 0.000000 0.000000 1.000000
109451 0.000000 0.000000 0.000000 1.000000
109453 0.000000 0.000000 0.000000 1.000000
109454 0.000000 0.000000 0.000000 1.000000
109455 0.000000 0.000000 0.000000 1.000000
109456 0.000000 0.000000 0.000000 1.000000
109457 0.000000 0.000000 0.000000 1.000000
109458 0.000000 0.000000 0.000000 1.000000
109461 0.000000 0.000000 0.000000 1.000000
109462 0.000000 0.000000 0.000000 1.000000
109463 0.000000 0.000000 0.000000 1.000000
109467 0.000000 0.000000 0.000000 1.000000
109468 0.000000 0.000000 0.000000 1.000000
109475 0.000000 0.000000 0.000000 1.000000
109481 0.000000 0.000000 0.000000 1.000000
109484 0.000000 0.000000 0.000000 1.000000
109492 0.000000 0.000000 0.000000 1.000000
109499 0.000000 0.000000 0.000000 1.000000
109507 0.000000 0.000000 0.000000 1.000000
109516 0.000000 0.000000 0.000000 1.000000
109522 0.000000 0.000000 0.000000 1.000000
109529 0.000000 0.000000 0.000000 1.000000
109537 0.000000 0.000000 0.000000 1.000000
109538 0.000000 0.000000 0.000000 1.000000
109544 0.000000 0.000000 0.000000 1.000000
109545 0.000000 0.000000 0.000000 1.000000
109553 0.000000 0.000000 0.000000 1.000000
109554 0.000000 0.000000 0.000000 1.000000
109555 0.000000 0.000000 0.000000 1.000000
109556 0.000000 0.000000 0.000000 1.000000
109563 0.000000 0.000000 0.000000 1.000000
109564 0.000000 0.000000 0.000000 1.000000
109565 0.000000 0.000000 0.000000 1.000000
109572 0.000000 0.000000 0.000000 1.000000
109573 0.000000 0.000000 0.000000 1.000000
109574 0.000000 0.000000 0.000000 1.000000
109581 0.000000 0.000000 0.000000 1.000000
109582 0.000000 0.000000 0.000000 1.000000
109590 0.000000 0.000000 0.000000 1.000000
109591 0.000000 0.000000 0.000000 1.000000
109602 0.000000 0.000000 0.000000 1.000000
109603 0.000000 0.000000 0.000000 1.000000
109621 0.000000 0.000000 0.000000 1.000000
109633 0.000000 0.000000 0.000000 1.000000
109639 0.000000 0.000000 0.000000 1.000000
109640 0.000000 0.000000 0.000000 1.000000
109644 0.000000 0.000000 0.000000 1.000000
109654 0.000000 0.000000 0.000000 1.000000
109666 0.000000 0.000000 0.000000 1.000000
109675 0.000000 0.000000 0.000000 1.000000
109676 0.000000 0.000000 0.000000 1.000000
110142 0.000000 0.000000 0.000000 1.000000
110143 0.000000 0.000000 0.000000 1.000000
110144 0.000000 0.000000 0.000000 1.000000
110145 0.000000 0.000000 0.000000 1.000000
110146 0.000000 0.000000 0.000000 1.000000
110147 0.000000 0.000000 0.000000 1.000000
110148 0.000000 0.000000 0.000000 1.000000
110149 0.000000 0.000000 0.000000 1.000000
110150 0.000000 0.000000 0.000000 1.000000
110151 0.000000 0.000000 0.000000 1.000000
110152 0.000000 0.000000 0.000000 1.000000
110153 0.000000 0.000000 0.000000 1.000000
110154 0.000000 0.000000 0.000000 1.000000
110155 0.000000 0.000000 0.000000 1.000000
110159 0.000000 0.000000 0.000000 1.000000
110160 0.000000 0.000000 0.000000 1.000000
110161 0.000000 0.000000 0.000000 1.000000
110162 0.000000 0.000000 0.000000 1.000000
110163 0.000000 0.000000 0.000000 1.000000
110169 0.000000 0.000000 0.000000 1.000000
110170 0.000000 0.000000 0.000000 1.000000
110171 0.000000 0.000000 0.000000 1.000000
110172 0.000000 0.000000 0.000000 1.000000
110173 0.000000 0.000000 0.000000 1.000000
110174 0.000000 0.000000 0.000000 1.000000
110176 0.000000 0.000000 0.000000 1.000000
110177 0.000000 0.000000 0.000000 1.000000
110178 0.000000 0.000000 0.000000 1.000000
110179 0.000000 0.000000 0.000000 1.000000
110180 0.000000 0.000000 0.000000 1.000000
110181 0.000000 0.000000 0.000000 1.000000
110182 0.000000 0.000000 0.000000 1.000000
110183 0.000000 0.000000 0.000000 1.000000
110184 0.000000 0.000000 0.000000 1.000000
110185 0.000000 0.000000 0.000000 1.000000
110186 0.000000 0.000000 0.000000 1.000000
110187 0.000000 0.000000 0.000000 1.000000
110188 0.000000 0.000000 0.000000 1.000000
110189 0.000000 0.000000 0.000000 1.000000
110190 0.000000 0.000000 0.000000 1.000000
110191 0.000000 0.000000 0.000000 1.000000
110192 0.000000 0.000000 0.000000 1.000000
110193 0.000000 0.000000 0.000000 1.000000
110194 0.000000 0.000000 0.000000 1.000000
110195 0.000000 0.000000 0.000000 1.000000
110196 0.000000 0.000000 0.000000 1.000000
110197 0.000000 0.000000 0.000000 1.000000
110198 0.000000 0.000000 0.000000 1.000000
110199 0.000000 0.000000 0.000000 1.000000
110200 0.000000 0.000000 0.000000 1.000000
110201 0.000000 0.000000 0.000000 1.000000
110202 0.000000 0.000000 0.000000 1.000000
110203 0.000000 0.000000 0.000000 1.000000
110204 0.000000 0.000000 0.000000 1.000000
110205 0.000000 0.000000 0.000000 1.000000
110206 0.000000 0.000000 0.000000 1.000000
110207 0.000000 0.000000 0.000000 1.000000
110208 0.000000 0.000000 0.000000 1.000000
110209 0.000000 0.000000 0.000000 1.000000
110210 0.000000 0.000000 0.000000 1.000000
110211 0.000000 0.000000 0.000000 1.000000
110212 0.000000 0.000000 0.000000 1.000000
110213 0.000000 0.000000 0.000000 1.000000
110214 0.000000 0.000000 0.000000 1.000000
110215 0.000000 0.000000 0.000000 1.000000
110216 0.000000 0.000000 0.000000 1.000000
110219 0.000000 0.000000 0.000000 1.000000
110220 0.000000 0.000000 0.000000 1.000000
110221 0.000000 0.000000 0.000000 1.000000
110225 0.000000 0.000000 0.000000 1.000000
110227 0.000000 0.000000 0.000000 1.000000
110231 0.000000 0.000000 0.000000 1.000000
110232 0.000000 0.000000 0.000000 1.000000
110234 0.000000 0.000000 0.000000 1.000000
110242 0.000000 0.000000 0.000000 1.000000
110251 0.000000 0.000000 0.000000 1.000000
110260 0.000000 0.000000 0.000000 1.000000
110270 0.000000 0.000000 0.000000 1.000000
110276 0.000000 0.000000 0.000000 1.000000
110291 0.000000 0.000000 0.000000 1.000000
110292 0.000000 0.000000 0.000000 1.000000
110293 0.000000 0.000000 0.000000 1.000000
110299 0.000000 0.000000 0.000000 1.000000
110300 0.000000 0.000000 0.000000 1.000000
110307 0.000000 0.000000 0.000000 1.000000
110308 0.000000 0.000000 0.000000 1.000000
110309 0.000000 0.000000 0.000000 1.000000
110316 0.000000 0.000000 0.000000 1.000000
110317 0.000000 0.000000 0.000000 1.000000
110318 0.000000 0.000000 0.000000 1.000000
110325 0.000000 0.000000 0.000000 1.000000
110326 0.000000 0.000000 0.000000 1.000000
110327 0.000000 0.000000 0.000000 1.000000
110335 0.000000 0.000000 0.000000 1.000000
110417 0.000000 0.000000 0.000000 1.000000
110418 0.000000 0.000000 0.000000 1.000000
110432 0.000000 0.000000 0.000000 1.000000
110433 0.000000 0.000000 0.000000 1.000000
110868 0.000000 0.000000 0.000000 1.000000
110869 0.000000 0.000000 0.000000 1.000000
110870 0.000000 0.000000 0.000000 1.000000
110871 0.000000 0.000000 0.000000 1.000000
110872 0.000000 0.000000 0.000000 1.000000
110873 0.000000 0.000000 0.000000 1.000000
110874 0.000000 0.000000 0.000000 1.000000
110875 0.000000 0.000000 0.000000 1.000000
110876 0.000000 0.000000 0.000000 1.000000
110877 0.000000 0.000000 0.000000 1.000000
110878 0.000000 0.000000 0.000000 1.000000
110879 0.000000 0.000000 0.000000 1.000000
110880 0.000000 0.000000 0.000000 1.000000
110881 0.000000 0.000000 0.000000 1.000000
110882 0.000000 0.000000 0.000000 1.000000
110883 0.000000 0.000000 0.000000 1.000000
110884 0.000000 0.000000 0.000000 1.000000
110885 0.000000 0.000000 0.000000 1.000000
110886 0.000000 0.000000 0.000000 1.000000
110887 0.000000 0.000000 0.000000 1.000000
110888 0.000000 0.000000 0.000000 1.000000
110889 0.000000 0.000000 0.000000 1.000000
110890 0.000000 0.000000 0.000000 1.000000
110891 0.000000 0.000000 0.000000 1.000000
110892 0.000000 0.000000 0.000000 1.000000
110893 0.000000 0.000000 0.000000 1.000000
110894 0.000000 0.000000 0.000000 1.000000
110895 0.000000 0.000000 0.000000 1.000000
110896 0.000000 0.000000 0.000000 1.000000
110897 0.000000 0.000000 0.000000 1.000000
110898 0.000000 0.000000 0.000000 1.000000
110899 0.000000 0.000000 0.000000 1.000000
110900 0.000000 0.000000 0.000000 1.000000
110901 0.000000 0.000000 0.000000 1.000000
110902 0.000000 0.000000 0.000000 1.000000
110903 0.000000 0.000000 0.000000 1.000000
110904 0.000000 0.000000 0.000000 1.000000
110905 0.000000 0.000000 0.000000 1.000000
110906 0.000000 0.000000 0.000000 1.000000
110907 0.000000 0.000000 0.000000 1.000000
110908 0.000000 0.000000 0.000000 1.000000
110909 0.000000 0.000000 0.000000 1.000000
110910 0.000000 0.000000 0.000000 1.000000
110911 0.000000 0.000000 0.000000 1.000000
110912 0.000000 0.000000 0.000000 1.000000
110913 0.000000 0.000000 0.000000 1.000000
110914 0.000000 0.000000 0.000000 1.000000
110915 0.000000 0.000000 0.000000 1.000000
110916 0.000000 0.000000 0.000000 1.000000
110917 0.000000 0.000000 0.000000 1.000000
110918 0.000000 0.000000 0.000000 1.000000
110919 0.000000 0.000000 0.000000 1.000000
110920 0.000000 0.000000 0.000000 1.000000
110921 0.000000 0.000000 0.000000 1.000000
110922 0.000000 0.000000 0.000000 1.000000
110923 0.000000 0.000000 0.000000 1.000000
110924 0.000000 0.000000 0.000000 1.000000
110925 0.000000 0.000000 0.000000 1.000000
110926 0.000000 0.000000 0.000000 1.000000
110927 0.000000 0.000000 0.000000 1.000000
110928 0.000000 0.000000 0.000000 1.000000
110929 0.000000 0.000000 0.000000 1.000000
110930 0.000000 0.000000 0.000000 1.000000
110931 0.000000 0.000000 0.000000 1.000000
110932 0.000000 0.000000 0.000000 1.000000
110933 0.000000 0.000000 0.000000 1.000000
110934 0.000000 0.000000 0.000000 1.000000
110935 0.000000 0.000000 0.000000 1.000000
110936 0.000000 0.000000 0.000000 1.000000
110937 0.000000 0.000000 0.000000 1.000000
110938 0.000000 0.000000 0.000000 1.000000
110939 0.000000 0.000000 0.000000 1.000000
110940 0.000000 0.000000 0.000000 1.000000
110941 0.000000 0.000000 0.000000 1.000000
110942 0.000000 0.000000 0.000000 1.000000
110943 0.000000 0.000000 0.000000 1.000000
110944 0.000000 0.000000 0.000000 1.000000
110945 0.000000 0.000000 0.000000 1.000000
110946 0.000000 0.000000 0.000000 1.000000
110947 0.000000 0.000000 0.000000 1.000000
110948 0.000000 0.000000 0.000000 1.000000
110949 0.000000 0.000000 0.000000 1.000000
110950 0.000000 0.000000 0.000000 1.000000
110951 0.000000 0.000000 0.000000 1.000000
110954 0.000000 0.000000 0.000000 1.000000
110955 0.000000 0.000000 0.000000 1.000000
110956 0.000000 0.000000 0.000000 1.000000
110957 0.000000 0.000000 0.000000 1.000000
110962 0.000000 0.000000 0.000000 1.000000
110983 0.000000 0.000000 0.000000 1.000000
111034 0.000000 0.000000 0.000000 1.000000
111042 0.000000 0.000000 0.000000 1.000000
111120 0.000000 0.000000 0.000000 1.000000
111121 0.000000 0.000000 0.000000 1.000000
111125 0.000000 0.000000 0.000000 1.000000
111126 0.000000 0.000000 0.000000 1.000000
111548 0.000000 0.000000 0.000000 1.000000
111549 0.000000 0.000000 0.000000 1.000000
111550 0.000000 0.000000 0.000000 1.000000
111551 0.000000 0.000000 0.000000 1.000000
111552 0.000000 0.000000 0.000000 1.000000
111553 0.000000 0.000000 0.000000 1.000000
111554 0.000000 0.000000 0.000000 1.000000
111555 0.000000 0.000000 0.000000 1.000000
111556 0.000000 0.000000 0.000000 1.000000
111557 0.000000 0.000000 0.000000 1.000000
111558 0.000000 0.000000 0.000000 1.000000
111559 0.000000 0.000000 0.000000 1.000000
111560 0.000000 0.000000 0.000000 1.000000
111561 0.000000 0.000000 0.000000 1.000000
111562 0.000000 0.000000 0.000000 1.000000
111563 0.000000 0.000000 0.000000 1.000000
111564 0.000000 0.000000 0.000000 1.000000
111565 0.000000 0.000000 0.000000 1.000000
111566 0.000000 0.000000 0.000000 1.000000
111567 0.000000 0.000000 0.000000 1.000000
111568 0.000000 0.000000 0.000000 1.000000
111569 0.000000 0.000000 0.000000 1.000000
111570 0.000000 0.000000 0.000000 1.000000
111571 0.000000 0.000000 0.000000 1.000000
111572 0.000000 0.000000 0.000000 1.000000
111573 0.000000 0.000000 0.000000 1.000000
111574 0.000000 0.000000 0.000000 1.000000
111575 0.000000 0.000000 0.000000 1.000000
111576 0.000000 0.000000 0.000000 1.000000
111577 0.000000 0.000000 0.000000 1.000000
111578 0.000000 0.000000 0.000000 1.000000
111579 0.000000 0.000000 0.000000 1.000000
111580 0.000000 0.000000 0.000000 1.000000
111581 0.000000 0.000000 0.000000 1.000000
111582 0.000000 0.000000 0.000000 1.000000
111583 0.000000 0.000000 0.000000 1.000000
111584 0.000000 0.000000 0.000000 1.000000
111585 0.000000 0.000000 0.000000 1.000000
111586 0.000000 0.000000 0.000000 1.000000
111587 0.000000 0.000000 0.000000 1.000000
111588 0.000000 0.000000 0.000000 1.000000
111589 0.000000 0.000000 0.000000 1.000000
111590 0.000000 0.000000 0.000000 1.000000
111591 0.000000 0.000000 0.000000 1.000000
111592 0.000000 0.000000 0.000000 1.000000
111593 0.000000 0.000000 0.000000 1.000000
111594 0.000000 0.000000 0.000000 1.000000
111595 0.000000 0.000000 0.000000 1.000000
111596 0.000000 0.000000 0.000000 1.000000
111597 0.000000 0.000000 0.000000 1.000000
111598 0.000000 0.000000 0.000000 1.000000
111599 0.000000 0.000000 0.000000 1.000000
111600 0.000000 0.000000 0.000000 1.000000
111601 0.000000 0.000000 0.000000 1.000000
111602 0.000000 0.000000 0.000000 1.000000
111603 0.000000 0.000000 0.000000 1.000000
111604 0.000000 0.000000 0.000000 1.000000
111605 0.000000 0.000000 0.000000 1.000000
111606 0.000000 0.000000 0.000000 1.000000
111607 0.000000 0.000000 0.000000 1.000000
111608 0.000000 0.000000 0.000000 1.000000
111609 0.000000 0.000000 0.000000 1.000000
111610 0.000000 0.000000 0.000000 1.000000
111611 0.000000 0.000000 0.000000 1.000000
111612 0.000000 0.000000 0.000000 1.000000
111613 0.000000 0.000000 0.000000 1.000000
111616 0.000000 0.000000 0.000000 1.000000
111617 0.000000 0.000000 0.000000 1.000000
111783 0.000000 0.000000 0.000000 1.000000
111784 0.000000 0.000000 0.000000 1.000000
111792 0.000000 0.000000 0.000000 1.000000
111793 0.000000 0.000000 0.000000 1.000000
112238 0.000000 0.000000 0.000000 1.000000
112239 0.000000 0.000000 0.000000 1.000000
112240 0.000000 0.000000 0.000000 1.000000
112241 0.000000 0.000000 0.000000 1.000000
112242 0.000000 0.000000 0.000000 1.000000
112243 0.000000 0.000000 0.000000 1.000000
112244 0.000000 0.000000 0.000000 1.000000
112245 0.000000 0.000000 0.000000 1.000000
112246 0.000000 0.000000 0.000000 1.000000
112247 0.000000 0.000000 0.000000 1.000000
112248 0.000000 0.000000 0.000000 1.000000
112249 0.000000 0.000000 0.000000 1.000000
112250 0.000000 0.000000 0.000000 1.000000
112251 0.000000 0.000000 0.000000 1.000000
112252 0.000000 0.000000 0.000000 1.000000
112253 0.000000 0.000000 0.000000 1.000000
112254 0.000000 0.000000 0.000000 1.000000
112255 0.000000 0.000000 0.000000 1.000000
112256 0.000000 0.000000 0.000000 1.000000
112257 0.000000 0.000000 0.000000 1.000000
112258 0.000000 0.000000 0.000000 1.000000
112259 0.000000 0.000000 0.000000 1.000000
112260 0.000000 0.000000 0.000000 1.000000
112261 0.000000 0.000000 0.000000 1.000000
112262 0.000000 0.000000 0.000000 1.000000
112263 0.000000 0.000000 0.000000 1.000000
112264 0.000000 0.000000 0.000000 1.000000
112265 0.000000 0.000000 0.000000 1.000000
112266 0.000000 0.000000 0.000000 1.000000
112267 0.000000 0.000000 0.000000 1.000000
112268 0.000000 0.000000 0.000000 1.000000
112269 0.000000 0.000000 0.000000 1.000000
112270 0.000000 0.000000 0.000000 1.000000
112271 0.000000 0.000000 0.000000 1.000000
112272 0.000000 0.000000 0.000000 1.000000
112273 0.000000 0.000000 0.000000 1.000000
112274 0.000000 0.000000 0.000000 1.000000
112275 0.000000 0.000000 0.000000 1.000000
112276 0.000000 0.000000 0.000000 1.000000
112277 0.000000 0.000000 0.000000 1.000000
112278 0.000000 0.000000 0.000000 1.000000
112279 0.000000 0.000000 0.000000 1.000000
112280 0.000000 0.000000 0.000000 1.000000
112281 0.000000 0.000000 0.000000 1.000000
112282 0.000000 0.000000 0.000000 1.000000
112283 0.000000 0.000000 0.000000 1.000000
112284 0.000000 0.000000 0.000000 1.000000
112285 0.000000 0.000000 0.000000 1.000000
112286 0.000000 0.000000 0.000000 1.000000
112287 0.000000 0.000000 0.000000 1.000000
112288 0.000000 0.000000 0.000000 1.000000
112289 0.000000 0.000000 0.000000 1.000000
112290 0.000000 0.000000 0.000000 1.000000
112291 0.000000 0.000000 0.000000 1.000000
112292 0.000000 0.000000 0.000000 1.000000
112296 0.000000 0.000000 0.000000 1.000000
112460 0.000000 0.000000 0.000000 1.000000
112461 0.000000 0.000000 0.000000 1.000000
112469 0.000000 0.000000 0.000000 1.000000
112896 0.000000 0.000000 0.000000 1.000000
112897 0.000000 0.000000 0.000000 1.000000
112898 0.000000 0.000000 0.000000 1.000000
112899 0.000000 0.000000 0.000000 1.000000
112900 0.000000 0.000000 0.000000 1.000000
112901 0.000000 0.000000 0.000000 1.000000
112902 0.000000 0.000000 0.000000 1.000000
112903 0.000000 0.000000 0.000000 1.000000
112904 0.000000 0.000000 0.000000 1.000000
112905 0.000000 0.000000 0.000000 1.000000
112906 0.000000 0.000000 0.000000 1.000000
112907 0.000000 0.000000 0.000000 1.000000
112908 0.000000 0.000000 0.000000 1.000000
112909 0.000000 0.000000 0.000000 1.000000
112910 0.000000 0.000000 0.000000 1.000000
112911 0.000000 0.000000 0.000000 1.000000
112912 0.000000 0.000000 0.000000 1.000000
112914 0.000000 0.000000 0.000000 1.000000
112915 0.000000 0.000000 0.000000 1.000000
112916 0.000000 0.000000 0.000000 1.000000
112917 0.000000 0.000000 0.000000 1.000000
112918 0.000000 0.000000 0.000000 1.000000
112919 0.000000 0.000000 0.000000 1.000000
112920 0.000000 0.000000 0.000000 1.000000
112921 0.000000 0.000000 0.000000 1.000000
112922 0.000000 0.000000 0.000000 1.000000
112923 0.000000 0.000000 0.000000 1.000000
112924 0.000000 0.000000 0.000000 1.000000
112925 0.000000 0.000000 0.000000 1.000000
112926 0.000000 0.000000 0.000000 1.000000
112927 0.000000 0.000000 0.000000 1.000000
112928 0.000000 0.000000 0.000000 1.000000
112929 0.000000 0.000000 0.000000 1.000000
112930 0.000000 0.000000 0.000000 1.000000
112931 0.000000 0.000000 0.000000 1.000000
112932 0.000000 0.000000 0.000000 1.000000
112933 0.000000 0.000000 0.000000 1.000000
112934 0.000000 0.000000 0.000000 1.000000
112935 0.000000 0.000000 0.000000 1.000000
112936 0.000000 0.000000 0.000000 1.000000
112937 0.000000 0.000000 0.000000 1.000000
112938 0.000000 0.000000 0.000000 1.000000
112939 0.000000 0.000000 0.000000 1.000000
112940 0.000000 0.000000 0.000000 1.000000
112941 0.000000 0.000000 0.000000 1.000000
112942 0.000000 0.000000 0.000000 1.000000
112943 0.000000 0.000000 0.000000 1.000000
112944 0.000000 0.000000 0.000000 1.000000
112945 0.000000 0.000000 0.000000 1.000000
112946 0.000000 0.000000 0.000000 1.000000
112947 0.000000 0.000000 0.000000 1.000000
112948 0.000000 0.000000 0.000000 1.000000
112950 0.000000 0.000000 0.000000 1.000000
112951 0.000000 0.000000 0.000000 1.000000
112952 0.000000 0.000000 0.000000 1.000000
112957 0.000000 0.000000 0.000000 1.000000
113567 0.000000 0.000000 0.000000 1.000000
113568 0.000000 0.000000 0.000000 1.000000
113569 0.000000 0.000000 0.000000 1.000000
113570 0.000000 0.000000 0.000000 1.000000
113571 0.000000 0.000000 0.000000 1.000000
113572 0.000000 0.000000 0.000000 1.000000
113573 0.000000 0.000000 0.000000 1.000000
113574 0.000000 0.000000 0.000000 1.000000
113575 0.000000 0.000000 0.000000 1.000000
113580 0.000000 0.000000 0.000000 1.000000
113581 0.000000 0.000000 0.000000 1.000000
113582 0.000000 0.000000 0.000000 1.000000
113583 0.000000 0.000000 0.000000 1.000000
113584 0.000000 0.000000 0.000000 1.000000
113585 0.000000 0.000000 0.000000 1.000000
113586 0.000000 0.000000 0.000000 1.000000
113587 0.000000 0.000000 0.000000 1.000000
113588 0.000000 0.000000 0.000000 1.000000
113594 0.000000 0.000000 0.000000 1.000000
113595 0.000000 0.000000 0.000000 1.000000
113596 0.000000 0.000000 0.000000 1.000000
113597 0.000000 0.000000 0.000000 1.000000
113598 0.000000 0.000000 0.000000 1.000000
113599 0.000000 0.000000 0.000000 1.000000
113600 0.000000 0.000000 0.000000 1.000000
113601 0.000000 0.000000 0.000000 1.000000
113602 0.000000 0.000000 0.000000 1.000000
113603 0.000000 0.000000 0.000000 1.000000
113604 0.000000 0.000000 0.000000 1.000000
113605 0.000000 0.000000 0.000000 1.000000
113606 0.000000 0.000000 0.000000 1.000000
113607 0.000000 0.000000 0.000000 1.000000
113608 0.000000 0.000000 0.000000 1.000000
113609 0.000000 0.000000 0.000000 1.000000
113610 0.000000 0.000000 0.000000 1.000000
113611 0.000000 0.000000 0.000000 1.000000
113613 0.000000 0.000000 0.000000 1.000000
113614 0.000000 0.000000 0.000000 1.000000
113615 0.000000 0.000000 0.000000 1.000000
113616 0.000000 0.000000 0.000000 1.000000
114248 0.000000 0.000000 0.000000 1.000000
114249 0.000000 0.000000 0.000000 1.000000
114250 0.000000 0.000000 0.000000 1.000000
114251 0.000000 0.000000 0.000000 1.000000
114252 0.000000 0.000000 0.000000 1.000000
114253 0.000000 0.000000 0.000000 1.000000
114254 0.000000 0.000000 0.000000 1.000000
114261 0.000000 0.000000 0.000000 1.000000
114262 0.000000 0.000000 0.000000 1.000000
114263 0.000000 0.000000 0.000000 1.000000
114267 0.000000 0.000000 0.000000 1.000000
114268 0.000000 0.000000 0.000000 1.000000
114269 0.000000 0.000000 0.000000 1.000000
114272 0.000000 0.000000 0.000000 1.000000
114273 0.000000 0.000000 0.000000 1.000000
114274 0.000000 0.000000 0.000000 1.000000
114277 0.000000 0.000000 0.000000 1.000000
114278 0.000000 0.000000 0.000000 1.000000
114920 0.000000 0.000000 0.000000 1.000000
114921 0.000000 0.000000 0.000000 1.000000
114922 0.000000 0.000000 0.000000 1.000000
114923 0.000000 0.000000 0.000000 1.000000
114931 0.000000 0.000000 0.000000 1.000000
114932 0.000000 0.000000 0.000000 1.000000
114933 0.000000 0.000000 0.000000 1.000000
114936 0.000000 0.000000 0.000000 1.000000
114937 0.000000 0.000000 0.000000 1.000000
114940 0.000000 0.000000 0.000000 1.000000
114941 0.000000 0.000000 0.000000 1.000000
114944 0.000000 0.000000 0.000000 1.000000
115658 0.000000 0.000000 0.000000 1.000000
115659 0.000000 0.000000 0.000000 1.000000
115668 0.000000 0.000000 0.000000 1.000000
115669 0.000000 0.000000 0.000000 1.000000
115674 0.000000 0.000000 0.000000 1.000000
115675 0.000000 0.000000 0.000000 1.000000
115679 0.000000 0.000000 0.000000 1.000000
115680 0.000000 0.000000 0.000000 1.000000
115681 0.000000 0.000000 0.000000 1.000000
115685 0.000000 0.000000 0.000000 1.000000
116412 0.000000 0.000000 0.000000 1.000000
