#!ascii label  , from subject cvs_avg35_inMNI152 vox2ras=TkReg
501
72146  25.158  -0.275  -47.844 0.0000000000
72147  24.404  -0.205  -47.514 0.0000000000
72148  23.949  -0.116  -47.216 0.0000000000
72156  26.241  -0.004  -48.269 0.0000000000
72157  25.695  -0.140  -48.124 0.0000000000
73239  23.188  0.844  -47.008 0.0000000000
73251  25.109  0.061  -48.105 0.0000000000
73252  24.749  0.152  -48.022 0.0000000000
73253  23.914  0.440  -47.649 0.0000000000
73264  26.505  0.655  -48.619 0.0000000000
73265  25.455  0.368  -48.405 0.0000000000
73266  24.594  0.756  -48.386 0.0000000000
73267  24.006  1.099  -48.239 0.0000000000
74391  22.456  1.726  -45.371 0.0000000000
74401  23.053  1.263  -47.105 0.0000000000
74402  22.711  1.563  -46.598 0.0000000000
74413  23.384  1.460  -47.688 0.0000000000
74414  22.889  2.141  -47.354 0.0000000000
74422  28.159  1.664  -48.551 0.0000000000
74423  27.082  1.621  -49.074 0.0000000000
74424  25.992  1.205  -49.026 0.0000000000
74425  25.135  1.176  -48.902 0.0000000000
74426  24.441  1.551  -48.794 0.0000000000
74427  23.910  1.528  -48.387 0.0000000000
74434  26.825  2.172  -49.425 0.0000000000
74435  26.306  1.937  -49.427 0.0000000000
74436  25.480  1.748  -49.327 0.0000000000
74437  24.932  1.648  -49.167 0.0000000000
75559  22.545  2.636  -45.047 0.0000000000
75576  22.354  2.651  -45.997 0.0000000000
75587  22.532  2.656  -46.955 0.0000000000
75599  23.217  2.412  -47.959 0.0000000000
75600  22.821  2.694  -47.565 0.0000000000
75610  29.766  2.751  -48.155 0.0000000000
75611  28.832  2.631  -48.520 0.0000000000
75612  27.914  2.545  -48.922 0.0000000000
75613  24.330  1.939  -49.022 0.0000000000
75614  23.873  2.112  -48.702 0.0000000000
75621  27.265  2.590  -49.409 0.0000000000
75622  26.633  2.631  -49.673 0.0000000000
75623  25.814  2.446  -49.737 0.0000000000
75624  24.738  2.260  -49.424 0.0000000000
75625  24.022  2.891  -49.310 0.0000000000
76725  22.333  4.163  -46.362 0.0000000000
76738  22.300  3.561  -46.637 0.0000000000
76739  22.184  4.241  -46.776 0.0000000000
76750  22.990  2.917  -47.928 0.0000000000
76751  22.613  3.392  -47.672 0.0000000000
76759  30.346  3.660  -48.079 0.0000000000
76760  29.443  3.602  -48.433 0.0000000000
76761  28.509  3.552  -48.913 0.0000000000
76762  27.784  3.204  -49.299 0.0000000000
76763  23.284  3.179  -48.595 0.0000000000
76764  22.765  3.917  -48.417 0.0000000000
76770  28.007  3.853  -49.444 0.0000000000
76771  27.246  3.543  -49.821 0.0000000000
76772  26.309  3.231  -50.077 0.0000000000
76773  25.421  3.131  -50.111 0.0000000000
76774  24.563  3.321  -49.951 0.0000000000
76775  23.766  3.771  -49.641 0.0000000000
76782  26.683  3.956  -50.314 0.0000000000
76783  25.975  3.906  -50.535 0.0000000000
76784  25.121  3.895  -50.630 0.0000000000
76785  24.301  4.162  -50.406 0.0000000000
76786  23.811  4.275  -50.094 0.0000000000
77858  22.288  4.643  -46.694 0.0000000000
77873  22.228  4.139  -47.292 0.0000000000
77874  22.105  4.685  -47.103 0.0000000000
77886  22.430  4.264  -47.993 0.0000000000
77887  22.212  4.771  -47.660 0.0000000000
77898  30.979  4.573  -48.051 0.0000000000
77899  30.025  4.552  -48.270 0.0000000000
77900  29.160  4.521  -48.678 0.0000000000
77901  28.480  4.549  -49.225 0.0000000000
77902  23.109  4.145  -49.078 0.0000000000
77903  22.545  4.708  -48.695 0.0000000000
77904  22.299  4.780  -48.120 0.0000000000
77913  27.839  4.561  -49.730 0.0000000000
77914  27.221  4.589  -50.247 0.0000000000
77915  23.352  4.645  -49.838 0.0000000000
77916  22.907  4.684  -49.308 0.0000000000
77924  26.546  4.680  -50.704 0.0000000000
77925  25.677  4.782  -51.133 0.0000000000
77926  24.805  4.567  -51.037 0.0000000000
77927  24.189  4.910  -50.871 0.0000000000
77928  23.822  4.639  -50.385 0.0000000000
77937  25.438  5.338  -51.397 0.0000000000
77938  25.017  5.137  -51.359 0.0000000000
77939  24.598  5.025  -51.173 0.0000000000
79066  22.132  5.024  -47.014 0.0000000000
79081  22.180  5.293  -47.435 0.0000000000
79090  32.765  5.478  -48.216 0.0000000000
79091  31.681  5.552  -48.214 0.0000000000
79092  30.632  5.524  -48.255 0.0000000000
79093  29.691  5.456  -48.502 0.0000000000
79094  28.935  5.438  -48.958 0.0000000000
79095  22.366  5.322  -48.812 0.0000000000
79096  22.204  5.398  -48.163 0.0000000000
79104  28.319  5.450  -49.521 0.0000000000
79105  27.687  5.476  -50.035 0.0000000000
79106  23.195  5.103  -49.983 0.0000000000
79107  22.769  5.335  -49.526 0.0000000000
79114  27.103  5.502  -50.611 0.0000000000
79115  26.452  5.557  -51.135 0.0000000000
79116  24.014  5.281  -50.926 0.0000000000
79117  23.525  5.404  -50.503 0.0000000000
79118  22.875  6.061  -50.062 0.0000000000
79125  25.809  5.719  -51.473 0.0000000000
79126  25.191  5.814  -51.546 0.0000000000
79127  24.355  5.645  -51.257 0.0000000000
79128  23.752  6.211  -51.064 0.0000000000
80220  22.375  5.788  -47.290 0.0000000000
80232  22.622  7.118  -47.641 0.0000000000
80233  22.203  5.993  -47.732 0.0000000000
80240  34.403  6.507  -48.616 0.0000000000
80241  33.450  6.448  -48.704 0.0000000000
80242  32.470  6.580  -48.616 0.0000000000
80243  31.262  6.659  -48.364 0.0000000000
80244  30.166  6.395  -48.413 0.0000000000
80245  29.373  6.314  -48.761 0.0000000000
80246  28.730  6.341  -49.241 0.0000000000
80247  22.242  5.885  -48.822 0.0000000000
80248  22.115  6.277  -48.254 0.0000000000
80255  35.101  6.796  -49.271 0.0000000000
80256  34.080  6.965  -49.493 0.0000000000
80257  33.161  7.054  -49.285 0.0000000000
80258  32.659  7.201  -49.042 0.0000000000
80259  28.102  6.390  -49.756 0.0000000000
80260  27.521  6.416  -50.343 0.0000000000
80261  22.424  6.409  -49.406 0.0000000000
80262  22.117  6.530  -48.758 0.0000000000
80270  35.336  7.002  -50.243 0.0000000000
80271  34.675  7.205  -49.979 0.0000000000
80272  26.943  6.432  -50.945 0.0000000000
80273  26.313  6.478  -51.453 0.0000000000
80274  23.206  6.552  -50.625 0.0000000000
80275  22.715  6.702  -50.038 0.0000000000
80284  25.604  6.589  -51.713 0.0000000000
80285  24.839  6.651  -51.767 0.0000000000
80286  24.134  6.729  -51.505 0.0000000000
80287  23.598  6.858  -51.196 0.0000000000
81367  22.400  6.618  -47.642 0.0000000000
81368  22.326  6.281  -47.648 0.0000000000
81380  22.254  7.563  -48.012 0.0000000000
81381  22.183  6.650  -47.896 0.0000000000
81387  32.123  7.628  -48.816 0.0000000000
81388  31.207  7.601  -48.541 0.0000000000
81389  30.469  7.296  -48.472 0.0000000000
81390  29.716  7.105  -48.634 0.0000000000
81391  29.106  7.153  -48.925 0.0000000000
81395  22.196  7.617  -48.833 0.0000000000
81396  22.063  6.973  -48.415 0.0000000000
81404  34.230  7.537  -50.087 0.0000000000
81405  33.599  7.937  -49.810 0.0000000000
81406  32.865  7.674  -49.287 0.0000000000
81407  28.498  7.304  -49.394 0.0000000000
81408  27.864  7.359  -49.982 0.0000000000
81409  22.456  7.307  -49.623 0.0000000000
81410  22.115  6.993  -49.008 0.0000000000
81418  35.498  7.284  -51.115 0.0000000000
81419  34.540  7.664  -50.828 0.0000000000
81420  34.060  7.912  -50.374 0.0000000000
81421  27.323  7.367  -50.645 0.0000000000
81422  26.738  7.357  -51.271 0.0000000000
81423  23.222  7.519  -50.986 0.0000000000
81424  22.828  7.196  -50.342 0.0000000000
81433  35.073  7.710  -51.682 0.0000000000
81434  26.095  7.376  -51.775 0.0000000000
81435  25.309  7.615  -52.069 0.0000000000
81436  24.441  7.734  -51.975 0.0000000000
81437  23.799  7.401  -51.505 0.0000000000
81448  25.143  8.149  -52.280 0.0000000000
81449  24.934  7.993  -52.248 0.0000000000
82471  22.465  8.643  -48.005 0.0000000000
82478  32.074  8.390  -48.943 0.0000000000
82479  31.496  8.276  -48.760 0.0000000000
82480  30.678  8.132  -48.598 0.0000000000
82481  29.867  7.872  -48.576 0.0000000000
82482  29.429  7.595  -48.766 0.0000000000
82487  22.356  8.425  -48.681 0.0000000000
82496  33.489  9.135  -49.976 0.0000000000
82497  32.739  8.686  -49.332 0.0000000000
82498  31.902  8.999  -48.918 0.0000000000
82499  31.021  8.953  -48.800 0.0000000000
82500  30.097  8.756  -48.774 0.0000000000
82501  29.124  8.244  -48.989 0.0000000000
82502  28.254  8.317  -49.617 0.0000000000
82503  22.469  8.196  -49.483 0.0000000000
82509  34.182  8.296  -51.245 0.0000000000
82510  33.885  8.651  -50.726 0.0000000000
82511  27.633  8.335  -50.258 0.0000000000
82512  27.070  8.311  -50.955 0.0000000000
82513  23.035  8.561  -50.956 0.0000000000
82514  22.775  7.920  -50.264 0.0000000000
82523  34.496  8.208  -51.746 0.0000000000
82524  34.036  8.847  -51.698 0.0000000000
82525  26.475  8.237  -51.618 0.0000000000
82526  25.916  8.127  -52.053 0.0000000000
82527  24.094  8.846  -52.205 0.0000000000
82528  23.641  8.234  -51.619 0.0000000000
82539  25.448  8.460  -52.265 0.0000000000
82540  24.850  8.565  -52.358 0.0000000000
83605  22.625  9.175  -48.610 0.0000000000
83613  33.536  9.663  -50.013 0.0000000000
83614  33.281  9.937  -49.750 0.0000000000
83615  32.398  9.833  -49.253 0.0000000000
83616  31.474  9.803  -49.079 0.0000000000
83617  30.530  9.693  -49.066 0.0000000000
83618  29.580  9.503  -49.152 0.0000000000
83619  28.697  9.318  -49.431 0.0000000000
83620  22.720  9.894  -49.497 0.0000000000
83621  22.610  9.026  -49.479 0.0000000000
83628  33.604  9.903  -50.462 0.0000000000
83629  33.556  10.437  -50.136 0.0000000000
83630  27.929  9.304  -49.837 0.0000000000
83631  27.374  9.320  -50.547 0.0000000000
83632  22.799  9.592  -50.664 0.0000000000
83633  22.738  8.685  -50.157 0.0000000000
83641  33.776  9.703  -51.474 0.0000000000
83642  26.763  9.246  -51.316 0.0000000000
83643  26.094  9.062  -52.073 0.0000000000
83644  23.917  9.706  -52.350 0.0000000000
83645  23.385  9.381  -51.789 0.0000000000
83653  25.359  9.320  -52.460 0.0000000000
83654  24.578  9.573  -52.529 0.0000000000
84690  32.818  10.829  -49.467 0.0000000000
84691  31.947  10.731  -49.228 0.0000000000
84692  31.011  10.632  -49.248 0.0000000000
84693  30.072  10.535  -49.271 0.0000000000
84694  29.108  10.439  -49.455 0.0000000000
84695  28.389  10.050  -49.699 0.0000000000
84699  23.340  10.675  -49.559 0.0000000000
84707  33.645  10.929  -50.579 0.0000000000
84708  33.420  10.962  -49.965 0.0000000000
84709  28.506  10.755  -49.768 0.0000000000
84710  27.863  10.379  -50.166 0.0000000000
84711  27.219  10.291  -50.996 0.0000000000
84712  22.906  10.742  -50.617 0.0000000000
84718  33.760  10.741  -51.361 0.0000000000
84719  26.516  10.230  -51.833 0.0000000000
84720  25.902  9.914  -52.405 0.0000000000
84721  23.586  10.090  -52.264 0.0000000000
84722  23.174  10.656  -51.917 0.0000000000
84729  33.669  10.547  -52.311 0.0000000000
84730  26.093  10.621  -52.467 0.0000000000
84731  25.277  10.418  -52.719 0.0000000000
84732  24.077  10.609  -52.706 0.0000000000
84733  23.620  11.230  -52.554 0.0000000000
85798  32.323  11.667  -49.465 0.0000000000
85799  31.459  11.561  -49.333 0.0000000000
85800  30.579  11.471  -49.384 0.0000000000
85801  29.727  11.400  -49.480 0.0000000000
85802  28.978  11.404  -49.668 0.0000000000
85806  23.783  11.569  -49.945 0.0000000000
85817  33.421  11.769  -50.550 0.0000000000
85818  32.983  11.728  -49.939 0.0000000000
85819  28.412  11.389  -50.148 0.0000000000
85820  27.756  11.325  -50.747 0.0000000000
85821  27.126  11.191  -51.488 0.0000000000
85822  23.254  11.625  -50.548 0.0000000000
85830  33.678  11.731  -51.315 0.0000000000
85831  26.571  11.222  -52.149 0.0000000000
85832  23.140  11.696  -51.462 0.0000000000
85841  33.725  11.591  -52.233 0.0000000000
85842  25.930  11.406  -52.667 0.0000000000
85843  25.005  11.569  -52.995 0.0000000000
85844  24.094  11.780  -52.811 0.0000000000
85845  23.492  11.807  -52.294 0.0000000000
86860  31.816  12.453  -49.553 0.0000000000
86861  31.005  12.324  -49.422 0.0000000000
86862  30.203  12.297  -49.556 0.0000000000
86863  29.484  12.129  -49.722 0.0000000000
86864  28.923  12.025  -50.023 0.0000000000
86869  24.116  12.282  -50.044 0.0000000000
86876  33.111  12.600  -50.450 0.0000000000
86877  32.554  12.538  -49.913 0.0000000000
86878  29.839  12.715  -49.781 0.0000000000
86879  29.294  12.711  -50.066 0.0000000000
86880  28.423  12.382  -50.539 0.0000000000
86881  27.571  12.217  -51.310 0.0000000000
86882  27.014  11.841  -51.845 0.0000000000
86883  23.594  12.396  -50.481 0.0000000000
86891  33.498  12.687  -51.197 0.0000000000
86892  27.112  12.500  -51.856 0.0000000000
86893  26.600  12.055  -52.350 0.0000000000
86894  23.302  12.502  -51.173 0.0000000000
86903  33.774  12.644  -52.093 0.0000000000
86904  26.705  12.821  -52.245 0.0000000000
86905  25.906  12.572  -52.741 0.0000000000
86906  24.798  12.680  -52.948 0.0000000000
86907  23.902  12.713  -52.655 0.0000000000
86908  23.380  12.617  -51.964 0.0000000000
87876  31.326  13.007  -49.612 0.0000000000
87877  30.625  12.972  -49.596 0.0000000000
87878  30.176  12.874  -49.707 0.0000000000
87883  24.320  12.775  -49.982 0.0000000000
87886  32.749  13.223  -50.337 0.0000000000
87887  32.021  13.433  -50.070 0.0000000000
87888  31.053  13.654  -49.842 0.0000000000
87889  30.044  13.406  -49.981 0.0000000000
87890  29.041  13.456  -50.476 0.0000000000
87891  28.002  13.394  -51.231 0.0000000000
87892  27.475  12.838  -51.525 0.0000000000
87893  23.830  13.931  -50.445 0.0000000000
87894  23.906  13.034  -50.220 0.0000000000
87900  33.097  13.576  -50.990 0.0000000000
87901  32.631  13.821  -50.555 0.0000000000
87902  27.407  13.950  -51.809 0.0000000000
87903  27.225  13.215  -51.820 0.0000000000
87904  23.655  14.128  -51.388 0.0000000000
87905  23.492  13.244  -50.867 0.0000000000
87913  33.544  13.738  -51.897 0.0000000000
87914  27.186  14.228  -52.086 0.0000000000
87915  26.664  13.756  -52.336 0.0000000000
87916  25.539  13.694  -52.809 0.0000000000
87917  24.546  13.676  -52.694 0.0000000000
87918  23.773  13.534  -52.170 0.0000000000
87919  23.423  13.237  -51.555 0.0000000000
87928  33.741  13.539  -52.867 0.0000000000
88898  32.279  14.327  -50.579 0.0000000000
88899  31.557  14.331  -50.329 0.0000000000
88900  30.645  14.342  -50.262 0.0000000000
88901  29.716  14.308  -50.451 0.0000000000
88902  28.844  14.387  -50.936 0.0000000000
88903  23.863  14.898  -50.719 0.0000000000
88905  33.172  14.473  -51.536 0.0000000000
88906  32.744  14.405  -51.022 0.0000000000
88907  27.945  14.645  -51.615 0.0000000000
88908  27.711  15.156  -51.979 0.0000000000
88909  23.922  15.073  -51.477 0.0000000000
88911  33.414  14.624  -52.058 0.0000000000
88912  27.432  14.412  -51.916 0.0000000000
88913  27.211  14.780  -52.262 0.0000000000
88914  26.223  14.744  -52.799 0.0000000000
88915  25.212  14.728  -52.784 0.0000000000
88916  24.270  14.675  -52.219 0.0000000000
88921  33.549  14.459  -52.657 0.0000000000
89898  24.077  15.668  -50.116 0.0000000000
89901  32.445  14.784  -50.984 0.0000000000
89902  32.014  14.975  -50.833 0.0000000000
89903  31.187  15.081  -50.658 0.0000000000
89904  30.285  15.070  -50.664 0.0000000000
89905  29.509  15.003  -50.828 0.0000000000
89906  23.918  15.790  -51.000 0.0000000000
89909  33.241  15.012  -51.835 0.0000000000
89910  32.629  15.343  -51.600 0.0000000000
89911  31.693  15.668  -51.251 0.0000000000
89912  30.792  15.809  -51.070 0.0000000000
89913  29.853  15.709  -51.084 0.0000000000
89914  28.872  15.433  -51.313 0.0000000000
89915  28.128  15.533  -51.863 0.0000000000
89916  24.197  15.779  -51.899 0.0000000000
89919  33.218  15.302  -52.422 0.0000000000
89920  32.771  15.749  -52.310 0.0000000000
89921  27.609  15.598  -52.337 0.0000000000
89922  26.876  15.683  -52.885 0.0000000000
89923  25.875  15.838  -53.220 0.0000000000
89924  24.870  15.735  -52.645 0.0000000000
89928  33.462  15.068  -53.170 0.0000000000
89929  26.544  16.181  -53.279 0.0000000000
89930  26.265  16.375  -53.438 0.0000000000
90920  24.045  16.557  -50.393 0.0000000000
90923  32.049  16.075  -51.733 0.0000000000
90924  31.345  16.620  -51.713 0.0000000000
90925  30.272  16.474  -51.435 0.0000000000
90926  29.365  16.320  -51.527 0.0000000000
90927  28.575  16.230  -51.890 0.0000000000
90928  28.054  16.050  -52.246 0.0000000000
90929  24.156  16.622  -51.338 0.0000000000
90932  32.879  15.862  -52.640 0.0000000000
90933  32.347  16.493  -52.535 0.0000000000
90934  31.629  17.052  -52.312 0.0000000000
90935  28.227  16.511  -52.375 0.0000000000
90936  27.608  16.386  -52.735 0.0000000000
90937  27.008  16.327  -53.161 0.0000000000
90938  25.265  16.725  -52.961 0.0000000000
90939  24.559  16.658  -52.243 0.0000000000
90943  33.157  15.893  -53.269 0.0000000000
90944  32.800  16.882  -53.843 0.0000000000
90945  27.254  16.738  -53.188 0.0000000000
90946  26.673  16.747  -53.467 0.0000000000
90947  25.930  16.800  -53.558 0.0000000000
91941  24.341  17.261  -49.854 0.0000000000
91944  30.486  17.132  -51.825 0.0000000000
91945  29.703  17.023  -51.814 0.0000000000
91946  28.930  16.847  -52.040 0.0000000000
91947  28.523  16.698  -52.257 0.0000000000
91948  24.321  17.346  -50.683 0.0000000000
91951  31.701  17.377  -52.725 0.0000000000
91952  30.982  17.599  -52.369 0.0000000000
91953  29.982  17.632  -52.211 0.0000000000
91954  29.169  17.433  -52.321 0.0000000000
91955  28.252  17.199  -52.724 0.0000000000
91956  27.604  16.930  -53.012 0.0000000000
91957  24.863  17.573  -52.428 0.0000000000
91958  24.499  17.425  -51.582 0.0000000000
91961  32.042  17.708  -53.456 0.0000000000
91962  31.377  17.943  -53.015 0.0000000000
91963  27.872  17.756  -53.321 0.0000000000
91964  27.314  17.363  -53.466 0.0000000000
91965  26.301  17.554  -53.908 0.0000000000
91966  25.403  17.804  -53.383 0.0000000000
91970  25.934  18.033  -54.243 0.0000000000
91971  25.750  17.937  -53.951 0.0000000000
92923  24.734  17.705  -49.550 0.0000000000
92931  25.139  18.566  -50.231 0.0000000000
92932  24.724  17.897  -50.051 0.0000000000
92936  25.084  18.775  -51.139 0.0000000000
92937  24.702  18.057  -50.893 0.0000000000
92939  30.814  18.264  -52.986 0.0000000000
92940  30.140  18.208  -52.727 0.0000000000
92941  29.318  18.012  -52.671 0.0000000000
92942  28.792  17.737  -52.690 0.0000000000
92943  25.068  18.666  -52.266 0.0000000000
92944  24.816  18.109  -51.676 0.0000000000
92946  31.903  18.389  -54.138 0.0000000000
92947  31.179  18.625  -53.658 0.0000000000
92948  30.235  18.784  -53.304 0.0000000000
92949  29.360  18.607  -53.188 0.0000000000
92950  28.445  18.174  -53.228 0.0000000000
92951  27.465  18.227  -53.924 0.0000000000
92952  26.903  17.855  -53.977 0.0000000000
92953  25.290  18.833  -53.115 0.0000000000
92958  27.141  18.520  -54.507 0.0000000000
92959  26.435  18.340  -54.471 0.0000000000
92960  25.580  18.571  -53.961 0.0000000000
92964  25.899  18.705  -54.980 0.0000000000
92965  25.622  18.769  -54.571 0.0000000000
94037  26.264  20.235  -51.083 0.0000000000
94038  25.653  19.702  -51.413 0.0000000000
94043  25.434  19.584  -52.444 0.0000000000
94048  30.912  19.305  -54.277 0.0000000000
94049  30.284  19.323  -53.944 0.0000000000
94050  29.429  19.212  -53.758 0.0000000000
94051  28.578  18.890  -53.807 0.0000000000
94052  28.034  18.587  -53.902 0.0000000000
94053  25.358  19.577  -53.307 0.0000000000
94059  30.307  19.905  -54.629 0.0000000000
94060  29.445  19.798  -54.348 0.0000000000
94061  28.616  19.492  -54.325 0.0000000000
94062  27.608  19.008  -54.658 0.0000000000
94063  26.934  18.661  -54.789 0.0000000000
94064  25.393  19.482  -54.131 0.0000000000
94070  26.993  19.345  -55.365 0.0000000000
94071  26.402  18.961  -55.250 0.0000000000
94072  25.573  19.341  -54.857 0.0000000000
95121  26.289  20.645  -51.624 0.0000000000
95122  25.784  20.116  -52.005 0.0000000000
95132  26.268  21.071  -52.127 0.0000000000
95133  25.767  20.534  -52.559 0.0000000000
95147  25.469  20.416  -53.529 0.0000000000
95159  30.090  20.436  -55.201 0.0000000000
95160  29.388  20.439  -54.944 0.0000000000
95161  28.542  20.115  -54.824 0.0000000000
95162  28.074  19.662  -54.807 0.0000000000
95163  25.361  20.299  -54.361 0.0000000000
95179  29.462  20.787  -55.700 0.0000000000
95180  28.402  20.652  -55.729 0.0000000000
95181  27.462  19.915  -55.476 0.0000000000
95182  26.336  19.601  -55.838 0.0000000000
95183  25.492  20.028  -55.264 0.0000000000
95198  27.832  20.866  -56.335 0.0000000000
95199  27.286  20.559  -56.280 0.0000000000
95200  26.361  20.244  -56.325 0.0000000000
95201  25.547  20.304  -55.993 0.0000000000
96189  26.811  21.550  -51.864 0.0000000000
96197  26.303  21.478  -52.561 0.0000000000
96198  25.838  21.121  -53.102 0.0000000000
96217  26.150  21.726  -53.180 0.0000000000
96218  25.687  21.330  -53.760 0.0000000000
96235  25.398  21.152  -54.566 0.0000000000
96249  29.173  21.087  -56.250 0.0000000000
96250  28.858  20.963  -56.025 0.0000000000
96251  25.414  21.208  -55.377 0.0000000000
96265  28.337  21.191  -56.578 0.0000000000
96266  27.256  21.031  -56.817 0.0000000000
96267  26.339  20.896  -56.788 0.0000000000
96268  25.502  21.224  -56.306 0.0000000000
96281  27.340  21.588  -57.361 0.0000000000
96282  26.362  21.508  -57.258 0.0000000000
96283  25.726  21.615  -56.898 0.0000000000
97337  27.607  22.479  -51.870 0.0000000000
97338  26.868  22.089  -52.361 0.0000000000
97351  27.119  22.760  -52.728 0.0000000000
97352  26.545  22.133  -52.873 0.0000000000
97368  27.033  23.144  -53.179 0.0000000000
97369  26.358  22.535  -53.629 0.0000000000
97370  25.767  21.795  -54.127 0.0000000000
97381  26.162  22.950  -54.568 0.0000000000
97382  25.747  22.048  -54.606 0.0000000000
97392  26.121  23.204  -55.022 0.0000000000
97393  25.661  22.528  -55.445 0.0000000000
97397  25.463  22.417  -56.490 0.0000000000
97404  26.358  22.121  -57.868 0.0000000000
97405  25.528  22.368  -57.398 0.0000000000
98434  27.790  23.270  -52.317 0.0000000000
98462  27.051  23.608  -53.486 0.0000000000
98463  26.688  23.598  -54.054 0.0000000000
98471  26.448  23.769  -54.704 0.0000000000
98480  26.112  23.627  -55.336 0.0000000000
98481  25.705  23.467  -56.022 0.0000000000
