#!ascii label  , from subject cvs_avg35_inMNI152 vox2ras=TkReg
1585
68222  39.761  -3.049  21.879 0.0000000000
68223  39.058  -3.063  22.010 0.0000000000
68224  38.626  -3.015  22.002 0.0000000000
68233  39.898  -3.080  21.388 0.0000000000
68234  39.387  -3.135  21.309 0.0000000000
68235  38.779  -3.085  21.526 0.0000000000
68244  39.089  -3.139  20.931 0.0000000000
68245  38.927  -3.137  21.139 0.0000000000
69282  37.438  -2.114  24.775 0.0000000000
69283  36.920  -2.210  24.780 0.0000000000
69289  39.177  -1.921  24.214 0.0000000000
69290  38.672  -2.169  24.123 0.0000000000
69291  37.975  -2.387  24.142 0.0000000000
69292  37.209  -2.515  24.258 0.0000000000
69299  39.584  -2.302  23.518 0.0000000000
69300  38.635  -2.591  23.440 0.0000000000
69301  37.781  -2.719  23.448 0.0000000000
69302  36.860  -2.660  23.497 0.0000000000
69309  40.344  -2.687  22.398 0.0000000000
69310  39.316  -2.833  22.667 0.0000000000
69311  38.453  -2.905  22.591 0.0000000000
69312  37.543  -2.865  22.604 0.0000000000
69313  36.655  -2.573  22.528 0.0000000000
69323  40.382  -2.834  21.350 0.0000000000
69324  39.947  -3.042  21.018 0.0000000000
69325  38.213  -2.965  21.865 0.0000000000
69326  37.441  -2.725  21.650 0.0000000000
69327  36.611  -2.269  21.596 0.0000000000
69335  40.994  -2.403  20.695 0.0000000000
69336  40.330  -2.750  20.566 0.0000000000
69337  39.549  -3.002  20.588 0.0000000000
69338  38.521  -2.898  20.831 0.0000000000
69339  37.335  -2.239  20.619 0.0000000000
69340  36.618  -1.928  21.024 0.0000000000
69348  40.802  -2.385  19.937 0.0000000000
69349  40.145  -2.675  19.909 0.0000000000
69350  39.319  -2.749  19.799 0.0000000000
69351  38.292  -2.332  19.626 0.0000000000
69352  37.613  -2.031  19.922 0.0000000000
69360  40.548  -2.339  19.535 0.0000000000
69361  40.118  -2.376  19.270 0.0000000000
69362  39.318  -2.365  18.963 0.0000000000
69363  38.675  -2.114  18.787 0.0000000000
70267  37.078  -1.566  28.979 0.0000000000
70279  37.087  -1.392  28.283 0.0000000000
70286  38.666  -1.549  27.531 0.0000000000
70287  37.834  -1.464  27.483 0.0000000000
70288  37.100  -1.179  27.327 0.0000000000
70295  38.587  -1.169  26.614 0.0000000000
70296  37.771  -1.396  26.462 0.0000000000
70297  36.877  -1.302  26.346 0.0000000000
70298  36.350  -1.034  25.915 0.0000000000
70307  38.624  -1.438  25.594 0.0000000000
70308  37.728  -1.712  25.421 0.0000000000
70309  36.766  -1.745  25.331 0.0000000000
70310  35.978  -1.181  25.272 0.0000000000
70320  39.466  -1.582  24.669 0.0000000000
70321  38.614  -1.782  24.765 0.0000000000
70322  38.065  -1.995  24.621 0.0000000000
70323  36.414  -2.025  24.458 0.0000000000
70324  35.402  -1.440  24.397 0.0000000000
70325  34.843  -1.063  23.924 0.0000000000
70335  39.590  -1.865  24.051 0.0000000000
70336  36.026  -2.118  23.453 0.0000000000
70337  35.221  -1.604  23.297 0.0000000000
70338  34.902  -0.820  23.239 0.0000000000
70346  35.876  -2.020  22.428 0.0000000000
70347  35.237  -1.251  22.304 0.0000000000
70348  35.023  -0.500  22.690 0.0000000000
70357  36.010  -1.721  21.473 0.0000000000
70358  35.554  -1.050  21.248 0.0000000000
70366  37.262  -1.852  20.078 0.0000000000
70367  36.528  -1.471  20.379 0.0000000000
70368  35.818  -0.756  20.543 0.0000000000
70376  38.208  -1.961  19.019 0.0000000000
70377  37.544  -1.675  19.376 0.0000000000
70378  36.780  -0.960  19.324 0.0000000000
70384  41.074  -1.958  19.097 0.0000000000
70385  40.192  -1.985  18.515 0.0000000000
70386  39.312  -1.879  18.242 0.0000000000
70387  38.353  -1.580  18.387 0.0000000000
70388  37.478  -0.929  18.462 0.0000000000
70389  36.923  -0.465  18.804 0.0000000000
70395  41.035  -1.512  18.075 0.0000000000
70396  40.156  -1.521  17.712 0.0000000000
70397  39.202  -1.214  17.504 0.0000000000
70398  38.255  -0.848  17.691 0.0000000000
70399  37.716  -0.432  17.832 0.0000000000
70411  41.000  -1.175  17.257 0.0000000000
70412  40.113  -1.037  16.986 0.0000000000
70413  39.474  -0.721  16.832 0.0000000000
71296  37.009  -0.222  30.187 0.0000000000
71309  36.674  -0.704  29.281 0.0000000000
71310  36.202  -0.183  28.586 0.0000000000
71326  36.559  -0.754  28.109 0.0000000000
71327  36.132  -0.146  27.853 0.0000000000
71343  36.480  -0.711  27.219 0.0000000000
71344  35.979  -0.165  27.050 0.0000000000
71360  36.278  -0.718  26.543 0.0000000000
71361  35.791  -0.377  26.137 0.0000000000
71376  35.187  -0.469  25.277 0.0000000000
71377  34.831  -0.090  24.744 0.0000000000
71387  34.893  -0.707  24.523 0.0000000000
71388  34.827  -0.234  23.996 0.0000000000
71398  34.929  -0.050  23.239 0.0000000000
71407  35.193  -0.390  21.992 0.0000000000
71408  35.099  0.124  22.627 0.0000000000
71419  35.429  -0.124  21.085 0.0000000000
71428  36.215  -0.655  19.933 0.0000000000
71429  35.833  -0.204  20.294 0.0000000000
71439  36.460  -0.147  19.331 0.0000000000
71440  36.122  -0.208  19.867 0.0000000000
71449  37.190  -0.075  18.219 0.0000000000
71450  36.822  -0.083  18.776 0.0000000000
71463  38.823  -0.553  17.024 0.0000000000
71464  38.152  -0.079  17.238 0.0000000000
71465  37.633  -0.068  17.700 0.0000000000
71483  40.845  -0.804  16.459 0.0000000000
71484  39.973  -0.567  16.380 0.0000000000
71485  39.263  -0.142  16.383 0.0000000000
71486  38.701  -0.102  16.723 0.0000000000
71499  41.471  -0.469  15.754 0.0000000000
71500  40.402  -0.268  15.851 0.0000000000
71501  39.803  -0.153  16.062 0.0000000000
72411  38.308  0.558  33.737 0.0000000000
72412  37.767  0.611  33.143 0.0000000000
72422  37.438  0.476  32.382 0.0000000000
72431  37.325  0.443  31.480 0.0000000000
72441  37.169  0.461  30.596 0.0000000000
72442  36.621  0.406  29.888 0.0000000000
72452  36.177  0.375  29.133 0.0000000000
72453  36.015  0.485  28.374 0.0000000000
72467  35.882  0.543  27.611 0.0000000000
72479  35.623  0.504  26.810 0.0000000000
72487  35.342  0.474  25.962 0.0000000000
72497  34.963  0.501  25.215 0.0000000000
72498  34.886  0.536  24.476 0.0000000000
72509  34.961  0.575  23.740 0.0000000000
72520  35.079  0.587  23.077 0.0000000000
72530  35.295  0.602  22.044 0.0000000000
72531  35.180  0.555  22.642 0.0000000000
72542  35.522  0.692  21.185 0.0000000000
72551  36.051  0.906  20.212 0.0000000000
72552  35.717  0.418  20.564 0.0000000000
72560  36.433  0.704  19.499 0.0000000000
72561  36.069  0.236  19.944 0.0000000000
72569  37.169  0.810  18.207 0.0000000000
72570  36.803  0.422  18.810 0.0000000000
72582  38.074  0.679  17.184 0.0000000000
72583  37.603  0.421  17.655 0.0000000000
72600  39.195  0.273  16.199 0.0000000000
72601  38.722  0.528  16.481 0.0000000000
72613  42.031  0.091  15.070 0.0000000000
72614  40.848  0.354  15.173 0.0000000000
72615  39.629  0.472  15.794 0.0000000000
72616  39.016  1.140  15.935 0.0000000000
72623  42.562  0.687  14.587 0.0000000000
72624  41.598  0.837  14.589 0.0000000000
72625  40.854  1.127  14.703 0.0000000000
73545  39.566  1.354  35.159 0.0000000000
73552  39.102  1.340  34.484 0.0000000000
73553  38.687  1.373  33.868 0.0000000000
73560  38.132  1.438  33.202 0.0000000000
73561  37.854  1.105  33.024 0.0000000000
73574  37.892  1.794  32.763 0.0000000000
73575  37.699  1.254  32.690 0.0000000000
73584  37.467  1.285  31.874 0.0000000000
73592  37.361  1.295  30.986 0.0000000000
73593  36.956  1.275  30.209 0.0000000000
73601  36.438  1.315  29.424 0.0000000000
73602  36.066  1.043  28.794 0.0000000000
73612  36.275  1.655  28.701 0.0000000000
73613  36.009  1.299  28.098 0.0000000000
73621  35.761  1.278  27.344 0.0000000000
73631  35.499  1.336  26.536 0.0000000000
73644  35.195  1.336  25.643 0.0000000000
73645  34.969  1.251  24.866 0.0000000000
73656  34.994  1.214  24.198 0.0000000000
73665  35.273  1.696  23.012 0.0000000000
73666  35.139  1.399  23.361 0.0000000000
73674  35.374  1.497  22.575 0.0000000000
73675  35.210  0.930  22.752 0.0000000000
73681  35.998  1.771  21.120 0.0000000000
73682  35.712  1.531  21.492 0.0000000000
73690  36.077  1.582  20.696 0.0000000000
73691  35.744  1.040  20.802 0.0000000000
73698  36.422  1.468  19.830 0.0000000000
73706  37.218  1.394  18.248 0.0000000000
73707  36.853  1.371  18.895 0.0000000000
73720  38.240  1.227  16.931 0.0000000000
73721  37.663  1.343  17.637 0.0000000000
73737  38.606  1.482  16.385 0.0000000000
73745  40.205  1.154  15.121 0.0000000000
73746  39.506  1.620  15.466 0.0000000000
73747  38.943  1.709  15.900 0.0000000000
73754  43.025  1.242  14.132 0.0000000000
73755  42.120  1.317  14.161 0.0000000000
73756  41.294  1.725  14.245 0.0000000000
73757  40.485  1.735  14.707 0.0000000000
73758  40.020  1.698  15.052 0.0000000000
73765  42.461  1.808  13.722 0.0000000000
73766  41.856  1.795  13.914 0.0000000000
74689  40.698  2.414  35.864 0.0000000000
74690  39.928  2.343  35.358 0.0000000000
74706  39.401  2.324  34.639 0.0000000000
74707  39.045  2.010  34.046 0.0000000000
74721  39.218  2.679  33.908 0.0000000000
74722  38.771  2.297  33.403 0.0000000000
74733  38.247  2.374  32.726 0.0000000000
74734  37.751  1.971  32.259 0.0000000000
74740  38.098  2.632  31.956 0.0000000000
74741  37.685  2.183  31.353 0.0000000000
74747  37.338  2.161  30.461 0.0000000000
74748  36.827  1.992  29.831 0.0000000000
74756  37.143  2.702  29.720 0.0000000000
74757  36.691  2.310  29.058 0.0000000000
74768  36.228  2.266  28.050 0.0000000000
74769  35.946  1.762  27.684 0.0000000000
74779  36.101  2.546  27.510 0.0000000000
74780  35.842  2.146  27.175 0.0000000000
74790  35.508  2.190  26.140 0.0000000000
74800  35.217  2.170  24.955 0.0000000000
74801  35.027  1.638  24.549 0.0000000000
74811  35.340  2.449  23.955 0.0000000000
74812  35.071  1.847  24.116 0.0000000000
74822  35.404  2.147  23.091 0.0000000000
74823  35.172  1.998  23.628 0.0000000000
74834  36.283  2.513  22.012 0.0000000000
74835  35.727  2.110  22.245 0.0000000000
74844  36.283  2.163  21.195 0.0000000000
74845  35.960  2.110  21.721 0.0000000000
74854  37.045  2.696  19.929 0.0000000000
74855  36.529  2.137  20.290 0.0000000000
74864  37.177  2.510  19.099 0.0000000000
74865  36.743  2.078  19.458 0.0000000000
74876  37.969  2.583  17.976 0.0000000000
74877  37.332  2.035  18.347 0.0000000000
74878  36.944  2.032  18.905 0.0000000000
74893  38.240  2.127  17.059 0.0000000000
74894  37.765  2.034  17.731 0.0000000000
74909  38.756  2.174  16.198 0.0000000000
74918  39.445  2.408  15.485 0.0000000000
74919  39.100  2.115  15.735 0.0000000000
74928  41.212  2.210  14.087 0.0000000000
74929  40.752  2.484  14.361 0.0000000000
74930  39.969  2.311  15.015 0.0000000000
74940  42.808  2.516  13.194 0.0000000000
74941  41.640  2.455  13.708 0.0000000000
74942  41.023  3.152  13.952 0.0000000000
74948  43.479  3.114  12.803 0.0000000000
74949  42.772  3.242  12.857 0.0000000000
75841  41.046  3.406  35.854 0.0000000000
75842  40.306  3.398  35.150 0.0000000000
75843  39.795  2.907  34.908 0.0000000000
75857  40.110  3.835  34.578 0.0000000000
75858  39.698  3.382  34.280 0.0000000000
75873  39.264  3.284  33.169 0.0000000000
75874  38.785  2.803  32.886 0.0000000000
75884  39.222  3.634  32.572 0.0000000000
75885  38.754  3.240  32.274 0.0000000000
75890  38.299  3.161  31.080 0.0000000000
75891  37.802  2.601  30.769 0.0000000000
75897  38.194  3.663  30.074 0.0000000000
75898  37.747  2.963  30.230 0.0000000000
75907  38.070  3.905  29.604 0.0000000000
75908  37.540  3.556  29.342 0.0000000000
75909  37.037  2.974  29.163 0.0000000000
75920  37.383  3.734  28.643 0.0000000000
75921  36.920  3.191  28.448 0.0000000000
75929  36.332  3.015  27.526 0.0000000000
75930  36.047  2.680  27.243 0.0000000000
75940  36.441  3.516  26.973 0.0000000000
75941  36.041  2.892  26.704 0.0000000000
75950  36.452  3.536  26.175 0.0000000000
75951  35.892  2.951  25.615 0.0000000000
75959  36.509  3.625  25.151 0.0000000000
75960  35.861  3.079  24.504 0.0000000000
75966  37.314  3.959  23.565 0.0000000000
75967  36.870  3.715  23.912 0.0000000000
75968  35.998  2.907  23.457 0.0000000000
75976  37.410  3.880  23.091 0.0000000000
75977  36.751  3.202  22.655 0.0000000000
75978  36.004  2.602  22.686 0.0000000000
75987  38.276  4.022  21.595 0.0000000000
75988  37.833  3.783  21.941 0.0000000000
75989  36.951  2.924  21.534 0.0000000000
75998  38.369  3.872  21.128 0.0000000000
75999  37.634  3.265  20.663 0.0000000000
76000  36.865  2.664  20.716 0.0000000000
76010  39.232  3.823  19.601 0.0000000000
76011  38.735  3.718  19.939 0.0000000000
76012  37.726  3.112  19.474 0.0000000000
76023  39.195  3.814  19.102 0.0000000000
76024  38.384  3.336  18.649 0.0000000000
76025  37.676  2.752  18.686 0.0000000000
76041  39.172  3.796  18.034 0.0000000000
76042  38.581  3.115  17.476 0.0000000000
76056  39.312  3.644  16.884 0.0000000000
76057  38.855  2.899  16.450 0.0000000000
76068  40.294  3.599  15.200 0.0000000000
76069  39.780  3.316  15.587 0.0000000000
76070  39.128  2.608  15.852 0.0000000000
76082  40.557  3.449  14.710 0.0000000000
76083  40.213  2.900  14.874 0.0000000000
76097  42.185  3.162  13.152 0.0000000000
76098  41.603  3.537  13.469 0.0000000000
76099  41.086  3.863  14.012 0.0000000000
76112  43.989  3.792  12.476 0.0000000000
76113  43.098  3.835  12.608 0.0000000000
76114  42.430  3.730  12.892 0.0000000000
76115  42.036  3.623  13.117 0.0000000000
77002  41.648  4.248  36.880 0.0000000000
77013  41.301  4.252  36.160 0.0000000000
77014  40.813  4.313  35.451 0.0000000000
77027  40.397  4.391  34.643 0.0000000000
77028  40.117  4.056  34.160 0.0000000000
77043  40.295  4.554  33.903 0.0000000000
77044  39.957  4.102  33.436 0.0000000000
77061  39.604  4.069  32.640 0.0000000000
77062  39.213  3.871  32.190 0.0000000000
77076  39.513  4.355  31.890 0.0000000000
77077  39.028  3.890  31.513 0.0000000000
77090  39.402  4.513  31.124 0.0000000000
77091  38.865  4.192  30.532 0.0000000000
77105  38.485  4.265  29.713 0.0000000000
77106  38.059  4.094  29.267 0.0000000000
77118  38.351  4.478  29.092 0.0000000000
77119  37.858  4.195  28.572 0.0000000000
77120  37.328  3.845  28.159 0.0000000000
77131  37.611  4.327  27.547 0.0000000000
77132  36.908  3.681  27.580 0.0000000000
77141  37.569  4.490  26.469 0.0000000000
77142  36.991  3.955  26.760 0.0000000000
77148  38.304  4.905  25.240 0.0000000000
77149  37.643  4.532  25.527 0.0000000000
77150  37.084  4.009  25.825 0.0000000000
77156  40.109  5.249  23.794 0.0000000000
77157  39.229  5.130  24.062 0.0000000000
77158  38.382  4.876  24.332 0.0000000000
77159  37.722  4.520  24.653 0.0000000000
77160  37.195  4.090  24.886 0.0000000000
77166  41.990  5.119  22.430 0.0000000000
77167  41.103  5.153  22.685 0.0000000000
77168  40.238  5.185  22.892 0.0000000000
77169  39.365  5.086  23.156 0.0000000000
77170  38.520  4.803  23.422 0.0000000000
77171  37.668  4.311  23.737 0.0000000000
77172  37.365  4.148  24.286 0.0000000000
77177  42.161  4.782  21.447 0.0000000000
77178  41.304  4.790  21.774 0.0000000000
77179  40.424  4.901  22.003 0.0000000000
77180  39.495  4.890  22.259 0.0000000000
77181  38.690  4.684  22.575 0.0000000000
77182  38.062  4.289  22.820 0.0000000000
77188  42.299  4.566  20.508 0.0000000000
77189  41.470  4.399  20.892 0.0000000000
77190  40.603  4.430  21.186 0.0000000000
77191  39.695  4.511  21.422 0.0000000000
77192  38.677  4.333  21.729 0.0000000000
77193  38.302  4.283  22.255 0.0000000000
77199  42.379  4.628  19.619 0.0000000000
77200  41.605  4.344  19.937 0.0000000000
77201  40.715  4.141  20.305 0.0000000000
77202  39.894  4.115  20.655 0.0000000000
77203  39.112  4.097  20.860 0.0000000000
77211  42.418  4.773  19.117 0.0000000000
77212  41.822  4.657  18.918 0.0000000000
77213  40.808  4.289  19.292 0.0000000000
77214  39.756  3.955  19.738 0.0000000000
77215  39.382  3.949  20.304 0.0000000000
77227  41.667  4.839  18.265 0.0000000000
77228  40.956  4.631  18.102 0.0000000000
77229  39.969  4.134  18.644 0.0000000000
77242  40.578  4.648  16.965 0.0000000000
77243  39.964  4.204  17.522 0.0000000000
77250  40.508  4.487  16.068 0.0000000000
77251  40.017  4.069  16.471 0.0000000000
77259  40.542  4.066  15.295 0.0000000000
77260  40.210  3.968  15.857 0.0000000000
77268  41.301  4.811  14.230 0.0000000000
77269  40.930  4.207  14.519 0.0000000000
77276  41.556  4.447  13.620 0.0000000000
77277  41.192  4.336  14.076 0.0000000000
77288  43.460  4.748  12.175 0.0000000000
77289  42.585  4.473  12.711 0.0000000000
77290  42.005  4.107  13.090 0.0000000000
77300  44.131  4.929  11.909 0.0000000000
78131  42.081  5.432  38.667 0.0000000000
78132  41.902  5.007  37.904 0.0000000000
78139  41.998  5.719  37.787 0.0000000000
78140  41.801  5.189  37.183 0.0000000000
78146  41.523  5.053  36.490 0.0000000000
78154  41.054  5.169  35.828 0.0000000000
78155  40.751  5.264  34.981 0.0000000000
78166  40.636  5.125  34.131 0.0000000000
78180  40.353  5.031  33.143 0.0000000000
78181  40.004  4.465  32.882 0.0000000000
78196  40.407  5.389  32.057 0.0000000000
78197  39.966  4.712  32.350 0.0000000000
78213  40.380  5.608  31.047 0.0000000000
78214  39.901  4.952  31.453 0.0000000000
78229  40.319  5.780  30.431 0.0000000000
78230  39.595  5.216  30.244 0.0000000000
78231  38.933  4.654  29.994 0.0000000000
78251  39.300  5.382  29.015 0.0000000000
78252  38.865  4.829  29.423 0.0000000000
78269  39.952  5.637  27.815 0.0000000000
78270  39.248  5.418  28.115 0.0000000000
78271  38.555  4.873  28.453 0.0000000000
78272  38.064  4.539  28.070 0.0000000000
78287  41.689  5.881  26.740 0.0000000000
78288  40.892  5.660  26.897 0.0000000000
78289  40.120  5.566  27.056 0.0000000000
78290  39.378  5.433  27.293 0.0000000000
78291  38.685  5.154  27.563 0.0000000000
78292  38.200  4.772  27.730 0.0000000000
78303  42.702  6.083  25.643 0.0000000000
78304  41.931  5.963  25.864 0.0000000000
78305  41.160  5.740  26.071 0.0000000000
78306  40.352  5.531  26.261 0.0000000000
78307  39.551  5.386  26.474 0.0000000000
78308  38.781  5.227  26.726 0.0000000000
78309  38.107  4.916  27.033 0.0000000000
78317  42.973  5.960  24.673 0.0000000000
78318  42.197  5.892  24.994 0.0000000000
78319  41.432  5.742  25.194 0.0000000000
78320  40.601  5.532  25.381 0.0000000000
78321  39.753  5.331  25.618 0.0000000000
78322  38.933  5.185  25.859 0.0000000000
78323  38.187  4.935  26.137 0.0000000000
78330  43.131  5.837  23.850 0.0000000000
78331  42.419  5.685  24.119 0.0000000000
78332  41.744  5.624  24.457 0.0000000000
78333  40.925  5.450  24.377 0.0000000000
78334  39.961  5.301  24.711 0.0000000000
78335  39.082  5.168  24.969 0.0000000000
78344  44.262  5.930  23.201 0.0000000000
78345  43.740  5.813  23.260 0.0000000000
78346  42.779  5.513  23.088 0.0000000000
78347  41.698  5.366  23.543 0.0000000000
78348  40.836  5.296  23.475 0.0000000000
78356  44.368  5.842  22.696 0.0000000000
78357  43.686  5.563  22.362 0.0000000000
78358  42.902  5.148  21.978 0.0000000000
78365  45.192  5.860  21.487 0.0000000000
78366  44.621  5.750  21.710 0.0000000000
78367  43.746  5.372  21.375 0.0000000000
78368  42.990  4.968  20.974 0.0000000000
78375  45.206  5.749  21.038 0.0000000000
78376  44.526  5.578  20.766 0.0000000000
78377  43.790  5.247  20.408 0.0000000000
78378  43.067  4.850  20.032 0.0000000000
78387  45.169  5.723  20.307 0.0000000000
78388  44.611  5.563  19.774 0.0000000000
78389  43.776  5.248  19.479 0.0000000000
78390  42.966  5.035  19.144 0.0000000000
78391  42.490  4.925  18.743 0.0000000000
78405  44.383  5.529  18.979 0.0000000000
78406  43.776  5.414  18.544 0.0000000000
78407  42.990  5.224  18.351 0.0000000000
78408  42.252  5.045  18.141 0.0000000000
78409  41.665  5.001  17.810 0.0000000000
78421  43.512  5.499  17.900 0.0000000000
78422  42.923  5.488  17.639 0.0000000000
78423  42.137  5.436  17.284 0.0000000000
78424  41.320  5.080  17.192 0.0000000000
78430  41.673  5.559  16.546 0.0000000000
78431  41.013  5.108  16.351 0.0000000000
78438  41.386  5.636  15.751 0.0000000000
78439  40.947  4.931  15.511 0.0000000000
78447  41.339  5.535  14.764 0.0000000000
78448  41.016  4.706  14.864 0.0000000000
78456  42.239  5.878  13.132 0.0000000000
78457  41.851  5.603  13.593 0.0000000000
78467  43.283  5.568  12.039 0.0000000000
78468  42.576  5.610  12.640 0.0000000000
78469  42.101  4.845  13.109 0.0000000000
79277  43.404  6.490  40.457 0.0000000000
79278  42.865  5.900  40.006 0.0000000000
79285  43.356  7.041  39.825 0.0000000000
79286  42.772  6.477  39.395 0.0000000000
79293  42.378  6.514  38.168 0.0000000000
79301  42.057  6.366  36.963 0.0000000000
79302  41.680  5.629  36.722 0.0000000000
79308  41.970  6.775  35.752 0.0000000000
79309  41.451  5.907  36.220 0.0000000000
79315  41.977  6.892  34.637 0.0000000000
79316  41.180  6.085  35.157 0.0000000000
79317  40.918  5.735  34.888 0.0000000000
79324  42.090  6.901  33.610 0.0000000000
79325  41.430  6.315  34.120 0.0000000000
79326  40.963  5.738  34.486 0.0000000000
79336  42.143  6.937  32.656 0.0000000000
79337  41.533  6.375  33.158 0.0000000000
79338  40.974  5.753  33.623 0.0000000000
79346  42.232  6.954  31.771 0.0000000000
79347  41.590  6.477  32.195 0.0000000000
79348  40.960  5.865  32.648 0.0000000000
79357  43.905  7.269  30.703 0.0000000000
79358  43.228  7.098  30.836 0.0000000000
79359  42.506  6.936  30.963 0.0000000000
79360  41.709  6.631  31.221 0.0000000000
79361  41.009  6.044  31.613 0.0000000000
79370  43.962  7.270  30.105 0.0000000000
79371  43.560  7.107  30.285 0.0000000000
79372  42.992  6.879  30.245 0.0000000000
79373  42.131  6.700  30.278 0.0000000000
79374  41.018  6.279  30.419 0.0000000000
79375  40.329  5.933  29.944 0.0000000000
79376  33.088  7.247  30.716 0.0000000000
79389  44.100  7.376  29.752 0.0000000000
79390  43.553  7.021  29.663 0.0000000000
79391  42.781  6.629  29.483 0.0000000000
79392  41.833  6.443  29.397 0.0000000000
79393  40.886  6.175  29.294 0.0000000000
79394  40.017  5.855  29.240 0.0000000000
79405  43.902  7.334  29.078 0.0000000000
79406  43.331  6.767  28.776 0.0000000000
79407  42.549  6.376  28.558 0.0000000000
79408  41.598  6.139  28.444 0.0000000000
79409  40.590  5.916  28.346 0.0000000000
79410  39.797  5.699  28.510 0.0000000000
79421  43.814  7.154  28.096 0.0000000000
79422  43.186  6.561  27.753 0.0000000000
79423  42.301  6.115  27.456 0.0000000000
79424  41.297  5.884  27.584 0.0000000000
79425  40.581  5.720  27.549 0.0000000000
79435  43.868  6.939  27.009 0.0000000000
79436  43.163  6.360  26.515 0.0000000000
79437  42.375  6.065  26.465 0.0000000000
79446  44.039  6.868  25.868 0.0000000000
79447  43.542  6.378  25.235 0.0000000000
79455  45.397  6.963  24.342 0.0000000000
79456  44.729  6.801  24.634 0.0000000000
79457  43.850  6.125  24.071 0.0000000000
79463  46.513  6.866  23.434 0.0000000000
79464  45.862  6.816  23.741 0.0000000000
79465  44.767  6.210  23.328 0.0000000000
79466  44.153  5.992  23.474 0.0000000000
79473  47.254  6.815  22.528 0.0000000000
79474  46.833  6.694  22.881 0.0000000000
79475  45.852  6.251  22.604 0.0000000000
79476  45.094  5.976  22.260 0.0000000000
79483  47.265  6.713  22.130 0.0000000000
79484  46.660  6.296  21.869 0.0000000000
79485  45.750  5.929  21.526 0.0000000000
79486  45.169  5.900  21.735 0.0000000000
79495  45.858  5.843  20.475 0.0000000000
79504  45.571  5.874  19.540 0.0000000000
79505  44.990  5.724  18.981 0.0000000000
79520  45.476  6.199  18.590 0.0000000000
79521  44.658  5.868  18.199 0.0000000000
79522  44.031  5.720  17.862 0.0000000000
79531  44.323  6.150  17.616 0.0000000000
79532  43.656  6.081  17.354 0.0000000000
79533  42.830  5.979  16.995 0.0000000000
79534  42.267  5.915  16.620 0.0000000000
79541  43.244  6.525  16.906 0.0000000000
79542  42.568  6.683  16.380 0.0000000000
79543  41.953  6.122  16.038 0.0000000000
79549  42.062  6.668  15.710 0.0000000000
79550  41.673  6.349  15.269 0.0000000000
79557  42.062  6.793  13.756 0.0000000000
79558  41.786  6.431  14.308 0.0000000000
79566  42.276  6.422  13.173 0.0000000000
79567  41.991  6.316  13.706 0.0000000000
79579  42.716  6.598  12.508 0.0000000000
80432  44.462  8.165  40.908 0.0000000000
80433  44.213  7.623  41.028 0.0000000000
80441  44.441  8.199  40.548 0.0000000000
80442  44.036  7.722  39.920 0.0000000000
80443  43.413  7.305  39.340 0.0000000000
80450  44.008  7.769  38.867 0.0000000000
80451  43.158  7.292  38.544 0.0000000000
80457  43.974  7.782  37.864 0.0000000000
80458  43.030  7.309  37.425 0.0000000000
80464  44.829  8.042  36.363 0.0000000000
80465  44.222  7.948  36.671 0.0000000000
80466  42.917  7.378  36.247 0.0000000000
80472  46.462  8.229  35.249 0.0000000000
80473  46.065  8.143  35.364 0.0000000000
80474  45.089  8.021  35.782 0.0000000000
80475  43.877  7.829  35.466 0.0000000000
80476  42.833  7.388  35.089 0.0000000000
80485  46.388  8.143  34.892 0.0000000000
80486  45.673  7.971  34.775 0.0000000000
80487  44.737  7.835  34.649 0.0000000000
80488  43.728  7.671  34.358 0.0000000000
80489  42.821  7.339  34.010 0.0000000000
80499  46.276  7.971  34.083 0.0000000000
80500  45.496  7.750  33.885 0.0000000000
80501  44.588  7.662  33.618 0.0000000000
80502  43.659  7.573  33.310 0.0000000000
80503  42.808  7.361  33.007 0.0000000000
80509  46.176  7.865  33.154 0.0000000000
80510  45.385  7.631  32.900 0.0000000000
80511  44.516  7.532  32.570 0.0000000000
80512  43.620  7.436  32.311 0.0000000000
80513  42.815  7.293  32.105 0.0000000000
80519  46.081  7.775  32.204 0.0000000000
80520  45.335  7.504  31.871 0.0000000000
80521  44.438  7.389  31.425 0.0000000000
80522  43.486  7.291  31.462 0.0000000000
80523  42.835  7.156  31.425 0.0000000000
80533  45.956  7.806  31.214 0.0000000000
80534  45.287  7.585  30.845 0.0000000000
80535  44.536  7.449  30.305 0.0000000000
80536  34.147  7.780  31.429 0.0000000000
80537  33.514  7.517  30.856 0.0000000000
80538  33.156  7.340  30.358 0.0000000000
80546  45.880  8.044  30.286 0.0000000000
80547  45.220  7.836  29.918 0.0000000000
80548  44.539  7.650  29.478 0.0000000000
80549  34.020  7.971  30.648 0.0000000000
80550  33.554  7.741  30.021 0.0000000000
80551  32.944  7.219  29.755 0.0000000000
80557  45.936  8.311  29.333 0.0000000000
80558  45.212  8.106  28.931 0.0000000000
80559  44.482  7.700  28.485 0.0000000000
80560  33.291  7.621  29.212 0.0000000000
80561  32.566  7.092  28.855 0.0000000000
80567  46.180  8.351  28.253 0.0000000000
80568  45.369  8.080  27.754 0.0000000000
80569  44.529  7.544  27.384 0.0000000000
80570  33.080  7.671  28.324 0.0000000000
80571  32.272  7.189  27.765 0.0000000000
80578  48.405  8.265  25.950 0.0000000000
80579  47.919  8.312  26.151 0.0000000000
80580  46.722  8.256  26.887 0.0000000000
80581  45.384  7.846  26.596 0.0000000000
80582  44.573  7.354  26.333 0.0000000000
80583  32.873  7.807  27.407 0.0000000000
80584  32.166  7.554  26.581 0.0000000000
80593  49.245  7.854  24.624 0.0000000000
80594  48.523  8.052  25.380 0.0000000000
80595  47.241  8.016  25.521 0.0000000000
80596  46.119  7.800  25.656 0.0000000000
80597  45.215  7.488  25.635 0.0000000000
80598  44.697  7.152  25.508 0.0000000000
80599  32.072  7.885  25.942 0.0000000000
80610  48.503  7.676  24.166 0.0000000000
80611  47.569  7.681  24.484 0.0000000000
80612  46.589  7.579  24.686 0.0000000000
80613  45.621  7.290  24.709 0.0000000000
80614  45.057  7.182  25.112 0.0000000000
80615  31.242  8.101  25.142 0.0000000000
80623  47.725  7.383  23.540 0.0000000000
80624  46.805  7.214  23.713 0.0000000000
80625  46.210  7.246  24.179 0.0000000000
80634  47.265  7.068  23.178 0.0000000000
80673  45.165  6.549  17.823 0.0000000000
80674  44.682  6.329  17.660 0.0000000000
80684  44.444  6.927  17.203 0.0000000000
80685  43.719  6.667  17.016 0.0000000000
80692  44.125  7.546  16.702 0.0000000000
80693  43.477  7.215  16.678 0.0000000000
80694  42.842  7.493  16.193 0.0000000000
80701  42.301  7.347  15.450 0.0000000000
80702  41.947  6.827  15.344 0.0000000000
80710  42.164  7.373  14.300 0.0000000000
80711  41.885  6.904  14.926 0.0000000000
80720  42.327  7.364  13.370 0.0000000000
80731  42.573  7.165  12.766 0.0000000000
81582  44.595  8.687  40.880 0.0000000000
81583  44.441  8.242  41.123 0.0000000000
81590  44.985  8.712  39.929 0.0000000000
81591  44.706  8.286  39.161 0.0000000000
81598  46.229  9.182  38.478 0.0000000000
81599  45.743  8.917  38.771 0.0000000000
81600  44.807  8.171  38.287 0.0000000000
81607  46.256  8.983  38.008 0.0000000000
81608  45.520  8.492  37.644 0.0000000000
81609  44.732  8.097  37.334 0.0000000000
81617  46.880  8.700  36.248 0.0000000000
81618  46.393  8.714  36.796 0.0000000000
81619  45.186  8.171  36.628 0.0000000000
81620  44.704  8.085  36.882 0.0000000000
81628  47.453  8.647  35.090 0.0000000000
81629  46.888  8.495  35.498 0.0000000000
81630  45.851  8.205  36.037 0.0000000000
81631  45.378  8.101  36.143 0.0000000000
81639  47.429  8.662  34.564 0.0000000000
81640  46.881  8.318  34.361 0.0000000000
81647  47.101  8.898  33.835 0.0000000000
81648  46.664  8.557  33.344 0.0000000000
81649  35.759  8.913  33.405 0.0000000000
81654  46.342  8.476  32.397 0.0000000000
81655  35.928  8.948  32.599 0.0000000000
81656  35.320  8.494  32.804 0.0000000000
81661  46.324  8.361  31.484 0.0000000000
81662  36.035  8.993  31.588 0.0000000000
81663  35.350  8.570  31.797 0.0000000000
81664  34.750  8.113  32.064 0.0000000000
81673  46.365  8.377  30.597 0.0000000000
81674  36.096  9.142  30.572 0.0000000000
81675  35.341  8.694  30.728 0.0000000000
81676  34.661  8.249  31.077 0.0000000000
81682  47.201  8.861  29.057 0.0000000000
81683  46.601  8.581  29.672 0.0000000000
81684  36.189  9.327  29.889 0.0000000000
81685  35.519  8.946  29.497 0.0000000000
81686  34.358  8.329  29.875 0.0000000000
81687  33.694  8.010  29.503 0.0000000000
81691  48.186  9.089  27.912 0.0000000000
81692  47.572  8.897  28.370 0.0000000000
81693  46.760  8.567  28.748 0.0000000000
81694  35.255  8.998  28.379 0.0000000000
81695  34.524  8.565  28.645 0.0000000000
81696  33.737  8.122  28.904 0.0000000000
81700  50.265  8.790  26.540 0.0000000000
81701  49.537  8.865  26.834 0.0000000000
81702  48.603  8.905  27.280 0.0000000000
81703  47.754  8.738  27.594 0.0000000000
81704  47.077  8.491  27.867 0.0000000000
81705  35.269  9.229  27.778 0.0000000000
81706  34.574  8.875  27.384 0.0000000000
81707  33.656  8.242  27.864 0.0000000000
81713  50.653  8.506  25.915 0.0000000000
81714  49.707  8.409  26.151 0.0000000000
81715  48.730  8.388  26.328 0.0000000000
81716  47.850  8.512  26.924 0.0000000000
81717  47.359  8.468  27.323 0.0000000000
81718  34.193  9.115  26.129 0.0000000000
81719  33.183  8.351  26.525 0.0000000000
81720  32.404  8.037  26.134 0.0000000000
81726  49.750  8.093  25.346 0.0000000000
81727  49.195  8.194  25.815 0.0000000000
81728  33.960  9.317  25.480 0.0000000000
81729  33.293  9.025  25.299 0.0000000000
81730  32.206  8.320  25.492 0.0000000000
81731  31.548  8.172  25.237 0.0000000000
81741  32.916  9.365  24.606 0.0000000000
81742  32.298  9.018  24.636 0.0000000000
81743  31.280  8.568  24.705 0.0000000000
81819  43.790  7.952  16.341 0.0000000000
81820  43.255  7.766  16.306 0.0000000000
81831  43.097  8.162  15.755 0.0000000000
81840  42.670  8.230  14.732 0.0000000000
82686  44.986  9.609  40.517 0.0000000000
82694  46.286  10.070  39.123 0.0000000000
82695  45.836  9.865  39.514 0.0000000000
82701  47.125  10.022  38.122 0.0000000000
82702  46.566  9.756  38.563 0.0000000000
82703  46.109  9.470  38.994 0.0000000000
82711  47.782  9.774  36.559 0.0000000000
82712  47.333  9.806  37.477 0.0000000000
82713  46.773  9.204  37.628 0.0000000000
82723  47.934  9.515  35.790 0.0000000000
82724  47.272  9.054  36.427 0.0000000000
82725  47.002  9.119  37.106 0.0000000000
82726  36.907  9.941  36.597 0.0000000000
82733  47.810  9.161  34.966 0.0000000000
82734  47.547  8.919  35.704 0.0000000000
82735  37.039  9.919  35.552 0.0000000000
82741  47.209  9.490  34.047 0.0000000000
82742  46.776  9.902  33.660 0.0000000000
82743  37.122  9.874  34.463 0.0000000000
82744  36.448  9.480  34.723 0.0000000000
82750  47.061  9.243  33.713 0.0000000000
82751  46.678  9.421  33.373 0.0000000000
82752  37.238  9.816  33.366 0.0000000000
82753  36.440  9.357  33.584 0.0000000000
82758  46.354  9.255  32.513 0.0000000000
82759  37.371  9.848  32.264 0.0000000000
82760  36.641  9.369  32.467 0.0000000000
82767  46.348  9.111  31.635 0.0000000000
82768  37.421  10.101  31.087 0.0000000000
82769  36.715  9.486  31.391 0.0000000000
82778  47.928  9.906  30.034 0.0000000000
82779  47.144  9.478  30.337 0.0000000000
82780  46.590  8.961  30.829 0.0000000000
82781  37.185  10.129  29.883 0.0000000000
82782  36.674  9.628  30.336 0.0000000000
82787  50.026  10.122  29.041 0.0000000000
82788  49.078  10.012  29.160 0.0000000000
82789  48.197  9.714  29.338 0.0000000000
82790  47.363  9.227  29.620 0.0000000000
82791  46.819  8.886  30.185 0.0000000000
82792  37.061  10.167  29.282 0.0000000000
82793  36.445  9.680  29.123 0.0000000000
82794  35.745  9.245  28.806 0.0000000000
82798  52.113  9.800  27.807 0.0000000000
82799  51.207  9.724  27.999 0.0000000000
82800  50.246  9.744  28.181 0.0000000000
82801  49.317  9.718  28.379 0.0000000000
82802  48.385  9.447  28.550 0.0000000000
82803  47.724  9.227  28.960 0.0000000000
82804  36.150  9.979  27.962 0.0000000000
82805  35.717  9.464  28.210 0.0000000000
82808  53.095  9.879  26.731 0.0000000000
82809  52.365  9.474  26.942 0.0000000000
82810  51.491  9.287  27.163 0.0000000000
82811  50.458  9.248  27.262 0.0000000000
82812  49.479  9.332  27.613 0.0000000000
82813  48.776  9.315  27.922 0.0000000000
82814  36.000  10.128  27.420 0.0000000000
82815  35.484  9.683  27.138 0.0000000000
82816  34.795  9.269  26.725 0.0000000000
82823  51.674  8.934  26.233 0.0000000000
82824  50.930  8.923  26.622 0.0000000000
82825  35.253  10.069  26.057 0.0000000000
82826  34.854  9.560  26.278 0.0000000000
82834  35.085  10.256  25.539 0.0000000000
82835  34.483  9.822  25.361 0.0000000000
82836  33.833  9.446  25.173 0.0000000000
82842  34.160  10.171  24.700 0.0000000000
82843  33.550  9.778  24.626 0.0000000000
82844  32.445  9.862  24.048 0.0000000000
82845  31.477  9.433  24.104 0.0000000000
82846  30.536  9.331  24.136 0.0000000000
82857  31.995  10.436  23.730 0.0000000000
82858  31.497  10.198  23.783 0.0000000000
82859  30.738  9.975  23.848 0.0000000000
82860  30.176  9.859  23.973 0.0000000000
83807  45.119  10.875  40.366 0.0000000000
83817  46.292  10.653  39.184 0.0000000000
83818  45.774  10.992  39.724 0.0000000000
83827  47.179  10.628  38.134 0.0000000000
83828  46.776  10.830  38.740 0.0000000000
83829  38.026  11.083  38.675 0.0000000000
83836  47.850  10.510  36.833 0.0000000000
83837  47.556  10.758  37.472 0.0000000000
83838  38.966  11.192  36.990 0.0000000000
83839  38.326  10.988  37.497 0.0000000000
83840  37.380  10.447  37.662 0.0000000000
83846  48.004  10.387  35.958 0.0000000000
83847  39.281  11.203  36.063 0.0000000000
83848  38.446  10.732  36.257 0.0000000000
83849  37.658  10.350  36.489 0.0000000000
83853  47.445  10.309  35.088 0.0000000000
83854  46.913  10.740  34.782 0.0000000000
83855  39.278  11.136  34.781 0.0000000000
83856  38.567  10.658  35.121 0.0000000000
83857  37.794  10.266  35.355 0.0000000000
83862  47.361  9.905  34.523 0.0000000000
83863  46.667  10.439  34.137 0.0000000000
83864  45.950  10.789  33.847 0.0000000000
83865  39.268  11.253  33.643 0.0000000000
83866  38.631  10.662  33.981 0.0000000000
83867  37.891  10.230  34.245 0.0000000000
83872  46.264  10.088  33.315 0.0000000000
83873  45.867  10.562  33.368 0.0000000000
83874  39.256  11.372  32.587 0.0000000000
83875  38.685  10.781  32.884 0.0000000000
83876  38.000  10.236  33.148 0.0000000000
83881  46.072  9.871  32.644 0.0000000000
83882  45.789  10.339  32.712 0.0000000000
83883  39.266  11.391  32.012 0.0000000000
83884  38.887  10.971  31.788 0.0000000000
83885  38.131  10.333  32.071 0.0000000000
83893  51.062  10.812  31.472 0.0000000000
83894  50.097  10.682  31.476 0.0000000000
83895  49.120  10.644  31.358 0.0000000000
83896  48.119  10.667  31.184 0.0000000000
83897  47.096  10.435  31.256 0.0000000000
83898  46.130  9.999  31.746 0.0000000000
83899  45.870  10.196  32.265 0.0000000000
83900  38.624  10.994  30.705 0.0000000000
83901  38.192  10.567  31.207 0.0000000000
83907  52.311  10.677  30.379 0.0000000000
83908  51.404  10.582  30.595 0.0000000000
83909  50.466  10.491  30.693 0.0000000000
83910  49.518  10.396  30.696 0.0000000000
83911  48.549  10.325  30.642 0.0000000000
83912  47.576  10.141  30.676 0.0000000000
83913  46.704  9.723  30.972 0.0000000000
83914  38.372  11.063  29.764 0.0000000000
83915  37.895  10.587  30.302 0.0000000000
83919  53.273  10.707  29.149 0.0000000000
83920  52.483  10.478  29.411 0.0000000000
83921  51.646  10.379  29.655 0.0000000000
83922  50.737  10.341  29.819 0.0000000000
83923  49.804  10.246  29.916 0.0000000000
83924  48.863  10.130  29.956 0.0000000000
83925  38.296  11.112  29.198 0.0000000000
83926  37.654  10.679  29.063 0.0000000000
83927  36.997  10.204  28.985 0.0000000000
83931  53.426  10.514  28.189 0.0000000000
83932  52.701  10.242  28.480 0.0000000000
83933  51.868  10.126  28.712 0.0000000000
83934  50.966  10.131  28.892 0.0000000000
83935  37.371  10.907  27.856 0.0000000000
83936  36.844  10.332  28.408 0.0000000000
83940  54.125  10.865  27.149 0.0000000000
83941  53.558  10.382  27.325 0.0000000000
83942  52.914  10.002  27.578 0.0000000000
83943  37.233  11.176  26.946 0.0000000000
83944  36.516  10.551  27.349 0.0000000000
83945  35.970  10.223  27.125 0.0000000000
83950  37.247  11.301  26.426 0.0000000000
83951  36.741  11.101  26.395 0.0000000000
83952  35.967  10.486  26.505 0.0000000000
83960  36.267  11.049  25.855 0.0000000000
83961  35.605  10.734  25.511 0.0000000000
83962  35.014  10.439  25.200 0.0000000000
83968  35.239  10.883  24.903 0.0000000000
83969  34.630  10.611  24.710 0.0000000000
83970  33.881  10.669  24.276 0.0000000000
83971  33.142  10.398  24.045 0.0000000000
83982  33.279  11.039  23.876 0.0000000000
83983  32.473  10.862  23.740 0.0000000000
83984  31.549  10.963  23.743 0.0000000000
83985  30.794  10.748  23.890 0.0000000000
83986  30.031  10.496  24.069 0.0000000000
84927  44.561  12.053  40.467 0.0000000000
84938  45.981  11.689  39.375 0.0000000000
84939  45.338  11.898  39.928 0.0000000000
84940  40.376  12.519  39.467 0.0000000000
84941  39.559  11.991  39.624 0.0000000000
84947  46.762  11.705  38.377 0.0000000000
84948  46.450  11.485  38.947 0.0000000000
84949  40.282  12.414  38.239 0.0000000000
84950  39.633  11.939  38.528 0.0000000000
84951  38.883  11.491  38.646 0.0000000000
84955  47.592  11.305  36.914 0.0000000000
84956  47.251  11.677  37.553 0.0000000000
84957  40.320  12.348  37.147 0.0000000000
84958  39.663  11.719  37.325 0.0000000000
84959  39.096  11.447  37.803 0.0000000000
84964  47.550  11.119  36.135 0.0000000000
84965  46.730  11.807  36.409 0.0000000000
84966  45.996  12.126  36.170 0.0000000000
84967  40.323  12.406  36.115 0.0000000000
84968  39.906  11.836  36.428 0.0000000000
84972  47.505  10.787  35.584 0.0000000000
84973  46.793  11.110  35.313 0.0000000000
84974  45.667  11.768  35.488 0.0000000000
84975  44.861  11.876  35.134 0.0000000000
84976  40.267  12.440  35.060 0.0000000000
84977  39.851  11.740  35.471 0.0000000000
84981  46.550  10.865  34.664 0.0000000000
84982  45.843  11.088  34.412 0.0000000000
84983  44.933  11.587  34.507 0.0000000000
84984  40.120  12.551  34.037 0.0000000000
84985  39.792  11.821  34.368 0.0000000000
84989  45.480  10.945  33.515 0.0000000000
84990  45.052  11.320  33.665 0.0000000000
84991  40.057  12.634  33.465 0.0000000000
84992  39.799  12.108  33.205 0.0000000000
85000  51.837  12.110  32.673 0.0000000000
85001  50.925  11.822  32.809 0.0000000000
85002  49.963  11.607  32.764 0.0000000000
85003  49.010  11.520  32.495 0.0000000000
85004  48.093  11.562  32.048 0.0000000000
85005  47.069  11.447  31.861 0.0000000000
85006  46.063  11.204  31.967 0.0000000000
85007  45.410  10.868  32.685 0.0000000000
85008  45.096  11.057  33.176 0.0000000000
85009  39.604  11.918  31.924 0.0000000000
85010  39.258  11.435  31.711 0.0000000000
85018  53.360  12.030  31.827 0.0000000000
85019  52.504  11.618  32.040 0.0000000000
85020  51.554  11.324  32.201 0.0000000000
85021  50.582  11.120  32.238 0.0000000000
85022  49.594  11.005  32.131 0.0000000000
85023  48.614  11.026  31.866 0.0000000000
85024  47.613  11.029  31.610 0.0000000000
85025  46.600  10.802  31.701 0.0000000000
85026  45.875  10.576  32.105 0.0000000000
85027  39.642  12.148  31.010 0.0000000000
85028  39.214  11.563  31.085 0.0000000000
85032  54.212  12.320  31.002 0.0000000000
85033  53.876  11.886  31.010 0.0000000000
85034  53.079  11.222  31.020 0.0000000000
85035  52.045  10.929  31.364 0.0000000000
85036  39.509  11.952  30.300 0.0000000000
85037  38.934  11.552  30.102 0.0000000000
85041  54.466  12.082  30.436 0.0000000000
85042  53.811  11.359  29.968 0.0000000000
85043  53.020  10.849  30.008 0.0000000000
85044  39.442  11.807  29.490 0.0000000000
85045  38.791  11.535  29.167 0.0000000000
85046  38.328  11.245  28.762 0.0000000000
85049  55.153  12.235  29.119 0.0000000000
85050  54.741  11.862  29.311 0.0000000000
85051  54.000  11.083  28.754 0.0000000000
85052  40.345  11.835  28.250 0.0000000000
85053  39.733  11.772  28.514 0.0000000000
85054  38.863  11.575  28.226 0.0000000000
85055  38.121  11.275  28.088 0.0000000000
85059  55.133  12.124  28.572 0.0000000000
85060  54.582  11.422  28.034 0.0000000000
85061  53.939  10.857  27.868 0.0000000000
85062  42.249  11.976  26.737 0.0000000000
85063  41.662  11.890  27.044 0.0000000000
85064  40.624  11.774  27.544 0.0000000000
85065  39.662  11.649  27.442 0.0000000000
85066  38.793  11.534  27.307 0.0000000000
85067  37.967  11.383  27.166 0.0000000000
85071  55.100  12.017  27.714 0.0000000000
85072  54.722  11.490  26.910 0.0000000000
85073  42.154  11.892  26.236 0.0000000000
85074  41.366  11.735  26.410 0.0000000000
85075  40.472  11.616  26.516 0.0000000000
85076  39.581  11.546  26.467 0.0000000000
85077  38.706  11.496  26.372 0.0000000000
85078  37.821  11.419  26.265 0.0000000000
85079  37.292  11.367  26.001 0.0000000000
85086  42.006  11.825  25.487 0.0000000000
85087  41.206  11.646  25.576 0.0000000000
85088  40.374  11.531  25.585 0.0000000000
85089  39.512  11.478  25.519 0.0000000000
85090  38.633  11.471  25.440 0.0000000000
85091  37.801  11.459  25.374 0.0000000000
85092  36.947  11.391  25.448 0.0000000000
85093  36.264  11.266  25.240 0.0000000000
85100  41.802  11.824  24.693 0.0000000000
85101  41.095  11.634  24.749 0.0000000000
85102  40.319  11.515  24.653 0.0000000000
85103  39.439  11.475  24.569 0.0000000000
85104  38.538  11.499  24.506 0.0000000000
85105  37.633  11.530  24.532 0.0000000000
85106  36.769  11.515  24.585 0.0000000000
85107  35.866  11.371  24.660 0.0000000000
85108  35.109  11.290  24.407 0.0000000000
85109  34.474  11.193  24.231 0.0000000000
85121  41.572  11.848  24.213 0.0000000000
85122  41.138  11.794  23.841 0.0000000000
85123  40.236  11.627  23.741 0.0000000000
85124  39.350  11.610  23.638 0.0000000000
85125  38.375  11.691  23.558 0.0000000000
85126  37.396  11.690  23.761 0.0000000000
85127  36.535  11.733  23.849 0.0000000000
85128  35.681  11.776  23.890 0.0000000000
85129  34.859  11.779  23.878 0.0000000000
85130  33.941  11.630  23.836 0.0000000000
85131  32.955  11.747  23.669 0.0000000000
85139  40.863  11.925  23.108 0.0000000000
85140  40.173  11.941  22.918 0.0000000000
85141  39.286  11.981  22.848 0.0000000000
85142  38.534  12.079  22.809 0.0000000000
86029  43.970  12.808  40.469 0.0000000000
86030  43.207  13.056  40.707 0.0000000000
86031  42.210  13.168  40.921 0.0000000000
86032  41.214  12.985  40.682 0.0000000000
86033  40.783  12.744  40.197 0.0000000000
86037  45.515  12.540  39.393 0.0000000000
86038  44.643  13.074  39.805 0.0000000000
86039  43.598  13.447  40.071 0.0000000000
86040  42.652  13.584  40.066 0.0000000000
86041  41.682  13.426  39.778 0.0000000000
86042  40.984  12.980  39.853 0.0000000000
86046  46.366  12.362  38.205 0.0000000000
86047  46.020  12.472  38.692 0.0000000000
86048  45.086  13.243  38.825 0.0000000000
86049  41.456  13.397  38.618 0.0000000000
86050  40.884  13.032  38.993 0.0000000000
86054  46.553  12.302  37.695 0.0000000000
86055  45.832  12.772  37.731 0.0000000000
86056  45.111  13.211  37.962 0.0000000000
86057  41.386  13.382  37.570 0.0000000000
86058  40.862  12.915  37.908 0.0000000000
86063  46.693  12.187  37.107 0.0000000000
86064  45.874  12.422  36.733 0.0000000000
86065  44.675  13.125  36.832 0.0000000000
86066  43.778  13.264  36.350 0.0000000000
86067  41.328  13.464  36.572 0.0000000000
86068  40.819  12.969  36.838 0.0000000000
86073  45.589  12.227  36.031 0.0000000000
86074  44.809  12.385  35.683 0.0000000000
86075  43.860  12.970  35.715 0.0000000000
86076  41.300  13.526  36.020 0.0000000000
86077  40.874  13.154  35.761 0.0000000000
86083  44.323  11.978  34.669 0.0000000000
86084  43.843  12.501  34.787 0.0000000000
86085  40.695  13.052  34.615 0.0000000000
86093  49.429  12.875  33.222 0.0000000000
86094  48.656  12.668  32.951 0.0000000000
86095  47.864  12.556  32.491 0.0000000000
86096  46.947  12.415  32.151 0.0000000000
86097  45.932  12.191  32.173 0.0000000000
86098  44.952  11.923  32.461 0.0000000000
86099  44.361  11.851  33.533 0.0000000000
86100  43.938  12.236  34.142 0.0000000000
86101  40.489  13.075  33.434 0.0000000000
86102  40.052  12.696  33.145 0.0000000000
86111  51.857  12.841  32.735 0.0000000000
86112  51.078  12.683  32.942 0.0000000000
86113  50.170  12.407  33.128 0.0000000000
86114  49.283  12.157  32.997 0.0000000000
86115  48.415  12.068  32.600 0.0000000000
86116  47.526  12.027  32.134 0.0000000000
86117  46.504  11.837  32.049 0.0000000000
86118  45.557  11.555  32.315 0.0000000000
86119  44.935  11.365  32.918 0.0000000000
86120  40.740  13.312  32.528 0.0000000000
86121  40.110  12.833  32.448 0.0000000000
86126  53.320  12.790  32.031 0.0000000000
86127  52.647  12.584  32.426 0.0000000000
86128  41.561  13.400  31.271 0.0000000000
86129  40.918  13.290  31.559 0.0000000000
86130  40.038  12.723  31.292 0.0000000000
86133  54.420  12.796  30.903 0.0000000000
86134  53.848  12.629  31.475 0.0000000000
86135  43.583  13.292  29.955 0.0000000000
86136  43.004  13.212  30.135 0.0000000000
86137  41.843  13.155  30.566 0.0000000000
86138  40.796  12.858  30.468 0.0000000000
86139  40.051  12.405  30.388 0.0000000000
86143  55.331  13.177  29.679 0.0000000000
86144  55.065  12.723  30.031 0.0000000000
86145  44.466  13.135  29.007 0.0000000000
86146  43.814  13.096  29.329 0.0000000000
86147  42.732  12.863  29.414 0.0000000000
86148  41.657  12.639  29.535 0.0000000000
86149  40.695  12.378  29.576 0.0000000000
86150  39.977  12.062  29.630 0.0000000000
86153  55.409  12.769  29.138 0.0000000000
86154  55.134  12.361  29.414 0.0000000000
86155  45.356  13.002  27.988 0.0000000000
86156  44.701  12.940  28.356 0.0000000000
86157  43.639  12.676  28.416 0.0000000000
86158  42.563  12.415  28.487 0.0000000000
86159  41.477  12.204  28.627 0.0000000000
86160  40.466  11.975  28.742 0.0000000000
86161  39.881  11.870  29.124 0.0000000000
86164  55.545  12.709  28.092 0.0000000000
86165  46.213  13.026  26.808 0.0000000000
86166  45.535  12.915  27.300 0.0000000000
86167  44.522  12.608  27.404 0.0000000000
86168  43.512  12.339  27.440 0.0000000000
86169  42.374  12.078  27.382 0.0000000000
86170  41.193  11.948  27.923 0.0000000000
86171  40.637  11.870  28.129 0.0000000000
86174  55.489  12.470  27.002 0.0000000000
86176  46.097  12.906  26.259 0.0000000000
86177  45.281  12.681  26.392 0.0000000000
86178  44.400  12.406  26.448 0.0000000000
86179  43.505  12.179  26.425 0.0000000000
86180  42.778  12.027  26.284 0.0000000000
86189  45.939  12.810  25.421 0.0000000000
86190  45.140  12.581  25.494 0.0000000000
86191  44.330  12.359  25.487 0.0000000000
86192  43.525  12.174  25.468 0.0000000000
86193  42.768  12.018  25.436 0.0000000000
86205  45.728  12.746  24.737 0.0000000000
86206  45.084  12.588  24.489 0.0000000000
86207  44.213  12.412  24.599 0.0000000000
86208  43.428  12.255  24.579 0.0000000000
86209  42.596  12.063  24.572 0.0000000000
86222  44.725  12.578  23.858 0.0000000000
86223  44.080  12.515  23.790 0.0000000000
86224  43.259  12.401  23.697 0.0000000000
86225  42.173  12.147  23.642 0.0000000000
86226  41.517  12.148  23.042 0.0000000000
86227  37.894  11.950  23.105 0.0000000000
86228  37.171  12.047  23.109 0.0000000000
86229  36.290  12.168  23.212 0.0000000000
86230  35.425  12.288  23.341 0.0000000000
86231  34.564  12.377  23.427 0.0000000000
86232  33.651  12.581  23.416 0.0000000000
86241  44.690  12.650  23.238 0.0000000000
86242  44.040  12.682  22.989 0.0000000000
86243  43.109  12.690  22.845 0.0000000000
86244  42.145  12.671  22.647 0.0000000000
86245  41.060  12.576  22.474 0.0000000000
86246  40.119  12.600  22.448 0.0000000000
86247  39.118  12.628  22.518 0.0000000000
86248  37.995  12.546  22.606 0.0000000000
86249  36.934  12.652  22.620 0.0000000000
86250  36.002  12.759  22.793 0.0000000000
86251  35.144  12.848  22.936 0.0000000000
86252  34.374  12.983  23.047 0.0000000000
86259  40.646  12.924  22.216 0.0000000000
86260  40.397  12.926  22.266 0.0000000000
87112  43.820  13.728  39.445 0.0000000000
87113  43.087  13.819  39.493 0.0000000000
87114  42.515  13.789  39.470 0.0000000000
87115  42.225  13.688  39.637 0.0000000000
87123  44.193  13.718  38.811 0.0000000000
87124  43.309  13.914  38.769 0.0000000000
87125  42.584  13.863  38.873 0.0000000000
87126  42.059  13.696  39.127 0.0000000000
87133  44.345  13.577  37.992 0.0000000000
87134  43.478  13.851  37.921 0.0000000000
87135  42.641  13.892  38.020 0.0000000000
87136  41.981  13.731  38.248 0.0000000000
87142  44.419  13.414  37.482 0.0000000000
87143  43.626  13.540  36.940 0.0000000000
87144  42.671  13.846  37.026 0.0000000000
87145  41.927  13.801  37.245 0.0000000000
87150  43.218  13.331  35.792 0.0000000000
87151  42.605  13.651  35.967 0.0000000000
87152  41.763  13.775  36.090 0.0000000000
87153  41.290  13.524  35.753 0.0000000000
87161  43.206  13.028  34.778 0.0000000000
87162  42.601  13.546  34.887 0.0000000000
87163  41.891  13.789  35.040 0.0000000000
87164  41.278  13.495  35.227 0.0000000000
87172  49.403  13.290  33.049 0.0000000000
87173  48.877  13.211  33.019 0.0000000000
87174  48.145  13.154  32.673 0.0000000000
87175  47.308  12.918  32.361 0.0000000000
87176  46.382  12.797  32.109 0.0000000000
87177  45.388  12.565  32.136 0.0000000000
87178  44.471  12.493  32.608 0.0000000000
87179  43.660  12.736  33.583 0.0000000000
87180  42.834  13.442  33.793 0.0000000000
87181  42.015  13.744  33.949 0.0000000000
87182  41.246  13.513  34.201 0.0000000000
87188  52.157  13.242  32.480 0.0000000000
87189  51.266  13.447  32.471 0.0000000000
87190  50.056  13.331  32.886 0.0000000000
87191  49.105  13.548  32.758 0.0000000000
87192  48.591  13.450  32.728 0.0000000000
87193  46.236  13.069  31.920 0.0000000000
87194  45.773  13.046  32.004 0.0000000000
87195  45.091  13.169  32.006 0.0000000000
87196  44.104  13.078  32.473 0.0000000000
87197  43.333  13.427  32.679 0.0000000000
87198  42.350  13.667  32.827 0.0000000000
87199  41.349  13.553  32.991 0.0000000000
87202  53.470  13.151  31.770 0.0000000000
87203  52.746  13.499  31.966 0.0000000000
87204  51.973  13.611  32.245 0.0000000000
87205  46.073  13.523  30.959 0.0000000000
87206  45.479  13.482  31.207 0.0000000000
87207  44.219  13.495  31.593 0.0000000000
87208  42.955  13.548  31.742 0.0000000000
87209  41.790  13.547  31.836 0.0000000000
87210  41.148  13.485  32.222 0.0000000000
87213  54.541  13.571  30.575 0.0000000000
87214  53.646  13.547  31.252 0.0000000000
87215  52.928  13.859  31.380 0.0000000000
87216  47.940  13.982  30.200 0.0000000000
87217  47.374  13.855  30.220 0.0000000000
87218  46.267  13.649  30.460 0.0000000000
87219  45.001  13.536  30.467 0.0000000000
87220  43.701  13.424  30.530 0.0000000000
87221  42.500  13.377  31.002 0.0000000000
87222  41.883  13.405  31.162 0.0000000000
87226  55.470  13.661  29.381 0.0000000000
87227  55.126  13.654  29.995 0.0000000000
87228  49.874  14.118  29.250 0.0000000000
87229  49.298  14.050  29.301 0.0000000000
87230  48.191  13.918  29.564 0.0000000000
87231  47.011  13.659  29.457 0.0000000000
87232  45.836  13.451  29.485 0.0000000000
87233  44.613  13.299  29.502 0.0000000000
87234  43.908  13.307  29.830 0.0000000000
87240  55.783  13.555  28.589 0.0000000000
87241  50.585  14.130  28.272 0.0000000000
87242  49.969  14.012  28.601 0.0000000000
87243  48.894  13.813  28.538 0.0000000000
87244  47.828  13.590  28.531 0.0000000000
87245  46.700  13.364  28.488 0.0000000000
87246  45.511  13.159  28.488 0.0000000000
87247  44.806  13.145  28.840 0.0000000000
87254  56.467  14.096  27.308 0.0000000000
87255  56.116  13.556  27.528 0.0000000000
87256  50.359  14.053  27.707 0.0000000000
87257  49.557  13.788  27.700 0.0000000000
87258  48.631  13.588  27.614 0.0000000000
87259  47.616  13.365  27.529 0.0000000000
87260  46.453  13.140  27.397 0.0000000000
87261  45.700  13.066  27.790 0.0000000000
87269  56.567  13.983  26.818 0.0000000000
87270  56.101  13.270  26.485 0.0000000000
87271  50.058  13.973  27.077 0.0000000000
87272  49.407  13.772  26.775 0.0000000000
87273  48.492  13.513  26.673 0.0000000000
87274  47.593  13.282  26.495 0.0000000000
87275  46.798  13.086  26.292 0.0000000000
87286  49.136  13.707  26.075 0.0000000000
87287  48.524  13.610  25.684 0.0000000000
87288  47.604  13.343  25.483 0.0000000000
87289  46.782  13.046  25.343 0.0000000000
87301  48.226  13.826  24.898 0.0000000000
87302  47.507  13.564  24.385 0.0000000000
87303  46.516  13.018  24.346 0.0000000000
87304  45.849  12.829  24.025 0.0000000000
87314  47.053  13.545  23.463 0.0000000000
87315  46.330  13.088  23.381 0.0000000000
87316  45.435  12.770  23.383 0.0000000000
87324  46.673  13.554  22.894 0.0000000000
87325  45.968  13.369  22.771 0.0000000000
87326  44.946  13.181  22.660 0.0000000000
87327  43.903  13.338  22.534 0.0000000000
87328  42.898  13.411  22.446 0.0000000000
87329  41.872  13.404  22.299 0.0000000000
87330  40.884  13.399  22.253 0.0000000000
87331  40.006  13.282  22.397 0.0000000000
87332  38.709  13.332  22.530 0.0000000000
87333  37.598  13.349  22.505 0.0000000000
87334  36.581  13.390  22.543 0.0000000000
87335  35.666  13.418  22.678 0.0000000000
87336  34.886  13.447  22.848 0.0000000000
87343  40.579  13.167  22.239 0.0000000000
87344  40.346  13.163  22.291 0.0000000000
88161  47.568  13.339  32.308 0.0000000000
88162  46.922  13.182  32.100 0.0000000000
88163  46.519  13.069  32.012 0.0000000000
88170  50.911  13.799  31.984 0.0000000000
88171  50.283  13.783  32.146 0.0000000000
88172  49.317  13.872  32.257 0.0000000000
88173  48.244  13.722  32.277 0.0000000000
88174  47.246  13.580  31.917 0.0000000000
88175  46.551  13.269  31.743 0.0000000000
88176  45.983  13.145  31.692 0.0000000000
88177  45.603  13.119  31.781 0.0000000000
88184  52.362  13.976  31.334 0.0000000000
88185  51.544  13.928  31.677 0.0000000000
88186  50.470  13.953  31.476 0.0000000000
88187  49.548  13.989  31.506 0.0000000000
88188  48.575  14.010  31.531 0.0000000000
88189  47.626  13.832  31.461 0.0000000000
88190  46.833  13.569  31.370 0.0000000000
88191  46.141  13.373  31.335 0.0000000000
88192  45.644  13.243  31.571 0.0000000000
88199  54.634  14.262  30.173 0.0000000000
88200  53.819  14.288  30.456 0.0000000000
88201  52.772  14.139  30.687 0.0000000000
88202  51.703  14.127  30.682 0.0000000000
88203  50.728  14.103  30.722 0.0000000000
88204  49.765  14.059  30.742 0.0000000000
88205  48.862  14.036  30.814 0.0000000000
88206  47.948  13.968  30.768 0.0000000000
88207  47.062  13.760  30.878 0.0000000000
88208  46.460  13.588  30.971 0.0000000000
88216  55.619  14.396  28.981 0.0000000000
88217  55.141  14.492  29.631 0.0000000000
88218  54.103  14.906  29.548 0.0000000000
88219  52.946  14.536  29.636 0.0000000000
88220  51.875  14.290  29.749 0.0000000000
88221  50.917  14.185  29.860 0.0000000000
88222  49.980  14.139  29.881 0.0000000000
88223  49.051  14.099  30.085 0.0000000000
88224  48.372  14.032  30.278 0.0000000000
88232  56.265  14.776  27.787 0.0000000000
88233  56.057  14.413  28.226 0.0000000000
88234  53.852  15.302  28.914 0.0000000000
88235  53.065  15.109  28.581 0.0000000000
88236  51.975  14.564  28.734 0.0000000000
88237  50.955  14.211  28.905 0.0000000000
88238  50.323  14.158  29.283 0.0000000000
88245  56.603  14.682  27.234 0.0000000000
88246  56.349  14.284  27.627 0.0000000000
88247  52.638  15.383  27.871 0.0000000000
88248  51.895  15.055  27.666 0.0000000000
88249  51.091  14.385  27.979 0.0000000000
88258  51.432  15.221  27.027 0.0000000000
88259  50.691  14.692  26.837 0.0000000000
88260  50.026  14.103  26.600 0.0000000000
88270  50.357  14.904  25.832 0.0000000000
88271  49.788  14.233  25.932 0.0000000000
88272  49.177  13.943  25.607 0.0000000000
88283  50.222  15.137  25.486 0.0000000000
88284  49.936  14.835  25.310 0.0000000000
88285  49.090  14.390  25.012 0.0000000000
88286  48.152  14.407  24.255 0.0000000000
88295  47.603  14.278  23.443 0.0000000000
88296  41.967  14.674  22.891 0.0000000000
88297  41.171  14.694  23.049 0.0000000000
88298  40.450  14.785  23.262 0.0000000000
88299  39.678  14.690  23.212 0.0000000000
88300  38.681  14.656  23.237 0.0000000000
88301  37.640  14.657  23.254 0.0000000000
88302  36.615  14.643  23.237 0.0000000000
88311  47.157  14.020  22.836 0.0000000000
88312  46.465  14.016  22.643 0.0000000000
88313  45.611  13.975  22.507 0.0000000000
88314  44.640  13.994  22.359 0.0000000000
88315  43.645  14.083  22.356 0.0000000000
88316  42.596  14.247  22.478 0.0000000000
88317  41.496  14.133  22.487 0.0000000000
88318  40.428  14.186  22.673 0.0000000000
88319  39.287  14.059  22.730 0.0000000000
88320  38.181  14.057  22.737 0.0000000000
88321  37.133  14.051  22.774 0.0000000000
88322  36.145  14.069  22.737 0.0000000000
88323  35.254  14.000  22.806 0.0000000000
89188  55.290  14.849  29.119 0.0000000000
89189  54.901  15.209  29.227 0.0000000000
89190  54.328  15.380  28.976 0.0000000000
89198  56.053  15.020  28.107 0.0000000000
89199  55.544  15.341  28.566 0.0000000000
89200  54.710  15.868  28.810 0.0000000000
89201  53.858  15.787  28.416 0.0000000000
89202  53.101  15.607  27.963 0.0000000000
89210  56.158  15.535  27.692 0.0000000000
89211  55.639  16.079  28.013 0.0000000000
89212  53.319  16.111  27.808 0.0000000000
89213  52.430  15.898  27.368 0.0000000000
89214  51.761  15.478  27.157 0.0000000000
89224  56.717  15.568  26.791 0.0000000000
89225  51.953  16.347  27.012 0.0000000000
89226  51.348  15.777  26.554 0.0000000000
89227  50.701  15.234  26.201 0.0000000000
89239  50.807  16.094  26.092 0.0000000000
89240  50.381  15.652  25.707 0.0000000000
89241  49.874  16.011  25.377 0.0000000000
89242  40.915  15.716  24.939 0.0000000000
89243  40.237  15.785  25.089 0.0000000000
89244  39.303  15.848  25.180 0.0000000000
89258  50.056  15.260  25.327 0.0000000000
89259  49.584  15.481  25.031 0.0000000000
89260  48.618  15.261  24.397 0.0000000000
89261  47.451  15.172  23.927 0.0000000000
89262  46.344  15.498  23.941 0.0000000000
89263  45.338  15.600  23.995 0.0000000000
89264  44.357  15.596  24.053 0.0000000000
89265  43.360  15.517  24.128 0.0000000000
89266  42.351  15.467  24.256 0.0000000000
89267  41.385  15.479  24.450 0.0000000000
89268  40.526  15.455  24.424 0.0000000000
89269  39.661  15.499  24.475 0.0000000000
89270  38.695  15.564  24.556 0.0000000000
89280  47.389  14.846  23.088 0.0000000000
89281  46.759  15.154  23.134 0.0000000000
89282  45.808  15.216  23.207 0.0000000000
89283  44.826  15.219  23.245 0.0000000000
89284  43.842  15.211  23.253 0.0000000000
89285  42.764  15.036  23.255 0.0000000000
89286  41.762  15.084  23.586 0.0000000000
89287  40.896  15.074  23.776 0.0000000000
89288  40.061  15.155  23.797 0.0000000000
89289  39.151  15.165  23.824 0.0000000000
89290  38.132  15.212  23.869 0.0000000000
89298  47.394  14.458  22.888 0.0000000000
89299  46.919  14.543  22.807 0.0000000000
89300  46.167  14.625  22.739 0.0000000000
89301  45.247  14.653  22.701 0.0000000000
89302  44.288  14.704  22.638 0.0000000000
89303  43.436  14.691  22.698 0.0000000000
90195  55.108  16.503  28.386 0.0000000000
90196  54.372  16.507  28.361 0.0000000000
90197  53.776  16.636  28.057 0.0000000000
90206  55.888  16.240  27.650 0.0000000000
90207  55.517  16.785  27.683 0.0000000000
90208  53.116  16.783  27.596 0.0000000000
90209  52.393  16.866  27.200 0.0000000000
90225  56.200  16.542  27.110 0.0000000000
90226  55.729  17.153  27.251 0.0000000000
90227  51.738  16.837  26.746 0.0000000000
90228  50.959  16.702  26.237 0.0000000000
90229  50.371  16.767  26.005 0.0000000000
90230  43.326  16.909  26.423 0.0000000000
90231  42.772  16.706  26.499 0.0000000000
90232  41.724  16.638  26.760 0.0000000000
90249  50.525  16.325  25.925 0.0000000000
90250  50.067  16.472  25.670 0.0000000000
90251  49.324  16.459  25.275 0.0000000000
90252  48.324  16.709  24.997 0.0000000000
90253  47.298  16.844  24.820 0.0000000000
90254  46.219  16.945  24.916 0.0000000000
90255  45.202  16.925  25.090 0.0000000000
90256  44.340  16.732  25.338 0.0000000000
90257  43.458  16.589  25.815 0.0000000000
90258  42.317  16.261  25.834 0.0000000000
90259  41.106  16.047  25.662 0.0000000000
90260  39.922  16.098  25.834 0.0000000000
90272  48.816  16.014  24.758 0.0000000000
90273  47.927  16.033  24.533 0.0000000000
90274  46.866  16.164  24.403 0.0000000000
90275  45.808  16.255  24.507 0.0000000000
90276  44.826  16.236  24.642 0.0000000000
90277  43.875  16.120  24.837 0.0000000000
90278  42.897  15.890  25.042 0.0000000000
90279  41.901  15.809  25.066 0.0000000000
90280  41.327  15.766  25.041 0.0000000000
91204  55.023  17.269  28.007 0.0000000000
91205  54.504  17.136  28.144 0.0000000000
91206  54.121  16.989  28.161 0.0000000000
91223  55.256  17.761  27.401 0.0000000000
91224  54.562  17.808  27.827 0.0000000000
91225  53.756  17.529  27.846 0.0000000000
91226  52.846  17.609  27.428 0.0000000000
91245  55.921  17.471  26.699 0.0000000000
91246  52.191  17.639  27.040 0.0000000000
91247  51.367  17.638  26.629 0.0000000000
91248  50.304  17.476  26.119 0.0000000000
91249  49.498  17.754  25.687 0.0000000000
91250  49.134  17.918  25.499 0.0000000000
91251  44.991  17.973  25.856 0.0000000000
91252  44.603  17.836  26.012 0.0000000000
91253  43.865  17.303  26.358 0.0000000000
91254  43.165  17.067  26.887 0.0000000000
91264  50.074  16.931  25.952 0.0000000000
91265  49.666  17.089  25.727 0.0000000000
91266  48.813  17.476  25.367 0.0000000000
91267  47.694  17.475  25.048 0.0000000000
91268  46.598  17.555  25.125 0.0000000000
91269  45.423  17.655  25.491 0.0000000000
91270  44.575  17.299  25.702 0.0000000000
91271  44.095  16.964  25.863 0.0000000000
92243  54.996  18.464  27.151 0.0000000000
92244  54.666  18.322  27.377 0.0000000000
92245  54.063  18.358  27.482 0.0000000000
92246  53.114  18.433  27.294 0.0000000000
92247  52.701  18.863  27.073 0.0000000000
92255  55.371  18.320  26.565 0.0000000000
92256  52.566  18.112  27.232 0.0000000000
92257  52.132  18.516  26.919 0.0000000000
92258  50.957  18.468  26.332 0.0000000000
92259  49.819  18.396  25.740 0.0000000000
92260  49.345  18.099  25.547 0.0000000000
92261  45.204  18.084  25.687 0.0000000000
92262  44.661  18.246  25.976 0.0000000000
92268  49.407  18.692  25.348 0.0000000000
92269  48.954  18.313  25.310 0.0000000000
92270  47.989  18.096  25.067 0.0000000000
92271  46.981  18.098  25.158 0.0000000000
92272  45.876  18.151  25.366 0.0000000000
92273  45.090  18.330  25.580 0.0000000000
92280  50.712  18.887  22.971 0.0000000000
92281  50.409  18.979  22.967 0.0000000000
92285  52.006  18.714  22.155 0.0000000000
92286  51.157  18.726  22.427 0.0000000000
92287  50.180  18.885  22.463 0.0000000000
92288  49.181  18.979  22.273 0.0000000000
92289  48.268  18.900  22.283 0.0000000000
92290  47.763  18.848  22.308 0.0000000000
92298  50.461  18.565  21.587 0.0000000000
92299  49.517  18.618  21.629 0.0000000000
92300  48.592  18.587  21.712 0.0000000000
92301  47.624  18.443  21.920 0.0000000000
93246  54.702  18.568  27.098 0.0000000000
93247  54.399  18.684  27.055 0.0000000000
93248  53.771  18.883  26.981 0.0000000000
93249  53.088  19.044  26.865 0.0000000000
93250  52.498  19.113  26.795 0.0000000000
93257  54.802  18.779  26.792 0.0000000000
93258  54.308  19.124  26.564 0.0000000000
93259  53.587  19.317  26.403 0.0000000000
93260  52.817  19.346  26.398 0.0000000000
93261  51.793  19.302  26.214 0.0000000000
93262  50.555  19.050  25.680 0.0000000000
93263  49.750  18.961  25.389 0.0000000000
93268  55.009  19.125  25.986 0.0000000000
93269  54.225  19.494  25.849 0.0000000000
93270  53.657  19.516  25.912 0.0000000000
93271  51.067  19.555  25.171 0.0000000000
93272  49.948  19.376  25.023 0.0000000000
93273  49.062  19.038  24.968 0.0000000000
93274  48.169  18.678  24.722 0.0000000000
93275  47.240  18.636  24.813 0.0000000000
93276  46.283  18.599  24.924 0.0000000000
93277  45.342  18.602  25.102 0.0000000000
93283  54.815  19.557  25.299 0.0000000000
93284  52.569  19.669  23.862 0.0000000000
93285  51.944  19.596  23.926 0.0000000000
93286  51.235  19.653  24.196 0.0000000000
93287  50.205  19.579  24.288 0.0000000000
93288  49.226  19.376  24.275 0.0000000000
93289  48.294  19.169  24.221 0.0000000000
93290  47.383  19.137  24.289 0.0000000000
93291  46.531  19.101  24.444 0.0000000000
93292  45.638  19.088  24.533 0.0000000000
93293  44.787  19.066  24.836 0.0000000000
93300  53.008  19.554  23.299 0.0000000000
93301  52.239  19.335  23.325 0.0000000000
93302  51.387  19.161  23.322 0.0000000000
93303  50.420  19.266  23.393 0.0000000000
93304  49.467  19.372  23.545 0.0000000000
93305  48.486  19.281  23.530 0.0000000000
93306  47.463  19.316  23.576 0.0000000000
93307  46.540  19.485  23.821 0.0000000000
93308  46.015  19.399  24.107 0.0000000000
93314  52.543  19.060  22.689 0.0000000000
93315  51.894  18.928  22.819 0.0000000000
93316  50.188  19.059  22.946 0.0000000000
93317  49.711  19.151  22.915 0.0000000000
93318  48.798  19.176  22.873 0.0000000000
93319  47.694  19.115  22.765 0.0000000000
93320  46.374  19.516  23.004 0.0000000000
93335  47.496  18.847  22.329 0.0000000000
93336  46.926  18.906  22.368 0.0000000000
94338  53.218  19.481  26.045 0.0000000000
94339  52.635  19.569  25.858 0.0000000000
94340  51.987  19.619  25.510 0.0000000000
94344  53.886  19.556  25.574 0.0000000000
94345  53.370  19.602  25.451 0.0000000000
94346  52.580  19.691  25.136 0.0000000000
94347  51.843  19.736  24.862 0.0000000000
94352  54.283  19.706  24.864 0.0000000000
94353  53.261  19.738  24.292 0.0000000000
94354  52.352  19.710  24.452 0.0000000000
94355  51.850  19.712  24.391 0.0000000000
94356  45.064  19.337  24.430 0.0000000000
94357  44.439  19.543  24.425 0.0000000000
94363  53.536  19.789  23.519 0.0000000000
94364  45.966  19.596  23.852 0.0000000000
94365  45.349  19.608  24.007 0.0000000000
94379  45.905  19.664  23.576 0.0000000000
94380  45.241  19.808  23.384 0.0000000000
