#
1319
44203 0.000000 0.000000 0.000000 1.000000
45246 0.000000 0.000000 0.000000 1.000000
45247 0.000000 0.000000 0.000000 1.000000
45255 0.000000 0.000000 0.000000 1.000000
45267 0.000000 0.000000 0.000000 1.000000
45271 0.000000 0.000000 0.000000 1.000000
46230 0.000000 0.000000 0.000000 1.000000
46231 0.000000 0.000000 0.000000 1.000000
46328 0.000000 0.000000 0.000000 1.000000
46329 0.000000 0.000000 0.000000 1.000000
46348 0.000000 0.000000 0.000000 1.000000
46349 0.000000 0.000000 0.000000 1.000000
46350 0.000000 0.000000 0.000000 1.000000
46351 0.000000 0.000000 0.000000 1.000000
46352 0.000000 0.000000 0.000000 1.000000
46354 0.000000 0.000000 0.000000 1.000000
46355 0.000000 0.000000 0.000000 1.000000
46356 0.000000 0.000000 0.000000 1.000000
46357 0.000000 0.000000 0.000000 1.000000
46368 0.000000 0.000000 0.000000 1.000000
46369 0.000000 0.000000 0.000000 1.000000
46370 0.000000 0.000000 0.000000 1.000000
46371 0.000000 0.000000 0.000000 1.000000
46372 0.000000 0.000000 0.000000 1.000000
46373 0.000000 0.000000 0.000000 1.000000
46374 0.000000 0.000000 0.000000 1.000000
46375 0.000000 0.000000 0.000000 1.000000
46376 0.000000 0.000000 0.000000 1.000000
46377 0.000000 0.000000 0.000000 1.000000
46378 0.000000 0.000000 0.000000 1.000000
46381 0.000000 0.000000 0.000000 1.000000
46382 0.000000 0.000000 0.000000 1.000000
46384 0.000000 0.000000 0.000000 1.000000
46394 0.000000 0.000000 0.000000 1.000000
46395 0.000000 0.000000 0.000000 1.000000
46396 0.000000 0.000000 0.000000 1.000000
46397 0.000000 0.000000 0.000000 1.000000
47353 0.000000 0.000000 0.000000 1.000000
47354 0.000000 0.000000 0.000000 1.000000
47355 0.000000 0.000000 0.000000 1.000000
47368 0.000000 0.000000 0.000000 1.000000
47369 0.000000 0.000000 0.000000 1.000000
47370 0.000000 0.000000 0.000000 1.000000
47390 0.000000 0.000000 0.000000 1.000000
47391 0.000000 0.000000 0.000000 1.000000
47407 0.000000 0.000000 0.000000 1.000000
47408 0.000000 0.000000 0.000000 1.000000
47409 0.000000 0.000000 0.000000 1.000000
47440 0.000000 0.000000 0.000000 1.000000
47441 0.000000 0.000000 0.000000 1.000000
47442 0.000000 0.000000 0.000000 1.000000
47466 0.000000 0.000000 0.000000 1.000000
47467 0.000000 0.000000 0.000000 1.000000
47468 0.000000 0.000000 0.000000 1.000000
47475 0.000000 0.000000 0.000000 1.000000
47476 0.000000 0.000000 0.000000 1.000000
47477 0.000000 0.000000 0.000000 1.000000
47478 0.000000 0.000000 0.000000 1.000000
47484 0.000000 0.000000 0.000000 1.000000
47485 0.000000 0.000000 0.000000 1.000000
47486 0.000000 0.000000 0.000000 1.000000
47487 0.000000 0.000000 0.000000 1.000000
47488 0.000000 0.000000 0.000000 1.000000
47489 0.000000 0.000000 0.000000 1.000000
47490 0.000000 0.000000 0.000000 1.000000
47491 0.000000 0.000000 0.000000 1.000000
47492 0.000000 0.000000 0.000000 1.000000
47493 0.000000 0.000000 0.000000 1.000000
47494 0.000000 0.000000 0.000000 1.000000
47495 0.000000 0.000000 0.000000 1.000000
47496 0.000000 0.000000 0.000000 1.000000
47497 0.000000 0.000000 0.000000 1.000000
47498 0.000000 0.000000 0.000000 1.000000
47499 0.000000 0.000000 0.000000 1.000000
47500 0.000000 0.000000 0.000000 1.000000
47510 0.000000 0.000000 0.000000 1.000000
47511 0.000000 0.000000 0.000000 1.000000
47512 0.000000 0.000000 0.000000 1.000000
47513 0.000000 0.000000 0.000000 1.000000
47514 0.000000 0.000000 0.000000 1.000000
47515 0.000000 0.000000 0.000000 1.000000
47516 0.000000 0.000000 0.000000 1.000000
47517 0.000000 0.000000 0.000000 1.000000
47518 0.000000 0.000000 0.000000 1.000000
47519 0.000000 0.000000 0.000000 1.000000
47520 0.000000 0.000000 0.000000 1.000000
47521 0.000000 0.000000 0.000000 1.000000
47522 0.000000 0.000000 0.000000 1.000000
47523 0.000000 0.000000 0.000000 1.000000
47524 0.000000 0.000000 0.000000 1.000000
47525 0.000000 0.000000 0.000000 1.000000
48500 0.000000 0.000000 0.000000 1.000000
48501 0.000000 0.000000 0.000000 1.000000
48502 0.000000 0.000000 0.000000 1.000000
48503 0.000000 0.000000 0.000000 1.000000
48504 0.000000 0.000000 0.000000 1.000000
48519 0.000000 0.000000 0.000000 1.000000
48520 0.000000 0.000000 0.000000 1.000000
48521 0.000000 0.000000 0.000000 1.000000
48522 0.000000 0.000000 0.000000 1.000000
48523 0.000000 0.000000 0.000000 1.000000
48536 0.000000 0.000000 0.000000 1.000000
48537 0.000000 0.000000 0.000000 1.000000
48538 0.000000 0.000000 0.000000 1.000000
48557 0.000000 0.000000 0.000000 1.000000
48558 0.000000 0.000000 0.000000 1.000000
48583 0.000000 0.000000 0.000000 1.000000
48584 0.000000 0.000000 0.000000 1.000000
48585 0.000000 0.000000 0.000000 1.000000
48602 0.000000 0.000000 0.000000 1.000000
48603 0.000000 0.000000 0.000000 1.000000
48604 0.000000 0.000000 0.000000 1.000000
48621 0.000000 0.000000 0.000000 1.000000
48622 0.000000 0.000000 0.000000 1.000000
48623 0.000000 0.000000 0.000000 1.000000
48624 0.000000 0.000000 0.000000 1.000000
48627 0.000000 0.000000 0.000000 1.000000
48628 0.000000 0.000000 0.000000 1.000000
48629 0.000000 0.000000 0.000000 1.000000
48638 0.000000 0.000000 0.000000 1.000000
48639 0.000000 0.000000 0.000000 1.000000
48640 0.000000 0.000000 0.000000 1.000000
48641 0.000000 0.000000 0.000000 1.000000
48642 0.000000 0.000000 0.000000 1.000000
48643 0.000000 0.000000 0.000000 1.000000
48644 0.000000 0.000000 0.000000 1.000000
48645 0.000000 0.000000 0.000000 1.000000
48646 0.000000 0.000000 0.000000 1.000000
48647 0.000000 0.000000 0.000000 1.000000
48648 0.000000 0.000000 0.000000 1.000000
48649 0.000000 0.000000 0.000000 1.000000
48650 0.000000 0.000000 0.000000 1.000000
48651 0.000000 0.000000 0.000000 1.000000
48652 0.000000 0.000000 0.000000 1.000000
48653 0.000000 0.000000 0.000000 1.000000
48654 0.000000 0.000000 0.000000 1.000000
48655 0.000000 0.000000 0.000000 1.000000
48656 0.000000 0.000000 0.000000 1.000000
48661 0.000000 0.000000 0.000000 1.000000
48662 0.000000 0.000000 0.000000 1.000000
48663 0.000000 0.000000 0.000000 1.000000
48664 0.000000 0.000000 0.000000 1.000000
48665 0.000000 0.000000 0.000000 1.000000
48666 0.000000 0.000000 0.000000 1.000000
48667 0.000000 0.000000 0.000000 1.000000
48668 0.000000 0.000000 0.000000 1.000000
48669 0.000000 0.000000 0.000000 1.000000
48670 0.000000 0.000000 0.000000 1.000000
48671 0.000000 0.000000 0.000000 1.000000
48672 0.000000 0.000000 0.000000 1.000000
48673 0.000000 0.000000 0.000000 1.000000
48674 0.000000 0.000000 0.000000 1.000000
48675 0.000000 0.000000 0.000000 1.000000
48690 0.000000 0.000000 0.000000 1.000000
48691 0.000000 0.000000 0.000000 1.000000
48692 0.000000 0.000000 0.000000 1.000000
48693 0.000000 0.000000 0.000000 1.000000
48694 0.000000 0.000000 0.000000 1.000000
48695 0.000000 0.000000 0.000000 1.000000
48696 0.000000 0.000000 0.000000 1.000000
48697 0.000000 0.000000 0.000000 1.000000
49671 0.000000 0.000000 0.000000 1.000000
49672 0.000000 0.000000 0.000000 1.000000
49673 0.000000 0.000000 0.000000 1.000000
49674 0.000000 0.000000 0.000000 1.000000
49685 0.000000 0.000000 0.000000 1.000000
49686 0.000000 0.000000 0.000000 1.000000
49687 0.000000 0.000000 0.000000 1.000000
49688 0.000000 0.000000 0.000000 1.000000
49689 0.000000 0.000000 0.000000 1.000000
49704 0.000000 0.000000 0.000000 1.000000
49705 0.000000 0.000000 0.000000 1.000000
49706 0.000000 0.000000 0.000000 1.000000
49707 0.000000 0.000000 0.000000 1.000000
49722 0.000000 0.000000 0.000000 1.000000
49723 0.000000 0.000000 0.000000 1.000000
49724 0.000000 0.000000 0.000000 1.000000
49738 0.000000 0.000000 0.000000 1.000000
49739 0.000000 0.000000 0.000000 1.000000
49761 0.000000 0.000000 0.000000 1.000000
49762 0.000000 0.000000 0.000000 1.000000
49763 0.000000 0.000000 0.000000 1.000000
49779 0.000000 0.000000 0.000000 1.000000
49780 0.000000 0.000000 0.000000 1.000000
49781 0.000000 0.000000 0.000000 1.000000
49782 0.000000 0.000000 0.000000 1.000000
49785 0.000000 0.000000 0.000000 1.000000
49786 0.000000 0.000000 0.000000 1.000000
49787 0.000000 0.000000 0.000000 1.000000
49788 0.000000 0.000000 0.000000 1.000000
49797 0.000000 0.000000 0.000000 1.000000
49798 0.000000 0.000000 0.000000 1.000000
49799 0.000000 0.000000 0.000000 1.000000
49800 0.000000 0.000000 0.000000 1.000000
49801 0.000000 0.000000 0.000000 1.000000
49802 0.000000 0.000000 0.000000 1.000000
49803 0.000000 0.000000 0.000000 1.000000
49804 0.000000 0.000000 0.000000 1.000000
49805 0.000000 0.000000 0.000000 1.000000
49806 0.000000 0.000000 0.000000 1.000000
49807 0.000000 0.000000 0.000000 1.000000
49808 0.000000 0.000000 0.000000 1.000000
49809 0.000000 0.000000 0.000000 1.000000
49810 0.000000 0.000000 0.000000 1.000000
49811 0.000000 0.000000 0.000000 1.000000
49812 0.000000 0.000000 0.000000 1.000000
49813 0.000000 0.000000 0.000000 1.000000
49826 0.000000 0.000000 0.000000 1.000000
49827 0.000000 0.000000 0.000000 1.000000
49828 0.000000 0.000000 0.000000 1.000000
49829 0.000000 0.000000 0.000000 1.000000
49830 0.000000 0.000000 0.000000 1.000000
49831 0.000000 0.000000 0.000000 1.000000
49832 0.000000 0.000000 0.000000 1.000000
49833 0.000000 0.000000 0.000000 1.000000
49834 0.000000 0.000000 0.000000 1.000000
49835 0.000000 0.000000 0.000000 1.000000
49836 0.000000 0.000000 0.000000 1.000000
49837 0.000000 0.000000 0.000000 1.000000
49838 0.000000 0.000000 0.000000 1.000000
49839 0.000000 0.000000 0.000000 1.000000
49840 0.000000 0.000000 0.000000 1.000000
49841 0.000000 0.000000 0.000000 1.000000
49842 0.000000 0.000000 0.000000 1.000000
49848 0.000000 0.000000 0.000000 1.000000
49849 0.000000 0.000000 0.000000 1.000000
49850 0.000000 0.000000 0.000000 1.000000
49851 0.000000 0.000000 0.000000 1.000000
49852 0.000000 0.000000 0.000000 1.000000
49853 0.000000 0.000000 0.000000 1.000000
49854 0.000000 0.000000 0.000000 1.000000
49855 0.000000 0.000000 0.000000 1.000000
49856 0.000000 0.000000 0.000000 1.000000
49857 0.000000 0.000000 0.000000 1.000000
49858 0.000000 0.000000 0.000000 1.000000
49859 0.000000 0.000000 0.000000 1.000000
49860 0.000000 0.000000 0.000000 1.000000
50883 0.000000 0.000000 0.000000 1.000000
50884 0.000000 0.000000 0.000000 1.000000
50885 0.000000 0.000000 0.000000 1.000000
50886 0.000000 0.000000 0.000000 1.000000
50904 0.000000 0.000000 0.000000 1.000000
50905 0.000000 0.000000 0.000000 1.000000
50906 0.000000 0.000000 0.000000 1.000000
50907 0.000000 0.000000 0.000000 1.000000
50908 0.000000 0.000000 0.000000 1.000000
50909 0.000000 0.000000 0.000000 1.000000
50926 0.000000 0.000000 0.000000 1.000000
50927 0.000000 0.000000 0.000000 1.000000
50928 0.000000 0.000000 0.000000 1.000000
50929 0.000000 0.000000 0.000000 1.000000
50938 0.000000 0.000000 0.000000 1.000000
50955 0.000000 0.000000 0.000000 1.000000
50956 0.000000 0.000000 0.000000 1.000000
50975 0.000000 0.000000 0.000000 1.000000
50976 0.000000 0.000000 0.000000 1.000000
50998 0.000000 0.000000 0.000000 1.000000
50999 0.000000 0.000000 0.000000 1.000000
51000 0.000000 0.000000 0.000000 1.000000
51005 0.000000 0.000000 0.000000 1.000000
51006 0.000000 0.000000 0.000000 1.000000
51007 0.000000 0.000000 0.000000 1.000000
51008 0.000000 0.000000 0.000000 1.000000
51016 0.000000 0.000000 0.000000 1.000000
51017 0.000000 0.000000 0.000000 1.000000
51018 0.000000 0.000000 0.000000 1.000000
51019 0.000000 0.000000 0.000000 1.000000
51020 0.000000 0.000000 0.000000 1.000000
51021 0.000000 0.000000 0.000000 1.000000
51022 0.000000 0.000000 0.000000 1.000000
51023 0.000000 0.000000 0.000000 1.000000
51024 0.000000 0.000000 0.000000 1.000000
51025 0.000000 0.000000 0.000000 1.000000
51030 0.000000 0.000000 0.000000 1.000000
51031 0.000000 0.000000 0.000000 1.000000
51032 0.000000 0.000000 0.000000 1.000000
51033 0.000000 0.000000 0.000000 1.000000
51034 0.000000 0.000000 0.000000 1.000000
51035 0.000000 0.000000 0.000000 1.000000
51036 0.000000 0.000000 0.000000 1.000000
51037 0.000000 0.000000 0.000000 1.000000
51038 0.000000 0.000000 0.000000 1.000000
51039 0.000000 0.000000 0.000000 1.000000
51040 0.000000 0.000000 0.000000 1.000000
51041 0.000000 0.000000 0.000000 1.000000
51042 0.000000 0.000000 0.000000 1.000000
51043 0.000000 0.000000 0.000000 1.000000
51044 0.000000 0.000000 0.000000 1.000000
51045 0.000000 0.000000 0.000000 1.000000
51046 0.000000 0.000000 0.000000 1.000000
51047 0.000000 0.000000 0.000000 1.000000
51051 0.000000 0.000000 0.000000 1.000000
51052 0.000000 0.000000 0.000000 1.000000
51053 0.000000 0.000000 0.000000 1.000000
51054 0.000000 0.000000 0.000000 1.000000
51055 0.000000 0.000000 0.000000 1.000000
51056 0.000000 0.000000 0.000000 1.000000
51057 0.000000 0.000000 0.000000 1.000000
51058 0.000000 0.000000 0.000000 1.000000
51059 0.000000 0.000000 0.000000 1.000000
51060 0.000000 0.000000 0.000000 1.000000
51061 0.000000 0.000000 0.000000 1.000000
51062 0.000000 0.000000 0.000000 1.000000
52102 0.000000 0.000000 0.000000 1.000000
52103 0.000000 0.000000 0.000000 1.000000
52104 0.000000 0.000000 0.000000 1.000000
52105 0.000000 0.000000 0.000000 1.000000
52121 0.000000 0.000000 0.000000 1.000000
52122 0.000000 0.000000 0.000000 1.000000
52123 0.000000 0.000000 0.000000 1.000000
52124 0.000000 0.000000 0.000000 1.000000
52125 0.000000 0.000000 0.000000 1.000000
52139 0.000000 0.000000 0.000000 1.000000
52140 0.000000 0.000000 0.000000 1.000000
52151 0.000000 0.000000 0.000000 1.000000
52152 0.000000 0.000000 0.000000 1.000000
52164 0.000000 0.000000 0.000000 1.000000
52186 0.000000 0.000000 0.000000 1.000000
52187 0.000000 0.000000 0.000000 1.000000
52207 0.000000 0.000000 0.000000 1.000000
52208 0.000000 0.000000 0.000000 1.000000
52213 0.000000 0.000000 0.000000 1.000000
52214 0.000000 0.000000 0.000000 1.000000
52215 0.000000 0.000000 0.000000 1.000000
52216 0.000000 0.000000 0.000000 1.000000
52220 0.000000 0.000000 0.000000 1.000000
52221 0.000000 0.000000 0.000000 1.000000
52222 0.000000 0.000000 0.000000 1.000000
52223 0.000000 0.000000 0.000000 1.000000
52224 0.000000 0.000000 0.000000 1.000000
52225 0.000000 0.000000 0.000000 1.000000
52226 0.000000 0.000000 0.000000 1.000000
52227 0.000000 0.000000 0.000000 1.000000
52228 0.000000 0.000000 0.000000 1.000000
52229 0.000000 0.000000 0.000000 1.000000
52235 0.000000 0.000000 0.000000 1.000000
52236 0.000000 0.000000 0.000000 1.000000
52237 0.000000 0.000000 0.000000 1.000000
52238 0.000000 0.000000 0.000000 1.000000
52239 0.000000 0.000000 0.000000 1.000000
52240 0.000000 0.000000 0.000000 1.000000
52241 0.000000 0.000000 0.000000 1.000000
52242 0.000000 0.000000 0.000000 1.000000
52243 0.000000 0.000000 0.000000 1.000000
52244 0.000000 0.000000 0.000000 1.000000
52245 0.000000 0.000000 0.000000 1.000000
52246 0.000000 0.000000 0.000000 1.000000
52247 0.000000 0.000000 0.000000 1.000000
52248 0.000000 0.000000 0.000000 1.000000
52249 0.000000 0.000000 0.000000 1.000000
52250 0.000000 0.000000 0.000000 1.000000
52254 0.000000 0.000000 0.000000 1.000000
52255 0.000000 0.000000 0.000000 1.000000
52256 0.000000 0.000000 0.000000 1.000000
52257 0.000000 0.000000 0.000000 1.000000
52258 0.000000 0.000000 0.000000 1.000000
52259 0.000000 0.000000 0.000000 1.000000
52260 0.000000 0.000000 0.000000 1.000000
52261 0.000000 0.000000 0.000000 1.000000
52262 0.000000 0.000000 0.000000 1.000000
52263 0.000000 0.000000 0.000000 1.000000
52264 0.000000 0.000000 0.000000 1.000000
52265 0.000000 0.000000 0.000000 1.000000
53295 0.000000 0.000000 0.000000 1.000000
53296 0.000000 0.000000 0.000000 1.000000
53297 0.000000 0.000000 0.000000 1.000000
53298 0.000000 0.000000 0.000000 1.000000
53299 0.000000 0.000000 0.000000 1.000000
53316 0.000000 0.000000 0.000000 1.000000
53317 0.000000 0.000000 0.000000 1.000000
53318 0.000000 0.000000 0.000000 1.000000
53319 0.000000 0.000000 0.000000 1.000000
53320 0.000000 0.000000 0.000000 1.000000
53321 0.000000 0.000000 0.000000 1.000000
53328 0.000000 0.000000 0.000000 1.000000
53329 0.000000 0.000000 0.000000 1.000000
53330 0.000000 0.000000 0.000000 1.000000
53331 0.000000 0.000000 0.000000 1.000000
53342 0.000000 0.000000 0.000000 1.000000
53356 0.000000 0.000000 0.000000 1.000000
53357 0.000000 0.000000 0.000000 1.000000
53381 0.000000 0.000000 0.000000 1.000000
53382 0.000000 0.000000 0.000000 1.000000
53399 0.000000 0.000000 0.000000 1.000000
53400 0.000000 0.000000 0.000000 1.000000
53401 0.000000 0.000000 0.000000 1.000000
53402 0.000000 0.000000 0.000000 1.000000
53403 0.000000 0.000000 0.000000 1.000000
53404 0.000000 0.000000 0.000000 1.000000
53405 0.000000 0.000000 0.000000 1.000000
53410 0.000000 0.000000 0.000000 1.000000
53411 0.000000 0.000000 0.000000 1.000000
53412 0.000000 0.000000 0.000000 1.000000
53413 0.000000 0.000000 0.000000 1.000000
53414 0.000000 0.000000 0.000000 1.000000
53415 0.000000 0.000000 0.000000 1.000000
53416 0.000000 0.000000 0.000000 1.000000
53417 0.000000 0.000000 0.000000 1.000000
53418 0.000000 0.000000 0.000000 1.000000
53422 0.000000 0.000000 0.000000 1.000000
53423 0.000000 0.000000 0.000000 1.000000
53424 0.000000 0.000000 0.000000 1.000000
53425 0.000000 0.000000 0.000000 1.000000
53426 0.000000 0.000000 0.000000 1.000000
53427 0.000000 0.000000 0.000000 1.000000
53428 0.000000 0.000000 0.000000 1.000000
53429 0.000000 0.000000 0.000000 1.000000
53430 0.000000 0.000000 0.000000 1.000000
53431 0.000000 0.000000 0.000000 1.000000
53432 0.000000 0.000000 0.000000 1.000000
53433 0.000000 0.000000 0.000000 1.000000
53434 0.000000 0.000000 0.000000 1.000000
53435 0.000000 0.000000 0.000000 1.000000
53436 0.000000 0.000000 0.000000 1.000000
53437 0.000000 0.000000 0.000000 1.000000
53441 0.000000 0.000000 0.000000 1.000000
53442 0.000000 0.000000 0.000000 1.000000
53443 0.000000 0.000000 0.000000 1.000000
53444 0.000000 0.000000 0.000000 1.000000
53445 0.000000 0.000000 0.000000 1.000000
53446 0.000000 0.000000 0.000000 1.000000
53447 0.000000 0.000000 0.000000 1.000000
53448 0.000000 0.000000 0.000000 1.000000
54390 0.000000 0.000000 0.000000 1.000000
54391 0.000000 0.000000 0.000000 1.000000
54392 0.000000 0.000000 0.000000 1.000000
54393 0.000000 0.000000 0.000000 1.000000
54397 0.000000 0.000000 0.000000 1.000000
54398 0.000000 0.000000 0.000000 1.000000
54399 0.000000 0.000000 0.000000 1.000000
54400 0.000000 0.000000 0.000000 1.000000
54401 0.000000 0.000000 0.000000 1.000000
54411 0.000000 0.000000 0.000000 1.000000
54412 0.000000 0.000000 0.000000 1.000000
54413 0.000000 0.000000 0.000000 1.000000
54414 0.000000 0.000000 0.000000 1.000000
54415 0.000000 0.000000 0.000000 1.000000
54423 0.000000 0.000000 0.000000 1.000000
54440 0.000000 0.000000 0.000000 1.000000
54441 0.000000 0.000000 0.000000 1.000000
54463 0.000000 0.000000 0.000000 1.000000
54464 0.000000 0.000000 0.000000 1.000000
54471 0.000000 0.000000 0.000000 1.000000
54472 0.000000 0.000000 0.000000 1.000000
54473 0.000000 0.000000 0.000000 1.000000
54478 0.000000 0.000000 0.000000 1.000000
54479 0.000000 0.000000 0.000000 1.000000
54480 0.000000 0.000000 0.000000 1.000000
54481 0.000000 0.000000 0.000000 1.000000
54482 0.000000 0.000000 0.000000 1.000000
54483 0.000000 0.000000 0.000000 1.000000
54484 0.000000 0.000000 0.000000 1.000000
54489 0.000000 0.000000 0.000000 1.000000
54490 0.000000 0.000000 0.000000 1.000000
54491 0.000000 0.000000 0.000000 1.000000
54492 0.000000 0.000000 0.000000 1.000000
54493 0.000000 0.000000 0.000000 1.000000
54494 0.000000 0.000000 0.000000 1.000000
54495 0.000000 0.000000 0.000000 1.000000
54496 0.000000 0.000000 0.000000 1.000000
54497 0.000000 0.000000 0.000000 1.000000
54498 0.000000 0.000000 0.000000 1.000000
54499 0.000000 0.000000 0.000000 1.000000
54500 0.000000 0.000000 0.000000 1.000000
54504 0.000000 0.000000 0.000000 1.000000
54505 0.000000 0.000000 0.000000 1.000000
54506 0.000000 0.000000 0.000000 1.000000
54507 0.000000 0.000000 0.000000 1.000000
54508 0.000000 0.000000 0.000000 1.000000
54509 0.000000 0.000000 0.000000 1.000000
54510 0.000000 0.000000 0.000000 1.000000
54511 0.000000 0.000000 0.000000 1.000000
54512 0.000000 0.000000 0.000000 1.000000
54513 0.000000 0.000000 0.000000 1.000000
54514 0.000000 0.000000 0.000000 1.000000
54515 0.000000 0.000000 0.000000 1.000000
54518 0.000000 0.000000 0.000000 1.000000
54519 0.000000 0.000000 0.000000 1.000000
54520 0.000000 0.000000 0.000000 1.000000
54521 0.000000 0.000000 0.000000 1.000000
54522 0.000000 0.000000 0.000000 1.000000
55458 0.000000 0.000000 0.000000 1.000000
55459 0.000000 0.000000 0.000000 1.000000
55460 0.000000 0.000000 0.000000 1.000000
55468 0.000000 0.000000 0.000000 1.000000
55469 0.000000 0.000000 0.000000 1.000000
55470 0.000000 0.000000 0.000000 1.000000
55471 0.000000 0.000000 0.000000 1.000000
55472 0.000000 0.000000 0.000000 1.000000
55473 0.000000 0.000000 0.000000 1.000000
55474 0.000000 0.000000 0.000000 1.000000
55479 0.000000 0.000000 0.000000 1.000000
55480 0.000000 0.000000 0.000000 1.000000
55481 0.000000 0.000000 0.000000 1.000000
55482 0.000000 0.000000 0.000000 1.000000
55483 0.000000 0.000000 0.000000 1.000000
55494 0.000000 0.000000 0.000000 1.000000
55495 0.000000 0.000000 0.000000 1.000000
55518 0.000000 0.000000 0.000000 1.000000
55544 0.000000 0.000000 0.000000 1.000000
55545 0.000000 0.000000 0.000000 1.000000
55546 0.000000 0.000000 0.000000 1.000000
55547 0.000000 0.000000 0.000000 1.000000
55548 0.000000 0.000000 0.000000 1.000000
55549 0.000000 0.000000 0.000000 1.000000
55558 0.000000 0.000000 0.000000 1.000000
55559 0.000000 0.000000 0.000000 1.000000
55560 0.000000 0.000000 0.000000 1.000000
55561 0.000000 0.000000 0.000000 1.000000
55562 0.000000 0.000000 0.000000 1.000000
55563 0.000000 0.000000 0.000000 1.000000
55564 0.000000 0.000000 0.000000 1.000000
55565 0.000000 0.000000 0.000000 1.000000
55566 0.000000 0.000000 0.000000 1.000000
55567 0.000000 0.000000 0.000000 1.000000
55568 0.000000 0.000000 0.000000 1.000000
55573 0.000000 0.000000 0.000000 1.000000
55574 0.000000 0.000000 0.000000 1.000000
55575 0.000000 0.000000 0.000000 1.000000
55576 0.000000 0.000000 0.000000 1.000000
55577 0.000000 0.000000 0.000000 1.000000
55578 0.000000 0.000000 0.000000 1.000000
55579 0.000000 0.000000 0.000000 1.000000
55580 0.000000 0.000000 0.000000 1.000000
55581 0.000000 0.000000 0.000000 1.000000
55582 0.000000 0.000000 0.000000 1.000000
55583 0.000000 0.000000 0.000000 1.000000
55584 0.000000 0.000000 0.000000 1.000000
55585 0.000000 0.000000 0.000000 1.000000
55589 0.000000 0.000000 0.000000 1.000000
55590 0.000000 0.000000 0.000000 1.000000
55591 0.000000 0.000000 0.000000 1.000000
55592 0.000000 0.000000 0.000000 1.000000
55593 0.000000 0.000000 0.000000 1.000000
55594 0.000000 0.000000 0.000000 1.000000
55595 0.000000 0.000000 0.000000 1.000000
55596 0.000000 0.000000 0.000000 1.000000
55597 0.000000 0.000000 0.000000 1.000000
55601 0.000000 0.000000 0.000000 1.000000
55602 0.000000 0.000000 0.000000 1.000000
55603 0.000000 0.000000 0.000000 1.000000
55604 0.000000 0.000000 0.000000 1.000000
56675 0.000000 0.000000 0.000000 1.000000
56676 0.000000 0.000000 0.000000 1.000000
56677 0.000000 0.000000 0.000000 1.000000
56682 0.000000 0.000000 0.000000 1.000000
56683 0.000000 0.000000 0.000000 1.000000
56684 0.000000 0.000000 0.000000 1.000000
56685 0.000000 0.000000 0.000000 1.000000
56686 0.000000 0.000000 0.000000 1.000000
56687 0.000000 0.000000 0.000000 1.000000
56691 0.000000 0.000000 0.000000 1.000000
56692 0.000000 0.000000 0.000000 1.000000
56693 0.000000 0.000000 0.000000 1.000000
56694 0.000000 0.000000 0.000000 1.000000
56701 0.000000 0.000000 0.000000 1.000000
56702 0.000000 0.000000 0.000000 1.000000
56727 0.000000 0.000000 0.000000 1.000000
56752 0.000000 0.000000 0.000000 1.000000
56753 0.000000 0.000000 0.000000 1.000000
56754 0.000000 0.000000 0.000000 1.000000
56755 0.000000 0.000000 0.000000 1.000000
56756 0.000000 0.000000 0.000000 1.000000
56757 0.000000 0.000000 0.000000 1.000000
56758 0.000000 0.000000 0.000000 1.000000
56759 0.000000 0.000000 0.000000 1.000000
56770 0.000000 0.000000 0.000000 1.000000
56771 0.000000 0.000000 0.000000 1.000000
56772 0.000000 0.000000 0.000000 1.000000
56773 0.000000 0.000000 0.000000 1.000000
56774 0.000000 0.000000 0.000000 1.000000
56775 0.000000 0.000000 0.000000 1.000000
56776 0.000000 0.000000 0.000000 1.000000
56777 0.000000 0.000000 0.000000 1.000000
56778 0.000000 0.000000 0.000000 1.000000
56779 0.000000 0.000000 0.000000 1.000000
56780 0.000000 0.000000 0.000000 1.000000
56781 0.000000 0.000000 0.000000 1.000000
56782 0.000000 0.000000 0.000000 1.000000
56783 0.000000 0.000000 0.000000 1.000000
56786 0.000000 0.000000 0.000000 1.000000
56787 0.000000 0.000000 0.000000 1.000000
56788 0.000000 0.000000 0.000000 1.000000
56789 0.000000 0.000000 0.000000 1.000000
56790 0.000000 0.000000 0.000000 1.000000
56791 0.000000 0.000000 0.000000 1.000000
56792 0.000000 0.000000 0.000000 1.000000
56793 0.000000 0.000000 0.000000 1.000000
56794 0.000000 0.000000 0.000000 1.000000
56795 0.000000 0.000000 0.000000 1.000000
56796 0.000000 0.000000 0.000000 1.000000
56797 0.000000 0.000000 0.000000 1.000000
56798 0.000000 0.000000 0.000000 1.000000
56801 0.000000 0.000000 0.000000 1.000000
56802 0.000000 0.000000 0.000000 1.000000
56803 0.000000 0.000000 0.000000 1.000000
56804 0.000000 0.000000 0.000000 1.000000
56805 0.000000 0.000000 0.000000 1.000000
56806 0.000000 0.000000 0.000000 1.000000
56807 0.000000 0.000000 0.000000 1.000000
56808 0.000000 0.000000 0.000000 1.000000
56816 0.000000 0.000000 0.000000 1.000000
56817 0.000000 0.000000 0.000000 1.000000
56818 0.000000 0.000000 0.000000 1.000000
57981 0.000000 0.000000 0.000000 1.000000
57982 0.000000 0.000000 0.000000 1.000000
57983 0.000000 0.000000 0.000000 1.000000
57987 0.000000 0.000000 0.000000 1.000000
57988 0.000000 0.000000 0.000000 1.000000
57989 0.000000 0.000000 0.000000 1.000000
57990 0.000000 0.000000 0.000000 1.000000
57994 0.000000 0.000000 0.000000 1.000000
57995 0.000000 0.000000 0.000000 1.000000
57996 0.000000 0.000000 0.000000 1.000000
57997 0.000000 0.000000 0.000000 1.000000
57998 0.000000 0.000000 0.000000 1.000000
58010 0.000000 0.000000 0.000000 1.000000
58011 0.000000 0.000000 0.000000 1.000000
58034 0.000000 0.000000 0.000000 1.000000
58035 0.000000 0.000000 0.000000 1.000000
58058 0.000000 0.000000 0.000000 1.000000
58059 0.000000 0.000000 0.000000 1.000000
58060 0.000000 0.000000 0.000000 1.000000
58061 0.000000 0.000000 0.000000 1.000000
58062 0.000000 0.000000 0.000000 1.000000
58063 0.000000 0.000000 0.000000 1.000000
58064 0.000000 0.000000 0.000000 1.000000
58071 0.000000 0.000000 0.000000 1.000000
58072 0.000000 0.000000 0.000000 1.000000
58073 0.000000 0.000000 0.000000 1.000000
58074 0.000000 0.000000 0.000000 1.000000
58075 0.000000 0.000000 0.000000 1.000000
58076 0.000000 0.000000 0.000000 1.000000
58077 0.000000 0.000000 0.000000 1.000000
58078 0.000000 0.000000 0.000000 1.000000
58079 0.000000 0.000000 0.000000 1.000000
58080 0.000000 0.000000 0.000000 1.000000
58081 0.000000 0.000000 0.000000 1.000000
58082 0.000000 0.000000 0.000000 1.000000
58083 0.000000 0.000000 0.000000 1.000000
58086 0.000000 0.000000 0.000000 1.000000
58087 0.000000 0.000000 0.000000 1.000000
58088 0.000000 0.000000 0.000000 1.000000
58089 0.000000 0.000000 0.000000 1.000000
58090 0.000000 0.000000 0.000000 1.000000
58091 0.000000 0.000000 0.000000 1.000000
58092 0.000000 0.000000 0.000000 1.000000
58093 0.000000 0.000000 0.000000 1.000000
58094 0.000000 0.000000 0.000000 1.000000
58095 0.000000 0.000000 0.000000 1.000000
58096 0.000000 0.000000 0.000000 1.000000
58097 0.000000 0.000000 0.000000 1.000000
58098 0.000000 0.000000 0.000000 1.000000
58102 0.000000 0.000000 0.000000 1.000000
58103 0.000000 0.000000 0.000000 1.000000
58104 0.000000 0.000000 0.000000 1.000000
58105 0.000000 0.000000 0.000000 1.000000
58106 0.000000 0.000000 0.000000 1.000000
58107 0.000000 0.000000 0.000000 1.000000
58115 0.000000 0.000000 0.000000 1.000000
58116 0.000000 0.000000 0.000000 1.000000
58117 0.000000 0.000000 0.000000 1.000000
59370 0.000000 0.000000 0.000000 1.000000
59371 0.000000 0.000000 0.000000 1.000000
59372 0.000000 0.000000 0.000000 1.000000
59373 0.000000 0.000000 0.000000 1.000000
59380 0.000000 0.000000 0.000000 1.000000
59381 0.000000 0.000000 0.000000 1.000000
59382 0.000000 0.000000 0.000000 1.000000
59383 0.000000 0.000000 0.000000 1.000000
59384 0.000000 0.000000 0.000000 1.000000
59398 0.000000 0.000000 0.000000 1.000000
59399 0.000000 0.000000 0.000000 1.000000
59428 0.000000 0.000000 0.000000 1.000000
59429 0.000000 0.000000 0.000000 1.000000
59436 0.000000 0.000000 0.000000 1.000000
59437 0.000000 0.000000 0.000000 1.000000
59447 0.000000 0.000000 0.000000 1.000000
59448 0.000000 0.000000 0.000000 1.000000
59449 0.000000 0.000000 0.000000 1.000000
59450 0.000000 0.000000 0.000000 1.000000
59451 0.000000 0.000000 0.000000 1.000000
59452 0.000000 0.000000 0.000000 1.000000
59453 0.000000 0.000000 0.000000 1.000000
59454 0.000000 0.000000 0.000000 1.000000
59455 0.000000 0.000000 0.000000 1.000000
59456 0.000000 0.000000 0.000000 1.000000
59459 0.000000 0.000000 0.000000 1.000000
59460 0.000000 0.000000 0.000000 1.000000
59461 0.000000 0.000000 0.000000 1.000000
59462 0.000000 0.000000 0.000000 1.000000
59463 0.000000 0.000000 0.000000 1.000000
59464 0.000000 0.000000 0.000000 1.000000
59465 0.000000 0.000000 0.000000 1.000000
59466 0.000000 0.000000 0.000000 1.000000
59467 0.000000 0.000000 0.000000 1.000000
59468 0.000000 0.000000 0.000000 1.000000
59469 0.000000 0.000000 0.000000 1.000000
59470 0.000000 0.000000 0.000000 1.000000
59473 0.000000 0.000000 0.000000 1.000000
59474 0.000000 0.000000 0.000000 1.000000
59475 0.000000 0.000000 0.000000 1.000000
59476 0.000000 0.000000 0.000000 1.000000
59477 0.000000 0.000000 0.000000 1.000000
59478 0.000000 0.000000 0.000000 1.000000
59479 0.000000 0.000000 0.000000 1.000000
59480 0.000000 0.000000 0.000000 1.000000
59481 0.000000 0.000000 0.000000 1.000000
59482 0.000000 0.000000 0.000000 1.000000
59483 0.000000 0.000000 0.000000 1.000000
59487 0.000000 0.000000 0.000000 1.000000
59488 0.000000 0.000000 0.000000 1.000000
59489 0.000000 0.000000 0.000000 1.000000
59490 0.000000 0.000000 0.000000 1.000000
59491 0.000000 0.000000 0.000000 1.000000
59492 0.000000 0.000000 0.000000 1.000000
59497 0.000000 0.000000 0.000000 1.000000
59498 0.000000 0.000000 0.000000 1.000000
59499 0.000000 0.000000 0.000000 1.000000
60701 0.000000 0.000000 0.000000 1.000000
60702 0.000000 0.000000 0.000000 1.000000
60708 0.000000 0.000000 0.000000 1.000000
60709 0.000000 0.000000 0.000000 1.000000
60710 0.000000 0.000000 0.000000 1.000000
60711 0.000000 0.000000 0.000000 1.000000
60716 0.000000 0.000000 0.000000 1.000000
60717 0.000000 0.000000 0.000000 1.000000
60718 0.000000 0.000000 0.000000 1.000000
60743 0.000000 0.000000 0.000000 1.000000
60771 0.000000 0.000000 0.000000 1.000000
60775 0.000000 0.000000 0.000000 1.000000
60776 0.000000 0.000000 0.000000 1.000000
60777 0.000000 0.000000 0.000000 1.000000
60778 0.000000 0.000000 0.000000 1.000000
60785 0.000000 0.000000 0.000000 1.000000
60786 0.000000 0.000000 0.000000 1.000000
60787 0.000000 0.000000 0.000000 1.000000
60788 0.000000 0.000000 0.000000 1.000000
60789 0.000000 0.000000 0.000000 1.000000
60790 0.000000 0.000000 0.000000 1.000000
60791 0.000000 0.000000 0.000000 1.000000
60792 0.000000 0.000000 0.000000 1.000000
60793 0.000000 0.000000 0.000000 1.000000
60794 0.000000 0.000000 0.000000 1.000000
60799 0.000000 0.000000 0.000000 1.000000
60800 0.000000 0.000000 0.000000 1.000000
60801 0.000000 0.000000 0.000000 1.000000
60802 0.000000 0.000000 0.000000 1.000000
60803 0.000000 0.000000 0.000000 1.000000
60804 0.000000 0.000000 0.000000 1.000000
60805 0.000000 0.000000 0.000000 1.000000
60806 0.000000 0.000000 0.000000 1.000000
60807 0.000000 0.000000 0.000000 1.000000
60808 0.000000 0.000000 0.000000 1.000000
60809 0.000000 0.000000 0.000000 1.000000
60814 0.000000 0.000000 0.000000 1.000000
60815 0.000000 0.000000 0.000000 1.000000
60816 0.000000 0.000000 0.000000 1.000000
60817 0.000000 0.000000 0.000000 1.000000
60818 0.000000 0.000000 0.000000 1.000000
60819 0.000000 0.000000 0.000000 1.000000
60820 0.000000 0.000000 0.000000 1.000000
60821 0.000000 0.000000 0.000000 1.000000
60830 0.000000 0.000000 0.000000 1.000000
60831 0.000000 0.000000 0.000000 1.000000
60832 0.000000 0.000000 0.000000 1.000000
60833 0.000000 0.000000 0.000000 1.000000
60834 0.000000 0.000000 0.000000 1.000000
60835 0.000000 0.000000 0.000000 1.000000
60848 0.000000 0.000000 0.000000 1.000000
60849 0.000000 0.000000 0.000000 1.000000
60850 0.000000 0.000000 0.000000 1.000000
62062 0.000000 0.000000 0.000000 1.000000
62063 0.000000 0.000000 0.000000 1.000000
62067 0.000000 0.000000 0.000000 1.000000
62068 0.000000 0.000000 0.000000 1.000000
62069 0.000000 0.000000 0.000000 1.000000
62070 0.000000 0.000000 0.000000 1.000000
62071 0.000000 0.000000 0.000000 1.000000
62080 0.000000 0.000000 0.000000 1.000000
62081 0.000000 0.000000 0.000000 1.000000
62082 0.000000 0.000000 0.000000 1.000000
62083 0.000000 0.000000 0.000000 1.000000
62112 0.000000 0.000000 0.000000 1.000000
62113 0.000000 0.000000 0.000000 1.000000
62134 0.000000 0.000000 0.000000 1.000000
62135 0.000000 0.000000 0.000000 1.000000
62136 0.000000 0.000000 0.000000 1.000000
62137 0.000000 0.000000 0.000000 1.000000
62138 0.000000 0.000000 0.000000 1.000000
62139 0.000000 0.000000 0.000000 1.000000
62146 0.000000 0.000000 0.000000 1.000000
62147 0.000000 0.000000 0.000000 1.000000
62148 0.000000 0.000000 0.000000 1.000000
62149 0.000000 0.000000 0.000000 1.000000
62150 0.000000 0.000000 0.000000 1.000000
62151 0.000000 0.000000 0.000000 1.000000
62152 0.000000 0.000000 0.000000 1.000000
62153 0.000000 0.000000 0.000000 1.000000
62154 0.000000 0.000000 0.000000 1.000000
62159 0.000000 0.000000 0.000000 1.000000
62160 0.000000 0.000000 0.000000 1.000000
62161 0.000000 0.000000 0.000000 1.000000
62162 0.000000 0.000000 0.000000 1.000000
62163 0.000000 0.000000 0.000000 1.000000
62164 0.000000 0.000000 0.000000 1.000000
62165 0.000000 0.000000 0.000000 1.000000
62166 0.000000 0.000000 0.000000 1.000000
62167 0.000000 0.000000 0.000000 1.000000
62177 0.000000 0.000000 0.000000 1.000000
62178 0.000000 0.000000 0.000000 1.000000
62179 0.000000 0.000000 0.000000 1.000000
62180 0.000000 0.000000 0.000000 1.000000
62181 0.000000 0.000000 0.000000 1.000000
62182 0.000000 0.000000 0.000000 1.000000
62183 0.000000 0.000000 0.000000 1.000000
62184 0.000000 0.000000 0.000000 1.000000
62195 0.000000 0.000000 0.000000 1.000000
62196 0.000000 0.000000 0.000000 1.000000
62197 0.000000 0.000000 0.000000 1.000000
62198 0.000000 0.000000 0.000000 1.000000
62199 0.000000 0.000000 0.000000 1.000000
62200 0.000000 0.000000 0.000000 1.000000
62201 0.000000 0.000000 0.000000 1.000000
62211 0.000000 0.000000 0.000000 1.000000
62212 0.000000 0.000000 0.000000 1.000000
62213 0.000000 0.000000 0.000000 1.000000
63345 0.000000 0.000000 0.000000 1.000000
63346 0.000000 0.000000 0.000000 1.000000
63347 0.000000 0.000000 0.000000 1.000000
63366 0.000000 0.000000 0.000000 1.000000
63367 0.000000 0.000000 0.000000 1.000000
63368 0.000000 0.000000 0.000000 1.000000
63369 0.000000 0.000000 0.000000 1.000000
63396 0.000000 0.000000 0.000000 1.000000
63397 0.000000 0.000000 0.000000 1.000000
63407 0.000000 0.000000 0.000000 1.000000
63408 0.000000 0.000000 0.000000 1.000000
63409 0.000000 0.000000 0.000000 1.000000
63410 0.000000 0.000000 0.000000 1.000000
63411 0.000000 0.000000 0.000000 1.000000
63418 0.000000 0.000000 0.000000 1.000000
63419 0.000000 0.000000 0.000000 1.000000
63420 0.000000 0.000000 0.000000 1.000000
63421 0.000000 0.000000 0.000000 1.000000
63422 0.000000 0.000000 0.000000 1.000000
63423 0.000000 0.000000 0.000000 1.000000
63424 0.000000 0.000000 0.000000 1.000000
63425 0.000000 0.000000 0.000000 1.000000
63433 0.000000 0.000000 0.000000 1.000000
63434 0.000000 0.000000 0.000000 1.000000
63435 0.000000 0.000000 0.000000 1.000000
63436 0.000000 0.000000 0.000000 1.000000
63437 0.000000 0.000000 0.000000 1.000000
63438 0.000000 0.000000 0.000000 1.000000
63439 0.000000 0.000000 0.000000 1.000000
63440 0.000000 0.000000 0.000000 1.000000
63452 0.000000 0.000000 0.000000 1.000000
63453 0.000000 0.000000 0.000000 1.000000
63454 0.000000 0.000000 0.000000 1.000000
63455 0.000000 0.000000 0.000000 1.000000
63456 0.000000 0.000000 0.000000 1.000000
63457 0.000000 0.000000 0.000000 1.000000
63458 0.000000 0.000000 0.000000 1.000000
63468 0.000000 0.000000 0.000000 1.000000
63469 0.000000 0.000000 0.000000 1.000000
63470 0.000000 0.000000 0.000000 1.000000
63471 0.000000 0.000000 0.000000 1.000000
63472 0.000000 0.000000 0.000000 1.000000
63473 0.000000 0.000000 0.000000 1.000000
63474 0.000000 0.000000 0.000000 1.000000
63475 0.000000 0.000000 0.000000 1.000000
63484 0.000000 0.000000 0.000000 1.000000
63485 0.000000 0.000000 0.000000 1.000000
63486 0.000000 0.000000 0.000000 1.000000
63487 0.000000 0.000000 0.000000 1.000000
63488 0.000000 0.000000 0.000000 1.000000
63489 0.000000 0.000000 0.000000 1.000000
63490 0.000000 0.000000 0.000000 1.000000
63501 0.000000 0.000000 0.000000 1.000000
63502 0.000000 0.000000 0.000000 1.000000
63503 0.000000 0.000000 0.000000 1.000000
64629 0.000000 0.000000 0.000000 1.000000
64630 0.000000 0.000000 0.000000 1.000000
64631 0.000000 0.000000 0.000000 1.000000
64654 0.000000 0.000000 0.000000 1.000000
64655 0.000000 0.000000 0.000000 1.000000
64656 0.000000 0.000000 0.000000 1.000000
64657 0.000000 0.000000 0.000000 1.000000
64680 0.000000 0.000000 0.000000 1.000000
64681 0.000000 0.000000 0.000000 1.000000
64688 0.000000 0.000000 0.000000 1.000000
64689 0.000000 0.000000 0.000000 1.000000
64690 0.000000 0.000000 0.000000 1.000000
64691 0.000000 0.000000 0.000000 1.000000
64701 0.000000 0.000000 0.000000 1.000000
64702 0.000000 0.000000 0.000000 1.000000
64703 0.000000 0.000000 0.000000 1.000000
64704 0.000000 0.000000 0.000000 1.000000
64705 0.000000 0.000000 0.000000 1.000000
64706 0.000000 0.000000 0.000000 1.000000
64707 0.000000 0.000000 0.000000 1.000000
64708 0.000000 0.000000 0.000000 1.000000
64709 0.000000 0.000000 0.000000 1.000000
64721 0.000000 0.000000 0.000000 1.000000
64722 0.000000 0.000000 0.000000 1.000000
64723 0.000000 0.000000 0.000000 1.000000
64724 0.000000 0.000000 0.000000 1.000000
64725 0.000000 0.000000 0.000000 1.000000
64726 0.000000 0.000000 0.000000 1.000000
64727 0.000000 0.000000 0.000000 1.000000
64728 0.000000 0.000000 0.000000 1.000000
64737 0.000000 0.000000 0.000000 1.000000
64738 0.000000 0.000000 0.000000 1.000000
64739 0.000000 0.000000 0.000000 1.000000
64740 0.000000 0.000000 0.000000 1.000000
64741 0.000000 0.000000 0.000000 1.000000
64749 0.000000 0.000000 0.000000 1.000000
64750 0.000000 0.000000 0.000000 1.000000
64751 0.000000 0.000000 0.000000 1.000000
64752 0.000000 0.000000 0.000000 1.000000
64753 0.000000 0.000000 0.000000 1.000000
64754 0.000000 0.000000 0.000000 1.000000
64755 0.000000 0.000000 0.000000 1.000000
64764 0.000000 0.000000 0.000000 1.000000
64765 0.000000 0.000000 0.000000 1.000000
64766 0.000000 0.000000 0.000000 1.000000
64767 0.000000 0.000000 0.000000 1.000000
64768 0.000000 0.000000 0.000000 1.000000
64769 0.000000 0.000000 0.000000 1.000000
64780 0.000000 0.000000 0.000000 1.000000
64781 0.000000 0.000000 0.000000 1.000000
64782 0.000000 0.000000 0.000000 1.000000
64783 0.000000 0.000000 0.000000 1.000000
65822 0.000000 0.000000 0.000000 1.000000
65823 0.000000 0.000000 0.000000 1.000000
65824 0.000000 0.000000 0.000000 1.000000
65845 0.000000 0.000000 0.000000 1.000000
65846 0.000000 0.000000 0.000000 1.000000
65847 0.000000 0.000000 0.000000 1.000000
65867 0.000000 0.000000 0.000000 1.000000
65873 0.000000 0.000000 0.000000 1.000000
65874 0.000000 0.000000 0.000000 1.000000
65875 0.000000 0.000000 0.000000 1.000000
65887 0.000000 0.000000 0.000000 1.000000
65888 0.000000 0.000000 0.000000 1.000000
65889 0.000000 0.000000 0.000000 1.000000
65890 0.000000 0.000000 0.000000 1.000000
65891 0.000000 0.000000 0.000000 1.000000
65892 0.000000 0.000000 0.000000 1.000000
65893 0.000000 0.000000 0.000000 1.000000
65903 0.000000 0.000000 0.000000 1.000000
65904 0.000000 0.000000 0.000000 1.000000
65905 0.000000 0.000000 0.000000 1.000000
65906 0.000000 0.000000 0.000000 1.000000
65907 0.000000 0.000000 0.000000 1.000000
65908 0.000000 0.000000 0.000000 1.000000
65909 0.000000 0.000000 0.000000 1.000000
65917 0.000000 0.000000 0.000000 1.000000
65918 0.000000 0.000000 0.000000 1.000000
65919 0.000000 0.000000 0.000000 1.000000
65920 0.000000 0.000000 0.000000 1.000000
65921 0.000000 0.000000 0.000000 1.000000
65922 0.000000 0.000000 0.000000 1.000000
65923 0.000000 0.000000 0.000000 1.000000
65931 0.000000 0.000000 0.000000 1.000000
65932 0.000000 0.000000 0.000000 1.000000
65933 0.000000 0.000000 0.000000 1.000000
65934 0.000000 0.000000 0.000000 1.000000
65935 0.000000 0.000000 0.000000 1.000000
65936 0.000000 0.000000 0.000000 1.000000
65937 0.000000 0.000000 0.000000 1.000000
65949 0.000000 0.000000 0.000000 1.000000
65950 0.000000 0.000000 0.000000 1.000000
65951 0.000000 0.000000 0.000000 1.000000
65952 0.000000 0.000000 0.000000 1.000000
65953 0.000000 0.000000 0.000000 1.000000
65954 0.000000 0.000000 0.000000 1.000000
65965 0.000000 0.000000 0.000000 1.000000
65966 0.000000 0.000000 0.000000 1.000000
65967 0.000000 0.000000 0.000000 1.000000
65968 0.000000 0.000000 0.000000 1.000000
67026 0.000000 0.000000 0.000000 1.000000
67027 0.000000 0.000000 0.000000 1.000000
67028 0.000000 0.000000 0.000000 1.000000
67046 0.000000 0.000000 0.000000 1.000000
67047 0.000000 0.000000 0.000000 1.000000
67048 0.000000 0.000000 0.000000 1.000000
67058 0.000000 0.000000 0.000000 1.000000
67059 0.000000 0.000000 0.000000 1.000000
67070 0.000000 0.000000 0.000000 1.000000
67076 0.000000 0.000000 0.000000 1.000000
67077 0.000000 0.000000 0.000000 1.000000
67078 0.000000 0.000000 0.000000 1.000000
67079 0.000000 0.000000 0.000000 1.000000
67080 0.000000 0.000000 0.000000 1.000000
67091 0.000000 0.000000 0.000000 1.000000
67092 0.000000 0.000000 0.000000 1.000000
67093 0.000000 0.000000 0.000000 1.000000
67094 0.000000 0.000000 0.000000 1.000000
67095 0.000000 0.000000 0.000000 1.000000
67103 0.000000 0.000000 0.000000 1.000000
67104 0.000000 0.000000 0.000000 1.000000
67105 0.000000 0.000000 0.000000 1.000000
67106 0.000000 0.000000 0.000000 1.000000
67107 0.000000 0.000000 0.000000 1.000000
67115 0.000000 0.000000 0.000000 1.000000
67116 0.000000 0.000000 0.000000 1.000000
67117 0.000000 0.000000 0.000000 1.000000
67118 0.000000 0.000000 0.000000 1.000000
67119 0.000000 0.000000 0.000000 1.000000
67120 0.000000 0.000000 0.000000 1.000000
67130 0.000000 0.000000 0.000000 1.000000
67131 0.000000 0.000000 0.000000 1.000000
67132 0.000000 0.000000 0.000000 1.000000
67133 0.000000 0.000000 0.000000 1.000000
67134 0.000000 0.000000 0.000000 1.000000
67147 0.000000 0.000000 0.000000 1.000000
67148 0.000000 0.000000 0.000000 1.000000
67149 0.000000 0.000000 0.000000 1.000000
67150 0.000000 0.000000 0.000000 1.000000
67151 0.000000 0.000000 0.000000 1.000000
67152 0.000000 0.000000 0.000000 1.000000
67166 0.000000 0.000000 0.000000 1.000000
67167 0.000000 0.000000 0.000000 1.000000
67168 0.000000 0.000000 0.000000 1.000000
67169 0.000000 0.000000 0.000000 1.000000
67170 0.000000 0.000000 0.000000 1.000000
68240 0.000000 0.000000 0.000000 1.000000
68241 0.000000 0.000000 0.000000 1.000000
68242 0.000000 0.000000 0.000000 1.000000
68243 0.000000 0.000000 0.000000 1.000000
68256 0.000000 0.000000 0.000000 1.000000
68257 0.000000 0.000000 0.000000 1.000000
68265 0.000000 0.000000 0.000000 1.000000
68266 0.000000 0.000000 0.000000 1.000000
68267 0.000000 0.000000 0.000000 1.000000
68268 0.000000 0.000000 0.000000 1.000000
68278 0.000000 0.000000 0.000000 1.000000
68279 0.000000 0.000000 0.000000 1.000000
68280 0.000000 0.000000 0.000000 1.000000
68281 0.000000 0.000000 0.000000 1.000000
68282 0.000000 0.000000 0.000000 1.000000
68283 0.000000 0.000000 0.000000 1.000000
68292 0.000000 0.000000 0.000000 1.000000
68293 0.000000 0.000000 0.000000 1.000000
68294 0.000000 0.000000 0.000000 1.000000
68295 0.000000 0.000000 0.000000 1.000000
68296 0.000000 0.000000 0.000000 1.000000
68297 0.000000 0.000000 0.000000 1.000000
68305 0.000000 0.000000 0.000000 1.000000
68306 0.000000 0.000000 0.000000 1.000000
68307 0.000000 0.000000 0.000000 1.000000
68308 0.000000 0.000000 0.000000 1.000000
68309 0.000000 0.000000 0.000000 1.000000
68310 0.000000 0.000000 0.000000 1.000000
68311 0.000000 0.000000 0.000000 1.000000
68318 0.000000 0.000000 0.000000 1.000000
68319 0.000000 0.000000 0.000000 1.000000
68320 0.000000 0.000000 0.000000 1.000000
68321 0.000000 0.000000 0.000000 1.000000
68322 0.000000 0.000000 0.000000 1.000000
68331 0.000000 0.000000 0.000000 1.000000
68332 0.000000 0.000000 0.000000 1.000000
68333 0.000000 0.000000 0.000000 1.000000
68334 0.000000 0.000000 0.000000 1.000000
68335 0.000000 0.000000 0.000000 1.000000
68345 0.000000 0.000000 0.000000 1.000000
68346 0.000000 0.000000 0.000000 1.000000
68347 0.000000 0.000000 0.000000 1.000000
68348 0.000000 0.000000 0.000000 1.000000
68349 0.000000 0.000000 0.000000 1.000000
68350 0.000000 0.000000 0.000000 1.000000
68351 0.000000 0.000000 0.000000 1.000000
68366 0.000000 0.000000 0.000000 1.000000
68367 0.000000 0.000000 0.000000 1.000000
68368 0.000000 0.000000 0.000000 1.000000
68369 0.000000 0.000000 0.000000 1.000000
69465 0.000000 0.000000 0.000000 1.000000
69466 0.000000 0.000000 0.000000 1.000000
69467 0.000000 0.000000 0.000000 1.000000
69484 0.000000 0.000000 0.000000 1.000000
69485 0.000000 0.000000 0.000000 1.000000
69486 0.000000 0.000000 0.000000 1.000000
69506 0.000000 0.000000 0.000000 1.000000
69507 0.000000 0.000000 0.000000 1.000000
69512 0.000000 0.000000 0.000000 1.000000
69513 0.000000 0.000000 0.000000 1.000000
69514 0.000000 0.000000 0.000000 1.000000
69524 0.000000 0.000000 0.000000 1.000000
69525 0.000000 0.000000 0.000000 1.000000
69526 0.000000 0.000000 0.000000 1.000000
69527 0.000000 0.000000 0.000000 1.000000
69528 0.000000 0.000000 0.000000 1.000000
69538 0.000000 0.000000 0.000000 1.000000
69539 0.000000 0.000000 0.000000 1.000000
69540 0.000000 0.000000 0.000000 1.000000
69541 0.000000 0.000000 0.000000 1.000000
69542 0.000000 0.000000 0.000000 1.000000
69543 0.000000 0.000000 0.000000 1.000000
69550 0.000000 0.000000 0.000000 1.000000
69551 0.000000 0.000000 0.000000 1.000000
69552 0.000000 0.000000 0.000000 1.000000
69553 0.000000 0.000000 0.000000 1.000000
69562 0.000000 0.000000 0.000000 1.000000
69563 0.000000 0.000000 0.000000 1.000000
69564 0.000000 0.000000 0.000000 1.000000
69565 0.000000 0.000000 0.000000 1.000000
69573 0.000000 0.000000 0.000000 1.000000
69574 0.000000 0.000000 0.000000 1.000000
69575 0.000000 0.000000 0.000000 1.000000
69576 0.000000 0.000000 0.000000 1.000000
69577 0.000000 0.000000 0.000000 1.000000
69584 0.000000 0.000000 0.000000 1.000000
69585 0.000000 0.000000 0.000000 1.000000
69586 0.000000 0.000000 0.000000 1.000000
69587 0.000000 0.000000 0.000000 1.000000
69588 0.000000 0.000000 0.000000 1.000000
69589 0.000000 0.000000 0.000000 1.000000
69592 0.000000 0.000000 0.000000 1.000000
69593 0.000000 0.000000 0.000000 1.000000
69594 0.000000 0.000000 0.000000 1.000000
69595 0.000000 0.000000 0.000000 1.000000
70660 0.000000 0.000000 0.000000 1.000000
70661 0.000000 0.000000 0.000000 1.000000
70684 0.000000 0.000000 0.000000 1.000000
70685 0.000000 0.000000 0.000000 1.000000
70686 0.000000 0.000000 0.000000 1.000000
70710 0.000000 0.000000 0.000000 1.000000
70711 0.000000 0.000000 0.000000 1.000000
70719 0.000000 0.000000 0.000000 1.000000
70720 0.000000 0.000000 0.000000 1.000000
70721 0.000000 0.000000 0.000000 1.000000
70732 0.000000 0.000000 0.000000 1.000000
70733 0.000000 0.000000 0.000000 1.000000
70734 0.000000 0.000000 0.000000 1.000000
70735 0.000000 0.000000 0.000000 1.000000
70736 0.000000 0.000000 0.000000 1.000000
70737 0.000000 0.000000 0.000000 1.000000
70738 0.000000 0.000000 0.000000 1.000000
70746 0.000000 0.000000 0.000000 1.000000
70747 0.000000 0.000000 0.000000 1.000000
70748 0.000000 0.000000 0.000000 1.000000
70749 0.000000 0.000000 0.000000 1.000000
70750 0.000000 0.000000 0.000000 1.000000
70760 0.000000 0.000000 0.000000 1.000000
70761 0.000000 0.000000 0.000000 1.000000
70762 0.000000 0.000000 0.000000 1.000000
70763 0.000000 0.000000 0.000000 1.000000
70764 0.000000 0.000000 0.000000 1.000000
70774 0.000000 0.000000 0.000000 1.000000
70775 0.000000 0.000000 0.000000 1.000000
70776 0.000000 0.000000 0.000000 1.000000
70777 0.000000 0.000000 0.000000 1.000000
70778 0.000000 0.000000 0.000000 1.000000
70788 0.000000 0.000000 0.000000 1.000000
70789 0.000000 0.000000 0.000000 1.000000
70790 0.000000 0.000000 0.000000 1.000000
70791 0.000000 0.000000 0.000000 1.000000
70792 0.000000 0.000000 0.000000 1.000000
70798 0.000000 0.000000 0.000000 1.000000
70799 0.000000 0.000000 0.000000 1.000000
70800 0.000000 0.000000 0.000000 1.000000
70801 0.000000 0.000000 0.000000 1.000000
70802 0.000000 0.000000 0.000000 1.000000
70803 0.000000 0.000000 0.000000 1.000000
70806 0.000000 0.000000 0.000000 1.000000
70807 0.000000 0.000000 0.000000 1.000000
71914 0.000000 0.000000 0.000000 1.000000
71915 0.000000 0.000000 0.000000 1.000000
71916 0.000000 0.000000 0.000000 1.000000
71917 0.000000 0.000000 0.000000 1.000000
71939 0.000000 0.000000 0.000000 1.000000
71940 0.000000 0.000000 0.000000 1.000000
71941 0.000000 0.000000 0.000000 1.000000
71942 0.000000 0.000000 0.000000 1.000000
71961 0.000000 0.000000 0.000000 1.000000
71962 0.000000 0.000000 0.000000 1.000000
71970 0.000000 0.000000 0.000000 1.000000
71971 0.000000 0.000000 0.000000 1.000000
71972 0.000000 0.000000 0.000000 1.000000
71973 0.000000 0.000000 0.000000 1.000000
71983 0.000000 0.000000 0.000000 1.000000
71984 0.000000 0.000000 0.000000 1.000000
71985 0.000000 0.000000 0.000000 1.000000
71986 0.000000 0.000000 0.000000 1.000000
71987 0.000000 0.000000 0.000000 1.000000
71988 0.000000 0.000000 0.000000 1.000000
71989 0.000000 0.000000 0.000000 1.000000
71997 0.000000 0.000000 0.000000 1.000000
71998 0.000000 0.000000 0.000000 1.000000
71999 0.000000 0.000000 0.000000 1.000000
72000 0.000000 0.000000 0.000000 1.000000
72009 0.000000 0.000000 0.000000 1.000000
72010 0.000000 0.000000 0.000000 1.000000
72011 0.000000 0.000000 0.000000 1.000000
72012 0.000000 0.000000 0.000000 1.000000
72013 0.000000 0.000000 0.000000 1.000000
72024 0.000000 0.000000 0.000000 1.000000
72025 0.000000 0.000000 0.000000 1.000000
72026 0.000000 0.000000 0.000000 1.000000
72027 0.000000 0.000000 0.000000 1.000000
72034 0.000000 0.000000 0.000000 1.000000
72035 0.000000 0.000000 0.000000 1.000000
72036 0.000000 0.000000 0.000000 1.000000
72037 0.000000 0.000000 0.000000 1.000000
72038 0.000000 0.000000 0.000000 1.000000
72039 0.000000 0.000000 0.000000 1.000000
72042 0.000000 0.000000 0.000000 1.000000
72043 0.000000 0.000000 0.000000 1.000000
72044 0.000000 0.000000 0.000000 1.000000
72045 0.000000 0.000000 0.000000 1.000000
73024 0.000000 0.000000 0.000000 1.000000
73025 0.000000 0.000000 0.000000 1.000000
73026 0.000000 0.000000 0.000000 1.000000
73044 0.000000 0.000000 0.000000 1.000000
73045 0.000000 0.000000 0.000000 1.000000
73046 0.000000 0.000000 0.000000 1.000000
73047 0.000000 0.000000 0.000000 1.000000
73056 0.000000 0.000000 0.000000 1.000000
73067 0.000000 0.000000 0.000000 1.000000
73071 0.000000 0.000000 0.000000 1.000000
73072 0.000000 0.000000 0.000000 1.000000
73073 0.000000 0.000000 0.000000 1.000000
73074 0.000000 0.000000 0.000000 1.000000
73084 0.000000 0.000000 0.000000 1.000000
73085 0.000000 0.000000 0.000000 1.000000
73086 0.000000 0.000000 0.000000 1.000000
73087 0.000000 0.000000 0.000000 1.000000
73088 0.000000 0.000000 0.000000 1.000000
73098 0.000000 0.000000 0.000000 1.000000
73099 0.000000 0.000000 0.000000 1.000000
73100 0.000000 0.000000 0.000000 1.000000
73101 0.000000 0.000000 0.000000 1.000000
73102 0.000000 0.000000 0.000000 1.000000
73112 0.000000 0.000000 0.000000 1.000000
73113 0.000000 0.000000 0.000000 1.000000
73114 0.000000 0.000000 0.000000 1.000000
73115 0.000000 0.000000 0.000000 1.000000
73116 0.000000 0.000000 0.000000 1.000000
73117 0.000000 0.000000 0.000000 1.000000
73126 0.000000 0.000000 0.000000 1.000000
73127 0.000000 0.000000 0.000000 1.000000
73128 0.000000 0.000000 0.000000 1.000000
73129 0.000000 0.000000 0.000000 1.000000
73130 0.000000 0.000000 0.000000 1.000000
73131 0.000000 0.000000 0.000000 1.000000
73137 0.000000 0.000000 0.000000 1.000000
73138 0.000000 0.000000 0.000000 1.000000
73139 0.000000 0.000000 0.000000 1.000000
73140 0.000000 0.000000 0.000000 1.000000
73141 0.000000 0.000000 0.000000 1.000000
73142 0.000000 0.000000 0.000000 1.000000
73145 0.000000 0.000000 0.000000 1.000000
73146 0.000000 0.000000 0.000000 1.000000
73147 0.000000 0.000000 0.000000 1.000000
74121 0.000000 0.000000 0.000000 1.000000
74122 0.000000 0.000000 0.000000 1.000000
74123 0.000000 0.000000 0.000000 1.000000
74143 0.000000 0.000000 0.000000 1.000000
74144 0.000000 0.000000 0.000000 1.000000
74153 0.000000 0.000000 0.000000 1.000000
74154 0.000000 0.000000 0.000000 1.000000
74165 0.000000 0.000000 0.000000 1.000000
74168 0.000000 0.000000 0.000000 1.000000
74169 0.000000 0.000000 0.000000 1.000000
74170 0.000000 0.000000 0.000000 1.000000
74171 0.000000 0.000000 0.000000 1.000000
74180 0.000000 0.000000 0.000000 1.000000
74181 0.000000 0.000000 0.000000 1.000000
74182 0.000000 0.000000 0.000000 1.000000
74183 0.000000 0.000000 0.000000 1.000000
74193 0.000000 0.000000 0.000000 1.000000
74194 0.000000 0.000000 0.000000 1.000000
74195 0.000000 0.000000 0.000000 1.000000
74196 0.000000 0.000000 0.000000 1.000000
74197 0.000000 0.000000 0.000000 1.000000
74209 0.000000 0.000000 0.000000 1.000000
74210 0.000000 0.000000 0.000000 1.000000
74211 0.000000 0.000000 0.000000 1.000000
74220 0.000000 0.000000 0.000000 1.000000
74221 0.000000 0.000000 0.000000 1.000000
74222 0.000000 0.000000 0.000000 1.000000
74223 0.000000 0.000000 0.000000 1.000000
74224 0.000000 0.000000 0.000000 1.000000
74225 0.000000 0.000000 0.000000 1.000000
74232 0.000000 0.000000 0.000000 1.000000
74233 0.000000 0.000000 0.000000 1.000000
75220 0.000000 0.000000 0.000000 1.000000
75221 0.000000 0.000000 0.000000 1.000000
75252 0.000000 0.000000 0.000000 1.000000
75253 0.000000 0.000000 0.000000 1.000000
75266 0.000000 0.000000 0.000000 1.000000
75267 0.000000 0.000000 0.000000 1.000000
75268 0.000000 0.000000 0.000000 1.000000
75277 0.000000 0.000000 0.000000 1.000000
75278 0.000000 0.000000 0.000000 1.000000
75279 0.000000 0.000000 0.000000 1.000000
75280 0.000000 0.000000 0.000000 1.000000
75281 0.000000 0.000000 0.000000 1.000000
75293 0.000000 0.000000 0.000000 1.000000
75294 0.000000 0.000000 0.000000 1.000000
75307 0.000000 0.000000 0.000000 1.000000
75308 0.000000 0.000000 0.000000 1.000000
75321 0.000000 0.000000 0.000000 1.000000
76316 0.000000 0.000000 0.000000 1.000000
76338 0.000000 0.000000 0.000000 1.000000
76350 0.000000 0.000000 0.000000 1.000000
76351 0.000000 0.000000 0.000000 1.000000
76352 0.000000 0.000000 0.000000 1.000000
76353 0.000000 0.000000 0.000000 1.000000
76363 0.000000 0.000000 0.000000 1.000000
76364 0.000000 0.000000 0.000000 1.000000
76365 0.000000 0.000000 0.000000 1.000000
76379 0.000000 0.000000 0.000000 1.000000
77454 0.000000 0.000000 0.000000 1.000000
77455 0.000000 0.000000 0.000000 1.000000
77469 0.000000 0.000000 0.000000 1.000000
77470 0.000000 0.000000 0.000000 1.000000
