#
1816
72591 0.000000 0.000000 0.000000 1.000000
72592 0.000000 0.000000 0.000000 1.000000
72613 0.000000 0.000000 0.000000 1.000000
72614 0.000000 0.000000 0.000000 1.000000
72615 0.000000 0.000000 0.000000 1.000000
72616 0.000000 0.000000 0.000000 1.000000
72617 0.000000 0.000000 0.000000 1.000000
73657 0.000000 0.000000 0.000000 1.000000
73662 0.000000 0.000000 0.000000 1.000000
73670 0.000000 0.000000 0.000000 1.000000
73676 0.000000 0.000000 0.000000 1.000000
73677 0.000000 0.000000 0.000000 1.000000
73678 0.000000 0.000000 0.000000 1.000000
73679 0.000000 0.000000 0.000000 1.000000
73680 0.000000 0.000000 0.000000 1.000000
73681 0.000000 0.000000 0.000000 1.000000
73682 0.000000 0.000000 0.000000 1.000000
73700 0.000000 0.000000 0.000000 1.000000
73701 0.000000 0.000000 0.000000 1.000000
73702 0.000000 0.000000 0.000000 1.000000
73703 0.000000 0.000000 0.000000 1.000000
73704 0.000000 0.000000 0.000000 1.000000
73705 0.000000 0.000000 0.000000 1.000000
73726 0.000000 0.000000 0.000000 1.000000
73727 0.000000 0.000000 0.000000 1.000000
73728 0.000000 0.000000 0.000000 1.000000
74703 0.000000 0.000000 0.000000 1.000000
74704 0.000000 0.000000 0.000000 1.000000
74708 0.000000 0.000000 0.000000 1.000000
74709 0.000000 0.000000 0.000000 1.000000
74710 0.000000 0.000000 0.000000 1.000000
74712 0.000000 0.000000 0.000000 1.000000
74713 0.000000 0.000000 0.000000 1.000000
74714 0.000000 0.000000 0.000000 1.000000
74724 0.000000 0.000000 0.000000 1.000000
74725 0.000000 0.000000 0.000000 1.000000
74726 0.000000 0.000000 0.000000 1.000000
74727 0.000000 0.000000 0.000000 1.000000
74732 0.000000 0.000000 0.000000 1.000000
74733 0.000000 0.000000 0.000000 1.000000
74734 0.000000 0.000000 0.000000 1.000000
74743 0.000000 0.000000 0.000000 1.000000
74744 0.000000 0.000000 0.000000 1.000000
74748 0.000000 0.000000 0.000000 1.000000
74749 0.000000 0.000000 0.000000 1.000000
74750 0.000000 0.000000 0.000000 1.000000
74751 0.000000 0.000000 0.000000 1.000000
74752 0.000000 0.000000 0.000000 1.000000
74753 0.000000 0.000000 0.000000 1.000000
74764 0.000000 0.000000 0.000000 1.000000
74765 0.000000 0.000000 0.000000 1.000000
74766 0.000000 0.000000 0.000000 1.000000
74767 0.000000 0.000000 0.000000 1.000000
74768 0.000000 0.000000 0.000000 1.000000
75703 0.000000 0.000000 0.000000 1.000000
75715 0.000000 0.000000 0.000000 1.000000
75727 0.000000 0.000000 0.000000 1.000000
75728 0.000000 0.000000 0.000000 1.000000
75765 0.000000 0.000000 0.000000 1.000000
75770 0.000000 0.000000 0.000000 1.000000
75771 0.000000 0.000000 0.000000 1.000000
75772 0.000000 0.000000 0.000000 1.000000
75773 0.000000 0.000000 0.000000 1.000000
75776 0.000000 0.000000 0.000000 1.000000
75777 0.000000 0.000000 0.000000 1.000000
75778 0.000000 0.000000 0.000000 1.000000
75779 0.000000 0.000000 0.000000 1.000000
75781 0.000000 0.000000 0.000000 1.000000
75782 0.000000 0.000000 0.000000 1.000000
75783 0.000000 0.000000 0.000000 1.000000
75784 0.000000 0.000000 0.000000 1.000000
75785 0.000000 0.000000 0.000000 1.000000
75786 0.000000 0.000000 0.000000 1.000000
75792 0.000000 0.000000 0.000000 1.000000
75793 0.000000 0.000000 0.000000 1.000000
75794 0.000000 0.000000 0.000000 1.000000
75800 0.000000 0.000000 0.000000 1.000000
75801 0.000000 0.000000 0.000000 1.000000
75802 0.000000 0.000000 0.000000 1.000000
75803 0.000000 0.000000 0.000000 1.000000
75804 0.000000 0.000000 0.000000 1.000000
75805 0.000000 0.000000 0.000000 1.000000
75809 0.000000 0.000000 0.000000 1.000000
75810 0.000000 0.000000 0.000000 1.000000
75811 0.000000 0.000000 0.000000 1.000000
75812 0.000000 0.000000 0.000000 1.000000
75813 0.000000 0.000000 0.000000 1.000000
75814 0.000000 0.000000 0.000000 1.000000
75815 0.000000 0.000000 0.000000 1.000000
75816 0.000000 0.000000 0.000000 1.000000
75817 0.000000 0.000000 0.000000 1.000000
75818 0.000000 0.000000 0.000000 1.000000
75819 0.000000 0.000000 0.000000 1.000000
75820 0.000000 0.000000 0.000000 1.000000
75828 0.000000 0.000000 0.000000 1.000000
75829 0.000000 0.000000 0.000000 1.000000
75830 0.000000 0.000000 0.000000 1.000000
75831 0.000000 0.000000 0.000000 1.000000
75832 0.000000 0.000000 0.000000 1.000000
75833 0.000000 0.000000 0.000000 1.000000
75834 0.000000 0.000000 0.000000 1.000000
75835 0.000000 0.000000 0.000000 1.000000
75836 0.000000 0.000000 0.000000 1.000000
75837 0.000000 0.000000 0.000000 1.000000
75843 0.000000 0.000000 0.000000 1.000000
75844 0.000000 0.000000 0.000000 1.000000
75845 0.000000 0.000000 0.000000 1.000000
75846 0.000000 0.000000 0.000000 1.000000
75847 0.000000 0.000000 0.000000 1.000000
75848 0.000000 0.000000 0.000000 1.000000
75849 0.000000 0.000000 0.000000 1.000000
76822 0.000000 0.000000 0.000000 1.000000
76831 0.000000 0.000000 0.000000 1.000000
76832 0.000000 0.000000 0.000000 1.000000
76833 0.000000 0.000000 0.000000 1.000000
76836 0.000000 0.000000 0.000000 1.000000
76841 0.000000 0.000000 0.000000 1.000000
76842 0.000000 0.000000 0.000000 1.000000
76843 0.000000 0.000000 0.000000 1.000000
76844 0.000000 0.000000 0.000000 1.000000
76846 0.000000 0.000000 0.000000 1.000000
76847 0.000000 0.000000 0.000000 1.000000
76857 0.000000 0.000000 0.000000 1.000000
76858 0.000000 0.000000 0.000000 1.000000
76859 0.000000 0.000000 0.000000 1.000000
76860 0.000000 0.000000 0.000000 1.000000
76861 0.000000 0.000000 0.000000 1.000000
76862 0.000000 0.000000 0.000000 1.000000
76863 0.000000 0.000000 0.000000 1.000000
76870 0.000000 0.000000 0.000000 1.000000
76871 0.000000 0.000000 0.000000 1.000000
76872 0.000000 0.000000 0.000000 1.000000
76874 0.000000 0.000000 0.000000 1.000000
76878 0.000000 0.000000 0.000000 1.000000
76884 0.000000 0.000000 0.000000 1.000000
76900 0.000000 0.000000 0.000000 1.000000
76901 0.000000 0.000000 0.000000 1.000000
76902 0.000000 0.000000 0.000000 1.000000
76903 0.000000 0.000000 0.000000 1.000000
76905 0.000000 0.000000 0.000000 1.000000
76906 0.000000 0.000000 0.000000 1.000000
76907 0.000000 0.000000 0.000000 1.000000
76908 0.000000 0.000000 0.000000 1.000000
76909 0.000000 0.000000 0.000000 1.000000
76910 0.000000 0.000000 0.000000 1.000000
76911 0.000000 0.000000 0.000000 1.000000
76914 0.000000 0.000000 0.000000 1.000000
76915 0.000000 0.000000 0.000000 1.000000
76916 0.000000 0.000000 0.000000 1.000000
76917 0.000000 0.000000 0.000000 1.000000
76919 0.000000 0.000000 0.000000 1.000000
76920 0.000000 0.000000 0.000000 1.000000
76921 0.000000 0.000000 0.000000 1.000000
76922 0.000000 0.000000 0.000000 1.000000
76923 0.000000 0.000000 0.000000 1.000000
76928 0.000000 0.000000 0.000000 1.000000
76929 0.000000 0.000000 0.000000 1.000000
76930 0.000000 0.000000 0.000000 1.000000
76931 0.000000 0.000000 0.000000 1.000000
76932 0.000000 0.000000 0.000000 1.000000
76934 0.000000 0.000000 0.000000 1.000000
76935 0.000000 0.000000 0.000000 1.000000
76936 0.000000 0.000000 0.000000 1.000000
76937 0.000000 0.000000 0.000000 1.000000
76938 0.000000 0.000000 0.000000 1.000000
76939 0.000000 0.000000 0.000000 1.000000
76940 0.000000 0.000000 0.000000 1.000000
76941 0.000000 0.000000 0.000000 1.000000
76942 0.000000 0.000000 0.000000 1.000000
76943 0.000000 0.000000 0.000000 1.000000
76944 0.000000 0.000000 0.000000 1.000000
76948 0.000000 0.000000 0.000000 1.000000
76949 0.000000 0.000000 0.000000 1.000000
76950 0.000000 0.000000 0.000000 1.000000
76951 0.000000 0.000000 0.000000 1.000000
76952 0.000000 0.000000 0.000000 1.000000
76953 0.000000 0.000000 0.000000 1.000000
76954 0.000000 0.000000 0.000000 1.000000
76955 0.000000 0.000000 0.000000 1.000000
76956 0.000000 0.000000 0.000000 1.000000
76957 0.000000 0.000000 0.000000 1.000000
76958 0.000000 0.000000 0.000000 1.000000
76959 0.000000 0.000000 0.000000 1.000000
76960 0.000000 0.000000 0.000000 1.000000
76964 0.000000 0.000000 0.000000 1.000000
76965 0.000000 0.000000 0.000000 1.000000
76966 0.000000 0.000000 0.000000 1.000000
76967 0.000000 0.000000 0.000000 1.000000
76968 0.000000 0.000000 0.000000 1.000000
78009 0.000000 0.000000 0.000000 1.000000
78010 0.000000 0.000000 0.000000 1.000000
78011 0.000000 0.000000 0.000000 1.000000
78013 0.000000 0.000000 0.000000 1.000000
78014 0.000000 0.000000 0.000000 1.000000
78017 0.000000 0.000000 0.000000 1.000000
78018 0.000000 0.000000 0.000000 1.000000
78019 0.000000 0.000000 0.000000 1.000000
78020 0.000000 0.000000 0.000000 1.000000
78021 0.000000 0.000000 0.000000 1.000000
78022 0.000000 0.000000 0.000000 1.000000
78023 0.000000 0.000000 0.000000 1.000000
78024 0.000000 0.000000 0.000000 1.000000
78029 0.000000 0.000000 0.000000 1.000000
78030 0.000000 0.000000 0.000000 1.000000
78031 0.000000 0.000000 0.000000 1.000000
78032 0.000000 0.000000 0.000000 1.000000
78033 0.000000 0.000000 0.000000 1.000000
78034 0.000000 0.000000 0.000000 1.000000
78035 0.000000 0.000000 0.000000 1.000000
78040 0.000000 0.000000 0.000000 1.000000
78041 0.000000 0.000000 0.000000 1.000000
78042 0.000000 0.000000 0.000000 1.000000
78043 0.000000 0.000000 0.000000 1.000000
78044 0.000000 0.000000 0.000000 1.000000
78045 0.000000 0.000000 0.000000 1.000000
78046 0.000000 0.000000 0.000000 1.000000
78047 0.000000 0.000000 0.000000 1.000000
78056 0.000000 0.000000 0.000000 1.000000
78057 0.000000 0.000000 0.000000 1.000000
78058 0.000000 0.000000 0.000000 1.000000
78059 0.000000 0.000000 0.000000 1.000000
78060 0.000000 0.000000 0.000000 1.000000
78061 0.000000 0.000000 0.000000 1.000000
78062 0.000000 0.000000 0.000000 1.000000
78063 0.000000 0.000000 0.000000 1.000000
78067 0.000000 0.000000 0.000000 1.000000
78068 0.000000 0.000000 0.000000 1.000000
78069 0.000000 0.000000 0.000000 1.000000
78070 0.000000 0.000000 0.000000 1.000000
78071 0.000000 0.000000 0.000000 1.000000
78072 0.000000 0.000000 0.000000 1.000000
78073 0.000000 0.000000 0.000000 1.000000
78074 0.000000 0.000000 0.000000 1.000000
78075 0.000000 0.000000 0.000000 1.000000
78076 0.000000 0.000000 0.000000 1.000000
78077 0.000000 0.000000 0.000000 1.000000
78080 0.000000 0.000000 0.000000 1.000000
78081 0.000000 0.000000 0.000000 1.000000
78082 0.000000 0.000000 0.000000 1.000000
78086 0.000000 0.000000 0.000000 1.000000
78087 0.000000 0.000000 0.000000 1.000000
78088 0.000000 0.000000 0.000000 1.000000
78094 0.000000 0.000000 0.000000 1.000000
78095 0.000000 0.000000 0.000000 1.000000
78100 0.000000 0.000000 0.000000 1.000000
78101 0.000000 0.000000 0.000000 1.000000
78102 0.000000 0.000000 0.000000 1.000000
78103 0.000000 0.000000 0.000000 1.000000
78104 0.000000 0.000000 0.000000 1.000000
78105 0.000000 0.000000 0.000000 1.000000
78106 0.000000 0.000000 0.000000 1.000000
78107 0.000000 0.000000 0.000000 1.000000
78110 0.000000 0.000000 0.000000 1.000000
78111 0.000000 0.000000 0.000000 1.000000
78112 0.000000 0.000000 0.000000 1.000000
78113 0.000000 0.000000 0.000000 1.000000
78114 0.000000 0.000000 0.000000 1.000000
78115 0.000000 0.000000 0.000000 1.000000
78118 0.000000 0.000000 0.000000 1.000000
78119 0.000000 0.000000 0.000000 1.000000
78121 0.000000 0.000000 0.000000 1.000000
78126 0.000000 0.000000 0.000000 1.000000
78127 0.000000 0.000000 0.000000 1.000000
78128 0.000000 0.000000 0.000000 1.000000
78129 0.000000 0.000000 0.000000 1.000000
78130 0.000000 0.000000 0.000000 1.000000
78131 0.000000 0.000000 0.000000 1.000000
78132 0.000000 0.000000 0.000000 1.000000
78133 0.000000 0.000000 0.000000 1.000000
78134 0.000000 0.000000 0.000000 1.000000
78135 0.000000 0.000000 0.000000 1.000000
78136 0.000000 0.000000 0.000000 1.000000
78137 0.000000 0.000000 0.000000 1.000000
78138 0.000000 0.000000 0.000000 1.000000
78139 0.000000 0.000000 0.000000 1.000000
78140 0.000000 0.000000 0.000000 1.000000
78141 0.000000 0.000000 0.000000 1.000000
78146 0.000000 0.000000 0.000000 1.000000
78147 0.000000 0.000000 0.000000 1.000000
78148 0.000000 0.000000 0.000000 1.000000
78149 0.000000 0.000000 0.000000 1.000000
78150 0.000000 0.000000 0.000000 1.000000
78151 0.000000 0.000000 0.000000 1.000000
78152 0.000000 0.000000 0.000000 1.000000
78153 0.000000 0.000000 0.000000 1.000000
78154 0.000000 0.000000 0.000000 1.000000
78155 0.000000 0.000000 0.000000 1.000000
78156 0.000000 0.000000 0.000000 1.000000
78157 0.000000 0.000000 0.000000 1.000000
78158 0.000000 0.000000 0.000000 1.000000
78159 0.000000 0.000000 0.000000 1.000000
78160 0.000000 0.000000 0.000000 1.000000
78161 0.000000 0.000000 0.000000 1.000000
78162 0.000000 0.000000 0.000000 1.000000
78163 0.000000 0.000000 0.000000 1.000000
78164 0.000000 0.000000 0.000000 1.000000
78168 0.000000 0.000000 0.000000 1.000000
78169 0.000000 0.000000 0.000000 1.000000
78170 0.000000 0.000000 0.000000 1.000000
78171 0.000000 0.000000 0.000000 1.000000
78172 0.000000 0.000000 0.000000 1.000000
78173 0.000000 0.000000 0.000000 1.000000
78174 0.000000 0.000000 0.000000 1.000000
78175 0.000000 0.000000 0.000000 1.000000
78176 0.000000 0.000000 0.000000 1.000000
78177 0.000000 0.000000 0.000000 1.000000
78178 0.000000 0.000000 0.000000 1.000000
79253 0.000000 0.000000 0.000000 1.000000
79267 0.000000 0.000000 0.000000 1.000000
79268 0.000000 0.000000 0.000000 1.000000
79269 0.000000 0.000000 0.000000 1.000000
79270 0.000000 0.000000 0.000000 1.000000
79272 0.000000 0.000000 0.000000 1.000000
79273 0.000000 0.000000 0.000000 1.000000
79274 0.000000 0.000000 0.000000 1.000000
79281 0.000000 0.000000 0.000000 1.000000
79282 0.000000 0.000000 0.000000 1.000000
79283 0.000000 0.000000 0.000000 1.000000
79284 0.000000 0.000000 0.000000 1.000000
79285 0.000000 0.000000 0.000000 1.000000
79286 0.000000 0.000000 0.000000 1.000000
79287 0.000000 0.000000 0.000000 1.000000
79288 0.000000 0.000000 0.000000 1.000000
79289 0.000000 0.000000 0.000000 1.000000
79294 0.000000 0.000000 0.000000 1.000000
79295 0.000000 0.000000 0.000000 1.000000
79296 0.000000 0.000000 0.000000 1.000000
79297 0.000000 0.000000 0.000000 1.000000
79298 0.000000 0.000000 0.000000 1.000000
79299 0.000000 0.000000 0.000000 1.000000
79300 0.000000 0.000000 0.000000 1.000000
79305 0.000000 0.000000 0.000000 1.000000
79306 0.000000 0.000000 0.000000 1.000000
79307 0.000000 0.000000 0.000000 1.000000
79308 0.000000 0.000000 0.000000 1.000000
79309 0.000000 0.000000 0.000000 1.000000
79314 0.000000 0.000000 0.000000 1.000000
79315 0.000000 0.000000 0.000000 1.000000
79316 0.000000 0.000000 0.000000 1.000000
79317 0.000000 0.000000 0.000000 1.000000
79318 0.000000 0.000000 0.000000 1.000000
79319 0.000000 0.000000 0.000000 1.000000
79326 0.000000 0.000000 0.000000 1.000000
79327 0.000000 0.000000 0.000000 1.000000
79328 0.000000 0.000000 0.000000 1.000000
79329 0.000000 0.000000 0.000000 1.000000
79330 0.000000 0.000000 0.000000 1.000000
79331 0.000000 0.000000 0.000000 1.000000
79332 0.000000 0.000000 0.000000 1.000000
79337 0.000000 0.000000 0.000000 1.000000
79338 0.000000 0.000000 0.000000 1.000000
79339 0.000000 0.000000 0.000000 1.000000
79340 0.000000 0.000000 0.000000 1.000000
79341 0.000000 0.000000 0.000000 1.000000
79342 0.000000 0.000000 0.000000 1.000000
79343 0.000000 0.000000 0.000000 1.000000
79344 0.000000 0.000000 0.000000 1.000000
79345 0.000000 0.000000 0.000000 1.000000
79346 0.000000 0.000000 0.000000 1.000000
79347 0.000000 0.000000 0.000000 1.000000
79352 0.000000 0.000000 0.000000 1.000000
79353 0.000000 0.000000 0.000000 1.000000
79354 0.000000 0.000000 0.000000 1.000000
79355 0.000000 0.000000 0.000000 1.000000
79356 0.000000 0.000000 0.000000 1.000000
79357 0.000000 0.000000 0.000000 1.000000
79358 0.000000 0.000000 0.000000 1.000000
79359 0.000000 0.000000 0.000000 1.000000
79360 0.000000 0.000000 0.000000 1.000000
79361 0.000000 0.000000 0.000000 1.000000
79365 0.000000 0.000000 0.000000 1.000000
79366 0.000000 0.000000 0.000000 1.000000
79367 0.000000 0.000000 0.000000 1.000000
79374 0.000000 0.000000 0.000000 1.000000
79375 0.000000 0.000000 0.000000 1.000000
79376 0.000000 0.000000 0.000000 1.000000
79377 0.000000 0.000000 0.000000 1.000000
79378 0.000000 0.000000 0.000000 1.000000
79379 0.000000 0.000000 0.000000 1.000000
79380 0.000000 0.000000 0.000000 1.000000
79381 0.000000 0.000000 0.000000 1.000000
79385 0.000000 0.000000 0.000000 1.000000
79386 0.000000 0.000000 0.000000 1.000000
79387 0.000000 0.000000 0.000000 1.000000
79388 0.000000 0.000000 0.000000 1.000000
79389 0.000000 0.000000 0.000000 1.000000
79390 0.000000 0.000000 0.000000 1.000000
79391 0.000000 0.000000 0.000000 1.000000
79392 0.000000 0.000000 0.000000 1.000000
79394 0.000000 0.000000 0.000000 1.000000
79395 0.000000 0.000000 0.000000 1.000000
79396 0.000000 0.000000 0.000000 1.000000
79398 0.000000 0.000000 0.000000 1.000000
79400 0.000000 0.000000 0.000000 1.000000
79404 0.000000 0.000000 0.000000 1.000000
79405 0.000000 0.000000 0.000000 1.000000
79406 0.000000 0.000000 0.000000 1.000000
79407 0.000000 0.000000 0.000000 1.000000
79408 0.000000 0.000000 0.000000 1.000000
79409 0.000000 0.000000 0.000000 1.000000
79410 0.000000 0.000000 0.000000 1.000000
79411 0.000000 0.000000 0.000000 1.000000
79412 0.000000 0.000000 0.000000 1.000000
79413 0.000000 0.000000 0.000000 1.000000
79417 0.000000 0.000000 0.000000 1.000000
79418 0.000000 0.000000 0.000000 1.000000
79419 0.000000 0.000000 0.000000 1.000000
79420 0.000000 0.000000 0.000000 1.000000
79421 0.000000 0.000000 0.000000 1.000000
79422 0.000000 0.000000 0.000000 1.000000
79423 0.000000 0.000000 0.000000 1.000000
79424 0.000000 0.000000 0.000000 1.000000
79425 0.000000 0.000000 0.000000 1.000000
79426 0.000000 0.000000 0.000000 1.000000
79427 0.000000 0.000000 0.000000 1.000000
79428 0.000000 0.000000 0.000000 1.000000
79429 0.000000 0.000000 0.000000 1.000000
79430 0.000000 0.000000 0.000000 1.000000
79431 0.000000 0.000000 0.000000 1.000000
79435 0.000000 0.000000 0.000000 1.000000
79436 0.000000 0.000000 0.000000 1.000000
79437 0.000000 0.000000 0.000000 1.000000
79438 0.000000 0.000000 0.000000 1.000000
79439 0.000000 0.000000 0.000000 1.000000
79440 0.000000 0.000000 0.000000 1.000000
79441 0.000000 0.000000 0.000000 1.000000
79442 0.000000 0.000000 0.000000 1.000000
79443 0.000000 0.000000 0.000000 1.000000
79444 0.000000 0.000000 0.000000 1.000000
79445 0.000000 0.000000 0.000000 1.000000
79446 0.000000 0.000000 0.000000 1.000000
79447 0.000000 0.000000 0.000000 1.000000
79448 0.000000 0.000000 0.000000 1.000000
79449 0.000000 0.000000 0.000000 1.000000
79450 0.000000 0.000000 0.000000 1.000000
79451 0.000000 0.000000 0.000000 1.000000
79452 0.000000 0.000000 0.000000 1.000000
79453 0.000000 0.000000 0.000000 1.000000
79454 0.000000 0.000000 0.000000 1.000000
79455 0.000000 0.000000 0.000000 1.000000
79458 0.000000 0.000000 0.000000 1.000000
79459 0.000000 0.000000 0.000000 1.000000
79460 0.000000 0.000000 0.000000 1.000000
79461 0.000000 0.000000 0.000000 1.000000
79462 0.000000 0.000000 0.000000 1.000000
79463 0.000000 0.000000 0.000000 1.000000
79464 0.000000 0.000000 0.000000 1.000000
79465 0.000000 0.000000 0.000000 1.000000
79466 0.000000 0.000000 0.000000 1.000000
79467 0.000000 0.000000 0.000000 1.000000
79468 0.000000 0.000000 0.000000 1.000000
79469 0.000000 0.000000 0.000000 1.000000
79470 0.000000 0.000000 0.000000 1.000000
79471 0.000000 0.000000 0.000000 1.000000
79472 0.000000 0.000000 0.000000 1.000000
79473 0.000000 0.000000 0.000000 1.000000
79474 0.000000 0.000000 0.000000 1.000000
79475 0.000000 0.000000 0.000000 1.000000
79480 0.000000 0.000000 0.000000 1.000000
79481 0.000000 0.000000 0.000000 1.000000
80513 0.000000 0.000000 0.000000 1.000000
80526 0.000000 0.000000 0.000000 1.000000
80527 0.000000 0.000000 0.000000 1.000000
80528 0.000000 0.000000 0.000000 1.000000
80529 0.000000 0.000000 0.000000 1.000000
80530 0.000000 0.000000 0.000000 1.000000
80543 0.000000 0.000000 0.000000 1.000000
80544 0.000000 0.000000 0.000000 1.000000
80545 0.000000 0.000000 0.000000 1.000000
80546 0.000000 0.000000 0.000000 1.000000
80547 0.000000 0.000000 0.000000 1.000000
80548 0.000000 0.000000 0.000000 1.000000
80549 0.000000 0.000000 0.000000 1.000000
80554 0.000000 0.000000 0.000000 1.000000
80555 0.000000 0.000000 0.000000 1.000000
80556 0.000000 0.000000 0.000000 1.000000
80557 0.000000 0.000000 0.000000 1.000000
80558 0.000000 0.000000 0.000000 1.000000
80559 0.000000 0.000000 0.000000 1.000000
80564 0.000000 0.000000 0.000000 1.000000
80565 0.000000 0.000000 0.000000 1.000000
80566 0.000000 0.000000 0.000000 1.000000
80567 0.000000 0.000000 0.000000 1.000000
80568 0.000000 0.000000 0.000000 1.000000
80569 0.000000 0.000000 0.000000 1.000000
80573 0.000000 0.000000 0.000000 1.000000
80574 0.000000 0.000000 0.000000 1.000000
80575 0.000000 0.000000 0.000000 1.000000
80576 0.000000 0.000000 0.000000 1.000000
80577 0.000000 0.000000 0.000000 1.000000
80578 0.000000 0.000000 0.000000 1.000000
80585 0.000000 0.000000 0.000000 1.000000
80586 0.000000 0.000000 0.000000 1.000000
80587 0.000000 0.000000 0.000000 1.000000
80588 0.000000 0.000000 0.000000 1.000000
80589 0.000000 0.000000 0.000000 1.000000
80590 0.000000 0.000000 0.000000 1.000000
80597 0.000000 0.000000 0.000000 1.000000
80598 0.000000 0.000000 0.000000 1.000000
80599 0.000000 0.000000 0.000000 1.000000
80600 0.000000 0.000000 0.000000 1.000000
80601 0.000000 0.000000 0.000000 1.000000
80602 0.000000 0.000000 0.000000 1.000000
80603 0.000000 0.000000 0.000000 1.000000
80608 0.000000 0.000000 0.000000 1.000000
80609 0.000000 0.000000 0.000000 1.000000
80610 0.000000 0.000000 0.000000 1.000000
80611 0.000000 0.000000 0.000000 1.000000
80612 0.000000 0.000000 0.000000 1.000000
80613 0.000000 0.000000 0.000000 1.000000
80614 0.000000 0.000000 0.000000 1.000000
80621 0.000000 0.000000 0.000000 1.000000
80622 0.000000 0.000000 0.000000 1.000000
80623 0.000000 0.000000 0.000000 1.000000
80624 0.000000 0.000000 0.000000 1.000000
80625 0.000000 0.000000 0.000000 1.000000
80626 0.000000 0.000000 0.000000 1.000000
80627 0.000000 0.000000 0.000000 1.000000
80628 0.000000 0.000000 0.000000 1.000000
80629 0.000000 0.000000 0.000000 1.000000
80630 0.000000 0.000000 0.000000 1.000000
80635 0.000000 0.000000 0.000000 1.000000
80636 0.000000 0.000000 0.000000 1.000000
80637 0.000000 0.000000 0.000000 1.000000
80638 0.000000 0.000000 0.000000 1.000000
80639 0.000000 0.000000 0.000000 1.000000
80640 0.000000 0.000000 0.000000 1.000000
80641 0.000000 0.000000 0.000000 1.000000
80642 0.000000 0.000000 0.000000 1.000000
80643 0.000000 0.000000 0.000000 1.000000
80644 0.000000 0.000000 0.000000 1.000000
80645 0.000000 0.000000 0.000000 1.000000
80646 0.000000 0.000000 0.000000 1.000000
80647 0.000000 0.000000 0.000000 1.000000
80648 0.000000 0.000000 0.000000 1.000000
80655 0.000000 0.000000 0.000000 1.000000
80656 0.000000 0.000000 0.000000 1.000000
80657 0.000000 0.000000 0.000000 1.000000
80658 0.000000 0.000000 0.000000 1.000000
80659 0.000000 0.000000 0.000000 1.000000
80660 0.000000 0.000000 0.000000 1.000000
80661 0.000000 0.000000 0.000000 1.000000
80662 0.000000 0.000000 0.000000 1.000000
80663 0.000000 0.000000 0.000000 1.000000
80665 0.000000 0.000000 0.000000 1.000000
80666 0.000000 0.000000 0.000000 1.000000
80667 0.000000 0.000000 0.000000 1.000000
80669 0.000000 0.000000 0.000000 1.000000
80670 0.000000 0.000000 0.000000 1.000000
80672 0.000000 0.000000 0.000000 1.000000
80674 0.000000 0.000000 0.000000 1.000000
80678 0.000000 0.000000 0.000000 1.000000
80679 0.000000 0.000000 0.000000 1.000000
80680 0.000000 0.000000 0.000000 1.000000
80681 0.000000 0.000000 0.000000 1.000000
80682 0.000000 0.000000 0.000000 1.000000
80687 0.000000 0.000000 0.000000 1.000000
80688 0.000000 0.000000 0.000000 1.000000
80689 0.000000 0.000000 0.000000 1.000000
80690 0.000000 0.000000 0.000000 1.000000
80691 0.000000 0.000000 0.000000 1.000000
80692 0.000000 0.000000 0.000000 1.000000
80693 0.000000 0.000000 0.000000 1.000000
80697 0.000000 0.000000 0.000000 1.000000
80698 0.000000 0.000000 0.000000 1.000000
80699 0.000000 0.000000 0.000000 1.000000
80700 0.000000 0.000000 0.000000 1.000000
80701 0.000000 0.000000 0.000000 1.000000
80702 0.000000 0.000000 0.000000 1.000000
80703 0.000000 0.000000 0.000000 1.000000
80707 0.000000 0.000000 0.000000 1.000000
80708 0.000000 0.000000 0.000000 1.000000
80709 0.000000 0.000000 0.000000 1.000000
80710 0.000000 0.000000 0.000000 1.000000
80711 0.000000 0.000000 0.000000 1.000000
80712 0.000000 0.000000 0.000000 1.000000
80713 0.000000 0.000000 0.000000 1.000000
80714 0.000000 0.000000 0.000000 1.000000
80715 0.000000 0.000000 0.000000 1.000000
80716 0.000000 0.000000 0.000000 1.000000
80717 0.000000 0.000000 0.000000 1.000000
80718 0.000000 0.000000 0.000000 1.000000
80719 0.000000 0.000000 0.000000 1.000000
80720 0.000000 0.000000 0.000000 1.000000
80721 0.000000 0.000000 0.000000 1.000000
80722 0.000000 0.000000 0.000000 1.000000
80723 0.000000 0.000000 0.000000 1.000000
80724 0.000000 0.000000 0.000000 1.000000
80725 0.000000 0.000000 0.000000 1.000000
80726 0.000000 0.000000 0.000000 1.000000
80730 0.000000 0.000000 0.000000 1.000000
80731 0.000000 0.000000 0.000000 1.000000
80732 0.000000 0.000000 0.000000 1.000000
80733 0.000000 0.000000 0.000000 1.000000
80734 0.000000 0.000000 0.000000 1.000000
80735 0.000000 0.000000 0.000000 1.000000
80736 0.000000 0.000000 0.000000 1.000000
80737 0.000000 0.000000 0.000000 1.000000
80738 0.000000 0.000000 0.000000 1.000000
80739 0.000000 0.000000 0.000000 1.000000
80740 0.000000 0.000000 0.000000 1.000000
80741 0.000000 0.000000 0.000000 1.000000
80742 0.000000 0.000000 0.000000 1.000000
80743 0.000000 0.000000 0.000000 1.000000
80744 0.000000 0.000000 0.000000 1.000000
80745 0.000000 0.000000 0.000000 1.000000
80746 0.000000 0.000000 0.000000 1.000000
80750 0.000000 0.000000 0.000000 1.000000
80751 0.000000 0.000000 0.000000 1.000000
80752 0.000000 0.000000 0.000000 1.000000
80753 0.000000 0.000000 0.000000 1.000000
80754 0.000000 0.000000 0.000000 1.000000
80755 0.000000 0.000000 0.000000 1.000000
80756 0.000000 0.000000 0.000000 1.000000
80757 0.000000 0.000000 0.000000 1.000000
80758 0.000000 0.000000 0.000000 1.000000
80763 0.000000 0.000000 0.000000 1.000000
80764 0.000000 0.000000 0.000000 1.000000
80765 0.000000 0.000000 0.000000 1.000000
80766 0.000000 0.000000 0.000000 1.000000
80767 0.000000 0.000000 0.000000 1.000000
80768 0.000000 0.000000 0.000000 1.000000
80769 0.000000 0.000000 0.000000 1.000000
81747 0.000000 0.000000 0.000000 1.000000
81764 0.000000 0.000000 0.000000 1.000000
81765 0.000000 0.000000 0.000000 1.000000
81766 0.000000 0.000000 0.000000 1.000000
81767 0.000000 0.000000 0.000000 1.000000
81780 0.000000 0.000000 0.000000 1.000000
81781 0.000000 0.000000 0.000000 1.000000
81782 0.000000 0.000000 0.000000 1.000000
81783 0.000000 0.000000 0.000000 1.000000
81784 0.000000 0.000000 0.000000 1.000000
81785 0.000000 0.000000 0.000000 1.000000
81791 0.000000 0.000000 0.000000 1.000000
81792 0.000000 0.000000 0.000000 1.000000
81793 0.000000 0.000000 0.000000 1.000000
81794 0.000000 0.000000 0.000000 1.000000
81795 0.000000 0.000000 0.000000 1.000000
81799 0.000000 0.000000 0.000000 1.000000
81800 0.000000 0.000000 0.000000 1.000000
81801 0.000000 0.000000 0.000000 1.000000
81802 0.000000 0.000000 0.000000 1.000000
81806 0.000000 0.000000 0.000000 1.000000
81807 0.000000 0.000000 0.000000 1.000000
81808 0.000000 0.000000 0.000000 1.000000
81809 0.000000 0.000000 0.000000 1.000000
81810 0.000000 0.000000 0.000000 1.000000
81811 0.000000 0.000000 0.000000 1.000000
81817 0.000000 0.000000 0.000000 1.000000
81818 0.000000 0.000000 0.000000 1.000000
81819 0.000000 0.000000 0.000000 1.000000
81820 0.000000 0.000000 0.000000 1.000000
81821 0.000000 0.000000 0.000000 1.000000
81822 0.000000 0.000000 0.000000 1.000000
81828 0.000000 0.000000 0.000000 1.000000
81829 0.000000 0.000000 0.000000 1.000000
81830 0.000000 0.000000 0.000000 1.000000
81831 0.000000 0.000000 0.000000 1.000000
81832 0.000000 0.000000 0.000000 1.000000
81833 0.000000 0.000000 0.000000 1.000000
81837 0.000000 0.000000 0.000000 1.000000
81838 0.000000 0.000000 0.000000 1.000000
81839 0.000000 0.000000 0.000000 1.000000
81840 0.000000 0.000000 0.000000 1.000000
81841 0.000000 0.000000 0.000000 1.000000
81842 0.000000 0.000000 0.000000 1.000000
81843 0.000000 0.000000 0.000000 1.000000
81850 0.000000 0.000000 0.000000 1.000000
81851 0.000000 0.000000 0.000000 1.000000
81852 0.000000 0.000000 0.000000 1.000000
81853 0.000000 0.000000 0.000000 1.000000
81854 0.000000 0.000000 0.000000 1.000000
81855 0.000000 0.000000 0.000000 1.000000
81856 0.000000 0.000000 0.000000 1.000000
81864 0.000000 0.000000 0.000000 1.000000
81865 0.000000 0.000000 0.000000 1.000000
81866 0.000000 0.000000 0.000000 1.000000
81867 0.000000 0.000000 0.000000 1.000000
81868 0.000000 0.000000 0.000000 1.000000
81869 0.000000 0.000000 0.000000 1.000000
81870 0.000000 0.000000 0.000000 1.000000
81871 0.000000 0.000000 0.000000 1.000000
81872 0.000000 0.000000 0.000000 1.000000
81873 0.000000 0.000000 0.000000 1.000000
81874 0.000000 0.000000 0.000000 1.000000
81875 0.000000 0.000000 0.000000 1.000000
81882 0.000000 0.000000 0.000000 1.000000
81883 0.000000 0.000000 0.000000 1.000000
81884 0.000000 0.000000 0.000000 1.000000
81885 0.000000 0.000000 0.000000 1.000000
81886 0.000000 0.000000 0.000000 1.000000
81887 0.000000 0.000000 0.000000 1.000000
81888 0.000000 0.000000 0.000000 1.000000
81889 0.000000 0.000000 0.000000 1.000000
81890 0.000000 0.000000 0.000000 1.000000
81891 0.000000 0.000000 0.000000 1.000000
81893 0.000000 0.000000 0.000000 1.000000
81894 0.000000 0.000000 0.000000 1.000000
81895 0.000000 0.000000 0.000000 1.000000
81896 0.000000 0.000000 0.000000 1.000000
81897 0.000000 0.000000 0.000000 1.000000
81898 0.000000 0.000000 0.000000 1.000000
81899 0.000000 0.000000 0.000000 1.000000
81901 0.000000 0.000000 0.000000 1.000000
81903 0.000000 0.000000 0.000000 1.000000
81905 0.000000 0.000000 0.000000 1.000000
81908 0.000000 0.000000 0.000000 1.000000
81909 0.000000 0.000000 0.000000 1.000000
81910 0.000000 0.000000 0.000000 1.000000
81916 0.000000 0.000000 0.000000 1.000000
81917 0.000000 0.000000 0.000000 1.000000
81918 0.000000 0.000000 0.000000 1.000000
81919 0.000000 0.000000 0.000000 1.000000
81920 0.000000 0.000000 0.000000 1.000000
81927 0.000000 0.000000 0.000000 1.000000
81928 0.000000 0.000000 0.000000 1.000000
81929 0.000000 0.000000 0.000000 1.000000
81930 0.000000 0.000000 0.000000 1.000000
81931 0.000000 0.000000 0.000000 1.000000
81932 0.000000 0.000000 0.000000 1.000000
81933 0.000000 0.000000 0.000000 1.000000
81934 0.000000 0.000000 0.000000 1.000000
81938 0.000000 0.000000 0.000000 1.000000
81939 0.000000 0.000000 0.000000 1.000000
81940 0.000000 0.000000 0.000000 1.000000
81941 0.000000 0.000000 0.000000 1.000000
81942 0.000000 0.000000 0.000000 1.000000
81943 0.000000 0.000000 0.000000 1.000000
81944 0.000000 0.000000 0.000000 1.000000
81945 0.000000 0.000000 0.000000 1.000000
81949 0.000000 0.000000 0.000000 1.000000
81950 0.000000 0.000000 0.000000 1.000000
81951 0.000000 0.000000 0.000000 1.000000
81952 0.000000 0.000000 0.000000 1.000000
81953 0.000000 0.000000 0.000000 1.000000
81954 0.000000 0.000000 0.000000 1.000000
81955 0.000000 0.000000 0.000000 1.000000
81956 0.000000 0.000000 0.000000 1.000000
81957 0.000000 0.000000 0.000000 1.000000
81958 0.000000 0.000000 0.000000 1.000000
81959 0.000000 0.000000 0.000000 1.000000
81960 0.000000 0.000000 0.000000 1.000000
81963 0.000000 0.000000 0.000000 1.000000
81964 0.000000 0.000000 0.000000 1.000000
81965 0.000000 0.000000 0.000000 1.000000
81966 0.000000 0.000000 0.000000 1.000000
81967 0.000000 0.000000 0.000000 1.000000
81968 0.000000 0.000000 0.000000 1.000000
81969 0.000000 0.000000 0.000000 1.000000
81970 0.000000 0.000000 0.000000 1.000000
81971 0.000000 0.000000 0.000000 1.000000
81972 0.000000 0.000000 0.000000 1.000000
81978 0.000000 0.000000 0.000000 1.000000
81979 0.000000 0.000000 0.000000 1.000000
81980 0.000000 0.000000 0.000000 1.000000
81981 0.000000 0.000000 0.000000 1.000000
81982 0.000000 0.000000 0.000000 1.000000
81983 0.000000 0.000000 0.000000 1.000000
81984 0.000000 0.000000 0.000000 1.000000
81985 0.000000 0.000000 0.000000 1.000000
81986 0.000000 0.000000 0.000000 1.000000
81987 0.000000 0.000000 0.000000 1.000000
81988 0.000000 0.000000 0.000000 1.000000
81989 0.000000 0.000000 0.000000 1.000000
81990 0.000000 0.000000 0.000000 1.000000
81996 0.000000 0.000000 0.000000 1.000000
81997 0.000000 0.000000 0.000000 1.000000
81998 0.000000 0.000000 0.000000 1.000000
81999 0.000000 0.000000 0.000000 1.000000
82000 0.000000 0.000000 0.000000 1.000000
82001 0.000000 0.000000 0.000000 1.000000
82002 0.000000 0.000000 0.000000 1.000000
82003 0.000000 0.000000 0.000000 1.000000
82004 0.000000 0.000000 0.000000 1.000000
82010 0.000000 0.000000 0.000000 1.000000
82011 0.000000 0.000000 0.000000 1.000000
82012 0.000000 0.000000 0.000000 1.000000
82013 0.000000 0.000000 0.000000 1.000000
82014 0.000000 0.000000 0.000000 1.000000
82900 0.000000 0.000000 0.000000 1.000000
82901 0.000000 0.000000 0.000000 1.000000
82907 0.000000 0.000000 0.000000 1.000000
82908 0.000000 0.000000 0.000000 1.000000
82909 0.000000 0.000000 0.000000 1.000000
82910 0.000000 0.000000 0.000000 1.000000
82911 0.000000 0.000000 0.000000 1.000000
82926 0.000000 0.000000 0.000000 1.000000
82927 0.000000 0.000000 0.000000 1.000000
82928 0.000000 0.000000 0.000000 1.000000
82929 0.000000 0.000000 0.000000 1.000000
82930 0.000000 0.000000 0.000000 1.000000
82931 0.000000 0.000000 0.000000 1.000000
82942 0.000000 0.000000 0.000000 1.000000
82943 0.000000 0.000000 0.000000 1.000000
82944 0.000000 0.000000 0.000000 1.000000
82945 0.000000 0.000000 0.000000 1.000000
82952 0.000000 0.000000 0.000000 1.000000
82953 0.000000 0.000000 0.000000 1.000000
82954 0.000000 0.000000 0.000000 1.000000
82955 0.000000 0.000000 0.000000 1.000000
82962 0.000000 0.000000 0.000000 1.000000
82963 0.000000 0.000000 0.000000 1.000000
82964 0.000000 0.000000 0.000000 1.000000
82965 0.000000 0.000000 0.000000 1.000000
82970 0.000000 0.000000 0.000000 1.000000
82971 0.000000 0.000000 0.000000 1.000000
82972 0.000000 0.000000 0.000000 1.000000
82973 0.000000 0.000000 0.000000 1.000000
82974 0.000000 0.000000 0.000000 1.000000
82980 0.000000 0.000000 0.000000 1.000000
82981 0.000000 0.000000 0.000000 1.000000
82982 0.000000 0.000000 0.000000 1.000000
82983 0.000000 0.000000 0.000000 1.000000
82989 0.000000 0.000000 0.000000 1.000000
82990 0.000000 0.000000 0.000000 1.000000
82991 0.000000 0.000000 0.000000 1.000000
82992 0.000000 0.000000 0.000000 1.000000
82993 0.000000 0.000000 0.000000 1.000000
82996 0.000000 0.000000 0.000000 1.000000
82997 0.000000 0.000000 0.000000 1.000000
82998 0.000000 0.000000 0.000000 1.000000
82999 0.000000 0.000000 0.000000 1.000000
83005 0.000000 0.000000 0.000000 1.000000
83006 0.000000 0.000000 0.000000 1.000000
83007 0.000000 0.000000 0.000000 1.000000
83008 0.000000 0.000000 0.000000 1.000000
83009 0.000000 0.000000 0.000000 1.000000
83018 0.000000 0.000000 0.000000 1.000000
83019 0.000000 0.000000 0.000000 1.000000
83020 0.000000 0.000000 0.000000 1.000000
83021 0.000000 0.000000 0.000000 1.000000
83022 0.000000 0.000000 0.000000 1.000000
83023 0.000000 0.000000 0.000000 1.000000
83031 0.000000 0.000000 0.000000 1.000000
83032 0.000000 0.000000 0.000000 1.000000
83033 0.000000 0.000000 0.000000 1.000000
83034 0.000000 0.000000 0.000000 1.000000
83035 0.000000 0.000000 0.000000 1.000000
83036 0.000000 0.000000 0.000000 1.000000
83037 0.000000 0.000000 0.000000 1.000000
83038 0.000000 0.000000 0.000000 1.000000
83039 0.000000 0.000000 0.000000 1.000000
83042 0.000000 0.000000 0.000000 1.000000
83043 0.000000 0.000000 0.000000 1.000000
83044 0.000000 0.000000 0.000000 1.000000
83045 0.000000 0.000000 0.000000 1.000000
83046 0.000000 0.000000 0.000000 1.000000
83047 0.000000 0.000000 0.000000 1.000000
83048 0.000000 0.000000 0.000000 1.000000
83049 0.000000 0.000000 0.000000 1.000000
83050 0.000000 0.000000 0.000000 1.000000
83051 0.000000 0.000000 0.000000 1.000000
83052 0.000000 0.000000 0.000000 1.000000
83053 0.000000 0.000000 0.000000 1.000000
83054 0.000000 0.000000 0.000000 1.000000
83056 0.000000 0.000000 0.000000 1.000000
83057 0.000000 0.000000 0.000000 1.000000
83058 0.000000 0.000000 0.000000 1.000000
83059 0.000000 0.000000 0.000000 1.000000
83060 0.000000 0.000000 0.000000 1.000000
83061 0.000000 0.000000 0.000000 1.000000
83062 0.000000 0.000000 0.000000 1.000000
83063 0.000000 0.000000 0.000000 1.000000
83064 0.000000 0.000000 0.000000 1.000000
83065 0.000000 0.000000 0.000000 1.000000
83066 0.000000 0.000000 0.000000 1.000000
83067 0.000000 0.000000 0.000000 1.000000
83069 0.000000 0.000000 0.000000 1.000000
83070 0.000000 0.000000 0.000000 1.000000
83071 0.000000 0.000000 0.000000 1.000000
83072 0.000000 0.000000 0.000000 1.000000
83073 0.000000 0.000000 0.000000 1.000000
83074 0.000000 0.000000 0.000000 1.000000
83075 0.000000 0.000000 0.000000 1.000000
83076 0.000000 0.000000 0.000000 1.000000
83077 0.000000 0.000000 0.000000 1.000000
83078 0.000000 0.000000 0.000000 1.000000
83080 0.000000 0.000000 0.000000 1.000000
83081 0.000000 0.000000 0.000000 1.000000
83082 0.000000 0.000000 0.000000 1.000000
83083 0.000000 0.000000 0.000000 1.000000
83084 0.000000 0.000000 0.000000 1.000000
83085 0.000000 0.000000 0.000000 1.000000
83086 0.000000 0.000000 0.000000 1.000000
83087 0.000000 0.000000 0.000000 1.000000
83089 0.000000 0.000000 0.000000 1.000000
83090 0.000000 0.000000 0.000000 1.000000
83091 0.000000 0.000000 0.000000 1.000000
83092 0.000000 0.000000 0.000000 1.000000
83093 0.000000 0.000000 0.000000 1.000000
83094 0.000000 0.000000 0.000000 1.000000
83096 0.000000 0.000000 0.000000 1.000000
83104 0.000000 0.000000 0.000000 1.000000
83105 0.000000 0.000000 0.000000 1.000000
83106 0.000000 0.000000 0.000000 1.000000
83107 0.000000 0.000000 0.000000 1.000000
83114 0.000000 0.000000 0.000000 1.000000
83115 0.000000 0.000000 0.000000 1.000000
83116 0.000000 0.000000 0.000000 1.000000
83117 0.000000 0.000000 0.000000 1.000000
83118 0.000000 0.000000 0.000000 1.000000
83119 0.000000 0.000000 0.000000 1.000000
83120 0.000000 0.000000 0.000000 1.000000
83121 0.000000 0.000000 0.000000 1.000000
83122 0.000000 0.000000 0.000000 1.000000
83126 0.000000 0.000000 0.000000 1.000000
83127 0.000000 0.000000 0.000000 1.000000
83128 0.000000 0.000000 0.000000 1.000000
83129 0.000000 0.000000 0.000000 1.000000
83130 0.000000 0.000000 0.000000 1.000000
83131 0.000000 0.000000 0.000000 1.000000
83132 0.000000 0.000000 0.000000 1.000000
83133 0.000000 0.000000 0.000000 1.000000
83134 0.000000 0.000000 0.000000 1.000000
83135 0.000000 0.000000 0.000000 1.000000
83136 0.000000 0.000000 0.000000 1.000000
83137 0.000000 0.000000 0.000000 1.000000
83138 0.000000 0.000000 0.000000 1.000000
83141 0.000000 0.000000 0.000000 1.000000
83142 0.000000 0.000000 0.000000 1.000000
83143 0.000000 0.000000 0.000000 1.000000
83144 0.000000 0.000000 0.000000 1.000000
83145 0.000000 0.000000 0.000000 1.000000
83146 0.000000 0.000000 0.000000 1.000000
83147 0.000000 0.000000 0.000000 1.000000
83148 0.000000 0.000000 0.000000 1.000000
83149 0.000000 0.000000 0.000000 1.000000
83150 0.000000 0.000000 0.000000 1.000000
83156 0.000000 0.000000 0.000000 1.000000
83157 0.000000 0.000000 0.000000 1.000000
83158 0.000000 0.000000 0.000000 1.000000
83159 0.000000 0.000000 0.000000 1.000000
83160 0.000000 0.000000 0.000000 1.000000
83161 0.000000 0.000000 0.000000 1.000000
83162 0.000000 0.000000 0.000000 1.000000
83163 0.000000 0.000000 0.000000 1.000000
83168 0.000000 0.000000 0.000000 1.000000
83169 0.000000 0.000000 0.000000 1.000000
83170 0.000000 0.000000 0.000000 1.000000
83171 0.000000 0.000000 0.000000 1.000000
83172 0.000000 0.000000 0.000000 1.000000
83173 0.000000 0.000000 0.000000 1.000000
83174 0.000000 0.000000 0.000000 1.000000
83175 0.000000 0.000000 0.000000 1.000000
83176 0.000000 0.000000 0.000000 1.000000
83181 0.000000 0.000000 0.000000 1.000000
83182 0.000000 0.000000 0.000000 1.000000
83183 0.000000 0.000000 0.000000 1.000000
83184 0.000000 0.000000 0.000000 1.000000
83185 0.000000 0.000000 0.000000 1.000000
83186 0.000000 0.000000 0.000000 1.000000
83187 0.000000 0.000000 0.000000 1.000000
83188 0.000000 0.000000 0.000000 1.000000
83189 0.000000 0.000000 0.000000 1.000000
83190 0.000000 0.000000 0.000000 1.000000
83194 0.000000 0.000000 0.000000 1.000000
83195 0.000000 0.000000 0.000000 1.000000
83196 0.000000 0.000000 0.000000 1.000000
83197 0.000000 0.000000 0.000000 1.000000
83198 0.000000 0.000000 0.000000 1.000000
83199 0.000000 0.000000 0.000000 1.000000
83200 0.000000 0.000000 0.000000 1.000000
83205 0.000000 0.000000 0.000000 1.000000
83206 0.000000 0.000000 0.000000 1.000000
83207 0.000000 0.000000 0.000000 1.000000
83208 0.000000 0.000000 0.000000 1.000000
84013 0.000000 0.000000 0.000000 1.000000
84014 0.000000 0.000000 0.000000 1.000000
84015 0.000000 0.000000 0.000000 1.000000
84016 0.000000 0.000000 0.000000 1.000000
84024 0.000000 0.000000 0.000000 1.000000
84025 0.000000 0.000000 0.000000 1.000000
84026 0.000000 0.000000 0.000000 1.000000
84041 0.000000 0.000000 0.000000 1.000000
84042 0.000000 0.000000 0.000000 1.000000
84043 0.000000 0.000000 0.000000 1.000000
84044 0.000000 0.000000 0.000000 1.000000
84051 0.000000 0.000000 0.000000 1.000000
84052 0.000000 0.000000 0.000000 1.000000
84053 0.000000 0.000000 0.000000 1.000000
84059 0.000000 0.000000 0.000000 1.000000
84060 0.000000 0.000000 0.000000 1.000000
84061 0.000000 0.000000 0.000000 1.000000
84068 0.000000 0.000000 0.000000 1.000000
84069 0.000000 0.000000 0.000000 1.000000
84070 0.000000 0.000000 0.000000 1.000000
84071 0.000000 0.000000 0.000000 1.000000
84078 0.000000 0.000000 0.000000 1.000000
84079 0.000000 0.000000 0.000000 1.000000
84080 0.000000 0.000000 0.000000 1.000000
84081 0.000000 0.000000 0.000000 1.000000
84090 0.000000 0.000000 0.000000 1.000000
84091 0.000000 0.000000 0.000000 1.000000
84092 0.000000 0.000000 0.000000 1.000000
84093 0.000000 0.000000 0.000000 1.000000
84100 0.000000 0.000000 0.000000 1.000000
84101 0.000000 0.000000 0.000000 1.000000
84102 0.000000 0.000000 0.000000 1.000000
84103 0.000000 0.000000 0.000000 1.000000
84104 0.000000 0.000000 0.000000 1.000000
84109 0.000000 0.000000 0.000000 1.000000
84110 0.000000 0.000000 0.000000 1.000000
84111 0.000000 0.000000 0.000000 1.000000
84119 0.000000 0.000000 0.000000 1.000000
84120 0.000000 0.000000 0.000000 1.000000
84121 0.000000 0.000000 0.000000 1.000000
84122 0.000000 0.000000 0.000000 1.000000
84133 0.000000 0.000000 0.000000 1.000000
84134 0.000000 0.000000 0.000000 1.000000
84135 0.000000 0.000000 0.000000 1.000000
84136 0.000000 0.000000 0.000000 1.000000
84137 0.000000 0.000000 0.000000 1.000000
84144 0.000000 0.000000 0.000000 1.000000
84145 0.000000 0.000000 0.000000 1.000000
84146 0.000000 0.000000 0.000000 1.000000
84147 0.000000 0.000000 0.000000 1.000000
84148 0.000000 0.000000 0.000000 1.000000
84149 0.000000 0.000000 0.000000 1.000000
84153 0.000000 0.000000 0.000000 1.000000
84154 0.000000 0.000000 0.000000 1.000000
84155 0.000000 0.000000 0.000000 1.000000
84156 0.000000 0.000000 0.000000 1.000000
84157 0.000000 0.000000 0.000000 1.000000
84158 0.000000 0.000000 0.000000 1.000000
84160 0.000000 0.000000 0.000000 1.000000
84161 0.000000 0.000000 0.000000 1.000000
84162 0.000000 0.000000 0.000000 1.000000
84163 0.000000 0.000000 0.000000 1.000000
84164 0.000000 0.000000 0.000000 1.000000
84165 0.000000 0.000000 0.000000 1.000000
84166 0.000000 0.000000 0.000000 1.000000
84167 0.000000 0.000000 0.000000 1.000000
84169 0.000000 0.000000 0.000000 1.000000
84170 0.000000 0.000000 0.000000 1.000000
84171 0.000000 0.000000 0.000000 1.000000
84172 0.000000 0.000000 0.000000 1.000000
84173 0.000000 0.000000 0.000000 1.000000
84174 0.000000 0.000000 0.000000 1.000000
84175 0.000000 0.000000 0.000000 1.000000
84176 0.000000 0.000000 0.000000 1.000000
84177 0.000000 0.000000 0.000000 1.000000
84179 0.000000 0.000000 0.000000 1.000000
84180 0.000000 0.000000 0.000000 1.000000
84181 0.000000 0.000000 0.000000 1.000000
84182 0.000000 0.000000 0.000000 1.000000
84183 0.000000 0.000000 0.000000 1.000000
84184 0.000000 0.000000 0.000000 1.000000
84185 0.000000 0.000000 0.000000 1.000000
84186 0.000000 0.000000 0.000000 1.000000
84187 0.000000 0.000000 0.000000 1.000000
84189 0.000000 0.000000 0.000000 1.000000
84190 0.000000 0.000000 0.000000 1.000000
84191 0.000000 0.000000 0.000000 1.000000
84192 0.000000 0.000000 0.000000 1.000000
84193 0.000000 0.000000 0.000000 1.000000
84194 0.000000 0.000000 0.000000 1.000000
84195 0.000000 0.000000 0.000000 1.000000
84196 0.000000 0.000000 0.000000 1.000000
84197 0.000000 0.000000 0.000000 1.000000
84198 0.000000 0.000000 0.000000 1.000000
84199 0.000000 0.000000 0.000000 1.000000
84201 0.000000 0.000000 0.000000 1.000000
84202 0.000000 0.000000 0.000000 1.000000
84203 0.000000 0.000000 0.000000 1.000000
84204 0.000000 0.000000 0.000000 1.000000
84205 0.000000 0.000000 0.000000 1.000000
84206 0.000000 0.000000 0.000000 1.000000
84207 0.000000 0.000000 0.000000 1.000000
84208 0.000000 0.000000 0.000000 1.000000
84209 0.000000 0.000000 0.000000 1.000000
84210 0.000000 0.000000 0.000000 1.000000
84212 0.000000 0.000000 0.000000 1.000000
84213 0.000000 0.000000 0.000000 1.000000
84214 0.000000 0.000000 0.000000 1.000000
84215 0.000000 0.000000 0.000000 1.000000
84216 0.000000 0.000000 0.000000 1.000000
84222 0.000000 0.000000 0.000000 1.000000
84223 0.000000 0.000000 0.000000 1.000000
84224 0.000000 0.000000 0.000000 1.000000
84225 0.000000 0.000000 0.000000 1.000000
84226 0.000000 0.000000 0.000000 1.000000
84227 0.000000 0.000000 0.000000 1.000000
84234 0.000000 0.000000 0.000000 1.000000
84235 0.000000 0.000000 0.000000 1.000000
84236 0.000000 0.000000 0.000000 1.000000
84237 0.000000 0.000000 0.000000 1.000000
84238 0.000000 0.000000 0.000000 1.000000
84239 0.000000 0.000000 0.000000 1.000000
84240 0.000000 0.000000 0.000000 1.000000
84241 0.000000 0.000000 0.000000 1.000000
84246 0.000000 0.000000 0.000000 1.000000
84247 0.000000 0.000000 0.000000 1.000000
84248 0.000000 0.000000 0.000000 1.000000
84249 0.000000 0.000000 0.000000 1.000000
84250 0.000000 0.000000 0.000000 1.000000
84251 0.000000 0.000000 0.000000 1.000000
84252 0.000000 0.000000 0.000000 1.000000
84253 0.000000 0.000000 0.000000 1.000000
84254 0.000000 0.000000 0.000000 1.000000
84255 0.000000 0.000000 0.000000 1.000000
84256 0.000000 0.000000 0.000000 1.000000
84257 0.000000 0.000000 0.000000 1.000000
84258 0.000000 0.000000 0.000000 1.000000
84259 0.000000 0.000000 0.000000 1.000000
84263 0.000000 0.000000 0.000000 1.000000
84264 0.000000 0.000000 0.000000 1.000000
84265 0.000000 0.000000 0.000000 1.000000
84266 0.000000 0.000000 0.000000 1.000000
84267 0.000000 0.000000 0.000000 1.000000
84268 0.000000 0.000000 0.000000 1.000000
84269 0.000000 0.000000 0.000000 1.000000
84270 0.000000 0.000000 0.000000 1.000000
84271 0.000000 0.000000 0.000000 1.000000
84272 0.000000 0.000000 0.000000 1.000000
84273 0.000000 0.000000 0.000000 1.000000
84274 0.000000 0.000000 0.000000 1.000000
84275 0.000000 0.000000 0.000000 1.000000
84276 0.000000 0.000000 0.000000 1.000000
84277 0.000000 0.000000 0.000000 1.000000
84280 0.000000 0.000000 0.000000 1.000000
84281 0.000000 0.000000 0.000000 1.000000
84282 0.000000 0.000000 0.000000 1.000000
84283 0.000000 0.000000 0.000000 1.000000
84284 0.000000 0.000000 0.000000 1.000000
84285 0.000000 0.000000 0.000000 1.000000
84286 0.000000 0.000000 0.000000 1.000000
84287 0.000000 0.000000 0.000000 1.000000
84288 0.000000 0.000000 0.000000 1.000000
84289 0.000000 0.000000 0.000000 1.000000
84290 0.000000 0.000000 0.000000 1.000000
84291 0.000000 0.000000 0.000000 1.000000
84292 0.000000 0.000000 0.000000 1.000000
84293 0.000000 0.000000 0.000000 1.000000
84297 0.000000 0.000000 0.000000 1.000000
84298 0.000000 0.000000 0.000000 1.000000
84299 0.000000 0.000000 0.000000 1.000000
84300 0.000000 0.000000 0.000000 1.000000
84301 0.000000 0.000000 0.000000 1.000000
84302 0.000000 0.000000 0.000000 1.000000
84303 0.000000 0.000000 0.000000 1.000000
84304 0.000000 0.000000 0.000000 1.000000
84305 0.000000 0.000000 0.000000 1.000000
84309 0.000000 0.000000 0.000000 1.000000
84310 0.000000 0.000000 0.000000 1.000000
84311 0.000000 0.000000 0.000000 1.000000
84312 0.000000 0.000000 0.000000 1.000000
84313 0.000000 0.000000 0.000000 1.000000
84314 0.000000 0.000000 0.000000 1.000000
84315 0.000000 0.000000 0.000000 1.000000
84316 0.000000 0.000000 0.000000 1.000000
84317 0.000000 0.000000 0.000000 1.000000
84321 0.000000 0.000000 0.000000 1.000000
84322 0.000000 0.000000 0.000000 1.000000
84323 0.000000 0.000000 0.000000 1.000000
84324 0.000000 0.000000 0.000000 1.000000
84325 0.000000 0.000000 0.000000 1.000000
84326 0.000000 0.000000 0.000000 1.000000
84327 0.000000 0.000000 0.000000 1.000000
84328 0.000000 0.000000 0.000000 1.000000
85138 0.000000 0.000000 0.000000 1.000000
85144 0.000000 0.000000 0.000000 1.000000
85145 0.000000 0.000000 0.000000 1.000000
85146 0.000000 0.000000 0.000000 1.000000
85147 0.000000 0.000000 0.000000 1.000000
85154 0.000000 0.000000 0.000000 1.000000
85155 0.000000 0.000000 0.000000 1.000000
85156 0.000000 0.000000 0.000000 1.000000
85157 0.000000 0.000000 0.000000 1.000000
85170 0.000000 0.000000 0.000000 1.000000
85171 0.000000 0.000000 0.000000 1.000000
85172 0.000000 0.000000 0.000000 1.000000
85173 0.000000 0.000000 0.000000 1.000000
85180 0.000000 0.000000 0.000000 1.000000
85181 0.000000 0.000000 0.000000 1.000000
85182 0.000000 0.000000 0.000000 1.000000
85188 0.000000 0.000000 0.000000 1.000000
85189 0.000000 0.000000 0.000000 1.000000
85190 0.000000 0.000000 0.000000 1.000000
85197 0.000000 0.000000 0.000000 1.000000
85198 0.000000 0.000000 0.000000 1.000000
85199 0.000000 0.000000 0.000000 1.000000
85206 0.000000 0.000000 0.000000 1.000000
85207 0.000000 0.000000 0.000000 1.000000
85208 0.000000 0.000000 0.000000 1.000000
85216 0.000000 0.000000 0.000000 1.000000
85217 0.000000 0.000000 0.000000 1.000000
85218 0.000000 0.000000 0.000000 1.000000
85219 0.000000 0.000000 0.000000 1.000000
85224 0.000000 0.000000 0.000000 1.000000
85225 0.000000 0.000000 0.000000 1.000000
85226 0.000000 0.000000 0.000000 1.000000
85227 0.000000 0.000000 0.000000 1.000000
85228 0.000000 0.000000 0.000000 1.000000
85234 0.000000 0.000000 0.000000 1.000000
85235 0.000000 0.000000 0.000000 1.000000
85236 0.000000 0.000000 0.000000 1.000000
85237 0.000000 0.000000 0.000000 1.000000
85238 0.000000 0.000000 0.000000 1.000000
85246 0.000000 0.000000 0.000000 1.000000
85247 0.000000 0.000000 0.000000 1.000000
85248 0.000000 0.000000 0.000000 1.000000
85249 0.000000 0.000000 0.000000 1.000000
85250 0.000000 0.000000 0.000000 1.000000
85261 0.000000 0.000000 0.000000 1.000000
85262 0.000000 0.000000 0.000000 1.000000
85263 0.000000 0.000000 0.000000 1.000000
85264 0.000000 0.000000 0.000000 1.000000
85265 0.000000 0.000000 0.000000 1.000000
85271 0.000000 0.000000 0.000000 1.000000
85272 0.000000 0.000000 0.000000 1.000000
85273 0.000000 0.000000 0.000000 1.000000
85274 0.000000 0.000000 0.000000 1.000000
85275 0.000000 0.000000 0.000000 1.000000
85276 0.000000 0.000000 0.000000 1.000000
85281 0.000000 0.000000 0.000000 1.000000
85282 0.000000 0.000000 0.000000 1.000000
85283 0.000000 0.000000 0.000000 1.000000
85284 0.000000 0.000000 0.000000 1.000000
85285 0.000000 0.000000 0.000000 1.000000
85286 0.000000 0.000000 0.000000 1.000000
85290 0.000000 0.000000 0.000000 1.000000
85291 0.000000 0.000000 0.000000 1.000000
85292 0.000000 0.000000 0.000000 1.000000
85293 0.000000 0.000000 0.000000 1.000000
85295 0.000000 0.000000 0.000000 1.000000
85296 0.000000 0.000000 0.000000 1.000000
85297 0.000000 0.000000 0.000000 1.000000
85298 0.000000 0.000000 0.000000 1.000000
85299 0.000000 0.000000 0.000000 1.000000
85300 0.000000 0.000000 0.000000 1.000000
85302 0.000000 0.000000 0.000000 1.000000
85303 0.000000 0.000000 0.000000 1.000000
85304 0.000000 0.000000 0.000000 1.000000
85305 0.000000 0.000000 0.000000 1.000000
85306 0.000000 0.000000 0.000000 1.000000
85307 0.000000 0.000000 0.000000 1.000000
85308 0.000000 0.000000 0.000000 1.000000
85310 0.000000 0.000000 0.000000 1.000000
85311 0.000000 0.000000 0.000000 1.000000
85312 0.000000 0.000000 0.000000 1.000000
85313 0.000000 0.000000 0.000000 1.000000
85314 0.000000 0.000000 0.000000 1.000000
85315 0.000000 0.000000 0.000000 1.000000
85316 0.000000 0.000000 0.000000 1.000000
85318 0.000000 0.000000 0.000000 1.000000
85319 0.000000 0.000000 0.000000 1.000000
85320 0.000000 0.000000 0.000000 1.000000
85321 0.000000 0.000000 0.000000 1.000000
85322 0.000000 0.000000 0.000000 1.000000
85323 0.000000 0.000000 0.000000 1.000000
85324 0.000000 0.000000 0.000000 1.000000
85325 0.000000 0.000000 0.000000 1.000000
85326 0.000000 0.000000 0.000000 1.000000
85327 0.000000 0.000000 0.000000 1.000000
85329 0.000000 0.000000 0.000000 1.000000
85330 0.000000 0.000000 0.000000 1.000000
85331 0.000000 0.000000 0.000000 1.000000
85332 0.000000 0.000000 0.000000 1.000000
85333 0.000000 0.000000 0.000000 1.000000
85334 0.000000 0.000000 0.000000 1.000000
85335 0.000000 0.000000 0.000000 1.000000
85336 0.000000 0.000000 0.000000 1.000000
85337 0.000000 0.000000 0.000000 1.000000
85338 0.000000 0.000000 0.000000 1.000000
85340 0.000000 0.000000 0.000000 1.000000
85341 0.000000 0.000000 0.000000 1.000000
85342 0.000000 0.000000 0.000000 1.000000
85343 0.000000 0.000000 0.000000 1.000000
85344 0.000000 0.000000 0.000000 1.000000
85345 0.000000 0.000000 0.000000 1.000000
85346 0.000000 0.000000 0.000000 1.000000
85347 0.000000 0.000000 0.000000 1.000000
85352 0.000000 0.000000 0.000000 1.000000
85353 0.000000 0.000000 0.000000 1.000000
85354 0.000000 0.000000 0.000000 1.000000
85355 0.000000 0.000000 0.000000 1.000000
85356 0.000000 0.000000 0.000000 1.000000
85357 0.000000 0.000000 0.000000 1.000000
85358 0.000000 0.000000 0.000000 1.000000
85364 0.000000 0.000000 0.000000 1.000000
85365 0.000000 0.000000 0.000000 1.000000
85366 0.000000 0.000000 0.000000 1.000000
85367 0.000000 0.000000 0.000000 1.000000
85368 0.000000 0.000000 0.000000 1.000000
85369 0.000000 0.000000 0.000000 1.000000
85370 0.000000 0.000000 0.000000 1.000000
85371 0.000000 0.000000 0.000000 1.000000
85372 0.000000 0.000000 0.000000 1.000000
85377 0.000000 0.000000 0.000000 1.000000
85378 0.000000 0.000000 0.000000 1.000000
85379 0.000000 0.000000 0.000000 1.000000
85380 0.000000 0.000000 0.000000 1.000000
85381 0.000000 0.000000 0.000000 1.000000
85382 0.000000 0.000000 0.000000 1.000000
85385 0.000000 0.000000 0.000000 1.000000
85386 0.000000 0.000000 0.000000 1.000000
85387 0.000000 0.000000 0.000000 1.000000
85388 0.000000 0.000000 0.000000 1.000000
85389 0.000000 0.000000 0.000000 1.000000
85390 0.000000 0.000000 0.000000 1.000000
85391 0.000000 0.000000 0.000000 1.000000
85392 0.000000 0.000000 0.000000 1.000000
85393 0.000000 0.000000 0.000000 1.000000
85394 0.000000 0.000000 0.000000 1.000000
85395 0.000000 0.000000 0.000000 1.000000
85396 0.000000 0.000000 0.000000 1.000000
85399 0.000000 0.000000 0.000000 1.000000
85400 0.000000 0.000000 0.000000 1.000000
85401 0.000000 0.000000 0.000000 1.000000
85402 0.000000 0.000000 0.000000 1.000000
85403 0.000000 0.000000 0.000000 1.000000
85404 0.000000 0.000000 0.000000 1.000000
85405 0.000000 0.000000 0.000000 1.000000
85406 0.000000 0.000000 0.000000 1.000000
85407 0.000000 0.000000 0.000000 1.000000
85408 0.000000 0.000000 0.000000 1.000000
85409 0.000000 0.000000 0.000000 1.000000
85410 0.000000 0.000000 0.000000 1.000000
85414 0.000000 0.000000 0.000000 1.000000
85415 0.000000 0.000000 0.000000 1.000000
85416 0.000000 0.000000 0.000000 1.000000
85417 0.000000 0.000000 0.000000 1.000000
85418 0.000000 0.000000 0.000000 1.000000
85419 0.000000 0.000000 0.000000 1.000000
85420 0.000000 0.000000 0.000000 1.000000
85421 0.000000 0.000000 0.000000 1.000000
85422 0.000000 0.000000 0.000000 1.000000
85423 0.000000 0.000000 0.000000 1.000000
85424 0.000000 0.000000 0.000000 1.000000
85425 0.000000 0.000000 0.000000 1.000000
85426 0.000000 0.000000 0.000000 1.000000
85430 0.000000 0.000000 0.000000 1.000000
85431 0.000000 0.000000 0.000000 1.000000
85432 0.000000 0.000000 0.000000 1.000000
85433 0.000000 0.000000 0.000000 1.000000
85434 0.000000 0.000000 0.000000 1.000000
85435 0.000000 0.000000 0.000000 1.000000
85436 0.000000 0.000000 0.000000 1.000000
85437 0.000000 0.000000 0.000000 1.000000
85438 0.000000 0.000000 0.000000 1.000000
85439 0.000000 0.000000 0.000000 1.000000
85440 0.000000 0.000000 0.000000 1.000000
85441 0.000000 0.000000 0.000000 1.000000
85442 0.000000 0.000000 0.000000 1.000000
85443 0.000000 0.000000 0.000000 1.000000
85444 0.000000 0.000000 0.000000 1.000000
85445 0.000000 0.000000 0.000000 1.000000
85446 0.000000 0.000000 0.000000 1.000000
85449 0.000000 0.000000 0.000000 1.000000
85450 0.000000 0.000000 0.000000 1.000000
85451 0.000000 0.000000 0.000000 1.000000
85452 0.000000 0.000000 0.000000 1.000000
85453 0.000000 0.000000 0.000000 1.000000
85454 0.000000 0.000000 0.000000 1.000000
85455 0.000000 0.000000 0.000000 1.000000
85456 0.000000 0.000000 0.000000 1.000000
85457 0.000000 0.000000 0.000000 1.000000
85458 0.000000 0.000000 0.000000 1.000000
85459 0.000000 0.000000 0.000000 1.000000
85460 0.000000 0.000000 0.000000 1.000000
85461 0.000000 0.000000 0.000000 1.000000
85462 0.000000 0.000000 0.000000 1.000000
85463 0.000000 0.000000 0.000000 1.000000
86273 0.000000 0.000000 0.000000 1.000000
86274 0.000000 0.000000 0.000000 1.000000
86275 0.000000 0.000000 0.000000 1.000000
86287 0.000000 0.000000 0.000000 1.000000
86288 0.000000 0.000000 0.000000 1.000000
86289 0.000000 0.000000 0.000000 1.000000
86290 0.000000 0.000000 0.000000 1.000000
86298 0.000000 0.000000 0.000000 1.000000
86299 0.000000 0.000000 0.000000 1.000000
86300 0.000000 0.000000 0.000000 1.000000
86301 0.000000 0.000000 0.000000 1.000000
86307 0.000000 0.000000 0.000000 1.000000
86308 0.000000 0.000000 0.000000 1.000000
86309 0.000000 0.000000 0.000000 1.000000
86310 0.000000 0.000000 0.000000 1.000000
86311 0.000000 0.000000 0.000000 1.000000
86317 0.000000 0.000000 0.000000 1.000000
86318 0.000000 0.000000 0.000000 1.000000
86319 0.000000 0.000000 0.000000 1.000000
86320 0.000000 0.000000 0.000000 1.000000
86329 0.000000 0.000000 0.000000 1.000000
86330 0.000000 0.000000 0.000000 1.000000
86331 0.000000 0.000000 0.000000 1.000000
86332 0.000000 0.000000 0.000000 1.000000
86342 0.000000 0.000000 0.000000 1.000000
86343 0.000000 0.000000 0.000000 1.000000
86344 0.000000 0.000000 0.000000 1.000000
86345 0.000000 0.000000 0.000000 1.000000
86349 0.000000 0.000000 0.000000 1.000000
86350 0.000000 0.000000 0.000000 1.000000
86351 0.000000 0.000000 0.000000 1.000000
86352 0.000000 0.000000 0.000000 1.000000
86357 0.000000 0.000000 0.000000 1.000000
86358 0.000000 0.000000 0.000000 1.000000
86359 0.000000 0.000000 0.000000 1.000000
86360 0.000000 0.000000 0.000000 1.000000
86361 0.000000 0.000000 0.000000 1.000000
86367 0.000000 0.000000 0.000000 1.000000
86368 0.000000 0.000000 0.000000 1.000000
86369 0.000000 0.000000 0.000000 1.000000
86370 0.000000 0.000000 0.000000 1.000000
86381 0.000000 0.000000 0.000000 1.000000
86382 0.000000 0.000000 0.000000 1.000000
86383 0.000000 0.000000 0.000000 1.000000
86384 0.000000 0.000000 0.000000 1.000000
86389 0.000000 0.000000 0.000000 1.000000
86390 0.000000 0.000000 0.000000 1.000000
86391 0.000000 0.000000 0.000000 1.000000
86392 0.000000 0.000000 0.000000 1.000000
86395 0.000000 0.000000 0.000000 1.000000
86396 0.000000 0.000000 0.000000 1.000000
86397 0.000000 0.000000 0.000000 1.000000
86398 0.000000 0.000000 0.000000 1.000000
86402 0.000000 0.000000 0.000000 1.000000
86403 0.000000 0.000000 0.000000 1.000000
86404 0.000000 0.000000 0.000000 1.000000
86407 0.000000 0.000000 0.000000 1.000000
86408 0.000000 0.000000 0.000000 1.000000
86409 0.000000 0.000000 0.000000 1.000000
86410 0.000000 0.000000 0.000000 1.000000
86412 0.000000 0.000000 0.000000 1.000000
86413 0.000000 0.000000 0.000000 1.000000
86414 0.000000 0.000000 0.000000 1.000000
86415 0.000000 0.000000 0.000000 1.000000
86416 0.000000 0.000000 0.000000 1.000000
86418 0.000000 0.000000 0.000000 1.000000
86419 0.000000 0.000000 0.000000 1.000000
86420 0.000000 0.000000 0.000000 1.000000
86421 0.000000 0.000000 0.000000 1.000000
86422 0.000000 0.000000 0.000000 1.000000
86424 0.000000 0.000000 0.000000 1.000000
86425 0.000000 0.000000 0.000000 1.000000
86426 0.000000 0.000000 0.000000 1.000000
86427 0.000000 0.000000 0.000000 1.000000
86428 0.000000 0.000000 0.000000 1.000000
86429 0.000000 0.000000 0.000000 1.000000
86430 0.000000 0.000000 0.000000 1.000000
86432 0.000000 0.000000 0.000000 1.000000
86433 0.000000 0.000000 0.000000 1.000000
86434 0.000000 0.000000 0.000000 1.000000
86435 0.000000 0.000000 0.000000 1.000000
86436 0.000000 0.000000 0.000000 1.000000
86437 0.000000 0.000000 0.000000 1.000000
86441 0.000000 0.000000 0.000000 1.000000
86442 0.000000 0.000000 0.000000 1.000000
86443 0.000000 0.000000 0.000000 1.000000
86444 0.000000 0.000000 0.000000 1.000000
86445 0.000000 0.000000 0.000000 1.000000
86446 0.000000 0.000000 0.000000 1.000000
86451 0.000000 0.000000 0.000000 1.000000
86452 0.000000 0.000000 0.000000 1.000000
86453 0.000000 0.000000 0.000000 1.000000
86454 0.000000 0.000000 0.000000 1.000000
86455 0.000000 0.000000 0.000000 1.000000
86456 0.000000 0.000000 0.000000 1.000000
86457 0.000000 0.000000 0.000000 1.000000
86458 0.000000 0.000000 0.000000 1.000000
86459 0.000000 0.000000 0.000000 1.000000
86460 0.000000 0.000000 0.000000 1.000000
86465 0.000000 0.000000 0.000000 1.000000
86466 0.000000 0.000000 0.000000 1.000000
86467 0.000000 0.000000 0.000000 1.000000
86468 0.000000 0.000000 0.000000 1.000000
86469 0.000000 0.000000 0.000000 1.000000
86470 0.000000 0.000000 0.000000 1.000000
86471 0.000000 0.000000 0.000000 1.000000
86472 0.000000 0.000000 0.000000 1.000000
86473 0.000000 0.000000 0.000000 1.000000
86474 0.000000 0.000000 0.000000 1.000000
86475 0.000000 0.000000 0.000000 1.000000
86476 0.000000 0.000000 0.000000 1.000000
86477 0.000000 0.000000 0.000000 1.000000
86482 0.000000 0.000000 0.000000 1.000000
86483 0.000000 0.000000 0.000000 1.000000
86484 0.000000 0.000000 0.000000 1.000000
86485 0.000000 0.000000 0.000000 1.000000
86486 0.000000 0.000000 0.000000 1.000000
86487 0.000000 0.000000 0.000000 1.000000
86488 0.000000 0.000000 0.000000 1.000000
86489 0.000000 0.000000 0.000000 1.000000
86490 0.000000 0.000000 0.000000 1.000000
86491 0.000000 0.000000 0.000000 1.000000
86492 0.000000 0.000000 0.000000 1.000000
86496 0.000000 0.000000 0.000000 1.000000
86497 0.000000 0.000000 0.000000 1.000000
86498 0.000000 0.000000 0.000000 1.000000
86499 0.000000 0.000000 0.000000 1.000000
86502 0.000000 0.000000 0.000000 1.000000
86503 0.000000 0.000000 0.000000 1.000000
86504 0.000000 0.000000 0.000000 1.000000
86508 0.000000 0.000000 0.000000 1.000000
86509 0.000000 0.000000 0.000000 1.000000
86511 0.000000 0.000000 0.000000 1.000000
86516 0.000000 0.000000 0.000000 1.000000
86517 0.000000 0.000000 0.000000 1.000000
86518 0.000000 0.000000 0.000000 1.000000
86519 0.000000 0.000000 0.000000 1.000000
86523 0.000000 0.000000 0.000000 1.000000
86526 0.000000 0.000000 0.000000 1.000000
86527 0.000000 0.000000 0.000000 1.000000
86528 0.000000 0.000000 0.000000 1.000000
86529 0.000000 0.000000 0.000000 1.000000
86530 0.000000 0.000000 0.000000 1.000000
86531 0.000000 0.000000 0.000000 1.000000
86532 0.000000 0.000000 0.000000 1.000000
86533 0.000000 0.000000 0.000000 1.000000
86534 0.000000 0.000000 0.000000 1.000000
86535 0.000000 0.000000 0.000000 1.000000
86536 0.000000 0.000000 0.000000 1.000000
86537 0.000000 0.000000 0.000000 1.000000
86546 0.000000 0.000000 0.000000 1.000000
86547 0.000000 0.000000 0.000000 1.000000
86548 0.000000 0.000000 0.000000 1.000000
86549 0.000000 0.000000 0.000000 1.000000
86550 0.000000 0.000000 0.000000 1.000000
86551 0.000000 0.000000 0.000000 1.000000
86552 0.000000 0.000000 0.000000 1.000000
86553 0.000000 0.000000 0.000000 1.000000
87414 0.000000 0.000000 0.000000 1.000000
87415 0.000000 0.000000 0.000000 1.000000
87420 0.000000 0.000000 0.000000 1.000000
87421 0.000000 0.000000 0.000000 1.000000
87422 0.000000 0.000000 0.000000 1.000000
87423 0.000000 0.000000 0.000000 1.000000
87428 0.000000 0.000000 0.000000 1.000000
87429 0.000000 0.000000 0.000000 1.000000
87430 0.000000 0.000000 0.000000 1.000000
87431 0.000000 0.000000 0.000000 1.000000
87438 0.000000 0.000000 0.000000 1.000000
87439 0.000000 0.000000 0.000000 1.000000
87440 0.000000 0.000000 0.000000 1.000000
87441 0.000000 0.000000 0.000000 1.000000
87442 0.000000 0.000000 0.000000 1.000000
87453 0.000000 0.000000 0.000000 1.000000
87454 0.000000 0.000000 0.000000 1.000000
87455 0.000000 0.000000 0.000000 1.000000
87456 0.000000 0.000000 0.000000 1.000000
87457 0.000000 0.000000 0.000000 1.000000
87462 0.000000 0.000000 0.000000 1.000000
87463 0.000000 0.000000 0.000000 1.000000
87464 0.000000 0.000000 0.000000 1.000000
87465 0.000000 0.000000 0.000000 1.000000
87466 0.000000 0.000000 0.000000 1.000000
87471 0.000000 0.000000 0.000000 1.000000
87472 0.000000 0.000000 0.000000 1.000000
87473 0.000000 0.000000 0.000000 1.000000
87474 0.000000 0.000000 0.000000 1.000000
87475 0.000000 0.000000 0.000000 1.000000
87476 0.000000 0.000000 0.000000 1.000000
87482 0.000000 0.000000 0.000000 1.000000
87483 0.000000 0.000000 0.000000 1.000000
87484 0.000000 0.000000 0.000000 1.000000
87485 0.000000 0.000000 0.000000 1.000000
87486 0.000000 0.000000 0.000000 1.000000
87495 0.000000 0.000000 0.000000 1.000000
87496 0.000000 0.000000 0.000000 1.000000
87497 0.000000 0.000000 0.000000 1.000000
87498 0.000000 0.000000 0.000000 1.000000
87501 0.000000 0.000000 0.000000 1.000000
87502 0.000000 0.000000 0.000000 1.000000
87503 0.000000 0.000000 0.000000 1.000000
87507 0.000000 0.000000 0.000000 1.000000
87508 0.000000 0.000000 0.000000 1.000000
87509 0.000000 0.000000 0.000000 1.000000
87513 0.000000 0.000000 0.000000 1.000000
87514 0.000000 0.000000 0.000000 1.000000
87515 0.000000 0.000000 0.000000 1.000000
87516 0.000000 0.000000 0.000000 1.000000
87519 0.000000 0.000000 0.000000 1.000000
87520 0.000000 0.000000 0.000000 1.000000
87521 0.000000 0.000000 0.000000 1.000000
87522 0.000000 0.000000 0.000000 1.000000
87523 0.000000 0.000000 0.000000 1.000000
87525 0.000000 0.000000 0.000000 1.000000
87526 0.000000 0.000000 0.000000 1.000000
87527 0.000000 0.000000 0.000000 1.000000
87528 0.000000 0.000000 0.000000 1.000000
87529 0.000000 0.000000 0.000000 1.000000
87530 0.000000 0.000000 0.000000 1.000000
87532 0.000000 0.000000 0.000000 1.000000
87533 0.000000 0.000000 0.000000 1.000000
87534 0.000000 0.000000 0.000000 1.000000
87535 0.000000 0.000000 0.000000 1.000000
87536 0.000000 0.000000 0.000000 1.000000
87537 0.000000 0.000000 0.000000 1.000000
87539 0.000000 0.000000 0.000000 1.000000
87540 0.000000 0.000000 0.000000 1.000000
87541 0.000000 0.000000 0.000000 1.000000
87542 0.000000 0.000000 0.000000 1.000000
87543 0.000000 0.000000 0.000000 1.000000
87544 0.000000 0.000000 0.000000 1.000000
87545 0.000000 0.000000 0.000000 1.000000
87546 0.000000 0.000000 0.000000 1.000000
87547 0.000000 0.000000 0.000000 1.000000
87549 0.000000 0.000000 0.000000 1.000000
87550 0.000000 0.000000 0.000000 1.000000
87551 0.000000 0.000000 0.000000 1.000000
87552 0.000000 0.000000 0.000000 1.000000
87553 0.000000 0.000000 0.000000 1.000000
87554 0.000000 0.000000 0.000000 1.000000
87559 0.000000 0.000000 0.000000 1.000000
87560 0.000000 0.000000 0.000000 1.000000
87561 0.000000 0.000000 0.000000 1.000000
87562 0.000000 0.000000 0.000000 1.000000
87563 0.000000 0.000000 0.000000 1.000000
87564 0.000000 0.000000 0.000000 1.000000
87565 0.000000 0.000000 0.000000 1.000000
87570 0.000000 0.000000 0.000000 1.000000
87571 0.000000 0.000000 0.000000 1.000000
87572 0.000000 0.000000 0.000000 1.000000
87574 0.000000 0.000000 0.000000 1.000000
87575 0.000000 0.000000 0.000000 1.000000
87576 0.000000 0.000000 0.000000 1.000000
87577 0.000000 0.000000 0.000000 1.000000
87578 0.000000 0.000000 0.000000 1.000000
87582 0.000000 0.000000 0.000000 1.000000
87585 0.000000 0.000000 0.000000 1.000000
87586 0.000000 0.000000 0.000000 1.000000
87587 0.000000 0.000000 0.000000 1.000000
87588 0.000000 0.000000 0.000000 1.000000
87589 0.000000 0.000000 0.000000 1.000000
87597 0.000000 0.000000 0.000000 1.000000
87598 0.000000 0.000000 0.000000 1.000000
87599 0.000000 0.000000 0.000000 1.000000
87600 0.000000 0.000000 0.000000 1.000000
87601 0.000000 0.000000 0.000000 1.000000
87602 0.000000 0.000000 0.000000 1.000000
87603 0.000000 0.000000 0.000000 1.000000
87610 0.000000 0.000000 0.000000 1.000000
87611 0.000000 0.000000 0.000000 1.000000
87612 0.000000 0.000000 0.000000 1.000000
87613 0.000000 0.000000 0.000000 1.000000
87614 0.000000 0.000000 0.000000 1.000000
87621 0.000000 0.000000 0.000000 1.000000
87622 0.000000 0.000000 0.000000 1.000000
87629 0.000000 0.000000 0.000000 1.000000
87630 0.000000 0.000000 0.000000 1.000000
87638 0.000000 0.000000 0.000000 1.000000
87639 0.000000 0.000000 0.000000 1.000000
87640 0.000000 0.000000 0.000000 1.000000
87649 0.000000 0.000000 0.000000 1.000000
87650 0.000000 0.000000 0.000000 1.000000
87651 0.000000 0.000000 0.000000 1.000000
87652 0.000000 0.000000 0.000000 1.000000
87653 0.000000 0.000000 0.000000 1.000000
87654 0.000000 0.000000 0.000000 1.000000
87666 0.000000 0.000000 0.000000 1.000000
87667 0.000000 0.000000 0.000000 1.000000
87668 0.000000 0.000000 0.000000 1.000000
87669 0.000000 0.000000 0.000000 1.000000
87670 0.000000 0.000000 0.000000 1.000000
87671 0.000000 0.000000 0.000000 1.000000
87672 0.000000 0.000000 0.000000 1.000000
87681 0.000000 0.000000 0.000000 1.000000
87682 0.000000 0.000000 0.000000 1.000000
88556 0.000000 0.000000 0.000000 1.000000
88557 0.000000 0.000000 0.000000 1.000000
88558 0.000000 0.000000 0.000000 1.000000
88559 0.000000 0.000000 0.000000 1.000000
88570 0.000000 0.000000 0.000000 1.000000
88571 0.000000 0.000000 0.000000 1.000000
88572 0.000000 0.000000 0.000000 1.000000
88573 0.000000 0.000000 0.000000 1.000000
88580 0.000000 0.000000 0.000000 1.000000
88581 0.000000 0.000000 0.000000 1.000000
88582 0.000000 0.000000 0.000000 1.000000
88583 0.000000 0.000000 0.000000 1.000000
88591 0.000000 0.000000 0.000000 1.000000
88592 0.000000 0.000000 0.000000 1.000000
88593 0.000000 0.000000 0.000000 1.000000
88594 0.000000 0.000000 0.000000 1.000000
88601 0.000000 0.000000 0.000000 1.000000
88602 0.000000 0.000000 0.000000 1.000000
88603 0.000000 0.000000 0.000000 1.000000
88613 0.000000 0.000000 0.000000 1.000000
88614 0.000000 0.000000 0.000000 1.000000
88615 0.000000 0.000000 0.000000 1.000000
88616 0.000000 0.000000 0.000000 1.000000
88621 0.000000 0.000000 0.000000 1.000000
88622 0.000000 0.000000 0.000000 1.000000
88623 0.000000 0.000000 0.000000 1.000000
88624 0.000000 0.000000 0.000000 1.000000
88629 0.000000 0.000000 0.000000 1.000000
88630 0.000000 0.000000 0.000000 1.000000
88631 0.000000 0.000000 0.000000 1.000000
88632 0.000000 0.000000 0.000000 1.000000
88636 0.000000 0.000000 0.000000 1.000000
88637 0.000000 0.000000 0.000000 1.000000
88638 0.000000 0.000000 0.000000 1.000000
88643 0.000000 0.000000 0.000000 1.000000
88644 0.000000 0.000000 0.000000 1.000000
88645 0.000000 0.000000 0.000000 1.000000
88647 0.000000 0.000000 0.000000 1.000000
88648 0.000000 0.000000 0.000000 1.000000
88649 0.000000 0.000000 0.000000 1.000000
88650 0.000000 0.000000 0.000000 1.000000
88651 0.000000 0.000000 0.000000 1.000000
88652 0.000000 0.000000 0.000000 1.000000
88654 0.000000 0.000000 0.000000 1.000000
88655 0.000000 0.000000 0.000000 1.000000
88656 0.000000 0.000000 0.000000 1.000000
88657 0.000000 0.000000 0.000000 1.000000
88658 0.000000 0.000000 0.000000 1.000000
88660 0.000000 0.000000 0.000000 1.000000
88661 0.000000 0.000000 0.000000 1.000000
88662 0.000000 0.000000 0.000000 1.000000
88666 0.000000 0.000000 0.000000 1.000000
88667 0.000000 0.000000 0.000000 1.000000
88670 0.000000 0.000000 0.000000 1.000000
88671 0.000000 0.000000 0.000000 1.000000
88672 0.000000 0.000000 0.000000 1.000000
88681 0.000000 0.000000 0.000000 1.000000
88682 0.000000 0.000000 0.000000 1.000000
88683 0.000000 0.000000 0.000000 1.000000
88691 0.000000 0.000000 0.000000 1.000000
88692 0.000000 0.000000 0.000000 1.000000
88693 0.000000 0.000000 0.000000 1.000000
88700 0.000000 0.000000 0.000000 1.000000
88701 0.000000 0.000000 0.000000 1.000000
88702 0.000000 0.000000 0.000000 1.000000
88709 0.000000 0.000000 0.000000 1.000000
88710 0.000000 0.000000 0.000000 1.000000
88711 0.000000 0.000000 0.000000 1.000000
88712 0.000000 0.000000 0.000000 1.000000
88713 0.000000 0.000000 0.000000 1.000000
88714 0.000000 0.000000 0.000000 1.000000
88715 0.000000 0.000000 0.000000 1.000000
88722 0.000000 0.000000 0.000000 1.000000
88723 0.000000 0.000000 0.000000 1.000000
88724 0.000000 0.000000 0.000000 1.000000
88725 0.000000 0.000000 0.000000 1.000000
88726 0.000000 0.000000 0.000000 1.000000
88727 0.000000 0.000000 0.000000 1.000000
88728 0.000000 0.000000 0.000000 1.000000
88729 0.000000 0.000000 0.000000 1.000000
88735 0.000000 0.000000 0.000000 1.000000
88736 0.000000 0.000000 0.000000 1.000000
88737 0.000000 0.000000 0.000000 1.000000
88738 0.000000 0.000000 0.000000 1.000000
88739 0.000000 0.000000 0.000000 1.000000
88745 0.000000 0.000000 0.000000 1.000000
88751 0.000000 0.000000 0.000000 1.000000
88752 0.000000 0.000000 0.000000 1.000000
88753 0.000000 0.000000 0.000000 1.000000
88754 0.000000 0.000000 0.000000 1.000000
88755 0.000000 0.000000 0.000000 1.000000
88756 0.000000 0.000000 0.000000 1.000000
88761 0.000000 0.000000 0.000000 1.000000
88762 0.000000 0.000000 0.000000 1.000000
88763 0.000000 0.000000 0.000000 1.000000
88764 0.000000 0.000000 0.000000 1.000000
88765 0.000000 0.000000 0.000000 1.000000
88766 0.000000 0.000000 0.000000 1.000000
88767 0.000000 0.000000 0.000000 1.000000
88774 0.000000 0.000000 0.000000 1.000000
88775 0.000000 0.000000 0.000000 1.000000
88776 0.000000 0.000000 0.000000 1.000000
89624 0.000000 0.000000 0.000000 1.000000
89627 0.000000 0.000000 0.000000 1.000000
89631 0.000000 0.000000 0.000000 1.000000
89667 0.000000 0.000000 0.000000 1.000000
89672 0.000000 0.000000 0.000000 1.000000
89673 0.000000 0.000000 0.000000 1.000000
89674 0.000000 0.000000 0.000000 1.000000
89675 0.000000 0.000000 0.000000 1.000000
89676 0.000000 0.000000 0.000000 1.000000
89677 0.000000 0.000000 0.000000 1.000000
89682 0.000000 0.000000 0.000000 1.000000
89683 0.000000 0.000000 0.000000 1.000000
89684 0.000000 0.000000 0.000000 1.000000
89685 0.000000 0.000000 0.000000 1.000000
89686 0.000000 0.000000 0.000000 1.000000
89687 0.000000 0.000000 0.000000 1.000000
89694 0.000000 0.000000 0.000000 1.000000
89695 0.000000 0.000000 0.000000 1.000000
89696 0.000000 0.000000 0.000000 1.000000
89697 0.000000 0.000000 0.000000 1.000000
89707 0.000000 0.000000 0.000000 1.000000
89708 0.000000 0.000000 0.000000 1.000000
89709 0.000000 0.000000 0.000000 1.000000
89710 0.000000 0.000000 0.000000 1.000000
89711 0.000000 0.000000 0.000000 1.000000
89712 0.000000 0.000000 0.000000 1.000000
89721 0.000000 0.000000 0.000000 1.000000
89722 0.000000 0.000000 0.000000 1.000000
90614 0.000000 0.000000 0.000000 1.000000
90620 0.000000 0.000000 0.000000 1.000000
90621 0.000000 0.000000 0.000000 1.000000
90622 0.000000 0.000000 0.000000 1.000000
90623 0.000000 0.000000 0.000000 1.000000
90624 0.000000 0.000000 0.000000 1.000000
90634 0.000000 0.000000 0.000000 1.000000
90635 0.000000 0.000000 0.000000 1.000000
90636 0.000000 0.000000 0.000000 1.000000
90637 0.000000 0.000000 0.000000 1.000000
90638 0.000000 0.000000 0.000000 1.000000
90647 0.000000 0.000000 0.000000 1.000000
90648 0.000000 0.000000 0.000000 1.000000
90649 0.000000 0.000000 0.000000 1.000000
90650 0.000000 0.000000 0.000000 1.000000
91558 0.000000 0.000000 0.000000 1.000000
91559 0.000000 0.000000 0.000000 1.000000
91560 0.000000 0.000000 0.000000 1.000000
91561 0.000000 0.000000 0.000000 1.000000
91571 0.000000 0.000000 0.000000 1.000000
91572 0.000000 0.000000 0.000000 1.000000
91573 0.000000 0.000000 0.000000 1.000000
91574 0.000000 0.000000 0.000000 1.000000
91575 0.000000 0.000000 0.000000 1.000000
91581 0.000000 0.000000 0.000000 1.000000
91582 0.000000 0.000000 0.000000 1.000000
91583 0.000000 0.000000 0.000000 1.000000
