#
1552
76472 0.000000 0.000000 0.000000 1.000000
76473 0.000000 0.000000 0.000000 1.000000
76474 0.000000 0.000000 0.000000 1.000000
77624 0.000000 0.000000 0.000000 1.000000
77625 0.000000 0.000000 0.000000 1.000000
77634 0.000000 0.000000 0.000000 1.000000
77635 0.000000 0.000000 0.000000 1.000000
77636 0.000000 0.000000 0.000000 1.000000
77637 0.000000 0.000000 0.000000 1.000000
77638 0.000000 0.000000 0.000000 1.000000
78804 0.000000 0.000000 0.000000 1.000000
78805 0.000000 0.000000 0.000000 1.000000
78813 0.000000 0.000000 0.000000 1.000000
78814 0.000000 0.000000 0.000000 1.000000
78821 0.000000 0.000000 0.000000 1.000000
78822 0.000000 0.000000 0.000000 1.000000
78823 0.000000 0.000000 0.000000 1.000000
78834 0.000000 0.000000 0.000000 1.000000
79926 0.000000 0.000000 0.000000 1.000000
79927 0.000000 0.000000 0.000000 1.000000
79935 0.000000 0.000000 0.000000 1.000000
79945 0.000000 0.000000 0.000000 1.000000
79946 0.000000 0.000000 0.000000 1.000000
79953 0.000000 0.000000 0.000000 1.000000
79954 0.000000 0.000000 0.000000 1.000000
79965 0.000000 0.000000 0.000000 1.000000
79966 0.000000 0.000000 0.000000 1.000000
79967 0.000000 0.000000 0.000000 1.000000
79984 0.000000 0.000000 0.000000 1.000000
79985 0.000000 0.000000 0.000000 1.000000
81092 0.000000 0.000000 0.000000 1.000000
81093 0.000000 0.000000 0.000000 1.000000
81101 0.000000 0.000000 0.000000 1.000000
81102 0.000000 0.000000 0.000000 1.000000
81111 0.000000 0.000000 0.000000 1.000000
81112 0.000000 0.000000 0.000000 1.000000
81122 0.000000 0.000000 0.000000 1.000000
81123 0.000000 0.000000 0.000000 1.000000
81135 0.000000 0.000000 0.000000 1.000000
81136 0.000000 0.000000 0.000000 1.000000
81153 0.000000 0.000000 0.000000 1.000000
81154 0.000000 0.000000 0.000000 1.000000
81155 0.000000 0.000000 0.000000 1.000000
81175 0.000000 0.000000 0.000000 1.000000
81176 0.000000 0.000000 0.000000 1.000000
82199 0.000000 0.000000 0.000000 1.000000
82208 0.000000 0.000000 0.000000 1.000000
82209 0.000000 0.000000 0.000000 1.000000
82216 0.000000 0.000000 0.000000 1.000000
82224 0.000000 0.000000 0.000000 1.000000
82225 0.000000 0.000000 0.000000 1.000000
82237 0.000000 0.000000 0.000000 1.000000
82238 0.000000 0.000000 0.000000 1.000000
82255 0.000000 0.000000 0.000000 1.000000
82256 0.000000 0.000000 0.000000 1.000000
82271 0.000000 0.000000 0.000000 1.000000
82272 0.000000 0.000000 0.000000 1.000000
82289 0.000000 0.000000 0.000000 1.000000
83315 0.000000 0.000000 0.000000 1.000000
83321 0.000000 0.000000 0.000000 1.000000
83322 0.000000 0.000000 0.000000 1.000000
83328 0.000000 0.000000 0.000000 1.000000
83336 0.000000 0.000000 0.000000 1.000000
83337 0.000000 0.000000 0.000000 1.000000
83346 0.000000 0.000000 0.000000 1.000000
83354 0.000000 0.000000 0.000000 1.000000
83355 0.000000 0.000000 0.000000 1.000000
83367 0.000000 0.000000 0.000000 1.000000
83368 0.000000 0.000000 0.000000 1.000000
83385 0.000000 0.000000 0.000000 1.000000
83386 0.000000 0.000000 0.000000 1.000000
83399 0.000000 0.000000 0.000000 1.000000
83400 0.000000 0.000000 0.000000 1.000000
83419 0.000000 0.000000 0.000000 1.000000
84391 0.000000 0.000000 0.000000 1.000000
84398 0.000000 0.000000 0.000000 1.000000
84404 0.000000 0.000000 0.000000 1.000000
84405 0.000000 0.000000 0.000000 1.000000
84411 0.000000 0.000000 0.000000 1.000000
84416 0.000000 0.000000 0.000000 1.000000
84417 0.000000 0.000000 0.000000 1.000000
84425 0.000000 0.000000 0.000000 1.000000
84434 0.000000 0.000000 0.000000 1.000000
84435 0.000000 0.000000 0.000000 1.000000
84450 0.000000 0.000000 0.000000 1.000000
84466 0.000000 0.000000 0.000000 1.000000
84467 0.000000 0.000000 0.000000 1.000000
84480 0.000000 0.000000 0.000000 1.000000
84481 0.000000 0.000000 0.000000 1.000000
84499 0.000000 0.000000 0.000000 1.000000
84500 0.000000 0.000000 0.000000 1.000000
85518 0.000000 0.000000 0.000000 1.000000
85525 0.000000 0.000000 0.000000 1.000000
85531 0.000000 0.000000 0.000000 1.000000
85532 0.000000 0.000000 0.000000 1.000000
85537 0.000000 0.000000 0.000000 1.000000
85542 0.000000 0.000000 0.000000 1.000000
85543 0.000000 0.000000 0.000000 1.000000
85549 0.000000 0.000000 0.000000 1.000000
85556 0.000000 0.000000 0.000000 1.000000
85557 0.000000 0.000000 0.000000 1.000000
85571 0.000000 0.000000 0.000000 1.000000
85586 0.000000 0.000000 0.000000 1.000000
85587 0.000000 0.000000 0.000000 1.000000
85601 0.000000 0.000000 0.000000 1.000000
85620 0.000000 0.000000 0.000000 1.000000
85621 0.000000 0.000000 0.000000 1.000000
85643 0.000000 0.000000 0.000000 1.000000
86589 0.000000 0.000000 0.000000 1.000000
86590 0.000000 0.000000 0.000000 1.000000
86591 0.000000 0.000000 0.000000 1.000000
86599 0.000000 0.000000 0.000000 1.000000
86600 0.000000 0.000000 0.000000 1.000000
86607 0.000000 0.000000 0.000000 1.000000
86608 0.000000 0.000000 0.000000 1.000000
86613 0.000000 0.000000 0.000000 1.000000
86614 0.000000 0.000000 0.000000 1.000000
86615 0.000000 0.000000 0.000000 1.000000
86621 0.000000 0.000000 0.000000 1.000000
86622 0.000000 0.000000 0.000000 1.000000
86623 0.000000 0.000000 0.000000 1.000000
86630 0.000000 0.000000 0.000000 1.000000
86631 0.000000 0.000000 0.000000 1.000000
86637 0.000000 0.000000 0.000000 1.000000
86638 0.000000 0.000000 0.000000 1.000000
86651 0.000000 0.000000 0.000000 1.000000
86663 0.000000 0.000000 0.000000 1.000000
86664 0.000000 0.000000 0.000000 1.000000
86675 0.000000 0.000000 0.000000 1.000000
86676 0.000000 0.000000 0.000000 1.000000
86696 0.000000 0.000000 0.000000 1.000000
86714 0.000000 0.000000 0.000000 1.000000
87609 0.000000 0.000000 0.000000 1.000000
87610 0.000000 0.000000 0.000000 1.000000
87611 0.000000 0.000000 0.000000 1.000000
87619 0.000000 0.000000 0.000000 1.000000
87620 0.000000 0.000000 0.000000 1.000000
87621 0.000000 0.000000 0.000000 1.000000
87628 0.000000 0.000000 0.000000 1.000000
87629 0.000000 0.000000 0.000000 1.000000
87630 0.000000 0.000000 0.000000 1.000000
87638 0.000000 0.000000 0.000000 1.000000
87639 0.000000 0.000000 0.000000 1.000000
87640 0.000000 0.000000 0.000000 1.000000
87645 0.000000 0.000000 0.000000 1.000000
87651 0.000000 0.000000 0.000000 1.000000
87655 0.000000 0.000000 0.000000 1.000000
87667 0.000000 0.000000 0.000000 1.000000
87679 0.000000 0.000000 0.000000 1.000000
87688 0.000000 0.000000 0.000000 1.000000
87689 0.000000 0.000000 0.000000 1.000000
87707 0.000000 0.000000 0.000000 1.000000
87723 0.000000 0.000000 0.000000 1.000000
87740 0.000000 0.000000 0.000000 1.000000
88608 0.000000 0.000000 0.000000 1.000000
88616 0.000000 0.000000 0.000000 1.000000
88625 0.000000 0.000000 0.000000 1.000000
88632 0.000000 0.000000 0.000000 1.000000
88640 0.000000 0.000000 0.000000 1.000000
88645 0.000000 0.000000 0.000000 1.000000
88651 0.000000 0.000000 0.000000 1.000000
88656 0.000000 0.000000 0.000000 1.000000
88667 0.000000 0.000000 0.000000 1.000000
88679 0.000000 0.000000 0.000000 1.000000
88690 0.000000 0.000000 0.000000 1.000000
88691 0.000000 0.000000 0.000000 1.000000
88712 0.000000 0.000000 0.000000 1.000000
88713 0.000000 0.000000 0.000000 1.000000
88732 0.000000 0.000000 0.000000 1.000000
88750 0.000000 0.000000 0.000000 1.000000
88751 0.000000 0.000000 0.000000 1.000000
88767 0.000000 0.000000 0.000000 1.000000
88768 0.000000 0.000000 0.000000 1.000000
88769 0.000000 0.000000 0.000000 1.000000
88790 0.000000 0.000000 0.000000 1.000000
88791 0.000000 0.000000 0.000000 1.000000
88802 0.000000 0.000000 0.000000 1.000000
89588 0.000000 0.000000 0.000000 1.000000
89597 0.000000 0.000000 0.000000 1.000000
89606 0.000000 0.000000 0.000000 1.000000
89613 0.000000 0.000000 0.000000 1.000000
89620 0.000000 0.000000 0.000000 1.000000
89625 0.000000 0.000000 0.000000 1.000000
89630 0.000000 0.000000 0.000000 1.000000
89635 0.000000 0.000000 0.000000 1.000000
89648 0.000000 0.000000 0.000000 1.000000
89671 0.000000 0.000000 0.000000 1.000000
89690 0.000000 0.000000 0.000000 1.000000
89691 0.000000 0.000000 0.000000 1.000000
89712 0.000000 0.000000 0.000000 1.000000
89713 0.000000 0.000000 0.000000 1.000000
89729 0.000000 0.000000 0.000000 1.000000
89744 0.000000 0.000000 0.000000 1.000000
89757 0.000000 0.000000 0.000000 1.000000
89758 0.000000 0.000000 0.000000 1.000000
89779 0.000000 0.000000 0.000000 1.000000
89780 0.000000 0.000000 0.000000 1.000000
89792 0.000000 0.000000 0.000000 1.000000
89793 0.000000 0.000000 0.000000 1.000000
89801 0.000000 0.000000 0.000000 1.000000
89802 0.000000 0.000000 0.000000 1.000000
90608 0.000000 0.000000 0.000000 1.000000
90617 0.000000 0.000000 0.000000 1.000000
90625 0.000000 0.000000 0.000000 1.000000
90634 0.000000 0.000000 0.000000 1.000000
90643 0.000000 0.000000 0.000000 1.000000
90652 0.000000 0.000000 0.000000 1.000000
90658 0.000000 0.000000 0.000000 1.000000
90666 0.000000 0.000000 0.000000 1.000000
90675 0.000000 0.000000 0.000000 1.000000
90688 0.000000 0.000000 0.000000 1.000000
90712 0.000000 0.000000 0.000000 1.000000
90713 0.000000 0.000000 0.000000 1.000000
90727 0.000000 0.000000 0.000000 1.000000
90728 0.000000 0.000000 0.000000 1.000000
90742 0.000000 0.000000 0.000000 1.000000
90743 0.000000 0.000000 0.000000 1.000000
90757 0.000000 0.000000 0.000000 1.000000
90758 0.000000 0.000000 0.000000 1.000000
90759 0.000000 0.000000 0.000000 1.000000
90772 0.000000 0.000000 0.000000 1.000000
90774 0.000000 0.000000 0.000000 1.000000
90785 0.000000 0.000000 0.000000 1.000000
90786 0.000000 0.000000 0.000000 1.000000
90799 0.000000 0.000000 0.000000 1.000000
90800 0.000000 0.000000 0.000000 1.000000
90810 0.000000 0.000000 0.000000 1.000000
90811 0.000000 0.000000 0.000000 1.000000
90821 0.000000 0.000000 0.000000 1.000000
90822 0.000000 0.000000 0.000000 1.000000
91620 0.000000 0.000000 0.000000 1.000000
91621 0.000000 0.000000 0.000000 1.000000
91626 0.000000 0.000000 0.000000 1.000000
91635 0.000000 0.000000 0.000000 1.000000
91647 0.000000 0.000000 0.000000 1.000000
91656 0.000000 0.000000 0.000000 1.000000
91665 0.000000 0.000000 0.000000 1.000000
91675 0.000000 0.000000 0.000000 1.000000
91684 0.000000 0.000000 0.000000 1.000000
91692 0.000000 0.000000 0.000000 1.000000
91698 0.000000 0.000000 0.000000 1.000000
91707 0.000000 0.000000 0.000000 1.000000
91734 0.000000 0.000000 0.000000 1.000000
91735 0.000000 0.000000 0.000000 1.000000
91749 0.000000 0.000000 0.000000 1.000000
91750 0.000000 0.000000 0.000000 1.000000
91751 0.000000 0.000000 0.000000 1.000000
91764 0.000000 0.000000 0.000000 1.000000
91765 0.000000 0.000000 0.000000 1.000000
91766 0.000000 0.000000 0.000000 1.000000
91767 0.000000 0.000000 0.000000 1.000000
91776 0.000000 0.000000 0.000000 1.000000
91777 0.000000 0.000000 0.000000 1.000000
91778 0.000000 0.000000 0.000000 1.000000
91779 0.000000 0.000000 0.000000 1.000000
91790 0.000000 0.000000 0.000000 1.000000
91791 0.000000 0.000000 0.000000 1.000000
91792 0.000000 0.000000 0.000000 1.000000
91804 0.000000 0.000000 0.000000 1.000000
91805 0.000000 0.000000 0.000000 1.000000
91815 0.000000 0.000000 0.000000 1.000000
91816 0.000000 0.000000 0.000000 1.000000
91817 0.000000 0.000000 0.000000 1.000000
91818 0.000000 0.000000 0.000000 1.000000
91824 0.000000 0.000000 0.000000 1.000000
91825 0.000000 0.000000 0.000000 1.000000
91826 0.000000 0.000000 0.000000 1.000000
91827 0.000000 0.000000 0.000000 1.000000
91835 0.000000 0.000000 0.000000 1.000000
91836 0.000000 0.000000 0.000000 1.000000
91837 0.000000 0.000000 0.000000 1.000000
91847 0.000000 0.000000 0.000000 1.000000
91848 0.000000 0.000000 0.000000 1.000000
92638 0.000000 0.000000 0.000000 1.000000
92639 0.000000 0.000000 0.000000 1.000000
92640 0.000000 0.000000 0.000000 1.000000
92641 0.000000 0.000000 0.000000 1.000000
92642 0.000000 0.000000 0.000000 1.000000
92643 0.000000 0.000000 0.000000 1.000000
92644 0.000000 0.000000 0.000000 1.000000
92645 0.000000 0.000000 0.000000 1.000000
92646 0.000000 0.000000 0.000000 1.000000
92650 0.000000 0.000000 0.000000 1.000000
92660 0.000000 0.000000 0.000000 1.000000
92670 0.000000 0.000000 0.000000 1.000000
92677 0.000000 0.000000 0.000000 1.000000
92690 0.000000 0.000000 0.000000 1.000000
92699 0.000000 0.000000 0.000000 1.000000
92706 0.000000 0.000000 0.000000 1.000000
92712 0.000000 0.000000 0.000000 1.000000
92721 0.000000 0.000000 0.000000 1.000000
92748 0.000000 0.000000 0.000000 1.000000
92749 0.000000 0.000000 0.000000 1.000000
92756 0.000000 0.000000 0.000000 1.000000
92757 0.000000 0.000000 0.000000 1.000000
92758 0.000000 0.000000 0.000000 1.000000
92759 0.000000 0.000000 0.000000 1.000000
92765 0.000000 0.000000 0.000000 1.000000
92766 0.000000 0.000000 0.000000 1.000000
92767 0.000000 0.000000 0.000000 1.000000
92768 0.000000 0.000000 0.000000 1.000000
92773 0.000000 0.000000 0.000000 1.000000
92774 0.000000 0.000000 0.000000 1.000000
92775 0.000000 0.000000 0.000000 1.000000
92780 0.000000 0.000000 0.000000 1.000000
92781 0.000000 0.000000 0.000000 1.000000
92782 0.000000 0.000000 0.000000 1.000000
92787 0.000000 0.000000 0.000000 1.000000
92788 0.000000 0.000000 0.000000 1.000000
92789 0.000000 0.000000 0.000000 1.000000
92798 0.000000 0.000000 0.000000 1.000000
92799 0.000000 0.000000 0.000000 1.000000
92800 0.000000 0.000000 0.000000 1.000000
92807 0.000000 0.000000 0.000000 1.000000
92808 0.000000 0.000000 0.000000 1.000000
92809 0.000000 0.000000 0.000000 1.000000
92815 0.000000 0.000000 0.000000 1.000000
92816 0.000000 0.000000 0.000000 1.000000
92826 0.000000 0.000000 0.000000 1.000000
92827 0.000000 0.000000 0.000000 1.000000
92828 0.000000 0.000000 0.000000 1.000000
92836 0.000000 0.000000 0.000000 1.000000
92837 0.000000 0.000000 0.000000 1.000000
92838 0.000000 0.000000 0.000000 1.000000
93725 0.000000 0.000000 0.000000 1.000000
93726 0.000000 0.000000 0.000000 1.000000
93727 0.000000 0.000000 0.000000 1.000000
93729 0.000000 0.000000 0.000000 1.000000
93730 0.000000 0.000000 0.000000 1.000000
93731 0.000000 0.000000 0.000000 1.000000
93734 0.000000 0.000000 0.000000 1.000000
93735 0.000000 0.000000 0.000000 1.000000
93736 0.000000 0.000000 0.000000 1.000000
93737 0.000000 0.000000 0.000000 1.000000
93742 0.000000 0.000000 0.000000 1.000000
93743 0.000000 0.000000 0.000000 1.000000
93744 0.000000 0.000000 0.000000 1.000000
93745 0.000000 0.000000 0.000000 1.000000
93753 0.000000 0.000000 0.000000 1.000000
93765 0.000000 0.000000 0.000000 1.000000
93774 0.000000 0.000000 0.000000 1.000000
93787 0.000000 0.000000 0.000000 1.000000
93794 0.000000 0.000000 0.000000 1.000000
93802 0.000000 0.000000 0.000000 1.000000
93810 0.000000 0.000000 0.000000 1.000000
93820 0.000000 0.000000 0.000000 1.000000
93845 0.000000 0.000000 0.000000 1.000000
93846 0.000000 0.000000 0.000000 1.000000
93866 0.000000 0.000000 0.000000 1.000000
93867 0.000000 0.000000 0.000000 1.000000
93868 0.000000 0.000000 0.000000 1.000000
93869 0.000000 0.000000 0.000000 1.000000
93870 0.000000 0.000000 0.000000 1.000000
93874 0.000000 0.000000 0.000000 1.000000
93875 0.000000 0.000000 0.000000 1.000000
93876 0.000000 0.000000 0.000000 1.000000
93880 0.000000 0.000000 0.000000 1.000000
93881 0.000000 0.000000 0.000000 1.000000
93886 0.000000 0.000000 0.000000 1.000000
93887 0.000000 0.000000 0.000000 1.000000
93888 0.000000 0.000000 0.000000 1.000000
93893 0.000000 0.000000 0.000000 1.000000
93894 0.000000 0.000000 0.000000 1.000000
93899 0.000000 0.000000 0.000000 1.000000
93900 0.000000 0.000000 0.000000 1.000000
93909 0.000000 0.000000 0.000000 1.000000
93910 0.000000 0.000000 0.000000 1.000000
93915 0.000000 0.000000 0.000000 1.000000
93916 0.000000 0.000000 0.000000 1.000000
93922 0.000000 0.000000 0.000000 1.000000
93923 0.000000 0.000000 0.000000 1.000000
93931 0.000000 0.000000 0.000000 1.000000
93932 0.000000 0.000000 0.000000 1.000000
93933 0.000000 0.000000 0.000000 1.000000
93943 0.000000 0.000000 0.000000 1.000000
94794 0.000000 0.000000 0.000000 1.000000
94795 0.000000 0.000000 0.000000 1.000000
94800 0.000000 0.000000 0.000000 1.000000
94801 0.000000 0.000000 0.000000 1.000000
94802 0.000000 0.000000 0.000000 1.000000
94804 0.000000 0.000000 0.000000 1.000000
94805 0.000000 0.000000 0.000000 1.000000
94806 0.000000 0.000000 0.000000 1.000000
94808 0.000000 0.000000 0.000000 1.000000
94809 0.000000 0.000000 0.000000 1.000000
94813 0.000000 0.000000 0.000000 1.000000
94814 0.000000 0.000000 0.000000 1.000000
94819 0.000000 0.000000 0.000000 1.000000
94820 0.000000 0.000000 0.000000 1.000000
94821 0.000000 0.000000 0.000000 1.000000
94822 0.000000 0.000000 0.000000 1.000000
94829 0.000000 0.000000 0.000000 1.000000
94830 0.000000 0.000000 0.000000 1.000000
94831 0.000000 0.000000 0.000000 1.000000
94841 0.000000 0.000000 0.000000 1.000000
94842 0.000000 0.000000 0.000000 1.000000
94852 0.000000 0.000000 0.000000 1.000000
94862 0.000000 0.000000 0.000000 1.000000
94871 0.000000 0.000000 0.000000 1.000000
94879 0.000000 0.000000 0.000000 1.000000
94888 0.000000 0.000000 0.000000 1.000000
94898 0.000000 0.000000 0.000000 1.000000
94913 0.000000 0.000000 0.000000 1.000000
94914 0.000000 0.000000 0.000000 1.000000
94938 0.000000 0.000000 0.000000 1.000000
94939 0.000000 0.000000 0.000000 1.000000
94940 0.000000 0.000000 0.000000 1.000000
94941 0.000000 0.000000 0.000000 1.000000
94942 0.000000 0.000000 0.000000 1.000000
94961 0.000000 0.000000 0.000000 1.000000
94962 0.000000 0.000000 0.000000 1.000000
94963 0.000000 0.000000 0.000000 1.000000
94964 0.000000 0.000000 0.000000 1.000000
94969 0.000000 0.000000 0.000000 1.000000
94970 0.000000 0.000000 0.000000 1.000000
94971 0.000000 0.000000 0.000000 1.000000
94976 0.000000 0.000000 0.000000 1.000000
94977 0.000000 0.000000 0.000000 1.000000
94978 0.000000 0.000000 0.000000 1.000000
94979 0.000000 0.000000 0.000000 1.000000
94984 0.000000 0.000000 0.000000 1.000000
94985 0.000000 0.000000 0.000000 1.000000
94986 0.000000 0.000000 0.000000 1.000000
94990 0.000000 0.000000 0.000000 1.000000
94991 0.000000 0.000000 0.000000 1.000000
94992 0.000000 0.000000 0.000000 1.000000
94999 0.000000 0.000000 0.000000 1.000000
95000 0.000000 0.000000 0.000000 1.000000
95001 0.000000 0.000000 0.000000 1.000000
95007 0.000000 0.000000 0.000000 1.000000
95008 0.000000 0.000000 0.000000 1.000000
95009 0.000000 0.000000 0.000000 1.000000
95015 0.000000 0.000000 0.000000 1.000000
95016 0.000000 0.000000 0.000000 1.000000
95017 0.000000 0.000000 0.000000 1.000000
95022 0.000000 0.000000 0.000000 1.000000
95023 0.000000 0.000000 0.000000 1.000000
95024 0.000000 0.000000 0.000000 1.000000
95025 0.000000 0.000000 0.000000 1.000000
95034 0.000000 0.000000 0.000000 1.000000
95035 0.000000 0.000000 0.000000 1.000000
95036 0.000000 0.000000 0.000000 1.000000
95878 0.000000 0.000000 0.000000 1.000000
95879 0.000000 0.000000 0.000000 1.000000
95882 0.000000 0.000000 0.000000 1.000000
95883 0.000000 0.000000 0.000000 1.000000
95886 0.000000 0.000000 0.000000 1.000000
95887 0.000000 0.000000 0.000000 1.000000
95888 0.000000 0.000000 0.000000 1.000000
95890 0.000000 0.000000 0.000000 1.000000
95891 0.000000 0.000000 0.000000 1.000000
95892 0.000000 0.000000 0.000000 1.000000
95894 0.000000 0.000000 0.000000 1.000000
95895 0.000000 0.000000 0.000000 1.000000
95896 0.000000 0.000000 0.000000 1.000000
95898 0.000000 0.000000 0.000000 1.000000
95899 0.000000 0.000000 0.000000 1.000000
95900 0.000000 0.000000 0.000000 1.000000
95906 0.000000 0.000000 0.000000 1.000000
95907 0.000000 0.000000 0.000000 1.000000
95914 0.000000 0.000000 0.000000 1.000000
95915 0.000000 0.000000 0.000000 1.000000
95923 0.000000 0.000000 0.000000 1.000000
95924 0.000000 0.000000 0.000000 1.000000
95932 0.000000 0.000000 0.000000 1.000000
95940 0.000000 0.000000 0.000000 1.000000
95949 0.000000 0.000000 0.000000 1.000000
95958 0.000000 0.000000 0.000000 1.000000
95965 0.000000 0.000000 0.000000 1.000000
95978 0.000000 0.000000 0.000000 1.000000
95979 0.000000 0.000000 0.000000 1.000000
95992 0.000000 0.000000 0.000000 1.000000
95993 0.000000 0.000000 0.000000 1.000000
95994 0.000000 0.000000 0.000000 1.000000
95995 0.000000 0.000000 0.000000 1.000000
96014 0.000000 0.000000 0.000000 1.000000
96015 0.000000 0.000000 0.000000 1.000000
96016 0.000000 0.000000 0.000000 1.000000
96017 0.000000 0.000000 0.000000 1.000000
96022 0.000000 0.000000 0.000000 1.000000
96023 0.000000 0.000000 0.000000 1.000000
96024 0.000000 0.000000 0.000000 1.000000
96025 0.000000 0.000000 0.000000 1.000000
96029 0.000000 0.000000 0.000000 1.000000
96030 0.000000 0.000000 0.000000 1.000000
96031 0.000000 0.000000 0.000000 1.000000
96032 0.000000 0.000000 0.000000 1.000000
96038 0.000000 0.000000 0.000000 1.000000
96039 0.000000 0.000000 0.000000 1.000000
96040 0.000000 0.000000 0.000000 1.000000
96045 0.000000 0.000000 0.000000 1.000000
96046 0.000000 0.000000 0.000000 1.000000
96047 0.000000 0.000000 0.000000 1.000000
96048 0.000000 0.000000 0.000000 1.000000
96053 0.000000 0.000000 0.000000 1.000000
96054 0.000000 0.000000 0.000000 1.000000
96055 0.000000 0.000000 0.000000 1.000000
96056 0.000000 0.000000 0.000000 1.000000
96061 0.000000 0.000000 0.000000 1.000000
96062 0.000000 0.000000 0.000000 1.000000
96063 0.000000 0.000000 0.000000 1.000000
96064 0.000000 0.000000 0.000000 1.000000
96070 0.000000 0.000000 0.000000 1.000000
96071 0.000000 0.000000 0.000000 1.000000
96072 0.000000 0.000000 0.000000 1.000000
96073 0.000000 0.000000 0.000000 1.000000
96077 0.000000 0.000000 0.000000 1.000000
96078 0.000000 0.000000 0.000000 1.000000
96079 0.000000 0.000000 0.000000 1.000000
96080 0.000000 0.000000 0.000000 1.000000
96081 0.000000 0.000000 0.000000 1.000000
96089 0.000000 0.000000 0.000000 1.000000
96090 0.000000 0.000000 0.000000 1.000000
96091 0.000000 0.000000 0.000000 1.000000
96092 0.000000 0.000000 0.000000 1.000000
96093 0.000000 0.000000 0.000000 1.000000
96102 0.000000 0.000000 0.000000 1.000000
96103 0.000000 0.000000 0.000000 1.000000
96104 0.000000 0.000000 0.000000 1.000000
96105 0.000000 0.000000 0.000000 1.000000
96106 0.000000 0.000000 0.000000 1.000000
97016 0.000000 0.000000 0.000000 1.000000
97022 0.000000 0.000000 0.000000 1.000000
97023 0.000000 0.000000 0.000000 1.000000
97025 0.000000 0.000000 0.000000 1.000000
97028 0.000000 0.000000 0.000000 1.000000
97029 0.000000 0.000000 0.000000 1.000000
97032 0.000000 0.000000 0.000000 1.000000
97033 0.000000 0.000000 0.000000 1.000000
97035 0.000000 0.000000 0.000000 1.000000
97036 0.000000 0.000000 0.000000 1.000000
97039 0.000000 0.000000 0.000000 1.000000
97043 0.000000 0.000000 0.000000 1.000000
97050 0.000000 0.000000 0.000000 1.000000
97058 0.000000 0.000000 0.000000 1.000000
97059 0.000000 0.000000 0.000000 1.000000
97068 0.000000 0.000000 0.000000 1.000000
97069 0.000000 0.000000 0.000000 1.000000
97078 0.000000 0.000000 0.000000 1.000000
97085 0.000000 0.000000 0.000000 1.000000
97093 0.000000 0.000000 0.000000 1.000000
97101 0.000000 0.000000 0.000000 1.000000
97113 0.000000 0.000000 0.000000 1.000000
97114 0.000000 0.000000 0.000000 1.000000
97131 0.000000 0.000000 0.000000 1.000000
97132 0.000000 0.000000 0.000000 1.000000
97133 0.000000 0.000000 0.000000 1.000000
97134 0.000000 0.000000 0.000000 1.000000
97158 0.000000 0.000000 0.000000 1.000000
97159 0.000000 0.000000 0.000000 1.000000
97160 0.000000 0.000000 0.000000 1.000000
97161 0.000000 0.000000 0.000000 1.000000
97162 0.000000 0.000000 0.000000 1.000000
97163 0.000000 0.000000 0.000000 1.000000
97185 0.000000 0.000000 0.000000 1.000000
97186 0.000000 0.000000 0.000000 1.000000
97187 0.000000 0.000000 0.000000 1.000000
97188 0.000000 0.000000 0.000000 1.000000
97189 0.000000 0.000000 0.000000 1.000000
97190 0.000000 0.000000 0.000000 1.000000
97191 0.000000 0.000000 0.000000 1.000000
97195 0.000000 0.000000 0.000000 1.000000
97196 0.000000 0.000000 0.000000 1.000000
97197 0.000000 0.000000 0.000000 1.000000
97198 0.000000 0.000000 0.000000 1.000000
97203 0.000000 0.000000 0.000000 1.000000
97204 0.000000 0.000000 0.000000 1.000000
97205 0.000000 0.000000 0.000000 1.000000
97209 0.000000 0.000000 0.000000 1.000000
97210 0.000000 0.000000 0.000000 1.000000
97211 0.000000 0.000000 0.000000 1.000000
97216 0.000000 0.000000 0.000000 1.000000
97217 0.000000 0.000000 0.000000 1.000000
97243 0.000000 0.000000 0.000000 1.000000
97244 0.000000 0.000000 0.000000 1.000000
97252 0.000000 0.000000 0.000000 1.000000
97253 0.000000 0.000000 0.000000 1.000000
98143 0.000000 0.000000 0.000000 1.000000
98156 0.000000 0.000000 0.000000 1.000000
98168 0.000000 0.000000 0.000000 1.000000
98169 0.000000 0.000000 0.000000 1.000000
98177 0.000000 0.000000 0.000000 1.000000
98178 0.000000 0.000000 0.000000 1.000000
98180 0.000000 0.000000 0.000000 1.000000
98181 0.000000 0.000000 0.000000 1.000000
98184 0.000000 0.000000 0.000000 1.000000
98185 0.000000 0.000000 0.000000 1.000000
98188 0.000000 0.000000 0.000000 1.000000
98189 0.000000 0.000000 0.000000 1.000000
98192 0.000000 0.000000 0.000000 1.000000
98193 0.000000 0.000000 0.000000 1.000000
98195 0.000000 0.000000 0.000000 1.000000
98200 0.000000 0.000000 0.000000 1.000000
98206 0.000000 0.000000 0.000000 1.000000
98214 0.000000 0.000000 0.000000 1.000000
98215 0.000000 0.000000 0.000000 1.000000
98223 0.000000 0.000000 0.000000 1.000000
98229 0.000000 0.000000 0.000000 1.000000
98235 0.000000 0.000000 0.000000 1.000000
98243 0.000000 0.000000 0.000000 1.000000
98244 0.000000 0.000000 0.000000 1.000000
98250 0.000000 0.000000 0.000000 1.000000
98251 0.000000 0.000000 0.000000 1.000000
98261 0.000000 0.000000 0.000000 1.000000
98262 0.000000 0.000000 0.000000 1.000000
98263 0.000000 0.000000 0.000000 1.000000
98264 0.000000 0.000000 0.000000 1.000000
98274 0.000000 0.000000 0.000000 1.000000
98275 0.000000 0.000000 0.000000 1.000000
98276 0.000000 0.000000 0.000000 1.000000
98277 0.000000 0.000000 0.000000 1.000000
98278 0.000000 0.000000 0.000000 1.000000
98279 0.000000 0.000000 0.000000 1.000000
98280 0.000000 0.000000 0.000000 1.000000
98302 0.000000 0.000000 0.000000 1.000000
98303 0.000000 0.000000 0.000000 1.000000
98304 0.000000 0.000000 0.000000 1.000000
98305 0.000000 0.000000 0.000000 1.000000
98306 0.000000 0.000000 0.000000 1.000000
99140 0.000000 0.000000 0.000000 1.000000
99141 0.000000 0.000000 0.000000 1.000000
99150 0.000000 0.000000 0.000000 1.000000
99151 0.000000 0.000000 0.000000 1.000000
99160 0.000000 0.000000 0.000000 1.000000
99170 0.000000 0.000000 0.000000 1.000000
99171 0.000000 0.000000 0.000000 1.000000
99176 0.000000 0.000000 0.000000 1.000000
99179 0.000000 0.000000 0.000000 1.000000
99180 0.000000 0.000000 0.000000 1.000000
99183 0.000000 0.000000 0.000000 1.000000
99184 0.000000 0.000000 0.000000 1.000000
99187 0.000000 0.000000 0.000000 1.000000
99188 0.000000 0.000000 0.000000 1.000000
99190 0.000000 0.000000 0.000000 1.000000
99191 0.000000 0.000000 0.000000 1.000000
99193 0.000000 0.000000 0.000000 1.000000
99198 0.000000 0.000000 0.000000 1.000000
99205 0.000000 0.000000 0.000000 1.000000
99206 0.000000 0.000000 0.000000 1.000000
99213 0.000000 0.000000 0.000000 1.000000
99220 0.000000 0.000000 0.000000 1.000000
99226 0.000000 0.000000 0.000000 1.000000
99227 0.000000 0.000000 0.000000 1.000000
99233 0.000000 0.000000 0.000000 1.000000
99234 0.000000 0.000000 0.000000 1.000000
99240 0.000000 0.000000 0.000000 1.000000
99241 0.000000 0.000000 0.000000 1.000000
99250 0.000000 0.000000 0.000000 1.000000
99251 0.000000 0.000000 0.000000 1.000000
99252 0.000000 0.000000 0.000000 1.000000
99253 0.000000 0.000000 0.000000 1.000000
99254 0.000000 0.000000 0.000000 1.000000
99263 0.000000 0.000000 0.000000 1.000000
99264 0.000000 0.000000 0.000000 1.000000
99265 0.000000 0.000000 0.000000 1.000000
99266 0.000000 0.000000 0.000000 1.000000
99267 0.000000 0.000000 0.000000 1.000000
99268 0.000000 0.000000 0.000000 1.000000
99269 0.000000 0.000000 0.000000 1.000000
99270 0.000000 0.000000 0.000000 1.000000
99271 0.000000 0.000000 0.000000 1.000000
99291 0.000000 0.000000 0.000000 1.000000
99292 0.000000 0.000000 0.000000 1.000000
99293 0.000000 0.000000 0.000000 1.000000
99294 0.000000 0.000000 0.000000 1.000000
99295 0.000000 0.000000 0.000000 1.000000
100007 0.000000 0.000000 0.000000 1.000000
100008 0.000000 0.000000 0.000000 1.000000
100019 0.000000 0.000000 0.000000 1.000000
100031 0.000000 0.000000 0.000000 1.000000
100032 0.000000 0.000000 0.000000 1.000000
100042 0.000000 0.000000 0.000000 1.000000
100052 0.000000 0.000000 0.000000 1.000000
100053 0.000000 0.000000 0.000000 1.000000
100058 0.000000 0.000000 0.000000 1.000000
100059 0.000000 0.000000 0.000000 1.000000
100062 0.000000 0.000000 0.000000 1.000000
100065 0.000000 0.000000 0.000000 1.000000
100066 0.000000 0.000000 0.000000 1.000000
100069 0.000000 0.000000 0.000000 1.000000
100071 0.000000 0.000000 0.000000 1.000000
100072 0.000000 0.000000 0.000000 1.000000
100075 0.000000 0.000000 0.000000 1.000000
100076 0.000000 0.000000 0.000000 1.000000
100081 0.000000 0.000000 0.000000 1.000000
100087 0.000000 0.000000 0.000000 1.000000
100088 0.000000 0.000000 0.000000 1.000000
100096 0.000000 0.000000 0.000000 1.000000
100103 0.000000 0.000000 0.000000 1.000000
100104 0.000000 0.000000 0.000000 1.000000
100111 0.000000 0.000000 0.000000 1.000000
100112 0.000000 0.000000 0.000000 1.000000
100119 0.000000 0.000000 0.000000 1.000000
100120 0.000000 0.000000 0.000000 1.000000
100126 0.000000 0.000000 0.000000 1.000000
100127 0.000000 0.000000 0.000000 1.000000
100133 0.000000 0.000000 0.000000 1.000000
100134 0.000000 0.000000 0.000000 1.000000
100141 0.000000 0.000000 0.000000 1.000000
100142 0.000000 0.000000 0.000000 1.000000
100143 0.000000 0.000000 0.000000 1.000000
100144 0.000000 0.000000 0.000000 1.000000
100145 0.000000 0.000000 0.000000 1.000000
100146 0.000000 0.000000 0.000000 1.000000
100147 0.000000 0.000000 0.000000 1.000000
100148 0.000000 0.000000 0.000000 1.000000
100165 0.000000 0.000000 0.000000 1.000000
100166 0.000000 0.000000 0.000000 1.000000
100167 0.000000 0.000000 0.000000 1.000000
100792 0.000000 0.000000 0.000000 1.000000
100793 0.000000 0.000000 0.000000 1.000000
100800 0.000000 0.000000 0.000000 1.000000
100801 0.000000 0.000000 0.000000 1.000000
100808 0.000000 0.000000 0.000000 1.000000
100809 0.000000 0.000000 0.000000 1.000000
100817 0.000000 0.000000 0.000000 1.000000
100818 0.000000 0.000000 0.000000 1.000000
100828 0.000000 0.000000 0.000000 1.000000
100829 0.000000 0.000000 0.000000 1.000000
100839 0.000000 0.000000 0.000000 1.000000
100847 0.000000 0.000000 0.000000 1.000000
100848 0.000000 0.000000 0.000000 1.000000
100852 0.000000 0.000000 0.000000 1.000000
100853 0.000000 0.000000 0.000000 1.000000
100856 0.000000 0.000000 0.000000 1.000000
100857 0.000000 0.000000 0.000000 1.000000
100860 0.000000 0.000000 0.000000 1.000000
100861 0.000000 0.000000 0.000000 1.000000
100863 0.000000 0.000000 0.000000 1.000000
100866 0.000000 0.000000 0.000000 1.000000
100867 0.000000 0.000000 0.000000 1.000000
100870 0.000000 0.000000 0.000000 1.000000
100871 0.000000 0.000000 0.000000 1.000000
100876 0.000000 0.000000 0.000000 1.000000
100877 0.000000 0.000000 0.000000 1.000000
100882 0.000000 0.000000 0.000000 1.000000
100883 0.000000 0.000000 0.000000 1.000000
100889 0.000000 0.000000 0.000000 1.000000
100890 0.000000 0.000000 0.000000 1.000000
100896 0.000000 0.000000 0.000000 1.000000
100901 0.000000 0.000000 0.000000 1.000000
100902 0.000000 0.000000 0.000000 1.000000
100907 0.000000 0.000000 0.000000 1.000000
100908 0.000000 0.000000 0.000000 1.000000
100913 0.000000 0.000000 0.000000 1.000000
100914 0.000000 0.000000 0.000000 1.000000
100915 0.000000 0.000000 0.000000 1.000000
100920 0.000000 0.000000 0.000000 1.000000
100921 0.000000 0.000000 0.000000 1.000000
100922 0.000000 0.000000 0.000000 1.000000
100923 0.000000 0.000000 0.000000 1.000000
100924 0.000000 0.000000 0.000000 1.000000
100925 0.000000 0.000000 0.000000 1.000000
100926 0.000000 0.000000 0.000000 1.000000
100927 0.000000 0.000000 0.000000 1.000000
100942 0.000000 0.000000 0.000000 1.000000
100943 0.000000 0.000000 0.000000 1.000000
100944 0.000000 0.000000 0.000000 1.000000
100945 0.000000 0.000000 0.000000 1.000000
100946 0.000000 0.000000 0.000000 1.000000
101578 0.000000 0.000000 0.000000 1.000000
101582 0.000000 0.000000 0.000000 1.000000
101583 0.000000 0.000000 0.000000 1.000000
101589 0.000000 0.000000 0.000000 1.000000
101590 0.000000 0.000000 0.000000 1.000000
101596 0.000000 0.000000 0.000000 1.000000
101597 0.000000 0.000000 0.000000 1.000000
101603 0.000000 0.000000 0.000000 1.000000
101604 0.000000 0.000000 0.000000 1.000000
101611 0.000000 0.000000 0.000000 1.000000
101612 0.000000 0.000000 0.000000 1.000000
101617 0.000000 0.000000 0.000000 1.000000
101618 0.000000 0.000000 0.000000 1.000000
101624 0.000000 0.000000 0.000000 1.000000
101629 0.000000 0.000000 0.000000 1.000000
101630 0.000000 0.000000 0.000000 1.000000
101633 0.000000 0.000000 0.000000 1.000000
101636 0.000000 0.000000 0.000000 1.000000
101637 0.000000 0.000000 0.000000 1.000000
101639 0.000000 0.000000 0.000000 1.000000
101643 0.000000 0.000000 0.000000 1.000000
101644 0.000000 0.000000 0.000000 1.000000
101647 0.000000 0.000000 0.000000 1.000000
101648 0.000000 0.000000 0.000000 1.000000
101650 0.000000 0.000000 0.000000 1.000000
101651 0.000000 0.000000 0.000000 1.000000
101653 0.000000 0.000000 0.000000 1.000000
101654 0.000000 0.000000 0.000000 1.000000
101658 0.000000 0.000000 0.000000 1.000000
101663 0.000000 0.000000 0.000000 1.000000
101664 0.000000 0.000000 0.000000 1.000000
101670 0.000000 0.000000 0.000000 1.000000
101671 0.000000 0.000000 0.000000 1.000000
101677 0.000000 0.000000 0.000000 1.000000
101678 0.000000 0.000000 0.000000 1.000000
101683 0.000000 0.000000 0.000000 1.000000
101684 0.000000 0.000000 0.000000 1.000000
101692 0.000000 0.000000 0.000000 1.000000
101693 0.000000 0.000000 0.000000 1.000000
101694 0.000000 0.000000 0.000000 1.000000
101695 0.000000 0.000000 0.000000 1.000000
101711 0.000000 0.000000 0.000000 1.000000
101712 0.000000 0.000000 0.000000 1.000000
101713 0.000000 0.000000 0.000000 1.000000
101714 0.000000 0.000000 0.000000 1.000000
101715 0.000000 0.000000 0.000000 1.000000
101716 0.000000 0.000000 0.000000 1.000000
102290 0.000000 0.000000 0.000000 1.000000
102291 0.000000 0.000000 0.000000 1.000000
102297 0.000000 0.000000 0.000000 1.000000
102298 0.000000 0.000000 0.000000 1.000000
102304 0.000000 0.000000 0.000000 1.000000
102305 0.000000 0.000000 0.000000 1.000000
102310 0.000000 0.000000 0.000000 1.000000
102311 0.000000 0.000000 0.000000 1.000000
102317 0.000000 0.000000 0.000000 1.000000
102318 0.000000 0.000000 0.000000 1.000000
102323 0.000000 0.000000 0.000000 1.000000
102324 0.000000 0.000000 0.000000 1.000000
102329 0.000000 0.000000 0.000000 1.000000
102330 0.000000 0.000000 0.000000 1.000000
102331 0.000000 0.000000 0.000000 1.000000
102337 0.000000 0.000000 0.000000 1.000000
102338 0.000000 0.000000 0.000000 1.000000
102344 0.000000 0.000000 0.000000 1.000000
102345 0.000000 0.000000 0.000000 1.000000
102350 0.000000 0.000000 0.000000 1.000000
102351 0.000000 0.000000 0.000000 1.000000
102356 0.000000 0.000000 0.000000 1.000000
102357 0.000000 0.000000 0.000000 1.000000
102360 0.000000 0.000000 0.000000 1.000000
102361 0.000000 0.000000 0.000000 1.000000
102364 0.000000 0.000000 0.000000 1.000000
102365 0.000000 0.000000 0.000000 1.000000
102367 0.000000 0.000000 0.000000 1.000000
102368 0.000000 0.000000 0.000000 1.000000
102372 0.000000 0.000000 0.000000 1.000000
102373 0.000000 0.000000 0.000000 1.000000
102376 0.000000 0.000000 0.000000 1.000000
102377 0.000000 0.000000 0.000000 1.000000
102380 0.000000 0.000000 0.000000 1.000000
102381 0.000000 0.000000 0.000000 1.000000
102383 0.000000 0.000000 0.000000 1.000000
102385 0.000000 0.000000 0.000000 1.000000
102386 0.000000 0.000000 0.000000 1.000000
102388 0.000000 0.000000 0.000000 1.000000
102389 0.000000 0.000000 0.000000 1.000000
102391 0.000000 0.000000 0.000000 1.000000
102392 0.000000 0.000000 0.000000 1.000000
102398 0.000000 0.000000 0.000000 1.000000
102399 0.000000 0.000000 0.000000 1.000000
102400 0.000000 0.000000 0.000000 1.000000
102407 0.000000 0.000000 0.000000 1.000000
102408 0.000000 0.000000 0.000000 1.000000
102409 0.000000 0.000000 0.000000 1.000000
102417 0.000000 0.000000 0.000000 1.000000
102418 0.000000 0.000000 0.000000 1.000000
102419 0.000000 0.000000 0.000000 1.000000
102420 0.000000 0.000000 0.000000 1.000000
102430 0.000000 0.000000 0.000000 1.000000
102431 0.000000 0.000000 0.000000 1.000000
102432 0.000000 0.000000 0.000000 1.000000
102433 0.000000 0.000000 0.000000 1.000000
102434 0.000000 0.000000 0.000000 1.000000
102435 0.000000 0.000000 0.000000 1.000000
102436 0.000000 0.000000 0.000000 1.000000
102455 0.000000 0.000000 0.000000 1.000000
103021 0.000000 0.000000 0.000000 1.000000
103022 0.000000 0.000000 0.000000 1.000000
103029 0.000000 0.000000 0.000000 1.000000
103030 0.000000 0.000000 0.000000 1.000000
103036 0.000000 0.000000 0.000000 1.000000
103042 0.000000 0.000000 0.000000 1.000000
103049 0.000000 0.000000 0.000000 1.000000
103050 0.000000 0.000000 0.000000 1.000000
103057 0.000000 0.000000 0.000000 1.000000
103058 0.000000 0.000000 0.000000 1.000000
103064 0.000000 0.000000 0.000000 1.000000
103069 0.000000 0.000000 0.000000 1.000000
103070 0.000000 0.000000 0.000000 1.000000
103076 0.000000 0.000000 0.000000 1.000000
103077 0.000000 0.000000 0.000000 1.000000
103078 0.000000 0.000000 0.000000 1.000000
103084 0.000000 0.000000 0.000000 1.000000
103085 0.000000 0.000000 0.000000 1.000000
103088 0.000000 0.000000 0.000000 1.000000
103089 0.000000 0.000000 0.000000 1.000000
103094 0.000000 0.000000 0.000000 1.000000
103095 0.000000 0.000000 0.000000 1.000000
103099 0.000000 0.000000 0.000000 1.000000
103100 0.000000 0.000000 0.000000 1.000000
103103 0.000000 0.000000 0.000000 1.000000
103104 0.000000 0.000000 0.000000 1.000000
103105 0.000000 0.000000 0.000000 1.000000
103107 0.000000 0.000000 0.000000 1.000000
103108 0.000000 0.000000 0.000000 1.000000
103109 0.000000 0.000000 0.000000 1.000000
103112 0.000000 0.000000 0.000000 1.000000
103113 0.000000 0.000000 0.000000 1.000000
103116 0.000000 0.000000 0.000000 1.000000
103117 0.000000 0.000000 0.000000 1.000000
103118 0.000000 0.000000 0.000000 1.000000
103119 0.000000 0.000000 0.000000 1.000000
103122 0.000000 0.000000 0.000000 1.000000
103123 0.000000 0.000000 0.000000 1.000000
103125 0.000000 0.000000 0.000000 1.000000
103126 0.000000 0.000000 0.000000 1.000000
103128 0.000000 0.000000 0.000000 1.000000
103129 0.000000 0.000000 0.000000 1.000000
103131 0.000000 0.000000 0.000000 1.000000
103132 0.000000 0.000000 0.000000 1.000000
103135 0.000000 0.000000 0.000000 1.000000
103136 0.000000 0.000000 0.000000 1.000000
103137 0.000000 0.000000 0.000000 1.000000
103140 0.000000 0.000000 0.000000 1.000000
103141 0.000000 0.000000 0.000000 1.000000
103142 0.000000 0.000000 0.000000 1.000000
103147 0.000000 0.000000 0.000000 1.000000
103148 0.000000 0.000000 0.000000 1.000000
103149 0.000000 0.000000 0.000000 1.000000
103150 0.000000 0.000000 0.000000 1.000000
103157 0.000000 0.000000 0.000000 1.000000
103158 0.000000 0.000000 0.000000 1.000000
103159 0.000000 0.000000 0.000000 1.000000
103160 0.000000 0.000000 0.000000 1.000000
103174 0.000000 0.000000 0.000000 1.000000
103175 0.000000 0.000000 0.000000 1.000000
103176 0.000000 0.000000 0.000000 1.000000
103177 0.000000 0.000000 0.000000 1.000000
103178 0.000000 0.000000 0.000000 1.000000
103179 0.000000 0.000000 0.000000 1.000000
103193 0.000000 0.000000 0.000000 1.000000
103194 0.000000 0.000000 0.000000 1.000000
103195 0.000000 0.000000 0.000000 1.000000
103760 0.000000 0.000000 0.000000 1.000000
103761 0.000000 0.000000 0.000000 1.000000
103767 0.000000 0.000000 0.000000 1.000000
103768 0.000000 0.000000 0.000000 1.000000
103775 0.000000 0.000000 0.000000 1.000000
103782 0.000000 0.000000 0.000000 1.000000
103789 0.000000 0.000000 0.000000 1.000000
103796 0.000000 0.000000 0.000000 1.000000
103803 0.000000 0.000000 0.000000 1.000000
103804 0.000000 0.000000 0.000000 1.000000
103810 0.000000 0.000000 0.000000 1.000000
103811 0.000000 0.000000 0.000000 1.000000
103816 0.000000 0.000000 0.000000 1.000000
103822 0.000000 0.000000 0.000000 1.000000
103823 0.000000 0.000000 0.000000 1.000000
103830 0.000000 0.000000 0.000000 1.000000
103831 0.000000 0.000000 0.000000 1.000000
103838 0.000000 0.000000 0.000000 1.000000
103839 0.000000 0.000000 0.000000 1.000000
103843 0.000000 0.000000 0.000000 1.000000
103844 0.000000 0.000000 0.000000 1.000000
103848 0.000000 0.000000 0.000000 1.000000
103849 0.000000 0.000000 0.000000 1.000000
103851 0.000000 0.000000 0.000000 1.000000
103852 0.000000 0.000000 0.000000 1.000000
103853 0.000000 0.000000 0.000000 1.000000
103855 0.000000 0.000000 0.000000 1.000000
103856 0.000000 0.000000 0.000000 1.000000
103857 0.000000 0.000000 0.000000 1.000000
103859 0.000000 0.000000 0.000000 1.000000
103860 0.000000 0.000000 0.000000 1.000000
103861 0.000000 0.000000 0.000000 1.000000
103862 0.000000 0.000000 0.000000 1.000000
103863 0.000000 0.000000 0.000000 1.000000
103866 0.000000 0.000000 0.000000 1.000000
103867 0.000000 0.000000 0.000000 1.000000
103868 0.000000 0.000000 0.000000 1.000000
103869 0.000000 0.000000 0.000000 1.000000
103870 0.000000 0.000000 0.000000 1.000000
103871 0.000000 0.000000 0.000000 1.000000
103874 0.000000 0.000000 0.000000 1.000000
103875 0.000000 0.000000 0.000000 1.000000
103877 0.000000 0.000000 0.000000 1.000000
103878 0.000000 0.000000 0.000000 1.000000
103879 0.000000 0.000000 0.000000 1.000000
103881 0.000000 0.000000 0.000000 1.000000
103882 0.000000 0.000000 0.000000 1.000000
103884 0.000000 0.000000 0.000000 1.000000
103885 0.000000 0.000000 0.000000 1.000000
103886 0.000000 0.000000 0.000000 1.000000
103887 0.000000 0.000000 0.000000 1.000000
103890 0.000000 0.000000 0.000000 1.000000
103891 0.000000 0.000000 0.000000 1.000000
103892 0.000000 0.000000 0.000000 1.000000
103893 0.000000 0.000000 0.000000 1.000000
103895 0.000000 0.000000 0.000000 1.000000
103896 0.000000 0.000000 0.000000 1.000000
103897 0.000000 0.000000 0.000000 1.000000
103900 0.000000 0.000000 0.000000 1.000000
103901 0.000000 0.000000 0.000000 1.000000
103902 0.000000 0.000000 0.000000 1.000000
103903 0.000000 0.000000 0.000000 1.000000
103915 0.000000 0.000000 0.000000 1.000000
103916 0.000000 0.000000 0.000000 1.000000
103917 0.000000 0.000000 0.000000 1.000000
103932 0.000000 0.000000 0.000000 1.000000
103933 0.000000 0.000000 0.000000 1.000000
103934 0.000000 0.000000 0.000000 1.000000
103935 0.000000 0.000000 0.000000 1.000000
103942 0.000000 0.000000 0.000000 1.000000
103943 0.000000 0.000000 0.000000 1.000000
104479 0.000000 0.000000 0.000000 1.000000
104486 0.000000 0.000000 0.000000 1.000000
104487 0.000000 0.000000 0.000000 1.000000
104493 0.000000 0.000000 0.000000 1.000000
104501 0.000000 0.000000 0.000000 1.000000
104508 0.000000 0.000000 0.000000 1.000000
104514 0.000000 0.000000 0.000000 1.000000
104521 0.000000 0.000000 0.000000 1.000000
104529 0.000000 0.000000 0.000000 1.000000
104536 0.000000 0.000000 0.000000 1.000000
104537 0.000000 0.000000 0.000000 1.000000
104543 0.000000 0.000000 0.000000 1.000000
104544 0.000000 0.000000 0.000000 1.000000
104550 0.000000 0.000000 0.000000 1.000000
104551 0.000000 0.000000 0.000000 1.000000
104557 0.000000 0.000000 0.000000 1.000000
104564 0.000000 0.000000 0.000000 1.000000
104565 0.000000 0.000000 0.000000 1.000000
104568 0.000000 0.000000 0.000000 1.000000
104569 0.000000 0.000000 0.000000 1.000000
104574 0.000000 0.000000 0.000000 1.000000
104575 0.000000 0.000000 0.000000 1.000000
104576 0.000000 0.000000 0.000000 1.000000
104578 0.000000 0.000000 0.000000 1.000000
104579 0.000000 0.000000 0.000000 1.000000
104580 0.000000 0.000000 0.000000 1.000000
104582 0.000000 0.000000 0.000000 1.000000
104583 0.000000 0.000000 0.000000 1.000000
104584 0.000000 0.000000 0.000000 1.000000
104586 0.000000 0.000000 0.000000 1.000000
104587 0.000000 0.000000 0.000000 1.000000
104588 0.000000 0.000000 0.000000 1.000000
104589 0.000000 0.000000 0.000000 1.000000
104590 0.000000 0.000000 0.000000 1.000000
104591 0.000000 0.000000 0.000000 1.000000
104592 0.000000 0.000000 0.000000 1.000000
104595 0.000000 0.000000 0.000000 1.000000
104596 0.000000 0.000000 0.000000 1.000000
104597 0.000000 0.000000 0.000000 1.000000
104598 0.000000 0.000000 0.000000 1.000000
104599 0.000000 0.000000 0.000000 1.000000
104600 0.000000 0.000000 0.000000 1.000000
104604 0.000000 0.000000 0.000000 1.000000
104605 0.000000 0.000000 0.000000 1.000000
104607 0.000000 0.000000 0.000000 1.000000
104608 0.000000 0.000000 0.000000 1.000000
104609 0.000000 0.000000 0.000000 1.000000
104611 0.000000 0.000000 0.000000 1.000000
104612 0.000000 0.000000 0.000000 1.000000
104613 0.000000 0.000000 0.000000 1.000000
104616 0.000000 0.000000 0.000000 1.000000
104617 0.000000 0.000000 0.000000 1.000000
104618 0.000000 0.000000 0.000000 1.000000
104619 0.000000 0.000000 0.000000 1.000000
104622 0.000000 0.000000 0.000000 1.000000
104623 0.000000 0.000000 0.000000 1.000000
104624 0.000000 0.000000 0.000000 1.000000
104626 0.000000 0.000000 0.000000 1.000000
104627 0.000000 0.000000 0.000000 1.000000
104628 0.000000 0.000000 0.000000 1.000000
104631 0.000000 0.000000 0.000000 1.000000
104632 0.000000 0.000000 0.000000 1.000000
104633 0.000000 0.000000 0.000000 1.000000
104643 0.000000 0.000000 0.000000 1.000000
104644 0.000000 0.000000 0.000000 1.000000
104645 0.000000 0.000000 0.000000 1.000000
104653 0.000000 0.000000 0.000000 1.000000
104654 0.000000 0.000000 0.000000 1.000000
104655 0.000000 0.000000 0.000000 1.000000
104656 0.000000 0.000000 0.000000 1.000000
104663 0.000000 0.000000 0.000000 1.000000
104664 0.000000 0.000000 0.000000 1.000000
105200 0.000000 0.000000 0.000000 1.000000
105201 0.000000 0.000000 0.000000 1.000000
105209 0.000000 0.000000 0.000000 1.000000
105210 0.000000 0.000000 0.000000 1.000000
105218 0.000000 0.000000 0.000000 1.000000
105227 0.000000 0.000000 0.000000 1.000000
105235 0.000000 0.000000 0.000000 1.000000
105242 0.000000 0.000000 0.000000 1.000000
105250 0.000000 0.000000 0.000000 1.000000
105257 0.000000 0.000000 0.000000 1.000000
105264 0.000000 0.000000 0.000000 1.000000
105271 0.000000 0.000000 0.000000 1.000000
105272 0.000000 0.000000 0.000000 1.000000
105278 0.000000 0.000000 0.000000 1.000000
105279 0.000000 0.000000 0.000000 1.000000
105286 0.000000 0.000000 0.000000 1.000000
105294 0.000000 0.000000 0.000000 1.000000
105295 0.000000 0.000000 0.000000 1.000000
105301 0.000000 0.000000 0.000000 1.000000
105302 0.000000 0.000000 0.000000 1.000000
105309 0.000000 0.000000 0.000000 1.000000
105310 0.000000 0.000000 0.000000 1.000000
105311 0.000000 0.000000 0.000000 1.000000
105318 0.000000 0.000000 0.000000 1.000000
105319 0.000000 0.000000 0.000000 1.000000
105322 0.000000 0.000000 0.000000 1.000000
105323 0.000000 0.000000 0.000000 1.000000
105324 0.000000 0.000000 0.000000 1.000000
105325 0.000000 0.000000 0.000000 1.000000
105326 0.000000 0.000000 0.000000 1.000000
105327 0.000000 0.000000 0.000000 1.000000
105330 0.000000 0.000000 0.000000 1.000000
105331 0.000000 0.000000 0.000000 1.000000
105332 0.000000 0.000000 0.000000 1.000000
105333 0.000000 0.000000 0.000000 1.000000
105334 0.000000 0.000000 0.000000 1.000000
105335 0.000000 0.000000 0.000000 1.000000
105336 0.000000 0.000000 0.000000 1.000000
105338 0.000000 0.000000 0.000000 1.000000
105339 0.000000 0.000000 0.000000 1.000000
105343 0.000000 0.000000 0.000000 1.000000
105344 0.000000 0.000000 0.000000 1.000000
105347 0.000000 0.000000 0.000000 1.000000
105348 0.000000 0.000000 0.000000 1.000000
105349 0.000000 0.000000 0.000000 1.000000
105352 0.000000 0.000000 0.000000 1.000000
105353 0.000000 0.000000 0.000000 1.000000
105354 0.000000 0.000000 0.000000 1.000000
105357 0.000000 0.000000 0.000000 1.000000
105358 0.000000 0.000000 0.000000 1.000000
105359 0.000000 0.000000 0.000000 1.000000
105362 0.000000 0.000000 0.000000 1.000000
105363 0.000000 0.000000 0.000000 1.000000
105364 0.000000 0.000000 0.000000 1.000000
105366 0.000000 0.000000 0.000000 1.000000
105367 0.000000 0.000000 0.000000 1.000000
105374 0.000000 0.000000 0.000000 1.000000
105375 0.000000 0.000000 0.000000 1.000000
105385 0.000000 0.000000 0.000000 1.000000
105386 0.000000 0.000000 0.000000 1.000000
105387 0.000000 0.000000 0.000000 1.000000
105388 0.000000 0.000000 0.000000 1.000000
105395 0.000000 0.000000 0.000000 1.000000
105396 0.000000 0.000000 0.000000 1.000000
105397 0.000000 0.000000 0.000000 1.000000
105991 0.000000 0.000000 0.000000 1.000000
105992 0.000000 0.000000 0.000000 1.000000
105993 0.000000 0.000000 0.000000 1.000000
106002 0.000000 0.000000 0.000000 1.000000
106003 0.000000 0.000000 0.000000 1.000000
106011 0.000000 0.000000 0.000000 1.000000
106012 0.000000 0.000000 0.000000 1.000000
106018 0.000000 0.000000 0.000000 1.000000
106019 0.000000 0.000000 0.000000 1.000000
106028 0.000000 0.000000 0.000000 1.000000
106029 0.000000 0.000000 0.000000 1.000000
106036 0.000000 0.000000 0.000000 1.000000
106043 0.000000 0.000000 0.000000 1.000000
106049 0.000000 0.000000 0.000000 1.000000
106060 0.000000 0.000000 0.000000 1.000000
106071 0.000000 0.000000 0.000000 1.000000
106072 0.000000 0.000000 0.000000 1.000000
106080 0.000000 0.000000 0.000000 1.000000
106081 0.000000 0.000000 0.000000 1.000000
106089 0.000000 0.000000 0.000000 1.000000
106096 0.000000 0.000000 0.000000 1.000000
106097 0.000000 0.000000 0.000000 1.000000
106098 0.000000 0.000000 0.000000 1.000000
106104 0.000000 0.000000 0.000000 1.000000
106105 0.000000 0.000000 0.000000 1.000000
106106 0.000000 0.000000 0.000000 1.000000
106110 0.000000 0.000000 0.000000 1.000000
106111 0.000000 0.000000 0.000000 1.000000
106112 0.000000 0.000000 0.000000 1.000000
106113 0.000000 0.000000 0.000000 1.000000
106119 0.000000 0.000000 0.000000 1.000000
106120 0.000000 0.000000 0.000000 1.000000
106123 0.000000 0.000000 0.000000 1.000000
106124 0.000000 0.000000 0.000000 1.000000
106125 0.000000 0.000000 0.000000 1.000000
106126 0.000000 0.000000 0.000000 1.000000
106127 0.000000 0.000000 0.000000 1.000000
106128 0.000000 0.000000 0.000000 1.000000
106129 0.000000 0.000000 0.000000 1.000000
106133 0.000000 0.000000 0.000000 1.000000
106134 0.000000 0.000000 0.000000 1.000000
106135 0.000000 0.000000 0.000000 1.000000
106136 0.000000 0.000000 0.000000 1.000000
106137 0.000000 0.000000 0.000000 1.000000
106138 0.000000 0.000000 0.000000 1.000000
106140 0.000000 0.000000 0.000000 1.000000
106141 0.000000 0.000000 0.000000 1.000000
106142 0.000000 0.000000 0.000000 1.000000
106145 0.000000 0.000000 0.000000 1.000000
106146 0.000000 0.000000 0.000000 1.000000
106148 0.000000 0.000000 0.000000 1.000000
106149 0.000000 0.000000 0.000000 1.000000
106150 0.000000 0.000000 0.000000 1.000000
106153 0.000000 0.000000 0.000000 1.000000
106154 0.000000 0.000000 0.000000 1.000000
106155 0.000000 0.000000 0.000000 1.000000
106157 0.000000 0.000000 0.000000 1.000000
106158 0.000000 0.000000 0.000000 1.000000
106159 0.000000 0.000000 0.000000 1.000000
106162 0.000000 0.000000 0.000000 1.000000
106163 0.000000 0.000000 0.000000 1.000000
106166 0.000000 0.000000 0.000000 1.000000
106167 0.000000 0.000000 0.000000 1.000000
106174 0.000000 0.000000 0.000000 1.000000
106175 0.000000 0.000000 0.000000 1.000000
106181 0.000000 0.000000 0.000000 1.000000
106182 0.000000 0.000000 0.000000 1.000000
106788 0.000000 0.000000 0.000000 1.000000
106789 0.000000 0.000000 0.000000 1.000000
106790 0.000000 0.000000 0.000000 1.000000
106801 0.000000 0.000000 0.000000 1.000000
106802 0.000000 0.000000 0.000000 1.000000
106811 0.000000 0.000000 0.000000 1.000000
106812 0.000000 0.000000 0.000000 1.000000
106818 0.000000 0.000000 0.000000 1.000000
106827 0.000000 0.000000 0.000000 1.000000
106828 0.000000 0.000000 0.000000 1.000000
106833 0.000000 0.000000 0.000000 1.000000
106834 0.000000 0.000000 0.000000 1.000000
106841 0.000000 0.000000 0.000000 1.000000
106853 0.000000 0.000000 0.000000 1.000000
106864 0.000000 0.000000 0.000000 1.000000
106865 0.000000 0.000000 0.000000 1.000000
106872 0.000000 0.000000 0.000000 1.000000
106873 0.000000 0.000000 0.000000 1.000000
106876 0.000000 0.000000 0.000000 1.000000
106877 0.000000 0.000000 0.000000 1.000000
106880 0.000000 0.000000 0.000000 1.000000
106881 0.000000 0.000000 0.000000 1.000000
106883 0.000000 0.000000 0.000000 1.000000
106884 0.000000 0.000000 0.000000 1.000000
106885 0.000000 0.000000 0.000000 1.000000
106886 0.000000 0.000000 0.000000 1.000000
106888 0.000000 0.000000 0.000000 1.000000
106889 0.000000 0.000000 0.000000 1.000000
106890 0.000000 0.000000 0.000000 1.000000
106892 0.000000 0.000000 0.000000 1.000000
106893 0.000000 0.000000 0.000000 1.000000
106894 0.000000 0.000000 0.000000 1.000000
106899 0.000000 0.000000 0.000000 1.000000
106900 0.000000 0.000000 0.000000 1.000000
106901 0.000000 0.000000 0.000000 1.000000
106902 0.000000 0.000000 0.000000 1.000000
106903 0.000000 0.000000 0.000000 1.000000
106904 0.000000 0.000000 0.000000 1.000000
106905 0.000000 0.000000 0.000000 1.000000
106906 0.000000 0.000000 0.000000 1.000000
106909 0.000000 0.000000 0.000000 1.000000
106910 0.000000 0.000000 0.000000 1.000000
106911 0.000000 0.000000 0.000000 1.000000
106912 0.000000 0.000000 0.000000 1.000000
106913 0.000000 0.000000 0.000000 1.000000
106914 0.000000 0.000000 0.000000 1.000000
106915 0.000000 0.000000 0.000000 1.000000
106916 0.000000 0.000000 0.000000 1.000000
106920 0.000000 0.000000 0.000000 1.000000
106921 0.000000 0.000000 0.000000 1.000000
106923 0.000000 0.000000 0.000000 1.000000
106924 0.000000 0.000000 0.000000 1.000000
106927 0.000000 0.000000 0.000000 1.000000
106928 0.000000 0.000000 0.000000 1.000000
106930 0.000000 0.000000 0.000000 1.000000
106931 0.000000 0.000000 0.000000 1.000000
106932 0.000000 0.000000 0.000000 1.000000
106935 0.000000 0.000000 0.000000 1.000000
106936 0.000000 0.000000 0.000000 1.000000
106937 0.000000 0.000000 0.000000 1.000000
106939 0.000000 0.000000 0.000000 1.000000
106940 0.000000 0.000000 0.000000 1.000000
106942 0.000000 0.000000 0.000000 1.000000
106945 0.000000 0.000000 0.000000 1.000000
106946 0.000000 0.000000 0.000000 1.000000
106953 0.000000 0.000000 0.000000 1.000000
106954 0.000000 0.000000 0.000000 1.000000
106960 0.000000 0.000000 0.000000 1.000000
106961 0.000000 0.000000 0.000000 1.000000
107578 0.000000 0.000000 0.000000 1.000000
107587 0.000000 0.000000 0.000000 1.000000
107588 0.000000 0.000000 0.000000 1.000000
107589 0.000000 0.000000 0.000000 1.000000
107597 0.000000 0.000000 0.000000 1.000000
107598 0.000000 0.000000 0.000000 1.000000
107605 0.000000 0.000000 0.000000 1.000000
107610 0.000000 0.000000 0.000000 1.000000
107619 0.000000 0.000000 0.000000 1.000000
107625 0.000000 0.000000 0.000000 1.000000
107626 0.000000 0.000000 0.000000 1.000000
107632 0.000000 0.000000 0.000000 1.000000
107633 0.000000 0.000000 0.000000 1.000000
107646 0.000000 0.000000 0.000000 1.000000
107653 0.000000 0.000000 0.000000 1.000000
107654 0.000000 0.000000 0.000000 1.000000
107657 0.000000 0.000000 0.000000 1.000000
107660 0.000000 0.000000 0.000000 1.000000
107661 0.000000 0.000000 0.000000 1.000000
107663 0.000000 0.000000 0.000000 1.000000
107664 0.000000 0.000000 0.000000 1.000000
107665 0.000000 0.000000 0.000000 1.000000
107667 0.000000 0.000000 0.000000 1.000000
107668 0.000000 0.000000 0.000000 1.000000
107669 0.000000 0.000000 0.000000 1.000000
107671 0.000000 0.000000 0.000000 1.000000
107672 0.000000 0.000000 0.000000 1.000000
107674 0.000000 0.000000 0.000000 1.000000
107675 0.000000 0.000000 0.000000 1.000000
107676 0.000000 0.000000 0.000000 1.000000
107677 0.000000 0.000000 0.000000 1.000000
107678 0.000000 0.000000 0.000000 1.000000
107679 0.000000 0.000000 0.000000 1.000000
107680 0.000000 0.000000 0.000000 1.000000
107681 0.000000 0.000000 0.000000 1.000000
107685 0.000000 0.000000 0.000000 1.000000
107686 0.000000 0.000000 0.000000 1.000000
107687 0.000000 0.000000 0.000000 1.000000
107688 0.000000 0.000000 0.000000 1.000000
107689 0.000000 0.000000 0.000000 1.000000
107690 0.000000 0.000000 0.000000 1.000000
107691 0.000000 0.000000 0.000000 1.000000
107692 0.000000 0.000000 0.000000 1.000000
107693 0.000000 0.000000 0.000000 1.000000
107697 0.000000 0.000000 0.000000 1.000000
107698 0.000000 0.000000 0.000000 1.000000
107699 0.000000 0.000000 0.000000 1.000000
107700 0.000000 0.000000 0.000000 1.000000
107704 0.000000 0.000000 0.000000 1.000000
107705 0.000000 0.000000 0.000000 1.000000
107707 0.000000 0.000000 0.000000 1.000000
107708 0.000000 0.000000 0.000000 1.000000
107711 0.000000 0.000000 0.000000 1.000000
107712 0.000000 0.000000 0.000000 1.000000
107714 0.000000 0.000000 0.000000 1.000000
107715 0.000000 0.000000 0.000000 1.000000
107716 0.000000 0.000000 0.000000 1.000000
107719 0.000000 0.000000 0.000000 1.000000
107720 0.000000 0.000000 0.000000 1.000000
107722 0.000000 0.000000 0.000000 1.000000
107728 0.000000 0.000000 0.000000 1.000000
107735 0.000000 0.000000 0.000000 1.000000
107736 0.000000 0.000000 0.000000 1.000000
107743 0.000000 0.000000 0.000000 1.000000
108364 0.000000 0.000000 0.000000 1.000000
108365 0.000000 0.000000 0.000000 1.000000
108372 0.000000 0.000000 0.000000 1.000000
108373 0.000000 0.000000 0.000000 1.000000
108380 0.000000 0.000000 0.000000 1.000000
108387 0.000000 0.000000 0.000000 1.000000
108397 0.000000 0.000000 0.000000 1.000000
108406 0.000000 0.000000 0.000000 1.000000
108415 0.000000 0.000000 0.000000 1.000000
108416 0.000000 0.000000 0.000000 1.000000
108429 0.000000 0.000000 0.000000 1.000000
108441 0.000000 0.000000 0.000000 1.000000
108442 0.000000 0.000000 0.000000 1.000000
108446 0.000000 0.000000 0.000000 1.000000
108447 0.000000 0.000000 0.000000 1.000000
108450 0.000000 0.000000 0.000000 1.000000
108451 0.000000 0.000000 0.000000 1.000000
108452 0.000000 0.000000 0.000000 1.000000
108454 0.000000 0.000000 0.000000 1.000000
108455 0.000000 0.000000 0.000000 1.000000
108456 0.000000 0.000000 0.000000 1.000000
108458 0.000000 0.000000 0.000000 1.000000
108459 0.000000 0.000000 0.000000 1.000000
108461 0.000000 0.000000 0.000000 1.000000
108462 0.000000 0.000000 0.000000 1.000000
108463 0.000000 0.000000 0.000000 1.000000
108464 0.000000 0.000000 0.000000 1.000000
108465 0.000000 0.000000 0.000000 1.000000
108466 0.000000 0.000000 0.000000 1.000000
108468 0.000000 0.000000 0.000000 1.000000
108469 0.000000 0.000000 0.000000 1.000000
108470 0.000000 0.000000 0.000000 1.000000
108471 0.000000 0.000000 0.000000 1.000000
108472 0.000000 0.000000 0.000000 1.000000
108473 0.000000 0.000000 0.000000 1.000000
108474 0.000000 0.000000 0.000000 1.000000
108475 0.000000 0.000000 0.000000 1.000000
108478 0.000000 0.000000 0.000000 1.000000
108479 0.000000 0.000000 0.000000 1.000000
108480 0.000000 0.000000 0.000000 1.000000
108481 0.000000 0.000000 0.000000 1.000000
108482 0.000000 0.000000 0.000000 1.000000
108486 0.000000 0.000000 0.000000 1.000000
108487 0.000000 0.000000 0.000000 1.000000
108501 0.000000 0.000000 0.000000 1.000000
108502 0.000000 0.000000 0.000000 1.000000
108505 0.000000 0.000000 0.000000 1.000000
108513 0.000000 0.000000 0.000000 1.000000
109107 0.000000 0.000000 0.000000 1.000000
109108 0.000000 0.000000 0.000000 1.000000
109119 0.000000 0.000000 0.000000 1.000000
109120 0.000000 0.000000 0.000000 1.000000
109131 0.000000 0.000000 0.000000 1.000000
109141 0.000000 0.000000 0.000000 1.000000
109150 0.000000 0.000000 0.000000 1.000000
109159 0.000000 0.000000 0.000000 1.000000
109166 0.000000 0.000000 0.000000 1.000000
109167 0.000000 0.000000 0.000000 1.000000
109176 0.000000 0.000000 0.000000 1.000000
109177 0.000000 0.000000 0.000000 1.000000
109188 0.000000 0.000000 0.000000 1.000000
109189 0.000000 0.000000 0.000000 1.000000
109196 0.000000 0.000000 0.000000 1.000000
109197 0.000000 0.000000 0.000000 1.000000
109198 0.000000 0.000000 0.000000 1.000000
109200 0.000000 0.000000 0.000000 1.000000
109201 0.000000 0.000000 0.000000 1.000000
109202 0.000000 0.000000 0.000000 1.000000
109204 0.000000 0.000000 0.000000 1.000000
109205 0.000000 0.000000 0.000000 1.000000
109206 0.000000 0.000000 0.000000 1.000000
109208 0.000000 0.000000 0.000000 1.000000
109209 0.000000 0.000000 0.000000 1.000000
109210 0.000000 0.000000 0.000000 1.000000
109212 0.000000 0.000000 0.000000 1.000000
109213 0.000000 0.000000 0.000000 1.000000
109214 0.000000 0.000000 0.000000 1.000000
109215 0.000000 0.000000 0.000000 1.000000
109216 0.000000 0.000000 0.000000 1.000000
109217 0.000000 0.000000 0.000000 1.000000
109219 0.000000 0.000000 0.000000 1.000000
109220 0.000000 0.000000 0.000000 1.000000
109221 0.000000 0.000000 0.000000 1.000000
109222 0.000000 0.000000 0.000000 1.000000
109223 0.000000 0.000000 0.000000 1.000000
109224 0.000000 0.000000 0.000000 1.000000
109228 0.000000 0.000000 0.000000 1.000000
109229 0.000000 0.000000 0.000000 1.000000
109233 0.000000 0.000000 0.000000 1.000000
109875 0.000000 0.000000 0.000000 1.000000
109876 0.000000 0.000000 0.000000 1.000000
109885 0.000000 0.000000 0.000000 1.000000
109886 0.000000 0.000000 0.000000 1.000000
109894 0.000000 0.000000 0.000000 1.000000
109901 0.000000 0.000000 0.000000 1.000000
109907 0.000000 0.000000 0.000000 1.000000
109908 0.000000 0.000000 0.000000 1.000000
109916 0.000000 0.000000 0.000000 1.000000
109917 0.000000 0.000000 0.000000 1.000000
109925 0.000000 0.000000 0.000000 1.000000
109933 0.000000 0.000000 0.000000 1.000000
109934 0.000000 0.000000 0.000000 1.000000
109941 0.000000 0.000000 0.000000 1.000000
109942 0.000000 0.000000 0.000000 1.000000
109950 0.000000 0.000000 0.000000 1.000000
109951 0.000000 0.000000 0.000000 1.000000
109952 0.000000 0.000000 0.000000 1.000000
109954 0.000000 0.000000 0.000000 1.000000
109955 0.000000 0.000000 0.000000 1.000000
109956 0.000000 0.000000 0.000000 1.000000
109958 0.000000 0.000000 0.000000 1.000000
109959 0.000000 0.000000 0.000000 1.000000
109960 0.000000 0.000000 0.000000 1.000000
109962 0.000000 0.000000 0.000000 1.000000
109963 0.000000 0.000000 0.000000 1.000000
109964 0.000000 0.000000 0.000000 1.000000
109965 0.000000 0.000000 0.000000 1.000000
109967 0.000000 0.000000 0.000000 1.000000
109968 0.000000 0.000000 0.000000 1.000000
109969 0.000000 0.000000 0.000000 1.000000
109970 0.000000 0.000000 0.000000 1.000000
109972 0.000000 0.000000 0.000000 1.000000
109973 0.000000 0.000000 0.000000 1.000000
110592 0.000000 0.000000 0.000000 1.000000
110601 0.000000 0.000000 0.000000 1.000000
110602 0.000000 0.000000 0.000000 1.000000
110603 0.000000 0.000000 0.000000 1.000000
110610 0.000000 0.000000 0.000000 1.000000
110611 0.000000 0.000000 0.000000 1.000000
110618 0.000000 0.000000 0.000000 1.000000
110625 0.000000 0.000000 0.000000 1.000000
110626 0.000000 0.000000 0.000000 1.000000
110633 0.000000 0.000000 0.000000 1.000000
110634 0.000000 0.000000 0.000000 1.000000
110640 0.000000 0.000000 0.000000 1.000000
110641 0.000000 0.000000 0.000000 1.000000
110649 0.000000 0.000000 0.000000 1.000000
110650 0.000000 0.000000 0.000000 1.000000
110656 0.000000 0.000000 0.000000 1.000000
110662 0.000000 0.000000 0.000000 1.000000
110670 0.000000 0.000000 0.000000 1.000000
110671 0.000000 0.000000 0.000000 1.000000
110677 0.000000 0.000000 0.000000 1.000000
110678 0.000000 0.000000 0.000000 1.000000
110679 0.000000 0.000000 0.000000 1.000000
110681 0.000000 0.000000 0.000000 1.000000
110682 0.000000 0.000000 0.000000 1.000000
110683 0.000000 0.000000 0.000000 1.000000
110685 0.000000 0.000000 0.000000 1.000000
110686 0.000000 0.000000 0.000000 1.000000
110687 0.000000 0.000000 0.000000 1.000000
110689 0.000000 0.000000 0.000000 1.000000
110690 0.000000 0.000000 0.000000 1.000000
110691 0.000000 0.000000 0.000000 1.000000
110693 0.000000 0.000000 0.000000 1.000000
110694 0.000000 0.000000 0.000000 1.000000
111272 0.000000 0.000000 0.000000 1.000000
111273 0.000000 0.000000 0.000000 1.000000
111274 0.000000 0.000000 0.000000 1.000000
111281 0.000000 0.000000 0.000000 1.000000
111282 0.000000 0.000000 0.000000 1.000000
111287 0.000000 0.000000 0.000000 1.000000
111293 0.000000 0.000000 0.000000 1.000000
111294 0.000000 0.000000 0.000000 1.000000
111300 0.000000 0.000000 0.000000 1.000000
111307 0.000000 0.000000 0.000000 1.000000
111316 0.000000 0.000000 0.000000 1.000000
111317 0.000000 0.000000 0.000000 1.000000
111323 0.000000 0.000000 0.000000 1.000000
111324 0.000000 0.000000 0.000000 1.000000
111330 0.000000 0.000000 0.000000 1.000000
111331 0.000000 0.000000 0.000000 1.000000
111337 0.000000 0.000000 0.000000 1.000000
111343 0.000000 0.000000 0.000000 1.000000
111345 0.000000 0.000000 0.000000 1.000000
111347 0.000000 0.000000 0.000000 1.000000
111348 0.000000 0.000000 0.000000 1.000000
111350 0.000000 0.000000 0.000000 1.000000
111351 0.000000 0.000000 0.000000 1.000000
111353 0.000000 0.000000 0.000000 1.000000
111926 0.000000 0.000000 0.000000 1.000000
111927 0.000000 0.000000 0.000000 1.000000
111934 0.000000 0.000000 0.000000 1.000000
111935 0.000000 0.000000 0.000000 1.000000
111936 0.000000 0.000000 0.000000 1.000000
111942 0.000000 0.000000 0.000000 1.000000
111943 0.000000 0.000000 0.000000 1.000000
111950 0.000000 0.000000 0.000000 1.000000
111951 0.000000 0.000000 0.000000 1.000000
111958 0.000000 0.000000 0.000000 1.000000
111967 0.000000 0.000000 0.000000 1.000000
111974 0.000000 0.000000 0.000000 1.000000
111980 0.000000 0.000000 0.000000 1.000000
111986 0.000000 0.000000 0.000000 1.000000
111987 0.000000 0.000000 0.000000 1.000000
111993 0.000000 0.000000 0.000000 1.000000
112602 0.000000 0.000000 0.000000 1.000000
112610 0.000000 0.000000 0.000000 1.000000
112611 0.000000 0.000000 0.000000 1.000000
112617 0.000000 0.000000 0.000000 1.000000
112618 0.000000 0.000000 0.000000 1.000000
112624 0.000000 0.000000 0.000000 1.000000
112632 0.000000 0.000000 0.000000 1.000000
112637 0.000000 0.000000 0.000000 1.000000
112643 0.000000 0.000000 0.000000 1.000000
113258 0.000000 0.000000 0.000000 1.000000
113269 0.000000 0.000000 0.000000 1.000000
113277 0.000000 0.000000 0.000000 1.000000
113287 0.000000 0.000000 0.000000 1.000000
113297 0.000000 0.000000 0.000000 1.000000
