#
1757
19741 0.000000 0.000000 0.000000 1.000000
19754 0.000000 0.000000 0.000000 1.000000
19755 0.000000 0.000000 0.000000 1.000000
19756 0.000000 0.000000 0.000000 1.000000
19757 0.000000 0.000000 0.000000 1.000000
19758 0.000000 0.000000 0.000000 1.000000
19759 0.000000 0.000000 0.000000 1.000000
19760 0.000000 0.000000 0.000000 1.000000
19761 0.000000 0.000000 0.000000 1.000000
19762 0.000000 0.000000 0.000000 1.000000
20676 0.000000 0.000000 0.000000 1.000000
20677 0.000000 0.000000 0.000000 1.000000
20690 0.000000 0.000000 0.000000 1.000000
20691 0.000000 0.000000 0.000000 1.000000
20692 0.000000 0.000000 0.000000 1.000000
20693 0.000000 0.000000 0.000000 1.000000
20694 0.000000 0.000000 0.000000 1.000000
20695 0.000000 0.000000 0.000000 1.000000
20696 0.000000 0.000000 0.000000 1.000000
20707 0.000000 0.000000 0.000000 1.000000
20708 0.000000 0.000000 0.000000 1.000000
20709 0.000000 0.000000 0.000000 1.000000
20710 0.000000 0.000000 0.000000 1.000000
20711 0.000000 0.000000 0.000000 1.000000
20712 0.000000 0.000000 0.000000 1.000000
20713 0.000000 0.000000 0.000000 1.000000
20714 0.000000 0.000000 0.000000 1.000000
20715 0.000000 0.000000 0.000000 1.000000
20716 0.000000 0.000000 0.000000 1.000000
20717 0.000000 0.000000 0.000000 1.000000
20728 0.000000 0.000000 0.000000 1.000000
20729 0.000000 0.000000 0.000000 1.000000
20730 0.000000 0.000000 0.000000 1.000000
20731 0.000000 0.000000 0.000000 1.000000
20732 0.000000 0.000000 0.000000 1.000000
21584 0.000000 0.000000 0.000000 1.000000
21596 0.000000 0.000000 0.000000 1.000000
21597 0.000000 0.000000 0.000000 1.000000
21598 0.000000 0.000000 0.000000 1.000000
21599 0.000000 0.000000 0.000000 1.000000
21601 0.000000 0.000000 0.000000 1.000000
21608 0.000000 0.000000 0.000000 1.000000
21609 0.000000 0.000000 0.000000 1.000000
21610 0.000000 0.000000 0.000000 1.000000
21611 0.000000 0.000000 0.000000 1.000000
21612 0.000000 0.000000 0.000000 1.000000
21613 0.000000 0.000000 0.000000 1.000000
21619 0.000000 0.000000 0.000000 1.000000
21620 0.000000 0.000000 0.000000 1.000000
21621 0.000000 0.000000 0.000000 1.000000
21622 0.000000 0.000000 0.000000 1.000000
21623 0.000000 0.000000 0.000000 1.000000
21624 0.000000 0.000000 0.000000 1.000000
21625 0.000000 0.000000 0.000000 1.000000
21626 0.000000 0.000000 0.000000 1.000000
21631 0.000000 0.000000 0.000000 1.000000
21632 0.000000 0.000000 0.000000 1.000000
21633 0.000000 0.000000 0.000000 1.000000
21634 0.000000 0.000000 0.000000 1.000000
21635 0.000000 0.000000 0.000000 1.000000
21636 0.000000 0.000000 0.000000 1.000000
21637 0.000000 0.000000 0.000000 1.000000
21638 0.000000 0.000000 0.000000 1.000000
22501 0.000000 0.000000 0.000000 1.000000
22504 0.000000 0.000000 0.000000 1.000000
22505 0.000000 0.000000 0.000000 1.000000
22512 0.000000 0.000000 0.000000 1.000000
22513 0.000000 0.000000 0.000000 1.000000
22514 0.000000 0.000000 0.000000 1.000000
22515 0.000000 0.000000 0.000000 1.000000
22516 0.000000 0.000000 0.000000 1.000000
22517 0.000000 0.000000 0.000000 1.000000
22518 0.000000 0.000000 0.000000 1.000000
22524 0.000000 0.000000 0.000000 1.000000
22525 0.000000 0.000000 0.000000 1.000000
22526 0.000000 0.000000 0.000000 1.000000
22527 0.000000 0.000000 0.000000 1.000000
22528 0.000000 0.000000 0.000000 1.000000
22529 0.000000 0.000000 0.000000 1.000000
22534 0.000000 0.000000 0.000000 1.000000
22535 0.000000 0.000000 0.000000 1.000000
22536 0.000000 0.000000 0.000000 1.000000
22537 0.000000 0.000000 0.000000 1.000000
22538 0.000000 0.000000 0.000000 1.000000
22543 0.000000 0.000000 0.000000 1.000000
22544 0.000000 0.000000 0.000000 1.000000
22545 0.000000 0.000000 0.000000 1.000000
22546 0.000000 0.000000 0.000000 1.000000
22547 0.000000 0.000000 0.000000 1.000000
22548 0.000000 0.000000 0.000000 1.000000
22549 0.000000 0.000000 0.000000 1.000000
22550 0.000000 0.000000 0.000000 1.000000
22551 0.000000 0.000000 0.000000 1.000000
22578 0.000000 0.000000 0.000000 1.000000
22590 0.000000 0.000000 0.000000 1.000000
23410 0.000000 0.000000 0.000000 1.000000
23420 0.000000 0.000000 0.000000 1.000000
23421 0.000000 0.000000 0.000000 1.000000
23422 0.000000 0.000000 0.000000 1.000000
23423 0.000000 0.000000 0.000000 1.000000
23429 0.000000 0.000000 0.000000 1.000000
23430 0.000000 0.000000 0.000000 1.000000
23431 0.000000 0.000000 0.000000 1.000000
23432 0.000000 0.000000 0.000000 1.000000
23433 0.000000 0.000000 0.000000 1.000000
23434 0.000000 0.000000 0.000000 1.000000
23439 0.000000 0.000000 0.000000 1.000000
23440 0.000000 0.000000 0.000000 1.000000
23441 0.000000 0.000000 0.000000 1.000000
23442 0.000000 0.000000 0.000000 1.000000
23443 0.000000 0.000000 0.000000 1.000000
23444 0.000000 0.000000 0.000000 1.000000
23449 0.000000 0.000000 0.000000 1.000000
23450 0.000000 0.000000 0.000000 1.000000
23451 0.000000 0.000000 0.000000 1.000000
23452 0.000000 0.000000 0.000000 1.000000
23453 0.000000 0.000000 0.000000 1.000000
23454 0.000000 0.000000 0.000000 1.000000
23455 0.000000 0.000000 0.000000 1.000000
23456 0.000000 0.000000 0.000000 1.000000
23457 0.000000 0.000000 0.000000 1.000000
23477 0.000000 0.000000 0.000000 1.000000
23478 0.000000 0.000000 0.000000 1.000000
23482 0.000000 0.000000 0.000000 1.000000
23483 0.000000 0.000000 0.000000 1.000000
23484 0.000000 0.000000 0.000000 1.000000
23493 0.000000 0.000000 0.000000 1.000000
23494 0.000000 0.000000 0.000000 1.000000
23495 0.000000 0.000000 0.000000 1.000000
23496 0.000000 0.000000 0.000000 1.000000
23497 0.000000 0.000000 0.000000 1.000000
23502 0.000000 0.000000 0.000000 1.000000
23503 0.000000 0.000000 0.000000 1.000000
23504 0.000000 0.000000 0.000000 1.000000
23514 0.000000 0.000000 0.000000 1.000000
23515 0.000000 0.000000 0.000000 1.000000
24350 0.000000 0.000000 0.000000 1.000000
24359 0.000000 0.000000 0.000000 1.000000
24360 0.000000 0.000000 0.000000 1.000000
24361 0.000000 0.000000 0.000000 1.000000
24368 0.000000 0.000000 0.000000 1.000000
24369 0.000000 0.000000 0.000000 1.000000
24370 0.000000 0.000000 0.000000 1.000000
24371 0.000000 0.000000 0.000000 1.000000
24372 0.000000 0.000000 0.000000 1.000000
24373 0.000000 0.000000 0.000000 1.000000
24374 0.000000 0.000000 0.000000 1.000000
24377 0.000000 0.000000 0.000000 1.000000
24378 0.000000 0.000000 0.000000 1.000000
24379 0.000000 0.000000 0.000000 1.000000
24380 0.000000 0.000000 0.000000 1.000000
24381 0.000000 0.000000 0.000000 1.000000
24386 0.000000 0.000000 0.000000 1.000000
24387 0.000000 0.000000 0.000000 1.000000
24388 0.000000 0.000000 0.000000 1.000000
24389 0.000000 0.000000 0.000000 1.000000
24390 0.000000 0.000000 0.000000 1.000000
24391 0.000000 0.000000 0.000000 1.000000
24392 0.000000 0.000000 0.000000 1.000000
24393 0.000000 0.000000 0.000000 1.000000
24394 0.000000 0.000000 0.000000 1.000000
24395 0.000000 0.000000 0.000000 1.000000
24396 0.000000 0.000000 0.000000 1.000000
24415 0.000000 0.000000 0.000000 1.000000
24416 0.000000 0.000000 0.000000 1.000000
24417 0.000000 0.000000 0.000000 1.000000
24422 0.000000 0.000000 0.000000 1.000000
24423 0.000000 0.000000 0.000000 1.000000
24431 0.000000 0.000000 0.000000 1.000000
24432 0.000000 0.000000 0.000000 1.000000
24433 0.000000 0.000000 0.000000 1.000000
24434 0.000000 0.000000 0.000000 1.000000
24435 0.000000 0.000000 0.000000 1.000000
24436 0.000000 0.000000 0.000000 1.000000
24440 0.000000 0.000000 0.000000 1.000000
24441 0.000000 0.000000 0.000000 1.000000
24442 0.000000 0.000000 0.000000 1.000000
24443 0.000000 0.000000 0.000000 1.000000
24447 0.000000 0.000000 0.000000 1.000000
24448 0.000000 0.000000 0.000000 1.000000
24449 0.000000 0.000000 0.000000 1.000000
24450 0.000000 0.000000 0.000000 1.000000
24451 0.000000 0.000000 0.000000 1.000000
24452 0.000000 0.000000 0.000000 1.000000
24453 0.000000 0.000000 0.000000 1.000000
24460 0.000000 0.000000 0.000000 1.000000
24461 0.000000 0.000000 0.000000 1.000000
24467 0.000000 0.000000 0.000000 1.000000
25219 0.000000 0.000000 0.000000 1.000000
25229 0.000000 0.000000 0.000000 1.000000
25239 0.000000 0.000000 0.000000 1.000000
25240 0.000000 0.000000 0.000000 1.000000
25241 0.000000 0.000000 0.000000 1.000000
25242 0.000000 0.000000 0.000000 1.000000
25243 0.000000 0.000000 0.000000 1.000000
25250 0.000000 0.000000 0.000000 1.000000
25251 0.000000 0.000000 0.000000 1.000000
25252 0.000000 0.000000 0.000000 1.000000
25253 0.000000 0.000000 0.000000 1.000000
25254 0.000000 0.000000 0.000000 1.000000
25258 0.000000 0.000000 0.000000 1.000000
25259 0.000000 0.000000 0.000000 1.000000
25260 0.000000 0.000000 0.000000 1.000000
25261 0.000000 0.000000 0.000000 1.000000
25262 0.000000 0.000000 0.000000 1.000000
25263 0.000000 0.000000 0.000000 1.000000
25264 0.000000 0.000000 0.000000 1.000000
25265 0.000000 0.000000 0.000000 1.000000
25266 0.000000 0.000000 0.000000 1.000000
25267 0.000000 0.000000 0.000000 1.000000
25268 0.000000 0.000000 0.000000 1.000000
25269 0.000000 0.000000 0.000000 1.000000
25270 0.000000 0.000000 0.000000 1.000000
25271 0.000000 0.000000 0.000000 1.000000
25272 0.000000 0.000000 0.000000 1.000000
25277 0.000000 0.000000 0.000000 1.000000
25278 0.000000 0.000000 0.000000 1.000000
25294 0.000000 0.000000 0.000000 1.000000
25295 0.000000 0.000000 0.000000 1.000000
25304 0.000000 0.000000 0.000000 1.000000
25305 0.000000 0.000000 0.000000 1.000000
25306 0.000000 0.000000 0.000000 1.000000
25311 0.000000 0.000000 0.000000 1.000000
25312 0.000000 0.000000 0.000000 1.000000
25315 0.000000 0.000000 0.000000 1.000000
25316 0.000000 0.000000 0.000000 1.000000
25317 0.000000 0.000000 0.000000 1.000000
25318 0.000000 0.000000 0.000000 1.000000
25321 0.000000 0.000000 0.000000 1.000000
25322 0.000000 0.000000 0.000000 1.000000
25323 0.000000 0.000000 0.000000 1.000000
25324 0.000000 0.000000 0.000000 1.000000
25325 0.000000 0.000000 0.000000 1.000000
25326 0.000000 0.000000 0.000000 1.000000
25327 0.000000 0.000000 0.000000 1.000000
25328 0.000000 0.000000 0.000000 1.000000
25337 0.000000 0.000000 0.000000 1.000000
25338 0.000000 0.000000 0.000000 1.000000
25339 0.000000 0.000000 0.000000 1.000000
25341 0.000000 0.000000 0.000000 1.000000
25342 0.000000 0.000000 0.000000 1.000000
25343 0.000000 0.000000 0.000000 1.000000
25344 0.000000 0.000000 0.000000 1.000000
25345 0.000000 0.000000 0.000000 1.000000
25346 0.000000 0.000000 0.000000 1.000000
25357 0.000000 0.000000 0.000000 1.000000
25358 0.000000 0.000000 0.000000 1.000000
25994 0.000000 0.000000 0.000000 1.000000
25999 0.000000 0.000000 0.000000 1.000000
26005 0.000000 0.000000 0.000000 1.000000
26006 0.000000 0.000000 0.000000 1.000000
26007 0.000000 0.000000 0.000000 1.000000
26008 0.000000 0.000000 0.000000 1.000000
26009 0.000000 0.000000 0.000000 1.000000
26016 0.000000 0.000000 0.000000 1.000000
26017 0.000000 0.000000 0.000000 1.000000
26018 0.000000 0.000000 0.000000 1.000000
26019 0.000000 0.000000 0.000000 1.000000
26020 0.000000 0.000000 0.000000 1.000000
26021 0.000000 0.000000 0.000000 1.000000
26028 0.000000 0.000000 0.000000 1.000000
26029 0.000000 0.000000 0.000000 1.000000
26030 0.000000 0.000000 0.000000 1.000000
26031 0.000000 0.000000 0.000000 1.000000
26032 0.000000 0.000000 0.000000 1.000000
26033 0.000000 0.000000 0.000000 1.000000
26034 0.000000 0.000000 0.000000 1.000000
26035 0.000000 0.000000 0.000000 1.000000
26036 0.000000 0.000000 0.000000 1.000000
26037 0.000000 0.000000 0.000000 1.000000
26038 0.000000 0.000000 0.000000 1.000000
26039 0.000000 0.000000 0.000000 1.000000
26040 0.000000 0.000000 0.000000 1.000000
26041 0.000000 0.000000 0.000000 1.000000
26042 0.000000 0.000000 0.000000 1.000000
26043 0.000000 0.000000 0.000000 1.000000
26044 0.000000 0.000000 0.000000 1.000000
26052 0.000000 0.000000 0.000000 1.000000
26053 0.000000 0.000000 0.000000 1.000000
26054 0.000000 0.000000 0.000000 1.000000
26055 0.000000 0.000000 0.000000 1.000000
26056 0.000000 0.000000 0.000000 1.000000
26057 0.000000 0.000000 0.000000 1.000000
26058 0.000000 0.000000 0.000000 1.000000
26059 0.000000 0.000000 0.000000 1.000000
26079 0.000000 0.000000 0.000000 1.000000
26080 0.000000 0.000000 0.000000 1.000000
26090 0.000000 0.000000 0.000000 1.000000
26091 0.000000 0.000000 0.000000 1.000000
26092 0.000000 0.000000 0.000000 1.000000
26099 0.000000 0.000000 0.000000 1.000000
26100 0.000000 0.000000 0.000000 1.000000
26101 0.000000 0.000000 0.000000 1.000000
26110 0.000000 0.000000 0.000000 1.000000
26111 0.000000 0.000000 0.000000 1.000000
26112 0.000000 0.000000 0.000000 1.000000
26113 0.000000 0.000000 0.000000 1.000000
26116 0.000000 0.000000 0.000000 1.000000
26117 0.000000 0.000000 0.000000 1.000000
26118 0.000000 0.000000 0.000000 1.000000
26119 0.000000 0.000000 0.000000 1.000000
26120 0.000000 0.000000 0.000000 1.000000
26130 0.000000 0.000000 0.000000 1.000000
26131 0.000000 0.000000 0.000000 1.000000
26134 0.000000 0.000000 0.000000 1.000000
26135 0.000000 0.000000 0.000000 1.000000
26136 0.000000 0.000000 0.000000 1.000000
26137 0.000000 0.000000 0.000000 1.000000
26138 0.000000 0.000000 0.000000 1.000000
26139 0.000000 0.000000 0.000000 1.000000
26140 0.000000 0.000000 0.000000 1.000000
26145 0.000000 0.000000 0.000000 1.000000
26148 0.000000 0.000000 0.000000 1.000000
26149 0.000000 0.000000 0.000000 1.000000
26150 0.000000 0.000000 0.000000 1.000000
26151 0.000000 0.000000 0.000000 1.000000
26156 0.000000 0.000000 0.000000 1.000000
26775 0.000000 0.000000 0.000000 1.000000
26776 0.000000 0.000000 0.000000 1.000000
26779 0.000000 0.000000 0.000000 1.000000
26780 0.000000 0.000000 0.000000 1.000000
26795 0.000000 0.000000 0.000000 1.000000
26796 0.000000 0.000000 0.000000 1.000000
26797 0.000000 0.000000 0.000000 1.000000
26798 0.000000 0.000000 0.000000 1.000000
26799 0.000000 0.000000 0.000000 1.000000
26800 0.000000 0.000000 0.000000 1.000000
26801 0.000000 0.000000 0.000000 1.000000
26809 0.000000 0.000000 0.000000 1.000000
26810 0.000000 0.000000 0.000000 1.000000
26811 0.000000 0.000000 0.000000 1.000000
26812 0.000000 0.000000 0.000000 1.000000
26813 0.000000 0.000000 0.000000 1.000000
26814 0.000000 0.000000 0.000000 1.000000
26815 0.000000 0.000000 0.000000 1.000000
26816 0.000000 0.000000 0.000000 1.000000
26817 0.000000 0.000000 0.000000 1.000000
26818 0.000000 0.000000 0.000000 1.000000
26819 0.000000 0.000000 0.000000 1.000000
26820 0.000000 0.000000 0.000000 1.000000
26821 0.000000 0.000000 0.000000 1.000000
26822 0.000000 0.000000 0.000000 1.000000
26823 0.000000 0.000000 0.000000 1.000000
26824 0.000000 0.000000 0.000000 1.000000
26834 0.000000 0.000000 0.000000 1.000000
26835 0.000000 0.000000 0.000000 1.000000
26836 0.000000 0.000000 0.000000 1.000000
26837 0.000000 0.000000 0.000000 1.000000
26838 0.000000 0.000000 0.000000 1.000000
26839 0.000000 0.000000 0.000000 1.000000
26840 0.000000 0.000000 0.000000 1.000000
26841 0.000000 0.000000 0.000000 1.000000
26842 0.000000 0.000000 0.000000 1.000000
26843 0.000000 0.000000 0.000000 1.000000
26844 0.000000 0.000000 0.000000 1.000000
26845 0.000000 0.000000 0.000000 1.000000
26846 0.000000 0.000000 0.000000 1.000000
26847 0.000000 0.000000 0.000000 1.000000
26848 0.000000 0.000000 0.000000 1.000000
26857 0.000000 0.000000 0.000000 1.000000
26858 0.000000 0.000000 0.000000 1.000000
26859 0.000000 0.000000 0.000000 1.000000
26860 0.000000 0.000000 0.000000 1.000000
26861 0.000000 0.000000 0.000000 1.000000
26869 0.000000 0.000000 0.000000 1.000000
26870 0.000000 0.000000 0.000000 1.000000
26878 0.000000 0.000000 0.000000 1.000000
26879 0.000000 0.000000 0.000000 1.000000
26890 0.000000 0.000000 0.000000 1.000000
26891 0.000000 0.000000 0.000000 1.000000
26902 0.000000 0.000000 0.000000 1.000000
26903 0.000000 0.000000 0.000000 1.000000
26904 0.000000 0.000000 0.000000 1.000000
26905 0.000000 0.000000 0.000000 1.000000
26906 0.000000 0.000000 0.000000 1.000000
26910 0.000000 0.000000 0.000000 1.000000
26911 0.000000 0.000000 0.000000 1.000000
26912 0.000000 0.000000 0.000000 1.000000
26921 0.000000 0.000000 0.000000 1.000000
26922 0.000000 0.000000 0.000000 1.000000
26923 0.000000 0.000000 0.000000 1.000000
26924 0.000000 0.000000 0.000000 1.000000
26926 0.000000 0.000000 0.000000 1.000000
26927 0.000000 0.000000 0.000000 1.000000
26928 0.000000 0.000000 0.000000 1.000000
26929 0.000000 0.000000 0.000000 1.000000
26930 0.000000 0.000000 0.000000 1.000000
26931 0.000000 0.000000 0.000000 1.000000
26938 0.000000 0.000000 0.000000 1.000000
26941 0.000000 0.000000 0.000000 1.000000
26942 0.000000 0.000000 0.000000 1.000000
26943 0.000000 0.000000 0.000000 1.000000
26944 0.000000 0.000000 0.000000 1.000000
26945 0.000000 0.000000 0.000000 1.000000
26946 0.000000 0.000000 0.000000 1.000000
26954 0.000000 0.000000 0.000000 1.000000
26955 0.000000 0.000000 0.000000 1.000000
26956 0.000000 0.000000 0.000000 1.000000
26957 0.000000 0.000000 0.000000 1.000000
26958 0.000000 0.000000 0.000000 1.000000
26959 0.000000 0.000000 0.000000 1.000000
26960 0.000000 0.000000 0.000000 1.000000
26964 0.000000 0.000000 0.000000 1.000000
26965 0.000000 0.000000 0.000000 1.000000
26971 0.000000 0.000000 0.000000 1.000000
27609 0.000000 0.000000 0.000000 1.000000
27626 0.000000 0.000000 0.000000 1.000000
27627 0.000000 0.000000 0.000000 1.000000
27637 0.000000 0.000000 0.000000 1.000000
27654 0.000000 0.000000 0.000000 1.000000
27655 0.000000 0.000000 0.000000 1.000000
27662 0.000000 0.000000 0.000000 1.000000
27663 0.000000 0.000000 0.000000 1.000000
27664 0.000000 0.000000 0.000000 1.000000
27665 0.000000 0.000000 0.000000 1.000000
27666 0.000000 0.000000 0.000000 1.000000
27667 0.000000 0.000000 0.000000 1.000000
27668 0.000000 0.000000 0.000000 1.000000
27669 0.000000 0.000000 0.000000 1.000000
27670 0.000000 0.000000 0.000000 1.000000
27671 0.000000 0.000000 0.000000 1.000000
27678 0.000000 0.000000 0.000000 1.000000
27679 0.000000 0.000000 0.000000 1.000000
27680 0.000000 0.000000 0.000000 1.000000
27681 0.000000 0.000000 0.000000 1.000000
27682 0.000000 0.000000 0.000000 1.000000
27683 0.000000 0.000000 0.000000 1.000000
27684 0.000000 0.000000 0.000000 1.000000
27685 0.000000 0.000000 0.000000 1.000000
27686 0.000000 0.000000 0.000000 1.000000
27687 0.000000 0.000000 0.000000 1.000000
27688 0.000000 0.000000 0.000000 1.000000
27689 0.000000 0.000000 0.000000 1.000000
27690 0.000000 0.000000 0.000000 1.000000
27691 0.000000 0.000000 0.000000 1.000000
27692 0.000000 0.000000 0.000000 1.000000
27693 0.000000 0.000000 0.000000 1.000000
27694 0.000000 0.000000 0.000000 1.000000
27700 0.000000 0.000000 0.000000 1.000000
27701 0.000000 0.000000 0.000000 1.000000
27702 0.000000 0.000000 0.000000 1.000000
27703 0.000000 0.000000 0.000000 1.000000
27704 0.000000 0.000000 0.000000 1.000000
27705 0.000000 0.000000 0.000000 1.000000
27706 0.000000 0.000000 0.000000 1.000000
27707 0.000000 0.000000 0.000000 1.000000
27708 0.000000 0.000000 0.000000 1.000000
27709 0.000000 0.000000 0.000000 1.000000
27710 0.000000 0.000000 0.000000 1.000000
27717 0.000000 0.000000 0.000000 1.000000
27718 0.000000 0.000000 0.000000 1.000000
27719 0.000000 0.000000 0.000000 1.000000
27720 0.000000 0.000000 0.000000 1.000000
27721 0.000000 0.000000 0.000000 1.000000
27722 0.000000 0.000000 0.000000 1.000000
27730 0.000000 0.000000 0.000000 1.000000
27731 0.000000 0.000000 0.000000 1.000000
27739 0.000000 0.000000 0.000000 1.000000
27740 0.000000 0.000000 0.000000 1.000000
27746 0.000000 0.000000 0.000000 1.000000
27747 0.000000 0.000000 0.000000 1.000000
27748 0.000000 0.000000 0.000000 1.000000
27749 0.000000 0.000000 0.000000 1.000000
27750 0.000000 0.000000 0.000000 1.000000
27751 0.000000 0.000000 0.000000 1.000000
27752 0.000000 0.000000 0.000000 1.000000
27760 0.000000 0.000000 0.000000 1.000000
27761 0.000000 0.000000 0.000000 1.000000
27762 0.000000 0.000000 0.000000 1.000000
27763 0.000000 0.000000 0.000000 1.000000
27764 0.000000 0.000000 0.000000 1.000000
27765 0.000000 0.000000 0.000000 1.000000
27766 0.000000 0.000000 0.000000 1.000000
27767 0.000000 0.000000 0.000000 1.000000
27768 0.000000 0.000000 0.000000 1.000000
27773 0.000000 0.000000 0.000000 1.000000
27774 0.000000 0.000000 0.000000 1.000000
27775 0.000000 0.000000 0.000000 1.000000
27776 0.000000 0.000000 0.000000 1.000000
27777 0.000000 0.000000 0.000000 1.000000
27778 0.000000 0.000000 0.000000 1.000000
27779 0.000000 0.000000 0.000000 1.000000
27780 0.000000 0.000000 0.000000 1.000000
27787 0.000000 0.000000 0.000000 1.000000
27788 0.000000 0.000000 0.000000 1.000000
27789 0.000000 0.000000 0.000000 1.000000
27790 0.000000 0.000000 0.000000 1.000000
27791 0.000000 0.000000 0.000000 1.000000
27792 0.000000 0.000000 0.000000 1.000000
27793 0.000000 0.000000 0.000000 1.000000
27794 0.000000 0.000000 0.000000 1.000000
27801 0.000000 0.000000 0.000000 1.000000
27802 0.000000 0.000000 0.000000 1.000000
27803 0.000000 0.000000 0.000000 1.000000
27810 0.000000 0.000000 0.000000 1.000000
27811 0.000000 0.000000 0.000000 1.000000
27812 0.000000 0.000000 0.000000 1.000000
28537 0.000000 0.000000 0.000000 1.000000
28538 0.000000 0.000000 0.000000 1.000000
28555 0.000000 0.000000 0.000000 1.000000
28556 0.000000 0.000000 0.000000 1.000000
28568 0.000000 0.000000 0.000000 1.000000
28590 0.000000 0.000000 0.000000 1.000000
28591 0.000000 0.000000 0.000000 1.000000
28592 0.000000 0.000000 0.000000 1.000000
28593 0.000000 0.000000 0.000000 1.000000
28594 0.000000 0.000000 0.000000 1.000000
28595 0.000000 0.000000 0.000000 1.000000
28601 0.000000 0.000000 0.000000 1.000000
28602 0.000000 0.000000 0.000000 1.000000
28603 0.000000 0.000000 0.000000 1.000000
28604 0.000000 0.000000 0.000000 1.000000
28605 0.000000 0.000000 0.000000 1.000000
28606 0.000000 0.000000 0.000000 1.000000
28607 0.000000 0.000000 0.000000 1.000000
28608 0.000000 0.000000 0.000000 1.000000
28609 0.000000 0.000000 0.000000 1.000000
28610 0.000000 0.000000 0.000000 1.000000
28611 0.000000 0.000000 0.000000 1.000000
28612 0.000000 0.000000 0.000000 1.000000
28618 0.000000 0.000000 0.000000 1.000000
28619 0.000000 0.000000 0.000000 1.000000
28620 0.000000 0.000000 0.000000 1.000000
28621 0.000000 0.000000 0.000000 1.000000
28622 0.000000 0.000000 0.000000 1.000000
28623 0.000000 0.000000 0.000000 1.000000
28624 0.000000 0.000000 0.000000 1.000000
28625 0.000000 0.000000 0.000000 1.000000
28626 0.000000 0.000000 0.000000 1.000000
28627 0.000000 0.000000 0.000000 1.000000
28628 0.000000 0.000000 0.000000 1.000000
28634 0.000000 0.000000 0.000000 1.000000
28635 0.000000 0.000000 0.000000 1.000000
28636 0.000000 0.000000 0.000000 1.000000
28637 0.000000 0.000000 0.000000 1.000000
28638 0.000000 0.000000 0.000000 1.000000
28639 0.000000 0.000000 0.000000 1.000000
28640 0.000000 0.000000 0.000000 1.000000
28641 0.000000 0.000000 0.000000 1.000000
28647 0.000000 0.000000 0.000000 1.000000
28648 0.000000 0.000000 0.000000 1.000000
28656 0.000000 0.000000 0.000000 1.000000
28657 0.000000 0.000000 0.000000 1.000000
28666 0.000000 0.000000 0.000000 1.000000
28667 0.000000 0.000000 0.000000 1.000000
28668 0.000000 0.000000 0.000000 1.000000
28669 0.000000 0.000000 0.000000 1.000000
28670 0.000000 0.000000 0.000000 1.000000
28671 0.000000 0.000000 0.000000 1.000000
28679 0.000000 0.000000 0.000000 1.000000
28680 0.000000 0.000000 0.000000 1.000000
28681 0.000000 0.000000 0.000000 1.000000
28682 0.000000 0.000000 0.000000 1.000000
28683 0.000000 0.000000 0.000000 1.000000
28684 0.000000 0.000000 0.000000 1.000000
28685 0.000000 0.000000 0.000000 1.000000
28686 0.000000 0.000000 0.000000 1.000000
28687 0.000000 0.000000 0.000000 1.000000
28694 0.000000 0.000000 0.000000 1.000000
28695 0.000000 0.000000 0.000000 1.000000
28696 0.000000 0.000000 0.000000 1.000000
28697 0.000000 0.000000 0.000000 1.000000
28698 0.000000 0.000000 0.000000 1.000000
28699 0.000000 0.000000 0.000000 1.000000
28700 0.000000 0.000000 0.000000 1.000000
28701 0.000000 0.000000 0.000000 1.000000
28710 0.000000 0.000000 0.000000 1.000000
28711 0.000000 0.000000 0.000000 1.000000
28712 0.000000 0.000000 0.000000 1.000000
28713 0.000000 0.000000 0.000000 1.000000
28714 0.000000 0.000000 0.000000 1.000000
28715 0.000000 0.000000 0.000000 1.000000
28716 0.000000 0.000000 0.000000 1.000000
28717 0.000000 0.000000 0.000000 1.000000
28725 0.000000 0.000000 0.000000 1.000000
28726 0.000000 0.000000 0.000000 1.000000
28727 0.000000 0.000000 0.000000 1.000000
28728 0.000000 0.000000 0.000000 1.000000
28729 0.000000 0.000000 0.000000 1.000000
28730 0.000000 0.000000 0.000000 1.000000
28739 0.000000 0.000000 0.000000 1.000000
28740 0.000000 0.000000 0.000000 1.000000
28741 0.000000 0.000000 0.000000 1.000000
29550 0.000000 0.000000 0.000000 1.000000
29551 0.000000 0.000000 0.000000 1.000000
29552 0.000000 0.000000 0.000000 1.000000
29568 0.000000 0.000000 0.000000 1.000000
29579 0.000000 0.000000 0.000000 1.000000
29607 0.000000 0.000000 0.000000 1.000000
29608 0.000000 0.000000 0.000000 1.000000
29609 0.000000 0.000000 0.000000 1.000000
29610 0.000000 0.000000 0.000000 1.000000
29615 0.000000 0.000000 0.000000 1.000000
29616 0.000000 0.000000 0.000000 1.000000
29617 0.000000 0.000000 0.000000 1.000000
29618 0.000000 0.000000 0.000000 1.000000
29619 0.000000 0.000000 0.000000 1.000000
29620 0.000000 0.000000 0.000000 1.000000
29621 0.000000 0.000000 0.000000 1.000000
29622 0.000000 0.000000 0.000000 1.000000
29623 0.000000 0.000000 0.000000 1.000000
29628 0.000000 0.000000 0.000000 1.000000
29629 0.000000 0.000000 0.000000 1.000000
29630 0.000000 0.000000 0.000000 1.000000
29631 0.000000 0.000000 0.000000 1.000000
29632 0.000000 0.000000 0.000000 1.000000
29633 0.000000 0.000000 0.000000 1.000000
29634 0.000000 0.000000 0.000000 1.000000
29635 0.000000 0.000000 0.000000 1.000000
29636 0.000000 0.000000 0.000000 1.000000
29637 0.000000 0.000000 0.000000 1.000000
29638 0.000000 0.000000 0.000000 1.000000
29643 0.000000 0.000000 0.000000 1.000000
29644 0.000000 0.000000 0.000000 1.000000
29645 0.000000 0.000000 0.000000 1.000000
29646 0.000000 0.000000 0.000000 1.000000
29647 0.000000 0.000000 0.000000 1.000000
29648 0.000000 0.000000 0.000000 1.000000
29649 0.000000 0.000000 0.000000 1.000000
29650 0.000000 0.000000 0.000000 1.000000
29656 0.000000 0.000000 0.000000 1.000000
29657 0.000000 0.000000 0.000000 1.000000
29664 0.000000 0.000000 0.000000 1.000000
29665 0.000000 0.000000 0.000000 1.000000
29666 0.000000 0.000000 0.000000 1.000000
29667 0.000000 0.000000 0.000000 1.000000
29677 0.000000 0.000000 0.000000 1.000000
29678 0.000000 0.000000 0.000000 1.000000
29679 0.000000 0.000000 0.000000 1.000000
29680 0.000000 0.000000 0.000000 1.000000
29681 0.000000 0.000000 0.000000 1.000000
29682 0.000000 0.000000 0.000000 1.000000
29692 0.000000 0.000000 0.000000 1.000000
29693 0.000000 0.000000 0.000000 1.000000
29694 0.000000 0.000000 0.000000 1.000000
29695 0.000000 0.000000 0.000000 1.000000
29696 0.000000 0.000000 0.000000 1.000000
29697 0.000000 0.000000 0.000000 1.000000
29698 0.000000 0.000000 0.000000 1.000000
29699 0.000000 0.000000 0.000000 1.000000
29706 0.000000 0.000000 0.000000 1.000000
29707 0.000000 0.000000 0.000000 1.000000
29708 0.000000 0.000000 0.000000 1.000000
29709 0.000000 0.000000 0.000000 1.000000
29710 0.000000 0.000000 0.000000 1.000000
29711 0.000000 0.000000 0.000000 1.000000
29712 0.000000 0.000000 0.000000 1.000000
29713 0.000000 0.000000 0.000000 1.000000
29714 0.000000 0.000000 0.000000 1.000000
29723 0.000000 0.000000 0.000000 1.000000
29724 0.000000 0.000000 0.000000 1.000000
29725 0.000000 0.000000 0.000000 1.000000
29726 0.000000 0.000000 0.000000 1.000000
29727 0.000000 0.000000 0.000000 1.000000
29728 0.000000 0.000000 0.000000 1.000000
29729 0.000000 0.000000 0.000000 1.000000
29730 0.000000 0.000000 0.000000 1.000000
29737 0.000000 0.000000 0.000000 1.000000
29738 0.000000 0.000000 0.000000 1.000000
29739 0.000000 0.000000 0.000000 1.000000
29740 0.000000 0.000000 0.000000 1.000000
29741 0.000000 0.000000 0.000000 1.000000
29742 0.000000 0.000000 0.000000 1.000000
29743 0.000000 0.000000 0.000000 1.000000
29744 0.000000 0.000000 0.000000 1.000000
29753 0.000000 0.000000 0.000000 1.000000
29754 0.000000 0.000000 0.000000 1.000000
29755 0.000000 0.000000 0.000000 1.000000
30633 0.000000 0.000000 0.000000 1.000000
30634 0.000000 0.000000 0.000000 1.000000
30635 0.000000 0.000000 0.000000 1.000000
30636 0.000000 0.000000 0.000000 1.000000
30652 0.000000 0.000000 0.000000 1.000000
30700 0.000000 0.000000 0.000000 1.000000
30701 0.000000 0.000000 0.000000 1.000000
30702 0.000000 0.000000 0.000000 1.000000
30710 0.000000 0.000000 0.000000 1.000000
30711 0.000000 0.000000 0.000000 1.000000
30712 0.000000 0.000000 0.000000 1.000000
30713 0.000000 0.000000 0.000000 1.000000
30714 0.000000 0.000000 0.000000 1.000000
30721 0.000000 0.000000 0.000000 1.000000
30722 0.000000 0.000000 0.000000 1.000000
30723 0.000000 0.000000 0.000000 1.000000
30724 0.000000 0.000000 0.000000 1.000000
30725 0.000000 0.000000 0.000000 1.000000
30726 0.000000 0.000000 0.000000 1.000000
30727 0.000000 0.000000 0.000000 1.000000
30728 0.000000 0.000000 0.000000 1.000000
30729 0.000000 0.000000 0.000000 1.000000
30730 0.000000 0.000000 0.000000 1.000000
30731 0.000000 0.000000 0.000000 1.000000
30732 0.000000 0.000000 0.000000 1.000000
30738 0.000000 0.000000 0.000000 1.000000
30739 0.000000 0.000000 0.000000 1.000000
30740 0.000000 0.000000 0.000000 1.000000
30741 0.000000 0.000000 0.000000 1.000000
30742 0.000000 0.000000 0.000000 1.000000
30743 0.000000 0.000000 0.000000 1.000000
30744 0.000000 0.000000 0.000000 1.000000
30745 0.000000 0.000000 0.000000 1.000000
30746 0.000000 0.000000 0.000000 1.000000
30747 0.000000 0.000000 0.000000 1.000000
30748 0.000000 0.000000 0.000000 1.000000
30749 0.000000 0.000000 0.000000 1.000000
30755 0.000000 0.000000 0.000000 1.000000
30756 0.000000 0.000000 0.000000 1.000000
30763 0.000000 0.000000 0.000000 1.000000
30764 0.000000 0.000000 0.000000 1.000000
30765 0.000000 0.000000 0.000000 1.000000
30766 0.000000 0.000000 0.000000 1.000000
30774 0.000000 0.000000 0.000000 1.000000
30775 0.000000 0.000000 0.000000 1.000000
30776 0.000000 0.000000 0.000000 1.000000
30777 0.000000 0.000000 0.000000 1.000000
30778 0.000000 0.000000 0.000000 1.000000
30779 0.000000 0.000000 0.000000 1.000000
30791 0.000000 0.000000 0.000000 1.000000
30792 0.000000 0.000000 0.000000 1.000000
30793 0.000000 0.000000 0.000000 1.000000
30794 0.000000 0.000000 0.000000 1.000000
30795 0.000000 0.000000 0.000000 1.000000
30796 0.000000 0.000000 0.000000 1.000000
30797 0.000000 0.000000 0.000000 1.000000
30798 0.000000 0.000000 0.000000 1.000000
30799 0.000000 0.000000 0.000000 1.000000
30807 0.000000 0.000000 0.000000 1.000000
30808 0.000000 0.000000 0.000000 1.000000
30809 0.000000 0.000000 0.000000 1.000000
30810 0.000000 0.000000 0.000000 1.000000
30811 0.000000 0.000000 0.000000 1.000000
30812 0.000000 0.000000 0.000000 1.000000
30813 0.000000 0.000000 0.000000 1.000000
30814 0.000000 0.000000 0.000000 1.000000
30821 0.000000 0.000000 0.000000 1.000000
30822 0.000000 0.000000 0.000000 1.000000
30823 0.000000 0.000000 0.000000 1.000000
30824 0.000000 0.000000 0.000000 1.000000
30825 0.000000 0.000000 0.000000 1.000000
30826 0.000000 0.000000 0.000000 1.000000
30827 0.000000 0.000000 0.000000 1.000000
30828 0.000000 0.000000 0.000000 1.000000
30836 0.000000 0.000000 0.000000 1.000000
30837 0.000000 0.000000 0.000000 1.000000
30838 0.000000 0.000000 0.000000 1.000000
30839 0.000000 0.000000 0.000000 1.000000
30840 0.000000 0.000000 0.000000 1.000000
30841 0.000000 0.000000 0.000000 1.000000
30842 0.000000 0.000000 0.000000 1.000000
30843 0.000000 0.000000 0.000000 1.000000
30844 0.000000 0.000000 0.000000 1.000000
30856 0.000000 0.000000 0.000000 1.000000
30857 0.000000 0.000000 0.000000 1.000000
31711 0.000000 0.000000 0.000000 1.000000
31712 0.000000 0.000000 0.000000 1.000000
31713 0.000000 0.000000 0.000000 1.000000
31714 0.000000 0.000000 0.000000 1.000000
31770 0.000000 0.000000 0.000000 1.000000
31771 0.000000 0.000000 0.000000 1.000000
31772 0.000000 0.000000 0.000000 1.000000
31783 0.000000 0.000000 0.000000 1.000000
31784 0.000000 0.000000 0.000000 1.000000
31795 0.000000 0.000000 0.000000 1.000000
31796 0.000000 0.000000 0.000000 1.000000
31797 0.000000 0.000000 0.000000 1.000000
31798 0.000000 0.000000 0.000000 1.000000
31799 0.000000 0.000000 0.000000 1.000000
31800 0.000000 0.000000 0.000000 1.000000
31801 0.000000 0.000000 0.000000 1.000000
31802 0.000000 0.000000 0.000000 1.000000
31810 0.000000 0.000000 0.000000 1.000000
31811 0.000000 0.000000 0.000000 1.000000
31812 0.000000 0.000000 0.000000 1.000000
31813 0.000000 0.000000 0.000000 1.000000
31814 0.000000 0.000000 0.000000 1.000000
31815 0.000000 0.000000 0.000000 1.000000
31816 0.000000 0.000000 0.000000 1.000000
31817 0.000000 0.000000 0.000000 1.000000
31818 0.000000 0.000000 0.000000 1.000000
31819 0.000000 0.000000 0.000000 1.000000
31820 0.000000 0.000000 0.000000 1.000000
31821 0.000000 0.000000 0.000000 1.000000
31822 0.000000 0.000000 0.000000 1.000000
31832 0.000000 0.000000 0.000000 1.000000
31844 0.000000 0.000000 0.000000 1.000000
31845 0.000000 0.000000 0.000000 1.000000
31846 0.000000 0.000000 0.000000 1.000000
31859 0.000000 0.000000 0.000000 1.000000
31860 0.000000 0.000000 0.000000 1.000000
31861 0.000000 0.000000 0.000000 1.000000
31862 0.000000 0.000000 0.000000 1.000000
31863 0.000000 0.000000 0.000000 1.000000
31881 0.000000 0.000000 0.000000 1.000000
31882 0.000000 0.000000 0.000000 1.000000
31883 0.000000 0.000000 0.000000 1.000000
31884 0.000000 0.000000 0.000000 1.000000
31885 0.000000 0.000000 0.000000 1.000000
31886 0.000000 0.000000 0.000000 1.000000
31887 0.000000 0.000000 0.000000 1.000000
31888 0.000000 0.000000 0.000000 1.000000
31889 0.000000 0.000000 0.000000 1.000000
31890 0.000000 0.000000 0.000000 1.000000
31906 0.000000 0.000000 0.000000 1.000000
31907 0.000000 0.000000 0.000000 1.000000
31908 0.000000 0.000000 0.000000 1.000000
31909 0.000000 0.000000 0.000000 1.000000
31910 0.000000 0.000000 0.000000 1.000000
31911 0.000000 0.000000 0.000000 1.000000
31912 0.000000 0.000000 0.000000 1.000000
31913 0.000000 0.000000 0.000000 1.000000
31914 0.000000 0.000000 0.000000 1.000000
31927 0.000000 0.000000 0.000000 1.000000
31928 0.000000 0.000000 0.000000 1.000000
31929 0.000000 0.000000 0.000000 1.000000
31930 0.000000 0.000000 0.000000 1.000000
31931 0.000000 0.000000 0.000000 1.000000
31932 0.000000 0.000000 0.000000 1.000000
31933 0.000000 0.000000 0.000000 1.000000
31946 0.000000 0.000000 0.000000 1.000000
31947 0.000000 0.000000 0.000000 1.000000
31948 0.000000 0.000000 0.000000 1.000000
31949 0.000000 0.000000 0.000000 1.000000
31950 0.000000 0.000000 0.000000 1.000000
31951 0.000000 0.000000 0.000000 1.000000
31952 0.000000 0.000000 0.000000 1.000000
31953 0.000000 0.000000 0.000000 1.000000
32764 0.000000 0.000000 0.000000 1.000000
32765 0.000000 0.000000 0.000000 1.000000
32766 0.000000 0.000000 0.000000 1.000000
32767 0.000000 0.000000 0.000000 1.000000
32781 0.000000 0.000000 0.000000 1.000000
32782 0.000000 0.000000 0.000000 1.000000
32819 0.000000 0.000000 0.000000 1.000000
32820 0.000000 0.000000 0.000000 1.000000
32821 0.000000 0.000000 0.000000 1.000000
32833 0.000000 0.000000 0.000000 1.000000
32834 0.000000 0.000000 0.000000 1.000000
32835 0.000000 0.000000 0.000000 1.000000
32849 0.000000 0.000000 0.000000 1.000000
32850 0.000000 0.000000 0.000000 1.000000
32851 0.000000 0.000000 0.000000 1.000000
32852 0.000000 0.000000 0.000000 1.000000
32853 0.000000 0.000000 0.000000 1.000000
32854 0.000000 0.000000 0.000000 1.000000
32866 0.000000 0.000000 0.000000 1.000000
32867 0.000000 0.000000 0.000000 1.000000
32868 0.000000 0.000000 0.000000 1.000000
32869 0.000000 0.000000 0.000000 1.000000
32870 0.000000 0.000000 0.000000 1.000000
32871 0.000000 0.000000 0.000000 1.000000
32872 0.000000 0.000000 0.000000 1.000000
32873 0.000000 0.000000 0.000000 1.000000
32874 0.000000 0.000000 0.000000 1.000000
32875 0.000000 0.000000 0.000000 1.000000
32876 0.000000 0.000000 0.000000 1.000000
32877 0.000000 0.000000 0.000000 1.000000
32878 0.000000 0.000000 0.000000 1.000000
32879 0.000000 0.000000 0.000000 1.000000
32880 0.000000 0.000000 0.000000 1.000000
32889 0.000000 0.000000 0.000000 1.000000
32890 0.000000 0.000000 0.000000 1.000000
32891 0.000000 0.000000 0.000000 1.000000
32892 0.000000 0.000000 0.000000 1.000000
32893 0.000000 0.000000 0.000000 1.000000
32894 0.000000 0.000000 0.000000 1.000000
32895 0.000000 0.000000 0.000000 1.000000
32896 0.000000 0.000000 0.000000 1.000000
32897 0.000000 0.000000 0.000000 1.000000
32905 0.000000 0.000000 0.000000 1.000000
32906 0.000000 0.000000 0.000000 1.000000
32907 0.000000 0.000000 0.000000 1.000000
32914 0.000000 0.000000 0.000000 1.000000
32915 0.000000 0.000000 0.000000 1.000000
32929 0.000000 0.000000 0.000000 1.000000
32930 0.000000 0.000000 0.000000 1.000000
32931 0.000000 0.000000 0.000000 1.000000
32932 0.000000 0.000000 0.000000 1.000000
32933 0.000000 0.000000 0.000000 1.000000
32934 0.000000 0.000000 0.000000 1.000000
32935 0.000000 0.000000 0.000000 1.000000
32936 0.000000 0.000000 0.000000 1.000000
32951 0.000000 0.000000 0.000000 1.000000
32952 0.000000 0.000000 0.000000 1.000000
32953 0.000000 0.000000 0.000000 1.000000
32954 0.000000 0.000000 0.000000 1.000000
32955 0.000000 0.000000 0.000000 1.000000
32956 0.000000 0.000000 0.000000 1.000000
32957 0.000000 0.000000 0.000000 1.000000
32958 0.000000 0.000000 0.000000 1.000000
32959 0.000000 0.000000 0.000000 1.000000
32968 0.000000 0.000000 0.000000 1.000000
32969 0.000000 0.000000 0.000000 1.000000
32970 0.000000 0.000000 0.000000 1.000000
32971 0.000000 0.000000 0.000000 1.000000
32972 0.000000 0.000000 0.000000 1.000000
32973 0.000000 0.000000 0.000000 1.000000
32974 0.000000 0.000000 0.000000 1.000000
32975 0.000000 0.000000 0.000000 1.000000
32976 0.000000 0.000000 0.000000 1.000000
32983 0.000000 0.000000 0.000000 1.000000
32984 0.000000 0.000000 0.000000 1.000000
32985 0.000000 0.000000 0.000000 1.000000
32986 0.000000 0.000000 0.000000 1.000000
32987 0.000000 0.000000 0.000000 1.000000
32988 0.000000 0.000000 0.000000 1.000000
32989 0.000000 0.000000 0.000000 1.000000
33822 0.000000 0.000000 0.000000 1.000000
33823 0.000000 0.000000 0.000000 1.000000
33824 0.000000 0.000000 0.000000 1.000000
33825 0.000000 0.000000 0.000000 1.000000
33826 0.000000 0.000000 0.000000 1.000000
33837 0.000000 0.000000 0.000000 1.000000
33838 0.000000 0.000000 0.000000 1.000000
33839 0.000000 0.000000 0.000000 1.000000
33843 0.000000 0.000000 0.000000 1.000000
33844 0.000000 0.000000 0.000000 1.000000
33846 0.000000 0.000000 0.000000 1.000000
33848 0.000000 0.000000 0.000000 1.000000
33849 0.000000 0.000000 0.000000 1.000000
33850 0.000000 0.000000 0.000000 1.000000
33855 0.000000 0.000000 0.000000 1.000000
33856 0.000000 0.000000 0.000000 1.000000
33857 0.000000 0.000000 0.000000 1.000000
33858 0.000000 0.000000 0.000000 1.000000
33864 0.000000 0.000000 0.000000 1.000000
33865 0.000000 0.000000 0.000000 1.000000
33866 0.000000 0.000000 0.000000 1.000000
33867 0.000000 0.000000 0.000000 1.000000
33871 0.000000 0.000000 0.000000 1.000000
33872 0.000000 0.000000 0.000000 1.000000
33873 0.000000 0.000000 0.000000 1.000000
33874 0.000000 0.000000 0.000000 1.000000
33875 0.000000 0.000000 0.000000 1.000000
33882 0.000000 0.000000 0.000000 1.000000
33883 0.000000 0.000000 0.000000 1.000000
33884 0.000000 0.000000 0.000000 1.000000
33885 0.000000 0.000000 0.000000 1.000000
33886 0.000000 0.000000 0.000000 1.000000
33887 0.000000 0.000000 0.000000 1.000000
33888 0.000000 0.000000 0.000000 1.000000
33889 0.000000 0.000000 0.000000 1.000000
33890 0.000000 0.000000 0.000000 1.000000
33894 0.000000 0.000000 0.000000 1.000000
33895 0.000000 0.000000 0.000000 1.000000
33896 0.000000 0.000000 0.000000 1.000000
33897 0.000000 0.000000 0.000000 1.000000
33898 0.000000 0.000000 0.000000 1.000000
33899 0.000000 0.000000 0.000000 1.000000
33900 0.000000 0.000000 0.000000 1.000000
33901 0.000000 0.000000 0.000000 1.000000
33902 0.000000 0.000000 0.000000 1.000000
33903 0.000000 0.000000 0.000000 1.000000
33904 0.000000 0.000000 0.000000 1.000000
33907 0.000000 0.000000 0.000000 1.000000
33908 0.000000 0.000000 0.000000 1.000000
33911 0.000000 0.000000 0.000000 1.000000
33912 0.000000 0.000000 0.000000 1.000000
33918 0.000000 0.000000 0.000000 1.000000
33919 0.000000 0.000000 0.000000 1.000000
33920 0.000000 0.000000 0.000000 1.000000
33921 0.000000 0.000000 0.000000 1.000000
33922 0.000000 0.000000 0.000000 1.000000
33923 0.000000 0.000000 0.000000 1.000000
33924 0.000000 0.000000 0.000000 1.000000
33937 0.000000 0.000000 0.000000 1.000000
33938 0.000000 0.000000 0.000000 1.000000
33939 0.000000 0.000000 0.000000 1.000000
33940 0.000000 0.000000 0.000000 1.000000
33941 0.000000 0.000000 0.000000 1.000000
33942 0.000000 0.000000 0.000000 1.000000
33943 0.000000 0.000000 0.000000 1.000000
33944 0.000000 0.000000 0.000000 1.000000
33954 0.000000 0.000000 0.000000 1.000000
33955 0.000000 0.000000 0.000000 1.000000
33956 0.000000 0.000000 0.000000 1.000000
33957 0.000000 0.000000 0.000000 1.000000
33958 0.000000 0.000000 0.000000 1.000000
33959 0.000000 0.000000 0.000000 1.000000
33960 0.000000 0.000000 0.000000 1.000000
33961 0.000000 0.000000 0.000000 1.000000
33970 0.000000 0.000000 0.000000 1.000000
33971 0.000000 0.000000 0.000000 1.000000
33972 0.000000 0.000000 0.000000 1.000000
33973 0.000000 0.000000 0.000000 1.000000
33974 0.000000 0.000000 0.000000 1.000000
33975 0.000000 0.000000 0.000000 1.000000
33976 0.000000 0.000000 0.000000 1.000000
33977 0.000000 0.000000 0.000000 1.000000
33985 0.000000 0.000000 0.000000 1.000000
33986 0.000000 0.000000 0.000000 1.000000
33987 0.000000 0.000000 0.000000 1.000000
33988 0.000000 0.000000 0.000000 1.000000
34841 0.000000 0.000000 0.000000 1.000000
34842 0.000000 0.000000 0.000000 1.000000
34843 0.000000 0.000000 0.000000 1.000000
34844 0.000000 0.000000 0.000000 1.000000
34861 0.000000 0.000000 0.000000 1.000000
34862 0.000000 0.000000 0.000000 1.000000
34870 0.000000 0.000000 0.000000 1.000000
34871 0.000000 0.000000 0.000000 1.000000
34876 0.000000 0.000000 0.000000 1.000000
34882 0.000000 0.000000 0.000000 1.000000
34883 0.000000 0.000000 0.000000 1.000000
34884 0.000000 0.000000 0.000000 1.000000
34885 0.000000 0.000000 0.000000 1.000000
34886 0.000000 0.000000 0.000000 1.000000
34892 0.000000 0.000000 0.000000 1.000000
34893 0.000000 0.000000 0.000000 1.000000
34894 0.000000 0.000000 0.000000 1.000000
34895 0.000000 0.000000 0.000000 1.000000
34900 0.000000 0.000000 0.000000 1.000000
34901 0.000000 0.000000 0.000000 1.000000
34903 0.000000 0.000000 0.000000 1.000000
34904 0.000000 0.000000 0.000000 1.000000
34905 0.000000 0.000000 0.000000 1.000000
34906 0.000000 0.000000 0.000000 1.000000
34907 0.000000 0.000000 0.000000 1.000000
34912 0.000000 0.000000 0.000000 1.000000
34913 0.000000 0.000000 0.000000 1.000000
34914 0.000000 0.000000 0.000000 1.000000
34915 0.000000 0.000000 0.000000 1.000000
34916 0.000000 0.000000 0.000000 1.000000
34917 0.000000 0.000000 0.000000 1.000000
34924 0.000000 0.000000 0.000000 1.000000
34925 0.000000 0.000000 0.000000 1.000000
34926 0.000000 0.000000 0.000000 1.000000
34927 0.000000 0.000000 0.000000 1.000000
34928 0.000000 0.000000 0.000000 1.000000
34929 0.000000 0.000000 0.000000 1.000000
34930 0.000000 0.000000 0.000000 1.000000
34931 0.000000 0.000000 0.000000 1.000000
34932 0.000000 0.000000 0.000000 1.000000
34933 0.000000 0.000000 0.000000 1.000000
34934 0.000000 0.000000 0.000000 1.000000
34935 0.000000 0.000000 0.000000 1.000000
34938 0.000000 0.000000 0.000000 1.000000
34939 0.000000 0.000000 0.000000 1.000000
34940 0.000000 0.000000 0.000000 1.000000
34941 0.000000 0.000000 0.000000 1.000000
34942 0.000000 0.000000 0.000000 1.000000
34943 0.000000 0.000000 0.000000 1.000000
34946 0.000000 0.000000 0.000000 1.000000
34947 0.000000 0.000000 0.000000 1.000000
34951 0.000000 0.000000 0.000000 1.000000
34952 0.000000 0.000000 0.000000 1.000000
34953 0.000000 0.000000 0.000000 1.000000
34954 0.000000 0.000000 0.000000 1.000000
34955 0.000000 0.000000 0.000000 1.000000
34956 0.000000 0.000000 0.000000 1.000000
34968 0.000000 0.000000 0.000000 1.000000
34969 0.000000 0.000000 0.000000 1.000000
34970 0.000000 0.000000 0.000000 1.000000
34971 0.000000 0.000000 0.000000 1.000000
34972 0.000000 0.000000 0.000000 1.000000
34973 0.000000 0.000000 0.000000 1.000000
34974 0.000000 0.000000 0.000000 1.000000
34975 0.000000 0.000000 0.000000 1.000000
34985 0.000000 0.000000 0.000000 1.000000
34986 0.000000 0.000000 0.000000 1.000000
34987 0.000000 0.000000 0.000000 1.000000
34988 0.000000 0.000000 0.000000 1.000000
34989 0.000000 0.000000 0.000000 1.000000
34990 0.000000 0.000000 0.000000 1.000000
34998 0.000000 0.000000 0.000000 1.000000
34999 0.000000 0.000000 0.000000 1.000000
35000 0.000000 0.000000 0.000000 1.000000
35001 0.000000 0.000000 0.000000 1.000000
35002 0.000000 0.000000 0.000000 1.000000
35003 0.000000 0.000000 0.000000 1.000000
35004 0.000000 0.000000 0.000000 1.000000
35005 0.000000 0.000000 0.000000 1.000000
35014 0.000000 0.000000 0.000000 1.000000
35015 0.000000 0.000000 0.000000 1.000000
35016 0.000000 0.000000 0.000000 1.000000
35017 0.000000 0.000000 0.000000 1.000000
35018 0.000000 0.000000 0.000000 1.000000
35703 0.000000 0.000000 0.000000 1.000000
35704 0.000000 0.000000 0.000000 1.000000
35705 0.000000 0.000000 0.000000 1.000000
35706 0.000000 0.000000 0.000000 1.000000
35707 0.000000 0.000000 0.000000 1.000000
35727 0.000000 0.000000 0.000000 1.000000
35728 0.000000 0.000000 0.000000 1.000000
35729 0.000000 0.000000 0.000000 1.000000
35744 0.000000 0.000000 0.000000 1.000000
35745 0.000000 0.000000 0.000000 1.000000
35746 0.000000 0.000000 0.000000 1.000000
35747 0.000000 0.000000 0.000000 1.000000
35756 0.000000 0.000000 0.000000 1.000000
35757 0.000000 0.000000 0.000000 1.000000
35758 0.000000 0.000000 0.000000 1.000000
35759 0.000000 0.000000 0.000000 1.000000
35760 0.000000 0.000000 0.000000 1.000000
35765 0.000000 0.000000 0.000000 1.000000
35766 0.000000 0.000000 0.000000 1.000000
35767 0.000000 0.000000 0.000000 1.000000
35768 0.000000 0.000000 0.000000 1.000000
35769 0.000000 0.000000 0.000000 1.000000
35773 0.000000 0.000000 0.000000 1.000000
35780 0.000000 0.000000 0.000000 1.000000
35781 0.000000 0.000000 0.000000 1.000000
35787 0.000000 0.000000 0.000000 1.000000
35788 0.000000 0.000000 0.000000 1.000000
35789 0.000000 0.000000 0.000000 1.000000
35790 0.000000 0.000000 0.000000 1.000000
35792 0.000000 0.000000 0.000000 1.000000
35793 0.000000 0.000000 0.000000 1.000000
35794 0.000000 0.000000 0.000000 1.000000
35795 0.000000 0.000000 0.000000 1.000000
35796 0.000000 0.000000 0.000000 1.000000
35797 0.000000 0.000000 0.000000 1.000000
35805 0.000000 0.000000 0.000000 1.000000
35806 0.000000 0.000000 0.000000 1.000000
35807 0.000000 0.000000 0.000000 1.000000
35808 0.000000 0.000000 0.000000 1.000000
35809 0.000000 0.000000 0.000000 1.000000
35810 0.000000 0.000000 0.000000 1.000000
35811 0.000000 0.000000 0.000000 1.000000
35812 0.000000 0.000000 0.000000 1.000000
35813 0.000000 0.000000 0.000000 1.000000
35814 0.000000 0.000000 0.000000 1.000000
35815 0.000000 0.000000 0.000000 1.000000
35824 0.000000 0.000000 0.000000 1.000000
35825 0.000000 0.000000 0.000000 1.000000
35826 0.000000 0.000000 0.000000 1.000000
35827 0.000000 0.000000 0.000000 1.000000
35828 0.000000 0.000000 0.000000 1.000000
35829 0.000000 0.000000 0.000000 1.000000
35830 0.000000 0.000000 0.000000 1.000000
35831 0.000000 0.000000 0.000000 1.000000
35832 0.000000 0.000000 0.000000 1.000000
35833 0.000000 0.000000 0.000000 1.000000
35836 0.000000 0.000000 0.000000 1.000000
35837 0.000000 0.000000 0.000000 1.000000
35838 0.000000 0.000000 0.000000 1.000000
35839 0.000000 0.000000 0.000000 1.000000
35840 0.000000 0.000000 0.000000 1.000000
35844 0.000000 0.000000 0.000000 1.000000
35845 0.000000 0.000000 0.000000 1.000000
35846 0.000000 0.000000 0.000000 1.000000
35847 0.000000 0.000000 0.000000 1.000000
35848 0.000000 0.000000 0.000000 1.000000
35849 0.000000 0.000000 0.000000 1.000000
35850 0.000000 0.000000 0.000000 1.000000
35851 0.000000 0.000000 0.000000 1.000000
35852 0.000000 0.000000 0.000000 1.000000
35862 0.000000 0.000000 0.000000 1.000000
35863 0.000000 0.000000 0.000000 1.000000
35864 0.000000 0.000000 0.000000 1.000000
35865 0.000000 0.000000 0.000000 1.000000
35866 0.000000 0.000000 0.000000 1.000000
35867 0.000000 0.000000 0.000000 1.000000
35868 0.000000 0.000000 0.000000 1.000000
35869 0.000000 0.000000 0.000000 1.000000
35870 0.000000 0.000000 0.000000 1.000000
35871 0.000000 0.000000 0.000000 1.000000
35880 0.000000 0.000000 0.000000 1.000000
35881 0.000000 0.000000 0.000000 1.000000
35882 0.000000 0.000000 0.000000 1.000000
35883 0.000000 0.000000 0.000000 1.000000
35884 0.000000 0.000000 0.000000 1.000000
35885 0.000000 0.000000 0.000000 1.000000
35886 0.000000 0.000000 0.000000 1.000000
35887 0.000000 0.000000 0.000000 1.000000
35894 0.000000 0.000000 0.000000 1.000000
35895 0.000000 0.000000 0.000000 1.000000
35896 0.000000 0.000000 0.000000 1.000000
35897 0.000000 0.000000 0.000000 1.000000
35898 0.000000 0.000000 0.000000 1.000000
35899 0.000000 0.000000 0.000000 1.000000
35900 0.000000 0.000000 0.000000 1.000000
35909 0.000000 0.000000 0.000000 1.000000
35910 0.000000 0.000000 0.000000 1.000000
35911 0.000000 0.000000 0.000000 1.000000
35912 0.000000 0.000000 0.000000 1.000000
35913 0.000000 0.000000 0.000000 1.000000
36569 0.000000 0.000000 0.000000 1.000000
36570 0.000000 0.000000 0.000000 1.000000
36571 0.000000 0.000000 0.000000 1.000000
36572 0.000000 0.000000 0.000000 1.000000
36573 0.000000 0.000000 0.000000 1.000000
36574 0.000000 0.000000 0.000000 1.000000
36591 0.000000 0.000000 0.000000 1.000000
36592 0.000000 0.000000 0.000000 1.000000
36593 0.000000 0.000000 0.000000 1.000000
36594 0.000000 0.000000 0.000000 1.000000
36595 0.000000 0.000000 0.000000 1.000000
36596 0.000000 0.000000 0.000000 1.000000
36605 0.000000 0.000000 0.000000 1.000000
36606 0.000000 0.000000 0.000000 1.000000
36607 0.000000 0.000000 0.000000 1.000000
36608 0.000000 0.000000 0.000000 1.000000
36609 0.000000 0.000000 0.000000 1.000000
36616 0.000000 0.000000 0.000000 1.000000
36617 0.000000 0.000000 0.000000 1.000000
36618 0.000000 0.000000 0.000000 1.000000
36619 0.000000 0.000000 0.000000 1.000000
36626 0.000000 0.000000 0.000000 1.000000
36627 0.000000 0.000000 0.000000 1.000000
36628 0.000000 0.000000 0.000000 1.000000
36633 0.000000 0.000000 0.000000 1.000000
36634 0.000000 0.000000 0.000000 1.000000
36635 0.000000 0.000000 0.000000 1.000000
36639 0.000000 0.000000 0.000000 1.000000
36640 0.000000 0.000000 0.000000 1.000000
36647 0.000000 0.000000 0.000000 1.000000
36653 0.000000 0.000000 0.000000 1.000000
36654 0.000000 0.000000 0.000000 1.000000
36655 0.000000 0.000000 0.000000 1.000000
36656 0.000000 0.000000 0.000000 1.000000
36659 0.000000 0.000000 0.000000 1.000000
36660 0.000000 0.000000 0.000000 1.000000
36661 0.000000 0.000000 0.000000 1.000000
36662 0.000000 0.000000 0.000000 1.000000
36663 0.000000 0.000000 0.000000 1.000000
36664 0.000000 0.000000 0.000000 1.000000
36673 0.000000 0.000000 0.000000 1.000000
36674 0.000000 0.000000 0.000000 1.000000
36675 0.000000 0.000000 0.000000 1.000000
36676 0.000000 0.000000 0.000000 1.000000
36677 0.000000 0.000000 0.000000 1.000000
36678 0.000000 0.000000 0.000000 1.000000
36679 0.000000 0.000000 0.000000 1.000000
36680 0.000000 0.000000 0.000000 1.000000
36681 0.000000 0.000000 0.000000 1.000000
36682 0.000000 0.000000 0.000000 1.000000
36693 0.000000 0.000000 0.000000 1.000000
36694 0.000000 0.000000 0.000000 1.000000
36695 0.000000 0.000000 0.000000 1.000000
36696 0.000000 0.000000 0.000000 1.000000
36697 0.000000 0.000000 0.000000 1.000000
36698 0.000000 0.000000 0.000000 1.000000
36699 0.000000 0.000000 0.000000 1.000000
36700 0.000000 0.000000 0.000000 1.000000
36701 0.000000 0.000000 0.000000 1.000000
36706 0.000000 0.000000 0.000000 1.000000
36707 0.000000 0.000000 0.000000 1.000000
36708 0.000000 0.000000 0.000000 1.000000
36709 0.000000 0.000000 0.000000 1.000000
36710 0.000000 0.000000 0.000000 1.000000
36711 0.000000 0.000000 0.000000 1.000000
36712 0.000000 0.000000 0.000000 1.000000
36713 0.000000 0.000000 0.000000 1.000000
36721 0.000000 0.000000 0.000000 1.000000
36722 0.000000 0.000000 0.000000 1.000000
36723 0.000000 0.000000 0.000000 1.000000
36724 0.000000 0.000000 0.000000 1.000000
36725 0.000000 0.000000 0.000000 1.000000
36726 0.000000 0.000000 0.000000 1.000000
36727 0.000000 0.000000 0.000000 1.000000
36728 0.000000 0.000000 0.000000 1.000000
36738 0.000000 0.000000 0.000000 1.000000
36739 0.000000 0.000000 0.000000 1.000000
36740 0.000000 0.000000 0.000000 1.000000
36741 0.000000 0.000000 0.000000 1.000000
36742 0.000000 0.000000 0.000000 1.000000
36743 0.000000 0.000000 0.000000 1.000000
36744 0.000000 0.000000 0.000000 1.000000
36745 0.000000 0.000000 0.000000 1.000000
36753 0.000000 0.000000 0.000000 1.000000
36754 0.000000 0.000000 0.000000 1.000000
36755 0.000000 0.000000 0.000000 1.000000
36756 0.000000 0.000000 0.000000 1.000000
36757 0.000000 0.000000 0.000000 1.000000
36758 0.000000 0.000000 0.000000 1.000000
36759 0.000000 0.000000 0.000000 1.000000
36760 0.000000 0.000000 0.000000 1.000000
36767 0.000000 0.000000 0.000000 1.000000
36768 0.000000 0.000000 0.000000 1.000000
36769 0.000000 0.000000 0.000000 1.000000
36770 0.000000 0.000000 0.000000 1.000000
37479 0.000000 0.000000 0.000000 1.000000
37480 0.000000 0.000000 0.000000 1.000000
37497 0.000000 0.000000 0.000000 1.000000
37498 0.000000 0.000000 0.000000 1.000000
37499 0.000000 0.000000 0.000000 1.000000
37506 0.000000 0.000000 0.000000 1.000000
37507 0.000000 0.000000 0.000000 1.000000
37512 0.000000 0.000000 0.000000 1.000000
37513 0.000000 0.000000 0.000000 1.000000
37519 0.000000 0.000000 0.000000 1.000000
37520 0.000000 0.000000 0.000000 1.000000
37521 0.000000 0.000000 0.000000 1.000000
37526 0.000000 0.000000 0.000000 1.000000
37527 0.000000 0.000000 0.000000 1.000000
37528 0.000000 0.000000 0.000000 1.000000
37533 0.000000 0.000000 0.000000 1.000000
37534 0.000000 0.000000 0.000000 1.000000
37541 0.000000 0.000000 0.000000 1.000000
37542 0.000000 0.000000 0.000000 1.000000
37548 0.000000 0.000000 0.000000 1.000000
37549 0.000000 0.000000 0.000000 1.000000
37554 0.000000 0.000000 0.000000 1.000000
37555 0.000000 0.000000 0.000000 1.000000
37556 0.000000 0.000000 0.000000 1.000000
37557 0.000000 0.000000 0.000000 1.000000
37558 0.000000 0.000000 0.000000 1.000000
37569 0.000000 0.000000 0.000000 1.000000
37570 0.000000 0.000000 0.000000 1.000000
37571 0.000000 0.000000 0.000000 1.000000
37572 0.000000 0.000000 0.000000 1.000000
37573 0.000000 0.000000 0.000000 1.000000
37574 0.000000 0.000000 0.000000 1.000000
37575 0.000000 0.000000 0.000000 1.000000
37576 0.000000 0.000000 0.000000 1.000000
37584 0.000000 0.000000 0.000000 1.000000
37585 0.000000 0.000000 0.000000 1.000000
37586 0.000000 0.000000 0.000000 1.000000
37587 0.000000 0.000000 0.000000 1.000000
37588 0.000000 0.000000 0.000000 1.000000
37589 0.000000 0.000000 0.000000 1.000000
37590 0.000000 0.000000 0.000000 1.000000
37591 0.000000 0.000000 0.000000 1.000000
37592 0.000000 0.000000 0.000000 1.000000
37593 0.000000 0.000000 0.000000 1.000000
37594 0.000000 0.000000 0.000000 1.000000
37595 0.000000 0.000000 0.000000 1.000000
37596 0.000000 0.000000 0.000000 1.000000
37597 0.000000 0.000000 0.000000 1.000000
37603 0.000000 0.000000 0.000000 1.000000
37604 0.000000 0.000000 0.000000 1.000000
37605 0.000000 0.000000 0.000000 1.000000
37606 0.000000 0.000000 0.000000 1.000000
37607 0.000000 0.000000 0.000000 1.000000
37608 0.000000 0.000000 0.000000 1.000000
37609 0.000000 0.000000 0.000000 1.000000
37610 0.000000 0.000000 0.000000 1.000000
37611 0.000000 0.000000 0.000000 1.000000
37620 0.000000 0.000000 0.000000 1.000000
37621 0.000000 0.000000 0.000000 1.000000
37622 0.000000 0.000000 0.000000 1.000000
37623 0.000000 0.000000 0.000000 1.000000
37624 0.000000 0.000000 0.000000 1.000000
37625 0.000000 0.000000 0.000000 1.000000
37626 0.000000 0.000000 0.000000 1.000000
37638 0.000000 0.000000 0.000000 1.000000
37639 0.000000 0.000000 0.000000 1.000000
37640 0.000000 0.000000 0.000000 1.000000
37641 0.000000 0.000000 0.000000 1.000000
37642 0.000000 0.000000 0.000000 1.000000
37643 0.000000 0.000000 0.000000 1.000000
37644 0.000000 0.000000 0.000000 1.000000
37653 0.000000 0.000000 0.000000 1.000000
37654 0.000000 0.000000 0.000000 1.000000
37655 0.000000 0.000000 0.000000 1.000000
37656 0.000000 0.000000 0.000000 1.000000
38439 0.000000 0.000000 0.000000 1.000000
38440 0.000000 0.000000 0.000000 1.000000
38455 0.000000 0.000000 0.000000 1.000000
38463 0.000000 0.000000 0.000000 1.000000
38464 0.000000 0.000000 0.000000 1.000000
38470 0.000000 0.000000 0.000000 1.000000
38471 0.000000 0.000000 0.000000 1.000000
38476 0.000000 0.000000 0.000000 1.000000
38477 0.000000 0.000000 0.000000 1.000000
38478 0.000000 0.000000 0.000000 1.000000
38483 0.000000 0.000000 0.000000 1.000000
38484 0.000000 0.000000 0.000000 1.000000
38485 0.000000 0.000000 0.000000 1.000000
38490 0.000000 0.000000 0.000000 1.000000
38491 0.000000 0.000000 0.000000 1.000000
38497 0.000000 0.000000 0.000000 1.000000
38501 0.000000 0.000000 0.000000 1.000000
38502 0.000000 0.000000 0.000000 1.000000
38503 0.000000 0.000000 0.000000 1.000000
38511 0.000000 0.000000 0.000000 1.000000
38512 0.000000 0.000000 0.000000 1.000000
38513 0.000000 0.000000 0.000000 1.000000
38514 0.000000 0.000000 0.000000 1.000000
38515 0.000000 0.000000 0.000000 1.000000
38526 0.000000 0.000000 0.000000 1.000000
38527 0.000000 0.000000 0.000000 1.000000
38528 0.000000 0.000000 0.000000 1.000000
38529 0.000000 0.000000 0.000000 1.000000
38530 0.000000 0.000000 0.000000 1.000000
38531 0.000000 0.000000 0.000000 1.000000
38532 0.000000 0.000000 0.000000 1.000000
38533 0.000000 0.000000 0.000000 1.000000
38534 0.000000 0.000000 0.000000 1.000000
38535 0.000000 0.000000 0.000000 1.000000
38536 0.000000 0.000000 0.000000 1.000000
38537 0.000000 0.000000 0.000000 1.000000
38538 0.000000 0.000000 0.000000 1.000000
38545 0.000000 0.000000 0.000000 1.000000
38546 0.000000 0.000000 0.000000 1.000000
38547 0.000000 0.000000 0.000000 1.000000
38548 0.000000 0.000000 0.000000 1.000000
38549 0.000000 0.000000 0.000000 1.000000
38550 0.000000 0.000000 0.000000 1.000000
38551 0.000000 0.000000 0.000000 1.000000
38552 0.000000 0.000000 0.000000 1.000000
38553 0.000000 0.000000 0.000000 1.000000
38554 0.000000 0.000000 0.000000 1.000000
38555 0.000000 0.000000 0.000000 1.000000
38556 0.000000 0.000000 0.000000 1.000000
38560 0.000000 0.000000 0.000000 1.000000
38561 0.000000 0.000000 0.000000 1.000000
38562 0.000000 0.000000 0.000000 1.000000
38563 0.000000 0.000000 0.000000 1.000000
38564 0.000000 0.000000 0.000000 1.000000
38565 0.000000 0.000000 0.000000 1.000000
38566 0.000000 0.000000 0.000000 1.000000
38567 0.000000 0.000000 0.000000 1.000000
38568 0.000000 0.000000 0.000000 1.000000
38577 0.000000 0.000000 0.000000 1.000000
38578 0.000000 0.000000 0.000000 1.000000
38579 0.000000 0.000000 0.000000 1.000000
38580 0.000000 0.000000 0.000000 1.000000
38581 0.000000 0.000000 0.000000 1.000000
38582 0.000000 0.000000 0.000000 1.000000
38583 0.000000 0.000000 0.000000 1.000000
38593 0.000000 0.000000 0.000000 1.000000
38594 0.000000 0.000000 0.000000 1.000000
38595 0.000000 0.000000 0.000000 1.000000
38596 0.000000 0.000000 0.000000 1.000000
38597 0.000000 0.000000 0.000000 1.000000
38598 0.000000 0.000000 0.000000 1.000000
38599 0.000000 0.000000 0.000000 1.000000
38610 0.000000 0.000000 0.000000 1.000000
38611 0.000000 0.000000 0.000000 1.000000
39417 0.000000 0.000000 0.000000 1.000000
39428 0.000000 0.000000 0.000000 1.000000
39438 0.000000 0.000000 0.000000 1.000000
39439 0.000000 0.000000 0.000000 1.000000
39448 0.000000 0.000000 0.000000 1.000000
39449 0.000000 0.000000 0.000000 1.000000
39450 0.000000 0.000000 0.000000 1.000000
39451 0.000000 0.000000 0.000000 1.000000
39457 0.000000 0.000000 0.000000 1.000000
39458 0.000000 0.000000 0.000000 1.000000
39464 0.000000 0.000000 0.000000 1.000000
39465 0.000000 0.000000 0.000000 1.000000
39470 0.000000 0.000000 0.000000 1.000000
39471 0.000000 0.000000 0.000000 1.000000
39474 0.000000 0.000000 0.000000 1.000000
39475 0.000000 0.000000 0.000000 1.000000
39486 0.000000 0.000000 0.000000 1.000000
39487 0.000000 0.000000 0.000000 1.000000
39488 0.000000 0.000000 0.000000 1.000000
39489 0.000000 0.000000 0.000000 1.000000
39490 0.000000 0.000000 0.000000 1.000000
39491 0.000000 0.000000 0.000000 1.000000
39492 0.000000 0.000000 0.000000 1.000000
39493 0.000000 0.000000 0.000000 1.000000
39494 0.000000 0.000000 0.000000 1.000000
39495 0.000000 0.000000 0.000000 1.000000
39501 0.000000 0.000000 0.000000 1.000000
39502 0.000000 0.000000 0.000000 1.000000
39503 0.000000 0.000000 0.000000 1.000000
39504 0.000000 0.000000 0.000000 1.000000
39505 0.000000 0.000000 0.000000 1.000000
39506 0.000000 0.000000 0.000000 1.000000
39507 0.000000 0.000000 0.000000 1.000000
39508 0.000000 0.000000 0.000000 1.000000
39509 0.000000 0.000000 0.000000 1.000000
39510 0.000000 0.000000 0.000000 1.000000
39511 0.000000 0.000000 0.000000 1.000000
39512 0.000000 0.000000 0.000000 1.000000
39513 0.000000 0.000000 0.000000 1.000000
39517 0.000000 0.000000 0.000000 1.000000
39518 0.000000 0.000000 0.000000 1.000000
39519 0.000000 0.000000 0.000000 1.000000
39520 0.000000 0.000000 0.000000 1.000000
39521 0.000000 0.000000 0.000000 1.000000
39522 0.000000 0.000000 0.000000 1.000000
39523 0.000000 0.000000 0.000000 1.000000
39526 0.000000 0.000000 0.000000 1.000000
39527 0.000000 0.000000 0.000000 1.000000
39528 0.000000 0.000000 0.000000 1.000000
39529 0.000000 0.000000 0.000000 1.000000
39530 0.000000 0.000000 0.000000 1.000000
39531 0.000000 0.000000 0.000000 1.000000
39539 0.000000 0.000000 0.000000 1.000000
39540 0.000000 0.000000 0.000000 1.000000
39541 0.000000 0.000000 0.000000 1.000000
39542 0.000000 0.000000 0.000000 1.000000
39543 0.000000 0.000000 0.000000 1.000000
39544 0.000000 0.000000 0.000000 1.000000
39545 0.000000 0.000000 0.000000 1.000000
39556 0.000000 0.000000 0.000000 1.000000
39557 0.000000 0.000000 0.000000 1.000000
39558 0.000000 0.000000 0.000000 1.000000
40431 0.000000 0.000000 0.000000 1.000000
40432 0.000000 0.000000 0.000000 1.000000
40441 0.000000 0.000000 0.000000 1.000000
40442 0.000000 0.000000 0.000000 1.000000
40447 0.000000 0.000000 0.000000 1.000000
40448 0.000000 0.000000 0.000000 1.000000
40453 0.000000 0.000000 0.000000 1.000000
40454 0.000000 0.000000 0.000000 1.000000
40457 0.000000 0.000000 0.000000 1.000000
40458 0.000000 0.000000 0.000000 1.000000
40468 0.000000 0.000000 0.000000 1.000000
40469 0.000000 0.000000 0.000000 1.000000
40470 0.000000 0.000000 0.000000 1.000000
40471 0.000000 0.000000 0.000000 1.000000
40472 0.000000 0.000000 0.000000 1.000000
40473 0.000000 0.000000 0.000000 1.000000
40479 0.000000 0.000000 0.000000 1.000000
40480 0.000000 0.000000 0.000000 1.000000
40481 0.000000 0.000000 0.000000 1.000000
40482 0.000000 0.000000 0.000000 1.000000
40483 0.000000 0.000000 0.000000 1.000000
40484 0.000000 0.000000 0.000000 1.000000
40485 0.000000 0.000000 0.000000 1.000000
40486 0.000000 0.000000 0.000000 1.000000
40487 0.000000 0.000000 0.000000 1.000000
40488 0.000000 0.000000 0.000000 1.000000
40489 0.000000 0.000000 0.000000 1.000000
40490 0.000000 0.000000 0.000000 1.000000
40491 0.000000 0.000000 0.000000 1.000000
40492 0.000000 0.000000 0.000000 1.000000
40493 0.000000 0.000000 0.000000 1.000000
40497 0.000000 0.000000 0.000000 1.000000
40498 0.000000 0.000000 0.000000 1.000000
40499 0.000000 0.000000 0.000000 1.000000
40500 0.000000 0.000000 0.000000 1.000000
40501 0.000000 0.000000 0.000000 1.000000
40502 0.000000 0.000000 0.000000 1.000000
40503 0.000000 0.000000 0.000000 1.000000
40504 0.000000 0.000000 0.000000 1.000000
40508 0.000000 0.000000 0.000000 1.000000
40509 0.000000 0.000000 0.000000 1.000000
40510 0.000000 0.000000 0.000000 1.000000
40518 0.000000 0.000000 0.000000 1.000000
40519 0.000000 0.000000 0.000000 1.000000
40520 0.000000 0.000000 0.000000 1.000000
40521 0.000000 0.000000 0.000000 1.000000
40532 0.000000 0.000000 0.000000 1.000000
40533 0.000000 0.000000 0.000000 1.000000
40534 0.000000 0.000000 0.000000 1.000000
40535 0.000000 0.000000 0.000000 1.000000
40536 0.000000 0.000000 0.000000 1.000000
41384 0.000000 0.000000 0.000000 1.000000
41393 0.000000 0.000000 0.000000 1.000000
41394 0.000000 0.000000 0.000000 1.000000
41399 0.000000 0.000000 0.000000 1.000000
41400 0.000000 0.000000 0.000000 1.000000
41401 0.000000 0.000000 0.000000 1.000000
41405 0.000000 0.000000 0.000000 1.000000
41406 0.000000 0.000000 0.000000 1.000000
41415 0.000000 0.000000 0.000000 1.000000
41416 0.000000 0.000000 0.000000 1.000000
41417 0.000000 0.000000 0.000000 1.000000
41418 0.000000 0.000000 0.000000 1.000000
41419 0.000000 0.000000 0.000000 1.000000
41427 0.000000 0.000000 0.000000 1.000000
41428 0.000000 0.000000 0.000000 1.000000
41429 0.000000 0.000000 0.000000 1.000000
41430 0.000000 0.000000 0.000000 1.000000
41431 0.000000 0.000000 0.000000 1.000000
41432 0.000000 0.000000 0.000000 1.000000
41433 0.000000 0.000000 0.000000 1.000000
41434 0.000000 0.000000 0.000000 1.000000
41435 0.000000 0.000000 0.000000 1.000000
41436 0.000000 0.000000 0.000000 1.000000
41437 0.000000 0.000000 0.000000 1.000000
41438 0.000000 0.000000 0.000000 1.000000
41439 0.000000 0.000000 0.000000 1.000000
41443 0.000000 0.000000 0.000000 1.000000
41444 0.000000 0.000000 0.000000 1.000000
41445 0.000000 0.000000 0.000000 1.000000
41446 0.000000 0.000000 0.000000 1.000000
41447 0.000000 0.000000 0.000000 1.000000
41448 0.000000 0.000000 0.000000 1.000000
41449 0.000000 0.000000 0.000000 1.000000
41450 0.000000 0.000000 0.000000 1.000000
41451 0.000000 0.000000 0.000000 1.000000
41452 0.000000 0.000000 0.000000 1.000000
41457 0.000000 0.000000 0.000000 1.000000
41458 0.000000 0.000000 0.000000 1.000000
41459 0.000000 0.000000 0.000000 1.000000
41460 0.000000 0.000000 0.000000 1.000000
41461 0.000000 0.000000 0.000000 1.000000
41466 0.000000 0.000000 0.000000 1.000000
41467 0.000000 0.000000 0.000000 1.000000
41468 0.000000 0.000000 0.000000 1.000000
41469 0.000000 0.000000 0.000000 1.000000
41479 0.000000 0.000000 0.000000 1.000000
41480 0.000000 0.000000 0.000000 1.000000
41481 0.000000 0.000000 0.000000 1.000000
41482 0.000000 0.000000 0.000000 1.000000
41483 0.000000 0.000000 0.000000 1.000000
42342 0.000000 0.000000 0.000000 1.000000
42353 0.000000 0.000000 0.000000 1.000000
42354 0.000000 0.000000 0.000000 1.000000
42355 0.000000 0.000000 0.000000 1.000000
42360 0.000000 0.000000 0.000000 1.000000
42361 0.000000 0.000000 0.000000 1.000000
42368 0.000000 0.000000 0.000000 1.000000
42369 0.000000 0.000000 0.000000 1.000000
42378 0.000000 0.000000 0.000000 1.000000
42379 0.000000 0.000000 0.000000 1.000000
42380 0.000000 0.000000 0.000000 1.000000
42381 0.000000 0.000000 0.000000 1.000000
42382 0.000000 0.000000 0.000000 1.000000
42383 0.000000 0.000000 0.000000 1.000000
42384 0.000000 0.000000 0.000000 1.000000
42385 0.000000 0.000000 0.000000 1.000000
42386 0.000000 0.000000 0.000000 1.000000
42387 0.000000 0.000000 0.000000 1.000000
42388 0.000000 0.000000 0.000000 1.000000
42389 0.000000 0.000000 0.000000 1.000000
42392 0.000000 0.000000 0.000000 1.000000
42393 0.000000 0.000000 0.000000 1.000000
42394 0.000000 0.000000 0.000000 1.000000
42395 0.000000 0.000000 0.000000 1.000000
42396 0.000000 0.000000 0.000000 1.000000
42397 0.000000 0.000000 0.000000 1.000000
42398 0.000000 0.000000 0.000000 1.000000
42399 0.000000 0.000000 0.000000 1.000000
42400 0.000000 0.000000 0.000000 1.000000
42401 0.000000 0.000000 0.000000 1.000000
42405 0.000000 0.000000 0.000000 1.000000
42406 0.000000 0.000000 0.000000 1.000000
42407 0.000000 0.000000 0.000000 1.000000
42410 0.000000 0.000000 0.000000 1.000000
42411 0.000000 0.000000 0.000000 1.000000
42412 0.000000 0.000000 0.000000 1.000000
42417 0.000000 0.000000 0.000000 1.000000
42418 0.000000 0.000000 0.000000 1.000000
42419 0.000000 0.000000 0.000000 1.000000
42420 0.000000 0.000000 0.000000 1.000000
42430 0.000000 0.000000 0.000000 1.000000
42431 0.000000 0.000000 0.000000 1.000000
43409 0.000000 0.000000 0.000000 1.000000
43410 0.000000 0.000000 0.000000 1.000000
43420 0.000000 0.000000 0.000000 1.000000
43421 0.000000 0.000000 0.000000 1.000000
43422 0.000000 0.000000 0.000000 1.000000
43425 0.000000 0.000000 0.000000 1.000000
43426 0.000000 0.000000 0.000000 1.000000
43434 0.000000 0.000000 0.000000 1.000000
43435 0.000000 0.000000 0.000000 1.000000
43436 0.000000 0.000000 0.000000 1.000000
43437 0.000000 0.000000 0.000000 1.000000
43438 0.000000 0.000000 0.000000 1.000000
43439 0.000000 0.000000 0.000000 1.000000
43440 0.000000 0.000000 0.000000 1.000000
43441 0.000000 0.000000 0.000000 1.000000
43442 0.000000 0.000000 0.000000 1.000000
43443 0.000000 0.000000 0.000000 1.000000
43444 0.000000 0.000000 0.000000 1.000000
43448 0.000000 0.000000 0.000000 1.000000
43449 0.000000 0.000000 0.000000 1.000000
43450 0.000000 0.000000 0.000000 1.000000
43451 0.000000 0.000000 0.000000 1.000000
43452 0.000000 0.000000 0.000000 1.000000
43453 0.000000 0.000000 0.000000 1.000000
43454 0.000000 0.000000 0.000000 1.000000
43455 0.000000 0.000000 0.000000 1.000000
43456 0.000000 0.000000 0.000000 1.000000
43457 0.000000 0.000000 0.000000 1.000000
43458 0.000000 0.000000 0.000000 1.000000
43459 0.000000 0.000000 0.000000 1.000000
43460 0.000000 0.000000 0.000000 1.000000
43461 0.000000 0.000000 0.000000 1.000000
43466 0.000000 0.000000 0.000000 1.000000
43467 0.000000 0.000000 0.000000 1.000000
43468 0.000000 0.000000 0.000000 1.000000
43473 0.000000 0.000000 0.000000 1.000000
43474 0.000000 0.000000 0.000000 1.000000
43475 0.000000 0.000000 0.000000 1.000000
43480 0.000000 0.000000 0.000000 1.000000
43481 0.000000 0.000000 0.000000 1.000000
43482 0.000000 0.000000 0.000000 1.000000
43483 0.000000 0.000000 0.000000 1.000000
43492 0.000000 0.000000 0.000000 1.000000
43493 0.000000 0.000000 0.000000 1.000000
44443 0.000000 0.000000 0.000000 1.000000
44444 0.000000 0.000000 0.000000 1.000000
44445 0.000000 0.000000 0.000000 1.000000
44452 0.000000 0.000000 0.000000 1.000000
44453 0.000000 0.000000 0.000000 1.000000
44454 0.000000 0.000000 0.000000 1.000000
44464 0.000000 0.000000 0.000000 1.000000
44465 0.000000 0.000000 0.000000 1.000000
44466 0.000000 0.000000 0.000000 1.000000
44467 0.000000 0.000000 0.000000 1.000000
44468 0.000000 0.000000 0.000000 1.000000
44469 0.000000 0.000000 0.000000 1.000000
44470 0.000000 0.000000 0.000000 1.000000
44471 0.000000 0.000000 0.000000 1.000000
44475 0.000000 0.000000 0.000000 1.000000
44476 0.000000 0.000000 0.000000 1.000000
44477 0.000000 0.000000 0.000000 1.000000
44478 0.000000 0.000000 0.000000 1.000000
44479 0.000000 0.000000 0.000000 1.000000
44480 0.000000 0.000000 0.000000 1.000000
44481 0.000000 0.000000 0.000000 1.000000
44482 0.000000 0.000000 0.000000 1.000000
44483 0.000000 0.000000 0.000000 1.000000
44484 0.000000 0.000000 0.000000 1.000000
44485 0.000000 0.000000 0.000000 1.000000
44486 0.000000 0.000000 0.000000 1.000000
44487 0.000000 0.000000 0.000000 1.000000
44493 0.000000 0.000000 0.000000 1.000000
44494 0.000000 0.000000 0.000000 1.000000
44500 0.000000 0.000000 0.000000 1.000000
44501 0.000000 0.000000 0.000000 1.000000
44502 0.000000 0.000000 0.000000 1.000000
44506 0.000000 0.000000 0.000000 1.000000
45566 0.000000 0.000000 0.000000 1.000000
45572 0.000000 0.000000 0.000000 1.000000
45573 0.000000 0.000000 0.000000 1.000000
45574 0.000000 0.000000 0.000000 1.000000
45575 0.000000 0.000000 0.000000 1.000000
45576 0.000000 0.000000 0.000000 1.000000
45577 0.000000 0.000000 0.000000 1.000000
45578 0.000000 0.000000 0.000000 1.000000
45583 0.000000 0.000000 0.000000 1.000000
45588 0.000000 0.000000 0.000000 1.000000
45589 0.000000 0.000000 0.000000 1.000000
45590 0.000000 0.000000 0.000000 1.000000
45591 0.000000 0.000000 0.000000 1.000000
45598 0.000000 0.000000 0.000000 1.000000
133556 0.000000 0.000000 0.000000 1.000000
133557 0.000000 0.000000 0.000000 1.000000
133558 0.000000 0.000000 0.000000 1.000000
133559 0.000000 0.000000 0.000000 1.000000
133560 0.000000 0.000000 0.000000 1.000000
133561 0.000000 0.000000 0.000000 1.000000
133562 0.000000 0.000000 0.000000 1.000000
133563 0.000000 0.000000 0.000000 1.000000
133564 0.000000 0.000000 0.000000 1.000000
133565 0.000000 0.000000 0.000000 1.000000
133566 0.000000 0.000000 0.000000 1.000000
133567 0.000000 0.000000 0.000000 1.000000
133568 0.000000 0.000000 0.000000 1.000000
133569 0.000000 0.000000 0.000000 1.000000
133570 0.000000 0.000000 0.000000 1.000000
133571 0.000000 0.000000 0.000000 1.000000
133572 0.000000 0.000000 0.000000 1.000000
133573 0.000000 0.000000 0.000000 1.000000
133574 0.000000 0.000000 0.000000 1.000000
133575 0.000000 0.000000 0.000000 1.000000
133576 0.000000 0.000000 0.000000 1.000000
133577 0.000000 0.000000 0.000000 1.000000
133578 0.000000 0.000000 0.000000 1.000000
133579 0.000000 0.000000 0.000000 1.000000
133580 0.000000 0.000000 0.000000 1.000000
133581 0.000000 0.000000 0.000000 1.000000
133582 0.000000 0.000000 0.000000 1.000000
133583 0.000000 0.000000 0.000000 1.000000
133584 0.000000 0.000000 0.000000 1.000000
133585 0.000000 0.000000 0.000000 1.000000
133586 0.000000 0.000000 0.000000 1.000000
133587 0.000000 0.000000 0.000000 1.000000
133588 0.000000 0.000000 0.000000 1.000000
133589 0.000000 0.000000 0.000000 1.000000
133590 0.000000 0.000000 0.000000 1.000000
133591 0.000000 0.000000 0.000000 1.000000
133592 0.000000 0.000000 0.000000 1.000000
133593 0.000000 0.000000 0.000000 1.000000
133594 0.000000 0.000000 0.000000 1.000000
133595 0.000000 0.000000 0.000000 1.000000
133596 0.000000 0.000000 0.000000 1.000000
